GCF_000163235.1_ASM16323v1_genomic.fna,GCF_000164555.1_ASM16455v1_genomic.fna,GCF_000208545.1_ASM20854v2_genomic.fna,GCF_000233875.1_ASM23387v1_genomic.fna,GCF_000249735.1_ASM24973v2_genomic.fna,GCF_000261145.1_Esch_coli_M919_V2_genomic.fna,GCF_000267705.2_ASM26770v2_genomic.fna,GCF_000350665.1_Esch_coli_KTE5_V1_genomic.fna,GCF_000351625.1_Esch_coli_KTE66_V1_genomic.fna,GCF_000352285.1_Esch_coli_KTE46_V1_genomic.fna,GCF_000358895.1_ASM35889v1_genomic.fna,GCF_000456385.1_Esch_coli_HVH_26_4-5703913_V1_genomic.fna,GCF_000458195.1_Esch_coli_HVH_147_4-5893887_V1_genomic.fna,GCF_000459755.1_Esch_coli_KOEGE_58_171a_V1_genomic.fna,GCF_000460055.1_Esch_coli_UMEA_3053-1_V1_genomic.fna,GCF_000462165.2_ASM46216v2_genomic.fna,GCF_000601135.1_ASM60113v1_genomic.fna,GCF_000614595.1_Ec2010EL1058_genomic.fna,GCF_000617745.1_Ec2010C-4529_genomic.fna,GCF_000618265.2_EcF6751_genomic.fna,GCF_000619005.2_Ec2009C-4052_genomic.fna,GCF_000619105.1_Ec2009C-4780_genomic.fna,GCF_000619765.2_Ec2009C-3279_genomic.fna,GCF_000687005.1_ASM68700v1_genomic.fna,GCF_000687025.1_ASM68702v1_genomic.fna,GCF_000700125.1_ASM70012v1_genomic.fna,GCF_000753315.1_FHI35_genomic.fna,GCF_000776375.1_ASM77637v1_genomic.fna,GCF_000779395.1_ASM77939v1_genomic.fna,GCF_000780315.1_ASM78031v1_genomic.fna,GCF_000781995.1_ASM78199v1_genomic.fna,GCF_000986765.1_ASM98676v1_genomic.fna,GCF_001041375.1_ViralProj287958_genomic.fna,GCF_001265335.1_302014_genomic.fna,GCF_001265625.1_100854_genomic.fna,GCF_001267345.1_303289_genomic.fna,GCF_001309985.1_ASM130998v1_genomic.fna,GCF_001521695.1_ASM152169v1_genomic.fna,GCF_001592595.1_ASM159259v1_genomic.fna,GCF_001614975.1_ASM161497v1_genomic.fna,GCF_001692775.1_ASM169277v1_genomic.fna,GCF_001748915.1_ASM174891v1_genomic.fna,GCF_001749235.1_ASM174923v1_genomic.fna,GCF_001881155.1_ASM188115v1_genomic.fna,GCF_001881345.1_ASM188134v1_genomic.fna,GCF_001892405.1_ASM189240v1_genomic.fna,GCF_001892585.1_ASM189258v1_genomic.fna,GCF_001893985.1_ASM189398v1_genomic.fna,GCF_002001595.1_ASM200159v1_genomic.fna,GCF_002002145.1_ASM200214v1_genomic.fna
1.0,0.915,0.889,0.886,0.905,0.916,0.901,0.891,0.925,0.878,0.877,0.901,0.902,0.886,0.893,0.909,0.912,0.902,0.902,0.901,0.891,0.911,0.907,0.909,0.904,0.907,0.905,0.89,0.908,0.918,0.889,0.904,0.032,0.904,0.887,0.885,0.899,0.911,0.891,0.899,0.89,0.903,0.907,0.882,0.89,0.894,0.903,0.903,0.881,0.902
0.915,1.0,0.895,0.879,0.912,0.946,0.911,0.9,0.905,0.87,0.881,0.889,0.908,0.876,0.888,0.912,0.918,0.917,0.915,0.912,0.916,0.916,0.922,0.934,0.936,0.924,0.914,0.89,0.912,0.904,0.895,0.921,0.033,0.914,0.905,0.877,0.912,0.923,0.883,0.904,0.886,0.92,0.91,0.897,0.898,0.899,0.922,0.923,0.877,0.911
0.889,0.895,1.0,0.875,0.887,0.894,0.885,0.89,0.891,0.865,0.857,0.88,0.887,0.877,0.885,0.893,0.884,0.891,0.883,0.887,0.878,0.89,0.895,0.877,0.883,0.884,0.886,0.881,0.893,0.894,0.89,0.895,0.033,0.885,0.852,0.873,0.886,0.897,0.883,0.879,0.885,0.878,0.884,0.882,0.88,0.871,0.878,0.879,0.876,0.895
0.886,0.879,0.875,1.0,0.899,0.882,0.868,0.913,0.886,0.922,0.883,0.934,0.891,0.95,0.942,0.877,0.898,0.884,0.888,0.869,0.869,0.89,0.891,0.883,0.886,0.881,0.882,0.936,0.884,0.896,0.918,0.885,0.033,0.889,0.87,0.918,0.868,0.885,0.916,0.895,0.933,0.875,0.887,0.923,0.928,0.874,0.892,0.892,0.913,0.889
0.905,0.912,0.887,0.899,1.0,0.915,0.894,0.891,0.909,0.888,0.927,0.893,0.938,0.898,0.889,0.901,0.929,0.917,0.918,0.895,0.916,0.924,0.921,0.915,0.915,0.922,0.933,0.892,0.901,0.917,0.89,0.931,0.033,0.928,0.895,0.897,0.894,0.927,0.891,0.933,0.893,0.91,0.929,0.882,0.885,0.873,0.928,0.928,0.892,0.898
0.916,0.946,0.894,0.882,0.915,1.0,0.913,0.893,0.906,0.877,0.889,0.891,0.915,0.883,0.89,0.92,0.925,0.924,0.918,0.912,0.915,0.923,0.926,0.938,0.943,0.933,0.915,0.892,0.909,0.908,0.893,0.926,0.032,0.925,0.913,0.887,0.913,0.925,0.894,0.914,0.893,0.921,0.92,0.886,0.891,0.889,0.931,0.932,0.881,0.909
0.901,0.911,0.885,0.868,0.894,0.913,1.0,0.883,0.897,0.864,0.871,0.874,0.891,0.869,0.878,0.983,0.896,0.918,0.905,0.994,0.922,0.911,0.912,0.896,0.897,0.894,0.901,0.876,0.9,0.901,0.88,0.914,0.034,0.909,0.869,0.876,0.995,0.913,0.882,0.896,0.876,0.898,0.91,0.881,0.883,0.884,0.889,0.89,0.875,0.905
0.891,0.9,0.89,0.913,0.891,0.893,0.883,1.0,0.901,0.917,0.862,0.926,0.884,0.915,0.924,0.888,0.886,0.893,0.9,0.885,0.889,0.892,0.895,0.875,0.887,0.878,0.89,0.967,0.908,0.895,0.931,0.902,0.034,0.893,0.86,0.909,0.885,0.902,0.918,0.887,0.925,0.886,0.893,0.964,0.964,0.894,0.882,0.883,0.922,0.906
0.925,0.905,0.891,0.886,0.909,0.906,0.897,0.901,1.0,0.881,0.888,0.894,0.902,0.888,0.898,0.906,0.91,0.902,0.897,0.898,0.892,0.914,0.914,0.902,0.902,0.904,0.909,0.894,0.902,0.923,0.893,0.906,0.032,0.912,0.875,0.89,0.898,0.909,0.897,0.901,0.896,0.902,0.909,0.885,0.889,0.893,0.903,0.903,0.888,0.906
0.878,0.87,0.865,0.922,0.888,0.877,0.864,0.917,0.881,1.0,0.883,0.916,0.899,0.929,0.914,0.873,0.886,0.87,0.879,0.866,0.867,0.87,0.872,0.883,0.879,0.877,0.882,0.92,0.881,0.885,0.919,0.881,0.032,0.882,0.871,0.909,0.865,0.882,0.913,0.9,0.934,0.868,0.876,0.908,0.914,0.87,0.884,0.883,0.917,0.879
0.877,0.881,0.857,0.883,0.927,0.889,0.871,0.862,0.888,0.883,1.0,0.872,0.935,0.881,0.867,0.879,0.905,0.896,0.895,0.869,0.888,0.902,0.896,0.902,0.886,0.888,0.906,0.865,0.871,0.889,0.861,0.901,0.032,0.904,0.915,0.875,0.869,0.899,0.86,0.922,0.863,0.88,0.903,0.854,0.858,0.849,0.893,0.894,0.863,0.875
0.901,0.889,0.88,0.934,0.893,0.891,0.874,0.926,0.894,0.916,0.872,1.0,0.885,0.93,0.958,0.883,0.89,0.884,0.892,0.876,0.882,0.895,0.891,0.876,0.889,0.88,0.89,0.938,0.894,0.897,0.919,0.896,0.034,0.891,0.861,0.909,0.875,0.888,0.925,0.888,0.927,0.879,0.897,0.926,0.933,0.881,0.886,0.887,0.916,0.894
0.902,0.908,0.887,0.891,0.938,0.915,0.891,0.884,0.902,0.899,0.935,0.885,1.0,0.894,0.885,0.902,0.925,0.915,0.92,0.89,0.911,0.931,0.927,0.925,0.912,0.912,0.934,0.887,0.892,0.907,0.88,0.927,0.032,0.933,0.915,0.889,0.89,0.926,0.886,0.954,0.884,0.906,0.925,0.876,0.88,0.863,0.926,0.927,0.882,0.889
0.886,0.876,0.877,0.95,0.898,0.883,0.869,0.915,0.888,0.929,0.881,0.93,0.894,1.0,0.936,0.879,0.898,0.874,0.877,0.871,0.866,0.892,0.889,0.885,0.888,0.881,0.887,0.933,0.889,0.895,0.918,0.887,0.033,0.889,0.865,0.918,0.87,0.885,0.92,0.896,0.937,0.877,0.886,0.923,0.929,0.882,0.888,0.888,0.919,0.895
0.893,0.888,0.885,0.942,0.889,0.89,0.878,0.924,0.898,0.914,0.867,0.958,0.885,0.936,1.0,0.886,0.89,0.885,0.894,0.881,0.881,0.891,0.896,0.871,0.881,0.88,0.888,0.934,0.894,0.895,0.926,0.893,0.034,0.888,0.859,0.913,0.88,0.897,0.933,0.884,0.929,0.885,0.899,0.927,0.93,0.884,0.881,0.882,0.919,0.901
0.909,0.912,0.893,0.877,0.901,0.92,0.983,0.888,0.906,0.873,0.879,0.883,0.902,0.879,0.886,1.0,0.906,0.917,0.912,0.982,0.913,0.92,0.923,0.898,0.903,0.902,0.908,0.883,0.903,0.911,0.888,0.912,0.034,0.92,0.876,0.883,0.982,0.917,0.887,0.906,0.884,0.906,0.916,0.878,0.886,0.884,0.898,0.899,0.882,0.906
0.912,0.918,0.884,0.898,0.929,0.925,0.896,0.886,0.91,0.886,0.905,0.89,0.925,0.898,0.89,0.906,1.0,0.906,0.91,0.895,0.902,0.923,0.923,0.93,0.924,0.932,0.919,0.888,0.902,0.914,0.889,0.918,0.033,0.927,0.912,0.899,0.895,0.911,0.891,0.928,0.891,0.914,0.914,0.88,0.885,0.88,0.935,0.936,0.885,0.9
0.902,0.917,0.891,0.884,0.917,0.924,0.918,0.893,0.902,0.87,0.896,0.884,0.915,0.874,0.885,0.917,0.906,1.0,0.94,0.915,0.927,0.937,0.936,0.912,0.903,0.899,0.926,0.888,0.902,0.895,0.885,0.936,0.033,0.929,0.883,0.876,0.915,0.926,0.893,0.92,0.878,0.912,0.92,0.887,0.892,0.878,0.903,0.904,0.879,0.903
0.902,0.915,0.883,0.888,0.918,0.918,0.905,0.9,0.897,0.879,0.895,0.892,0.92,0.877,0.894,0.912,0.91,0.94,1.0,0.903,0.927,0.94,0.938,0.905,0.902,0.904,0.925,0.895,0.895,0.893,0.892,0.927,0.033,0.929,0.887,0.886,0.903,0.93,0.89,0.924,0.889,0.917,0.929,0.887,0.895,0.874,0.912,0.913,0.881,0.899
0.901,0.912,0.887,0.869,0.895,0.912,0.994,0.885,0.898,0.866,0.869,0.876,0.89,0.871,0.881,0.982,0.895,0.915,0.903,1.0,0.922,0.91,0.912,0.896,0.899,0.893,0.902,0.878,0.9,0.903,0.883,0.911,0.034,0.909,0.868,0.876,0.998,0.913,0.883,0.895,0.88,0.898,0.911,0.883,0.885,0.886,0.889,0.89,0.875,0.904
0.891,0.916,0.878,0.869,0.916,0.915,0.922,0.889,0.892,0.867,0.888,0.882,0.911,0.866,0.881,0.913,0.902,0.927,0.927,0.922,1.0,0.928,0.934,0.901,0.898,0.902,0.922,0.882,0.892,0.888,0.885,0.935,0.033,0.929,0.878,0.874,0.921,0.93,0.883,0.917,0.878,0.906,0.929,0.887,0.884,0.884,0.907,0.908,0.869,0.901
0.911,0.916,0.89,0.89,0.924,0.923,0.911,0.892,0.914,0.87,0.902,0.895,0.931,0.892,0.891,0.92,0.923,0.937,0.94,0.91,0.928,1.0,0.976,0.912,0.919,0.911,0.942,0.894,0.903,0.904,0.89,0.93,0.033,0.959,0.892,0.883,0.908,0.941,0.895,0.934,0.889,0.916,0.936,0.884,0.89,0.875,0.916,0.917,0.888,0.897
0.907,0.922,0.895,0.891,0.921,0.926,0.912,0.895,0.914,0.872,0.896,0.891,0.927,0.889,0.896,0.923,0.923,0.936,0.938,0.912,0.934,0.976,1.0,0.91,0.914,0.909,0.935,0.894,0.903,0.907,0.893,0.935,0.033,0.956,0.89,0.884,0.91,0.945,0.895,0.932,0.889,0.921,0.936,0.888,0.891,0.877,0.913,0.914,0.882,0.902
0.909,0.934,0.877,0.883,0.915,0.938,0.896,0.875,0.902,0.883,0.902,0.876,0.925,0.885,0.871,0.898,0.93,0.912,0.905,0.896,0.901,0.912,0.91,1.0,0.943,0.925,0.911,0.877,0.895,0.905,0.881,0.916,0.032,0.914,0.936,0.88,0.896,0.902,0.88,0.927,0.881,0.916,0.902,0.866,0.877,0.877,0.935,0.935,0.87,0.89
0.904,0.936,0.883,0.886,0.915,0.943,0.897,0.887,0.902,0.879,0.886,0.889,0.912,0.888,0.881,0.903,0.924,0.903,0.902,0.899,0.898,0.919,0.914,0.943,1.0,0.937,0.919,0.887,0.898,0.906,0.888,0.913,0.033,0.913,0.919,0.882,0.899,0.913,0.884,0.913,0.893,0.915,0.912,0.88,0.883,0.88,0.935,0.936,0.885,0.898
0.907,0.924,0.884,0.881,0.922,0.933,0.894,0.878,0.904,0.877,0.888,0.88,0.912,0.881,0.88,0.902,0.932,0.899,0.904,0.893,0.902,0.911,0.909,0.925,0.937,1.0,0.916,0.881,0.899,0.903,0.886,0.911,0.032,0.91,0.906,0.885,0.893,0.908,0.884,0.916,0.888,0.913,0.91,0.875,0.874,0.879,0.929,0.93,0.885,0.892
0.905,0.914,0.886,0.882,0.933,0.915,0.901,0.89,0.909,0.882,0.906,0.89,0.934,0.887,0.888,0.908,0.919,0.926,0.925,0.902,0.922,0.942,0.935,0.911,0.919,0.916,1.0,0.885,0.898,0.904,0.889,0.937,0.031,0.935,0.891,0.884,0.9,0.95,0.887,0.933,0.891,0.908,0.951,0.878,0.879,0.876,0.913,0.914,0.887,0.896
0.89,0.89,0.881,0.936,0.892,0.892,0.876,0.967,0.894,0.92,0.865,0.938,0.887,0.933,0.934,0.883,0.888,0.888,0.895,0.878,0.882,0.894,0.894,0.877,0.887,0.881,0.885,1.0,0.896,0.899,0.928,0.898,0.033,0.891,0.86,0.908,0.878,0.894,0.928,0.888,0.937,0.882,0.893,0.983,0.982,0.887,0.882,0.883,0.929,0.9
0.908,0.912,0.893,0.884,0.901,0.909,0.9,0.908,0.902,0.881,0.871,0.894,0.892,0.889,0.894,0.903,0.902,0.902,0.895,0.9,0.892,0.903,0.903,0.895,0.898,0.899,0.898,0.896,1.0,0.899,0.905,0.908,0.034,0.902,0.874,0.892,0.899,0.906,0.897,0.887,0.894,0.908,0.898,0.9,0.903,0.904,0.899,0.9,0.893,0.955
0.918,0.904,0.894,0.896,0.917,0.908,0.901,0.895,0.923,0.885,0.889,0.897,0.907,0.895,0.895,0.911,0.914,0.895,0.893,0.903,0.888,0.904,0.907,0.905,0.906,0.903,0.904,0.899,0.899,1.0,0.894,0.899,0.033,0.906,0.879,0.896,0.901,0.904,0.891,0.91,0.905,0.896,0.902,0.89,0.891,0.892,0.902,0.902,0.898,0.906
0.889,0.895,0.89,0.918,0.89,0.893,0.88,0.931,0.893,0.919,0.861,0.919,0.88,0.918,0.926,0.888,0.889,0.885,0.892,0.883,0.885,0.89,0.893,0.881,0.888,0.886,0.889,0.928,0.905,0.894,1.0,0.893,0.034,0.891,0.86,0.904,0.881,0.895,0.92,0.894,0.958,0.891,0.891,0.923,0.928,0.892,0.889,0.89,0.915,0.906
0.904,0.921,0.895,0.885,0.931,0.926,0.914,0.902,0.906,0.881,0.901,0.896,0.927,0.887,0.893,0.912,0.918,0.936,0.927,0.911,0.935,0.93,0.935,0.916,0.913,0.911,0.937,0.898,0.908,0.899,0.893,1.0,0.033,0.932,0.891,0.889,0.911,0.945,0.898,0.927,0.89,0.92,0.942,0.895,0.901,0.882,0.915,0.916,0.885,0.91
0.032,0.033,0.033,0.033,0.033,0.032,0.034,0.034,0.032,0.032,0.032,0.034,0.032,0.033,0.034,0.034,0.033,0.033,0.033,0.034,0.033,0.033,0.033,0.032,0.033,0.032,0.031,0.033,0.034,0.033,0.034,0.033,1.0,0.033,0.034,0.033,0.034,0.034,0.033,0.033,0.032,0.034,0.034,0.033,0.033,0.032,0.034,0.034,0.033,0.034
0.904,0.914,0.885,0.889,0.928,0.925,0.909,0.893,0.912,0.882,0.904,0.891,0.933,0.889,0.888,0.92,0.927,0.929,0.929,0.909,0.929,0.959,0.956,0.914,0.913,0.91,0.935,0.891,0.902,0.906,0.891,0.932,0.033,1.0,0.891,0.892,0.908,0.939,0.902,0.934,0.891,0.917,0.932,0.881,0.888,0.878,0.919,0.92,0.886,0.9
0.887,0.905,0.852,0.87,0.895,0.913,0.869,0.86,0.875,0.871,0.915,0.861,0.915,0.865,0.859,0.876,0.912,0.883,0.887,0.868,0.878,0.892,0.89,0.936,0.919,0.906,0.891,0.86,0.874,0.879,0.86,0.891,0.034,0.891,1.0,0.87,0.869,0.883,0.861,0.908,0.861,0.896,0.89,0.849,0.857,0.847,0.915,0.915,0.855,0.873
0.885,0.877,0.873,0.918,0.897,0.887,0.876,0.909,0.89,0.909,0.875,0.909,0.889,0.918,0.913,0.883,0.899,0.876,0.886,0.876,0.874,0.883,0.884,0.88,0.882,0.885,0.884,0.908,0.892,0.896,0.904,0.889,0.033,0.892,0.87,1.0,0.876,0.881,0.923,0.892,0.909,0.872,0.883,0.899,0.904,0.883,0.89,0.891,0.915,0.899
0.899,0.912,0.886,0.868,0.894,0.913,0.995,0.885,0.898,0.865,0.869,0.875,0.89,0.87,0.88,0.982,0.895,0.915,0.903,0.998,0.921,0.908,0.91,0.896,0.899,0.893,0.9,0.878,0.899,0.901,0.881,0.911,0.034,0.908,0.869,0.876,1.0,0.912,0.882,0.894,0.878,0.898,0.91,0.883,0.885,0.887,0.889,0.89,0.875,0.903
0.911,0.923,0.897,0.885,0.927,0.925,0.913,0.902,0.909,0.882,0.899,0.888,0.926,0.885,0.897,0.917,0.911,0.926,0.93,0.913,0.93,0.941,0.945,0.902,0.913,0.908,0.95,0.894,0.906,0.904,0.895,0.945,0.034,0.939,0.883,0.881,0.912,1.0,0.893,0.929,0.891,0.92,0.96,0.892,0.89,0.886,0.914,0.915,0.882,0.906
0.891,0.883,0.883,0.916,0.891,0.894,0.882,0.918,0.897,0.913,0.86,0.925,0.886,0.92,0.933,0.887,0.891,0.893,0.89,0.883,0.883,0.895,0.895,0.88,0.884,0.884,0.887,0.928,0.897,0.891,0.92,0.898,0.033,0.902,0.861,0.923,0.882,0.893,1.0,0.887,0.923,0.891,0.9,0.918,0.925,0.887,0.888,0.888,0.914,0.899
0.899,0.904,0.879,0.895,0.933,0.914,0.896,0.887,0.901,0.9,0.922,0.888,0.954,0.896,0.884,0.906,0.928,0.92,0.924,0.895,0.917,0.934,0.932,0.927,0.913,0.916,0.933,0.888,0.887,0.91,0.894,0.927,0.033,0.934,0.908,0.892,0.894,0.929,0.887,1.0,0.893,0.916,0.937,0.878,0.88,0.864,0.926,0.927,0.884,0.89
0.89,0.886,0.885,0.933,0.893,0.893,0.876,0.925,0.896,0.934,0.863,0.927,0.884,0.937,0.929,0.884,0.891,0.878,0.889,0.88,0.878,0.889,0.889,0.881,0.893,0.888,0.891,0.937,0.894,0.905,0.958,0.89,0.032,0.891,0.861,0.909,0.878,0.891,0.923,0.893,1.0,0.886,0.888,0.927,0.93,0.887,0.885,0.886,0.924,0.896
0.903,0.92,0.878,0.875,0.91,0.921,0.898,0.886,0.902,0.868,0.88,0.879,0.906,0.877,0.885,0.906,0.914,0.912,0.917,0.898,0.906,0.916,0.921,0.916,0.915,0.913,0.908,0.882,0.908,0.896,0.891,0.92,0.034,0.917,0.896,0.872,0.898,0.92,0.891,0.916,0.886,1.0,0.925,0.88,0.884,0.869,0.926,0.927,0.868,0.9
0.907,0.91,0.884,0.887,0.929,0.92,0.91,0.893,0.909,0.876,0.903,0.897,0.925,0.886,0.899,0.916,0.914,0.92,0.929,0.911,0.929,0.936,0.936,0.902,0.912,0.91,0.951,0.893,0.898,0.902,0.891,0.942,0.034,0.932,0.89,0.883,0.91,0.96,0.9,0.937,0.888,0.925,1.0,0.884,0.887,0.881,0.911,0.912,0.876,0.902
0.882,0.897,0.882,0.923,0.882,0.886,0.881,0.964,0.885,0.908,0.854,0.926,0.876,0.923,0.927,0.878,0.88,0.887,0.887,0.883,0.887,0.884,0.888,0.866,0.88,0.875,0.878,0.983,0.9,0.89,0.923,0.895,0.033,0.881,0.849,0.899,0.883,0.892,0.918,0.878,0.927,0.88,0.884,1.0,0.981,0.896,0.874,0.875,0.921,0.904
0.89,0.898,0.88,0.928,0.885,0.891,0.883,0.964,0.889,0.914,0.858,0.933,0.88,0.929,0.93,0.886,0.885,0.892,0.895,0.885,0.884,0.89,0.891,0.877,0.883,0.874,0.879,0.982,0.903,0.891,0.928,0.901,0.033,0.888,0.857,0.904,0.885,0.89,0.925,0.88,0.93,0.884,0.887,0.981,1.0,0.895,0.879,0.88,0.92,0.906
0.894,0.899,0.871,0.874,0.873,0.889,0.884,0.894,0.893,0.87,0.849,0.881,0.863,0.882,0.884,0.884,0.88,0.878,0.874,0.886,0.884,0.875,0.877,0.877,0.88,0.879,0.876,0.887,0.904,0.892,0.892,0.882,0.032,0.878,0.847,0.883,0.887,0.886,0.887,0.864,0.887,0.869,0.881,0.896,0.895,1.0,0.884,0.885,0.88,0.923
0.903,0.922,0.878,0.892,0.928,0.931,0.889,0.882,0.903,0.884,0.893,0.886,0.926,0.888,0.881,0.898,0.935,0.903,0.912,0.889,0.907,0.916,0.913,0.935,0.935,0.929,0.913,0.882,0.899,0.902,0.889,0.915,0.034,0.919,0.915,0.89,0.889,0.914,0.888,0.926,0.885,0.926,0.911,0.874,0.879,0.884,1.0,0.999,0.874,0.899
0.903,0.923,0.879,0.892,0.928,0.932,0.89,0.883,0.903,0.883,0.894,0.887,0.927,0.888,0.882,0.899,0.936,0.904,0.913,0.89,0.908,0.917,0.914,0.935,0.936,0.93,0.914,0.883,0.9,0.902,0.89,0.916,0.034,0.92,0.915,0.891,0.89,0.915,0.888,0.927,0.886,0.927,0.912,0.875,0.88,0.885,0.999,1.0,0.875,0.9
0.881,0.877,0.876,0.913,0.892,0.881,0.875,0.922,0.888,0.917,0.863,0.916,0.882,0.919,0.919,0.882,0.885,0.879,0.881,0.875,0.869,0.888,0.882,0.87,0.885,0.885,0.887,0.929,0.893,0.898,0.915,0.885,0.033,0.886,0.855,0.915,0.875,0.882,0.914,0.884,0.924,0.868,0.876,0.921,0.92,0.88,0.874,0.875,1.0,0.887
0.902,0.911,0.895,0.889,0.898,0.909,0.905,0.906,0.906,0.879,0.875,0.894,0.889,0.895,0.901,0.906,0.9,0.903,0.899,0.904,0.901,0.897,0.902,0.89,0.898,0.892,0.896,0.9,0.955,0.906,0.906,0.91,0.034,0.9,0.873,0.899,0.903,0.906,0.899,0.89,0.896,0.9,0.902,0.904,0.906,0.923,0.899,0.9,0.887,1.0
