GCF_000163235.1_ASM16323v1_genomic.fna,GCF_000164555.1_ASM16455v1_genomic.fna,GCF_000208545.1_ASM20854v2_genomic.fna,GCF_000233875.1_ASM23387v1_genomic.fna,GCF_000249735.1_ASM24973v2_genomic.fna,GCF_000261145.1_Esch_coli_M919_V2_genomic.fna,GCF_000267705.2_ASM26770v2_genomic.fna,GCF_000350665.1_Esch_coli_KTE5_V1_genomic.fna,GCF_000351625.1_Esch_coli_KTE66_V1_genomic.fna,GCF_000352285.1_Esch_coli_KTE46_V1_genomic.fna,GCF_000358895.1_ASM35889v1_genomic.fna,GCF_000456385.1_Esch_coli_HVH_26_4-5703913_V1_genomic.fna,GCF_000458195.1_Esch_coli_HVH_147_4-5893887_V1_genomic.fna,GCF_000459755.1_Esch_coli_KOEGE_58_171a_V1_genomic.fna,GCF_000460055.1_Esch_coli_UMEA_3053-1_V1_genomic.fna,GCF_000462165.2_ASM46216v2_genomic.fna,GCF_000601135.1_ASM60113v1_genomic.fna,GCF_000614595.1_Ec2010EL1058_genomic.fna,GCF_000617745.1_Ec2010C-4529_genomic.fna,GCF_000618265.2_EcF6751_genomic.fna,GCF_000619005.2_Ec2009C-4052_genomic.fna,GCF_000619105.1_Ec2009C-4780_genomic.fna,GCF_000619765.2_Ec2009C-3279_genomic.fna,GCF_000687005.1_ASM68700v1_genomic.fna,GCF_000687025.1_ASM68702v1_genomic.fna,GCF_000700125.1_ASM70012v1_genomic.fna,GCF_000753315.1_FHI35_genomic.fna,GCF_000776375.1_ASM77637v1_genomic.fna,GCF_000779395.1_ASM77939v1_genomic.fna,GCF_000780315.1_ASM78031v1_genomic.fna,GCF_000781995.1_ASM78199v1_genomic.fna,GCF_000986765.1_ASM98676v1_genomic.fna,GCF_001041375.1_ViralProj287958_genomic.fna,GCF_001265335.1_302014_genomic.fna,GCF_001265625.1_100854_genomic.fna,GCF_001267345.1_303289_genomic.fna,GCF_001309985.1_ASM130998v1_genomic.fna,GCF_001521695.1_ASM152169v1_genomic.fna,GCF_001592595.1_ASM159259v1_genomic.fna,GCF_001614975.1_ASM161497v1_genomic.fna,GCF_001692775.1_ASM169277v1_genomic.fna,GCF_001748915.1_ASM174891v1_genomic.fna,GCF_001749235.1_ASM174923v1_genomic.fna,GCF_001881155.1_ASM188115v1_genomic.fna,GCF_001881345.1_ASM188134v1_genomic.fna,GCF_001892405.1_ASM189240v1_genomic.fna,GCF_001892585.1_ASM189258v1_genomic.fna,GCF_001893985.1_ASM189398v1_genomic.fna,GCF_002001595.1_ASM200159v1_genomic.fna,GCF_002002145.1_ASM200214v1_genomic.fna
1.0,0.588,0.511,0.551,0.583,0.578,0.585,0.532,0.661,0.548,0.598,0.554,0.6,0.534,0.529,0.588,0.594,0.589,0.573,0.58,0.564,0.592,0.584,0.602,0.577,0.577,0.585,0.538,0.607,0.653,0.524,0.587,0.0,0.588,0.56,0.526,0.577,0.595,0.521,0.593,0.541,0.574,0.59,0.538,0.549,0.53,0.548,0.547,0.512,0.601
0.588,1.0,0.489,0.5,0.708,0.806,0.606,0.502,0.545,0.503,0.663,0.52,0.673,0.489,0.494,0.606,0.76,0.688,0.679,0.605,0.67,0.668,0.677,0.832,0.848,0.771,0.668,0.501,0.552,0.571,0.497,0.689,0.0,0.668,0.782,0.501,0.602,0.698,0.5,0.681,0.499,0.75,0.687,0.517,0.515,0.501,0.728,0.727,0.509,0.559
0.511,0.489,1.0,0.439,0.481,0.467,0.456,0.441,0.499,0.437,0.466,0.444,0.477,0.441,0.435,0.459,0.473,0.48,0.47,0.455,0.471,0.473,0.476,0.475,0.478,0.484,0.469,0.437,0.508,0.519,0.443,0.477,0.0,0.471,0.441,0.444,0.454,0.479,0.445,0.477,0.452,0.475,0.476,0.446,0.441,0.464,0.461,0.46,0.434,0.519
0.551,0.5,0.439,1.0,0.497,0.49,0.5,0.761,0.53,0.781,0.52,0.783,0.52,0.815,0.806,0.509,0.504,0.502,0.486,0.497,0.483,0.495,0.491,0.516,0.497,0.496,0.492,0.813,0.555,0.515,0.757,0.502,0.0,0.49,0.493,0.675,0.494,0.499,0.711,0.496,0.788,0.482,0.498,0.788,0.786,0.5,0.467,0.467,0.734,0.562
0.583,0.708,0.481,0.497,1.0,0.704,0.623,0.51,0.558,0.503,0.781,0.517,0.753,0.507,0.508,0.622,0.7,0.733,0.734,0.622,0.739,0.738,0.737,0.71,0.709,0.703,0.746,0.5,0.575,0.581,0.498,0.752,0.0,0.744,0.684,0.499,0.62,0.756,0.522,0.747,0.499,0.714,0.751,0.501,0.507,0.519,0.711,0.711,0.494,0.575
0.578,0.806,0.467,0.49,0.704,1.0,0.636,0.512,0.557,0.498,0.684,0.509,0.697,0.497,0.498,0.632,0.763,0.692,0.69,0.63,0.677,0.687,0.674,0.836,0.839,0.754,0.682,0.506,0.568,0.56,0.491,0.685,0.0,0.68,0.804,0.512,0.63,0.701,0.53,0.696,0.5,0.736,0.704,0.514,0.517,0.489,0.724,0.724,0.505,0.573
0.585,0.606,0.456,0.5,0.623,0.636,1.0,0.5,0.558,0.495,0.624,0.514,0.63,0.5,0.498,0.952,0.625,0.662,0.651,0.988,0.642,0.652,0.646,0.64,0.626,0.617,0.622,0.501,0.563,0.554,0.493,0.627,0.0,0.63,0.602,0.514,0.986,0.617,0.505,0.626,0.498,0.613,0.63,0.506,0.507,0.48,0.575,0.574,0.483,0.557
0.532,0.502,0.441,0.761,0.51,0.512,0.5,1.0,0.519,0.754,0.497,0.758,0.512,0.739,0.734,0.498,0.506,0.509,0.507,0.498,0.49,0.502,0.495,0.518,0.501,0.495,0.503,0.914,0.558,0.519,0.758,0.498,0.0,0.502,0.483,0.666,0.496,0.518,0.72,0.508,0.763,0.496,0.51,0.921,0.901,0.498,0.475,0.473,0.692,0.564
0.661,0.545,0.499,0.53,0.558,0.557,0.558,0.519,1.0,0.536,0.569,0.529,0.574,0.527,0.53,0.57,0.549,0.559,0.552,0.556,0.535,0.568,0.55,0.569,0.546,0.544,0.557,0.531,0.582,0.678,0.515,0.55,0.0,0.556,0.539,0.518,0.555,0.561,0.518,0.566,0.527,0.55,0.571,0.522,0.524,0.512,0.527,0.527,0.514,0.597
0.548,0.503,0.437,0.781,0.503,0.498,0.495,0.754,0.536,1.0,0.536,0.764,0.528,0.762,0.768,0.511,0.496,0.507,0.492,0.492,0.477,0.489,0.479,0.516,0.49,0.496,0.494,0.79,0.568,0.515,0.778,0.487,0.0,0.483,0.503,0.671,0.492,0.496,0.708,0.502,0.798,0.491,0.498,0.763,0.772,0.494,0.471,0.47,0.749,0.556
0.598,0.663,0.466,0.52,0.781,0.684,0.624,0.497,0.569,0.536,1.0,0.529,0.796,0.525,0.521,0.64,0.688,0.725,0.735,0.62,0.712,0.758,0.736,0.71,0.668,0.679,0.743,0.52,0.571,0.57,0.49,0.722,0.0,0.733,0.716,0.504,0.619,0.738,0.507,0.762,0.508,0.675,0.754,0.501,0.505,0.489,0.651,0.65,0.526,0.557
0.554,0.52,0.444,0.783,0.517,0.509,0.514,0.758,0.529,0.764,0.529,1.0,0.53,0.776,0.871,0.523,0.516,0.504,0.499,0.508,0.492,0.502,0.495,0.539,0.51,0.515,0.502,0.785,0.571,0.526,0.718,0.507,0.0,0.498,0.502,0.674,0.505,0.51,0.715,0.516,0.754,0.499,0.511,0.769,0.771,0.502,0.484,0.483,0.712,0.563
0.6,0.673,0.477,0.52,0.753,0.697,0.63,0.512,0.574,0.528,0.796,0.53,1.0,0.518,0.519,0.646,0.687,0.753,0.773,0.624,0.749,0.815,0.793,0.722,0.675,0.685,0.802,0.527,0.569,0.569,0.498,0.765,0.0,0.79,0.693,0.512,0.623,0.785,0.517,0.808,0.515,0.687,0.797,0.509,0.512,0.488,0.667,0.666,0.518,0.561
0.534,0.489,0.441,0.815,0.507,0.497,0.5,0.739,0.527,0.762,0.525,0.776,0.518,1.0,0.806,0.512,0.497,0.507,0.491,0.497,0.479,0.494,0.483,0.511,0.491,0.497,0.493,0.785,0.57,0.516,0.742,0.49,0.0,0.487,0.489,0.675,0.496,0.498,0.71,0.498,0.773,0.483,0.497,0.761,0.763,0.496,0.466,0.466,0.724,0.573
0.529,0.494,0.435,0.806,0.508,0.498,0.498,0.734,0.53,0.768,0.521,0.871,0.519,0.806,1.0,0.508,0.496,0.494,0.483,0.495,0.479,0.496,0.484,0.512,0.49,0.503,0.493,0.779,0.555,0.514,0.742,0.488,0.0,0.485,0.493,0.667,0.494,0.499,0.709,0.51,0.777,0.482,0.498,0.755,0.758,0.5,0.482,0.482,0.723,0.57
0.588,0.606,0.459,0.509,0.622,0.632,0.952,0.498,0.57,0.511,0.64,0.523,0.646,0.512,0.508,1.0,0.622,0.652,0.647,0.95,0.621,0.651,0.634,0.642,0.622,0.617,0.612,0.511,0.563,0.554,0.492,0.614,0.0,0.623,0.606,0.511,0.947,0.616,0.505,0.623,0.505,0.611,0.625,0.502,0.505,0.48,0.573,0.572,0.499,0.551
0.594,0.76,0.473,0.504,0.7,0.763,0.625,0.506,0.549,0.496,0.688,0.516,0.687,0.497,0.496,0.622,1.0,0.681,0.677,0.621,0.666,0.688,0.68,0.795,0.779,0.787,0.685,0.508,0.563,0.565,0.498,0.702,0.0,0.684,0.737,0.519,0.618,0.691,0.516,0.688,0.502,0.722,0.706,0.517,0.52,0.488,0.704,0.705,0.495,0.558
0.589,0.688,0.48,0.502,0.733,0.692,0.662,0.509,0.559,0.507,0.725,0.504,0.753,0.507,0.494,0.652,0.681,1.0,0.805,0.659,0.768,0.793,0.791,0.7,0.697,0.681,0.759,0.504,0.555,0.573,0.501,0.748,0.0,0.757,0.664,0.519,0.657,0.743,0.529,0.757,0.502,0.694,0.747,0.507,0.508,0.498,0.656,0.657,0.488,0.564
0.573,0.679,0.47,0.486,0.734,0.69,0.651,0.507,0.552,0.492,0.735,0.499,0.773,0.491,0.483,0.647,0.677,0.805,1.0,0.648,0.781,0.804,0.793,0.695,0.697,0.684,0.78,0.492,0.553,0.565,0.484,0.75,0.0,0.759,0.675,0.499,0.647,0.758,0.52,0.775,0.485,0.695,0.765,0.494,0.497,0.495,0.653,0.654,0.477,0.562
0.58,0.605,0.455,0.497,0.622,0.63,0.988,0.498,0.556,0.492,0.62,0.508,0.624,0.497,0.495,0.95,0.621,0.659,0.648,1.0,0.636,0.65,0.642,0.634,0.63,0.616,0.619,0.497,0.559,0.554,0.492,0.623,0.0,0.626,0.597,0.511,0.993,0.616,0.502,0.621,0.495,0.609,0.625,0.501,0.502,0.48,0.573,0.572,0.48,0.555
0.564,0.67,0.471,0.483,0.739,0.677,0.642,0.49,0.535,0.477,0.712,0.492,0.749,0.479,0.479,0.621,0.666,0.768,0.781,0.636,1.0,0.777,0.803,0.685,0.679,0.673,0.747,0.487,0.538,0.554,0.478,0.76,0.0,0.764,0.661,0.502,0.635,0.738,0.513,0.75,0.484,0.68,0.736,0.492,0.492,0.518,0.682,0.683,0.468,0.556
0.592,0.668,0.473,0.495,0.738,0.687,0.652,0.502,0.568,0.489,0.758,0.502,0.815,0.494,0.496,0.651,0.688,0.793,0.804,0.65,0.777,1.0,0.928,0.695,0.684,0.682,0.793,0.502,0.562,0.572,0.489,0.769,0.0,0.883,0.659,0.514,0.647,0.778,0.52,0.794,0.493,0.69,0.791,0.504,0.506,0.494,0.653,0.653,0.491,0.567
0.584,0.677,0.476,0.491,0.737,0.674,0.646,0.495,0.55,0.479,0.736,0.495,0.793,0.483,0.484,0.634,0.68,0.791,0.793,0.642,0.803,0.928,1.0,0.687,0.689,0.673,0.78,0.49,0.553,0.563,0.481,0.787,0.0,0.875,0.646,0.504,0.642,0.763,0.517,0.772,0.483,0.687,0.763,0.493,0.495,0.501,0.662,0.662,0.475,0.556
0.602,0.832,0.475,0.516,0.71,0.836,0.64,0.518,0.569,0.516,0.71,0.539,0.722,0.511,0.512,0.642,0.795,0.7,0.695,0.634,0.685,0.695,0.687,1.0,0.848,0.781,0.7,0.516,0.57,0.573,0.499,0.701,0.0,0.685,0.837,0.518,0.632,0.701,0.511,0.704,0.515,0.749,0.716,0.513,0.517,0.496,0.717,0.717,0.513,0.569
0.577,0.848,0.478,0.497,0.709,0.839,0.626,0.501,0.546,0.49,0.668,0.51,0.675,0.491,0.49,0.622,0.779,0.697,0.697,0.63,0.679,0.684,0.689,0.848,1.0,0.79,0.679,0.498,0.55,0.565,0.491,0.702,0.0,0.674,0.811,0.503,0.629,0.695,0.512,0.678,0.491,0.746,0.692,0.514,0.508,0.499,0.719,0.719,0.502,0.562
0.577,0.771,0.484,0.496,0.703,0.754,0.617,0.495,0.544,0.496,0.679,0.515,0.685,0.497,0.503,0.617,0.787,0.681,0.684,0.616,0.673,0.682,0.673,0.781,0.79,1.0,0.696,0.491,0.563,0.561,0.492,0.681,0.0,0.672,0.738,0.503,0.613,0.705,0.509,0.701,0.492,0.744,0.7,0.509,0.506,0.495,0.74,0.74,0.508,0.578
0.585,0.668,0.469,0.492,0.746,0.682,0.622,0.503,0.557,0.494,0.743,0.502,0.802,0.493,0.493,0.612,0.685,0.759,0.78,0.619,0.747,0.793,0.78,0.7,0.679,0.696,1.0,0.492,0.557,0.564,0.494,0.773,0.0,0.772,0.668,0.503,0.618,0.84,0.513,0.808,0.501,0.686,0.856,0.499,0.497,0.491,0.655,0.655,0.489,0.557
0.538,0.501,0.437,0.813,0.5,0.506,0.501,0.914,0.531,0.79,0.52,0.785,0.527,0.785,0.779,0.511,0.508,0.504,0.492,0.497,0.487,0.502,0.49,0.516,0.498,0.491,0.492,1.0,0.558,0.515,0.758,0.498,0.0,0.495,0.492,0.672,0.494,0.513,0.715,0.504,0.79,0.487,0.504,0.962,0.942,0.493,0.472,0.471,0.731,0.554
0.607,0.552,0.508,0.555,0.575,0.568,0.563,0.558,0.582,0.568,0.571,0.571,0.569,0.57,0.555,0.563,0.563,0.555,0.553,0.559,0.538,0.562,0.553,0.57,0.55,0.563,0.557,0.558,1.0,0.585,0.553,0.557,0.0,0.561,0.531,0.568,0.556,0.564,0.555,0.569,0.565,0.552,0.563,0.558,0.564,0.617,0.525,0.525,0.541,0.847
0.653,0.571,0.519,0.515,0.581,0.56,0.554,0.519,0.678,0.515,0.57,0.526,0.569,0.516,0.514,0.554,0.565,0.573,0.565,0.554,0.554,0.572,0.563,0.573,0.565,0.561,0.564,0.515,0.585,1.0,0.509,0.56,0.0,0.559,0.537,0.519,0.553,0.565,0.519,0.576,0.514,0.57,0.573,0.516,0.517,0.546,0.549,0.55,0.502,0.609
0.524,0.497,0.443,0.757,0.498,0.491,0.493,0.758,0.515,0.778,0.49,0.718,0.498,0.742,0.742,0.492,0.498,0.501,0.484,0.492,0.478,0.489,0.481,0.499,0.491,0.492,0.494,0.758,0.553,0.509,1.0,0.489,0.0,0.487,0.459,0.667,0.492,0.502,0.706,0.494,0.898,0.487,0.497,0.76,0.76,0.493,0.468,0.467,0.693,0.554
0.587,0.689,0.477,0.502,0.752,0.685,0.627,0.498,0.55,0.487,0.722,0.507,0.765,0.49,0.488,0.614,0.702,0.748,0.75,0.623,0.76,0.769,0.787,0.701,0.702,0.681,0.773,0.498,0.557,0.56,0.489,1.0,0.0,0.765,0.653,0.497,0.621,0.784,0.519,0.773,0.488,0.713,0.782,0.503,0.504,0.496,0.673,0.673,0.478,0.553
0.0,0.0,0.0,0.0,0.0,0.0,0.0,0.0,0.0,0.0,0.0,0.0,0.0,0.0,0.0,0.0,0.0,0.0,0.0,0.0,0.0,0.0,0.0,0.0,0.0,0.0,0.0,0.0,0.0,0.0,0.0,0.0,1.0,0.0,0.0,0.0,0.0,0.0,0.0,0.0,0.0,0.0,0.0,0.0,0.0,0.0,0.0,0.0,0.0,0.0
0.588,0.668,0.471,0.49,0.744,0.68,0.63,0.502,0.556,0.483,0.733,0.498,0.79,0.487,0.485,0.623,0.684,0.757,0.759,0.626,0.764,0.883,0.875,0.685,0.674,0.672,0.772,0.495,0.561,0.559,0.487,0.765,0.0,1.0,0.649,0.517,0.623,0.769,0.524,0.766,0.485,0.688,0.786,0.498,0.503,0.49,0.654,0.654,0.48,0.56
0.56,0.782,0.441,0.493,0.684,0.804,0.602,0.483,0.539,0.503,0.716,0.502,0.693,0.489,0.493,0.606,0.737,0.664,0.675,0.597,0.661,0.659,0.646,0.837,0.811,0.738,0.668,0.492,0.531,0.537,0.459,0.653,0.0,0.649,1.0,0.481,0.596,0.668,0.481,0.674,0.47,0.711,0.685,0.476,0.481,0.471,0.69,0.69,0.5,0.53
0.526,0.501,0.444,0.675,0.499,0.512,0.514,0.666,0.518,0.671,0.504,0.674,0.512,0.675,0.667,0.511,0.519,0.519,0.499,0.511,0.502,0.514,0.504,0.518,0.503,0.503,0.503,0.672,0.568,0.519,0.667,0.497,0.0,0.517,0.481,1.0,0.508,0.492,0.699,0.507,0.675,0.496,0.506,0.679,0.684,0.491,0.475,0.474,0.65,0.569
0.577,0.602,0.454,0.494,0.62,0.63,0.986,0.496,0.555,0.492,0.619,0.505,0.623,0.496,0.494,0.947,0.618,0.657,0.647,0.993,0.635,0.647,0.642,0.632,0.629,0.613,0.618,0.494,0.556,0.553,0.492,0.621,0.0,0.623,0.596,0.508,1.0,0.614,0.501,0.619,0.495,0.608,0.623,0.498,0.499,0.479,0.572,0.571,0.479,0.554
0.595,0.698,0.479,0.499,0.756,0.701,0.617,0.518,0.561,0.496,0.738,0.51,0.785,0.498,0.499,0.616,0.691,0.743,0.758,0.616,0.738,0.778,0.763,0.701,0.695,0.705,0.84,0.513,0.564,0.565,0.502,0.784,0.0,0.769,0.668,0.492,0.614,1.0,0.528,0.789,0.506,0.705,0.874,0.52,0.505,0.496,0.686,0.685,0.492,0.565
0.521,0.5,0.445,0.711,0.522,0.53,0.505,0.72,0.518,0.708,0.507,0.715,0.517,0.71,0.709,0.505,0.516,0.529,0.52,0.502,0.513,0.52,0.517,0.511,0.512,0.509,0.513,0.715,0.555,0.519,0.706,0.519,0.0,0.524,0.481,0.699,0.501,0.528,1.0,0.518,0.708,0.518,0.52,0.718,0.72,0.498,0.49,0.489,0.679,0.565
0.593,0.681,0.477,0.496,0.747,0.696,0.626,0.508,0.566,0.502,0.762,0.516,0.808,0.498,0.51,0.623,0.688,0.757,0.775,0.621,0.75,0.794,0.772,0.704,0.678,0.701,0.808,0.504,0.569,0.576,0.494,0.773,0.0,0.766,0.674,0.507,0.619,0.789,0.518,1.0,0.5,0.687,0.805,0.507,0.513,0.501,0.681,0.68,0.493,0.58
0.541,0.499,0.452,0.788,0.499,0.5,0.498,0.763,0.527,0.798,0.508,0.754,0.515,0.773,0.777,0.505,0.502,0.502,0.485,0.495,0.484,0.493,0.483,0.515,0.491,0.492,0.501,0.79,0.565,0.514,0.898,0.488,0.0,0.485,0.47,0.675,0.495,0.506,0.708,0.5,1.0,0.489,0.502,0.783,0.781,0.494,0.467,0.466,0.716,0.56
0.574,0.75,0.475,0.482,0.714,0.736,0.613,0.496,0.55,0.491,0.675,0.499,0.687,0.483,0.482,0.611,0.722,0.694,0.695,0.609,0.68,0.69,0.687,0.749,0.746,0.744,0.686,0.487,0.552,0.57,0.487,0.713,0.0,0.688,0.711,0.496,0.608,0.705,0.518,0.687,0.489,1.0,0.712,0.492,0.492,0.493,0.748,0.748,0.482,0.558
0.59,0.687,0.476,0.498,0.751,0.704,0.63,0.51,0.571,0.498,0.754,0.511,0.797,0.497,0.498,0.625,0.706,0.747,0.765,0.625,0.736,0.791,0.763,0.716,0.692,0.7,0.856,0.504,0.563,0.573,0.497,0.782,0.0,0.786,0.685,0.506,0.623,0.874,0.52,0.805,0.502,0.712,1.0,0.509,0.509,0.488,0.673,0.673,0.491,0.556
0.538,0.517,0.446,0.788,0.501,0.514,0.506,0.921,0.522,0.763,0.501,0.769,0.509,0.761,0.755,0.502,0.517,0.507,0.494,0.501,0.492,0.504,0.493,0.513,0.514,0.509,0.499,0.962,0.558,0.516,0.76,0.503,0.0,0.498,0.476,0.679,0.498,0.52,0.718,0.507,0.783,0.492,0.509,1.0,0.958,0.499,0.475,0.474,0.718,0.556
0.549,0.515,0.441,0.786,0.507,0.517,0.507,0.901,0.524,0.772,0.505,0.771,0.512,0.763,0.758,0.505,0.52,0.508,0.497,0.502,0.492,0.506,0.495,0.517,0.508,0.506,0.497,0.942,0.564,0.517,0.76,0.504,0.0,0.503,0.481,0.684,0.499,0.505,0.72,0.513,0.781,0.492,0.509,0.958,1.0,0.503,0.485,0.484,0.709,0.562
0.53,0.501,0.464,0.5,0.519,0.489,0.48,0.498,0.512,0.494,0.489,0.502,0.488,0.496,0.5,0.48,0.488,0.498,0.495,0.48,0.518,0.494,0.501,0.496,0.499,0.495,0.491,0.493,0.617,0.546,0.493,0.496,0.0,0.49,0.471,0.491,0.479,0.496,0.498,0.501,0.494,0.493,0.488,0.499,0.503,1.0,0.539,0.539,0.493,0.665
0.548,0.728,0.461,0.467,0.711,0.724,0.575,0.475,0.527,0.471,0.651,0.484,0.667,0.466,0.482,0.573,0.704,0.656,0.653,0.573,0.682,0.653,0.662,0.717,0.719,0.74,0.655,0.472,0.525,0.549,0.468,0.673,0.0,0.654,0.69,0.475,0.572,0.686,0.49,0.681,0.467,0.748,0.673,0.475,0.485,0.539,1.0,0.998,0.477,0.548
0.547,0.727,0.46,0.467,0.711,0.724,0.574,0.473,0.527,0.47,0.65,0.483,0.666,0.466,0.482,0.572,0.705,0.657,0.654,0.572,0.683,0.653,0.662,0.717,0.719,0.74,0.655,0.471,0.525,0.55,0.467,0.673,0.0,0.654,0.69,0.474,0.571,0.685,0.489,0.68,0.466,0.748,0.673,0.474,0.484,0.539,0.998,1.0,0.476,0.549
0.512,0.509,0.434,0.734,0.494,0.505,0.483,0.692,0.514,0.749,0.526,0.712,0.518,0.724,0.723,0.499,0.495,0.488,0.477,0.48,0.468,0.491,0.475,0.513,0.502,0.508,0.489,0.731,0.541,0.502,0.693,0.478,0.0,0.48,0.5,0.65,0.479,0.492,0.679,0.493,0.716,0.482,0.491,0.718,0.709,0.493,0.477,0.476,1.0,0.54
0.601,0.559,0.519,0.562,0.575,0.573,0.557,0.564,0.597,0.556,0.557,0.563,0.561,0.573,0.57,0.551,0.558,0.564,0.562,0.555,0.556,0.567,0.556,0.569,0.562,0.578,0.557,0.554,0.847,0.609,0.554,0.553,0.0,0.56,0.53,0.569,0.554,0.565,0.565,0.58,0.56,0.558,0.556,0.556,0.562,0.665,0.548,0.549,0.54,1.0
