GCF_000163235.1_ASM16323v1_genomic.fna,GCF_000164555.1_ASM16455v1_genomic.fna,GCF_000208545.1_ASM20854v2_genomic.fna,GCF_000233875.1_ASM23387v1_genomic.fna,GCF_000249735.1_ASM24973v2_genomic.fna,GCF_000261145.1_Esch_coli_M919_V2_genomic.fna,GCF_000267705.2_ASM26770v2_genomic.fna,GCF_000350665.1_Esch_coli_KTE5_V1_genomic.fna,GCF_000351625.1_Esch_coli_KTE66_V1_genomic.fna,GCF_000352285.1_Esch_coli_KTE46_V1_genomic.fna,GCF_000358895.1_ASM35889v1_genomic.fna,GCF_000456385.1_Esch_coli_HVH_26_4-5703913_V1_genomic.fna,GCF_000458195.1_Esch_coli_HVH_147_4-5893887_V1_genomic.fna,GCF_000459755.1_Esch_coli_KOEGE_58_171a_V1_genomic.fna,GCF_000460055.1_Esch_coli_UMEA_3053-1_V1_genomic.fna,GCF_000462165.2_ASM46216v2_genomic.fna,GCF_000601135.1_ASM60113v1_genomic.fna,GCF_000614595.1_Ec2010EL1058_genomic.fna,GCF_000617745.1_Ec2010C-4529_genomic.fna,GCF_000618265.2_EcF6751_genomic.fna,GCF_000619005.2_Ec2009C-4052_genomic.fna,GCF_000619105.1_Ec2009C-4780_genomic.fna,GCF_000619765.2_Ec2009C-3279_genomic.fna,GCF_000687005.1_ASM68700v1_genomic.fna,GCF_000687025.1_ASM68702v1_genomic.fna,GCF_000700125.1_ASM70012v1_genomic.fna,GCF_000753315.1_FHI35_genomic.fna,GCF_000776375.1_ASM77637v1_genomic.fna,GCF_000779395.1_ASM77939v1_genomic.fna,GCF_000780315.1_ASM78031v1_genomic.fna,GCF_000781995.1_ASM78199v1_genomic.fna,GCF_000986765.1_ASM98676v1_genomic.fna,GCF_001041375.1_ViralProj287958_genomic.fna,GCF_001265335.1_302014_genomic.fna,GCF_001265625.1_100854_genomic.fna,GCF_001267345.1_303289_genomic.fna,GCF_001309985.1_ASM130998v1_genomic.fna,GCF_001521695.1_ASM152169v1_genomic.fna,GCF_001592595.1_ASM159259v1_genomic.fna,GCF_001614975.1_ASM161497v1_genomic.fna,GCF_001692775.1_ASM169277v1_genomic.fna,GCF_001748915.1_ASM174891v1_genomic.fna,GCF_001749235.1_ASM174923v1_genomic.fna,GCF_001881155.1_ASM188115v1_genomic.fna,GCF_001881345.1_ASM188134v1_genomic.fna,GCF_001892405.1_ASM189240v1_genomic.fna,GCF_001892585.1_ASM189258v1_genomic.fna,GCF_001893985.1_ASM189398v1_genomic.fna,GCF_002001595.1_ASM200159v1_genomic.fna,GCF_002002145.1_ASM200214v1_genomic.fna
1.0,0.899,0.891,0.891,0.9,0.891,0.89,0.876,0.92,0.893,0.884,0.895,0.889,0.894,0.891,0.89,0.897,0.898,0.903,0.891,0.897,0.894,0.9,0.888,0.901,0.889,0.898,0.88,0.904,0.918,0.883,0.912,0.02,0.9,0.866,0.889,0.891,0.901,0.878,0.888,0.892,0.899,0.895,0.876,0.878,0.88,0.883,0.885,0.886,0.901
0.899,1.0,0.881,0.889,0.917,0.937,0.905,0.877,0.896,0.892,0.91,0.89,0.911,0.894,0.89,0.909,0.934,0.913,0.914,0.903,0.906,0.913,0.918,0.932,0.937,0.927,0.918,0.881,0.89,0.896,0.874,0.925,0.019,0.911,0.911,0.885,0.904,0.918,0.882,0.915,0.886,0.918,0.916,0.879,0.877,0.867,0.926,0.927,0.892,0.886
0.891,0.881,1.0,0.882,0.888,0.873,0.877,0.884,0.882,0.878,0.874,0.884,0.875,0.878,0.884,0.875,0.878,0.885,0.89,0.88,0.89,0.878,0.88,0.87,0.892,0.869,0.879,0.881,0.893,0.89,0.881,0.893,0.017,0.892,0.841,0.873,0.879,0.887,0.885,0.875,0.883,0.882,0.877,0.881,0.882,0.874,0.867,0.868,0.876,0.892
0.891,0.889,0.882,1.0,0.891,0.882,0.881,0.926,0.898,0.937,0.864,0.941,0.874,0.946,0.947,0.878,0.885,0.892,0.896,0.881,0.89,0.883,0.896,0.875,0.887,0.88,0.887,0.94,0.898,0.895,0.933,0.896,0.019,0.886,0.854,0.927,0.881,0.886,0.923,0.871,0.948,0.891,0.88,0.935,0.937,0.877,0.873,0.875,0.925,0.894
0.9,0.917,0.888,0.891,1.0,0.921,0.905,0.891,0.901,0.886,0.925,0.889,0.916,0.886,0.891,0.906,0.912,0.924,0.927,0.907,0.926,0.918,0.922,0.909,0.916,0.913,0.921,0.89,0.905,0.898,0.885,0.933,0.016,0.923,0.886,0.886,0.905,0.931,0.896,0.922,0.894,0.912,0.927,0.885,0.888,0.879,0.912,0.913,0.883,0.903
0.891,0.937,0.873,0.882,0.921,1.0,0.905,0.871,0.883,0.894,0.918,0.883,0.923,0.882,0.884,0.908,0.935,0.919,0.914,0.901,0.904,0.912,0.924,0.943,0.927,0.929,0.913,0.873,0.895,0.89,0.869,0.918,0.018,0.916,0.926,0.882,0.903,0.916,0.889,0.92,0.879,0.917,0.916,0.87,0.87,0.856,0.931,0.931,0.88,0.889
0.89,0.905,0.877,0.881,0.905,0.905,1.0,0.869,0.898,0.873,0.896,0.878,0.9,0.884,0.886,0.986,0.902,0.921,0.917,0.995,0.914,0.921,0.924,0.898,0.909,0.903,0.903,0.87,0.896,0.894,0.865,0.917,0.019,0.914,0.881,0.884,0.997,0.905,0.887,0.904,0.875,0.908,0.909,0.868,0.866,0.869,0.896,0.897,0.883,0.891
0.876,0.877,0.884,0.926,0.891,0.871,0.869,1.0,0.884,0.918,0.858,0.928,0.864,0.927,0.917,0.865,0.865,0.882,0.878,0.871,0.886,0.87,0.882,0.867,0.883,0.868,0.873,0.971,0.894,0.877,0.929,0.887,0.017,0.891,0.837,0.904,0.869,0.886,0.929,0.868,0.927,0.874,0.87,0.972,0.969,0.887,0.862,0.863,0.918,0.904
0.92,0.896,0.882,0.898,0.901,0.883,0.898,0.884,1.0,0.888,0.886,0.895,0.89,0.895,0.896,0.897,0.89,0.899,0.903,0.899,0.899,0.896,0.901,0.882,0.893,0.888,0.905,0.887,0.904,0.922,0.883,0.904,0.019,0.894,0.859,0.893,0.898,0.897,0.886,0.895,0.894,0.896,0.899,0.882,0.884,0.877,0.889,0.891,0.898,0.899
0.893,0.892,0.878,0.937,0.886,0.894,0.873,0.918,0.888,1.0,0.882,0.934,0.887,0.939,0.935,0.877,0.886,0.878,0.887,0.872,0.877,0.881,0.885,0.888,0.878,0.885,0.884,0.928,0.894,0.893,0.929,0.882,0.021,0.881,0.865,0.918,0.872,0.878,0.915,0.886,0.941,0.887,0.881,0.924,0.927,0.873,0.886,0.886,0.933,0.889
0.884,0.91,0.874,0.864,0.925,0.918,0.896,0.858,0.886,0.882,1.0,0.864,0.941,0.871,0.873,0.897,0.904,0.913,0.915,0.893,0.912,0.914,0.924,0.928,0.907,0.916,0.918,0.859,0.878,0.884,0.853,0.918,0.018,0.904,0.912,0.871,0.893,0.915,0.869,0.933,0.865,0.906,0.925,0.852,0.854,0.848,0.914,0.912,0.871,0.881
0.895,0.89,0.884,0.941,0.889,0.883,0.878,0.928,0.895,0.934,0.864,1.0,0.876,0.941,0.959,0.874,0.881,0.884,0.89,0.879,0.891,0.88,0.892,0.873,0.886,0.873,0.881,0.938,0.899,0.902,0.92,0.893,0.019,0.892,0.861,0.925,0.879,0.883,0.923,0.876,0.938,0.889,0.879,0.93,0.934,0.87,0.881,0.882,0.925,0.893
0.889,0.911,0.875,0.874,0.916,0.923,0.9,0.864,0.89,0.887,0.941,0.876,1.0,0.878,0.884,0.903,0.906,0.924,0.93,0.898,0.925,0.935,0.94,0.919,0.908,0.915,0.937,0.865,0.886,0.891,0.862,0.924,0.018,0.922,0.898,0.883,0.898,0.928,0.875,0.944,0.875,0.914,0.932,0.859,0.861,0.858,0.915,0.915,0.878,0.887
0.894,0.894,0.878,0.946,0.886,0.882,0.884,0.927,0.895,0.939,0.871,0.941,0.878,1.0,0.951,0.881,0.882,0.885,0.89,0.884,0.882,0.883,0.895,0.872,0.884,0.882,0.886,0.941,0.895,0.892,0.922,0.891,0.021,0.88,0.856,0.92,0.884,0.884,0.921,0.879,0.939,0.886,0.885,0.934,0.938,0.879,0.878,0.879,0.936,0.892
0.891,0.89,0.884,0.947,0.891,0.884,0.886,0.917,0.896,0.935,0.873,0.959,0.884,0.951,1.0,0.881,0.886,0.888,0.898,0.886,0.888,0.882,0.895,0.875,0.889,0.883,0.886,0.928,0.894,0.903,0.924,0.891,0.02,0.88,0.86,0.917,0.887,0.884,0.921,0.887,0.938,0.896,0.885,0.92,0.925,0.879,0.883,0.885,0.931,0.895
0.89,0.909,0.875,0.878,0.906,0.908,0.986,0.865,0.897,0.877,0.897,0.874,0.903,0.881,0.881,1.0,0.906,0.915,0.914,0.984,0.908,0.922,0.922,0.9,0.905,0.91,0.903,0.865,0.891,0.892,0.862,0.915,0.019,0.909,0.884,0.882,0.984,0.905,0.881,0.908,0.868,0.909,0.911,0.863,0.863,0.866,0.899,0.9,0.885,0.885
0.897,0.934,0.878,0.885,0.912,0.935,0.902,0.865,0.89,0.886,0.904,0.881,0.906,0.882,0.886,0.906,1.0,0.913,0.911,0.902,0.896,0.919,0.915,0.926,0.926,0.932,0.91,0.871,0.886,0.889,0.869,0.929,0.019,0.909,0.899,0.88,0.902,0.907,0.875,0.909,0.878,0.916,0.917,0.866,0.868,0.856,0.925,0.927,0.881,0.885
0.898,0.913,0.885,0.892,0.924,0.919,0.921,0.882,0.899,0.878,0.913,0.884,0.924,0.885,0.888,0.915,0.913,1.0,0.947,0.922,0.935,0.947,0.948,0.908,0.919,0.912,0.921,0.883,0.896,0.897,0.883,0.936,0.02,0.93,0.893,0.892,0.921,0.929,0.889,0.918,0.887,0.921,0.921,0.877,0.879,0.868,0.914,0.915,0.884,0.901
0.903,0.914,0.89,0.896,0.927,0.914,0.917,0.878,0.903,0.887,0.915,0.89,0.93,0.89,0.898,0.914,0.911,0.947,1.0,0.918,0.939,0.937,0.939,0.907,0.916,0.91,0.934,0.884,0.902,0.903,0.885,0.93,0.018,0.925,0.892,0.894,0.917,0.927,0.891,0.926,0.889,0.923,0.926,0.879,0.88,0.875,0.911,0.912,0.891,0.899
0.891,0.903,0.88,0.881,0.907,0.901,0.995,0.871,0.899,0.872,0.893,0.879,0.898,0.884,0.886,0.984,0.902,0.922,0.918,1.0,0.913,0.918,0.921,0.897,0.911,0.903,0.901,0.872,0.897,0.893,0.866,0.919,0.019,0.915,0.877,0.884,0.996,0.905,0.888,0.903,0.875,0.908,0.907,0.87,0.869,0.871,0.895,0.896,0.884,0.896
0.897,0.906,0.89,0.89,0.926,0.904,0.914,0.886,0.899,0.877,0.912,0.891,0.925,0.882,0.888,0.908,0.896,0.935,0.939,0.913,1.0,0.935,0.942,0.898,0.909,0.901,0.925,0.89,0.894,0.895,0.879,0.934,0.016,0.933,0.883,0.889,0.913,0.929,0.901,0.925,0.887,0.911,0.922,0.886,0.887,0.872,0.904,0.905,0.88,0.892
0.894,0.913,0.878,0.883,0.918,0.912,0.921,0.87,0.896,0.881,0.914,0.88,0.935,0.883,0.882,0.922,0.919,0.947,0.937,0.918,0.935,1.0,0.973,0.91,0.914,0.912,0.937,0.87,0.89,0.897,0.866,0.937,0.018,0.95,0.888,0.89,0.919,0.928,0.881,0.931,0.876,0.912,0.939,0.865,0.865,0.861,0.911,0.912,0.887,0.89
0.9,0.918,0.88,0.896,0.922,0.924,0.924,0.882,0.901,0.885,0.924,0.892,0.94,0.895,0.895,0.922,0.915,0.948,0.939,0.921,0.942,0.973,1.0,0.916,0.922,0.915,0.944,0.882,0.894,0.902,0.872,0.94,0.018,0.952,0.895,0.897,0.923,0.934,0.892,0.936,0.886,0.917,0.939,0.877,0.877,0.867,0.916,0.917,0.893,0.896
0.888,0.932,0.87,0.875,0.909,0.943,0.898,0.867,0.882,0.888,0.928,0.873,0.919,0.872,0.875,0.9,0.926,0.908,0.907,0.897,0.898,0.91,0.916,1.0,0.923,0.926,0.909,0.868,0.881,0.886,0.861,0.915,0.018,0.909,0.93,0.876,0.896,0.902,0.875,0.919,0.87,0.909,0.909,0.865,0.863,0.847,0.915,0.914,0.878,0.879
0.901,0.937,0.892,0.887,0.916,0.927,0.909,0.883,0.893,0.878,0.907,0.886,0.908,0.884,0.889,0.905,0.926,0.919,0.916,0.911,0.909,0.914,0.922,0.923,1.0,0.926,0.917,0.882,0.892,0.894,0.872,0.935,0.018,0.917,0.908,0.884,0.91,0.922,0.886,0.914,0.885,0.919,0.915,0.88,0.876,0.866,0.912,0.912,0.881,0.886
0.889,0.927,0.869,0.88,0.913,0.929,0.903,0.868,0.888,0.885,0.916,0.873,0.915,0.882,0.883,0.91,0.932,0.912,0.91,0.903,0.901,0.912,0.915,0.926,0.926,1.0,0.914,0.871,0.883,0.888,0.865,0.919,0.019,0.903,0.901,0.882,0.902,0.908,0.877,0.925,0.876,0.919,0.915,0.868,0.865,0.857,0.929,0.928,0.881,0.879
0.898,0.918,0.879,0.887,0.921,0.913,0.903,0.873,0.905,0.884,0.918,0.881,0.937,0.886,0.886,0.903,0.91,0.921,0.934,0.901,0.925,0.937,0.944,0.909,0.917,0.914,1.0,0.872,0.889,0.897,0.871,0.933,0.017,0.927,0.889,0.886,0.902,0.946,0.88,0.931,0.885,0.915,0.951,0.868,0.868,0.865,0.909,0.911,0.885,0.89
0.88,0.881,0.881,0.94,0.89,0.873,0.87,0.971,0.887,0.928,0.859,0.938,0.865,0.941,0.928,0.865,0.871,0.883,0.884,0.872,0.89,0.87,0.882,0.868,0.882,0.871,0.872,1.0,0.896,0.885,0.927,0.889,0.018,0.889,0.844,0.911,0.87,0.884,0.93,0.868,0.941,0.882,0.872,0.987,0.982,0.886,0.869,0.87,0.923,0.902
0.904,0.89,0.893,0.898,0.905,0.895,0.896,0.894,0.904,0.894,0.878,0.899,0.886,0.895,0.894,0.891,0.886,0.896,0.902,0.897,0.894,0.89,0.894,0.881,0.892,0.883,0.889,0.896,1.0,0.912,0.89,0.902,0.019,0.9,0.86,0.897,0.896,0.898,0.9,0.881,0.901,0.895,0.896,0.889,0.893,0.895,0.879,0.881,0.897,0.953
0.918,0.896,0.89,0.895,0.898,0.89,0.894,0.877,0.922,0.893,0.884,0.902,0.891,0.892,0.903,0.892,0.889,0.897,0.903,0.893,0.895,0.897,0.902,0.886,0.894,0.888,0.897,0.885,0.912,1.0,0.884,0.9,0.018,0.893,0.867,0.893,0.894,0.897,0.892,0.894,0.893,0.9,0.898,0.878,0.88,0.885,0.888,0.889,0.896,0.902
0.883,0.874,0.881,0.933,0.885,0.869,0.865,0.929,0.883,0.929,0.853,0.92,0.862,0.922,0.924,0.862,0.869,0.883,0.885,0.866,0.879,0.866,0.872,0.861,0.872,0.865,0.871,0.927,0.89,0.884,1.0,0.884,0.018,0.882,0.839,0.911,0.865,0.875,0.924,0.857,0.953,0.877,0.866,0.928,0.934,0.881,0.857,0.858,0.918,0.897
0.912,0.925,0.893,0.896,0.933,0.918,0.917,0.887,0.904,0.882,0.918,0.893,0.924,0.891,0.891,0.915,0.929,0.936,0.93,0.919,0.934,0.937,0.94,0.915,0.935,0.919,0.933,0.889,0.902,0.9,0.884,1.0,0.017,0.931,0.892,0.889,0.917,0.937,0.898,0.927,0.892,0.921,0.934,0.885,0.886,0.874,0.918,0.919,0.889,0.902
0.02,0.019,0.017,0.019,0.016,0.018,0.019,0.017,0.019,0.021,0.018,0.019,0.018,0.021,0.02,0.019,0.019,0.02,0.018,0.019,0.016,0.018,0.018,0.018,0.018,0.019,0.017,0.018,0.019,0.018,0.018,0.017,1.0,0.017,0.017,0.02,0.019,0.017,0.017,0.018,0.019,0.017,0.017,0.017,0.017,0.016,0.017,0.017,0.019,0.017
0.9,0.911,0.892,0.886,0.923,0.916,0.914,0.891,0.894,0.881,0.904,0.892,0.922,0.88,0.88,0.909,0.909,0.93,0.925,0.915,0.933,0.95,0.952,0.909,0.917,0.903,0.927,0.889,0.9,0.893,0.882,0.931,0.017,1.0,0.882,0.891,0.913,0.927,0.897,0.917,0.888,0.909,0.929,0.887,0.884,0.874,0.899,0.901,0.878,0.906
0.866,0.911,0.841,0.854,0.886,0.926,0.881,0.837,0.859,0.865,0.912,0.861,0.898,0.856,0.86,0.884,0.899,0.893,0.892,0.877,0.883,0.888,0.895,0.93,0.908,0.901,0.889,0.844,0.86,0.867,0.839,0.892,0.017,0.882,1.0,0.855,0.879,0.884,0.854,0.905,0.855,0.898,0.893,0.84,0.837,0.825,0.898,0.897,0.855,0.859
0.889,0.885,0.873,0.927,0.886,0.882,0.884,0.904,0.893,0.918,0.871,0.925,0.883,0.92,0.917,0.882,0.88,0.892,0.894,0.884,0.889,0.89,0.897,0.876,0.884,0.882,0.886,0.911,0.897,0.893,0.911,0.889,0.02,0.891,0.855,1.0,0.883,0.877,0.923,0.876,0.922,0.895,0.879,0.906,0.908,0.87,0.879,0.881,0.917,0.897
0.891,0.904,0.879,0.881,0.905,0.903,0.997,0.869,0.898,0.872,0.893,0.879,0.898,0.884,0.887,0.984,0.902,0.921,0.917,0.996,0.913,0.919,0.923,0.896,0.91,0.902,0.902,0.87,0.896,0.894,0.865,0.917,0.019,0.913,0.879,0.883,1.0,0.905,0.887,0.904,0.875,0.909,0.907,0.868,0.866,0.869,0.894,0.895,0.883,0.892
0.901,0.918,0.887,0.886,0.931,0.916,0.905,0.886,0.897,0.878,0.915,0.883,0.928,0.884,0.884,0.905,0.907,0.929,0.927,0.905,0.929,0.928,0.934,0.902,0.922,0.908,0.946,0.884,0.898,0.897,0.875,0.937,0.017,0.927,0.884,0.877,0.905,1.0,0.892,0.927,0.886,0.915,0.951,0.879,0.882,0.875,0.906,0.908,0.879,0.896
0.878,0.882,0.885,0.923,0.896,0.889,0.887,0.929,0.886,0.915,0.869,0.923,0.875,0.921,0.921,0.881,0.875,0.889,0.891,0.888,0.901,0.881,0.892,0.875,0.886,0.877,0.88,0.93,0.9,0.892,0.924,0.898,0.017,0.897,0.854,0.923,0.887,0.892,1.0,0.88,0.923,0.891,0.882,0.927,0.93,0.883,0.87,0.871,0.92,0.904
0.888,0.915,0.875,0.871,0.922,0.92,0.904,0.868,0.895,0.886,0.933,0.876,0.944,0.879,0.887,0.908,0.909,0.918,0.926,0.903,0.925,0.931,0.936,0.919,0.914,0.925,0.931,0.868,0.881,0.894,0.857,0.927,0.018,0.917,0.905,0.876,0.904,0.927,0.88,1.0,0.87,0.916,0.932,0.862,0.865,0.857,0.921,0.92,0.877,0.883
0.892,0.886,0.883,0.948,0.894,0.879,0.875,0.927,0.894,0.941,0.865,0.938,0.875,0.939,0.938,0.868,0.878,0.887,0.889,0.875,0.887,0.876,0.886,0.87,0.885,0.876,0.885,0.941,0.901,0.893,0.953,0.892,0.019,0.888,0.855,0.922,0.875,0.886,0.923,0.87,1.0,0.893,0.876,0.934,0.935,0.876,0.872,0.873,0.925,0.9
0.899,0.918,0.882,0.891,0.912,0.917,0.908,0.874,0.896,0.887,0.906,0.889,0.914,0.886,0.896,0.909,0.916,0.921,0.923,0.908,0.911,0.912,0.917,0.909,0.919,0.919,0.915,0.882,0.895,0.9,0.877,0.921,0.017,0.909,0.898,0.895,0.909,0.915,0.891,0.916,0.893,1.0,0.921,0.877,0.879,0.863,0.926,0.927,0.889,0.891
0.895,0.916,0.877,0.88,0.927,0.916,0.909,0.87,0.899,0.881,0.925,0.879,0.932,0.885,0.885,0.911,0.917,0.921,0.926,0.907,0.922,0.939,0.939,0.909,0.915,0.915,0.951,0.872,0.896,0.898,0.866,0.934,0.017,0.929,0.893,0.879,0.907,0.951,0.882,0.932,0.876,0.921,1.0,0.868,0.868,0.863,0.914,0.916,0.885,0.893
0.876,0.879,0.881,0.935,0.885,0.87,0.868,0.972,0.882,0.924,0.852,0.93,0.859,0.934,0.92,0.863,0.866,0.877,0.879,0.87,0.886,0.865,0.877,0.865,0.88,0.868,0.868,0.987,0.889,0.878,0.928,0.885,0.017,0.887,0.84,0.906,0.868,0.879,0.927,0.862,0.934,0.877,0.868,1.0,0.987,0.895,0.862,0.863,0.918,0.896
0.878,0.877,0.882,0.937,0.888,0.87,0.866,0.969,0.884,0.927,0.854,0.934,0.861,0.938,0.925,0.863,0.868,0.879,0.88,0.869,0.887,0.865,0.877,0.863,0.876,0.865,0.868,0.982,0.893,0.88,0.934,0.886,0.017,0.884,0.837,0.908,0.866,0.882,0.93,0.865,0.935,0.879,0.868,0.987,1.0,0.894,0.866,0.867,0.918,0.896
0.88,0.867,0.874,0.877,0.879,0.856,0.869,0.887,0.877,0.873,0.848,0.87,0.858,0.879,0.879,0.866,0.856,0.868,0.875,0.871,0.872,0.861,0.867,0.847,0.866,0.857,0.865,0.886,0.895,0.885,0.881,0.874,0.016,0.874,0.825,0.87,0.869,0.875,0.883,0.857,0.876,0.863,0.863,0.895,0.894,1.0,0.858,0.86,0.873,0.916
0.883,0.926,0.867,0.873,0.912,0.931,0.896,0.862,0.889,0.886,0.914,0.881,0.915,0.878,0.883,0.899,0.925,0.914,0.911,0.895,0.904,0.911,0.916,0.915,0.912,0.929,0.909,0.869,0.879,0.888,0.857,0.918,0.017,0.899,0.898,0.879,0.894,0.906,0.87,0.921,0.872,0.926,0.914,0.862,0.866,0.858,1.0,0.998,0.876,0.882
0.885,0.927,0.868,0.875,0.913,0.931,0.897,0.863,0.891,0.886,0.912,0.882,0.915,0.879,0.885,0.9,0.927,0.915,0.912,0.896,0.905,0.912,0.917,0.914,0.912,0.928,0.911,0.87,0.881,0.889,0.858,0.919,0.017,0.901,0.897,0.881,0.895,0.908,0.871,0.92,0.873,0.927,0.916,0.863,0.867,0.86,0.998,1.0,0.878,0.884
0.886,0.892,0.876,0.925,0.883,0.88,0.883,0.918,0.898,0.933,0.871,0.925,0.878,0.936,0.931,0.885,0.881,0.884,0.891,0.884,0.88,0.887,0.893,0.878,0.881,0.881,0.885,0.923,0.897,0.896,0.918,0.889,0.019,0.878,0.855,0.917,0.883,0.879,0.92,0.877,0.925,0.889,0.885,0.918,0.918,0.873,0.876,0.878,1.0,0.897
0.901,0.886,0.892,0.894,0.903,0.889,0.891,0.904,0.899,0.889,0.881,0.893,0.887,0.892,0.895,0.885,0.885,0.901,0.899,0.896,0.892,0.89,0.896,0.879,0.886,0.879,0.89,0.902,0.953,0.902,0.897,0.902,0.017,0.906,0.859,0.897,0.892,0.896,0.904,0.883,0.9,0.891,0.893,0.896,0.896,0.916,0.882,0.884,0.897,1.0
