GCF_000163235.1_ASM16323v1_genomic.fna,GCF_000164555.1_ASM16455v1_genomic.fna,GCF_000208545.1_ASM20854v2_genomic.fna,GCF_000233875.1_ASM23387v1_genomic.fna,GCF_000249735.1_ASM24973v2_genomic.fna,GCF_000261145.1_Esch_coli_M919_V2_genomic.fna,GCF_000267705.2_ASM26770v2_genomic.fna,GCF_000350665.1_Esch_coli_KTE5_V1_genomic.fna,GCF_000351625.1_Esch_coli_KTE66_V1_genomic.fna,GCF_000352285.1_Esch_coli_KTE46_V1_genomic.fna,GCF_000358895.1_ASM35889v1_genomic.fna,GCF_000456385.1_Esch_coli_HVH_26_4-5703913_V1_genomic.fna,GCF_000458195.1_Esch_coli_HVH_147_4-5893887_V1_genomic.fna,GCF_000459755.1_Esch_coli_KOEGE_58_171a_V1_genomic.fna,GCF_000460055.1_Esch_coli_UMEA_3053-1_V1_genomic.fna,GCF_000462165.2_ASM46216v2_genomic.fna,GCF_000601135.1_ASM60113v1_genomic.fna,GCF_000614595.1_Ec2010EL1058_genomic.fna,GCF_000617745.1_Ec2010C-4529_genomic.fna,GCF_000618265.2_EcF6751_genomic.fna,GCF_000619005.2_Ec2009C-4052_genomic.fna,GCF_000619105.1_Ec2009C-4780_genomic.fna,GCF_000619765.2_Ec2009C-3279_genomic.fna,GCF_000687005.1_ASM68700v1_genomic.fna,GCF_000687025.1_ASM68702v1_genomic.fna,GCF_000700125.1_ASM70012v1_genomic.fna,GCF_000753315.1_FHI35_genomic.fna,GCF_000776375.1_ASM77637v1_genomic.fna,GCF_000779395.1_ASM77939v1_genomic.fna,GCF_000780315.1_ASM78031v1_genomic.fna,GCF_000781995.1_ASM78199v1_genomic.fna,GCF_000986765.1_ASM98676v1_genomic.fna,GCF_001041375.1_ViralProj287958_genomic.fna,GCF_001265335.1_302014_genomic.fna,GCF_001265625.1_100854_genomic.fna,GCF_001267345.1_303289_genomic.fna,GCF_001309985.1_ASM130998v1_genomic.fna,GCF_001521695.1_ASM152169v1_genomic.fna,GCF_001592595.1_ASM159259v1_genomic.fna,GCF_001614975.1_ASM161497v1_genomic.fna,GCF_001692775.1_ASM169277v1_genomic.fna,GCF_001748915.1_ASM174891v1_genomic.fna,GCF_001749235.1_ASM174923v1_genomic.fna,GCF_001881155.1_ASM188115v1_genomic.fna,GCF_001881345.1_ASM188134v1_genomic.fna,GCF_001892405.1_ASM189240v1_genomic.fna,GCF_001892585.1_ASM189258v1_genomic.fna,GCF_001893985.1_ASM189398v1_genomic.fna,GCF_002001595.1_ASM200159v1_genomic.fna,GCF_002002145.1_ASM200214v1_genomic.fna
1.0,0.566,0.48,0.502,0.537,0.529,0.55,0.498,0.652,0.482,0.504,0.517,0.507,0.49,0.485,0.547,0.53,0.523,0.542,0.549,0.52,0.516,0.543,0.543,0.541,0.522,0.527,0.495,0.585,0.646,0.482,0.542,0.0,0.521,0.498,0.497,0.55,0.545,0.491,0.52,0.494,0.511,0.519,0.504,0.514,0.564,0.516,0.518,0.473,0.604
0.566,1.0,0.442,0.487,0.655,0.784,0.594,0.503,0.52,0.486,0.61,0.509,0.62,0.475,0.48,0.593,0.72,0.64,0.638,0.587,0.616,0.636,0.649,0.789,0.815,0.725,0.64,0.498,0.532,0.555,0.476,0.663,0.0,0.631,0.744,0.466,0.588,0.67,0.484,0.627,0.48,0.697,0.638,0.521,0.524,0.495,0.703,0.705,0.491,0.53
0.48,0.442,1.0,0.385,0.417,0.418,0.423,0.38,0.453,0.382,0.399,0.397,0.404,0.39,0.391,0.426,0.417,0.4,0.423,0.422,0.409,0.411,0.418,0.418,0.42,0.412,0.413,0.384,0.436,0.484,0.386,0.412,0.0,0.404,0.388,0.398,0.423,0.421,0.4,0.407,0.402,0.414,0.41,0.398,0.389,0.421,0.421,0.422,0.409,0.447
0.502,0.487,0.385,1.0,0.491,0.49,0.482,0.725,0.484,0.732,0.475,0.751,0.487,0.787,0.791,0.484,0.484,0.479,0.478,0.473,0.454,0.486,0.49,0.507,0.501,0.491,0.483,0.763,0.513,0.493,0.746,0.48,0.0,0.488,0.484,0.668,0.473,0.483,0.682,0.482,0.765,0.463,0.499,0.746,0.749,0.479,0.472,0.471,0.68,0.519
0.537,0.655,0.417,0.491,1.0,0.685,0.583,0.508,0.523,0.479,0.782,0.504,0.73,0.494,0.495,0.597,0.657,0.699,0.702,0.573,0.712,0.727,0.719,0.667,0.679,0.647,0.734,0.494,0.532,0.546,0.486,0.701,0.0,0.721,0.65,0.487,0.572,0.754,0.493,0.736,0.495,0.657,0.739,0.497,0.503,0.467,0.694,0.694,0.488,0.522
0.529,0.784,0.418,0.49,0.685,1.0,0.605,0.505,0.518,0.472,0.627,0.498,0.644,0.496,0.488,0.615,0.721,0.671,0.675,0.597,0.631,0.665,0.673,0.795,0.828,0.716,0.648,0.495,0.549,0.547,0.483,0.65,0.0,0.667,0.778,0.488,0.597,0.696,0.515,0.66,0.486,0.719,0.666,0.502,0.501,0.485,0.736,0.738,0.493,0.542
0.55,0.594,0.423,0.482,0.583,0.605,1.0,0.473,0.541,0.459,0.566,0.475,0.57,0.47,0.475,0.952,0.584,0.625,0.627,0.982,0.633,0.623,0.65,0.595,0.597,0.584,0.589,0.464,0.525,0.565,0.469,0.609,0.0,0.597,0.578,0.497,0.985,0.576,0.492,0.586,0.467,0.584,0.582,0.471,0.473,0.491,0.569,0.57,0.462,0.536
0.498,0.503,0.38,0.725,0.508,0.505,0.473,1.0,0.492,0.708,0.468,0.721,0.478,0.724,0.715,0.48,0.482,0.486,0.489,0.464,0.453,0.495,0.494,0.517,0.501,0.487,0.488,0.898,0.527,0.501,0.73,0.473,0.0,0.484,0.468,0.648,0.464,0.513,0.689,0.488,0.733,0.476,0.482,0.9,0.89,0.488,0.478,0.48,0.688,0.516
0.652,0.52,0.453,0.484,0.523,0.518,0.541,0.492,1.0,0.484,0.505,0.49,0.514,0.494,0.486,0.54,0.507,0.529,0.533,0.533,0.517,0.528,0.538,0.528,0.517,0.502,0.529,0.484,0.588,0.679,0.487,0.512,0.0,0.518,0.492,0.495,0.533,0.525,0.494,0.524,0.485,0.517,0.528,0.49,0.49,0.544,0.512,0.513,0.481,0.605
0.482,0.486,0.382,0.732,0.479,0.472,0.459,0.708,0.484,1.0,0.492,0.709,0.503,0.723,0.719,0.467,0.464,0.462,0.464,0.451,0.44,0.473,0.46,0.497,0.476,0.48,0.473,0.726,0.49,0.489,0.737,0.444,0.0,0.477,0.487,0.654,0.451,0.471,0.666,0.484,0.745,0.46,0.474,0.707,0.713,0.46,0.467,0.466,0.681,0.493
0.504,0.61,0.399,0.475,0.782,0.627,0.566,0.468,0.505,0.492,1.0,0.474,0.792,0.473,0.471,0.582,0.625,0.702,0.681,0.556,0.693,0.724,0.699,0.672,0.626,0.649,0.719,0.477,0.502,0.528,0.457,0.664,0.0,0.707,0.682,0.485,0.555,0.709,0.472,0.74,0.463,0.638,0.732,0.466,0.469,0.453,0.648,0.647,0.466,0.504
0.517,0.509,0.397,0.751,0.504,0.498,0.475,0.721,0.49,0.709,0.474,1.0,0.486,0.756,0.858,0.48,0.494,0.482,0.484,0.466,0.469,0.494,0.489,0.511,0.507,0.496,0.503,0.738,0.516,0.52,0.719,0.475,0.0,0.491,0.477,0.654,0.467,0.492,0.691,0.492,0.75,0.473,0.498,0.726,0.731,0.477,0.492,0.493,0.673,0.514
0.507,0.62,0.404,0.487,0.73,0.644,0.57,0.478,0.514,0.503,0.792,0.486,1.0,0.479,0.486,0.586,0.638,0.728,0.73,0.561,0.73,0.797,0.768,0.688,0.639,0.666,0.779,0.489,0.507,0.542,0.47,0.697,0.0,0.787,0.685,0.492,0.561,0.755,0.481,0.789,0.479,0.648,0.782,0.473,0.472,0.445,0.661,0.66,0.47,0.506
0.49,0.475,0.39,0.787,0.494,0.496,0.47,0.724,0.494,0.723,0.473,0.756,0.479,1.0,0.79,0.476,0.477,0.474,0.476,0.461,0.444,0.483,0.474,0.493,0.492,0.481,0.477,0.756,0.515,0.498,0.742,0.47,0.0,0.482,0.479,0.673,0.46,0.485,0.695,0.477,0.762,0.469,0.493,0.737,0.739,0.488,0.473,0.472,0.693,0.516
0.485,0.48,0.391,0.791,0.495,0.488,0.475,0.715,0.486,0.719,0.471,0.858,0.486,0.79,1.0,0.482,0.483,0.476,0.478,0.466,0.456,0.489,0.481,0.495,0.49,0.486,0.494,0.746,0.51,0.504,0.748,0.462,0.0,0.487,0.477,0.662,0.466,0.481,0.694,0.489,0.768,0.466,0.49,0.723,0.727,0.476,0.482,0.481,0.683,0.52
0.547,0.593,0.426,0.484,0.597,0.615,0.952,0.48,0.54,0.467,0.582,0.48,0.586,0.476,0.482,1.0,0.589,0.624,0.635,0.945,0.622,0.635,0.657,0.6,0.602,0.59,0.598,0.469,0.53,0.571,0.475,0.593,0.0,0.602,0.589,0.502,0.944,0.591,0.502,0.596,0.48,0.598,0.59,0.477,0.476,0.493,0.581,0.582,0.475,0.533
0.53,0.72,0.417,0.484,0.657,0.721,0.584,0.482,0.507,0.464,0.625,0.494,0.638,0.477,0.483,0.589,1.0,0.651,0.639,0.575,0.626,0.661,0.668,0.752,0.751,0.767,0.65,0.491,0.518,0.528,0.47,0.678,0.0,0.667,0.704,0.495,0.576,0.648,0.492,0.648,0.476,0.686,0.652,0.493,0.5,0.453,0.704,0.704,0.469,0.508
0.523,0.64,0.4,0.479,0.699,0.671,0.625,0.486,0.529,0.462,0.702,0.482,0.728,0.474,0.476,0.624,0.651,1.0,0.778,0.615,0.742,0.759,0.747,0.67,0.668,0.654,0.731,0.48,0.516,0.543,0.469,0.696,0.0,0.721,0.651,0.509,0.614,0.716,0.495,0.728,0.467,0.658,0.724,0.481,0.484,0.464,0.673,0.671,0.464,0.521
0.542,0.638,0.423,0.478,0.702,0.675,0.627,0.489,0.533,0.464,0.681,0.484,0.73,0.476,0.478,0.635,0.639,0.778,1.0,0.619,0.753,0.765,0.764,0.659,0.66,0.646,0.733,0.478,0.53,0.559,0.47,0.699,0.0,0.719,0.651,0.509,0.617,0.721,0.501,0.727,0.472,0.656,0.719,0.485,0.487,0.479,0.662,0.663,0.467,0.538
0.549,0.587,0.422,0.473,0.573,0.597,0.982,0.464,0.533,0.451,0.556,0.466,0.561,0.461,0.466,0.945,0.575,0.615,0.619,1.0,0.625,0.614,0.642,0.583,0.592,0.573,0.58,0.455,0.516,0.557,0.462,0.604,0.0,0.586,0.57,0.489,0.995,0.566,0.483,0.577,0.46,0.575,0.573,0.462,0.464,0.491,0.559,0.56,0.453,0.527
0.52,0.616,0.409,0.454,0.712,0.631,0.633,0.453,0.517,0.44,0.693,0.469,0.73,0.444,0.456,0.622,0.626,0.742,0.753,0.625,1.0,0.762,0.787,0.636,0.624,0.634,0.738,0.454,0.516,0.537,0.451,0.727,0.0,0.743,0.618,0.477,0.625,0.724,0.472,0.738,0.458,0.625,0.726,0.459,0.461,0.464,0.648,0.65,0.443,0.523
0.516,0.636,0.411,0.486,0.727,0.665,0.623,0.495,0.528,0.473,0.724,0.494,0.797,0.483,0.489,0.635,0.661,0.759,0.765,0.614,0.762,1.0,0.916,0.668,0.665,0.658,0.77,0.493,0.523,0.538,0.475,0.728,0.0,0.873,0.65,0.503,0.614,0.746,0.494,0.769,0.484,0.651,0.771,0.487,0.485,0.46,0.663,0.661,0.478,0.522
0.543,0.649,0.418,0.49,0.719,0.673,0.65,0.494,0.538,0.46,0.699,0.489,0.768,0.474,0.481,0.657,0.668,0.747,0.764,0.642,0.787,0.916,1.0,0.661,0.669,0.655,0.76,0.485,0.533,0.545,0.475,0.749,0.0,0.848,0.634,0.495,0.64,0.745,0.5,0.743,0.479,0.655,0.74,0.493,0.494,0.463,0.658,0.659,0.472,0.53
0.543,0.789,0.418,0.507,0.667,0.795,0.595,0.517,0.528,0.497,0.672,0.511,0.688,0.493,0.495,0.6,0.752,0.67,0.659,0.583,0.636,0.668,0.661,1.0,0.822,0.771,0.661,0.509,0.523,0.554,0.482,0.649,0.0,0.673,0.822,0.505,0.585,0.664,0.485,0.674,0.491,0.719,0.674,0.499,0.503,0.474,0.721,0.722,0.484,0.521
0.541,0.815,0.42,0.501,0.679,0.828,0.597,0.501,0.517,0.476,0.626,0.507,0.639,0.492,0.49,0.602,0.751,0.668,0.66,0.592,0.624,0.665,0.669,0.822,1.0,0.769,0.663,0.498,0.528,0.545,0.49,0.679,0.0,0.657,0.793,0.487,0.592,0.678,0.5,0.653,0.491,0.713,0.661,0.515,0.504,0.494,0.733,0.732,0.503,0.526
0.522,0.725,0.412,0.491,0.647,0.716,0.584,0.487,0.502,0.48,0.649,0.496,0.666,0.481,0.486,0.59,0.767,0.654,0.646,0.573,0.634,0.658,0.655,0.771,0.769,1.0,0.656,0.494,0.507,0.535,0.477,0.626,0.0,0.651,0.731,0.493,0.575,0.645,0.484,0.671,0.481,0.695,0.656,0.497,0.486,0.469,0.711,0.711,0.486,0.513
0.527,0.64,0.413,0.483,0.734,0.648,0.589,0.488,0.529,0.473,0.719,0.503,0.779,0.477,0.494,0.598,0.65,0.731,0.733,0.58,0.738,0.77,0.76,0.661,0.663,0.656,1.0,0.488,0.515,0.543,0.473,0.729,0.0,0.76,0.643,0.493,0.58,0.819,0.48,0.781,0.481,0.647,0.842,0.494,0.487,0.465,0.665,0.663,0.479,0.517
0.495,0.498,0.384,0.763,0.494,0.495,0.464,0.898,0.484,0.726,0.477,0.738,0.489,0.756,0.746,0.469,0.491,0.48,0.478,0.455,0.454,0.493,0.485,0.509,0.498,0.494,0.488,1.0,0.523,0.493,0.732,0.475,0.0,0.497,0.481,0.657,0.455,0.501,0.679,0.488,0.756,0.469,0.493,0.956,0.941,0.484,0.479,0.479,0.692,0.51
0.585,0.532,0.436,0.513,0.532,0.549,0.525,0.527,0.588,0.49,0.502,0.516,0.507,0.515,0.51,0.53,0.518,0.516,0.53,0.516,0.516,0.523,0.533,0.523,0.528,0.507,0.515,0.523,1.0,0.579,0.52,0.524,0.0,0.517,0.502,0.515,0.517,0.53,0.523,0.517,0.518,0.51,0.519,0.524,0.532,0.601,0.499,0.5,0.512,0.838
0.646,0.555,0.484,0.493,0.546,0.547,0.565,0.501,0.679,0.489,0.528,0.52,0.542,0.498,0.504,0.571,0.528,0.543,0.559,0.557,0.537,0.538,0.545,0.554,0.545,0.535,0.543,0.493,0.579,1.0,0.503,0.526,0.0,0.529,0.527,0.503,0.557,0.542,0.504,0.554,0.512,0.543,0.539,0.5,0.5,0.57,0.542,0.543,0.5,0.601
0.482,0.476,0.386,0.746,0.486,0.483,0.469,0.73,0.487,0.737,0.457,0.719,0.47,0.742,0.748,0.475,0.47,0.469,0.47,0.462,0.451,0.475,0.475,0.482,0.49,0.477,0.473,0.732,0.52,0.503,1.0,0.461,0.0,0.473,0.462,0.651,0.462,0.478,0.693,0.472,0.893,0.463,0.469,0.725,0.73,0.483,0.477,0.476,0.689,0.523
0.542,0.663,0.412,0.48,0.701,0.65,0.609,0.473,0.512,0.444,0.664,0.475,0.697,0.47,0.462,0.593,0.678,0.696,0.699,0.604,0.727,0.728,0.749,0.649,0.679,0.626,0.729,0.475,0.524,0.526,0.461,1.0,0.0,0.712,0.605,0.47,0.603,0.741,0.477,0.725,0.454,0.637,0.731,0.482,0.487,0.464,0.649,0.65,0.451,0.511
0.0,0.0,0.0,0.0,0.0,0.0,0.0,0.0,0.0,0.0,0.0,0.0,0.0,0.0,0.0,0.0,0.0,0.0,0.0,0.0,0.0,0.0,0.0,0.0,0.0,0.0,0.0,0.0,0.0,0.0,0.0,0.0,1.0,0.0,0.0,0.0,0.0,0.0,0.0,0.0,0.0,0.0,0.0,0.0,0.0,0.0,0.0,0.0,0.0,0.0
0.521,0.631,0.404,0.488,0.721,0.667,0.597,0.484,0.518,0.477,0.707,0.491,0.787,0.482,0.487,0.602,0.667,0.721,0.719,0.586,0.743,0.873,0.848,0.673,0.657,0.651,0.76,0.497,0.517,0.529,0.473,0.712,0.0,1.0,0.653,0.516,0.587,0.74,0.496,0.757,0.472,0.639,0.759,0.484,0.488,0.454,0.665,0.664,0.476,0.519
0.498,0.744,0.388,0.484,0.65,0.778,0.578,0.468,0.492,0.487,0.682,0.477,0.685,0.479,0.477,0.589,0.704,0.651,0.651,0.57,0.618,0.65,0.634,0.822,0.793,0.731,0.643,0.481,0.502,0.527,0.462,0.605,0.0,0.653,1.0,0.49,0.57,0.633,0.473,0.658,0.469,0.687,0.664,0.466,0.472,0.453,0.688,0.687,0.459,0.499
0.497,0.466,0.398,0.668,0.487,0.488,0.497,0.648,0.495,0.654,0.485,0.654,0.492,0.673,0.662,0.502,0.495,0.509,0.509,0.489,0.477,0.503,0.495,0.505,0.487,0.493,0.493,0.657,0.515,0.503,0.651,0.47,0.0,0.516,0.49,1.0,0.49,0.476,0.674,0.503,0.66,0.47,0.496,0.646,0.651,0.474,0.467,0.466,0.642,0.524
0.55,0.588,0.423,0.473,0.572,0.597,0.985,0.464,0.533,0.451,0.555,0.467,0.561,0.46,0.466,0.944,0.576,0.614,0.617,0.995,0.625,0.614,0.64,0.585,0.592,0.575,0.58,0.455,0.517,0.557,0.462,0.603,0.0,0.587,0.57,0.49,1.0,0.565,0.483,0.577,0.46,0.574,0.572,0.462,0.464,0.491,0.56,0.561,0.452,0.528
0.545,0.67,0.421,0.483,0.754,0.696,0.576,0.513,0.525,0.471,0.709,0.492,0.755,0.485,0.481,0.591,0.648,0.716,0.721,0.566,0.724,0.746,0.745,0.664,0.678,0.645,0.819,0.501,0.53,0.542,0.478,0.741,0.0,0.74,0.633,0.476,0.565,1.0,0.497,0.761,0.482,0.663,0.855,0.51,0.498,0.472,0.695,0.697,0.482,0.526
0.491,0.484,0.4,0.682,0.493,0.515,0.492,0.689,0.494,0.666,0.472,0.691,0.481,0.695,0.694,0.502,0.492,0.495,0.501,0.483,0.472,0.494,0.5,0.485,0.5,0.484,0.48,0.679,0.523,0.504,0.693,0.477,0.0,0.496,0.473,0.674,0.483,0.497,1.0,0.484,0.695,0.484,0.487,0.692,0.69,0.485,0.492,0.492,0.673,0.515
0.52,0.627,0.407,0.482,0.736,0.66,0.586,0.488,0.524,0.484,0.74,0.492,0.789,0.477,0.489,0.596,0.648,0.728,0.727,0.577,0.738,0.769,0.743,0.674,0.653,0.671,0.781,0.488,0.517,0.554,0.472,0.725,0.0,0.757,0.658,0.503,0.577,0.761,0.484,1.0,0.481,0.645,0.791,0.481,0.483,0.472,0.676,0.675,0.47,0.534
0.494,0.48,0.402,0.765,0.495,0.486,0.467,0.733,0.485,0.745,0.463,0.75,0.479,0.762,0.768,0.48,0.476,0.467,0.472,0.46,0.458,0.484,0.479,0.491,0.491,0.481,0.481,0.756,0.518,0.512,0.893,0.454,0.0,0.472,0.469,0.66,0.46,0.482,0.695,0.481,1.0,0.474,0.477,0.744,0.743,0.484,0.481,0.48,0.698,0.523
0.511,0.697,0.414,0.463,0.657,0.719,0.584,0.476,0.517,0.46,0.638,0.473,0.648,0.469,0.466,0.598,0.686,0.658,0.656,0.575,0.625,0.651,0.655,0.719,0.713,0.695,0.647,0.469,0.51,0.543,0.463,0.637,0.0,0.639,0.687,0.47,0.574,0.663,0.484,0.645,0.474,1.0,0.682,0.477,0.473,0.46,0.737,0.738,0.465,0.507
0.519,0.638,0.41,0.499,0.739,0.666,0.582,0.482,0.528,0.474,0.732,0.498,0.782,0.493,0.49,0.59,0.652,0.724,0.719,0.573,0.726,0.771,0.74,0.674,0.661,0.656,0.842,0.493,0.519,0.539,0.469,0.731,0.0,0.759,0.664,0.496,0.572,0.855,0.487,0.791,0.477,0.682,1.0,0.484,0.483,0.468,0.678,0.676,0.471,0.521
0.504,0.521,0.398,0.746,0.497,0.502,0.471,0.9,0.49,0.707,0.466,0.726,0.473,0.737,0.723,0.477,0.493,0.481,0.485,0.462,0.459,0.487,0.493,0.499,0.515,0.497,0.494,0.956,0.524,0.5,0.725,0.482,0.0,0.484,0.466,0.646,0.462,0.51,0.692,0.481,0.744,0.477,0.484,1.0,0.959,0.497,0.48,0.481,0.7,0.516
0.514,0.524,0.389,0.749,0.503,0.501,0.473,0.89,0.49,0.713,0.469,0.731,0.472,0.739,0.727,0.476,0.5,0.484,0.487,0.464,0.461,0.485,0.494,0.503,0.504,0.486,0.487,0.941,0.532,0.5,0.73,0.487,0.0,0.488,0.472,0.651,0.464,0.498,0.69,0.483,0.743,0.473,0.483,0.959,1.0,0.489,0.488,0.489,0.688,0.518
0.564,0.495,0.421,0.479,0.467,0.485,0.491,0.488,0.544,0.46,0.453,0.477,0.445,0.488,0.476,0.493,0.453,0.464,0.479,0.491,0.464,0.46,0.463,0.474,0.494,0.469,0.465,0.484,0.601,0.57,0.483,0.464,0.0,0.454,0.453,0.474,0.491,0.472,0.485,0.472,0.484,0.46,0.468,0.497,0.489,1.0,0.482,0.483,0.475,0.667
0.516,0.703,0.421,0.472,0.694,0.736,0.569,0.478,0.512,0.467,0.648,0.492,0.661,0.473,0.482,0.581,0.704,0.673,0.662,0.559,0.648,0.663,0.658,0.721,0.733,0.711,0.665,0.479,0.499,0.542,0.477,0.649,0.0,0.665,0.688,0.467,0.56,0.695,0.492,0.676,0.481,0.737,0.678,0.48,0.488,0.482,1.0,0.995,0.473,0.517
0.518,0.705,0.422,0.471,0.694,0.738,0.57,0.48,0.513,0.466,0.647,0.493,0.66,0.472,0.481,0.582,0.704,0.671,0.663,0.56,0.65,0.661,0.659,0.722,0.732,0.711,0.663,0.479,0.5,0.543,0.476,0.65,0.0,0.664,0.687,0.466,0.561,0.697,0.492,0.675,0.48,0.738,0.676,0.481,0.489,0.483,0.995,1.0,0.471,0.518
0.473,0.491,0.409,0.68,0.488,0.493,0.462,0.688,0.481,0.681,0.466,0.673,0.47,0.693,0.683,0.475,0.469,0.464,0.467,0.453,0.443,0.478,0.472,0.484,0.503,0.486,0.479,0.692,0.512,0.5,0.689,0.451,0.0,0.476,0.459,0.642,0.452,0.482,0.673,0.47,0.698,0.465,0.471,0.7,0.688,0.475,0.473,0.471,1.0,0.511
0.604,0.53,0.447,0.519,0.522,0.542,0.536,0.516,0.605,0.493,0.504,0.514,0.506,0.516,0.52,0.533,0.508,0.521,0.538,0.527,0.523,0.522,0.53,0.521,0.526,0.513,0.517,0.51,0.838,0.601,0.523,0.511,0.0,0.519,0.499,0.524,0.528,0.526,0.515,0.534,0.523,0.507,0.521,0.516,0.518,0.667,0.517,0.518,0.511,1.0
