GCF_000163235.1_ASM16323v1_genomic.fna,GCF_000164555.1_ASM16455v1_genomic.fna,GCF_000208545.1_ASM20854v2_genomic.fna,GCF_000233875.1_ASM23387v1_genomic.fna,GCF_000249735.1_ASM24973v2_genomic.fna,GCF_000261145.1_Esch_coli_M919_V2_genomic.fna,GCF_000267705.2_ASM26770v2_genomic.fna,GCF_000350665.1_Esch_coli_KTE5_V1_genomic.fna,GCF_000351625.1_Esch_coli_KTE66_V1_genomic.fna,GCF_000352285.1_Esch_coli_KTE46_V1_genomic.fna,GCF_000358895.1_ASM35889v1_genomic.fna,GCF_000456385.1_Esch_coli_HVH_26_4-5703913_V1_genomic.fna,GCF_000458195.1_Esch_coli_HVH_147_4-5893887_V1_genomic.fna,GCF_000459755.1_Esch_coli_KOEGE_58_171a_V1_genomic.fna,GCF_000460055.1_Esch_coli_UMEA_3053-1_V1_genomic.fna,GCF_000462165.2_ASM46216v2_genomic.fna,GCF_000601135.1_ASM60113v1_genomic.fna,GCF_000614595.1_Ec2010EL1058_genomic.fna,GCF_000617745.1_Ec2010C-4529_genomic.fna,GCF_000618265.2_EcF6751_genomic.fna,GCF_000619005.2_Ec2009C-4052_genomic.fna,GCF_000619105.1_Ec2009C-4780_genomic.fna,GCF_000619765.2_Ec2009C-3279_genomic.fna,GCF_000687005.1_ASM68700v1_genomic.fna,GCF_000687025.1_ASM68702v1_genomic.fna,GCF_000700125.1_ASM70012v1_genomic.fna,GCF_000753315.1_FHI35_genomic.fna,GCF_000776375.1_ASM77637v1_genomic.fna,GCF_000779395.1_ASM77939v1_genomic.fna,GCF_000780315.1_ASM78031v1_genomic.fna,GCF_000781995.1_ASM78199v1_genomic.fna,GCF_000986765.1_ASM98676v1_genomic.fna,GCF_001041375.1_ViralProj287958_genomic.fna,GCF_001265335.1_302014_genomic.fna,GCF_001265625.1_100854_genomic.fna,GCF_001267345.1_303289_genomic.fna,GCF_001309985.1_ASM130998v1_genomic.fna,GCF_001521695.1_ASM152169v1_genomic.fna,GCF_001592595.1_ASM159259v1_genomic.fna,GCF_001614975.1_ASM161497v1_genomic.fna,GCF_001692775.1_ASM169277v1_genomic.fna,GCF_001748915.1_ASM174891v1_genomic.fna,GCF_001749235.1_ASM174923v1_genomic.fna,GCF_001881155.1_ASM188115v1_genomic.fna,GCF_001881345.1_ASM188134v1_genomic.fna,GCF_001892405.1_ASM189240v1_genomic.fna,GCF_001892585.1_ASM189258v1_genomic.fna,GCF_001893985.1_ASM189398v1_genomic.fna,GCF_002001595.1_ASM200159v1_genomic.fna,GCF_002002145.1_ASM200214v1_genomic.fna
1.0,0.5,0.423,0.458,0.49,0.505,0.492,0.484,0.596,0.468,0.51,0.461,0.504,0.444,0.44,0.503,0.514,0.494,0.503,0.489,0.47,0.505,0.513,0.519,0.504,0.492,0.503,0.481,0.536,0.614,0.436,0.489,0.0,0.505,0.466,0.481,0.49,0.506,0.448,0.505,0.457,0.488,0.493,0.479,0.49,0.483,0.467,0.468,0.459,0.536
0.5,1.0,0.383,0.424,0.638,0.799,0.533,0.444,0.476,0.433,0.611,0.45,0.62,0.409,0.418,0.534,0.724,0.61,0.614,0.532,0.586,0.594,0.599,0.812,0.809,0.72,0.609,0.434,0.472,0.488,0.426,0.642,0.0,0.593,0.748,0.42,0.532,0.628,0.426,0.6,0.429,0.692,0.615,0.45,0.451,0.435,0.692,0.693,0.435,0.472
0.423,0.383,1.0,0.328,0.365,0.37,0.353,0.348,0.395,0.334,0.37,0.326,0.367,0.328,0.322,0.359,0.373,0.358,0.365,0.351,0.337,0.358,0.365,0.376,0.373,0.357,0.361,0.343,0.391,0.405,0.317,0.367,0.0,0.365,0.335,0.345,0.352,0.365,0.342,0.363,0.333,0.355,0.373,0.355,0.346,0.349,0.354,0.355,0.328,0.389
0.458,0.424,0.328,1.0,0.399,0.429,0.412,0.696,0.436,0.731,0.42,0.71,0.419,0.761,0.751,0.419,0.417,0.413,0.425,0.408,0.384,0.415,0.415,0.43,0.433,0.415,0.41,0.752,0.467,0.434,0.718,0.419,0.0,0.409,0.398,0.651,0.411,0.411,0.673,0.415,0.747,0.414,0.396,0.731,0.732,0.445,0.396,0.396,0.661,0.454
0.49,0.638,0.365,0.399,1.0,0.639,0.538,0.435,0.473,0.429,0.758,0.425,0.715,0.387,0.41,0.537,0.632,0.666,0.681,0.537,0.69,0.674,0.68,0.63,0.618,0.616,0.683,0.418,0.463,0.49,0.413,0.706,0.0,0.68,0.586,0.418,0.536,0.705,0.429,0.706,0.423,0.625,0.699,0.42,0.428,0.431,0.646,0.649,0.409,0.458
0.505,0.799,0.37,0.429,0.639,1.0,0.568,0.458,0.486,0.432,0.624,0.441,0.623,0.412,0.425,0.565,0.724,0.63,0.626,0.566,0.586,0.607,0.621,0.814,0.822,0.712,0.622,0.443,0.496,0.488,0.427,0.63,0.0,0.611,0.771,0.438,0.566,0.644,0.443,0.616,0.434,0.717,0.638,0.448,0.448,0.425,0.707,0.709,0.426,0.487
0.492,0.533,0.353,0.412,0.538,0.568,1.0,0.424,0.481,0.41,0.533,0.413,0.544,0.405,0.416,0.953,0.55,0.589,0.587,0.981,0.565,0.573,0.591,0.563,0.556,0.541,0.562,0.419,0.463,0.481,0.41,0.561,0.0,0.57,0.533,0.438,0.987,0.544,0.421,0.547,0.416,0.544,0.552,0.422,0.427,0.428,0.534,0.535,0.403,0.46
0.484,0.444,0.348,0.696,0.435,0.458,0.424,1.0,0.452,0.711,0.424,0.701,0.434,0.694,0.683,0.425,0.445,0.432,0.451,0.424,0.406,0.426,0.434,0.458,0.45,0.437,0.431,0.898,0.48,0.45,0.708,0.434,0.0,0.429,0.409,0.632,0.423,0.452,0.676,0.452,0.717,0.437,0.436,0.906,0.892,0.457,0.421,0.42,0.652,0.467
0.596,0.476,0.395,0.436,0.473,0.486,0.481,0.452,1.0,0.442,0.479,0.443,0.479,0.434,0.437,0.475,0.484,0.47,0.482,0.479,0.45,0.472,0.472,0.48,0.47,0.466,0.481,0.448,0.505,0.602,0.439,0.477,0.0,0.469,0.445,0.451,0.478,0.476,0.44,0.482,0.441,0.474,0.49,0.449,0.452,0.478,0.46,0.46,0.421,0.528
0.468,0.433,0.334,0.731,0.429,0.432,0.41,0.711,0.442,1.0,0.453,0.681,0.45,0.739,0.697,0.423,0.42,0.421,0.44,0.409,0.404,0.429,0.422,0.438,0.436,0.431,0.427,0.741,0.472,0.443,0.736,0.418,0.0,0.424,0.41,0.656,0.409,0.433,0.697,0.442,0.752,0.421,0.416,0.725,0.734,0.455,0.41,0.409,0.696,0.462
0.51,0.611,0.37,0.42,0.758,0.624,0.533,0.424,0.479,0.453,1.0,0.411,0.774,0.424,0.41,0.547,0.628,0.679,0.702,0.529,0.673,0.719,0.701,0.652,0.634,0.631,0.719,0.439,0.485,0.501,0.41,0.678,0.0,0.695,0.628,0.445,0.53,0.707,0.414,0.74,0.428,0.627,0.701,0.424,0.427,0.412,0.619,0.621,0.424,0.47
0.461,0.45,0.326,0.71,0.425,0.441,0.413,0.701,0.443,0.681,0.411,1.0,0.415,0.699,0.849,0.409,0.425,0.408,0.429,0.413,0.4,0.406,0.417,0.437,0.429,0.416,0.405,0.696,0.46,0.436,0.7,0.424,0.0,0.41,0.4,0.612,0.411,0.421,0.676,0.415,0.722,0.42,0.414,0.701,0.709,0.451,0.414,0.413,0.629,0.459
0.504,0.62,0.367,0.419,0.715,0.623,0.544,0.434,0.479,0.45,0.774,0.415,1.0,0.41,0.412,0.552,0.636,0.704,0.73,0.541,0.704,0.797,0.778,0.65,0.632,0.63,0.764,0.442,0.482,0.507,0.407,0.723,0.0,0.778,0.62,0.44,0.542,0.753,0.421,0.779,0.426,0.632,0.74,0.428,0.432,0.41,0.633,0.636,0.424,0.458
0.444,0.409,0.328,0.761,0.387,0.412,0.405,0.694,0.434,0.739,0.424,0.699,0.41,1.0,0.747,0.416,0.413,0.401,0.414,0.402,0.378,0.405,0.399,0.416,0.414,0.407,0.405,0.744,0.479,0.425,0.71,0.403,0.0,0.4,0.392,0.642,0.404,0.407,0.661,0.41,0.739,0.402,0.39,0.722,0.724,0.431,0.383,0.384,0.663,0.464
0.44,0.418,0.322,0.751,0.41,0.425,0.416,0.683,0.437,0.697,0.41,0.849,0.412,0.747,1.0,0.417,0.417,0.407,0.42,0.414,0.396,0.411,0.417,0.424,0.42,0.408,0.411,0.703,0.456,0.429,0.727,0.41,0.0,0.406,0.394,0.626,0.415,0.423,0.68,0.416,0.756,0.413,0.409,0.707,0.71,0.451,0.405,0.405,0.649,0.469
0.503,0.534,0.359,0.419,0.537,0.565,0.953,0.425,0.475,0.423,0.547,0.409,0.552,0.416,0.417,1.0,0.554,0.575,0.582,0.953,0.549,0.582,0.585,0.567,0.555,0.549,0.563,0.429,0.472,0.491,0.406,0.545,0.0,0.575,0.528,0.447,0.955,0.546,0.422,0.554,0.422,0.543,0.547,0.425,0.432,0.431,0.532,0.533,0.42,0.457
0.514,0.724,0.373,0.417,0.632,0.724,0.55,0.445,0.484,0.42,0.628,0.425,0.636,0.413,0.417,0.554,1.0,0.617,0.623,0.542,0.579,0.634,0.626,0.764,0.756,0.749,0.642,0.438,0.475,0.497,0.409,0.658,0.0,0.631,0.698,0.43,0.547,0.644,0.417,0.624,0.42,0.688,0.643,0.442,0.453,0.408,0.703,0.706,0.414,0.455
0.494,0.61,0.358,0.413,0.666,0.63,0.589,0.432,0.47,0.421,0.679,0.408,0.704,0.401,0.407,0.575,0.617,1.0,0.747,0.585,0.706,0.727,0.742,0.625,0.607,0.596,0.723,0.423,0.465,0.485,0.411,0.695,0.0,0.701,0.581,0.439,0.588,0.696,0.422,0.719,0.413,0.635,0.709,0.426,0.43,0.41,0.621,0.623,0.401,0.464
0.503,0.614,0.365,0.425,0.681,0.626,0.587,0.451,0.482,0.44,0.702,0.429,0.73,0.414,0.42,0.582,0.623,0.747,1.0,0.585,0.716,0.748,0.742,0.627,0.619,0.608,0.725,0.446,0.478,0.501,0.426,0.711,0.0,0.711,0.597,0.449,0.582,0.701,0.435,0.727,0.433,0.639,0.707,0.447,0.452,0.425,0.632,0.632,0.416,0.476
0.489,0.532,0.351,0.408,0.537,0.566,0.981,0.424,0.479,0.409,0.529,0.413,0.541,0.402,0.414,0.953,0.542,0.585,0.585,1.0,0.563,0.568,0.583,0.56,0.553,0.54,0.56,0.416,0.459,0.478,0.411,0.559,0.0,0.564,0.526,0.438,0.988,0.539,0.419,0.545,0.415,0.543,0.552,0.42,0.425,0.429,0.533,0.534,0.401,0.461
0.47,0.586,0.337,0.384,0.69,0.586,0.565,0.406,0.45,0.404,0.673,0.4,0.704,0.378,0.396,0.549,0.579,0.706,0.716,0.563,1.0,0.723,0.738,0.59,0.576,0.587,0.697,0.403,0.437,0.455,0.392,0.718,0.0,0.713,0.558,0.419,0.564,0.686,0.401,0.694,0.4,0.59,0.692,0.407,0.41,0.422,0.599,0.602,0.382,0.441
0.505,0.594,0.358,0.415,0.674,0.607,0.573,0.426,0.472,0.429,0.719,0.406,0.797,0.405,0.411,0.582,0.634,0.727,0.748,0.568,0.723,1.0,0.926,0.632,0.624,0.616,0.771,0.431,0.479,0.501,0.406,0.72,0.0,0.884,0.593,0.436,0.57,0.748,0.405,0.766,0.423,0.615,0.745,0.424,0.423,0.414,0.608,0.609,0.414,0.465
0.513,0.599,0.365,0.415,0.68,0.621,0.591,0.434,0.472,0.422,0.701,0.417,0.778,0.399,0.417,0.585,0.626,0.742,0.742,0.583,0.738,0.926,1.0,0.626,0.611,0.608,0.764,0.43,0.469,0.496,0.411,0.728,0.0,0.873,0.587,0.433,0.588,0.747,0.414,0.754,0.426,0.622,0.742,0.431,0.428,0.414,0.61,0.612,0.406,0.47
0.519,0.812,0.376,0.43,0.63,0.814,0.563,0.458,0.48,0.438,0.652,0.437,0.65,0.416,0.424,0.567,0.764,0.625,0.627,0.56,0.59,0.632,0.626,1.0,0.849,0.748,0.642,0.447,0.486,0.506,0.422,0.639,0.0,0.633,0.806,0.448,0.561,0.643,0.416,0.635,0.434,0.721,0.64,0.446,0.457,0.423,0.703,0.704,0.426,0.476
0.504,0.809,0.373,0.433,0.618,0.822,0.556,0.45,0.47,0.436,0.634,0.429,0.632,0.414,0.42,0.555,0.756,0.607,0.619,0.553,0.576,0.624,0.611,0.849,1.0,0.763,0.638,0.448,0.492,0.492,0.419,0.637,0.0,0.614,0.795,0.437,0.557,0.64,0.421,0.619,0.434,0.704,0.629,0.458,0.454,0.425,0.695,0.695,0.433,0.477
0.492,0.72,0.357,0.415,0.616,0.712,0.541,0.437,0.466,0.431,0.631,0.416,0.63,0.407,0.408,0.549,0.749,0.596,0.608,0.54,0.587,0.616,0.608,0.748,0.763,1.0,0.626,0.433,0.475,0.482,0.41,0.61,0.0,0.606,0.694,0.43,0.539,0.625,0.409,0.632,0.424,0.681,0.608,0.442,0.436,0.417,0.671,0.672,0.432,0.461
0.503,0.609,0.361,0.41,0.683,0.622,0.562,0.431,0.481,0.427,0.719,0.405,0.764,0.405,0.411,0.563,0.642,0.723,0.725,0.56,0.697,0.771,0.764,0.642,0.638,0.626,1.0,0.432,0.484,0.497,0.405,0.721,0.0,0.752,0.6,0.435,0.561,0.833,0.4,0.778,0.421,0.639,0.829,0.428,0.425,0.419,0.617,0.619,0.407,0.468
0.481,0.434,0.343,0.752,0.418,0.443,0.419,0.898,0.448,0.741,0.439,0.696,0.442,0.744,0.703,0.429,0.438,0.423,0.446,0.416,0.403,0.431,0.43,0.447,0.448,0.433,0.432,1.0,0.486,0.451,0.71,0.431,0.0,0.431,0.409,0.654,0.418,0.446,0.673,0.445,0.745,0.421,0.419,0.959,0.943,0.456,0.416,0.415,0.683,0.461
0.536,0.472,0.391,0.467,0.463,0.496,0.463,0.48,0.505,0.472,0.485,0.46,0.482,0.479,0.456,0.472,0.475,0.465,0.478,0.459,0.437,0.479,0.469,0.486,0.492,0.475,0.484,0.486,1.0,0.517,0.453,0.46,0.0,0.474,0.45,0.504,0.461,0.485,0.458,0.478,0.464,0.465,0.462,0.473,0.479,0.573,0.451,0.451,0.464,0.841
0.614,0.488,0.405,0.434,0.49,0.488,0.481,0.45,0.602,0.443,0.501,0.436,0.507,0.425,0.429,0.491,0.497,0.485,0.501,0.478,0.455,0.501,0.496,0.506,0.492,0.482,0.497,0.451,0.517,1.0,0.423,0.469,0.0,0.491,0.462,0.462,0.479,0.488,0.427,0.505,0.446,0.487,0.486,0.448,0.448,0.474,0.472,0.474,0.438,0.515
0.436,0.426,0.317,0.718,0.413,0.427,0.41,0.708,0.439,0.736,0.41,0.7,0.407,0.71,0.727,0.406,0.409,0.411,0.426,0.411,0.392,0.406,0.411,0.422,0.419,0.41,0.405,0.71,0.453,0.423,1.0,0.414,0.0,0.405,0.383,0.637,0.408,0.413,0.68,0.409,0.892,0.416,0.401,0.713,0.718,0.45,0.401,0.4,0.653,0.456
0.489,0.642,0.367,0.419,0.706,0.63,0.561,0.434,0.477,0.418,0.678,0.424,0.723,0.403,0.41,0.545,0.658,0.695,0.711,0.559,0.718,0.72,0.728,0.639,0.637,0.61,0.721,0.431,0.46,0.469,0.414,1.0,0.0,0.719,0.586,0.42,0.558,0.737,0.425,0.735,0.412,0.639,0.737,0.433,0.438,0.421,0.641,0.643,0.398,0.462
0.0,0.0,0.0,0.0,0.0,0.0,0.0,0.0,0.0,0.0,0.0,0.0,0.0,0.0,0.0,0.0,0.0,0.0,0.0,0.0,0.0,0.0,0.0,0.0,0.0,0.0,0.0,0.0,0.0,0.0,0.0,0.0,1.0,0.0,0.0,0.0,0.0,0.0,0.0,0.0,0.0,0.0,0.0,0.0,0.0,0.0,0.0,0.0,0.0,0.0
0.505,0.593,0.365,0.409,0.68,0.611,0.57,0.429,0.469,0.424,0.695,0.41,0.778,0.4,0.406,0.575,0.631,0.701,0.711,0.564,0.713,0.884,0.873,0.633,0.614,0.606,0.752,0.431,0.474,0.491,0.405,0.719,0.0,1.0,0.59,0.444,0.566,0.74,0.42,0.752,0.419,0.612,0.739,0.426,0.432,0.404,0.603,0.604,0.408,0.458
0.466,0.748,0.335,0.398,0.586,0.771,0.533,0.409,0.445,0.41,0.628,0.4,0.62,0.392,0.394,0.528,0.698,0.581,0.597,0.526,0.558,0.593,0.587,0.806,0.795,0.694,0.6,0.409,0.45,0.462,0.383,0.586,0.0,0.59,1.0,0.41,0.532,0.596,0.387,0.595,0.393,0.665,0.59,0.402,0.41,0.39,0.654,0.653,0.392,0.435
0.481,0.42,0.345,0.651,0.418,0.438,0.438,0.632,0.451,0.656,0.445,0.612,0.44,0.642,0.626,0.447,0.43,0.439,0.449,0.438,0.419,0.436,0.433,0.448,0.437,0.43,0.435,0.654,0.504,0.462,0.637,0.42,0.0,0.444,0.41,1.0,0.436,0.428,0.64,0.443,0.665,0.429,0.414,0.638,0.645,0.457,0.407,0.407,0.629,0.486
0.49,0.532,0.352,0.411,0.536,0.566,0.987,0.423,0.478,0.409,0.53,0.411,0.542,0.404,0.415,0.955,0.547,0.588,0.582,0.988,0.564,0.57,0.588,0.561,0.557,0.539,0.561,0.418,0.461,0.479,0.408,0.558,0.0,0.566,0.532,0.436,1.0,0.542,0.417,0.546,0.414,0.542,0.55,0.423,0.427,0.427,0.531,0.532,0.403,0.458
0.506,0.628,0.365,0.411,0.705,0.644,0.544,0.452,0.476,0.433,0.707,0.421,0.753,0.407,0.423,0.546,0.644,0.696,0.701,0.539,0.686,0.748,0.747,0.643,0.64,0.625,0.833,0.446,0.485,0.488,0.413,0.737,0.0,0.74,0.596,0.428,0.542,1.0,0.417,0.77,0.429,0.639,0.86,0.446,0.436,0.417,0.635,0.637,0.419,0.466
0.448,0.426,0.342,0.673,0.429,0.443,0.421,0.676,0.44,0.697,0.414,0.676,0.421,0.661,0.68,0.422,0.417,0.422,0.435,0.419,0.401,0.405,0.414,0.416,0.421,0.409,0.4,0.673,0.458,0.427,0.68,0.425,0.0,0.42,0.387,0.64,0.417,0.417,1.0,0.412,0.685,0.413,0.404,0.674,0.687,0.46,0.416,0.415,0.637,0.463
0.505,0.6,0.363,0.415,0.706,0.616,0.547,0.452,0.482,0.442,0.74,0.415,0.779,0.41,0.416,0.554,0.624,0.719,0.727,0.545,0.694,0.766,0.754,0.635,0.619,0.632,0.778,0.445,0.478,0.505,0.409,0.735,0.0,0.752,0.595,0.443,0.546,0.77,0.412,1.0,0.43,0.63,0.764,0.436,0.434,0.412,0.625,0.627,0.415,0.472
0.457,0.429,0.333,0.747,0.423,0.434,0.416,0.717,0.441,0.752,0.428,0.722,0.426,0.739,0.756,0.422,0.42,0.413,0.433,0.415,0.4,0.423,0.426,0.434,0.434,0.424,0.421,0.745,0.464,0.446,0.892,0.412,0.0,0.419,0.393,0.665,0.414,0.429,0.685,0.43,1.0,0.423,0.406,0.744,0.742,0.451,0.407,0.406,0.674,0.457
0.488,0.692,0.355,0.414,0.625,0.717,0.544,0.437,0.474,0.421,0.627,0.42,0.632,0.402,0.413,0.543,0.688,0.635,0.639,0.543,0.59,0.615,0.622,0.721,0.704,0.681,0.639,0.421,0.465,0.487,0.416,0.639,0.0,0.612,0.665,0.429,0.542,0.639,0.413,0.63,0.423,1.0,0.667,0.425,0.428,0.414,0.725,0.728,0.414,0.462
0.493,0.615,0.373,0.396,0.699,0.638,0.552,0.436,0.49,0.416,0.701,0.414,0.74,0.39,0.409,0.547,0.643,0.709,0.707,0.552,0.692,0.745,0.742,0.64,0.629,0.608,0.829,0.419,0.462,0.486,0.401,0.737,0.0,0.739,0.59,0.414,0.55,0.86,0.404,0.764,0.406,0.667,1.0,0.422,0.422,0.415,0.635,0.636,0.397,0.465
0.479,0.45,0.355,0.731,0.42,0.448,0.422,0.906,0.449,0.725,0.424,0.701,0.428,0.722,0.707,0.425,0.442,0.426,0.447,0.42,0.407,0.424,0.431,0.446,0.458,0.442,0.428,0.959,0.473,0.448,0.713,0.433,0.0,0.426,0.402,0.638,0.423,0.446,0.674,0.436,0.744,0.425,0.422,1.0,0.964,0.459,0.416,0.415,0.68,0.459
0.49,0.451,0.346,0.732,0.428,0.448,0.427,0.892,0.452,0.734,0.427,0.709,0.432,0.724,0.71,0.432,0.453,0.43,0.452,0.425,0.41,0.423,0.428,0.457,0.454,0.436,0.425,0.943,0.479,0.448,0.718,0.438,0.0,0.432,0.41,0.645,0.427,0.436,0.687,0.434,0.742,0.428,0.422,0.964,1.0,0.46,0.425,0.424,0.669,0.464
0.483,0.435,0.349,0.445,0.431,0.425,0.428,0.457,0.478,0.455,0.412,0.451,0.41,0.431,0.451,0.431,0.408,0.41,0.425,0.429,0.422,0.414,0.414,0.423,0.425,0.417,0.419,0.456,0.573,0.474,0.45,0.421,0.0,0.404,0.39,0.457,0.427,0.417,0.46,0.412,0.451,0.414,0.415,0.459,0.46,1.0,0.443,0.443,0.443,0.623
0.467,0.692,0.354,0.396,0.646,0.707,0.534,0.421,0.46,0.41,0.619,0.414,0.633,0.383,0.405,0.532,0.703,0.621,0.632,0.533,0.599,0.608,0.61,0.703,0.695,0.671,0.617,0.416,0.451,0.472,0.401,0.641,0.0,0.603,0.654,0.407,0.531,0.635,0.416,0.625,0.407,0.725,0.635,0.416,0.425,0.443,1.0,0.996,0.396,0.468
0.468,0.693,0.355,0.396,0.649,0.709,0.535,0.42,0.46,0.409,0.621,0.413,0.636,0.384,0.405,0.533,0.706,0.623,0.632,0.534,0.602,0.609,0.612,0.704,0.695,0.672,0.619,0.415,0.451,0.474,0.4,0.643,0.0,0.604,0.653,0.407,0.532,0.637,0.415,0.627,0.406,0.728,0.636,0.415,0.424,0.443,0.996,1.0,0.395,0.469
0.459,0.435,0.328,0.661,0.409,0.426,0.403,0.652,0.421,0.696,0.424,0.629,0.424,0.663,0.649,0.42,0.414,0.401,0.416,0.401,0.382,0.414,0.406,0.426,0.433,0.432,0.407,0.683,0.464,0.438,0.653,0.398,0.0,0.408,0.392,0.629,0.403,0.419,0.637,0.415,0.674,0.414,0.397,0.68,0.669,0.443,0.396,0.395,1.0,0.447
0.536,0.472,0.389,0.454,0.458,0.487,0.46,0.467,0.528,0.462,0.47,0.459,0.458,0.464,0.469,0.457,0.455,0.464,0.476,0.461,0.441,0.465,0.47,0.476,0.477,0.461,0.468,0.461,0.841,0.515,0.456,0.462,0.0,0.458,0.435,0.486,0.458,0.466,0.463,0.472,0.457,0.462,0.465,0.459,0.464,0.623,0.468,0.469,0.447,1.0
