GCF_000163235.1_ASM16323v1_genomic.fna,GCF_000164555.1_ASM16455v1_genomic.fna,GCF_000208545.1_ASM20854v2_genomic.fna,GCF_000233875.1_ASM23387v1_genomic.fna,GCF_000249735.1_ASM24973v2_genomic.fna,GCF_000261145.1_Esch_coli_M919_V2_genomic.fna,GCF_000267705.2_ASM26770v2_genomic.fna,GCF_000350665.1_Esch_coli_KTE5_V1_genomic.fna,GCF_000351625.1_Esch_coli_KTE66_V1_genomic.fna,GCF_000352285.1_Esch_coli_KTE46_V1_genomic.fna,GCF_000358895.1_ASM35889v1_genomic.fna,GCF_000456385.1_Esch_coli_HVH_26_4-5703913_V1_genomic.fna,GCF_000458195.1_Esch_coli_HVH_147_4-5893887_V1_genomic.fna,GCF_000459755.1_Esch_coli_KOEGE_58_171a_V1_genomic.fna,GCF_000460055.1_Esch_coli_UMEA_3053-1_V1_genomic.fna,GCF_000462165.2_ASM46216v2_genomic.fna,GCF_000601135.1_ASM60113v1_genomic.fna,GCF_000614595.1_Ec2010EL1058_genomic.fna,GCF_000617745.1_Ec2010C-4529_genomic.fna,GCF_000618265.2_EcF6751_genomic.fna,GCF_000619005.2_Ec2009C-4052_genomic.fna,GCF_000619105.1_Ec2009C-4780_genomic.fna,GCF_000619765.2_Ec2009C-3279_genomic.fna,GCF_000687005.1_ASM68700v1_genomic.fna,GCF_000687025.1_ASM68702v1_genomic.fna,GCF_000700125.1_ASM70012v1_genomic.fna,GCF_000753315.1_FHI35_genomic.fna,GCF_000776375.1_ASM77637v1_genomic.fna,GCF_000779395.1_ASM77939v1_genomic.fna,GCF_000780315.1_ASM78031v1_genomic.fna,GCF_000781995.1_ASM78199v1_genomic.fna,GCF_000986765.1_ASM98676v1_genomic.fna,GCF_001041375.1_ViralProj287958_genomic.fna,GCF_001265335.1_302014_genomic.fna,GCF_001265625.1_100854_genomic.fna,GCF_001267345.1_303289_genomic.fna,GCF_001309985.1_ASM130998v1_genomic.fna,GCF_001521695.1_ASM152169v1_genomic.fna,GCF_001592595.1_ASM159259v1_genomic.fna,GCF_001614975.1_ASM161497v1_genomic.fna,GCF_001692775.1_ASM169277v1_genomic.fna,GCF_001748915.1_ASM174891v1_genomic.fna,GCF_001749235.1_ASM174923v1_genomic.fna,GCF_001881155.1_ASM188115v1_genomic.fna,GCF_001881345.1_ASM188134v1_genomic.fna,GCF_001892405.1_ASM189240v1_genomic.fna,GCF_001892585.1_ASM189258v1_genomic.fna,GCF_001893985.1_ASM189398v1_genomic.fna,GCF_002001595.1_ASM200159v1_genomic.fna,GCF_002002145.1_ASM200214v1_genomic.fna
1.0,0.581,0.477,0.521,0.577,0.574,0.568,0.533,0.661,0.53,0.568,0.547,0.582,0.526,0.521,0.571,0.565,0.567,0.567,0.566,0.563,0.582,0.584,0.574,0.561,0.545,0.58,0.532,0.6,0.665,0.505,0.562,0.0,0.575,0.524,0.526,0.566,0.588,0.513,0.573,0.525,0.558,0.578,0.523,0.535,0.542,0.554,0.556,0.503,0.613
0.581,1.0,0.449,0.492,0.684,0.805,0.586,0.51,0.528,0.499,0.645,0.521,0.668,0.498,0.494,0.591,0.739,0.678,0.657,0.587,0.662,0.672,0.682,0.808,0.817,0.728,0.651,0.505,0.545,0.54,0.489,0.692,0.0,0.676,0.751,0.488,0.586,0.69,0.489,0.666,0.497,0.714,0.672,0.516,0.519,0.493,0.726,0.726,0.498,0.541
0.477,0.449,1.0,0.391,0.44,0.429,0.429,0.42,0.458,0.394,0.425,0.409,0.441,0.401,0.404,0.431,0.432,0.438,0.429,0.43,0.433,0.443,0.45,0.417,0.413,0.406,0.423,0.413,0.465,0.458,0.398,0.442,0.0,0.446,0.389,0.405,0.43,0.424,0.404,0.437,0.406,0.432,0.44,0.414,0.413,0.422,0.449,0.449,0.399,0.47
0.521,0.492,0.391,1.0,0.489,0.488,0.465,0.729,0.497,0.763,0.491,0.767,0.502,0.807,0.808,0.469,0.49,0.472,0.48,0.46,0.469,0.489,0.495,0.489,0.493,0.482,0.486,0.773,0.553,0.481,0.743,0.478,0.0,0.472,0.449,0.648,0.462,0.498,0.715,0.487,0.783,0.478,0.474,0.751,0.75,0.498,0.474,0.476,0.733,0.556
0.577,0.684,0.44,0.489,1.0,0.711,0.598,0.503,0.551,0.499,0.796,0.511,0.757,0.509,0.505,0.606,0.703,0.716,0.724,0.591,0.721,0.748,0.741,0.691,0.689,0.681,0.731,0.504,0.555,0.547,0.48,0.721,0.0,0.728,0.648,0.5,0.593,0.749,0.506,0.747,0.503,0.692,0.746,0.492,0.499,0.494,0.711,0.713,0.482,0.539
0.574,0.805,0.429,0.488,0.711,1.0,0.601,0.503,0.544,0.493,0.673,0.504,0.696,0.498,0.499,0.606,0.746,0.692,0.673,0.597,0.666,0.692,0.697,0.811,0.828,0.728,0.671,0.499,0.554,0.535,0.473,0.683,0.0,0.691,0.767,0.501,0.596,0.702,0.515,0.681,0.495,0.733,0.689,0.489,0.492,0.485,0.729,0.729,0.489,0.549
0.568,0.586,0.429,0.465,0.598,0.601,1.0,0.468,0.544,0.458,0.58,0.466,0.606,0.472,0.467,0.961,0.587,0.636,0.635,0.98,0.642,0.629,0.642,0.594,0.585,0.577,0.593,0.464,0.514,0.537,0.451,0.601,0.0,0.608,0.563,0.48,0.985,0.593,0.473,0.594,0.461,0.599,0.603,0.46,0.463,0.477,0.583,0.585,0.45,0.527
0.533,0.51,0.42,0.729,0.503,0.503,0.468,1.0,0.504,0.739,0.48,0.732,0.497,0.748,0.727,0.47,0.484,0.48,0.485,0.468,0.48,0.49,0.496,0.494,0.489,0.479,0.482,0.918,0.557,0.506,0.752,0.494,0.0,0.491,0.454,0.644,0.468,0.504,0.719,0.491,0.759,0.489,0.496,0.914,0.902,0.521,0.488,0.489,0.698,0.556
0.661,0.528,0.458,0.497,0.551,0.544,0.544,0.504,1.0,0.513,0.544,0.502,0.554,0.513,0.501,0.55,0.539,0.534,0.537,0.543,0.528,0.552,0.546,0.538,0.532,0.522,0.548,0.516,0.584,0.669,0.476,0.531,0.0,0.53,0.497,0.514,0.543,0.544,0.497,0.548,0.499,0.538,0.551,0.5,0.503,0.526,0.525,0.526,0.497,0.599
0.53,0.499,0.394,0.763,0.499,0.493,0.458,0.739,0.513,1.0,0.518,0.736,0.527,0.77,0.751,0.465,0.5,0.482,0.486,0.454,0.473,0.49,0.484,0.51,0.496,0.504,0.504,0.76,0.561,0.497,0.779,0.475,0.0,0.475,0.466,0.662,0.456,0.504,0.727,0.499,0.801,0.482,0.478,0.736,0.746,0.493,0.477,0.478,0.753,0.547
0.568,0.645,0.425,0.491,0.796,0.673,0.58,0.48,0.544,0.518,1.0,0.486,0.794,0.509,0.49,0.588,0.683,0.707,0.712,0.575,0.692,0.733,0.716,0.707,0.674,0.684,0.729,0.489,0.526,0.528,0.462,0.691,0.0,0.704,0.686,0.504,0.577,0.728,0.495,0.75,0.486,0.664,0.718,0.472,0.48,0.474,0.654,0.655,0.496,0.534
0.547,0.521,0.409,0.767,0.511,0.504,0.466,0.732,0.502,0.736,0.486,1.0,0.494,0.761,0.868,0.471,0.499,0.483,0.487,0.463,0.484,0.499,0.499,0.502,0.488,0.483,0.49,0.749,0.561,0.501,0.715,0.488,0.0,0.486,0.453,0.66,0.465,0.498,0.735,0.49,0.751,0.486,0.501,0.73,0.735,0.508,0.491,0.493,0.7,0.557
0.582,0.668,0.441,0.502,0.757,0.696,0.606,0.497,0.554,0.527,0.794,0.494,1.0,0.51,0.492,0.614,0.707,0.737,0.764,0.6,0.745,0.814,0.801,0.731,0.694,0.706,0.796,0.498,0.543,0.55,0.468,0.738,0.0,0.787,0.678,0.491,0.602,0.787,0.499,0.813,0.491,0.675,0.767,0.479,0.483,0.493,0.674,0.675,0.51,0.544
0.526,0.498,0.401,0.807,0.509,0.498,0.472,0.748,0.513,0.77,0.509,0.761,0.51,1.0,0.808,0.475,0.505,0.485,0.49,0.468,0.482,0.505,0.506,0.494,0.5,0.497,0.501,0.786,0.568,0.495,0.757,0.487,0.0,0.484,0.461,0.666,0.47,0.513,0.732,0.506,0.794,0.492,0.488,0.765,0.766,0.514,0.489,0.49,0.725,0.559
0.521,0.494,0.404,0.808,0.505,0.499,0.467,0.727,0.501,0.751,0.49,0.868,0.492,0.808,1.0,0.47,0.493,0.473,0.481,0.463,0.469,0.497,0.501,0.484,0.486,0.485,0.485,0.762,0.552,0.493,0.75,0.485,0.0,0.478,0.448,0.662,0.465,0.503,0.733,0.492,0.787,0.484,0.486,0.736,0.738,0.502,0.49,0.492,0.713,0.565
0.571,0.591,0.431,0.469,0.606,0.606,0.961,0.47,0.55,0.465,0.588,0.471,0.614,0.475,0.47,1.0,0.593,0.627,0.64,0.954,0.632,0.634,0.635,0.598,0.591,0.585,0.595,0.47,0.517,0.543,0.449,0.593,0.0,0.604,0.567,0.486,0.958,0.6,0.479,0.602,0.464,0.601,0.603,0.462,0.468,0.478,0.587,0.589,0.458,0.533
0.565,0.739,0.432,0.49,0.703,0.746,0.587,0.484,0.539,0.5,0.683,0.499,0.707,0.505,0.493,0.593,1.0,0.666,0.668,0.583,0.655,0.7,0.692,0.77,0.773,0.796,0.686,0.484,0.549,0.526,0.465,0.713,0.0,0.692,0.714,0.501,0.584,0.695,0.492,0.694,0.482,0.721,0.678,0.477,0.485,0.471,0.724,0.726,0.495,0.54
0.567,0.678,0.438,0.472,0.716,0.692,0.636,0.48,0.534,0.482,0.707,0.483,0.737,0.485,0.473,0.627,0.666,1.0,0.764,0.64,0.772,0.776,0.78,0.674,0.659,0.645,0.734,0.481,0.519,0.532,0.468,0.722,0.0,0.744,0.632,0.507,0.637,0.715,0.485,0.73,0.481,0.682,0.736,0.477,0.48,0.48,0.679,0.68,0.466,0.525
0.567,0.657,0.429,0.48,0.724,0.673,0.635,0.485,0.537,0.486,0.712,0.487,0.764,0.49,0.481,0.64,0.668,0.764,1.0,0.631,0.756,0.782,0.774,0.678,0.661,0.65,0.735,0.487,0.535,0.532,0.46,0.711,0.0,0.734,0.646,0.508,0.629,0.721,0.494,0.752,0.48,0.669,0.723,0.471,0.478,0.48,0.653,0.654,0.473,0.542
0.566,0.587,0.43,0.46,0.591,0.597,0.98,0.468,0.543,0.454,0.575,0.463,0.6,0.468,0.463,0.954,0.583,0.64,0.631,1.0,0.642,0.624,0.644,0.588,0.583,0.571,0.586,0.46,0.512,0.535,0.451,0.603,0.0,0.61,0.561,0.476,0.99,0.587,0.468,0.589,0.458,0.596,0.597,0.46,0.463,0.477,0.585,0.586,0.449,0.526
0.563,0.662,0.433,0.469,0.721,0.666,0.642,0.48,0.528,0.473,0.692,0.484,0.745,0.482,0.469,0.632,0.655,0.772,0.756,0.642,1.0,0.779,0.794,0.666,0.649,0.647,0.731,0.479,0.513,0.537,0.452,0.734,0.0,0.765,0.632,0.494,0.64,0.722,0.486,0.747,0.468,0.659,0.74,0.475,0.48,0.485,0.673,0.675,0.463,0.525
0.582,0.672,0.443,0.489,0.748,0.692,0.629,0.49,0.552,0.49,0.733,0.499,0.814,0.505,0.497,0.634,0.7,0.776,0.782,0.624,0.779,1.0,0.923,0.69,0.68,0.669,0.765,0.498,0.537,0.547,0.467,0.75,0.0,0.876,0.646,0.501,0.624,0.759,0.503,0.779,0.484,0.686,0.778,0.484,0.489,0.498,0.679,0.681,0.48,0.551
0.584,0.682,0.45,0.495,0.741,0.697,0.642,0.496,0.546,0.484,0.716,0.499,0.801,0.506,0.501,0.635,0.692,0.78,0.774,0.644,0.794,0.923,1.0,0.684,0.676,0.663,0.76,0.497,0.539,0.545,0.476,0.772,0.0,0.873,0.641,0.499,0.639,0.752,0.5,0.766,0.488,0.688,0.772,0.497,0.5,0.498,0.684,0.685,0.475,0.542
0.574,0.808,0.417,0.489,0.691,0.811,0.594,0.494,0.538,0.51,0.707,0.502,0.731,0.494,0.484,0.598,0.77,0.674,0.678,0.588,0.666,0.69,0.684,1.0,0.845,0.779,0.69,0.487,0.536,0.541,0.463,0.678,0.0,0.682,0.829,0.49,0.589,0.698,0.484,0.694,0.48,0.73,0.674,0.478,0.483,0.474,0.711,0.713,0.498,0.543
0.561,0.817,0.413,0.493,0.689,0.828,0.585,0.489,0.532,0.496,0.674,0.488,0.694,0.5,0.486,0.591,0.773,0.659,0.661,0.583,0.649,0.68,0.676,0.845,1.0,0.768,0.679,0.493,0.539,0.524,0.46,0.69,0.0,0.665,0.793,0.482,0.585,0.7,0.483,0.688,0.481,0.712,0.675,0.492,0.492,0.475,0.706,0.708,0.499,0.539
0.545,0.728,0.406,0.482,0.681,0.728,0.577,0.479,0.522,0.504,0.684,0.483,0.706,0.497,0.485,0.585,0.796,0.645,0.65,0.571,0.647,0.669,0.663,0.779,0.768,1.0,0.67,0.483,0.525,0.518,0.458,0.654,0.0,0.66,0.718,0.487,0.573,0.683,0.481,0.682,0.474,0.707,0.657,0.482,0.476,0.467,0.713,0.715,0.509,0.534
0.58,0.651,0.423,0.486,0.731,0.671,0.593,0.482,0.548,0.504,0.729,0.49,0.796,0.501,0.485,0.595,0.686,0.734,0.735,0.586,0.731,0.765,0.76,0.69,0.679,0.67,1.0,0.481,0.526,0.537,0.462,0.745,0.0,0.737,0.647,0.489,0.588,0.841,0.481,0.788,0.487,0.663,0.83,0.467,0.471,0.474,0.649,0.65,0.485,0.522
0.532,0.505,0.413,0.773,0.504,0.499,0.464,0.918,0.516,0.76,0.489,0.749,0.498,0.786,0.762,0.47,0.484,0.481,0.487,0.46,0.479,0.498,0.497,0.487,0.493,0.483,0.481,1.0,0.562,0.503,0.759,0.492,0.0,0.482,0.448,0.652,0.462,0.505,0.717,0.492,0.792,0.483,0.485,0.958,0.943,0.507,0.484,0.485,0.723,0.562
0.6,0.545,0.465,0.553,0.555,0.554,0.514,0.557,0.584,0.561,0.526,0.561,0.543,0.568,0.552,0.517,0.549,0.519,0.535,0.512,0.513,0.537,0.539,0.536,0.539,0.525,0.526,0.562,1.0,0.558,0.54,0.519,0.0,0.529,0.502,0.544,0.513,0.537,0.548,0.528,0.56,0.534,0.527,0.546,0.554,0.609,0.528,0.529,0.53,0.865
0.665,0.54,0.458,0.481,0.547,0.535,0.537,0.506,0.669,0.497,0.528,0.501,0.55,0.495,0.493,0.543,0.526,0.532,0.532,0.535,0.537,0.547,0.545,0.541,0.524,0.518,0.537,0.503,0.558,1.0,0.482,0.531,0.0,0.537,0.494,0.493,0.535,0.54,0.491,0.548,0.498,0.533,0.548,0.498,0.5,0.539,0.534,0.536,0.474,0.582
0.505,0.489,0.398,0.743,0.48,0.473,0.451,0.752,0.476,0.779,0.462,0.715,0.468,0.757,0.75,0.449,0.465,0.468,0.46,0.451,0.452,0.467,0.476,0.463,0.46,0.458,0.462,0.759,0.54,0.482,1.0,0.473,0.0,0.462,0.425,0.644,0.451,0.467,0.711,0.464,0.905,0.477,0.464,0.762,0.761,0.492,0.469,0.469,0.692,0.53
0.562,0.692,0.442,0.478,0.721,0.683,0.601,0.494,0.531,0.475,0.691,0.488,0.738,0.487,0.485,0.593,0.713,0.722,0.711,0.603,0.734,0.75,0.772,0.678,0.69,0.654,0.745,0.492,0.519,0.531,0.473,1.0,0.0,0.755,0.628,0.481,0.601,0.757,0.49,0.767,0.47,0.686,0.769,0.494,0.502,0.492,0.684,0.685,0.462,0.512
0.0,0.0,0.0,0.0,0.0,0.0,0.0,0.0,0.0,0.0,0.0,0.0,0.0,0.0,0.0,0.0,0.0,0.0,0.0,0.0,0.0,0.0,0.0,0.0,0.0,0.0,0.0,0.0,0.0,0.0,0.0,0.0,1.0,0.0,0.0,0.0,0.0,0.0,0.0,0.0,0.0,0.0,0.0,0.0,0.0,0.0,0.0,0.0,0.0,0.0
0.575,0.676,0.446,0.472,0.728,0.691,0.608,0.491,0.53,0.475,0.704,0.486,0.787,0.484,0.478,0.604,0.692,0.744,0.734,0.61,0.765,0.876,0.873,0.682,0.665,0.66,0.737,0.482,0.529,0.537,0.462,0.755,0.0,1.0,0.633,0.504,0.608,0.739,0.502,0.754,0.468,0.68,0.761,0.482,0.492,0.492,0.68,0.681,0.461,0.53
0.524,0.751,0.389,0.449,0.648,0.767,0.563,0.454,0.497,0.466,0.686,0.453,0.678,0.461,0.448,0.567,0.714,0.632,0.646,0.561,0.632,0.646,0.641,0.829,0.793,0.718,0.647,0.448,0.502,0.494,0.425,0.628,0.0,0.633,1.0,0.459,0.56,0.651,0.455,0.655,0.442,0.672,0.634,0.438,0.446,0.442,0.658,0.66,0.458,0.501
0.526,0.488,0.405,0.648,0.5,0.501,0.48,0.644,0.514,0.662,0.504,0.66,0.491,0.666,0.662,0.486,0.501,0.507,0.508,0.476,0.494,0.501,0.499,0.49,0.482,0.487,0.489,0.652,0.544,0.493,0.644,0.481,0.0,0.504,0.459,1.0,0.476,0.483,0.686,0.498,0.666,0.487,0.487,0.638,0.643,0.479,0.479,0.48,0.63,0.548
0.566,0.586,0.43,0.462,0.593,0.596,0.985,0.468,0.543,0.456,0.577,0.465,0.602,0.47,0.465,0.958,0.584,0.637,0.629,0.99,0.64,0.624,0.639,0.589,0.585,0.573,0.588,0.462,0.513,0.535,0.451,0.601,0.0,0.608,0.56,0.476,1.0,0.589,0.468,0.591,0.46,0.596,0.599,0.459,0.462,0.477,0.584,0.586,0.449,0.527
0.588,0.69,0.424,0.498,0.749,0.702,0.593,0.504,0.544,0.504,0.728,0.498,0.787,0.513,0.503,0.6,0.695,0.715,0.721,0.587,0.722,0.759,0.752,0.698,0.7,0.683,0.841,0.505,0.537,0.54,0.467,0.757,0.0,0.739,0.651,0.483,0.589,1.0,0.503,0.785,0.487,0.677,0.848,0.494,0.482,0.477,0.683,0.685,0.499,0.538
0.513,0.489,0.404,0.715,0.506,0.515,0.473,0.719,0.497,0.727,0.495,0.735,0.499,0.732,0.733,0.479,0.492,0.485,0.494,0.468,0.486,0.503,0.5,0.484,0.483,0.481,0.481,0.717,0.548,0.491,0.711,0.49,0.0,0.502,0.455,0.686,0.468,0.503,1.0,0.5,0.729,0.493,0.503,0.705,0.711,0.494,0.49,0.492,0.686,0.536
0.573,0.666,0.437,0.487,0.747,0.681,0.594,0.491,0.548,0.499,0.75,0.49,0.813,0.506,0.492,0.602,0.694,0.73,0.752,0.589,0.747,0.779,0.766,0.694,0.688,0.682,0.788,0.492,0.528,0.548,0.464,0.767,0.0,0.754,0.655,0.498,0.591,0.785,0.5,1.0,0.482,0.667,0.782,0.474,0.48,0.488,0.681,0.683,0.482,0.54
0.525,0.497,0.406,0.783,0.503,0.495,0.461,0.759,0.499,0.801,0.486,0.751,0.491,0.794,0.787,0.464,0.482,0.481,0.48,0.458,0.468,0.484,0.488,0.48,0.481,0.474,0.487,0.792,0.56,0.498,0.905,0.47,0.0,0.468,0.442,0.666,0.46,0.487,0.729,0.482,1.0,0.485,0.473,0.769,0.772,0.493,0.479,0.48,0.723,0.549
0.558,0.714,0.432,0.478,0.692,0.733,0.599,0.489,0.538,0.482,0.664,0.486,0.675,0.492,0.484,0.601,0.721,0.682,0.669,0.596,0.659,0.686,0.688,0.73,0.712,0.707,0.663,0.483,0.534,0.533,0.477,0.686,0.0,0.68,0.672,0.487,0.596,0.677,0.493,0.667,0.485,1.0,0.715,0.484,0.481,0.478,0.769,0.771,0.475,0.53
0.578,0.672,0.44,0.474,0.746,0.689,0.603,0.496,0.551,0.478,0.718,0.501,0.767,0.488,0.486,0.603,0.678,0.736,0.723,0.597,0.74,0.778,0.772,0.674,0.675,0.657,0.83,0.485,0.527,0.548,0.464,0.769,0.0,0.761,0.634,0.487,0.599,0.848,0.503,0.782,0.473,0.715,1.0,0.48,0.484,0.495,0.684,0.686,0.473,0.533
0.523,0.516,0.414,0.751,0.492,0.489,0.46,0.914,0.5,0.736,0.472,0.73,0.479,0.765,0.736,0.462,0.477,0.477,0.471,0.46,0.475,0.484,0.497,0.478,0.492,0.482,0.467,0.958,0.546,0.498,0.762,0.494,0.0,0.482,0.438,0.638,0.459,0.494,0.705,0.474,0.769,0.484,0.48,1.0,0.96,0.511,0.484,0.485,0.709,0.546
0.535,0.519,0.413,0.75,0.499,0.492,0.463,0.902,0.503,0.746,0.48,0.735,0.483,0.766,0.738,0.468,0.485,0.48,0.478,0.463,0.48,0.489,0.5,0.483,0.492,0.476,0.471,0.943,0.554,0.5,0.761,0.502,0.0,0.492,0.446,0.643,0.462,0.482,0.711,0.48,0.772,0.481,0.484,0.96,1.0,0.514,0.49,0.491,0.699,0.548
0.542,0.493,0.422,0.498,0.494,0.485,0.477,0.521,0.526,0.493,0.474,0.508,0.493,0.514,0.502,0.478,0.471,0.48,0.48,0.477,0.485,0.498,0.498,0.474,0.475,0.467,0.474,0.507,0.609,0.539,0.492,0.492,0.0,0.492,0.442,0.479,0.477,0.477,0.494,0.488,0.493,0.478,0.495,0.511,0.514,1.0,0.507,0.506,0.475,0.657
0.554,0.726,0.449,0.474,0.711,0.729,0.583,0.488,0.525,0.477,0.654,0.491,0.674,0.489,0.49,0.587,0.724,0.679,0.653,0.585,0.673,0.679,0.684,0.711,0.706,0.713,0.649,0.484,0.528,0.534,0.469,0.684,0.0,0.68,0.658,0.479,0.584,0.683,0.49,0.681,0.479,0.769,0.684,0.484,0.49,0.507,1.0,0.998,0.474,0.541
0.556,0.726,0.449,0.476,0.713,0.729,0.585,0.489,0.526,0.478,0.655,0.493,0.675,0.49,0.492,0.589,0.726,0.68,0.654,0.586,0.675,0.681,0.685,0.713,0.708,0.715,0.65,0.485,0.529,0.536,0.469,0.685,0.0,0.681,0.66,0.48,0.586,0.685,0.492,0.683,0.48,0.771,0.686,0.485,0.491,0.506,0.998,1.0,0.475,0.541
0.503,0.498,0.399,0.733,0.482,0.489,0.45,0.698,0.497,0.753,0.496,0.7,0.51,0.725,0.713,0.458,0.495,0.466,0.473,0.449,0.463,0.48,0.475,0.498,0.499,0.509,0.485,0.723,0.53,0.474,0.692,0.462,0.0,0.461,0.458,0.63,0.449,0.499,0.686,0.482,0.723,0.475,0.473,0.709,0.699,0.475,0.474,0.475,1.0,0.532
0.613,0.541,0.47,0.556,0.539,0.549,0.527,0.556,0.599,0.547,0.534,0.557,0.544,0.559,0.565,0.533,0.54,0.525,0.542,0.526,0.525,0.551,0.542,0.543,0.539,0.534,0.522,0.562,0.865,0.582,0.53,0.512,0.0,0.53,0.501,0.548,0.527,0.538,0.536,0.54,0.549,0.53,0.533,0.546,0.548,0.657,0.541,0.541,0.532,1.0
