GCF_000163235.1_ASM16323v1_genomic.fna,GCF_000164555.1_ASM16455v1_genomic.fna,GCF_000208545.1_ASM20854v2_genomic.fna,GCF_000233875.1_ASM23387v1_genomic.fna,GCF_000249735.1_ASM24973v2_genomic.fna,GCF_000261145.1_Esch_coli_M919_V2_genomic.fna,GCF_000267705.2_ASM26770v2_genomic.fna,GCF_000350665.1_Esch_coli_KTE5_V1_genomic.fna,GCF_000351625.1_Esch_coli_KTE66_V1_genomic.fna,GCF_000352285.1_Esch_coli_KTE46_V1_genomic.fna,GCF_000358895.1_ASM35889v1_genomic.fna,GCF_000456385.1_Esch_coli_HVH_26_4-5703913_V1_genomic.fna,GCF_000458195.1_Esch_coli_HVH_147_4-5893887_V1_genomic.fna,GCF_000459755.1_Esch_coli_KOEGE_58_171a_V1_genomic.fna,GCF_000460055.1_Esch_coli_UMEA_3053-1_V1_genomic.fna,GCF_000462165.2_ASM46216v2_genomic.fna,GCF_000601135.1_ASM60113v1_genomic.fna,GCF_000614595.1_Ec2010EL1058_genomic.fna,GCF_000617745.1_Ec2010C-4529_genomic.fna,GCF_000618265.2_EcF6751_genomic.fna,GCF_000619005.2_Ec2009C-4052_genomic.fna,GCF_000619105.1_Ec2009C-4780_genomic.fna,GCF_000619765.2_Ec2009C-3279_genomic.fna,GCF_000687005.1_ASM68700v1_genomic.fna,GCF_000687025.1_ASM68702v1_genomic.fna,GCF_000700125.1_ASM70012v1_genomic.fna,GCF_000753315.1_FHI35_genomic.fna,GCF_000776375.1_ASM77637v1_genomic.fna,GCF_000779395.1_ASM77939v1_genomic.fna,GCF_000780315.1_ASM78031v1_genomic.fna,GCF_000781995.1_ASM78199v1_genomic.fna,GCF_000986765.1_ASM98676v1_genomic.fna,GCF_001041375.1_ViralProj287958_genomic.fna,GCF_001265335.1_302014_genomic.fna,GCF_001265625.1_100854_genomic.fna,GCF_001267345.1_303289_genomic.fna,GCF_001309985.1_ASM130998v1_genomic.fna,GCF_001521695.1_ASM152169v1_genomic.fna,GCF_001592595.1_ASM159259v1_genomic.fna,GCF_001614975.1_ASM161497v1_genomic.fna,GCF_001692775.1_ASM169277v1_genomic.fna,GCF_001748915.1_ASM174891v1_genomic.fna,GCF_001749235.1_ASM174923v1_genomic.fna,GCF_001881155.1_ASM188115v1_genomic.fna,GCF_001881345.1_ASM188134v1_genomic.fna,GCF_001892405.1_ASM189240v1_genomic.fna,GCF_001892585.1_ASM189258v1_genomic.fna,GCF_001893985.1_ASM189398v1_genomic.fna,GCF_002001595.1_ASM200159v1_genomic.fna,GCF_002002145.1_ASM200214v1_genomic.fna
1.0,0.906,0.899,0.901,0.915,0.906,0.912,0.895,0.921,0.877,0.881,0.903,0.905,0.89,0.896,0.912,0.91,0.897,0.896,0.909,0.9,0.896,0.909,0.912,0.9,0.896,0.896,0.89,0.915,0.919,0.887,0.907,0.014,0.907,0.88,0.884,0.909,0.905,0.892,0.905,0.898,0.904,0.902,0.895,0.898,0.876,0.908,0.909,0.888,0.911
0.906,1.0,0.892,0.888,0.928,0.93,0.907,0.882,0.884,0.875,0.878,0.897,0.901,0.882,0.89,0.905,0.93,0.897,0.896,0.908,0.903,0.905,0.915,0.93,0.93,0.91,0.891,0.875,0.902,0.891,0.896,0.919,0.013,0.914,0.907,0.88,0.907,0.91,0.888,0.902,0.891,0.928,0.897,0.881,0.883,0.879,0.921,0.922,0.885,0.896
0.899,0.892,1.0,0.874,0.887,0.88,0.888,0.869,0.885,0.856,0.851,0.88,0.877,0.87,0.872,0.883,0.883,0.871,0.875,0.887,0.874,0.874,0.883,0.879,0.872,0.872,0.866,0.866,0.889,0.89,0.869,0.881,0.015,0.883,0.856,0.869,0.886,0.873,0.874,0.88,0.875,0.879,0.877,0.87,0.872,0.864,0.881,0.882,0.867,0.89
0.901,0.888,0.874,1.0,0.893,0.893,0.891,0.94,0.9,0.933,0.87,0.941,0.892,0.949,0.947,0.889,0.895,0.894,0.886,0.889,0.882,0.887,0.893,0.895,0.894,0.886,0.89,0.942,0.892,0.897,0.93,0.903,0.014,0.882,0.869,0.915,0.89,0.896,0.926,0.89,0.946,0.882,0.891,0.945,0.945,0.864,0.898,0.898,0.934,0.888
0.915,0.928,0.887,0.893,1.0,0.925,0.924,0.895,0.89,0.879,0.906,0.904,0.922,0.891,0.9,0.92,0.922,0.917,0.914,0.923,0.92,0.925,0.931,0.922,0.918,0.909,0.919,0.887,0.913,0.901,0.895,0.931,0.015,0.93,0.898,0.89,0.923,0.927,0.896,0.923,0.899,0.925,0.927,0.891,0.896,0.879,0.92,0.921,0.886,0.904
0.906,0.93,0.88,0.893,0.925,1.0,0.908,0.888,0.894,0.882,0.89,0.895,0.908,0.885,0.89,0.908,0.933,0.918,0.915,0.907,0.914,0.919,0.918,0.943,0.945,0.928,0.91,0.883,0.891,0.898,0.878,0.917,0.015,0.914,0.926,0.885,0.907,0.917,0.888,0.915,0.886,0.919,0.918,0.887,0.891,0.87,0.927,0.928,0.889,0.889
0.912,0.907,0.888,0.891,0.924,0.908,1.0,0.884,0.898,0.879,0.878,0.898,0.893,0.881,0.893,0.985,0.908,0.906,0.9,0.996,0.91,0.903,0.916,0.905,0.899,0.9,0.893,0.876,0.901,0.899,0.894,0.908,0.015,0.907,0.878,0.895,0.997,0.897,0.897,0.901,0.89,0.915,0.901,0.879,0.883,0.878,0.902,0.903,0.89,0.903
0.895,0.882,0.869,0.94,0.895,0.888,0.884,1.0,0.886,0.922,0.866,0.928,0.889,0.94,0.925,0.884,0.888,0.89,0.885,0.883,0.889,0.884,0.89,0.894,0.888,0.883,0.883,0.969,0.9,0.892,0.918,0.897,0.013,0.887,0.873,0.907,0.883,0.895,0.92,0.891,0.932,0.881,0.894,0.973,0.97,0.867,0.898,0.899,0.922,0.888
0.921,0.884,0.885,0.9,0.89,0.894,0.898,0.886,1.0,0.888,0.877,0.888,0.896,0.884,0.881,0.898,0.901,0.9,0.895,0.895,0.89,0.883,0.89,0.905,0.901,0.899,0.894,0.896,0.895,0.925,0.877,0.9,0.014,0.881,0.881,0.886,0.896,0.892,0.887,0.902,0.891,0.882,0.902,0.894,0.893,0.871,0.901,0.901,0.894,0.9
0.877,0.875,0.856,0.933,0.879,0.882,0.879,0.922,0.888,1.0,0.886,0.913,0.887,0.923,0.916,0.878,0.879,0.891,0.884,0.878,0.876,0.878,0.881,0.886,0.882,0.877,0.899,0.93,0.885,0.881,0.913,0.887,0.014,0.871,0.886,0.906,0.879,0.884,0.909,0.884,0.927,0.867,0.882,0.925,0.928,0.86,0.888,0.888,0.918,0.878
0.881,0.878,0.851,0.87,0.906,0.89,0.878,0.866,0.877,0.886,1.0,0.868,0.928,0.862,0.865,0.878,0.893,0.917,0.902,0.876,0.901,0.914,0.91,0.904,0.893,0.89,0.928,0.87,0.863,0.877,0.857,0.904,0.013,0.904,0.904,0.859,0.877,0.906,0.866,0.92,0.868,0.884,0.912,0.864,0.866,0.831,0.9,0.899,0.858,0.861
0.903,0.897,0.88,0.941,0.904,0.895,0.898,0.928,0.888,0.913,0.868,1.0,0.885,0.929,0.952,0.893,0.896,0.892,0.884,0.897,0.893,0.884,0.896,0.898,0.892,0.887,0.882,0.923,0.897,0.894,0.919,0.894,0.015,0.887,0.872,0.907,0.897,0.896,0.921,0.887,0.934,0.891,0.89,0.928,0.93,0.875,0.894,0.895,0.919,0.886
0.905,0.901,0.877,0.892,0.922,0.908,0.893,0.889,0.896,0.887,0.928,0.885,1.0,0.877,0.882,0.892,0.912,0.937,0.927,0.891,0.928,0.939,0.942,0.924,0.918,0.904,0.947,0.893,0.892,0.895,0.874,0.933,0.014,0.932,0.907,0.885,0.892,0.935,0.884,0.949,0.884,0.904,0.939,0.888,0.891,0.857,0.916,0.915,0.886,0.887
0.89,0.882,0.87,0.949,0.891,0.885,0.881,0.94,0.884,0.923,0.862,0.929,0.877,1.0,0.941,0.88,0.889,0.878,0.877,0.879,0.878,0.882,0.886,0.884,0.878,0.876,0.878,0.936,0.891,0.888,0.928,0.89,0.013,0.878,0.864,0.91,0.881,0.882,0.927,0.882,0.952,0.878,0.884,0.941,0.941,0.865,0.886,0.887,0.92,0.886
0.896,0.89,0.872,0.947,0.9,0.89,0.893,0.925,0.881,0.916,0.865,0.952,0.882,0.941,1.0,0.888,0.895,0.887,0.878,0.892,0.89,0.883,0.897,0.888,0.885,0.881,0.882,0.923,0.894,0.892,0.925,0.892,0.014,0.884,0.87,0.909,0.892,0.889,0.934,0.884,0.942,0.884,0.886,0.928,0.929,0.872,0.896,0.897,0.916,0.899
0.912,0.905,0.883,0.889,0.92,0.908,0.985,0.884,0.898,0.878,0.878,0.893,0.892,0.88,0.888,1.0,0.905,0.904,0.902,0.985,0.908,0.904,0.913,0.903,0.899,0.899,0.891,0.874,0.902,0.899,0.888,0.906,0.015,0.905,0.88,0.892,0.986,0.897,0.895,0.9,0.888,0.91,0.899,0.877,0.881,0.872,0.905,0.906,0.888,0.902
0.91,0.93,0.883,0.895,0.922,0.933,0.908,0.888,0.901,0.879,0.893,0.896,0.912,0.889,0.895,0.905,1.0,0.914,0.911,0.906,0.919,0.92,0.926,0.938,0.932,0.933,0.908,0.884,0.89,0.907,0.881,0.937,0.013,0.917,0.913,0.892,0.906,0.916,0.896,0.914,0.892,0.917,0.916,0.887,0.89,0.862,0.928,0.929,0.889,0.889
0.897,0.897,0.871,0.894,0.917,0.918,0.906,0.89,0.9,0.891,0.917,0.892,0.937,0.878,0.887,0.904,0.914,1.0,0.943,0.905,0.931,0.939,0.938,0.921,0.923,0.914,0.933,0.897,0.883,0.891,0.882,0.93,0.015,0.929,0.902,0.89,0.906,0.927,0.892,0.94,0.889,0.899,0.934,0.891,0.895,0.859,0.92,0.92,0.894,0.888
0.896,0.896,0.875,0.886,0.914,0.915,0.9,0.885,0.895,0.884,0.902,0.884,0.927,0.877,0.878,0.902,0.911,0.943,1.0,0.9,0.939,0.936,0.936,0.918,0.912,0.911,0.93,0.883,0.88,0.896,0.879,0.929,0.014,0.924,0.897,0.885,0.9,0.92,0.887,0.931,0.884,0.901,0.924,0.883,0.885,0.857,0.91,0.91,0.886,0.878
0.909,0.908,0.887,0.889,0.923,0.907,0.996,0.883,0.895,0.878,0.876,0.897,0.891,0.879,0.892,0.985,0.906,0.905,0.9,1.0,0.909,0.903,0.916,0.904,0.898,0.899,0.892,0.875,0.9,0.897,0.894,0.907,0.015,0.906,0.875,0.893,0.998,0.896,0.896,0.9,0.888,0.913,0.9,0.878,0.882,0.878,0.901,0.902,0.889,0.904
0.9,0.903,0.874,0.882,0.92,0.914,0.91,0.889,0.89,0.876,0.901,0.893,0.928,0.878,0.89,0.908,0.919,0.931,0.939,0.909,1.0,0.94,0.944,0.918,0.911,0.914,0.917,0.886,0.884,0.908,0.877,0.931,0.015,0.933,0.898,0.894,0.909,0.925,0.895,0.934,0.888,0.902,0.923,0.891,0.893,0.868,0.917,0.918,0.889,0.889
0.896,0.905,0.874,0.887,0.925,0.919,0.903,0.884,0.883,0.878,0.914,0.884,0.939,0.882,0.883,0.904,0.92,0.939,0.936,0.903,0.94,1.0,0.972,0.922,0.913,0.905,0.929,0.88,0.886,0.897,0.878,0.937,0.013,0.956,0.899,0.884,0.902,0.925,0.887,0.937,0.885,0.903,0.933,0.882,0.885,0.856,0.92,0.92,0.884,0.882
0.909,0.915,0.883,0.893,0.931,0.918,0.916,0.89,0.89,0.881,0.91,0.896,0.942,0.886,0.897,0.913,0.926,0.938,0.936,0.916,0.944,0.972,1.0,0.925,0.916,0.905,0.932,0.882,0.893,0.9,0.886,0.943,0.013,0.959,0.9,0.89,0.915,0.926,0.897,0.935,0.895,0.91,0.935,0.885,0.887,0.865,0.921,0.922,0.888,0.887
0.912,0.93,0.879,0.895,0.922,0.943,0.905,0.894,0.905,0.886,0.904,0.898,0.924,0.884,0.888,0.903,0.938,0.921,0.918,0.904,0.918,0.922,0.925,1.0,0.945,0.926,0.921,0.894,0.901,0.905,0.882,0.933,0.013,0.913,0.928,0.888,0.903,0.924,0.89,0.929,0.889,0.925,0.924,0.895,0.899,0.872,0.929,0.928,0.893,0.893
0.9,0.93,0.872,0.894,0.918,0.945,0.899,0.888,0.901,0.882,0.893,0.892,0.918,0.878,0.885,0.899,0.932,0.923,0.912,0.898,0.911,0.913,0.916,0.945,1.0,0.934,0.913,0.892,0.89,0.902,0.878,0.925,0.015,0.91,0.932,0.874,0.899,0.921,0.882,0.915,0.883,0.912,0.915,0.89,0.893,0.867,0.92,0.92,0.888,0.88
0.896,0.91,0.872,0.886,0.909,0.928,0.9,0.883,0.899,0.877,0.89,0.887,0.904,0.876,0.881,0.899,0.933,0.914,0.911,0.899,0.914,0.905,0.905,0.926,0.934,1.0,0.9,0.882,0.88,0.897,0.874,0.917,0.015,0.903,0.911,0.882,0.9,0.909,0.886,0.91,0.879,0.904,0.902,0.883,0.885,0.862,0.92,0.92,0.891,0.887
0.896,0.891,0.866,0.89,0.919,0.91,0.893,0.883,0.894,0.899,0.928,0.882,0.947,0.878,0.882,0.891,0.908,0.933,0.93,0.892,0.917,0.929,0.932,0.921,0.913,0.9,1.0,0.886,0.886,0.889,0.877,0.935,0.012,0.921,0.906,0.876,0.891,0.938,0.884,0.942,0.888,0.901,0.945,0.882,0.885,0.856,0.905,0.905,0.884,0.877
0.89,0.875,0.866,0.942,0.887,0.883,0.876,0.969,0.896,0.93,0.87,0.923,0.893,0.936,0.923,0.874,0.884,0.897,0.883,0.875,0.886,0.88,0.882,0.894,0.892,0.882,0.886,1.0,0.892,0.891,0.911,0.894,0.013,0.88,0.878,0.906,0.876,0.894,0.912,0.894,0.93,0.873,0.891,0.989,0.986,0.862,0.894,0.894,0.926,0.886
0.915,0.902,0.889,0.892,0.913,0.891,0.901,0.9,0.895,0.885,0.863,0.897,0.892,0.891,0.894,0.902,0.89,0.883,0.88,0.9,0.884,0.886,0.893,0.901,0.89,0.88,0.886,0.892,1.0,0.908,0.896,0.897,0.013,0.894,0.867,0.885,0.899,0.896,0.896,0.893,0.897,0.901,0.893,0.896,0.9,0.9,0.894,0.894,0.892,0.957
0.919,0.891,0.89,0.897,0.901,0.898,0.899,0.892,0.925,0.881,0.877,0.894,0.895,0.888,0.892,0.899,0.907,0.891,0.896,0.897,0.908,0.897,0.9,0.905,0.902,0.897,0.889,0.891,0.908,1.0,0.878,0.904,0.013,0.888,0.884,0.886,0.898,0.893,0.89,0.905,0.893,0.888,0.896,0.894,0.895,0.877,0.906,0.906,0.888,0.902
0.887,0.896,0.869,0.93,0.895,0.878,0.894,0.918,0.877,0.913,0.857,0.919,0.874,0.928,0.925,0.888,0.881,0.882,0.879,0.894,0.877,0.878,0.886,0.882,0.878,0.874,0.877,0.911,0.896,0.878,1.0,0.883,0.013,0.883,0.855,0.901,0.894,0.878,0.918,0.876,0.955,0.889,0.878,0.915,0.916,0.874,0.881,0.882,0.903,0.899
0.907,0.919,0.881,0.903,0.931,0.917,0.908,0.897,0.9,0.887,0.904,0.894,0.933,0.89,0.892,0.906,0.937,0.93,0.929,0.907,0.931,0.937,0.943,0.933,0.925,0.917,0.935,0.894,0.897,0.904,0.883,1.0,0.013,0.928,0.898,0.889,0.906,0.943,0.89,0.939,0.895,0.91,0.934,0.899,0.902,0.868,0.925,0.926,0.897,0.889
0.014,0.013,0.015,0.014,0.015,0.015,0.015,0.013,0.014,0.014,0.013,0.015,0.014,0.013,0.014,0.015,0.013,0.015,0.014,0.015,0.015,0.013,0.013,0.013,0.015,0.015,0.012,0.013,0.013,0.013,0.013,0.013,1.0,0.012,0.014,0.015,0.015,0.014,0.012,0.012,0.013,0.014,0.013,0.013,0.014,0.014,0.013,0.013,0.015,0.013
0.907,0.914,0.883,0.882,0.93,0.914,0.907,0.887,0.881,0.871,0.904,0.887,0.932,0.878,0.884,0.905,0.917,0.929,0.924,0.906,0.933,0.956,0.959,0.913,0.91,0.903,0.921,0.88,0.894,0.888,0.883,0.928,0.012,1.0,0.893,0.89,0.905,0.927,0.899,0.927,0.888,0.914,0.933,0.882,0.887,0.866,0.916,0.917,0.882,0.888
0.88,0.907,0.856,0.869,0.898,0.926,0.878,0.873,0.881,0.886,0.904,0.872,0.907,0.864,0.87,0.88,0.913,0.902,0.897,0.875,0.898,0.899,0.9,0.928,0.932,0.911,0.906,0.878,0.867,0.884,0.855,0.898,0.014,0.893,1.0,0.869,0.876,0.896,0.867,0.903,0.863,0.899,0.901,0.873,0.878,0.852,0.907,0.906,0.866,0.865
0.884,0.88,0.869,0.915,0.89,0.885,0.895,0.907,0.886,0.906,0.859,0.907,0.885,0.91,0.909,0.892,0.892,0.89,0.885,0.893,0.894,0.884,0.89,0.888,0.874,0.882,0.876,0.906,0.885,0.886,0.901,0.889,0.015,0.89,0.869,1.0,0.894,0.877,0.919,0.886,0.911,0.879,0.886,0.911,0.914,0.869,0.882,0.883,0.911,0.886
0.909,0.907,0.886,0.89,0.923,0.907,0.997,0.883,0.896,0.879,0.877,0.897,0.892,0.881,0.892,0.986,0.906,0.906,0.9,0.998,0.909,0.902,0.915,0.903,0.899,0.9,0.891,0.876,0.899,0.898,0.894,0.906,0.015,0.905,0.876,0.894,1.0,0.895,0.896,0.9,0.89,0.914,0.899,0.878,0.882,0.876,0.901,0.902,0.89,0.903
0.905,0.91,0.873,0.896,0.927,0.917,0.897,0.895,0.892,0.884,0.906,0.896,0.935,0.882,0.889,0.897,0.916,0.927,0.92,0.896,0.925,0.925,0.926,0.924,0.921,0.909,0.938,0.894,0.896,0.893,0.878,0.943,0.014,0.927,0.896,0.877,0.895,1.0,0.897,0.935,0.888,0.911,0.949,0.897,0.899,0.859,0.919,0.919,0.899,0.881
0.892,0.888,0.874,0.926,0.896,0.888,0.897,0.92,0.887,0.909,0.866,0.921,0.884,0.927,0.934,0.895,0.896,0.892,0.887,0.896,0.895,0.887,0.897,0.89,0.882,0.886,0.884,0.912,0.896,0.89,0.918,0.89,0.012,0.899,0.867,0.919,0.896,0.897,1.0,0.891,0.928,0.888,0.886,0.918,0.92,0.873,0.898,0.899,0.917,0.892
0.905,0.902,0.88,0.89,0.923,0.915,0.901,0.891,0.902,0.884,0.92,0.887,0.949,0.882,0.884,0.9,0.914,0.94,0.931,0.9,0.934,0.937,0.935,0.929,0.915,0.91,0.942,0.894,0.893,0.905,0.876,0.939,0.012,0.927,0.903,0.886,0.9,0.935,0.891,1.0,0.892,0.91,0.945,0.89,0.893,0.861,0.923,0.922,0.888,0.893
0.898,0.891,0.875,0.946,0.899,0.886,0.89,0.932,0.891,0.927,0.868,0.934,0.884,0.952,0.942,0.888,0.892,0.889,0.884,0.888,0.888,0.885,0.895,0.889,0.883,0.879,0.888,0.93,0.897,0.893,0.955,0.895,0.013,0.888,0.863,0.911,0.89,0.888,0.928,0.892,1.0,0.887,0.888,0.932,0.933,0.868,0.895,0.896,0.917,0.891
0.904,0.928,0.879,0.882,0.925,0.919,0.915,0.881,0.882,0.867,0.884,0.891,0.904,0.878,0.884,0.91,0.917,0.899,0.901,0.913,0.902,0.903,0.91,0.925,0.912,0.904,0.901,0.873,0.901,0.888,0.889,0.91,0.014,0.914,0.899,0.879,0.914,0.911,0.888,0.91,0.887,1.0,0.915,0.878,0.882,0.873,0.916,0.916,0.871,0.895
0.902,0.897,0.877,0.891,0.927,0.918,0.901,0.894,0.902,0.882,0.912,0.89,0.939,0.884,0.886,0.899,0.916,0.934,0.924,0.9,0.923,0.933,0.935,0.924,0.915,0.902,0.945,0.891,0.893,0.896,0.878,0.934,0.013,0.933,0.901,0.886,0.899,0.949,0.886,0.945,0.888,0.915,1.0,0.892,0.895,0.868,0.92,0.92,0.886,0.885
0.895,0.881,0.87,0.945,0.891,0.887,0.879,0.973,0.894,0.925,0.864,0.928,0.888,0.941,0.928,0.877,0.887,0.891,0.883,0.878,0.891,0.882,0.885,0.895,0.89,0.883,0.882,0.989,0.896,0.894,0.915,0.899,0.013,0.882,0.873,0.911,0.878,0.897,0.918,0.89,0.932,0.878,0.892,1.0,0.991,0.87,0.896,0.897,0.933,0.89
0.898,0.883,0.872,0.945,0.896,0.891,0.883,0.97,0.893,0.928,0.866,0.93,0.891,0.941,0.929,0.881,0.89,0.895,0.885,0.882,0.893,0.885,0.887,0.899,0.893,0.885,0.885,0.986,0.9,0.895,0.916,0.902,0.014,0.887,0.878,0.914,0.882,0.899,0.92,0.893,0.933,0.882,0.895,0.991,1.0,0.873,0.901,0.902,0.932,0.893
0.876,0.879,0.864,0.864,0.879,0.87,0.878,0.867,0.871,0.86,0.831,0.875,0.857,0.865,0.872,0.872,0.862,0.859,0.857,0.878,0.868,0.856,0.865,0.872,0.867,0.862,0.856,0.862,0.9,0.877,0.874,0.868,0.014,0.866,0.852,0.869,0.876,0.859,0.873,0.861,0.868,0.873,0.868,0.87,0.873,1.0,0.87,0.871,0.874,0.909
0.908,0.921,0.881,0.898,0.92,0.927,0.902,0.898,0.901,0.888,0.9,0.894,0.916,0.886,0.896,0.905,0.928,0.92,0.91,0.901,0.917,0.92,0.921,0.929,0.92,0.92,0.905,0.894,0.894,0.906,0.881,0.925,0.013,0.916,0.907,0.882,0.901,0.919,0.898,0.923,0.895,0.916,0.92,0.896,0.901,0.87,1.0,0.999,0.894,0.896
0.909,0.922,0.882,0.898,0.921,0.928,0.903,0.899,0.901,0.888,0.899,0.895,0.915,0.887,0.897,0.906,0.929,0.92,0.91,0.902,0.918,0.92,0.922,0.928,0.92,0.92,0.905,0.894,0.894,0.906,0.882,0.926,0.013,0.917,0.906,0.883,0.902,0.919,0.899,0.922,0.896,0.916,0.92,0.897,0.902,0.871,0.999,1.0,0.894,0.896
0.888,0.885,0.867,0.934,0.886,0.889,0.89,0.922,0.894,0.918,0.858,0.919,0.886,0.92,0.916,0.888,0.889,0.894,0.886,0.889,0.889,0.884,0.888,0.893,0.888,0.891,0.884,0.926,0.892,0.888,0.903,0.897,0.015,0.882,0.866,0.911,0.89,0.899,0.917,0.888,0.917,0.871,0.886,0.933,0.932,0.874,0.894,0.894,1.0,0.89
0.911,0.896,0.89,0.888,0.904,0.889,0.903,0.888,0.9,0.878,0.861,0.886,0.887,0.886,0.899,0.902,0.889,0.888,0.878,0.904,0.889,0.882,0.887,0.893,0.88,0.887,0.877,0.886,0.957,0.902,0.899,0.889,0.013,0.888,0.865,0.886,0.903,0.881,0.892,0.893,0.891,0.895,0.885,0.89,0.893,0.909,0.896,0.896,0.89,1.0
