GCF_000163235.1_ASM16323v1_genomic.fna,GCF_000164555.1_ASM16455v1_genomic.fna,GCF_000208545.1_ASM20854v2_genomic.fna,GCF_000233875.1_ASM23387v1_genomic.fna,GCF_000249735.1_ASM24973v2_genomic.fna,GCF_000261145.1_Esch_coli_M919_V2_genomic.fna,GCF_000267705.2_ASM26770v2_genomic.fna,GCF_000350665.1_Esch_coli_KTE5_V1_genomic.fna,GCF_000351625.1_Esch_coli_KTE66_V1_genomic.fna,GCF_000352285.1_Esch_coli_KTE46_V1_genomic.fna,GCF_000358895.1_ASM35889v1_genomic.fna,GCF_000456385.1_Esch_coli_HVH_26_4-5703913_V1_genomic.fna,GCF_000458195.1_Esch_coli_HVH_147_4-5893887_V1_genomic.fna,GCF_000459755.1_Esch_coli_KOEGE_58_171a_V1_genomic.fna,GCF_000460055.1_Esch_coli_UMEA_3053-1_V1_genomic.fna,GCF_000462165.2_ASM46216v2_genomic.fna,GCF_000601135.1_ASM60113v1_genomic.fna,GCF_000614595.1_Ec2010EL1058_genomic.fna,GCF_000617745.1_Ec2010C-4529_genomic.fna,GCF_000618265.2_EcF6751_genomic.fna,GCF_000619005.2_Ec2009C-4052_genomic.fna,GCF_000619105.1_Ec2009C-4780_genomic.fna,GCF_000619765.2_Ec2009C-3279_genomic.fna,GCF_000687005.1_ASM68700v1_genomic.fna,GCF_000687025.1_ASM68702v1_genomic.fna,GCF_000700125.1_ASM70012v1_genomic.fna,GCF_000753315.1_FHI35_genomic.fna,GCF_000776375.1_ASM77637v1_genomic.fna,GCF_000779395.1_ASM77939v1_genomic.fna,GCF_000780315.1_ASM78031v1_genomic.fna,GCF_000781995.1_ASM78199v1_genomic.fna,GCF_000986765.1_ASM98676v1_genomic.fna,GCF_001041375.1_ViralProj287958_genomic.fna,GCF_001265335.1_302014_genomic.fna,GCF_001265625.1_100854_genomic.fna,GCF_001267345.1_303289_genomic.fna,GCF_001309985.1_ASM130998v1_genomic.fna,GCF_001521695.1_ASM152169v1_genomic.fna,GCF_001592595.1_ASM159259v1_genomic.fna,GCF_001614975.1_ASM161497v1_genomic.fna,GCF_001692775.1_ASM169277v1_genomic.fna,GCF_001748915.1_ASM174891v1_genomic.fna,GCF_001749235.1_ASM174923v1_genomic.fna,GCF_001881155.1_ASM188115v1_genomic.fna,GCF_001881345.1_ASM188134v1_genomic.fna,GCF_001892405.1_ASM189240v1_genomic.fna,GCF_001892585.1_ASM189258v1_genomic.fna,GCF_001893985.1_ASM189398v1_genomic.fna,GCF_002001595.1_ASM200159v1_genomic.fna,GCF_002002145.1_ASM200214v1_genomic.fna
1.0,0.884,0.892,0.886,0.9,0.89,0.893,0.891,0.921,0.877,0.892,0.894,0.912,0.883,0.883,0.894,0.89,0.902,0.894,0.89,0.885,0.898,0.901,0.897,0.887,0.903,0.894,0.884,0.901,0.925,0.876,0.889,0.011,0.903,0.883,0.881,0.892,0.903,0.895,0.902,0.882,0.891,0.91,0.886,0.888,0.884,0.88,0.88,0.886,0.901
0.884,1.0,0.877,0.871,0.921,0.936,0.903,0.871,0.882,0.857,0.893,0.877,0.898,0.86,0.871,0.901,0.92,0.907,0.913,0.905,0.909,0.903,0.908,0.93,0.935,0.93,0.908,0.866,0.886,0.881,0.882,0.912,0.011,0.904,0.907,0.872,0.903,0.91,0.88,0.908,0.875,0.925,0.906,0.877,0.878,0.894,0.922,0.922,0.871,0.886
0.892,0.877,1.0,0.864,0.879,0.886,0.882,0.865,0.891,0.861,0.857,0.874,0.879,0.858,0.877,0.88,0.885,0.88,0.88,0.878,0.874,0.881,0.886,0.871,0.882,0.883,0.885,0.859,0.881,0.889,0.874,0.888,0.011,0.876,0.85,0.876,0.88,0.883,0.881,0.883,0.873,0.886,0.881,0.869,0.866,0.883,0.879,0.879,0.87,0.882
0.886,0.871,0.864,1.0,0.88,0.886,0.879,0.937,0.891,0.932,0.883,0.936,0.894,0.95,0.942,0.875,0.875,0.884,0.885,0.875,0.876,0.878,0.88,0.893,0.886,0.885,0.886,0.95,0.892,0.888,0.91,0.881,0.012,0.875,0.879,0.917,0.878,0.885,0.928,0.886,0.937,0.872,0.89,0.938,0.93,0.876,0.87,0.87,0.922,0.899
0.9,0.921,0.879,0.88,1.0,0.922,0.911,0.88,0.895,0.872,0.925,0.888,0.929,0.869,0.88,0.91,0.914,0.929,0.928,0.908,0.93,0.925,0.928,0.915,0.919,0.926,0.929,0.873,0.888,0.901,0.887,0.929,0.013,0.924,0.899,0.885,0.91,0.933,0.891,0.94,0.889,0.918,0.935,0.879,0.884,0.886,0.918,0.918,0.887,0.889
0.89,0.936,0.886,0.886,0.922,1.0,0.918,0.889,0.895,0.869,0.903,0.889,0.911,0.877,0.889,0.915,0.926,0.931,0.93,0.914,0.928,0.925,0.931,0.938,0.951,0.933,0.928,0.881,0.892,0.899,0.892,0.934,0.011,0.916,0.924,0.893,0.915,0.92,0.902,0.921,0.894,0.926,0.923,0.887,0.887,0.897,0.927,0.927,0.883,0.89
0.893,0.903,0.882,0.879,0.911,0.918,1.0,0.877,0.899,0.858,0.889,0.88,0.903,0.872,0.883,0.982,0.913,0.922,0.923,0.995,0.927,0.915,0.926,0.898,0.914,0.919,0.92,0.871,0.886,0.894,0.881,0.917,0.01,0.902,0.889,0.887,0.997,0.903,0.886,0.914,0.879,0.913,0.911,0.879,0.877,0.892,0.907,0.907,0.867,0.885
0.891,0.871,0.865,0.937,0.88,0.889,0.877,1.0,0.901,0.919,0.867,0.933,0.889,0.931,0.938,0.878,0.88,0.891,0.894,0.873,0.877,0.891,0.889,0.888,0.884,0.885,0.894,0.967,0.898,0.892,0.93,0.889,0.012,0.885,0.866,0.916,0.875,0.893,0.931,0.894,0.942,0.882,0.894,0.97,0.962,0.879,0.863,0.863,0.927,0.902
0.921,0.882,0.891,0.891,0.895,0.895,0.899,0.901,1.0,0.88,0.878,0.894,0.902,0.891,0.901,0.899,0.893,0.901,0.897,0.896,0.893,0.903,0.906,0.894,0.885,0.897,0.901,0.892,0.901,0.917,0.891,0.895,0.012,0.901,0.883,0.896,0.898,0.903,0.901,0.905,0.897,0.893,0.909,0.897,0.896,0.892,0.884,0.884,0.886,0.904
0.877,0.857,0.861,0.932,0.872,0.869,0.858,0.919,0.88,1.0,0.888,0.919,0.883,0.926,0.919,0.861,0.865,0.871,0.87,0.854,0.857,0.87,0.868,0.875,0.867,0.874,0.872,0.931,0.879,0.879,0.901,0.869,0.013,0.864,0.878,0.897,0.856,0.876,0.918,0.873,0.922,0.865,0.876,0.921,0.919,0.862,0.848,0.848,0.919,0.883
0.892,0.893,0.857,0.883,0.925,0.903,0.889,0.867,0.878,0.888,1.0,0.869,0.932,0.875,0.867,0.888,0.89,0.91,0.907,0.884,0.903,0.908,0.904,0.918,0.894,0.901,0.912,0.873,0.876,0.885,0.86,0.903,0.012,0.905,0.928,0.865,0.887,0.913,0.877,0.925,0.876,0.895,0.92,0.866,0.861,0.855,0.885,0.885,0.876,0.875
0.894,0.877,0.874,0.936,0.888,0.889,0.88,0.933,0.894,0.919,0.869,1.0,0.887,0.938,0.96,0.881,0.877,0.887,0.886,0.876,0.879,0.887,0.891,0.884,0.881,0.89,0.886,0.935,0.898,0.888,0.915,0.89,0.014,0.876,0.868,0.914,0.879,0.89,0.928,0.894,0.934,0.887,0.888,0.942,0.938,0.878,0.871,0.871,0.924,0.9
0.912,0.898,0.879,0.894,0.929,0.911,0.903,0.889,0.902,0.883,0.932,0.887,1.0,0.887,0.88,0.903,0.9,0.932,0.925,0.898,0.919,0.93,0.928,0.927,0.907,0.912,0.929,0.891,0.893,0.911,0.876,0.923,0.013,0.929,0.915,0.879,0.901,0.932,0.894,0.935,0.89,0.913,0.936,0.889,0.883,0.869,0.901,0.901,0.895,0.895
0.883,0.86,0.858,0.95,0.869,0.877,0.872,0.931,0.891,0.926,0.875,0.938,0.887,1.0,0.942,0.872,0.869,0.877,0.881,0.867,0.865,0.875,0.877,0.888,0.871,0.875,0.88,0.947,0.894,0.879,0.913,0.876,0.013,0.871,0.879,0.913,0.87,0.881,0.922,0.881,0.933,0.872,0.882,0.937,0.929,0.869,0.858,0.858,0.926,0.891
0.883,0.871,0.877,0.942,0.88,0.889,0.883,0.938,0.901,0.919,0.867,0.96,0.88,0.942,1.0,0.881,0.88,0.89,0.89,0.879,0.879,0.884,0.886,0.887,0.881,0.887,0.89,0.94,0.9,0.89,0.922,0.888,0.013,0.873,0.864,0.921,0.882,0.888,0.932,0.891,0.942,0.882,0.892,0.945,0.937,0.88,0.875,0.875,0.923,0.908
0.894,0.901,0.88,0.875,0.91,0.915,0.982,0.878,0.899,0.861,0.888,0.881,0.903,0.872,0.881,1.0,0.908,0.918,0.92,0.981,0.923,0.913,0.918,0.895,0.913,0.917,0.915,0.869,0.883,0.89,0.879,0.915,0.012,0.901,0.888,0.886,0.983,0.901,0.888,0.91,0.874,0.912,0.906,0.876,0.874,0.886,0.901,0.901,0.869,0.883
0.89,0.92,0.885,0.875,0.914,0.926,0.913,0.88,0.893,0.865,0.89,0.877,0.9,0.869,0.88,0.908,1.0,0.914,0.914,0.908,0.914,0.917,0.919,0.925,0.93,0.932,0.919,0.876,0.887,0.894,0.89,0.927,0.013,0.915,0.901,0.89,0.91,0.912,0.893,0.915,0.886,0.924,0.918,0.882,0.886,0.892,0.924,0.924,0.877,0.892
0.902,0.907,0.88,0.884,0.929,0.931,0.922,0.891,0.901,0.871,0.91,0.887,0.932,0.877,0.89,0.918,0.914,1.0,0.944,0.919,0.935,0.946,0.947,0.919,0.918,0.926,0.938,0.882,0.89,0.905,0.886,0.926,0.01,0.927,0.906,0.892,0.92,0.926,0.899,0.94,0.892,0.924,0.937,0.89,0.89,0.882,0.911,0.911,0.885,0.892
0.894,0.913,0.88,0.885,0.928,0.93,0.923,0.894,0.897,0.87,0.907,0.886,0.925,0.881,0.89,0.92,0.914,0.944,1.0,0.92,0.938,0.943,0.94,0.916,0.917,0.927,0.944,0.879,0.888,0.903,0.888,0.929,0.01,0.926,0.903,0.888,0.921,0.926,0.9,0.931,0.893,0.917,0.933,0.884,0.885,0.882,0.909,0.909,0.886,0.891
0.89,0.905,0.878,0.875,0.908,0.914,0.995,0.873,0.896,0.854,0.884,0.876,0.898,0.867,0.879,0.981,0.908,0.919,0.92,1.0,0.926,0.911,0.921,0.893,0.909,0.914,0.915,0.868,0.883,0.889,0.878,0.913,0.01,0.898,0.884,0.883,0.997,0.898,0.881,0.909,0.875,0.91,0.907,0.876,0.874,0.893,0.908,0.908,0.862,0.882
0.885,0.909,0.874,0.876,0.93,0.928,0.927,0.877,0.893,0.857,0.903,0.879,0.919,0.865,0.879,0.923,0.914,0.935,0.938,0.926,1.0,0.933,0.941,0.907,0.917,0.926,0.941,0.869,0.88,0.893,0.881,0.933,0.013,0.926,0.895,0.885,0.927,0.922,0.892,0.925,0.881,0.915,0.93,0.876,0.874,0.895,0.92,0.92,0.874,0.884
0.898,0.903,0.881,0.878,0.925,0.925,0.915,0.891,0.903,0.87,0.908,0.887,0.93,0.875,0.884,0.913,0.917,0.946,0.943,0.911,0.933,1.0,0.976,0.911,0.914,0.913,0.937,0.882,0.882,0.895,0.892,0.933,0.012,0.957,0.904,0.886,0.912,0.925,0.9,0.938,0.892,0.919,0.937,0.888,0.885,0.878,0.912,0.912,0.877,0.883
0.901,0.908,0.886,0.88,0.928,0.931,0.926,0.889,0.906,0.868,0.904,0.891,0.928,0.877,0.886,0.918,0.919,0.947,0.94,0.921,0.941,0.976,1.0,0.912,0.916,0.918,0.947,0.881,0.883,0.898,0.894,0.939,0.011,0.952,0.901,0.886,0.924,0.925,0.899,0.937,0.892,0.924,0.932,0.89,0.888,0.888,0.918,0.918,0.881,0.884
0.897,0.93,0.871,0.893,0.915,0.938,0.898,0.888,0.894,0.875,0.918,0.884,0.927,0.888,0.887,0.895,0.925,0.919,0.916,0.893,0.907,0.911,0.912,1.0,0.937,0.925,0.914,0.888,0.9,0.903,0.872,0.914,0.011,0.912,0.937,0.884,0.895,0.91,0.888,0.915,0.89,0.915,0.922,0.885,0.883,0.88,0.909,0.909,0.891,0.903
0.887,0.935,0.882,0.886,0.919,0.951,0.914,0.884,0.885,0.867,0.894,0.881,0.907,0.871,0.881,0.913,0.93,0.918,0.917,0.909,0.917,0.914,0.916,0.937,1.0,0.934,0.922,0.875,0.89,0.895,0.889,0.927,0.012,0.904,0.918,0.888,0.911,0.917,0.89,0.916,0.886,0.925,0.913,0.885,0.882,0.891,0.917,0.917,0.879,0.897
0.903,0.93,0.883,0.885,0.926,0.933,0.919,0.885,0.897,0.874,0.901,0.89,0.912,0.875,0.887,0.917,0.932,0.926,0.927,0.914,0.926,0.913,0.918,0.925,0.934,1.0,0.924,0.879,0.896,0.9,0.882,0.925,0.012,0.91,0.911,0.893,0.917,0.92,0.899,0.926,0.889,0.927,0.92,0.886,0.886,0.888,0.918,0.918,0.883,0.897
0.894,0.908,0.885,0.886,0.929,0.928,0.92,0.894,0.901,0.872,0.912,0.886,0.929,0.88,0.89,0.915,0.919,0.938,0.944,0.915,0.941,0.937,0.947,0.914,0.922,0.924,1.0,0.883,0.89,0.903,0.893,0.94,0.01,0.928,0.904,0.888,0.918,0.943,0.899,0.941,0.896,0.927,0.949,0.891,0.886,0.889,0.912,0.912,0.882,0.891
0.884,0.866,0.859,0.95,0.873,0.881,0.871,0.967,0.892,0.931,0.873,0.935,0.891,0.947,0.94,0.869,0.876,0.882,0.879,0.868,0.869,0.882,0.881,0.888,0.875,0.879,0.883,1.0,0.893,0.884,0.924,0.882,0.013,0.873,0.869,0.917,0.87,0.885,0.926,0.887,0.943,0.873,0.888,0.983,0.973,0.87,0.858,0.858,0.929,0.897
0.901,0.886,0.881,0.892,0.888,0.892,0.886,0.898,0.901,0.879,0.876,0.898,0.893,0.894,0.9,0.883,0.887,0.89,0.888,0.883,0.88,0.882,0.883,0.9,0.89,0.896,0.89,0.893,1.0,0.9,0.879,0.888,0.01,0.89,0.879,0.89,0.885,0.887,0.9,0.897,0.894,0.887,0.893,0.894,0.894,0.887,0.877,0.877,0.894,0.956
0.925,0.881,0.889,0.888,0.901,0.899,0.894,0.892,0.917,0.879,0.885,0.888,0.911,0.879,0.89,0.89,0.894,0.905,0.903,0.889,0.893,0.895,0.898,0.903,0.895,0.9,0.903,0.884,0.9,1.0,0.882,0.895,0.01,0.896,0.883,0.893,0.892,0.904,0.896,0.904,0.896,0.896,0.908,0.888,0.886,0.89,0.885,0.885,0.892,0.911
0.876,0.882,0.874,0.91,0.887,0.892,0.881,0.93,0.891,0.901,0.86,0.915,0.876,0.913,0.922,0.879,0.89,0.886,0.888,0.878,0.881,0.892,0.894,0.872,0.889,0.882,0.893,0.924,0.879,0.882,1.0,0.896,0.013,0.879,0.856,0.91,0.879,0.891,0.914,0.89,0.952,0.89,0.889,0.928,0.929,0.884,0.878,0.878,0.905,0.887
0.889,0.912,0.888,0.881,0.929,0.934,0.917,0.889,0.895,0.869,0.903,0.89,0.923,0.876,0.888,0.915,0.927,0.926,0.929,0.913,0.933,0.933,0.939,0.914,0.927,0.925,0.94,0.882,0.888,0.895,0.896,1.0,0.012,0.93,0.897,0.886,0.916,0.932,0.897,0.934,0.892,0.925,0.931,0.887,0.887,0.888,0.923,0.923,0.882,0.886
0.011,0.011,0.011,0.012,0.013,0.011,0.01,0.012,0.012,0.013,0.012,0.014,0.013,0.013,0.013,0.012,0.013,0.01,0.01,0.01,0.013,0.012,0.011,0.011,0.012,0.012,0.01,0.013,0.01,0.01,0.013,0.012,1.0,0.011,0.011,0.014,0.01,0.011,0.011,0.012,0.012,0.012,0.01,0.012,0.013,0.015,0.014,0.014,0.014,0.012
0.903,0.904,0.876,0.875,0.924,0.916,0.902,0.885,0.901,0.864,0.905,0.876,0.929,0.871,0.873,0.901,0.915,0.927,0.926,0.898,0.926,0.957,0.952,0.912,0.904,0.91,0.928,0.873,0.89,0.896,0.879,0.93,0.011,1.0,0.903,0.885,0.9,0.927,0.895,0.93,0.882,0.907,0.938,0.881,0.881,0.869,0.905,0.905,0.878,0.886
0.883,0.907,0.85,0.879,0.899,0.924,0.889,0.866,0.883,0.878,0.928,0.868,0.915,0.879,0.864,0.888,0.901,0.906,0.903,0.884,0.895,0.904,0.901,0.937,0.918,0.911,0.904,0.869,0.879,0.883,0.856,0.897,0.011,0.903,1.0,0.872,0.886,0.894,0.878,0.906,0.872,0.899,0.903,0.863,0.859,0.858,0.892,0.892,0.869,0.879
0.881,0.872,0.876,0.917,0.885,0.893,0.887,0.916,0.896,0.897,0.865,0.914,0.879,0.913,0.921,0.886,0.89,0.892,0.888,0.883,0.885,0.886,0.886,0.884,0.888,0.893,0.888,0.917,0.89,0.893,0.91,0.886,0.014,0.885,0.872,1.0,0.885,0.886,0.926,0.893,0.923,0.885,0.887,0.92,0.919,0.88,0.88,0.88,0.907,0.894
0.892,0.903,0.88,0.878,0.91,0.915,0.997,0.875,0.898,0.856,0.887,0.879,0.901,0.87,0.882,0.983,0.91,0.92,0.921,0.997,0.927,0.912,0.924,0.895,0.911,0.917,0.918,0.87,0.885,0.892,0.879,0.916,0.01,0.9,0.886,0.885,1.0,0.901,0.884,0.912,0.877,0.913,0.909,0.878,0.876,0.892,0.906,0.906,0.865,0.884
0.903,0.91,0.883,0.885,0.933,0.92,0.903,0.893,0.903,0.876,0.913,0.89,0.932,0.881,0.888,0.901,0.912,0.926,0.926,0.898,0.922,0.925,0.925,0.91,0.917,0.92,0.943,0.885,0.887,0.904,0.891,0.932,0.011,0.927,0.894,0.886,0.901,1.0,0.897,0.938,0.894,0.924,0.955,0.891,0.886,0.877,0.912,0.912,0.886,0.893
0.895,0.88,0.881,0.928,0.891,0.902,0.886,0.931,0.901,0.918,0.877,0.928,0.894,0.922,0.932,0.888,0.893,0.899,0.9,0.881,0.892,0.9,0.899,0.888,0.89,0.899,0.899,0.926,0.9,0.896,0.914,0.897,0.011,0.895,0.878,0.926,0.884,0.897,1.0,0.904,0.936,0.891,0.901,0.929,0.929,0.887,0.879,0.879,0.926,0.9
0.902,0.908,0.883,0.886,0.94,0.921,0.914,0.894,0.905,0.873,0.925,0.894,0.935,0.881,0.891,0.91,0.915,0.94,0.931,0.909,0.925,0.938,0.937,0.915,0.916,0.926,0.941,0.887,0.897,0.904,0.89,0.934,0.012,0.93,0.906,0.893,0.912,0.938,0.904,1.0,0.9,0.922,0.946,0.892,0.895,0.887,0.917,0.917,0.89,0.896
0.882,0.875,0.873,0.937,0.889,0.894,0.879,0.942,0.897,0.922,0.876,0.934,0.89,0.933,0.942,0.874,0.886,0.892,0.893,0.875,0.881,0.892,0.892,0.89,0.886,0.889,0.896,0.943,0.894,0.896,0.952,0.892,0.012,0.882,0.872,0.923,0.877,0.894,0.936,0.9,1.0,0.891,0.898,0.945,0.94,0.885,0.877,0.877,0.922,0.898
0.891,0.925,0.886,0.872,0.918,0.926,0.913,0.882,0.893,0.865,0.895,0.887,0.913,0.872,0.882,0.912,0.924,0.924,0.917,0.91,0.915,0.919,0.924,0.915,0.925,0.927,0.927,0.873,0.887,0.896,0.89,0.925,0.012,0.907,0.899,0.885,0.913,0.924,0.891,0.922,0.891,1.0,0.921,0.881,0.883,0.886,0.927,0.927,0.876,0.887
0.91,0.906,0.881,0.89,0.935,0.923,0.911,0.894,0.909,0.876,0.92,0.888,0.936,0.882,0.892,0.906,0.918,0.937,0.933,0.907,0.93,0.937,0.932,0.922,0.913,0.92,0.949,0.888,0.893,0.908,0.889,0.931,0.01,0.938,0.903,0.887,0.909,0.955,0.901,0.946,0.898,0.921,1.0,0.894,0.89,0.886,0.909,0.909,0.887,0.894
0.886,0.877,0.869,0.938,0.879,0.887,0.879,0.97,0.897,0.921,0.866,0.942,0.889,0.937,0.945,0.876,0.882,0.89,0.884,0.876,0.876,0.888,0.89,0.885,0.885,0.886,0.891,0.983,0.894,0.888,0.928,0.887,0.012,0.881,0.863,0.92,0.878,0.891,0.929,0.892,0.945,0.881,0.894,1.0,0.983,0.878,0.866,0.866,0.929,0.899
0.888,0.878,0.866,0.93,0.884,0.887,0.877,0.962,0.896,0.919,0.861,0.938,0.883,0.929,0.937,0.874,0.886,0.89,0.885,0.874,0.874,0.885,0.888,0.883,0.882,0.886,0.886,0.973,0.894,0.886,0.929,0.887,0.013,0.881,0.859,0.919,0.876,0.886,0.929,0.895,0.94,0.883,0.89,0.983,1.0,0.882,0.87,0.87,0.92,0.9
0.884,0.894,0.883,0.876,0.886,0.897,0.892,0.879,0.892,0.862,0.855,0.878,0.869,0.869,0.88,0.886,0.892,0.882,0.882,0.893,0.895,0.878,0.888,0.88,0.891,0.888,0.889,0.87,0.887,0.89,0.884,0.888,0.015,0.869,0.858,0.88,0.892,0.877,0.887,0.887,0.885,0.886,0.886,0.878,0.882,1.0,0.9,0.9,0.867,0.899
0.88,0.922,0.879,0.87,0.918,0.927,0.907,0.863,0.884,0.848,0.885,0.871,0.901,0.858,0.875,0.901,0.924,0.911,0.909,0.908,0.92,0.912,0.918,0.909,0.917,0.918,0.912,0.858,0.877,0.885,0.878,0.923,0.014,0.905,0.892,0.88,0.906,0.912,0.879,0.917,0.877,0.927,0.909,0.866,0.87,0.9,1.0,1.0,0.863,0.884
0.88,0.922,0.879,0.87,0.918,0.927,0.907,0.863,0.884,0.848,0.885,0.871,0.901,0.858,0.875,0.901,0.924,0.911,0.909,0.908,0.92,0.912,0.918,0.909,0.917,0.918,0.912,0.858,0.877,0.885,0.878,0.923,0.014,0.905,0.892,0.88,0.906,0.912,0.879,0.917,0.877,0.927,0.909,0.866,0.87,0.9,1.0,1.0,0.863,0.884
0.886,0.871,0.87,0.922,0.887,0.883,0.867,0.927,0.886,0.919,0.876,0.924,0.895,0.926,0.923,0.869,0.877,0.885,0.886,0.862,0.874,0.877,0.881,0.891,0.879,0.883,0.882,0.929,0.894,0.892,0.905,0.882,0.014,0.878,0.869,0.907,0.865,0.886,0.926,0.89,0.922,0.876,0.887,0.929,0.92,0.867,0.863,0.863,1.0,0.89
0.901,0.886,0.882,0.899,0.889,0.89,0.885,0.902,0.904,0.883,0.875,0.9,0.895,0.891,0.908,0.883,0.892,0.892,0.891,0.882,0.884,0.883,0.884,0.903,0.897,0.897,0.891,0.897,0.956,0.911,0.887,0.886,0.012,0.886,0.879,0.894,0.884,0.893,0.9,0.896,0.898,0.887,0.894,0.899,0.9,0.899,0.884,0.884,0.89,1.0
