GCF_000163235.1_ASM16323v1_genomic.fna,GCF_000164555.1_ASM16455v1_genomic.fna,GCF_000208545.1_ASM20854v2_genomic.fna,GCF_000233875.1_ASM23387v1_genomic.fna,GCF_000249735.1_ASM24973v2_genomic.fna,GCF_000261145.1_Esch_coli_M919_V2_genomic.fna,GCF_000267705.2_ASM26770v2_genomic.fna,GCF_000350665.1_Esch_coli_KTE5_V1_genomic.fna,GCF_000351625.1_Esch_coli_KTE66_V1_genomic.fna,GCF_000352285.1_Esch_coli_KTE46_V1_genomic.fna,GCF_000358895.1_ASM35889v1_genomic.fna,GCF_000456385.1_Esch_coli_HVH_26_4-5703913_V1_genomic.fna,GCF_000458195.1_Esch_coli_HVH_147_4-5893887_V1_genomic.fna,GCF_000459755.1_Esch_coli_KOEGE_58_171a_V1_genomic.fna,GCF_000460055.1_Esch_coli_UMEA_3053-1_V1_genomic.fna,GCF_000462165.2_ASM46216v2_genomic.fna,GCF_000601135.1_ASM60113v1_genomic.fna,GCF_000614595.1_Ec2010EL1058_genomic.fna,GCF_000617745.1_Ec2010C-4529_genomic.fna,GCF_000618265.2_EcF6751_genomic.fna,GCF_000619005.2_Ec2009C-4052_genomic.fna,GCF_000619105.1_Ec2009C-4780_genomic.fna,GCF_000619765.2_Ec2009C-3279_genomic.fna,GCF_000687005.1_ASM68700v1_genomic.fna,GCF_000687025.1_ASM68702v1_genomic.fna,GCF_000700125.1_ASM70012v1_genomic.fna,GCF_000753315.1_FHI35_genomic.fna,GCF_000776375.1_ASM77637v1_genomic.fna,GCF_000779395.1_ASM77939v1_genomic.fna,GCF_000780315.1_ASM78031v1_genomic.fna,GCF_000781995.1_ASM78199v1_genomic.fna,GCF_000986765.1_ASM98676v1_genomic.fna,GCF_001041375.1_ViralProj287958_genomic.fna,GCF_001265335.1_302014_genomic.fna,GCF_001265625.1_100854_genomic.fna,GCF_001267345.1_303289_genomic.fna,GCF_001309985.1_ASM130998v1_genomic.fna,GCF_001521695.1_ASM152169v1_genomic.fna,GCF_001592595.1_ASM159259v1_genomic.fna,GCF_001614975.1_ASM161497v1_genomic.fna,GCF_001692775.1_ASM169277v1_genomic.fna,GCF_001748915.1_ASM174891v1_genomic.fna,GCF_001749235.1_ASM174923v1_genomic.fna,GCF_001881155.1_ASM188115v1_genomic.fna,GCF_001881345.1_ASM188134v1_genomic.fna,GCF_001892405.1_ASM189240v1_genomic.fna,GCF_001892585.1_ASM189258v1_genomic.fna,GCF_001893985.1_ASM189398v1_genomic.fna,GCF_002001595.1_ASM200159v1_genomic.fna,GCF_002002145.1_ASM200214v1_genomic.fna
1.0,0.559,0.495,0.503,0.559,0.539,0.507,0.514,0.649,0.511,0.545,0.534,0.549,0.5,0.51,0.512,0.545,0.572,0.553,0.505,0.524,0.529,0.54,0.539,0.531,0.521,0.55,0.516,0.59,0.645,0.5,0.55,0.0,0.529,0.503,0.507,0.501,0.56,0.488,0.547,0.512,0.531,0.553,0.511,0.527,0.528,0.543,0.543,0.498,0.597
0.559,1.0,0.444,0.483,0.678,0.802,0.575,0.502,0.529,0.49,0.643,0.515,0.663,0.485,0.487,0.58,0.746,0.658,0.665,0.572,0.627,0.638,0.638,0.807,0.818,0.733,0.657,0.5,0.531,0.53,0.484,0.689,0.0,0.643,0.753,0.481,0.57,0.688,0.472,0.651,0.488,0.707,0.665,0.505,0.51,0.468,0.719,0.722,0.492,0.518
0.495,0.444,1.0,0.403,0.442,0.423,0.403,0.409,0.479,0.398,0.437,0.416,0.436,0.401,0.409,0.405,0.427,0.434,0.436,0.396,0.415,0.425,0.428,0.421,0.424,0.414,0.431,0.415,0.46,0.466,0.392,0.438,0.0,0.431,0.39,0.394,0.395,0.449,0.387,0.439,0.401,0.423,0.445,0.417,0.413,0.406,0.435,0.435,0.405,0.464
0.503,0.483,0.403,1.0,0.479,0.472,0.45,0.72,0.496,0.74,0.477,0.757,0.479,0.806,0.786,0.448,0.483,0.469,0.475,0.445,0.448,0.48,0.479,0.473,0.491,0.478,0.468,0.77,0.535,0.481,0.746,0.492,0.0,0.472,0.454,0.646,0.444,0.472,0.678,0.468,0.761,0.451,0.47,0.753,0.753,0.467,0.465,0.466,0.722,0.532
0.559,0.678,0.442,0.479,1.0,0.682,0.583,0.503,0.544,0.484,0.77,0.501,0.734,0.482,0.489,0.591,0.682,0.707,0.708,0.58,0.701,0.686,0.708,0.667,0.672,0.671,0.73,0.495,0.533,0.542,0.483,0.725,0.0,0.688,0.632,0.477,0.579,0.74,0.481,0.73,0.496,0.684,0.74,0.497,0.505,0.478,0.691,0.694,0.485,0.524
0.539,0.802,0.423,0.472,0.682,1.0,0.594,0.487,0.531,0.471,0.64,0.488,0.659,0.472,0.476,0.593,0.727,0.676,0.666,0.59,0.634,0.642,0.655,0.789,0.815,0.719,0.655,0.476,0.528,0.525,0.468,0.68,0.0,0.657,0.764,0.48,0.588,0.667,0.481,0.652,0.474,0.705,0.665,0.476,0.481,0.466,0.726,0.73,0.476,0.522
0.507,0.575,0.403,0.45,0.583,0.594,1.0,0.469,0.517,0.439,0.561,0.459,0.58,0.445,0.448,0.968,0.579,0.619,0.612,0.977,0.621,0.609,0.633,0.588,0.592,0.576,0.585,0.45,0.488,0.503,0.442,0.587,0.0,0.586,0.553,0.474,0.981,0.567,0.457,0.567,0.443,0.581,0.58,0.459,0.462,0.458,0.56,0.561,0.446,0.496
0.514,0.502,0.409,0.72,0.503,0.487,0.469,1.0,0.502,0.698,0.467,0.709,0.483,0.709,0.702,0.469,0.483,0.487,0.489,0.463,0.464,0.486,0.497,0.493,0.497,0.474,0.484,0.899,0.533,0.475,0.725,0.493,0.0,0.484,0.446,0.61,0.462,0.504,0.686,0.476,0.728,0.477,0.485,0.913,0.901,0.481,0.47,0.471,0.672,0.536
0.649,0.529,0.479,0.496,0.544,0.531,0.517,0.502,1.0,0.489,0.532,0.505,0.532,0.49,0.5,0.521,0.531,0.55,0.534,0.514,0.512,0.528,0.53,0.528,0.525,0.519,0.537,0.502,0.572,0.665,0.498,0.54,0.0,0.525,0.503,0.505,0.514,0.537,0.478,0.537,0.505,0.53,0.544,0.496,0.496,0.522,0.528,0.528,0.487,0.582
0.511,0.49,0.398,0.74,0.484,0.471,0.439,0.698,0.489,1.0,0.509,0.709,0.483,0.737,0.708,0.443,0.487,0.464,0.473,0.437,0.439,0.478,0.461,0.493,0.489,0.49,0.466,0.722,0.534,0.49,0.737,0.474,0.0,0.466,0.486,0.635,0.435,0.47,0.666,0.479,0.742,0.454,0.47,0.702,0.711,0.46,0.47,0.471,0.705,0.517
0.545,0.643,0.437,0.477,0.77,0.64,0.561,0.467,0.532,0.509,1.0,0.479,0.761,0.476,0.467,0.566,0.652,0.724,0.717,0.557,0.687,0.721,0.7,0.682,0.655,0.683,0.714,0.472,0.53,0.543,0.458,0.721,0.0,0.7,0.666,0.475,0.557,0.718,0.458,0.757,0.464,0.65,0.732,0.461,0.465,0.46,0.659,0.661,0.478,0.522
0.534,0.515,0.416,0.757,0.501,0.488,0.459,0.709,0.505,0.709,0.479,1.0,0.483,0.756,0.868,0.46,0.493,0.472,0.484,0.453,0.467,0.489,0.489,0.492,0.505,0.486,0.473,0.743,0.538,0.508,0.718,0.496,0.0,0.489,0.463,0.642,0.452,0.494,0.695,0.479,0.742,0.462,0.491,0.731,0.737,0.49,0.488,0.487,0.695,0.547
0.549,0.663,0.436,0.479,0.734,0.659,0.58,0.483,0.532,0.483,0.761,0.483,1.0,0.483,0.476,0.583,0.674,0.754,0.754,0.576,0.741,0.806,0.783,0.683,0.665,0.671,0.783,0.487,0.533,0.55,0.466,0.765,0.0,0.784,0.642,0.477,0.577,0.768,0.469,0.802,0.471,0.66,0.788,0.478,0.48,0.47,0.674,0.676,0.477,0.531
0.5,0.485,0.401,0.806,0.482,0.472,0.445,0.709,0.49,0.737,0.476,0.756,0.483,1.0,0.789,0.444,0.491,0.469,0.468,0.441,0.446,0.483,0.48,0.473,0.494,0.475,0.466,0.762,0.531,0.49,0.746,0.488,0.0,0.468,0.454,0.638,0.441,0.475,0.684,0.473,0.759,0.456,0.468,0.746,0.745,0.471,0.468,0.47,0.721,0.527
0.51,0.487,0.409,0.786,0.489,0.476,0.448,0.702,0.5,0.708,0.467,0.868,0.476,0.789,1.0,0.447,0.495,0.47,0.472,0.444,0.451,0.479,0.481,0.469,0.488,0.475,0.47,0.745,0.535,0.487,0.74,0.492,0.0,0.476,0.454,0.638,0.444,0.48,0.693,0.474,0.754,0.457,0.475,0.729,0.732,0.485,0.491,0.493,0.698,0.551
0.512,0.58,0.405,0.448,0.591,0.593,0.968,0.469,0.521,0.443,0.566,0.46,0.583,0.444,0.447,1.0,0.584,0.618,0.611,0.963,0.61,0.606,0.629,0.592,0.597,0.576,0.583,0.45,0.491,0.508,0.441,0.587,0.0,0.585,0.55,0.473,0.964,0.574,0.455,0.568,0.444,0.583,0.581,0.458,0.464,0.462,0.559,0.56,0.452,0.496
0.545,0.746,0.427,0.483,0.682,0.727,0.579,0.483,0.531,0.487,0.652,0.493,0.674,0.491,0.495,0.584,1.0,0.654,0.665,0.573,0.634,0.667,0.648,0.762,0.765,0.773,0.646,0.488,0.54,0.542,0.469,0.706,0.0,0.663,0.703,0.489,0.573,0.656,0.467,0.658,0.474,0.695,0.666,0.482,0.489,0.458,0.723,0.724,0.482,0.533
0.572,0.658,0.434,0.469,0.707,0.676,0.619,0.487,0.55,0.464,0.724,0.472,0.754,0.469,0.47,0.618,0.654,1.0,0.793,0.616,0.753,0.753,0.758,0.667,0.654,0.658,0.749,0.481,0.523,0.542,0.468,0.745,0.0,0.721,0.627,0.495,0.615,0.729,0.477,0.736,0.47,0.664,0.741,0.479,0.483,0.47,0.661,0.664,0.461,0.528
0.553,0.665,0.436,0.475,0.708,0.666,0.612,0.489,0.534,0.473,0.717,0.484,0.754,0.468,0.472,0.611,0.665,0.793,1.0,0.611,0.753,0.752,0.748,0.67,0.662,0.653,0.753,0.489,0.51,0.531,0.467,0.744,0.0,0.711,0.64,0.485,0.609,0.739,0.472,0.735,0.471,0.657,0.753,0.483,0.487,0.468,0.665,0.668,0.462,0.518
0.505,0.572,0.396,0.445,0.58,0.59,0.977,0.463,0.514,0.437,0.557,0.453,0.576,0.441,0.444,0.963,0.573,0.616,0.611,1.0,0.614,0.606,0.629,0.584,0.593,0.57,0.584,0.444,0.483,0.499,0.44,0.583,0.0,0.581,0.549,0.469,0.989,0.563,0.45,0.564,0.441,0.578,0.576,0.452,0.455,0.458,0.557,0.558,0.443,0.491
0.524,0.627,0.415,0.448,0.701,0.634,0.621,0.464,0.512,0.439,0.687,0.467,0.741,0.446,0.451,0.61,0.634,0.753,0.753,0.614,1.0,0.744,0.777,0.638,0.626,0.639,0.752,0.456,0.498,0.513,0.441,0.735,0.0,0.733,0.606,0.469,0.618,0.726,0.465,0.729,0.452,0.631,0.733,0.464,0.468,0.469,0.641,0.644,0.433,0.504
0.529,0.638,0.425,0.48,0.686,0.642,0.609,0.486,0.528,0.478,0.721,0.489,0.806,0.483,0.479,0.606,0.667,0.753,0.752,0.606,0.744,1.0,0.908,0.667,0.661,0.654,0.756,0.489,0.517,0.53,0.468,0.748,0.0,0.866,0.624,0.485,0.605,0.745,0.468,0.761,0.471,0.633,0.759,0.481,0.482,0.461,0.651,0.653,0.472,0.523
0.54,0.638,0.428,0.479,0.708,0.655,0.633,0.497,0.53,0.461,0.7,0.489,0.783,0.48,0.481,0.629,0.648,0.758,0.748,0.629,0.777,0.908,1.0,0.649,0.648,0.633,0.766,0.49,0.513,0.519,0.475,0.754,0.0,0.852,0.61,0.484,0.631,0.744,0.49,0.739,0.484,0.645,0.745,0.497,0.501,0.472,0.644,0.647,0.459,0.517
0.539,0.807,0.421,0.473,0.667,0.789,0.588,0.493,0.528,0.493,0.682,0.492,0.683,0.473,0.469,0.592,0.762,0.667,0.67,0.584,0.638,0.667,0.649,1.0,0.81,0.764,0.662,0.484,0.533,0.536,0.462,0.687,0.0,0.658,0.808,0.476,0.583,0.656,0.46,0.671,0.465,0.71,0.668,0.475,0.482,0.452,0.713,0.715,0.472,0.521
0.531,0.818,0.424,0.491,0.672,0.815,0.592,0.497,0.525,0.489,0.655,0.505,0.665,0.494,0.488,0.597,0.765,0.654,0.662,0.593,0.626,0.661,0.648,0.81,1.0,0.77,0.655,0.495,0.525,0.532,0.471,0.698,0.0,0.646,0.781,0.485,0.591,0.667,0.47,0.658,0.476,0.702,0.666,0.498,0.501,0.459,0.72,0.72,0.497,0.52
0.521,0.733,0.414,0.478,0.671,0.719,0.576,0.474,0.519,0.49,0.683,0.486,0.671,0.475,0.475,0.576,0.773,0.658,0.653,0.57,0.639,0.654,0.633,0.764,0.77,1.0,0.642,0.478,0.521,0.532,0.46,0.667,0.0,0.643,0.718,0.479,0.568,0.651,0.458,0.677,0.466,0.702,0.654,0.475,0.479,0.447,0.711,0.714,0.485,0.524
0.55,0.657,0.431,0.468,0.73,0.655,0.585,0.484,0.537,0.466,0.714,0.473,0.783,0.466,0.47,0.583,0.646,0.749,0.753,0.584,0.752,0.756,0.766,0.662,0.655,0.642,1.0,0.477,0.517,0.534,0.471,0.757,0.0,0.744,0.627,0.471,0.584,0.831,0.458,0.772,0.479,0.66,0.841,0.48,0.477,0.477,0.655,0.659,0.462,0.519
0.516,0.5,0.415,0.77,0.495,0.476,0.45,0.899,0.502,0.722,0.472,0.743,0.487,0.762,0.745,0.45,0.488,0.481,0.489,0.444,0.456,0.489,0.49,0.484,0.495,0.478,0.477,1.0,0.539,0.488,0.739,0.497,0.0,0.484,0.448,0.636,0.444,0.498,0.681,0.477,0.756,0.465,0.484,0.955,0.94,0.481,0.479,0.48,0.707,0.543
0.59,0.531,0.46,0.535,0.533,0.528,0.488,0.533,0.572,0.534,0.53,0.538,0.533,0.531,0.535,0.491,0.54,0.523,0.51,0.483,0.498,0.517,0.513,0.533,0.525,0.521,0.517,0.539,1.0,0.569,0.523,0.532,0.0,0.522,0.498,0.536,0.482,0.526,0.5,0.533,0.522,0.501,0.526,0.522,0.53,0.56,0.514,0.514,0.524,0.828
0.645,0.53,0.466,0.481,0.542,0.525,0.503,0.475,0.665,0.49,0.543,0.508,0.55,0.49,0.487,0.508,0.542,0.542,0.531,0.499,0.513,0.53,0.519,0.536,0.532,0.532,0.534,0.488,0.569,1.0,0.481,0.529,0.0,0.522,0.5,0.486,0.5,0.537,0.459,0.552,0.49,0.523,0.544,0.472,0.474,0.512,0.546,0.547,0.487,0.58
0.5,0.484,0.392,0.746,0.483,0.468,0.442,0.725,0.498,0.737,0.458,0.718,0.466,0.746,0.74,0.441,0.469,0.468,0.467,0.44,0.441,0.468,0.475,0.462,0.471,0.46,0.471,0.739,0.523,0.481,1.0,0.478,0.0,0.472,0.434,0.627,0.439,0.474,0.668,0.46,0.904,0.449,0.465,0.728,0.729,0.461,0.458,0.459,0.677,0.52
0.55,0.689,0.438,0.492,0.725,0.68,0.587,0.493,0.54,0.474,0.721,0.496,0.765,0.488,0.492,0.587,0.706,0.745,0.744,0.583,0.735,0.748,0.754,0.687,0.698,0.667,0.757,0.497,0.532,0.529,0.478,1.0,0.0,0.742,0.639,0.479,0.583,0.77,0.47,0.769,0.48,0.668,0.778,0.489,0.494,0.473,0.689,0.69,0.475,0.522
0.0,0.0,0.0,0.0,0.0,0.0,0.0,0.0,0.0,0.0,0.0,0.0,0.0,0.0,0.0,0.0,0.0,0.0,0.0,0.0,0.0,0.0,0.0,0.0,0.0,0.0,0.0,0.0,0.0,0.0,0.0,0.0,1.0,0.0,0.0,0.0,0.0,0.0,0.0,0.0,0.0,0.0,0.0,0.0,0.0,0.0,0.0,0.0,0.0,0.0
0.529,0.643,0.431,0.472,0.688,0.657,0.586,0.484,0.525,0.466,0.7,0.489,0.784,0.468,0.476,0.585,0.663,0.721,0.711,0.581,0.733,0.866,0.852,0.658,0.646,0.643,0.744,0.484,0.522,0.522,0.472,0.742,0.0,1.0,0.62,0.501,0.581,0.736,0.476,0.742,0.469,0.632,0.757,0.475,0.482,0.456,0.652,0.654,0.458,0.527
0.503,0.753,0.39,0.454,0.632,0.764,0.553,0.446,0.503,0.486,0.666,0.463,0.642,0.454,0.454,0.55,0.703,0.627,0.64,0.549,0.606,0.624,0.61,0.808,0.781,0.718,0.627,0.448,0.498,0.5,0.434,0.639,0.0,0.62,1.0,0.466,0.549,0.622,0.441,0.637,0.438,0.669,0.634,0.439,0.446,0.424,0.674,0.675,0.449,0.483
0.507,0.481,0.394,0.646,0.477,0.48,0.474,0.61,0.505,0.635,0.475,0.642,0.477,0.638,0.638,0.473,0.489,0.495,0.485,0.469,0.469,0.485,0.484,0.476,0.485,0.479,0.471,0.636,0.536,0.486,0.627,0.479,0.0,0.501,0.466,1.0,0.466,0.465,0.643,0.471,0.627,0.458,0.465,0.616,0.62,0.467,0.462,0.463,0.638,0.535
0.501,0.57,0.395,0.444,0.579,0.588,0.981,0.462,0.514,0.435,0.557,0.452,0.577,0.441,0.444,0.964,0.573,0.615,0.609,0.989,0.618,0.605,0.631,0.583,0.591,0.568,0.584,0.444,0.482,0.5,0.439,0.583,0.0,0.581,0.549,0.466,1.0,0.564,0.448,0.563,0.44,0.577,0.575,0.451,0.454,0.457,0.556,0.557,0.443,0.49
0.56,0.688,0.449,0.472,0.74,0.667,0.567,0.504,0.537,0.47,0.718,0.494,0.768,0.475,0.48,0.574,0.656,0.729,0.739,0.563,0.726,0.745,0.744,0.656,0.667,0.651,0.831,0.498,0.526,0.537,0.474,0.77,0.0,0.736,0.622,0.465,0.564,1.0,0.467,0.775,0.48,0.655,0.862,0.497,0.49,0.484,0.673,0.676,0.475,0.528
0.488,0.472,0.387,0.678,0.481,0.481,0.457,0.686,0.478,0.666,0.458,0.695,0.469,0.684,0.693,0.455,0.467,0.477,0.472,0.45,0.465,0.468,0.49,0.46,0.47,0.458,0.458,0.681,0.5,0.459,0.668,0.47,0.0,0.476,0.441,0.643,0.448,0.467,1.0,0.455,0.676,0.46,0.467,0.698,0.703,0.465,0.452,0.454,0.669,0.507
0.547,0.651,0.439,0.468,0.73,0.652,0.567,0.476,0.537,0.479,0.757,0.479,0.802,0.473,0.474,0.568,0.658,0.736,0.735,0.564,0.729,0.761,0.739,0.671,0.658,0.677,0.772,0.477,0.533,0.552,0.46,0.769,0.0,0.742,0.637,0.471,0.563,0.775,0.455,1.0,0.462,0.656,0.782,0.465,0.471,0.471,0.679,0.68,0.467,0.542
0.512,0.488,0.401,0.761,0.496,0.474,0.443,0.728,0.505,0.742,0.464,0.742,0.471,0.759,0.754,0.444,0.474,0.47,0.471,0.441,0.452,0.471,0.484,0.465,0.476,0.466,0.479,0.756,0.522,0.49,0.904,0.48,0.0,0.469,0.438,0.627,0.44,0.48,0.676,0.462,1.0,0.46,0.47,0.748,0.745,0.464,0.463,0.464,0.682,0.52
0.531,0.707,0.423,0.451,0.684,0.705,0.581,0.477,0.53,0.454,0.65,0.462,0.66,0.456,0.457,0.583,0.695,0.664,0.657,0.578,0.631,0.633,0.645,0.71,0.702,0.702,0.66,0.465,0.501,0.523,0.449,0.668,0.0,0.632,0.669,0.458,0.577,0.655,0.46,0.656,0.46,1.0,0.681,0.475,0.472,0.452,0.713,0.716,0.457,0.501
0.553,0.665,0.445,0.47,0.74,0.665,0.58,0.485,0.544,0.47,0.732,0.491,0.788,0.468,0.475,0.581,0.666,0.741,0.753,0.576,0.733,0.759,0.745,0.668,0.666,0.654,0.841,0.484,0.526,0.544,0.465,0.778,0.0,0.757,0.634,0.465,0.575,0.862,0.467,0.782,0.47,0.681,1.0,0.483,0.48,0.48,0.672,0.675,0.47,0.528
0.511,0.505,0.417,0.753,0.497,0.476,0.459,0.913,0.496,0.702,0.461,0.731,0.478,0.746,0.729,0.458,0.482,0.479,0.483,0.452,0.464,0.481,0.497,0.475,0.498,0.475,0.48,0.955,0.522,0.472,0.728,0.489,0.0,0.475,0.439,0.616,0.451,0.497,0.698,0.465,0.748,0.475,0.483,1.0,0.965,0.493,0.468,0.469,0.698,0.525
0.527,0.51,0.413,0.753,0.505,0.481,0.462,0.901,0.496,0.711,0.465,0.737,0.48,0.745,0.732,0.464,0.489,0.483,0.487,0.455,0.468,0.482,0.501,0.482,0.501,0.479,0.477,0.94,0.53,0.474,0.729,0.494,0.0,0.482,0.446,0.62,0.454,0.49,0.703,0.471,0.745,0.472,0.48,0.965,1.0,0.488,0.471,0.473,0.695,0.529
0.528,0.468,0.406,0.467,0.478,0.466,0.458,0.481,0.522,0.46,0.46,0.49,0.47,0.471,0.485,0.462,0.458,0.47,0.468,0.458,0.469,0.461,0.472,0.452,0.459,0.447,0.477,0.481,0.56,0.512,0.461,0.473,0.0,0.456,0.424,0.467,0.457,0.484,0.465,0.471,0.464,0.452,0.48,0.493,0.488,1.0,0.485,0.485,0.464,0.625
0.543,0.719,0.435,0.465,0.691,0.726,0.56,0.47,0.528,0.47,0.659,0.488,0.674,0.468,0.491,0.559,0.723,0.661,0.665,0.557,0.641,0.651,0.644,0.713,0.72,0.711,0.655,0.479,0.514,0.546,0.458,0.689,0.0,0.652,0.674,0.462,0.556,0.673,0.452,0.679,0.463,0.713,0.672,0.468,0.471,0.485,1.0,0.995,0.464,0.543
0.543,0.722,0.435,0.466,0.694,0.73,0.561,0.471,0.528,0.471,0.661,0.487,0.676,0.47,0.493,0.56,0.724,0.664,0.668,0.558,0.644,0.653,0.647,0.715,0.72,0.714,0.659,0.48,0.514,0.547,0.459,0.69,0.0,0.654,0.675,0.463,0.557,0.676,0.454,0.68,0.464,0.716,0.675,0.469,0.473,0.485,0.995,1.0,0.465,0.542
0.498,0.492,0.405,0.722,0.485,0.476,0.446,0.672,0.487,0.705,0.478,0.695,0.477,0.721,0.698,0.452,0.482,0.461,0.462,0.443,0.433,0.472,0.459,0.472,0.497,0.485,0.462,0.707,0.524,0.487,0.677,0.475,0.0,0.458,0.449,0.638,0.443,0.475,0.669,0.467,0.682,0.457,0.47,0.698,0.695,0.464,0.464,0.465,1.0,0.524
0.597,0.518,0.464,0.532,0.524,0.522,0.496,0.536,0.582,0.517,0.522,0.547,0.531,0.527,0.551,0.496,0.533,0.528,0.518,0.491,0.504,0.523,0.517,0.521,0.52,0.524,0.519,0.543,0.828,0.58,0.52,0.522,0.0,0.527,0.483,0.535,0.49,0.528,0.507,0.542,0.52,0.501,0.528,0.525,0.529,0.625,0.543,0.542,0.524,1.0
