GCF_000163235.1_ASM16323v1_genomic.fna,GCF_000164555.1_ASM16455v1_genomic.fna,GCF_000208545.1_ASM20854v2_genomic.fna,GCF_000233875.1_ASM23387v1_genomic.fna,GCF_000249735.1_ASM24973v2_genomic.fna,GCF_000261145.1_Esch_coli_M919_V2_genomic.fna,GCF_000267705.2_ASM26770v2_genomic.fna,GCF_000350665.1_Esch_coli_KTE5_V1_genomic.fna,GCF_000351625.1_Esch_coli_KTE66_V1_genomic.fna,GCF_000352285.1_Esch_coli_KTE46_V1_genomic.fna,GCF_000358895.1_ASM35889v1_genomic.fna,GCF_000456385.1_Esch_coli_HVH_26_4-5703913_V1_genomic.fna,GCF_000458195.1_Esch_coli_HVH_147_4-5893887_V1_genomic.fna,GCF_000459755.1_Esch_coli_KOEGE_58_171a_V1_genomic.fna,GCF_000460055.1_Esch_coli_UMEA_3053-1_V1_genomic.fna,GCF_000462165.2_ASM46216v2_genomic.fna,GCF_000601135.1_ASM60113v1_genomic.fna,GCF_000614595.1_Ec2010EL1058_genomic.fna,GCF_000617745.1_Ec2010C-4529_genomic.fna,GCF_000618265.2_EcF6751_genomic.fna,GCF_000619005.2_Ec2009C-4052_genomic.fna,GCF_000619105.1_Ec2009C-4780_genomic.fna,GCF_000619765.2_Ec2009C-3279_genomic.fna,GCF_000687005.1_ASM68700v1_genomic.fna,GCF_000687025.1_ASM68702v1_genomic.fna,GCF_000700125.1_ASM70012v1_genomic.fna,GCF_000753315.1_FHI35_genomic.fna,GCF_000776375.1_ASM77637v1_genomic.fna,GCF_000779395.1_ASM77939v1_genomic.fna,GCF_000780315.1_ASM78031v1_genomic.fna,GCF_000781995.1_ASM78199v1_genomic.fna,GCF_000986765.1_ASM98676v1_genomic.fna,GCF_001041375.1_ViralProj287958_genomic.fna,GCF_001265335.1_302014_genomic.fna,GCF_001265625.1_100854_genomic.fna,GCF_001267345.1_303289_genomic.fna,GCF_001309985.1_ASM130998v1_genomic.fna,GCF_001521695.1_ASM152169v1_genomic.fna,GCF_001592595.1_ASM159259v1_genomic.fna,GCF_001614975.1_ASM161497v1_genomic.fna,GCF_001692775.1_ASM169277v1_genomic.fna,GCF_001748915.1_ASM174891v1_genomic.fna,GCF_001749235.1_ASM174923v1_genomic.fna,GCF_001881155.1_ASM188115v1_genomic.fna,GCF_001881345.1_ASM188134v1_genomic.fna,GCF_001892405.1_ASM189240v1_genomic.fna,GCF_001892585.1_ASM189258v1_genomic.fna,GCF_001893985.1_ASM189398v1_genomic.fna,GCF_002001595.1_ASM200159v1_genomic.fna,GCF_002002145.1_ASM200214v1_genomic.fna
1.0,0.572,0.483,0.498,0.551,0.551,0.53,0.522,0.626,0.516,0.535,0.531,0.551,0.494,0.484,0.53,0.546,0.546,0.547,0.525,0.525,0.533,0.554,0.557,0.536,0.528,0.53,0.521,0.586,0.642,0.483,0.534,0.0,0.54,0.52,0.506,0.526,0.574,0.501,0.544,0.497,0.552,0.549,0.516,0.531,0.529,0.528,0.528,0.492,0.574
0.572,1.0,0.436,0.471,0.679,0.792,0.581,0.484,0.509,0.48,0.646,0.497,0.667,0.459,0.466,0.582,0.732,0.665,0.655,0.577,0.635,0.644,0.658,0.807,0.804,0.721,0.661,0.483,0.534,0.535,0.466,0.668,0.0,0.646,0.759,0.472,0.579,0.701,0.477,0.657,0.475,0.703,0.675,0.492,0.488,0.467,0.714,0.716,0.481,0.518
0.483,0.436,1.0,0.391,0.427,0.423,0.412,0.392,0.449,0.39,0.418,0.398,0.434,0.396,0.392,0.415,0.426,0.423,0.418,0.405,0.411,0.42,0.43,0.42,0.421,0.421,0.425,0.397,0.453,0.463,0.391,0.427,0.0,0.424,0.395,0.415,0.407,0.442,0.401,0.421,0.399,0.428,0.441,0.396,0.391,0.4,0.441,0.442,0.416,0.446
0.498,0.471,0.391,1.0,0.476,0.472,0.446,0.719,0.492,0.761,0.484,0.743,0.494,0.794,0.786,0.457,0.464,0.467,0.467,0.438,0.447,0.481,0.481,0.487,0.454,0.483,0.452,0.763,0.538,0.49,0.733,0.46,0.0,0.461,0.464,0.647,0.44,0.462,0.691,0.475,0.774,0.457,0.46,0.744,0.74,0.479,0.462,0.46,0.687,0.541
0.551,0.679,0.427,0.476,1.0,0.692,0.591,0.476,0.522,0.485,0.774,0.481,0.74,0.483,0.49,0.602,0.684,0.704,0.706,0.581,0.698,0.708,0.723,0.691,0.672,0.661,0.733,0.484,0.558,0.549,0.482,0.702,0.0,0.717,0.657,0.483,0.583,0.748,0.484,0.729,0.497,0.683,0.755,0.47,0.475,0.463,0.7,0.702,0.487,0.534
0.551,0.792,0.423,0.472,0.692,1.0,0.612,0.484,0.528,0.473,0.659,0.474,0.679,0.473,0.478,0.622,0.725,0.674,0.672,0.603,0.64,0.67,0.683,0.807,0.823,0.722,0.665,0.484,0.55,0.538,0.467,0.655,0.0,0.68,0.776,0.497,0.602,0.689,0.498,0.673,0.48,0.714,0.677,0.47,0.477,0.477,0.734,0.733,0.484,0.548
0.53,0.581,0.412,0.446,0.591,0.612,1.0,0.447,0.511,0.441,0.57,0.453,0.584,0.45,0.44,0.941,0.583,0.638,0.625,0.982,0.622,0.625,0.642,0.6,0.586,0.58,0.603,0.447,0.502,0.52,0.444,0.591,0.0,0.605,0.584,0.479,0.985,0.591,0.469,0.59,0.444,0.582,0.598,0.442,0.445,0.446,0.568,0.568,0.447,0.505
0.522,0.484,0.392,0.719,0.476,0.484,0.447,1.0,0.478,0.717,0.452,0.736,0.476,0.726,0.706,0.444,0.464,0.47,0.472,0.445,0.457,0.464,0.479,0.479,0.45,0.458,0.46,0.907,0.543,0.488,0.741,0.469,0.0,0.463,0.433,0.648,0.445,0.49,0.699,0.47,0.744,0.469,0.472,0.899,0.891,0.488,0.456,0.456,0.693,0.514
0.626,0.509,0.449,0.492,0.522,0.528,0.511,0.478,1.0,0.505,0.538,0.474,0.542,0.501,0.492,0.533,0.527,0.523,0.516,0.504,0.497,0.542,0.536,0.533,0.511,0.523,0.538,0.494,0.58,0.658,0.475,0.507,0.0,0.527,0.52,0.503,0.506,0.538,0.484,0.548,0.493,0.514,0.549,0.476,0.478,0.515,0.518,0.515,0.477,0.586
0.516,0.48,0.39,0.761,0.485,0.473,0.441,0.717,0.505,1.0,0.512,0.706,0.51,0.778,0.726,0.458,0.469,0.466,0.467,0.436,0.446,0.48,0.47,0.492,0.452,0.478,0.459,0.734,0.528,0.5,0.738,0.453,0.0,0.46,0.473,0.638,0.437,0.471,0.692,0.477,0.766,0.463,0.462,0.711,0.72,0.471,0.466,0.464,0.703,0.515
0.535,0.646,0.418,0.484,0.774,0.659,0.57,0.452,0.538,0.512,1.0,0.456,0.777,0.499,0.47,0.597,0.658,0.709,0.694,0.561,0.673,0.731,0.717,0.693,0.637,0.667,0.72,0.465,0.531,0.539,0.456,0.683,0.0,0.696,0.69,0.481,0.563,0.714,0.478,0.736,0.477,0.656,0.724,0.446,0.455,0.452,0.65,0.649,0.461,0.533
0.531,0.497,0.398,0.743,0.481,0.474,0.453,0.736,0.474,0.706,0.456,1.0,0.471,0.737,0.841,0.449,0.457,0.468,0.463,0.45,0.466,0.459,0.473,0.476,0.455,0.464,0.458,0.735,0.54,0.488,0.723,0.464,0.0,0.465,0.44,0.647,0.449,0.481,0.691,0.46,0.744,0.469,0.465,0.736,0.742,0.477,0.457,0.458,0.672,0.518
0.551,0.667,0.434,0.494,0.74,0.679,0.584,0.476,0.542,0.51,0.777,0.471,1.0,0.494,0.478,0.606,0.682,0.74,0.744,0.577,0.729,0.813,0.803,0.711,0.651,0.683,0.775,0.477,0.545,0.552,0.469,0.725,0.0,0.782,0.676,0.489,0.577,0.768,0.488,0.787,0.491,0.68,0.773,0.463,0.467,0.459,0.682,0.682,0.476,0.546
0.494,0.459,0.396,0.794,0.483,0.473,0.45,0.726,0.501,0.778,0.499,0.737,0.494,1.0,0.777,0.462,0.456,0.46,0.458,0.443,0.439,0.477,0.471,0.482,0.449,0.478,0.456,0.767,0.54,0.486,0.74,0.448,0.0,0.454,0.467,0.643,0.443,0.464,0.68,0.471,0.779,0.455,0.462,0.746,0.745,0.48,0.459,0.456,0.7,0.534
0.484,0.466,0.392,0.786,0.49,0.478,0.44,0.706,0.492,0.726,0.47,0.841,0.478,0.777,1.0,0.449,0.468,0.461,0.455,0.432,0.444,0.468,0.474,0.468,0.449,0.469,0.461,0.737,0.551,0.488,0.744,0.456,0.0,0.461,0.448,0.643,0.433,0.471,0.679,0.468,0.776,0.463,0.469,0.715,0.717,0.483,0.474,0.473,0.688,0.55
0.53,0.582,0.415,0.457,0.602,0.622,0.941,0.444,0.533,0.458,0.597,0.449,0.606,0.462,0.449,1.0,0.6,0.618,0.622,0.934,0.602,0.642,0.639,0.617,0.592,0.599,0.597,0.45,0.516,0.531,0.442,0.574,0.0,0.609,0.6,0.479,0.937,0.596,0.466,0.606,0.463,0.582,0.594,0.441,0.444,0.445,0.575,0.573,0.46,0.521
0.546,0.732,0.426,0.464,0.684,0.725,0.583,0.464,0.527,0.469,0.658,0.457,0.682,0.456,0.468,0.6,1.0,0.666,0.651,0.573,0.633,0.674,0.682,0.767,0.742,0.774,0.663,0.468,0.552,0.524,0.447,0.686,0.0,0.675,0.711,0.489,0.577,0.67,0.482,0.669,0.471,0.707,0.683,0.459,0.466,0.451,0.729,0.728,0.458,0.542
0.546,0.665,0.423,0.467,0.704,0.674,0.638,0.47,0.523,0.466,0.709,0.468,0.74,0.46,0.461,0.618,0.666,1.0,0.775,0.629,0.745,0.774,0.786,0.668,0.644,0.645,0.74,0.471,0.525,0.548,0.462,0.718,0.0,0.737,0.642,0.5,0.626,0.719,0.487,0.72,0.461,0.667,0.732,0.464,0.468,0.461,0.66,0.661,0.454,0.527
0.547,0.655,0.418,0.467,0.706,0.672,0.625,0.472,0.516,0.467,0.694,0.463,0.744,0.458,0.455,0.622,0.651,0.775,1.0,0.615,0.746,0.762,0.77,0.665,0.647,0.64,0.739,0.471,0.524,0.545,0.458,0.714,0.0,0.731,0.632,0.497,0.616,0.72,0.487,0.725,0.468,0.67,0.724,0.466,0.471,0.448,0.649,0.651,0.463,0.526
0.525,0.577,0.405,0.438,0.581,0.603,0.982,0.445,0.504,0.436,0.561,0.45,0.577,0.443,0.432,0.934,0.573,0.629,0.615,1.0,0.622,0.616,0.632,0.592,0.581,0.573,0.595,0.44,0.494,0.513,0.438,0.59,0.0,0.597,0.573,0.47,0.992,0.583,0.466,0.582,0.438,0.57,0.591,0.441,0.443,0.446,0.559,0.559,0.442,0.497
0.525,0.635,0.411,0.447,0.698,0.64,0.622,0.457,0.497,0.446,0.673,0.466,0.729,0.439,0.444,0.602,0.633,0.745,0.746,0.622,1.0,0.741,0.761,0.638,0.616,0.631,0.722,0.457,0.49,0.524,0.445,0.724,0.0,0.733,0.611,0.476,0.619,0.714,0.476,0.73,0.456,0.637,0.724,0.461,0.462,0.461,0.654,0.655,0.438,0.5
0.533,0.644,0.42,0.481,0.708,0.67,0.625,0.464,0.542,0.48,0.731,0.459,0.813,0.477,0.468,0.642,0.674,0.774,0.762,0.616,0.741,1.0,0.927,0.692,0.644,0.662,0.759,0.464,0.523,0.541,0.459,0.72,0.0,0.867,0.662,0.486,0.618,0.745,0.475,0.769,0.477,0.656,0.76,0.452,0.454,0.453,0.66,0.66,0.458,0.539
0.554,0.658,0.43,0.481,0.723,0.683,0.642,0.479,0.536,0.47,0.717,0.473,0.803,0.471,0.474,0.639,0.682,0.786,0.77,0.632,0.761,0.927,1.0,0.682,0.654,0.654,0.774,0.479,0.539,0.544,0.462,0.744,0.0,0.866,0.649,0.496,0.634,0.759,0.484,0.765,0.476,0.658,0.767,0.468,0.468,0.458,0.669,0.669,0.463,0.54
0.557,0.807,0.42,0.487,0.691,0.807,0.6,0.479,0.533,0.492,0.693,0.476,0.711,0.482,0.468,0.617,0.767,0.668,0.665,0.592,0.638,0.692,0.682,1.0,0.818,0.77,0.671,0.481,0.541,0.541,0.453,0.661,0.0,0.666,0.82,0.483,0.593,0.681,0.474,0.688,0.484,0.727,0.682,0.464,0.473,0.452,0.725,0.724,0.464,0.539
0.536,0.804,0.421,0.454,0.672,0.823,0.586,0.45,0.511,0.452,0.637,0.455,0.651,0.449,0.449,0.592,0.742,0.644,0.647,0.581,0.616,0.644,0.654,0.818,1.0,0.751,0.648,0.454,0.516,0.515,0.443,0.656,0.0,0.643,0.783,0.464,0.585,0.666,0.458,0.645,0.455,0.7,0.66,0.455,0.45,0.451,0.713,0.712,0.468,0.51
0.528,0.721,0.421,0.483,0.661,0.722,0.58,0.458,0.523,0.478,0.667,0.464,0.683,0.478,0.469,0.599,0.774,0.645,0.64,0.573,0.631,0.662,0.654,0.77,0.751,1.0,0.654,0.468,0.521,0.523,0.448,0.639,0.0,0.641,0.728,0.473,0.574,0.656,0.474,0.675,0.468,0.701,0.653,0.47,0.46,0.45,0.718,0.716,0.474,0.529
0.53,0.661,0.425,0.452,0.733,0.665,0.603,0.46,0.538,0.459,0.72,0.458,0.775,0.456,0.461,0.597,0.663,0.74,0.739,0.595,0.722,0.759,0.774,0.671,0.648,0.654,1.0,0.461,0.524,0.54,0.461,0.738,0.0,0.75,0.638,0.482,0.596,0.844,0.468,0.779,0.462,0.666,0.852,0.46,0.457,0.456,0.661,0.663,0.458,0.525
0.521,0.483,0.397,0.763,0.484,0.484,0.447,0.907,0.494,0.734,0.465,0.735,0.477,0.767,0.737,0.45,0.468,0.471,0.471,0.44,0.457,0.464,0.479,0.481,0.454,0.468,0.461,1.0,0.545,0.499,0.742,0.47,0.0,0.464,0.438,0.655,0.44,0.489,0.692,0.467,0.77,0.464,0.469,0.953,0.939,0.486,0.469,0.467,0.711,0.517
0.586,0.534,0.453,0.538,0.558,0.55,0.502,0.543,0.58,0.528,0.531,0.54,0.545,0.54,0.551,0.516,0.552,0.525,0.524,0.494,0.49,0.523,0.539,0.541,0.516,0.521,0.524,0.545,1.0,0.564,0.533,0.524,0.0,0.531,0.509,0.537,0.495,0.537,0.529,0.532,0.544,0.523,0.535,0.53,0.536,0.598,0.516,0.513,0.528,0.835
0.642,0.535,0.463,0.49,0.549,0.538,0.52,0.488,0.658,0.5,0.539,0.488,0.552,0.486,0.488,0.531,0.524,0.548,0.545,0.513,0.524,0.541,0.544,0.541,0.515,0.523,0.54,0.499,0.564,1.0,0.481,0.519,0.0,0.535,0.511,0.504,0.514,0.545,0.5,0.554,0.498,0.545,0.55,0.488,0.486,0.514,0.539,0.54,0.494,0.579
0.483,0.466,0.391,0.733,0.482,0.467,0.444,0.741,0.475,0.738,0.456,0.723,0.469,0.74,0.744,0.442,0.447,0.462,0.458,0.438,0.445,0.459,0.462,0.453,0.443,0.448,0.461,0.742,0.533,0.481,1.0,0.459,0.0,0.464,0.428,0.647,0.439,0.47,0.692,0.456,0.873,0.466,0.467,0.729,0.732,0.486,0.46,0.46,0.697,0.509
0.534,0.668,0.427,0.46,0.702,0.655,0.591,0.469,0.507,0.453,0.683,0.464,0.725,0.448,0.456,0.574,0.686,0.718,0.714,0.59,0.724,0.72,0.744,0.661,0.656,0.639,0.738,0.47,0.524,0.519,0.459,1.0,0.0,0.722,0.615,0.466,0.59,0.742,0.481,0.731,0.457,0.661,0.748,0.471,0.48,0.471,0.659,0.661,0.452,0.507
0.0,0.0,0.0,0.0,0.0,0.0,0.0,0.0,0.0,0.0,0.0,0.0,0.0,0.0,0.0,0.0,0.0,0.0,0.0,0.0,0.0,0.0,0.0,0.0,0.0,0.0,0.0,0.0,0.0,0.0,0.0,0.0,1.0,0.0,0.0,0.0,0.0,0.0,0.0,0.0,0.0,0.0,0.0,0.0,0.0,0.0,0.0,0.0,0.0,0.0
0.54,0.646,0.424,0.461,0.717,0.68,0.605,0.463,0.527,0.46,0.696,0.465,0.782,0.454,0.461,0.609,0.675,0.737,0.731,0.597,0.733,0.867,0.866,0.666,0.643,0.641,0.75,0.464,0.531,0.535,0.464,0.722,0.0,1.0,0.64,0.507,0.598,0.741,0.494,0.739,0.463,0.658,0.768,0.449,0.46,0.452,0.666,0.668,0.454,0.529
0.52,0.759,0.395,0.464,0.657,0.776,0.584,0.433,0.52,0.473,0.69,0.44,0.676,0.467,0.448,0.6,0.711,0.642,0.632,0.573,0.611,0.662,0.649,0.82,0.783,0.728,0.638,0.438,0.509,0.511,0.428,0.615,0.0,0.64,1.0,0.456,0.576,0.639,0.447,0.659,0.447,0.675,0.646,0.425,0.434,0.436,0.692,0.69,0.442,0.508
0.506,0.472,0.415,0.647,0.483,0.497,0.479,0.648,0.503,0.638,0.481,0.647,0.489,0.643,0.643,0.479,0.489,0.5,0.497,0.47,0.476,0.486,0.496,0.483,0.464,0.473,0.482,0.655,0.537,0.504,0.647,0.466,0.0,0.507,0.456,1.0,0.469,0.473,0.683,0.475,0.658,0.489,0.479,0.641,0.648,0.485,0.467,0.468,0.638,0.526
0.526,0.579,0.407,0.44,0.583,0.602,0.985,0.445,0.506,0.437,0.563,0.449,0.577,0.443,0.433,0.937,0.577,0.626,0.616,0.992,0.619,0.618,0.634,0.593,0.585,0.574,0.596,0.44,0.495,0.514,0.439,0.59,0.0,0.598,0.576,0.469,1.0,0.585,0.466,0.583,0.439,0.573,0.592,0.44,0.443,0.446,0.559,0.559,0.442,0.498
0.574,0.701,0.442,0.462,0.748,0.689,0.591,0.49,0.538,0.471,0.714,0.481,0.768,0.464,0.471,0.596,0.67,0.719,0.72,0.583,0.714,0.745,0.759,0.681,0.666,0.656,0.844,0.489,0.537,0.545,0.47,0.742,0.0,0.741,0.639,0.473,0.585,1.0,0.483,0.764,0.477,0.68,0.87,0.487,0.476,0.463,0.691,0.693,0.475,0.53
0.501,0.477,0.401,0.691,0.484,0.498,0.469,0.699,0.484,0.692,0.478,0.691,0.488,0.68,0.679,0.466,0.482,0.487,0.487,0.466,0.476,0.475,0.484,0.474,0.458,0.474,0.468,0.692,0.529,0.5,0.692,0.481,0.0,0.494,0.447,0.683,0.466,0.483,1.0,0.474,0.696,0.484,0.485,0.697,0.705,0.482,0.475,0.477,0.672,0.512
0.544,0.657,0.421,0.475,0.729,0.673,0.59,0.47,0.548,0.477,0.736,0.46,0.787,0.471,0.468,0.606,0.669,0.72,0.725,0.582,0.73,0.769,0.765,0.688,0.645,0.675,0.779,0.467,0.532,0.554,0.456,0.731,0.0,0.739,0.659,0.475,0.583,0.764,0.474,1.0,0.475,0.662,0.784,0.454,0.467,0.471,0.678,0.676,0.463,0.551
0.497,0.475,0.399,0.774,0.497,0.48,0.444,0.744,0.493,0.766,0.477,0.744,0.491,0.779,0.776,0.463,0.471,0.461,0.468,0.438,0.456,0.477,0.476,0.484,0.455,0.468,0.462,0.77,0.544,0.498,0.873,0.457,0.0,0.463,0.447,0.658,0.439,0.477,0.696,0.475,1.0,0.477,0.47,0.746,0.747,0.481,0.468,0.466,0.718,0.528
0.552,0.703,0.428,0.457,0.683,0.714,0.582,0.469,0.514,0.463,0.656,0.469,0.68,0.455,0.463,0.582,0.707,0.667,0.67,0.57,0.637,0.656,0.658,0.727,0.7,0.701,0.666,0.464,0.523,0.545,0.466,0.661,0.0,0.658,0.675,0.489,0.573,0.68,0.484,0.662,0.477,1.0,0.702,0.462,0.463,0.464,0.748,0.751,0.468,0.522
0.549,0.675,0.441,0.46,0.755,0.677,0.598,0.472,0.549,0.462,0.724,0.465,0.773,0.462,0.469,0.594,0.683,0.732,0.724,0.591,0.724,0.76,0.767,0.682,0.66,0.653,0.852,0.469,0.535,0.55,0.467,0.748,0.0,0.768,0.646,0.479,0.592,0.87,0.485,0.784,0.47,0.702,1.0,0.458,0.463,0.464,0.681,0.683,0.465,0.531
0.516,0.492,0.396,0.744,0.47,0.47,0.442,0.899,0.476,0.711,0.446,0.736,0.463,0.746,0.715,0.441,0.459,0.464,0.466,0.441,0.461,0.452,0.468,0.464,0.455,0.47,0.46,0.953,0.53,0.488,0.729,0.471,0.0,0.449,0.425,0.641,0.44,0.487,0.697,0.454,0.746,0.462,0.458,1.0,0.955,0.498,0.46,0.461,0.707,0.505
0.531,0.488,0.391,0.74,0.475,0.477,0.445,0.891,0.478,0.72,0.455,0.742,0.467,0.745,0.717,0.444,0.466,0.468,0.471,0.443,0.462,0.454,0.468,0.473,0.45,0.46,0.457,0.939,0.536,0.486,0.732,0.48,0.0,0.46,0.434,0.648,0.443,0.476,0.705,0.467,0.747,0.463,0.463,0.955,1.0,0.494,0.462,0.463,0.699,0.506
0.529,0.467,0.4,0.479,0.463,0.477,0.446,0.488,0.515,0.471,0.452,0.477,0.459,0.48,0.483,0.445,0.451,0.461,0.448,0.446,0.461,0.453,0.458,0.452,0.451,0.45,0.456,0.486,0.598,0.514,0.486,0.471,0.0,0.452,0.436,0.485,0.446,0.463,0.482,0.471,0.481,0.464,0.464,0.498,0.494,1.0,0.493,0.493,0.484,0.646
0.528,0.714,0.441,0.462,0.7,0.734,0.568,0.456,0.518,0.466,0.65,0.457,0.682,0.459,0.474,0.575,0.729,0.66,0.649,0.559,0.654,0.66,0.669,0.725,0.713,0.718,0.661,0.469,0.516,0.539,0.46,0.659,0.0,0.666,0.692,0.467,0.559,0.691,0.475,0.678,0.468,0.748,0.681,0.46,0.462,0.493,1.0,0.996,0.466,0.529
0.528,0.716,0.442,0.46,0.702,0.733,0.568,0.456,0.515,0.464,0.649,0.458,0.682,0.456,0.473,0.573,0.728,0.661,0.651,0.559,0.655,0.66,0.669,0.724,0.712,0.716,0.663,0.467,0.513,0.54,0.46,0.661,0.0,0.668,0.69,0.468,0.559,0.693,0.477,0.676,0.466,0.751,0.683,0.461,0.463,0.493,0.996,1.0,0.465,0.527
0.492,0.481,0.416,0.687,0.487,0.484,0.447,0.693,0.477,0.703,0.461,0.672,0.476,0.7,0.688,0.46,0.458,0.454,0.463,0.442,0.438,0.458,0.463,0.464,0.468,0.474,0.458,0.711,0.528,0.494,0.697,0.452,0.0,0.454,0.442,0.638,0.442,0.475,0.672,0.463,0.718,0.468,0.465,0.707,0.699,0.484,0.466,0.465,1.0,0.509
0.574,0.518,0.446,0.541,0.534,0.548,0.505,0.514,0.586,0.515,0.533,0.518,0.546,0.534,0.55,0.521,0.542,0.527,0.526,0.497,0.5,0.539,0.54,0.539,0.51,0.529,0.525,0.517,0.835,0.579,0.509,0.507,0.0,0.529,0.508,0.526,0.498,0.53,0.512,0.551,0.528,0.522,0.531,0.505,0.506,0.646,0.529,0.527,0.509,1.0
