GCF_000163235.1_ASM16323v1_genomic.fna,GCF_000164555.1_ASM16455v1_genomic.fna,GCF_000208545.1_ASM20854v2_genomic.fna,GCF_000233875.1_ASM23387v1_genomic.fna,GCF_000249735.1_ASM24973v2_genomic.fna,GCF_000261145.1_Esch_coli_M919_V2_genomic.fna,GCF_000267705.2_ASM26770v2_genomic.fna,GCF_000350665.1_Esch_coli_KTE5_V1_genomic.fna,GCF_000351625.1_Esch_coli_KTE66_V1_genomic.fna,GCF_000352285.1_Esch_coli_KTE46_V1_genomic.fna,GCF_000358895.1_ASM35889v1_genomic.fna,GCF_000456385.1_Esch_coli_HVH_26_4-5703913_V1_genomic.fna,GCF_000458195.1_Esch_coli_HVH_147_4-5893887_V1_genomic.fna,GCF_000459755.1_Esch_coli_KOEGE_58_171a_V1_genomic.fna,GCF_000460055.1_Esch_coli_UMEA_3053-1_V1_genomic.fna,GCF_000462165.2_ASM46216v2_genomic.fna,GCF_000601135.1_ASM60113v1_genomic.fna,GCF_000614595.1_Ec2010EL1058_genomic.fna,GCF_000617745.1_Ec2010C-4529_genomic.fna,GCF_000618265.2_EcF6751_genomic.fna,GCF_000619005.2_Ec2009C-4052_genomic.fna,GCF_000619105.1_Ec2009C-4780_genomic.fna,GCF_000619765.2_Ec2009C-3279_genomic.fna,GCF_000687005.1_ASM68700v1_genomic.fna,GCF_000687025.1_ASM68702v1_genomic.fna,GCF_000700125.1_ASM70012v1_genomic.fna,GCF_000753315.1_FHI35_genomic.fna,GCF_000776375.1_ASM77637v1_genomic.fna,GCF_000779395.1_ASM77939v1_genomic.fna,GCF_000780315.1_ASM78031v1_genomic.fna,GCF_000781995.1_ASM78199v1_genomic.fna,GCF_000986765.1_ASM98676v1_genomic.fna,GCF_001041375.1_ViralProj287958_genomic.fna,GCF_001265335.1_302014_genomic.fna,GCF_001265625.1_100854_genomic.fna,GCF_001267345.1_303289_genomic.fna,GCF_001309985.1_ASM130998v1_genomic.fna,GCF_001521695.1_ASM152169v1_genomic.fna,GCF_001592595.1_ASM159259v1_genomic.fna,GCF_001614975.1_ASM161497v1_genomic.fna,GCF_001692775.1_ASM169277v1_genomic.fna,GCF_001748915.1_ASM174891v1_genomic.fna,GCF_001749235.1_ASM174923v1_genomic.fna,GCF_001881155.1_ASM188115v1_genomic.fna,GCF_001881345.1_ASM188134v1_genomic.fna,GCF_001892405.1_ASM189240v1_genomic.fna,GCF_001892585.1_ASM189258v1_genomic.fna,GCF_001893985.1_ASM189398v1_genomic.fna,GCF_002001595.1_ASM200159v1_genomic.fna,GCF_002002145.1_ASM200214v1_genomic.fna
1.0,0.489,0.399,0.401,0.479,0.47,0.459,0.404,0.581,0.413,0.469,0.421,0.478,0.399,0.385,0.47,0.467,0.471,0.46,0.453,0.447,0.47,0.473,0.476,0.468,0.461,0.481,0.408,0.484,0.577,0.387,0.472,0.0,0.459,0.46,0.408,0.457,0.491,0.384,0.474,0.388,0.46,0.48,0.407,0.415,0.43,0.457,0.457,0.388,0.484
0.489,1.0,0.333,0.396,0.626,0.771,0.535,0.394,0.454,0.396,0.583,0.41,0.588,0.382,0.39,0.553,0.699,0.608,0.594,0.529,0.6,0.583,0.593,0.787,0.804,0.689,0.593,0.39,0.442,0.451,0.379,0.611,0.0,0.592,0.728,0.38,0.534,0.622,0.383,0.599,0.384,0.673,0.601,0.398,0.404,0.395,0.699,0.698,0.404,0.451
0.399,0.333,1.0,0.296,0.335,0.321,0.34,0.308,0.392,0.309,0.331,0.315,0.334,0.301,0.303,0.348,0.326,0.331,0.327,0.337,0.329,0.331,0.337,0.327,0.325,0.322,0.334,0.306,0.369,0.378,0.303,0.347,0.0,0.335,0.29,0.314,0.34,0.353,0.308,0.332,0.31,0.324,0.348,0.311,0.31,0.318,0.327,0.327,0.3,0.363
0.401,0.396,0.296,1.0,0.379,0.374,0.374,0.693,0.411,0.724,0.38,0.72,0.387,0.761,0.757,0.381,0.385,0.387,0.391,0.368,0.363,0.374,0.387,0.392,0.384,0.37,0.39,0.741,0.423,0.407,0.712,0.394,0.0,0.36,0.359,0.599,0.372,0.383,0.635,0.39,0.733,0.372,0.386,0.735,0.722,0.39,0.357,0.358,0.651,0.43
0.479,0.626,0.335,0.379,1.0,0.624,0.545,0.385,0.471,0.383,0.752,0.402,0.691,0.382,0.395,0.56,0.63,0.67,0.667,0.54,0.679,0.676,0.68,0.632,0.633,0.624,0.692,0.379,0.456,0.464,0.376,0.677,0.0,0.664,0.595,0.385,0.544,0.7,0.38,0.699,0.379,0.643,0.696,0.381,0.387,0.395,0.664,0.665,0.38,0.442
0.47,0.771,0.321,0.374,0.624,1.0,0.537,0.378,0.458,0.368,0.584,0.384,0.603,0.362,0.378,0.544,0.695,0.63,0.602,0.527,0.59,0.598,0.597,0.792,0.805,0.682,0.593,0.365,0.444,0.453,0.357,0.606,0.0,0.595,0.756,0.38,0.533,0.617,0.382,0.607,0.357,0.68,0.612,0.371,0.372,0.38,0.689,0.689,0.37,0.442
0.459,0.535,0.34,0.374,0.545,0.537,1.0,0.371,0.464,0.357,0.523,0.38,0.522,0.364,0.372,0.947,0.529,0.566,0.561,0.982,0.563,0.551,0.571,0.533,0.524,0.52,0.528,0.366,0.427,0.455,0.366,0.548,0.0,0.537,0.513,0.397,0.985,0.524,0.393,0.524,0.366,0.523,0.534,0.369,0.37,0.409,0.527,0.526,0.355,0.44
0.404,0.394,0.308,0.693,0.385,0.378,0.371,1.0,0.41,0.691,0.37,0.689,0.388,0.682,0.676,0.381,0.383,0.379,0.374,0.367,0.361,0.375,0.373,0.399,0.378,0.365,0.39,0.894,0.441,0.403,0.691,0.388,0.0,0.366,0.352,0.581,0.371,0.407,0.626,0.386,0.69,0.367,0.391,0.898,0.881,0.398,0.366,0.365,0.634,0.427
0.581,0.454,0.392,0.411,0.471,0.458,0.464,0.41,1.0,0.413,0.462,0.415,0.472,0.409,0.411,0.478,0.46,0.465,0.457,0.46,0.448,0.47,0.465,0.458,0.45,0.446,0.475,0.401,0.479,0.613,0.394,0.468,0.0,0.451,0.438,0.42,0.462,0.471,0.403,0.475,0.394,0.456,0.488,0.401,0.396,0.413,0.448,0.448,0.401,0.484
0.413,0.396,0.309,0.724,0.383,0.368,0.357,0.691,0.413,1.0,0.395,0.688,0.401,0.722,0.683,0.365,0.379,0.379,0.377,0.353,0.352,0.367,0.362,0.379,0.37,0.371,0.381,0.725,0.431,0.399,0.707,0.37,0.0,0.35,0.358,0.591,0.355,0.379,0.645,0.385,0.706,0.369,0.375,0.705,0.705,0.384,0.354,0.354,0.659,0.431
0.469,0.583,0.331,0.38,0.752,0.584,0.523,0.37,0.462,0.395,1.0,0.388,0.731,0.386,0.378,0.533,0.607,0.678,0.676,0.516,0.653,0.667,0.657,0.615,0.59,0.624,0.68,0.383,0.426,0.468,0.362,0.643,0.0,0.639,0.615,0.382,0.52,0.66,0.383,0.705,0.362,0.63,0.678,0.372,0.366,0.368,0.603,0.603,0.375,0.427
0.421,0.41,0.315,0.72,0.402,0.384,0.38,0.689,0.415,0.688,0.388,1.0,0.402,0.706,0.831,0.386,0.394,0.382,0.381,0.374,0.368,0.377,0.378,0.405,0.39,0.382,0.396,0.709,0.45,0.411,0.662,0.393,0.0,0.369,0.366,0.581,0.38,0.404,0.639,0.395,0.682,0.377,0.404,0.715,0.711,0.398,0.377,0.378,0.634,0.431
0.478,0.588,0.334,0.387,0.691,0.603,0.522,0.388,0.472,0.401,0.731,0.402,1.0,0.391,0.396,0.532,0.622,0.705,0.728,0.517,0.712,0.758,0.746,0.627,0.594,0.626,0.754,0.39,0.44,0.485,0.375,0.707,0.0,0.725,0.599,0.38,0.52,0.715,0.391,0.759,0.373,0.64,0.733,0.382,0.372,0.371,0.622,0.621,0.385,0.436
0.399,0.382,0.301,0.761,0.382,0.362,0.364,0.682,0.409,0.722,0.386,0.706,0.391,1.0,0.734,0.369,0.378,0.386,0.381,0.359,0.352,0.37,0.373,0.374,0.374,0.369,0.386,0.735,0.433,0.397,0.702,0.381,0.0,0.351,0.346,0.588,0.361,0.393,0.639,0.383,0.72,0.369,0.382,0.716,0.7,0.385,0.359,0.359,0.65,0.432
0.385,0.39,0.303,0.757,0.395,0.378,0.372,0.676,0.411,0.683,0.378,0.831,0.396,0.734,1.0,0.376,0.38,0.38,0.375,0.367,0.36,0.379,0.385,0.379,0.379,0.361,0.394,0.695,0.432,0.39,0.707,0.391,0.0,0.364,0.348,0.603,0.372,0.398,0.651,0.389,0.721,0.367,0.392,0.698,0.694,0.396,0.375,0.375,0.641,0.446
0.47,0.553,0.348,0.381,0.56,0.544,0.947,0.381,0.478,0.365,0.533,0.386,0.532,0.369,0.376,1.0,0.541,0.568,0.565,0.938,0.562,0.56,0.567,0.543,0.535,0.531,0.541,0.373,0.438,0.468,0.371,0.553,0.0,0.541,0.522,0.403,0.949,0.536,0.391,0.535,0.373,0.536,0.542,0.374,0.378,0.407,0.54,0.539,0.367,0.451
0.467,0.699,0.326,0.385,0.63,0.695,0.529,0.383,0.46,0.379,0.607,0.394,0.622,0.378,0.38,0.541,1.0,0.62,0.607,0.522,0.59,0.614,0.602,0.748,0.715,0.754,0.611,0.381,0.435,0.474,0.355,0.619,0.0,0.599,0.686,0.393,0.526,0.606,0.374,0.623,0.355,0.687,0.627,0.384,0.383,0.369,0.678,0.677,0.382,0.432
0.471,0.608,0.331,0.387,0.67,0.63,0.566,0.379,0.465,0.379,0.678,0.382,0.705,0.386,0.38,0.568,0.62,1.0,0.749,0.56,0.706,0.721,0.712,0.635,0.62,0.621,0.712,0.374,0.435,0.468,0.369,0.674,0.0,0.668,0.6,0.4,0.558,0.674,0.39,0.708,0.365,0.642,0.698,0.379,0.367,0.369,0.621,0.621,0.384,0.434
0.46,0.594,0.327,0.391,0.667,0.602,0.561,0.374,0.457,0.377,0.676,0.381,0.728,0.381,0.375,0.565,0.607,0.749,1.0,0.554,0.723,0.728,0.71,0.624,0.597,0.609,0.713,0.372,0.42,0.462,0.367,0.681,0.0,0.668,0.584,0.388,0.553,0.675,0.38,0.712,0.365,0.634,0.698,0.375,0.368,0.367,0.614,0.612,0.381,0.422
0.453,0.529,0.337,0.368,0.54,0.527,0.982,0.367,0.46,0.353,0.516,0.374,0.517,0.359,0.367,0.938,0.522,0.56,0.554,1.0,0.558,0.545,0.561,0.525,0.518,0.511,0.522,0.361,0.423,0.451,0.363,0.54,0.0,0.527,0.504,0.39,0.982,0.516,0.385,0.516,0.364,0.515,0.527,0.363,0.363,0.408,0.518,0.517,0.351,0.433
0.447,0.6,0.329,0.363,0.679,0.59,0.563,0.361,0.448,0.352,0.653,0.368,0.712,0.352,0.36,0.562,0.59,0.706,0.723,0.558,1.0,0.723,0.734,0.605,0.59,0.59,0.706,0.356,0.423,0.451,0.353,0.709,0.0,0.712,0.572,0.391,0.561,0.689,0.371,0.714,0.358,0.602,0.695,0.359,0.358,0.384,0.626,0.625,0.351,0.436
0.47,0.583,0.331,0.374,0.676,0.598,0.551,0.375,0.47,0.367,0.667,0.377,0.758,0.37,0.379,0.56,0.614,0.721,0.728,0.545,0.723,1.0,0.92,0.6,0.596,0.595,0.728,0.369,0.433,0.47,0.365,0.704,0.0,0.856,0.568,0.385,0.548,0.704,0.377,0.734,0.363,0.619,0.727,0.37,0.366,0.375,0.613,0.613,0.368,0.437
0.473,0.593,0.337,0.387,0.68,0.597,0.571,0.373,0.465,0.362,0.657,0.378,0.746,0.373,0.385,0.567,0.602,0.712,0.71,0.561,0.734,0.92,1.0,0.596,0.596,0.592,0.723,0.37,0.438,0.464,0.376,0.72,0.0,0.854,0.566,0.391,0.563,0.709,0.39,0.718,0.377,0.608,0.71,0.373,0.372,0.375,0.617,0.617,0.363,0.438
0.476,0.787,0.327,0.392,0.632,0.792,0.533,0.399,0.458,0.379,0.615,0.405,0.627,0.374,0.379,0.543,0.748,0.635,0.624,0.525,0.605,0.6,0.596,1.0,0.816,0.735,0.62,0.383,0.433,0.472,0.356,0.606,0.0,0.591,0.791,0.378,0.531,0.604,0.367,0.628,0.358,0.707,0.614,0.385,0.385,0.373,0.683,0.682,0.381,0.439
0.468,0.804,0.325,0.384,0.633,0.805,0.524,0.378,0.45,0.37,0.59,0.39,0.594,0.374,0.379,0.535,0.715,0.62,0.597,0.518,0.59,0.596,0.596,0.816,1.0,0.721,0.6,0.374,0.434,0.446,0.362,0.62,0.0,0.581,0.761,0.371,0.521,0.609,0.371,0.603,0.363,0.687,0.612,0.389,0.386,0.379,0.686,0.686,0.389,0.439
0.461,0.689,0.322,0.37,0.624,0.682,0.52,0.365,0.446,0.371,0.624,0.382,0.626,0.369,0.361,0.531,0.754,0.621,0.609,0.511,0.59,0.595,0.592,0.735,0.721,1.0,0.617,0.372,0.419,0.457,0.347,0.598,0.0,0.58,0.699,0.365,0.519,0.6,0.351,0.625,0.344,0.695,0.61,0.381,0.37,0.364,0.685,0.684,0.388,0.42
0.481,0.593,0.334,0.39,0.692,0.593,0.528,0.39,0.475,0.381,0.68,0.396,0.754,0.386,0.394,0.541,0.611,0.712,0.713,0.522,0.706,0.728,0.723,0.62,0.6,0.617,1.0,0.379,0.435,0.467,0.373,0.708,0.0,0.696,0.576,0.386,0.527,0.817,0.375,0.768,0.369,0.635,0.83,0.39,0.373,0.375,0.624,0.623,0.388,0.429
0.408,0.39,0.306,0.741,0.379,0.365,0.366,0.894,0.401,0.725,0.383,0.709,0.39,0.735,0.695,0.373,0.381,0.374,0.372,0.361,0.356,0.369,0.37,0.383,0.374,0.372,0.379,1.0,0.431,0.4,0.699,0.38,0.0,0.355,0.357,0.58,0.366,0.388,0.621,0.382,0.718,0.365,0.378,0.96,0.933,0.388,0.359,0.359,0.655,0.421
0.484,0.442,0.369,0.423,0.456,0.444,0.427,0.441,0.479,0.431,0.426,0.45,0.44,0.433,0.432,0.438,0.435,0.435,0.42,0.423,0.423,0.433,0.438,0.433,0.434,0.419,0.435,0.431,1.0,0.467,0.425,0.442,0.0,0.428,0.409,0.432,0.428,0.447,0.434,0.44,0.421,0.426,0.44,0.432,0.43,0.534,0.422,0.422,0.428,0.818
0.577,0.451,0.378,0.407,0.464,0.453,0.455,0.403,0.613,0.399,0.468,0.411,0.485,0.397,0.39,0.468,0.474,0.468,0.462,0.451,0.451,0.47,0.464,0.472,0.446,0.457,0.467,0.4,0.467,1.0,0.385,0.461,0.0,0.448,0.436,0.4,0.454,0.454,0.388,0.484,0.385,0.455,0.474,0.396,0.39,0.439,0.441,0.44,0.395,0.48
0.387,0.379,0.303,0.712,0.376,0.357,0.366,0.691,0.394,0.707,0.362,0.662,0.375,0.702,0.707,0.371,0.355,0.369,0.367,0.363,0.353,0.365,0.376,0.356,0.362,0.347,0.373,0.699,0.425,0.385,1.0,0.377,0.0,0.358,0.328,0.596,0.364,0.382,0.639,0.371,0.898,0.348,0.37,0.702,0.699,0.4,0.354,0.354,0.633,0.433
0.472,0.611,0.347,0.394,0.677,0.606,0.548,0.388,0.468,0.37,0.643,0.393,0.707,0.381,0.391,0.553,0.619,0.674,0.681,0.54,0.709,0.704,0.72,0.606,0.62,0.598,0.708,0.38,0.442,0.461,0.377,1.0,0.0,0.702,0.555,0.383,0.546,0.719,0.401,0.721,0.376,0.616,0.715,0.382,0.387,0.377,0.64,0.64,0.375,0.444
0.0,0.0,0.0,0.0,0.0,0.0,0.0,0.0,0.0,0.0,0.0,0.0,0.0,0.0,0.0,0.0,0.0,0.0,0.0,0.0,0.0,0.0,0.0,0.0,0.0,0.0,0.0,0.0,0.0,0.0,0.0,0.0,1.0,0.0,0.0,0.0,0.0,0.0,0.0,0.0,0.0,0.0,0.0,0.0,0.0,0.0,0.0,0.0,0.0,0.0
0.459,0.592,0.335,0.36,0.664,0.595,0.537,0.366,0.451,0.35,0.639,0.369,0.725,0.351,0.364,0.541,0.599,0.668,0.668,0.527,0.712,0.856,0.854,0.591,0.581,0.58,0.696,0.355,0.428,0.448,0.358,0.702,0.0,1.0,0.551,0.395,0.532,0.689,0.383,0.7,0.353,0.606,0.704,0.357,0.363,0.369,0.615,0.615,0.349,0.428
0.46,0.728,0.29,0.359,0.595,0.756,0.513,0.352,0.438,0.358,0.615,0.366,0.599,0.346,0.348,0.522,0.686,0.6,0.584,0.504,0.572,0.568,0.566,0.791,0.761,0.699,0.576,0.357,0.409,0.436,0.328,0.555,0.0,0.551,1.0,0.354,0.512,0.57,0.347,0.597,0.328,0.665,0.582,0.352,0.351,0.344,0.645,0.644,0.351,0.407
0.408,0.38,0.314,0.599,0.385,0.38,0.397,0.581,0.42,0.591,0.382,0.581,0.38,0.588,0.603,0.403,0.393,0.4,0.388,0.39,0.391,0.385,0.391,0.378,0.371,0.365,0.386,0.58,0.432,0.4,0.596,0.383,0.0,0.395,0.354,1.0,0.395,0.38,0.621,0.386,0.605,0.369,0.382,0.583,0.586,0.38,0.368,0.368,0.573,0.437
0.457,0.534,0.34,0.372,0.544,0.533,0.985,0.371,0.462,0.355,0.52,0.38,0.52,0.361,0.372,0.949,0.526,0.558,0.553,0.982,0.561,0.548,0.563,0.531,0.521,0.519,0.527,0.366,0.428,0.454,0.364,0.546,0.0,0.532,0.512,0.395,1.0,0.521,0.39,0.523,0.364,0.521,0.531,0.368,0.369,0.409,0.526,0.525,0.356,0.44
0.491,0.622,0.353,0.383,0.7,0.617,0.524,0.407,0.471,0.379,0.66,0.404,0.715,0.393,0.398,0.536,0.606,0.674,0.675,0.516,0.689,0.704,0.709,0.604,0.609,0.6,0.817,0.388,0.447,0.454,0.382,0.719,0.0,0.689,0.57,0.38,0.521,1.0,0.389,0.729,0.383,0.624,0.843,0.396,0.392,0.383,0.645,0.645,0.389,0.441
0.384,0.383,0.308,0.635,0.38,0.382,0.393,0.626,0.403,0.645,0.383,0.639,0.391,0.639,0.651,0.391,0.374,0.39,0.38,0.385,0.371,0.377,0.39,0.367,0.371,0.351,0.375,0.621,0.434,0.388,0.639,0.401,0.0,0.383,0.347,0.621,0.39,0.389,1.0,0.375,0.647,0.359,0.392,0.626,0.629,0.395,0.376,0.376,0.601,0.441
0.474,0.599,0.332,0.39,0.699,0.607,0.524,0.386,0.475,0.385,0.705,0.395,0.759,0.383,0.389,0.535,0.623,0.708,0.712,0.516,0.714,0.734,0.718,0.628,0.603,0.625,0.768,0.382,0.44,0.484,0.371,0.721,0.0,0.7,0.597,0.386,0.523,0.729,0.375,1.0,0.368,0.647,0.751,0.382,0.378,0.388,0.634,0.635,0.378,0.445
0.388,0.384,0.31,0.733,0.379,0.357,0.366,0.69,0.394,0.706,0.362,0.682,0.373,0.72,0.721,0.373,0.355,0.365,0.365,0.364,0.358,0.363,0.377,0.358,0.363,0.344,0.369,0.718,0.421,0.385,0.898,0.376,0.0,0.353,0.328,0.605,0.364,0.383,0.647,0.368,1.0,0.345,0.367,0.72,0.716,0.4,0.356,0.356,0.632,0.438
0.46,0.673,0.324,0.372,0.643,0.68,0.523,0.367,0.456,0.369,0.63,0.377,0.64,0.369,0.367,0.536,0.687,0.642,0.634,0.515,0.602,0.619,0.608,0.707,0.687,0.695,0.635,0.365,0.426,0.455,0.348,0.616,0.0,0.606,0.665,0.369,0.521,0.624,0.359,0.647,0.345,1.0,0.645,0.372,0.361,0.362,0.709,0.708,0.369,0.42
0.48,0.601,0.348,0.386,0.696,0.612,0.534,0.391,0.488,0.375,0.678,0.404,0.733,0.382,0.392,0.542,0.627,0.698,0.698,0.527,0.695,0.727,0.71,0.614,0.612,0.61,0.83,0.378,0.44,0.474,0.37,0.715,0.0,0.704,0.582,0.382,0.531,0.843,0.392,0.751,0.367,0.645,1.0,0.385,0.376,0.387,0.637,0.636,0.384,0.441
0.407,0.398,0.311,0.735,0.381,0.371,0.369,0.898,0.401,0.705,0.372,0.715,0.382,0.716,0.698,0.374,0.384,0.379,0.375,0.363,0.359,0.37,0.373,0.385,0.389,0.381,0.39,0.96,0.432,0.396,0.702,0.382,0.0,0.357,0.352,0.583,0.368,0.396,0.626,0.382,0.72,0.372,0.385,1.0,0.952,0.392,0.365,0.366,0.662,0.424
0.415,0.404,0.31,0.722,0.387,0.372,0.37,0.881,0.396,0.705,0.366,0.711,0.372,0.7,0.694,0.378,0.383,0.367,0.368,0.363,0.358,0.366,0.372,0.385,0.386,0.37,0.373,0.933,0.43,0.39,0.699,0.387,0.0,0.363,0.351,0.586,0.369,0.392,0.629,0.378,0.716,0.361,0.376,0.952,1.0,0.395,0.367,0.368,0.644,0.426
0.43,0.395,0.318,0.39,0.395,0.38,0.409,0.398,0.413,0.384,0.368,0.398,0.371,0.385,0.396,0.407,0.369,0.369,0.367,0.408,0.384,0.375,0.375,0.373,0.379,0.364,0.375,0.388,0.534,0.439,0.4,0.377,0.0,0.369,0.344,0.38,0.409,0.383,0.395,0.388,0.4,0.362,0.387,0.392,0.395,1.0,0.4,0.4,0.382,0.59
0.457,0.699,0.327,0.357,0.664,0.689,0.527,0.366,0.448,0.354,0.603,0.377,0.622,0.359,0.375,0.54,0.678,0.621,0.614,0.518,0.626,0.613,0.617,0.683,0.686,0.685,0.624,0.359,0.422,0.441,0.354,0.64,0.0,0.615,0.645,0.368,0.526,0.645,0.376,0.634,0.356,0.709,0.637,0.365,0.367,0.4,1.0,0.998,0.362,0.448
0.457,0.698,0.327,0.358,0.665,0.689,0.526,0.365,0.448,0.354,0.603,0.378,0.621,0.359,0.375,0.539,0.677,0.621,0.612,0.517,0.625,0.613,0.617,0.682,0.686,0.684,0.623,0.359,0.422,0.44,0.354,0.64,0.0,0.615,0.644,0.368,0.525,0.645,0.376,0.635,0.356,0.708,0.636,0.366,0.368,0.4,0.998,1.0,0.361,0.45
0.388,0.404,0.3,0.651,0.38,0.37,0.355,0.634,0.401,0.659,0.375,0.634,0.385,0.65,0.641,0.367,0.382,0.384,0.381,0.351,0.351,0.368,0.363,0.381,0.389,0.388,0.388,0.655,0.428,0.395,0.633,0.375,0.0,0.349,0.351,0.573,0.356,0.389,0.601,0.378,0.632,0.369,0.384,0.662,0.644,0.382,0.362,0.361,1.0,0.435
0.484,0.451,0.363,0.43,0.442,0.442,0.44,0.427,0.484,0.431,0.427,0.431,0.436,0.432,0.446,0.451,0.432,0.434,0.422,0.433,0.436,0.437,0.438,0.439,0.439,0.42,0.429,0.421,0.818,0.48,0.433,0.444,0.0,0.428,0.407,0.437,0.44,0.441,0.441,0.445,0.438,0.42,0.441,0.424,0.426,0.59,0.448,0.45,0.435,1.0
