GCF_000163235.1_ASM16323v1_genomic.fna,GCF_000164555.1_ASM16455v1_genomic.fna,GCF_000208545.1_ASM20854v2_genomic.fna,GCF_000233875.1_ASM23387v1_genomic.fna,GCF_000249735.1_ASM24973v2_genomic.fna,GCF_000261145.1_Esch_coli_M919_V2_genomic.fna,GCF_000267705.2_ASM26770v2_genomic.fna,GCF_000350665.1_Esch_coli_KTE5_V1_genomic.fna,GCF_000351625.1_Esch_coli_KTE66_V1_genomic.fna,GCF_000352285.1_Esch_coli_KTE46_V1_genomic.fna,GCF_000358895.1_ASM35889v1_genomic.fna,GCF_000456385.1_Esch_coli_HVH_26_4-5703913_V1_genomic.fna,GCF_000458195.1_Esch_coli_HVH_147_4-5893887_V1_genomic.fna,GCF_000459755.1_Esch_coli_KOEGE_58_171a_V1_genomic.fna,GCF_000460055.1_Esch_coli_UMEA_3053-1_V1_genomic.fna,GCF_000462165.2_ASM46216v2_genomic.fna,GCF_000601135.1_ASM60113v1_genomic.fna,GCF_000614595.1_Ec2010EL1058_genomic.fna,GCF_000617745.1_Ec2010C-4529_genomic.fna,GCF_000618265.2_EcF6751_genomic.fna,GCF_000619005.2_Ec2009C-4052_genomic.fna,GCF_000619105.1_Ec2009C-4780_genomic.fna,GCF_000619765.2_Ec2009C-3279_genomic.fna,GCF_000687005.1_ASM68700v1_genomic.fna,GCF_000687025.1_ASM68702v1_genomic.fna,GCF_000700125.1_ASM70012v1_genomic.fna,GCF_000753315.1_FHI35_genomic.fna,GCF_000776375.1_ASM77637v1_genomic.fna,GCF_000779395.1_ASM77939v1_genomic.fna,GCF_000780315.1_ASM78031v1_genomic.fna,GCF_000781995.1_ASM78199v1_genomic.fna,GCF_000986765.1_ASM98676v1_genomic.fna,GCF_001041375.1_ViralProj287958_genomic.fna,GCF_001265335.1_302014_genomic.fna,GCF_001265625.1_100854_genomic.fna,GCF_001267345.1_303289_genomic.fna,GCF_001309985.1_ASM130998v1_genomic.fna,GCF_001521695.1_ASM152169v1_genomic.fna,GCF_001592595.1_ASM159259v1_genomic.fna,GCF_001614975.1_ASM161497v1_genomic.fna,GCF_001692775.1_ASM169277v1_genomic.fna,GCF_001748915.1_ASM174891v1_genomic.fna,GCF_001749235.1_ASM174923v1_genomic.fna,GCF_001881155.1_ASM188115v1_genomic.fna,GCF_001881345.1_ASM188134v1_genomic.fna,GCF_001892405.1_ASM189240v1_genomic.fna,GCF_001892585.1_ASM189258v1_genomic.fna,GCF_001893985.1_ASM189398v1_genomic.fna,GCF_002001595.1_ASM200159v1_genomic.fna,GCF_002002145.1_ASM200214v1_genomic.fna
1.0,0.54,0.47,0.494,0.56,0.539,0.52,0.504,0.634,0.497,0.531,0.514,0.537,0.495,0.492,0.528,0.534,0.529,0.535,0.52,0.515,0.529,0.538,0.551,0.53,0.518,0.546,0.502,0.581,0.632,0.48,0.535,0.0,0.533,0.499,0.498,0.52,0.554,0.496,0.534,0.49,0.531,0.548,0.506,0.518,0.497,0.515,0.514,0.471,0.568
0.54,1.0,0.422,0.473,0.677,0.785,0.59,0.491,0.518,0.489,0.63,0.524,0.653,0.48,0.489,0.588,0.728,0.636,0.655,0.589,0.631,0.642,0.66,0.794,0.79,0.702,0.652,0.489,0.527,0.52,0.489,0.658,0.0,0.653,0.717,0.48,0.589,0.677,0.49,0.645,0.49,0.707,0.661,0.503,0.505,0.473,0.708,0.71,0.485,0.512
0.47,0.422,1.0,0.41,0.441,0.422,0.423,0.411,0.458,0.395,0.429,0.416,0.433,0.41,0.408,0.432,0.425,0.427,0.422,0.422,0.403,0.422,0.42,0.439,0.431,0.42,0.435,0.408,0.446,0.464,0.393,0.422,0.0,0.426,0.395,0.413,0.422,0.443,0.409,0.436,0.406,0.431,0.442,0.411,0.405,0.395,0.415,0.415,0.403,0.44
0.494,0.473,0.41,1.0,0.481,0.48,0.459,0.747,0.477,0.75,0.487,0.741,0.491,0.799,0.771,0.463,0.471,0.476,0.482,0.459,0.452,0.464,0.463,0.498,0.496,0.489,0.482,0.787,0.518,0.485,0.738,0.472,0.0,0.447,0.454,0.687,0.459,0.484,0.698,0.469,0.762,0.47,0.469,0.774,0.767,0.467,0.463,0.461,0.731,0.511
0.56,0.677,0.441,0.481,1.0,0.695,0.604,0.505,0.545,0.491,0.783,0.518,0.739,0.504,0.509,0.614,0.694,0.712,0.717,0.603,0.716,0.714,0.728,0.686,0.674,0.665,0.725,0.496,0.563,0.542,0.491,0.739,0.0,0.728,0.625,0.493,0.602,0.746,0.503,0.734,0.499,0.702,0.757,0.498,0.499,0.486,0.693,0.693,0.492,0.54
0.539,0.785,0.422,0.48,0.695,1.0,0.6,0.504,0.527,0.483,0.644,0.489,0.674,0.491,0.485,0.609,0.728,0.675,0.669,0.599,0.624,0.671,0.67,0.809,0.819,0.726,0.661,0.496,0.531,0.533,0.474,0.659,0.0,0.674,0.747,0.503,0.598,0.689,0.518,0.674,0.481,0.725,0.677,0.499,0.495,0.471,0.717,0.718,0.489,0.524
0.52,0.59,0.423,0.459,0.604,0.6,1.0,0.474,0.527,0.46,0.583,0.482,0.579,0.466,0.474,0.954,0.593,0.627,0.624,0.99,0.623,0.606,0.633,0.602,0.587,0.572,0.596,0.469,0.512,0.523,0.459,0.605,0.0,0.584,0.553,0.486,0.994,0.588,0.495,0.593,0.46,0.588,0.596,0.477,0.475,0.469,0.576,0.576,0.461,0.522
0.504,0.491,0.411,0.747,0.505,0.504,0.474,1.0,0.487,0.715,0.474,0.728,0.491,0.742,0.715,0.475,0.484,0.487,0.486,0.473,0.461,0.476,0.473,0.514,0.495,0.487,0.483,0.919,0.544,0.494,0.727,0.484,0.0,0.466,0.45,0.662,0.473,0.511,0.701,0.478,0.732,0.495,0.489,0.913,0.895,0.481,0.481,0.479,0.704,0.525
0.634,0.518,0.458,0.477,0.545,0.527,0.527,0.487,1.0,0.488,0.523,0.498,0.527,0.482,0.492,0.534,0.533,0.523,0.52,0.527,0.506,0.52,0.526,0.53,0.516,0.512,0.532,0.486,0.565,0.652,0.479,0.526,0.0,0.519,0.478,0.501,0.526,0.533,0.504,0.533,0.483,0.538,0.542,0.49,0.491,0.505,0.515,0.515,0.472,0.565
0.497,0.489,0.395,0.75,0.491,0.483,0.46,0.715,0.488,1.0,0.506,0.711,0.502,0.739,0.715,0.464,0.473,0.482,0.489,0.46,0.454,0.47,0.46,0.496,0.487,0.492,0.484,0.729,0.524,0.49,0.753,0.469,0.0,0.46,0.465,0.677,0.459,0.484,0.705,0.484,0.747,0.479,0.468,0.714,0.719,0.473,0.464,0.463,0.716,0.509
0.531,0.63,0.429,0.487,0.783,0.644,0.583,0.474,0.523,0.506,1.0,0.477,0.769,0.498,0.473,0.596,0.641,0.725,0.702,0.583,0.695,0.723,0.707,0.685,0.657,0.671,0.721,0.482,0.52,0.537,0.461,0.698,0.0,0.702,0.664,0.504,0.583,0.72,0.486,0.751,0.465,0.651,0.719,0.472,0.47,0.454,0.63,0.63,0.493,0.519
0.514,0.524,0.416,0.741,0.518,0.489,0.482,0.728,0.498,0.711,0.477,1.0,0.486,0.75,0.857,0.48,0.494,0.475,0.492,0.481,0.478,0.47,0.482,0.498,0.495,0.473,0.487,0.734,0.546,0.504,0.726,0.495,0.0,0.47,0.445,0.644,0.48,0.497,0.708,0.475,0.75,0.492,0.497,0.741,0.752,0.503,0.494,0.493,0.677,0.528
0.537,0.653,0.433,0.491,0.739,0.674,0.579,0.491,0.527,0.502,0.769,0.486,1.0,0.495,0.48,0.59,0.657,0.752,0.763,0.579,0.743,0.806,0.789,0.708,0.676,0.683,0.782,0.486,0.535,0.549,0.475,0.746,0.0,0.789,0.651,0.508,0.578,0.776,0.492,0.807,0.482,0.681,0.779,0.478,0.476,0.464,0.656,0.655,0.498,0.529
0.495,0.48,0.41,0.799,0.504,0.491,0.466,0.742,0.482,0.739,0.498,0.75,0.495,1.0,0.791,0.47,0.475,0.483,0.485,0.466,0.455,0.47,0.471,0.497,0.496,0.487,0.494,0.781,0.532,0.486,0.735,0.483,0.0,0.458,0.459,0.678,0.466,0.501,0.707,0.477,0.758,0.478,0.48,0.767,0.759,0.48,0.473,0.472,0.721,0.517
0.492,0.489,0.408,0.771,0.509,0.485,0.474,0.715,0.492,0.715,0.473,0.857,0.48,0.791,1.0,0.477,0.496,0.475,0.487,0.473,0.464,0.468,0.48,0.479,0.48,0.469,0.487,0.738,0.535,0.486,0.755,0.489,0.0,0.464,0.441,0.658,0.473,0.491,0.719,0.468,0.776,0.489,0.483,0.741,0.742,0.5,0.496,0.496,0.697,0.544
0.528,0.588,0.432,0.463,0.614,0.609,0.954,0.475,0.534,0.464,0.596,0.48,0.59,0.47,0.477,1.0,0.6,0.627,0.63,0.955,0.614,0.615,0.628,0.607,0.593,0.578,0.603,0.471,0.522,0.532,0.459,0.6,0.0,0.591,0.561,0.49,0.955,0.6,0.498,0.601,0.462,0.597,0.606,0.476,0.476,0.47,0.572,0.572,0.464,0.526
0.534,0.728,0.425,0.471,0.694,0.728,0.593,0.484,0.533,0.473,0.641,0.494,0.657,0.475,0.496,0.6,1.0,0.65,0.666,0.591,0.637,0.672,0.679,0.754,0.744,0.743,0.657,0.481,0.529,0.512,0.469,0.708,0.0,0.679,0.67,0.494,0.591,0.665,0.507,0.667,0.477,0.724,0.683,0.485,0.494,0.457,0.723,0.723,0.472,0.517
0.529,0.636,0.427,0.476,0.712,0.675,0.627,0.487,0.523,0.482,0.725,0.475,0.752,0.483,0.475,0.627,0.65,1.0,0.781,0.626,0.746,0.778,0.773,0.675,0.655,0.655,0.754,0.484,0.516,0.54,0.469,0.725,0.0,0.739,0.618,0.512,0.624,0.739,0.493,0.761,0.473,0.67,0.744,0.48,0.478,0.457,0.647,0.648,0.47,0.517
0.535,0.655,0.422,0.482,0.717,0.669,0.624,0.486,0.52,0.489,0.702,0.492,0.763,0.485,0.487,0.63,0.666,0.781,1.0,0.622,0.753,0.767,0.767,0.679,0.656,0.652,0.762,0.484,0.523,0.536,0.484,0.746,0.0,0.73,0.621,0.499,0.624,0.739,0.497,0.761,0.48,0.691,0.749,0.487,0.489,0.464,0.653,0.654,0.477,0.525
0.52,0.589,0.422,0.459,0.603,0.599,0.99,0.473,0.527,0.46,0.583,0.481,0.579,0.466,0.473,0.955,0.591,0.626,0.622,1.0,0.621,0.602,0.629,0.601,0.586,0.574,0.596,0.468,0.512,0.522,0.458,0.603,0.0,0.583,0.55,0.486,0.991,0.587,0.495,0.593,0.46,0.587,0.595,0.475,0.473,0.47,0.575,0.575,0.461,0.523
0.515,0.631,0.403,0.452,0.716,0.624,0.623,0.461,0.506,0.454,0.695,0.478,0.743,0.455,0.464,0.614,0.637,0.746,0.753,0.621,1.0,0.75,0.779,0.642,0.623,0.631,0.747,0.46,0.502,0.513,0.455,0.745,0.0,0.743,0.59,0.475,0.621,0.726,0.483,0.747,0.461,0.634,0.74,0.466,0.465,0.464,0.646,0.645,0.452,0.521
0.529,0.642,0.422,0.464,0.714,0.671,0.606,0.476,0.52,0.47,0.723,0.47,0.806,0.47,0.468,0.615,0.672,0.778,0.767,0.602,0.75,1.0,0.915,0.685,0.663,0.657,0.768,0.476,0.519,0.535,0.454,0.744,0.0,0.869,0.624,0.493,0.606,0.759,0.488,0.781,0.459,0.668,0.761,0.474,0.472,0.453,0.64,0.64,0.466,0.519
0.538,0.66,0.42,0.463,0.728,0.67,0.633,0.473,0.526,0.46,0.707,0.482,0.789,0.471,0.48,0.628,0.679,0.773,0.767,0.629,0.779,0.915,1.0,0.677,0.657,0.649,0.772,0.468,0.528,0.527,0.463,0.77,0.0,0.861,0.617,0.487,0.631,0.752,0.497,0.764,0.47,0.677,0.759,0.472,0.475,0.46,0.653,0.654,0.46,0.525
0.551,0.794,0.439,0.498,0.686,0.809,0.602,0.514,0.53,0.496,0.685,0.498,0.708,0.497,0.479,0.607,0.754,0.675,0.679,0.601,0.642,0.685,0.677,1.0,0.847,0.764,0.68,0.504,0.53,0.54,0.471,0.667,0.0,0.676,0.783,0.51,0.6,0.688,0.485,0.683,0.476,0.735,0.679,0.493,0.494,0.455,0.711,0.711,0.49,0.519
0.53,0.79,0.431,0.496,0.674,0.819,0.587,0.495,0.516,0.487,0.657,0.495,0.676,0.496,0.48,0.593,0.744,0.655,0.656,0.586,0.623,0.663,0.657,0.847,1.0,0.77,0.658,0.497,0.519,0.524,0.466,0.656,0.0,0.656,0.777,0.502,0.586,0.671,0.492,0.659,0.473,0.713,0.663,0.496,0.487,0.462,0.696,0.696,0.506,0.503
0.518,0.702,0.42,0.489,0.665,0.726,0.572,0.487,0.512,0.492,0.671,0.473,0.683,0.487,0.469,0.578,0.743,0.655,0.652,0.574,0.631,0.657,0.649,0.764,0.77,1.0,0.658,0.49,0.515,0.528,0.451,0.65,0.0,0.644,0.709,0.496,0.57,0.656,0.484,0.676,0.46,0.704,0.642,0.49,0.478,0.449,0.69,0.69,0.502,0.513
0.546,0.652,0.435,0.482,0.725,0.661,0.596,0.483,0.532,0.484,0.721,0.487,0.782,0.494,0.487,0.603,0.657,0.754,0.762,0.596,0.747,0.768,0.772,0.68,0.658,0.658,1.0,0.478,0.526,0.538,0.478,0.75,0.0,0.752,0.623,0.501,0.595,0.843,0.485,0.791,0.481,0.669,0.84,0.48,0.475,0.469,0.645,0.646,0.481,0.524
0.502,0.489,0.408,0.787,0.496,0.496,0.469,0.919,0.486,0.729,0.482,0.734,0.486,0.781,0.738,0.471,0.481,0.484,0.484,0.468,0.46,0.476,0.468,0.504,0.497,0.49,0.478,1.0,0.542,0.498,0.735,0.484,0.0,0.462,0.451,0.675,0.469,0.507,0.7,0.479,0.759,0.486,0.471,0.97,0.947,0.479,0.477,0.475,0.726,0.522
0.581,0.527,0.446,0.518,0.563,0.531,0.512,0.544,0.565,0.524,0.52,0.546,0.535,0.532,0.535,0.522,0.529,0.516,0.523,0.512,0.502,0.519,0.528,0.53,0.519,0.515,0.526,0.542,1.0,0.545,0.517,0.529,0.0,0.526,0.474,0.538,0.512,0.547,0.546,0.523,0.521,0.516,0.534,0.544,0.548,0.594,0.509,0.507,0.515,0.83
0.632,0.52,0.464,0.485,0.542,0.533,0.523,0.494,0.652,0.49,0.537,0.504,0.549,0.486,0.486,0.532,0.512,0.54,0.536,0.522,0.513,0.535,0.527,0.54,0.524,0.528,0.538,0.498,0.545,1.0,0.475,0.519,0.0,0.524,0.499,0.506,0.523,0.536,0.488,0.552,0.49,0.525,0.54,0.493,0.487,0.509,0.523,0.523,0.489,0.55
0.48,0.489,0.393,0.738,0.491,0.474,0.459,0.727,0.479,0.753,0.461,0.726,0.475,0.735,0.755,0.459,0.469,0.469,0.484,0.458,0.455,0.454,0.463,0.471,0.466,0.451,0.478,0.735,0.517,0.475,1.0,0.475,0.0,0.445,0.418,0.656,0.458,0.482,0.7,0.458,0.905,0.478,0.467,0.738,0.738,0.485,0.47,0.469,0.692,0.514
0.535,0.658,0.422,0.472,0.739,0.659,0.605,0.484,0.526,0.469,0.698,0.495,0.746,0.483,0.489,0.6,0.708,0.725,0.746,0.603,0.745,0.744,0.77,0.667,0.656,0.65,0.75,0.484,0.529,0.519,0.475,1.0,0.0,0.749,0.597,0.487,0.603,0.767,0.5,0.761,0.474,0.692,0.762,0.489,0.489,0.458,0.675,0.676,0.477,0.518
0.0,0.0,0.0,0.0,0.0,0.0,0.0,0.0,0.0,0.0,0.0,0.0,0.0,0.0,0.0,0.0,0.0,0.0,0.0,0.0,0.0,0.0,0.0,0.0,0.0,0.0,0.0,0.0,0.0,0.0,0.0,0.0,1.0,0.0,0.0,0.0,0.0,0.0,0.0,0.0,0.0,0.0,0.0,0.0,0.0,0.0,0.0,0.0,0.0,0.0
0.533,0.653,0.426,0.447,0.728,0.674,0.584,0.466,0.519,0.46,0.702,0.47,0.789,0.458,0.464,0.591,0.679,0.739,0.73,0.583,0.743,0.869,0.861,0.676,0.656,0.644,0.752,0.462,0.526,0.524,0.445,0.749,0.0,1.0,0.615,0.498,0.582,0.745,0.502,0.76,0.45,0.666,0.766,0.463,0.461,0.445,0.649,0.65,0.453,0.513
0.499,0.717,0.395,0.454,0.625,0.747,0.553,0.45,0.478,0.465,0.664,0.445,0.651,0.459,0.441,0.561,0.67,0.618,0.621,0.55,0.59,0.624,0.617,0.783,0.777,0.709,0.623,0.451,0.474,0.499,0.418,0.597,0.0,0.615,1.0,0.468,0.55,0.627,0.448,0.636,0.425,0.66,0.625,0.441,0.438,0.422,0.644,0.644,0.449,0.468
0.498,0.48,0.413,0.687,0.493,0.503,0.486,0.662,0.501,0.677,0.504,0.644,0.508,0.678,0.658,0.49,0.494,0.512,0.499,0.486,0.475,0.493,0.487,0.51,0.502,0.496,0.501,0.675,0.538,0.506,0.656,0.487,0.0,0.498,0.468,1.0,0.483,0.495,0.686,0.497,0.663,0.488,0.488,0.656,0.653,0.483,0.473,0.472,0.676,0.542
0.52,0.589,0.422,0.459,0.602,0.598,0.994,0.473,0.526,0.459,0.583,0.48,0.578,0.466,0.473,0.955,0.591,0.624,0.624,0.991,0.621,0.606,0.631,0.6,0.586,0.57,0.595,0.469,0.512,0.523,0.458,0.603,0.0,0.582,0.55,0.483,1.0,0.587,0.494,0.592,0.459,0.586,0.595,0.476,0.473,0.47,0.575,0.575,0.46,0.521
0.554,0.677,0.443,0.484,0.746,0.689,0.588,0.511,0.533,0.484,0.72,0.497,0.776,0.501,0.491,0.6,0.665,0.739,0.739,0.587,0.726,0.759,0.752,0.688,0.671,0.656,0.843,0.507,0.547,0.536,0.482,0.767,0.0,0.745,0.627,0.495,0.587,1.0,0.499,0.777,0.49,0.677,0.859,0.51,0.496,0.474,0.662,0.665,0.495,0.528
0.496,0.49,0.409,0.698,0.503,0.518,0.495,0.701,0.504,0.705,0.486,0.708,0.492,0.707,0.719,0.498,0.507,0.493,0.497,0.495,0.483,0.488,0.497,0.485,0.492,0.484,0.485,0.7,0.546,0.488,0.7,0.5,0.0,0.502,0.448,0.686,0.494,0.499,1.0,0.488,0.706,0.497,0.489,0.707,0.71,0.496,0.489,0.488,0.696,0.536
0.534,0.645,0.436,0.469,0.734,0.674,0.593,0.478,0.533,0.484,0.751,0.475,0.807,0.477,0.468,0.601,0.667,0.761,0.761,0.593,0.747,0.781,0.764,0.683,0.659,0.676,0.791,0.479,0.523,0.552,0.458,0.761,0.0,0.76,0.636,0.497,0.592,0.777,0.488,1.0,0.464,0.671,0.786,0.473,0.469,0.484,0.681,0.681,0.475,0.536
0.49,0.49,0.406,0.762,0.499,0.481,0.46,0.732,0.483,0.747,0.465,0.75,0.482,0.758,0.776,0.462,0.477,0.473,0.48,0.46,0.461,0.459,0.47,0.476,0.473,0.46,0.481,0.759,0.521,0.49,0.905,0.474,0.0,0.45,0.425,0.663,0.459,0.49,0.706,0.464,1.0,0.483,0.473,0.762,0.757,0.488,0.47,0.47,0.703,0.52
0.531,0.707,0.431,0.47,0.702,0.725,0.588,0.495,0.538,0.479,0.651,0.492,0.681,0.478,0.489,0.597,0.724,0.67,0.691,0.587,0.634,0.668,0.677,0.735,0.713,0.704,0.669,0.486,0.516,0.525,0.478,0.692,0.0,0.666,0.66,0.488,0.586,0.677,0.497,0.671,0.483,1.0,0.709,0.49,0.489,0.456,0.731,0.731,0.472,0.517
0.548,0.661,0.442,0.469,0.757,0.677,0.596,0.489,0.542,0.468,0.719,0.497,0.779,0.48,0.483,0.606,0.683,0.744,0.749,0.595,0.74,0.761,0.759,0.679,0.663,0.642,0.84,0.471,0.534,0.54,0.467,0.762,0.0,0.766,0.625,0.488,0.595,0.859,0.489,0.786,0.473,0.709,1.0,0.477,0.477,0.478,0.672,0.672,0.472,0.532
0.506,0.503,0.411,0.774,0.498,0.499,0.477,0.913,0.49,0.714,0.472,0.741,0.478,0.767,0.741,0.476,0.485,0.48,0.487,0.475,0.466,0.474,0.472,0.493,0.496,0.49,0.48,0.97,0.544,0.493,0.738,0.489,0.0,0.463,0.441,0.656,0.476,0.51,0.707,0.473,0.762,0.49,0.477,1.0,0.96,0.489,0.482,0.48,0.722,0.525
0.518,0.505,0.405,0.767,0.499,0.495,0.475,0.895,0.491,0.719,0.47,0.752,0.476,0.759,0.742,0.476,0.494,0.478,0.489,0.473,0.465,0.472,0.475,0.494,0.487,0.478,0.475,0.947,0.548,0.487,0.738,0.489,0.0,0.461,0.438,0.653,0.473,0.496,0.71,0.469,0.757,0.489,0.477,0.96,1.0,0.485,0.488,0.486,0.709,0.527
0.497,0.473,0.395,0.467,0.486,0.471,0.469,0.481,0.505,0.473,0.454,0.503,0.464,0.48,0.5,0.47,0.457,0.457,0.464,0.47,0.464,0.453,0.46,0.455,0.462,0.449,0.469,0.479,0.594,0.509,0.485,0.458,0.0,0.445,0.422,0.483,0.47,0.474,0.496,0.484,0.488,0.456,0.478,0.489,0.485,1.0,0.497,0.499,0.48,0.653
0.515,0.708,0.415,0.463,0.693,0.717,0.576,0.481,0.515,0.464,0.63,0.494,0.656,0.473,0.496,0.572,0.723,0.647,0.653,0.575,0.646,0.64,0.653,0.711,0.696,0.69,0.645,0.477,0.509,0.523,0.47,0.675,0.0,0.649,0.644,0.473,0.575,0.662,0.489,0.681,0.47,0.731,0.672,0.482,0.488,0.497,1.0,0.995,0.464,0.539
0.514,0.71,0.415,0.461,0.693,0.718,0.576,0.479,0.515,0.463,0.63,0.493,0.655,0.472,0.496,0.572,0.723,0.648,0.654,0.575,0.645,0.64,0.654,0.711,0.696,0.69,0.646,0.475,0.507,0.523,0.469,0.676,0.0,0.65,0.644,0.472,0.575,0.665,0.488,0.681,0.47,0.731,0.672,0.48,0.486,0.499,0.995,1.0,0.462,0.539
0.471,0.485,0.403,0.731,0.492,0.489,0.461,0.704,0.472,0.716,0.493,0.677,0.498,0.721,0.697,0.464,0.472,0.47,0.477,0.461,0.452,0.466,0.46,0.49,0.506,0.502,0.481,0.726,0.515,0.489,0.692,0.477,0.0,0.453,0.449,0.676,0.46,0.495,0.696,0.475,0.703,0.472,0.472,0.722,0.709,0.48,0.464,0.462,1.0,0.507
0.568,0.512,0.44,0.511,0.54,0.524,0.522,0.525,0.565,0.509,0.519,0.528,0.529,0.517,0.544,0.526,0.517,0.517,0.525,0.523,0.521,0.519,0.525,0.519,0.503,0.513,0.524,0.522,0.83,0.55,0.514,0.518,0.0,0.513,0.468,0.542,0.521,0.528,0.536,0.536,0.52,0.517,0.532,0.525,0.527,0.653,0.539,0.539,0.507,1.0
