GCF_000163235.1_ASM16323v1_genomic.fna,GCF_000164555.1_ASM16455v1_genomic.fna,GCF_000208545.1_ASM20854v2_genomic.fna,GCF_000233875.1_ASM23387v1_genomic.fna,GCF_000249735.1_ASM24973v2_genomic.fna,GCF_000261145.1_Esch_coli_M919_V2_genomic.fna,GCF_000267705.2_ASM26770v2_genomic.fna,GCF_000350665.1_Esch_coli_KTE5_V1_genomic.fna,GCF_000351625.1_Esch_coli_KTE66_V1_genomic.fna,GCF_000352285.1_Esch_coli_KTE46_V1_genomic.fna,GCF_000358895.1_ASM35889v1_genomic.fna,GCF_000456385.1_Esch_coli_HVH_26_4-5703913_V1_genomic.fna,GCF_000458195.1_Esch_coli_HVH_147_4-5893887_V1_genomic.fna,GCF_000459755.1_Esch_coli_KOEGE_58_171a_V1_genomic.fna,GCF_000460055.1_Esch_coli_UMEA_3053-1_V1_genomic.fna,GCF_000462165.2_ASM46216v2_genomic.fna,GCF_000601135.1_ASM60113v1_genomic.fna,GCF_000614595.1_Ec2010EL1058_genomic.fna,GCF_000617745.1_Ec2010C-4529_genomic.fna,GCF_000618265.2_EcF6751_genomic.fna,GCF_000619005.2_Ec2009C-4052_genomic.fna,GCF_000619105.1_Ec2009C-4780_genomic.fna,GCF_000619765.2_Ec2009C-3279_genomic.fna,GCF_000687005.1_ASM68700v1_genomic.fna,GCF_000687025.1_ASM68702v1_genomic.fna,GCF_000700125.1_ASM70012v1_genomic.fna,GCF_000753315.1_FHI35_genomic.fna,GCF_000776375.1_ASM77637v1_genomic.fna,GCF_000779395.1_ASM77939v1_genomic.fna,GCF_000780315.1_ASM78031v1_genomic.fna,GCF_000781995.1_ASM78199v1_genomic.fna,GCF_000986765.1_ASM98676v1_genomic.fna,GCF_001041375.1_ViralProj287958_genomic.fna,GCF_001265335.1_302014_genomic.fna,GCF_001265625.1_100854_genomic.fna,GCF_001267345.1_303289_genomic.fna,GCF_001309985.1_ASM130998v1_genomic.fna,GCF_001521695.1_ASM152169v1_genomic.fna,GCF_001592595.1_ASM159259v1_genomic.fna,GCF_001614975.1_ASM161497v1_genomic.fna,GCF_001692775.1_ASM169277v1_genomic.fna,GCF_001748915.1_ASM174891v1_genomic.fna,GCF_001749235.1_ASM174923v1_genomic.fna,GCF_001881155.1_ASM188115v1_genomic.fna,GCF_001881345.1_ASM188134v1_genomic.fna,GCF_001892405.1_ASM189240v1_genomic.fna,GCF_001892585.1_ASM189258v1_genomic.fna,GCF_001893985.1_ASM189398v1_genomic.fna,GCF_002001595.1_ASM200159v1_genomic.fna,GCF_002002145.1_ASM200214v1_genomic.fna
1.0,0.574,0.444,0.482,0.55,0.528,0.53,0.497,0.64,0.5,0.528,0.509,0.538,0.487,0.473,0.544,0.521,0.521,0.533,0.527,0.52,0.534,0.552,0.537,0.528,0.523,0.535,0.491,0.587,0.631,0.475,0.528,0.0,0.536,0.494,0.483,0.532,0.549,0.473,0.551,0.481,0.538,0.536,0.491,0.499,0.511,0.528,0.529,0.483,0.597
0.574,1.0,0.418,0.484,0.694,0.776,0.585,0.504,0.535,0.501,0.639,0.514,0.651,0.47,0.476,0.598,0.725,0.647,0.65,0.583,0.646,0.657,0.668,0.789,0.809,0.734,0.657,0.503,0.534,0.533,0.473,0.673,0.0,0.664,0.75,0.486,0.586,0.692,0.473,0.66,0.474,0.714,0.67,0.516,0.519,0.465,0.724,0.725,0.505,0.525
0.444,0.418,1.0,0.374,0.412,0.393,0.407,0.38,0.437,0.386,0.4,0.382,0.405,0.38,0.376,0.411,0.386,0.402,0.394,0.407,0.403,0.394,0.408,0.395,0.4,0.392,0.412,0.381,0.435,0.453,0.378,0.403,0.0,0.393,0.358,0.386,0.407,0.416,0.39,0.415,0.395,0.399,0.414,0.39,0.382,0.414,0.398,0.399,0.392,0.448
0.482,0.484,0.374,1.0,0.483,0.481,0.446,0.728,0.473,0.755,0.479,0.755,0.492,0.779,0.796,0.448,0.472,0.483,0.478,0.443,0.464,0.486,0.487,0.47,0.475,0.474,0.484,0.782,0.494,0.478,0.734,0.477,0.0,0.477,0.449,0.677,0.448,0.486,0.694,0.469,0.757,0.474,0.481,0.768,0.771,0.467,0.45,0.45,0.702,0.497
0.55,0.694,0.412,0.483,1.0,0.691,0.598,0.503,0.542,0.492,0.778,0.507,0.739,0.483,0.497,0.61,0.692,0.698,0.721,0.594,0.732,0.721,0.719,0.679,0.681,0.68,0.734,0.5,0.548,0.541,0.474,0.713,0.0,0.734,0.64,0.489,0.599,0.744,0.485,0.746,0.487,0.69,0.747,0.497,0.505,0.488,0.693,0.694,0.493,0.538
0.528,0.776,0.393,0.481,0.691,1.0,0.571,0.479,0.513,0.489,0.667,0.481,0.674,0.462,0.469,0.579,0.732,0.681,0.667,0.568,0.654,0.668,0.657,0.801,0.823,0.737,0.65,0.489,0.518,0.524,0.444,0.644,0.0,0.676,0.774,0.481,0.572,0.669,0.476,0.649,0.45,0.723,0.672,0.482,0.488,0.443,0.706,0.705,0.469,0.514
0.53,0.585,0.407,0.446,0.598,0.571,1.0,0.463,0.531,0.453,0.569,0.452,0.579,0.456,0.448,0.956,0.566,0.614,0.599,0.989,0.621,0.608,0.645,0.575,0.57,0.558,0.585,0.457,0.524,0.511,0.44,0.585,0.0,0.593,0.547,0.47,0.989,0.573,0.466,0.576,0.437,0.589,0.579,0.455,0.456,0.462,0.566,0.566,0.453,0.53
0.497,0.504,0.38,0.728,0.503,0.479,0.463,1.0,0.47,0.714,0.462,0.733,0.484,0.732,0.716,0.467,0.47,0.466,0.481,0.46,0.459,0.482,0.491,0.481,0.473,0.468,0.489,0.899,0.528,0.487,0.719,0.495,0.0,0.484,0.438,0.649,0.464,0.524,0.712,0.497,0.725,0.474,0.488,0.896,0.881,0.48,0.464,0.465,0.701,0.512
0.64,0.535,0.437,0.473,0.542,0.513,0.531,0.47,1.0,0.484,0.522,0.485,0.533,0.476,0.475,0.534,0.516,0.522,0.519,0.527,0.516,0.53,0.532,0.52,0.516,0.509,0.541,0.474,0.562,0.654,0.469,0.526,0.0,0.533,0.489,0.479,0.533,0.531,0.469,0.548,0.469,0.527,0.543,0.473,0.474,0.506,0.517,0.516,0.469,0.585
0.5,0.501,0.386,0.755,0.492,0.489,0.453,0.714,0.484,1.0,0.498,0.726,0.513,0.732,0.734,0.46,0.479,0.483,0.484,0.449,0.466,0.488,0.47,0.495,0.48,0.497,0.487,0.746,0.515,0.503,0.742,0.464,0.0,0.482,0.462,0.663,0.454,0.485,0.71,0.486,0.752,0.48,0.484,0.734,0.746,0.474,0.462,0.461,0.711,0.508
0.528,0.639,0.4,0.479,0.778,0.667,0.569,0.462,0.522,0.498,1.0,0.471,0.786,0.459,0.469,0.58,0.649,0.713,0.71,0.567,0.705,0.723,0.698,0.699,0.653,0.662,0.713,0.479,0.505,0.526,0.451,0.673,0.0,0.705,0.703,0.476,0.571,0.703,0.46,0.723,0.456,0.672,0.717,0.469,0.475,0.459,0.646,0.645,0.46,0.513
0.509,0.514,0.382,0.755,0.507,0.481,0.452,0.733,0.485,0.726,0.471,1.0,0.499,0.759,0.852,0.46,0.476,0.472,0.485,0.45,0.472,0.489,0.492,0.473,0.479,0.472,0.49,0.757,0.532,0.505,0.711,0.492,0.0,0.488,0.45,0.664,0.452,0.504,0.701,0.495,0.74,0.476,0.496,0.753,0.761,0.486,0.474,0.474,0.691,0.514
0.538,0.651,0.405,0.492,0.739,0.674,0.579,0.484,0.533,0.513,0.786,0.499,1.0,0.469,0.491,0.591,0.658,0.737,0.765,0.577,0.75,0.79,0.768,0.706,0.659,0.668,0.767,0.501,0.518,0.552,0.468,0.695,0.0,0.777,0.673,0.479,0.58,0.747,0.47,0.774,0.475,0.672,0.768,0.489,0.494,0.467,0.662,0.662,0.468,0.52
0.487,0.47,0.38,0.779,0.483,0.462,0.456,0.732,0.476,0.732,0.459,0.759,0.469,1.0,0.785,0.458,0.463,0.465,0.464,0.452,0.455,0.473,0.473,0.449,0.452,0.46,0.475,0.773,0.507,0.479,0.742,0.473,0.0,0.468,0.43,0.675,0.457,0.484,0.697,0.468,0.763,0.467,0.467,0.764,0.77,0.471,0.446,0.446,0.698,0.502
0.473,0.476,0.376,0.796,0.497,0.469,0.448,0.716,0.475,0.734,0.469,0.852,0.491,0.785,1.0,0.451,0.475,0.469,0.471,0.446,0.471,0.487,0.48,0.463,0.469,0.472,0.491,0.765,0.51,0.489,0.742,0.473,0.0,0.482,0.444,0.665,0.45,0.493,0.696,0.477,0.761,0.476,0.489,0.749,0.757,0.473,0.465,0.466,0.695,0.515
0.544,0.598,0.411,0.448,0.61,0.579,0.956,0.467,0.534,0.46,0.58,0.46,0.591,0.458,0.451,1.0,0.581,0.605,0.603,0.955,0.613,0.613,0.64,0.585,0.581,0.568,0.591,0.461,0.527,0.522,0.443,0.583,0.0,0.596,0.55,0.479,0.958,0.583,0.471,0.587,0.444,0.598,0.586,0.459,0.466,0.463,0.574,0.574,0.465,0.533
0.521,0.725,0.386,0.472,0.692,0.732,0.566,0.47,0.516,0.479,0.649,0.476,0.658,0.463,0.475,0.581,1.0,0.65,0.652,0.564,0.649,0.669,0.654,0.756,0.752,0.775,0.659,0.483,0.523,0.526,0.449,0.68,0.0,0.671,0.699,0.478,0.567,0.653,0.467,0.645,0.448,0.72,0.666,0.474,0.49,0.438,0.708,0.708,0.461,0.513
0.521,0.647,0.402,0.483,0.698,0.681,0.614,0.466,0.522,0.483,0.713,0.472,0.737,0.465,0.469,0.605,0.65,1.0,0.795,0.609,0.759,0.764,0.752,0.673,0.663,0.661,0.731,0.481,0.514,0.524,0.458,0.697,0.0,0.732,0.643,0.493,0.61,0.702,0.47,0.716,0.459,0.676,0.725,0.471,0.477,0.449,0.645,0.645,0.456,0.513
0.533,0.65,0.394,0.478,0.721,0.667,0.599,0.481,0.519,0.484,0.71,0.485,0.765,0.464,0.471,0.603,0.652,0.795,1.0,0.595,0.773,0.778,0.766,0.669,0.655,0.66,0.758,0.488,0.508,0.532,0.46,0.697,0.0,0.74,0.654,0.491,0.598,0.726,0.469,0.741,0.462,0.682,0.749,0.479,0.487,0.459,0.642,0.642,0.461,0.516
0.527,0.583,0.407,0.443,0.594,0.568,0.989,0.46,0.527,0.449,0.567,0.45,0.577,0.452,0.446,0.955,0.564,0.609,0.595,1.0,0.618,0.605,0.64,0.573,0.566,0.557,0.583,0.454,0.52,0.508,0.438,0.585,0.0,0.588,0.545,0.466,0.991,0.571,0.466,0.574,0.435,0.586,0.576,0.452,0.453,0.462,0.563,0.563,0.449,0.526
0.52,0.646,0.403,0.464,0.732,0.654,0.621,0.459,0.516,0.466,0.705,0.472,0.75,0.455,0.471,0.613,0.649,0.759,0.773,0.618,1.0,0.772,0.776,0.657,0.642,0.654,0.749,0.476,0.504,0.523,0.441,0.705,0.0,0.758,0.638,0.487,0.62,0.733,0.459,0.745,0.451,0.652,0.747,0.468,0.475,0.469,0.657,0.657,0.455,0.516
0.534,0.657,0.394,0.486,0.721,0.668,0.608,0.482,0.53,0.488,0.723,0.489,0.79,0.473,0.487,0.613,0.669,0.764,0.778,0.605,0.772,1.0,0.916,0.669,0.668,0.659,0.759,0.499,0.518,0.524,0.467,0.716,0.0,0.873,0.643,0.487,0.608,0.741,0.47,0.753,0.469,0.671,0.759,0.489,0.495,0.467,0.653,0.653,0.469,0.525
0.552,0.668,0.408,0.487,0.719,0.657,0.645,0.491,0.532,0.47,0.698,0.492,0.768,0.473,0.48,0.64,0.654,0.752,0.766,0.64,0.776,0.916,1.0,0.651,0.653,0.641,0.747,0.492,0.531,0.513,0.472,0.738,0.0,0.857,0.627,0.494,0.641,0.741,0.49,0.751,0.473,0.663,0.738,0.49,0.491,0.473,0.656,0.657,0.475,0.532
0.537,0.789,0.395,0.47,0.679,0.801,0.575,0.481,0.52,0.495,0.699,0.473,0.706,0.449,0.463,0.585,0.756,0.673,0.669,0.573,0.657,0.669,0.651,1.0,0.817,0.752,0.662,0.485,0.516,0.537,0.45,0.647,0.0,0.667,0.813,0.474,0.577,0.65,0.451,0.656,0.457,0.735,0.667,0.472,0.483,0.451,0.707,0.707,0.455,0.512
0.528,0.809,0.4,0.475,0.681,0.823,0.57,0.473,0.516,0.48,0.653,0.479,0.659,0.452,0.469,0.581,0.752,0.663,0.655,0.566,0.642,0.668,0.653,0.817,1.0,0.76,0.662,0.488,0.515,0.526,0.446,0.666,0.0,0.659,0.779,0.47,0.57,0.664,0.459,0.643,0.448,0.719,0.674,0.495,0.492,0.452,0.703,0.702,0.475,0.502
0.523,0.734,0.392,0.474,0.68,0.737,0.558,0.468,0.509,0.497,0.662,0.472,0.668,0.46,0.472,0.568,0.775,0.661,0.66,0.557,0.654,0.659,0.641,0.752,0.76,1.0,0.66,0.484,0.515,0.522,0.453,0.644,0.0,0.65,0.701,0.475,0.561,0.654,0.46,0.657,0.451,0.723,0.655,0.489,0.482,0.449,0.71,0.71,0.467,0.513
0.535,0.657,0.412,0.484,0.734,0.65,0.585,0.489,0.541,0.487,0.713,0.49,0.767,0.475,0.491,0.591,0.659,0.731,0.758,0.583,0.749,0.759,0.747,0.662,0.662,0.66,1.0,0.495,0.524,0.539,0.477,0.72,0.0,0.747,0.634,0.479,0.587,0.822,0.473,0.768,0.48,0.675,0.843,0.49,0.49,0.473,0.655,0.655,0.478,0.521
0.491,0.503,0.381,0.782,0.5,0.489,0.457,0.899,0.474,0.746,0.479,0.757,0.501,0.773,0.765,0.461,0.483,0.481,0.488,0.454,0.476,0.499,0.492,0.485,0.488,0.484,0.495,1.0,0.513,0.494,0.725,0.497,0.0,0.496,0.453,0.667,0.458,0.516,0.7,0.49,0.753,0.489,0.492,0.968,0.956,0.474,0.462,0.462,0.711,0.502
0.587,0.534,0.435,0.494,0.548,0.518,0.524,0.528,0.562,0.515,0.505,0.532,0.518,0.507,0.51,0.527,0.523,0.514,0.508,0.52,0.504,0.518,0.531,0.516,0.515,0.515,0.524,0.513,1.0,0.552,0.504,0.54,0.0,0.525,0.482,0.507,0.526,0.535,0.517,0.524,0.5,0.519,0.522,0.512,0.515,0.592,0.504,0.505,0.504,0.85
0.631,0.533,0.453,0.478,0.541,0.524,0.511,0.487,0.654,0.503,0.526,0.505,0.552,0.479,0.489,0.522,0.526,0.524,0.532,0.508,0.523,0.524,0.513,0.537,0.526,0.522,0.539,0.494,0.552,1.0,0.468,0.504,0.0,0.521,0.506,0.497,0.514,0.521,0.478,0.556,0.482,0.532,0.548,0.485,0.493,0.508,0.518,0.518,0.476,0.572
0.475,0.473,0.378,0.734,0.474,0.444,0.44,0.719,0.469,0.742,0.451,0.711,0.468,0.742,0.742,0.443,0.449,0.458,0.46,0.438,0.441,0.467,0.472,0.45,0.446,0.453,0.477,0.725,0.504,0.468,1.0,0.473,0.0,0.47,0.419,0.663,0.442,0.486,0.694,0.469,0.885,0.456,0.463,0.725,0.723,0.468,0.448,0.449,0.696,0.497
0.528,0.673,0.403,0.477,0.713,0.644,0.585,0.495,0.526,0.464,0.673,0.492,0.695,0.473,0.473,0.583,0.68,0.697,0.697,0.585,0.705,0.716,0.738,0.647,0.666,0.644,0.72,0.497,0.54,0.504,0.473,1.0,0.0,0.711,0.613,0.473,0.584,0.742,0.498,0.728,0.465,0.66,0.736,0.494,0.499,0.471,0.652,0.653,0.474,0.525
0.0,0.0,0.0,0.0,0.0,0.0,0.0,0.0,0.0,0.0,0.0,0.0,0.0,0.0,0.0,0.0,0.0,0.0,0.0,0.0,0.0,0.0,0.0,0.0,0.0,0.0,0.0,0.0,0.0,0.0,0.0,0.0,1.0,0.0,0.0,0.0,0.0,0.0,0.0,0.0,0.0,0.0,0.0,0.0,0.0,0.0,0.0,0.0,0.0,0.0
0.536,0.664,0.393,0.477,0.734,0.676,0.593,0.484,0.533,0.482,0.705,0.488,0.777,0.468,0.482,0.596,0.671,0.732,0.74,0.588,0.758,0.873,0.857,0.667,0.659,0.65,0.747,0.496,0.525,0.521,0.47,0.711,0.0,1.0,0.636,0.511,0.593,0.737,0.483,0.753,0.467,0.668,0.763,0.492,0.5,0.463,0.661,0.66,0.468,0.526
0.494,0.75,0.358,0.449,0.64,0.774,0.547,0.438,0.489,0.462,0.703,0.45,0.673,0.43,0.444,0.55,0.699,0.643,0.654,0.545,0.638,0.643,0.627,0.813,0.779,0.701,0.634,0.453,0.482,0.506,0.419,0.613,0.0,0.636,1.0,0.449,0.549,0.625,0.432,0.62,0.422,0.685,0.65,0.444,0.455,0.421,0.669,0.67,0.432,0.481
0.483,0.486,0.386,0.677,0.489,0.481,0.47,0.649,0.479,0.663,0.476,0.664,0.479,0.675,0.665,0.479,0.478,0.493,0.491,0.466,0.487,0.487,0.494,0.474,0.47,0.475,0.479,0.667,0.507,0.497,0.663,0.473,0.0,0.511,0.449,1.0,0.47,0.485,0.694,0.494,0.674,0.485,0.476,0.664,0.672,0.467,0.463,0.463,0.66,0.513
0.532,0.586,0.407,0.448,0.599,0.572,0.989,0.464,0.533,0.454,0.571,0.452,0.58,0.457,0.45,0.958,0.567,0.61,0.598,0.991,0.62,0.608,0.641,0.577,0.57,0.561,0.587,0.458,0.526,0.514,0.442,0.584,0.0,0.593,0.549,0.47,1.0,0.575,0.464,0.576,0.439,0.59,0.58,0.456,0.457,0.462,0.568,0.568,0.453,0.531
0.549,0.692,0.416,0.486,0.744,0.669,0.573,0.524,0.531,0.485,0.703,0.504,0.747,0.484,0.493,0.583,0.653,0.702,0.726,0.571,0.733,0.741,0.741,0.65,0.664,0.654,0.822,0.516,0.535,0.521,0.486,0.742,0.0,0.737,0.625,0.485,0.575,1.0,0.49,0.759,0.491,0.673,0.85,0.519,0.504,0.475,0.683,0.684,0.496,0.527
0.473,0.473,0.39,0.694,0.485,0.476,0.466,0.712,0.469,0.71,0.46,0.701,0.47,0.697,0.696,0.471,0.467,0.47,0.469,0.466,0.459,0.47,0.49,0.451,0.459,0.46,0.473,0.7,0.517,0.478,0.694,0.498,0.0,0.483,0.432,0.694,0.464,0.49,1.0,0.486,0.699,0.467,0.478,0.701,0.702,0.472,0.464,0.466,0.679,0.512
0.551,0.66,0.415,0.469,0.746,0.649,0.576,0.497,0.548,0.486,0.723,0.495,0.774,0.468,0.477,0.587,0.645,0.716,0.741,0.574,0.745,0.753,0.751,0.656,0.643,0.657,0.768,0.49,0.524,0.556,0.469,0.728,0.0,0.753,0.62,0.494,0.576,0.759,0.486,1.0,0.476,0.664,0.771,0.487,0.492,0.472,0.669,0.668,0.47,0.532
0.481,0.474,0.395,0.757,0.487,0.45,0.437,0.725,0.469,0.752,0.456,0.74,0.475,0.763,0.761,0.444,0.448,0.459,0.462,0.435,0.451,0.469,0.473,0.457,0.448,0.451,0.48,0.753,0.5,0.482,0.885,0.465,0.0,0.467,0.422,0.674,0.439,0.491,0.699,0.476,1.0,0.46,0.464,0.754,0.752,0.473,0.448,0.449,0.705,0.496
0.538,0.714,0.399,0.474,0.69,0.723,0.589,0.474,0.527,0.48,0.672,0.476,0.672,0.467,0.476,0.598,0.72,0.676,0.682,0.586,0.652,0.671,0.663,0.735,0.719,0.723,0.675,0.489,0.519,0.532,0.456,0.66,0.0,0.668,0.685,0.485,0.59,0.673,0.467,0.664,0.46,1.0,0.69,0.481,0.483,0.449,0.742,0.741,0.47,0.51
0.536,0.67,0.414,0.481,0.747,0.672,0.579,0.488,0.543,0.484,0.717,0.496,0.768,0.467,0.489,0.586,0.666,0.725,0.749,0.576,0.747,0.759,0.738,0.667,0.674,0.655,0.843,0.492,0.522,0.548,0.463,0.736,0.0,0.763,0.65,0.476,0.58,0.85,0.478,0.771,0.464,0.69,1.0,0.485,0.49,0.475,0.661,0.661,0.474,0.523
0.491,0.516,0.39,0.768,0.497,0.482,0.455,0.896,0.473,0.734,0.469,0.753,0.489,0.764,0.749,0.459,0.474,0.471,0.479,0.452,0.468,0.489,0.49,0.472,0.495,0.489,0.49,0.968,0.512,0.485,0.725,0.494,0.0,0.492,0.444,0.664,0.456,0.519,0.701,0.487,0.754,0.481,0.485,1.0,0.954,0.476,0.466,0.466,0.722,0.503
0.499,0.519,0.382,0.771,0.505,0.488,0.456,0.881,0.474,0.746,0.475,0.761,0.494,0.77,0.757,0.466,0.49,0.477,0.487,0.453,0.475,0.495,0.491,0.483,0.492,0.482,0.49,0.956,0.515,0.493,0.723,0.499,0.0,0.5,0.455,0.672,0.457,0.504,0.702,0.492,0.752,0.483,0.49,0.954,1.0,0.47,0.473,0.472,0.709,0.504
0.511,0.465,0.414,0.467,0.488,0.443,0.462,0.48,0.506,0.474,0.459,0.486,0.467,0.471,0.473,0.463,0.438,0.449,0.459,0.462,0.469,0.467,0.473,0.451,0.452,0.449,0.473,0.474,0.592,0.508,0.468,0.471,0.0,0.463,0.421,0.467,0.462,0.475,0.472,0.472,0.473,0.449,0.475,0.476,0.47,1.0,0.477,0.477,0.462,0.651
0.528,0.724,0.398,0.45,0.693,0.706,0.566,0.464,0.517,0.462,0.646,0.474,0.662,0.446,0.465,0.574,0.708,0.645,0.642,0.563,0.657,0.653,0.656,0.707,0.703,0.71,0.655,0.462,0.504,0.518,0.448,0.652,0.0,0.661,0.669,0.463,0.568,0.683,0.464,0.669,0.448,0.742,0.661,0.466,0.473,0.477,1.0,0.997,0.457,0.522
0.529,0.725,0.399,0.45,0.694,0.705,0.566,0.465,0.516,0.461,0.645,0.474,0.662,0.446,0.466,0.574,0.708,0.645,0.642,0.563,0.657,0.653,0.657,0.707,0.702,0.71,0.655,0.462,0.505,0.518,0.449,0.653,0.0,0.66,0.67,0.463,0.568,0.684,0.466,0.668,0.449,0.741,0.661,0.466,0.472,0.477,0.997,1.0,0.458,0.524
0.483,0.505,0.392,0.702,0.493,0.469,0.453,0.701,0.469,0.711,0.46,0.691,0.468,0.698,0.695,0.465,0.461,0.456,0.461,0.449,0.455,0.469,0.475,0.455,0.475,0.467,0.478,0.711,0.504,0.476,0.696,0.474,0.0,0.468,0.432,0.66,0.453,0.496,0.679,0.47,0.705,0.47,0.474,0.722,0.709,0.462,0.457,0.458,1.0,0.499
0.597,0.525,0.448,0.497,0.538,0.514,0.53,0.512,0.585,0.508,0.513,0.514,0.52,0.502,0.515,0.533,0.513,0.513,0.516,0.526,0.516,0.525,0.532,0.512,0.502,0.513,0.521,0.502,0.85,0.572,0.497,0.525,0.0,0.526,0.481,0.513,0.531,0.527,0.512,0.532,0.496,0.51,0.523,0.503,0.504,0.651,0.522,0.524,0.499,1.0
