GCF_000163235.1_ASM16323v1_genomic.fna,GCF_000164555.1_ASM16455v1_genomic.fna,GCF_000208545.1_ASM20854v2_genomic.fna,GCF_000233875.1_ASM23387v1_genomic.fna,GCF_000249735.1_ASM24973v2_genomic.fna,GCF_000261145.1_Esch_coli_M919_V2_genomic.fna,GCF_000267705.2_ASM26770v2_genomic.fna,GCF_000350665.1_Esch_coli_KTE5_V1_genomic.fna,GCF_000351625.1_Esch_coli_KTE66_V1_genomic.fna,GCF_000352285.1_Esch_coli_KTE46_V1_genomic.fna,GCF_000358895.1_ASM35889v1_genomic.fna,GCF_000456385.1_Esch_coli_HVH_26_4-5703913_V1_genomic.fna,GCF_000458195.1_Esch_coli_HVH_147_4-5893887_V1_genomic.fna,GCF_000459755.1_Esch_coli_KOEGE_58_171a_V1_genomic.fna,GCF_000460055.1_Esch_coli_UMEA_3053-1_V1_genomic.fna,GCF_000462165.2_ASM46216v2_genomic.fna,GCF_000601135.1_ASM60113v1_genomic.fna,GCF_000614595.1_Ec2010EL1058_genomic.fna,GCF_000617745.1_Ec2010C-4529_genomic.fna,GCF_000618265.2_EcF6751_genomic.fna,GCF_000619005.2_Ec2009C-4052_genomic.fna,GCF_000619105.1_Ec2009C-4780_genomic.fna,GCF_000619765.2_Ec2009C-3279_genomic.fna,GCF_000687005.1_ASM68700v1_genomic.fna,GCF_000687025.1_ASM68702v1_genomic.fna,GCF_000700125.1_ASM70012v1_genomic.fna,GCF_000753315.1_FHI35_genomic.fna,GCF_000776375.1_ASM77637v1_genomic.fna,GCF_000779395.1_ASM77939v1_genomic.fna,GCF_000780315.1_ASM78031v1_genomic.fna,GCF_000781995.1_ASM78199v1_genomic.fna,GCF_000986765.1_ASM98676v1_genomic.fna,GCF_001041375.1_ViralProj287958_genomic.fna,GCF_001265335.1_302014_genomic.fna,GCF_001265625.1_100854_genomic.fna,GCF_001267345.1_303289_genomic.fna,GCF_001309985.1_ASM130998v1_genomic.fna,GCF_001521695.1_ASM152169v1_genomic.fna,GCF_001592595.1_ASM159259v1_genomic.fna,GCF_001614975.1_ASM161497v1_genomic.fna,GCF_001692775.1_ASM169277v1_genomic.fna,GCF_001748915.1_ASM174891v1_genomic.fna,GCF_001749235.1_ASM174923v1_genomic.fna,GCF_001881155.1_ASM188115v1_genomic.fna,GCF_001881345.1_ASM188134v1_genomic.fna,GCF_001892405.1_ASM189240v1_genomic.fna,GCF_001892585.1_ASM189258v1_genomic.fna,GCF_001893985.1_ASM189398v1_genomic.fna,GCF_002001595.1_ASM200159v1_genomic.fna,GCF_002002145.1_ASM200214v1_genomic.fna
1.0,0.913,0.894,0.897,0.903,0.902,0.897,0.891,0.91,0.893,0.875,0.895,0.893,0.89,0.885,0.895,0.905,0.902,0.906,0.898,0.894,0.907,0.917,0.897,0.897,0.891,0.907,0.889,0.907,0.904,0.891,0.903,0.022,0.91,0.873,0.89,0.897,0.908,0.891,0.899,0.891,0.905,0.902,0.893,0.894,0.904,0.903,0.903,0.896,0.909
0.913,1.0,0.888,0.899,0.932,0.938,0.902,0.888,0.892,0.891,0.897,0.901,0.91,0.888,0.889,0.901,0.929,0.916,0.923,0.904,0.922,0.915,0.926,0.934,0.935,0.921,0.917,0.89,0.894,0.879,0.893,0.926,0.023,0.921,0.91,0.883,0.902,0.929,0.896,0.917,0.892,0.92,0.919,0.894,0.893,0.879,0.926,0.926,0.899,0.892
0.894,0.888,1.0,0.877,0.894,0.885,0.885,0.875,0.889,0.874,0.864,0.881,0.878,0.884,0.876,0.883,0.89,0.882,0.883,0.886,0.881,0.887,0.891,0.873,0.881,0.88,0.888,0.874,0.894,0.889,0.881,0.881,0.023,0.892,0.86,0.883,0.885,0.892,0.885,0.891,0.876,0.888,0.889,0.873,0.868,0.878,0.888,0.888,0.89,0.899
0.897,0.899,0.877,1.0,0.898,0.891,0.889,0.935,0.88,0.928,0.86,0.935,0.886,0.95,0.948,0.885,0.886,0.887,0.898,0.889,0.889,0.891,0.898,0.88,0.889,0.884,0.891,0.943,0.892,0.878,0.935,0.892,0.022,0.897,0.862,0.919,0.889,0.899,0.927,0.887,0.938,0.889,0.891,0.939,0.934,0.881,0.898,0.898,0.937,0.897
0.903,0.932,0.894,0.898,1.0,0.932,0.902,0.892,0.898,0.9,0.921,0.902,0.928,0.897,0.899,0.9,0.932,0.922,0.933,0.904,0.936,0.929,0.931,0.92,0.926,0.923,0.937,0.9,0.903,0.893,0.893,0.929,0.023,0.938,0.91,0.892,0.902,0.944,0.907,0.934,0.893,0.929,0.94,0.894,0.891,0.88,0.933,0.933,0.9,0.905
0.902,0.938,0.885,0.891,0.932,1.0,0.911,0.894,0.894,0.892,0.905,0.881,0.914,0.887,0.883,0.911,0.929,0.919,0.923,0.911,0.922,0.927,0.929,0.94,0.944,0.924,0.92,0.894,0.896,0.889,0.889,0.92,0.021,0.927,0.92,0.896,0.91,0.931,0.899,0.923,0.889,0.921,0.923,0.889,0.887,0.87,0.925,0.925,0.893,0.901
0.897,0.902,0.885,0.889,0.902,0.911,1.0,0.886,0.888,0.885,0.883,0.881,0.899,0.885,0.882,0.989,0.907,0.912,0.917,0.995,0.919,0.915,0.919,0.904,0.903,0.898,0.901,0.891,0.891,0.891,0.881,0.893,0.021,0.901,0.882,0.895,0.998,0.9,0.894,0.904,0.879,0.906,0.902,0.886,0.881,0.871,0.903,0.903,0.887,0.907
0.891,0.888,0.875,0.935,0.892,0.894,0.886,1.0,0.881,0.928,0.865,0.922,0.878,0.934,0.921,0.885,0.878,0.882,0.887,0.887,0.878,0.884,0.887,0.878,0.887,0.876,0.883,0.973,0.891,0.888,0.924,0.88,0.022,0.887,0.855,0.917,0.886,0.898,0.923,0.892,0.923,0.877,0.89,0.964,0.956,0.885,0.887,0.887,0.929,0.897
0.91,0.892,0.889,0.88,0.898,0.894,0.888,0.881,1.0,0.884,0.874,0.886,0.886,0.885,0.887,0.887,0.891,0.893,0.89,0.89,0.884,0.893,0.897,0.884,0.882,0.881,0.891,0.879,0.906,0.909,0.885,0.901,0.022,0.897,0.867,0.884,0.889,0.89,0.883,0.89,0.893,0.906,0.9,0.889,0.888,0.896,0.899,0.899,0.884,0.91
0.893,0.891,0.874,0.928,0.9,0.892,0.885,0.928,0.884,1.0,0.881,0.92,0.895,0.93,0.921,0.884,0.879,0.883,0.892,0.885,0.891,0.893,0.893,0.889,0.896,0.894,0.899,0.939,0.891,0.885,0.939,0.883,0.021,0.891,0.873,0.916,0.885,0.897,0.925,0.892,0.931,0.881,0.892,0.93,0.93,0.871,0.885,0.885,0.926,0.893
0.875,0.897,0.864,0.86,0.921,0.905,0.883,0.865,0.874,0.881,1.0,0.863,0.932,0.86,0.861,0.886,0.898,0.906,0.905,0.883,0.914,0.906,0.906,0.914,0.906,0.913,0.916,0.871,0.866,0.881,0.865,0.895,0.025,0.905,0.927,0.868,0.882,0.91,0.878,0.922,0.864,0.898,0.914,0.866,0.862,0.854,0.9,0.9,0.871,0.873
0.895,0.901,0.881,0.935,0.902,0.881,0.881,0.922,0.886,0.92,0.863,1.0,0.881,0.935,0.956,0.876,0.884,0.888,0.892,0.885,0.891,0.891,0.898,0.873,0.881,0.886,0.886,0.925,0.894,0.876,0.918,0.889,0.022,0.897,0.861,0.906,0.882,0.897,0.921,0.886,0.931,0.889,0.893,0.928,0.924,0.886,0.894,0.894,0.925,0.892
0.893,0.91,0.878,0.886,0.928,0.914,0.899,0.878,0.886,0.895,0.932,0.881,1.0,0.883,0.878,0.902,0.915,0.918,0.93,0.899,0.935,0.938,0.934,0.929,0.92,0.927,0.942,0.885,0.888,0.898,0.888,0.915,0.022,0.939,0.922,0.882,0.898,0.928,0.886,0.939,0.879,0.91,0.932,0.879,0.874,0.863,0.923,0.923,0.889,0.892
0.89,0.888,0.884,0.95,0.897,0.887,0.885,0.934,0.885,0.93,0.86,0.935,0.883,1.0,0.948,0.882,0.882,0.885,0.89,0.887,0.885,0.893,0.894,0.875,0.885,0.883,0.888,0.938,0.896,0.873,0.934,0.886,0.023,0.895,0.858,0.916,0.887,0.898,0.924,0.882,0.938,0.88,0.891,0.934,0.93,0.882,0.89,0.89,0.933,0.897
0.885,0.889,0.876,0.948,0.899,0.883,0.882,0.921,0.887,0.921,0.861,0.956,0.878,0.948,1.0,0.876,0.885,0.887,0.891,0.883,0.886,0.886,0.893,0.873,0.881,0.877,0.886,0.929,0.897,0.875,0.926,0.895,0.021,0.894,0.858,0.914,0.883,0.898,0.925,0.886,0.94,0.892,0.895,0.93,0.929,0.885,0.894,0.894,0.929,0.898
0.895,0.901,0.883,0.885,0.9,0.911,0.989,0.885,0.887,0.884,0.886,0.876,0.902,0.882,0.876,1.0,0.908,0.911,0.914,0.985,0.918,0.916,0.915,0.905,0.905,0.899,0.903,0.89,0.89,0.894,0.878,0.892,0.021,0.901,0.886,0.895,0.987,0.901,0.893,0.905,0.876,0.904,0.901,0.884,0.879,0.873,0.901,0.901,0.887,0.904
0.905,0.929,0.89,0.886,0.932,0.929,0.907,0.878,0.891,0.879,0.898,0.884,0.915,0.882,0.885,0.908,1.0,0.922,0.922,0.909,0.922,0.929,0.932,0.93,0.929,0.929,0.922,0.882,0.898,0.888,0.877,0.929,0.022,0.931,0.902,0.886,0.907,0.922,0.89,0.925,0.88,0.929,0.923,0.879,0.877,0.877,0.929,0.929,0.888,0.897
0.902,0.916,0.882,0.887,0.922,0.919,0.912,0.882,0.893,0.883,0.906,0.888,0.918,0.885,0.887,0.911,0.922,1.0,0.954,0.915,0.939,0.942,0.947,0.91,0.91,0.907,0.926,0.886,0.9,0.883,0.891,0.926,0.021,0.927,0.895,0.893,0.912,0.92,0.893,0.924,0.889,0.925,0.928,0.894,0.89,0.878,0.925,0.925,0.884,0.895
0.906,0.923,0.883,0.898,0.933,0.923,0.917,0.887,0.89,0.892,0.905,0.892,0.93,0.89,0.891,0.914,0.922,0.954,1.0,0.919,0.949,0.943,0.95,0.916,0.914,0.915,0.936,0.895,0.9,0.889,0.892,0.918,0.021,0.936,0.906,0.893,0.917,0.929,0.902,0.935,0.887,0.926,0.932,0.895,0.89,0.878,0.92,0.92,0.891,0.901
0.898,0.904,0.886,0.889,0.904,0.911,0.995,0.887,0.89,0.885,0.883,0.885,0.899,0.887,0.883,0.985,0.909,0.915,0.919,1.0,0.92,0.914,0.92,0.903,0.902,0.898,0.9,0.89,0.894,0.891,0.885,0.896,0.021,0.903,0.881,0.895,0.996,0.901,0.898,0.905,0.883,0.909,0.903,0.887,0.882,0.871,0.906,0.906,0.89,0.908
0.894,0.922,0.881,0.889,0.936,0.922,0.919,0.878,0.884,0.891,0.914,0.891,0.935,0.885,0.886,0.918,0.922,0.939,0.949,0.92,1.0,0.942,0.944,0.927,0.923,0.92,0.943,0.886,0.89,0.896,0.886,0.919,0.022,0.933,0.908,0.888,0.919,0.938,0.894,0.943,0.883,0.917,0.937,0.881,0.877,0.869,0.926,0.926,0.881,0.897
0.907,0.915,0.887,0.891,0.929,0.927,0.915,0.884,0.893,0.893,0.906,0.891,0.938,0.893,0.886,0.916,0.929,0.942,0.943,0.914,0.942,1.0,0.981,0.918,0.919,0.916,0.935,0.894,0.89,0.891,0.889,0.922,0.023,0.963,0.902,0.895,0.914,0.932,0.893,0.933,0.888,0.923,0.934,0.888,0.886,0.869,0.922,0.922,0.894,0.898
0.917,0.926,0.891,0.898,0.931,0.929,0.919,0.887,0.897,0.893,0.906,0.898,0.934,0.894,0.893,0.915,0.932,0.947,0.95,0.92,0.944,0.981,1.0,0.921,0.921,0.92,0.936,0.894,0.896,0.89,0.896,0.93,0.023,0.961,0.9,0.895,0.919,0.932,0.896,0.934,0.897,0.927,0.931,0.896,0.892,0.876,0.927,0.927,0.897,0.899
0.897,0.934,0.873,0.88,0.92,0.94,0.904,0.878,0.884,0.889,0.914,0.873,0.929,0.875,0.873,0.905,0.93,0.91,0.916,0.903,0.927,0.918,0.921,1.0,0.948,0.931,0.93,0.878,0.888,0.895,0.88,0.913,0.021,0.916,0.936,0.886,0.903,0.919,0.883,0.918,0.877,0.914,0.919,0.873,0.876,0.871,0.915,0.915,0.886,0.89
0.897,0.935,0.881,0.889,0.926,0.944,0.903,0.887,0.882,0.896,0.906,0.881,0.92,0.885,0.881,0.905,0.929,0.91,0.914,0.902,0.923,0.919,0.921,0.948,1.0,0.934,0.926,0.89,0.89,0.891,0.884,0.921,0.02,0.919,0.929,0.889,0.903,0.927,0.894,0.917,0.882,0.916,0.925,0.889,0.885,0.871,0.924,0.924,0.893,0.896
0.891,0.921,0.88,0.884,0.923,0.924,0.898,0.876,0.881,0.894,0.913,0.886,0.927,0.883,0.877,0.899,0.929,0.907,0.915,0.898,0.92,0.916,0.92,0.931,0.934,1.0,0.923,0.885,0.887,0.886,0.886,0.91,0.021,0.918,0.912,0.877,0.898,0.918,0.892,0.924,0.88,0.909,0.911,0.884,0.882,0.87,0.922,0.922,0.894,0.893
0.907,0.917,0.888,0.891,0.937,0.92,0.901,0.883,0.891,0.899,0.916,0.886,0.942,0.888,0.886,0.903,0.922,0.926,0.936,0.9,0.943,0.935,0.936,0.93,0.926,0.923,1.0,0.889,0.897,0.9,0.89,0.925,0.021,0.932,0.907,0.88,0.9,0.947,0.89,0.941,0.886,0.925,0.956,0.885,0.881,0.873,0.926,0.926,0.891,0.897
0.889,0.89,0.874,0.943,0.9,0.894,0.891,0.973,0.879,0.939,0.871,0.925,0.885,0.938,0.929,0.89,0.882,0.886,0.895,0.89,0.886,0.894,0.894,0.878,0.89,0.885,0.889,1.0,0.895,0.883,0.929,0.882,0.022,0.89,0.862,0.919,0.891,0.903,0.923,0.894,0.929,0.88,0.892,0.984,0.974,0.883,0.894,0.894,0.929,0.901
0.907,0.894,0.894,0.892,0.903,0.896,0.891,0.891,0.906,0.891,0.866,0.894,0.888,0.896,0.897,0.89,0.898,0.9,0.9,0.894,0.89,0.89,0.896,0.888,0.89,0.887,0.897,0.895,1.0,0.893,0.897,0.902,0.021,0.895,0.87,0.896,0.892,0.9,0.9,0.896,0.896,0.901,0.895,0.902,0.897,0.909,0.902,0.902,0.902,0.947
0.904,0.879,0.889,0.878,0.893,0.889,0.891,0.888,0.909,0.885,0.881,0.876,0.898,0.873,0.875,0.894,0.888,0.883,0.889,0.891,0.896,0.891,0.89,0.895,0.891,0.886,0.9,0.883,0.893,1.0,0.873,0.876,0.022,0.891,0.878,0.879,0.891,0.894,0.879,0.902,0.867,0.89,0.899,0.876,0.869,0.886,0.892,0.892,0.881,0.906
0.891,0.893,0.881,0.935,0.893,0.889,0.881,0.924,0.885,0.939,0.865,0.918,0.888,0.934,0.926,0.878,0.877,0.891,0.892,0.885,0.886,0.889,0.896,0.88,0.884,0.886,0.89,0.929,0.897,0.873,1.0,0.886,0.022,0.897,0.859,0.916,0.883,0.893,0.92,0.889,0.954,0.889,0.887,0.928,0.926,0.878,0.891,0.891,0.93,0.894
0.903,0.926,0.881,0.892,0.929,0.92,0.893,0.88,0.901,0.883,0.895,0.889,0.915,0.886,0.895,0.892,0.929,0.926,0.918,0.896,0.919,0.922,0.93,0.913,0.921,0.91,0.925,0.882,0.902,0.876,0.886,1.0,0.023,0.933,0.893,0.884,0.893,0.936,0.896,0.928,0.894,0.937,0.932,0.889,0.894,0.885,0.931,0.931,0.89,0.892
0.022,0.023,0.023,0.022,0.023,0.021,0.021,0.022,0.022,0.021,0.025,0.022,0.022,0.023,0.021,0.021,0.022,0.021,0.021,0.021,0.022,0.023,0.023,0.021,0.02,0.021,0.021,0.022,0.021,0.022,0.022,0.023,1.0,0.023,0.024,0.022,0.021,0.022,0.022,0.021,0.023,0.02,0.022,0.021,0.021,0.022,0.022,0.022,0.022,0.022
0.91,0.921,0.892,0.897,0.938,0.927,0.901,0.887,0.897,0.891,0.905,0.897,0.939,0.895,0.894,0.901,0.931,0.927,0.936,0.903,0.933,0.963,0.961,0.916,0.919,0.918,0.932,0.89,0.895,0.891,0.897,0.933,0.023,1.0,0.903,0.899,0.901,0.93,0.905,0.937,0.895,0.924,0.934,0.887,0.887,0.881,0.929,0.929,0.898,0.899
0.873,0.91,0.86,0.862,0.91,0.92,0.882,0.855,0.867,0.873,0.927,0.861,0.922,0.858,0.858,0.886,0.902,0.895,0.906,0.881,0.908,0.902,0.9,0.936,0.929,0.912,0.907,0.862,0.87,0.878,0.859,0.893,0.024,0.903,1.0,0.868,0.881,0.901,0.874,0.906,0.859,0.896,0.909,0.857,0.855,0.85,0.901,0.901,0.867,0.877
0.89,0.883,0.883,0.919,0.892,0.896,0.895,0.917,0.884,0.916,0.868,0.906,0.882,0.916,0.914,0.895,0.886,0.893,0.893,0.895,0.888,0.895,0.895,0.886,0.889,0.877,0.88,0.919,0.896,0.879,0.916,0.884,0.022,0.899,0.868,1.0,0.895,0.886,0.931,0.89,0.911,0.883,0.884,0.911,0.907,0.878,0.887,0.887,0.917,0.901
0.897,0.902,0.885,0.889,0.902,0.91,0.998,0.886,0.889,0.885,0.882,0.882,0.898,0.887,0.883,0.987,0.907,0.912,0.917,0.996,0.919,0.914,0.919,0.903,0.903,0.898,0.9,0.891,0.892,0.891,0.883,0.893,0.021,0.901,0.881,0.895,1.0,0.9,0.895,0.903,0.881,0.906,0.901,0.886,0.881,0.872,0.903,0.903,0.888,0.908
0.908,0.929,0.892,0.899,0.944,0.931,0.9,0.898,0.89,0.897,0.91,0.897,0.928,0.898,0.898,0.901,0.922,0.92,0.929,0.901,0.938,0.932,0.932,0.919,0.927,0.918,0.947,0.903,0.9,0.894,0.893,0.936,0.022,0.93,0.901,0.886,0.9,1.0,0.902,0.944,0.897,0.925,0.955,0.896,0.895,0.878,0.935,0.935,0.903,0.901
0.891,0.896,0.885,0.927,0.907,0.899,0.894,0.923,0.883,0.925,0.878,0.921,0.886,0.924,0.925,0.893,0.89,0.893,0.902,0.898,0.894,0.893,0.896,0.883,0.894,0.892,0.89,0.923,0.9,0.879,0.92,0.896,0.022,0.905,0.874,0.931,0.895,0.902,1.0,0.893,0.919,0.892,0.9,0.921,0.918,0.88,0.898,0.898,0.929,0.896
0.899,0.917,0.891,0.887,0.934,0.923,0.904,0.892,0.89,0.892,0.922,0.886,0.939,0.882,0.886,0.905,0.925,0.924,0.935,0.905,0.943,0.933,0.934,0.918,0.917,0.924,0.941,0.894,0.896,0.902,0.889,0.928,0.021,0.937,0.906,0.89,0.903,0.944,0.893,1.0,0.884,0.926,0.944,0.889,0.887,0.878,0.927,0.927,0.892,0.899
0.891,0.892,0.876,0.938,0.893,0.889,0.879,0.923,0.893,0.931,0.864,0.931,0.879,0.938,0.94,0.876,0.88,0.889,0.887,0.883,0.883,0.888,0.897,0.877,0.882,0.88,0.886,0.929,0.896,0.867,0.954,0.894,0.023,0.895,0.859,0.911,0.881,0.897,0.919,0.884,1.0,0.897,0.885,0.939,0.94,0.884,0.889,0.889,0.929,0.887
0.905,0.92,0.888,0.889,0.929,0.921,0.906,0.877,0.906,0.881,0.898,0.889,0.91,0.88,0.892,0.904,0.929,0.925,0.926,0.909,0.917,0.923,0.927,0.914,0.916,0.909,0.925,0.88,0.901,0.89,0.889,0.937,0.02,0.924,0.896,0.883,0.906,0.925,0.892,0.926,0.897,1.0,0.931,0.889,0.89,0.875,0.933,0.933,0.888,0.894
0.902,0.919,0.889,0.891,0.94,0.923,0.902,0.89,0.9,0.892,0.914,0.893,0.932,0.891,0.895,0.901,0.923,0.928,0.932,0.903,0.937,0.934,0.931,0.919,0.925,0.911,0.956,0.892,0.895,0.899,0.887,0.932,0.022,0.934,0.909,0.884,0.901,0.955,0.9,0.944,0.885,0.931,1.0,0.887,0.887,0.878,0.934,0.934,0.892,0.902
0.893,0.894,0.873,0.939,0.894,0.889,0.886,0.964,0.889,0.93,0.866,0.928,0.879,0.934,0.93,0.884,0.879,0.894,0.895,0.887,0.881,0.888,0.896,0.873,0.889,0.884,0.885,0.984,0.902,0.876,0.928,0.889,0.021,0.887,0.857,0.911,0.886,0.896,0.921,0.889,0.939,0.889,0.887,1.0,0.985,0.892,0.895,0.895,0.928,0.895
0.894,0.893,0.868,0.934,0.891,0.887,0.881,0.956,0.888,0.93,0.862,0.924,0.874,0.93,0.929,0.879,0.877,0.89,0.89,0.882,0.877,0.886,0.892,0.876,0.885,0.882,0.881,0.974,0.897,0.869,0.926,0.894,0.021,0.887,0.855,0.907,0.881,0.895,0.918,0.887,0.94,0.89,0.887,0.985,1.0,0.894,0.895,0.895,0.924,0.887
0.904,0.879,0.878,0.881,0.88,0.87,0.871,0.885,0.896,0.871,0.854,0.886,0.863,0.882,0.885,0.873,0.877,0.878,0.878,0.871,0.869,0.869,0.876,0.871,0.871,0.87,0.873,0.883,0.909,0.886,0.878,0.885,0.022,0.881,0.85,0.878,0.872,0.878,0.88,0.878,0.884,0.875,0.878,0.892,0.894,1.0,0.884,0.884,0.887,0.913
0.903,0.926,0.888,0.898,0.933,0.925,0.903,0.887,0.899,0.885,0.9,0.894,0.923,0.89,0.894,0.901,0.929,0.925,0.92,0.906,0.926,0.922,0.927,0.915,0.924,0.922,0.926,0.894,0.902,0.892,0.891,0.931,0.022,0.929,0.901,0.887,0.903,0.935,0.898,0.927,0.889,0.933,0.934,0.895,0.895,0.884,1.0,1.0,0.893,0.907
0.903,0.926,0.888,0.898,0.933,0.925,0.903,0.887,0.899,0.885,0.9,0.894,0.923,0.89,0.894,0.901,0.929,0.925,0.92,0.906,0.926,0.922,0.927,0.915,0.924,0.922,0.926,0.894,0.902,0.892,0.891,0.931,0.022,0.929,0.901,0.887,0.903,0.935,0.898,0.927,0.889,0.933,0.934,0.895,0.895,0.884,1.0,1.0,0.893,0.907
0.896,0.899,0.89,0.937,0.9,0.893,0.887,0.929,0.884,0.926,0.871,0.925,0.889,0.933,0.929,0.887,0.888,0.884,0.891,0.89,0.881,0.894,0.897,0.886,0.893,0.894,0.891,0.929,0.902,0.881,0.93,0.89,0.022,0.898,0.867,0.917,0.888,0.903,0.929,0.892,0.929,0.888,0.892,0.928,0.924,0.887,0.893,0.893,1.0,0.9
0.909,0.892,0.899,0.897,0.905,0.901,0.907,0.897,0.91,0.893,0.873,0.892,0.892,0.897,0.898,0.904,0.897,0.895,0.901,0.908,0.897,0.898,0.899,0.89,0.896,0.893,0.897,0.901,0.947,0.906,0.894,0.892,0.022,0.899,0.877,0.901,0.908,0.901,0.896,0.899,0.887,0.894,0.902,0.895,0.887,0.913,0.907,0.907,0.9,1.0
