GCF_000163235.1_ASM16323v1_genomic.fna,GCF_000164555.1_ASM16455v1_genomic.fna,GCF_000208545.1_ASM20854v2_genomic.fna,GCF_000233875.1_ASM23387v1_genomic.fna,GCF_000249735.1_ASM24973v2_genomic.fna,GCF_000261145.1_Esch_coli_M919_V2_genomic.fna,GCF_000267705.2_ASM26770v2_genomic.fna,GCF_000350665.1_Esch_coli_KTE5_V1_genomic.fna,GCF_000351625.1_Esch_coli_KTE66_V1_genomic.fna,GCF_000352285.1_Esch_coli_KTE46_V1_genomic.fna,GCF_000358895.1_ASM35889v1_genomic.fna,GCF_000456385.1_Esch_coli_HVH_26_4-5703913_V1_genomic.fna,GCF_000458195.1_Esch_coli_HVH_147_4-5893887_V1_genomic.fna,GCF_000459755.1_Esch_coli_KOEGE_58_171a_V1_genomic.fna,GCF_000460055.1_Esch_coli_UMEA_3053-1_V1_genomic.fna,GCF_000462165.2_ASM46216v2_genomic.fna,GCF_000601135.1_ASM60113v1_genomic.fna,GCF_000614595.1_Ec2010EL1058_genomic.fna,GCF_000617745.1_Ec2010C-4529_genomic.fna,GCF_000618265.2_EcF6751_genomic.fna,GCF_000619005.2_Ec2009C-4052_genomic.fna,GCF_000619105.1_Ec2009C-4780_genomic.fna,GCF_000619765.2_Ec2009C-3279_genomic.fna,GCF_000687005.1_ASM68700v1_genomic.fna,GCF_000687025.1_ASM68702v1_genomic.fna,GCF_000700125.1_ASM70012v1_genomic.fna,GCF_000753315.1_FHI35_genomic.fna,GCF_000776375.1_ASM77637v1_genomic.fna,GCF_000779395.1_ASM77939v1_genomic.fna,GCF_000780315.1_ASM78031v1_genomic.fna,GCF_000781995.1_ASM78199v1_genomic.fna,GCF_000986765.1_ASM98676v1_genomic.fna,GCF_001041375.1_ViralProj287958_genomic.fna,GCF_001265335.1_302014_genomic.fna,GCF_001265625.1_100854_genomic.fna,GCF_001267345.1_303289_genomic.fna,GCF_001309985.1_ASM130998v1_genomic.fna,GCF_001521695.1_ASM152169v1_genomic.fna,GCF_001592595.1_ASM159259v1_genomic.fna,GCF_001614975.1_ASM161497v1_genomic.fna,GCF_001692775.1_ASM169277v1_genomic.fna,GCF_001748915.1_ASM174891v1_genomic.fna,GCF_001749235.1_ASM174923v1_genomic.fna,GCF_001881155.1_ASM188115v1_genomic.fna,GCF_001881345.1_ASM188134v1_genomic.fna,GCF_001892405.1_ASM189240v1_genomic.fna,GCF_001892585.1_ASM189258v1_genomic.fna,GCF_001893985.1_ASM189398v1_genomic.fna,GCF_002001595.1_ASM200159v1_genomic.fna,GCF_002002145.1_ASM200214v1_genomic.fna
1.0,0.908,0.873,0.9,0.895,0.894,0.896,0.883,0.918,0.891,0.885,0.891,0.906,0.884,0.884,0.892,0.898,0.897,0.884,0.894,0.881,0.894,0.897,0.901,0.911,0.893,0.894,0.89,0.902,0.914,0.874,0.897,0.015,0.887,0.88,0.885,0.895,0.891,0.885,0.907,0.877,0.893,0.902,0.889,0.892,0.873,0.895,0.896,0.898,0.912
0.908,1.0,0.874,0.893,0.926,0.937,0.909,0.888,0.894,0.888,0.901,0.894,0.918,0.89,0.887,0.906,0.922,0.917,0.912,0.909,0.91,0.918,0.922,0.937,0.942,0.923,0.919,0.886,0.889,0.903,0.875,0.923,0.018,0.907,0.914,0.887,0.91,0.923,0.883,0.928,0.877,0.924,0.924,0.889,0.889,0.875,0.934,0.934,0.896,0.901
0.873,0.874,1.0,0.855,0.877,0.874,0.865,0.868,0.864,0.852,0.852,0.877,0.868,0.861,0.862,0.87,0.88,0.874,0.873,0.871,0.882,0.869,0.877,0.861,0.864,0.858,0.875,0.861,0.868,0.882,0.874,0.885,0.016,0.877,0.841,0.867,0.869,0.878,0.874,0.88,0.872,0.875,0.879,0.872,0.869,0.88,0.883,0.885,0.864,0.883
0.9,0.893,0.855,1.0,0.881,0.885,0.877,0.922,0.893,0.931,0.872,0.932,0.894,0.944,0.941,0.872,0.881,0.883,0.874,0.876,0.872,0.878,0.885,0.891,0.89,0.886,0.883,0.938,0.887,0.885,0.916,0.882,0.017,0.868,0.869,0.904,0.875,0.882,0.911,0.888,0.919,0.882,0.881,0.933,0.933,0.87,0.885,0.886,0.923,0.893
0.895,0.926,0.877,0.881,1.0,0.923,0.906,0.892,0.888,0.873,0.919,0.889,0.928,0.886,0.879,0.904,0.924,0.929,0.923,0.91,0.927,0.926,0.932,0.916,0.92,0.911,0.938,0.883,0.888,0.906,0.879,0.935,0.016,0.922,0.897,0.889,0.908,0.937,0.885,0.938,0.873,0.926,0.941,0.892,0.895,0.876,0.93,0.931,0.886,0.897
0.894,0.937,0.874,0.885,0.923,1.0,0.914,0.886,0.895,0.878,0.894,0.878,0.916,0.887,0.874,0.913,0.914,0.923,0.915,0.913,0.912,0.924,0.924,0.934,0.94,0.916,0.917,0.883,0.886,0.896,0.869,0.91,0.017,0.913,0.917,0.883,0.914,0.917,0.882,0.924,0.866,0.924,0.916,0.883,0.883,0.872,0.916,0.917,0.895,0.904
0.896,0.909,0.865,0.877,0.906,0.914,1.0,0.874,0.895,0.872,0.891,0.877,0.918,0.874,0.868,0.984,0.898,0.908,0.905,0.989,0.913,0.917,0.922,0.91,0.913,0.893,0.906,0.869,0.882,0.896,0.864,0.903,0.017,0.9,0.888,0.876,0.992,0.906,0.882,0.914,0.861,0.91,0.908,0.872,0.871,0.876,0.896,0.898,0.883,0.899
0.883,0.888,0.868,0.922,0.892,0.886,0.874,1.0,0.88,0.916,0.866,0.923,0.883,0.927,0.921,0.874,0.893,0.891,0.876,0.88,0.883,0.878,0.889,0.877,0.878,0.874,0.889,0.966,0.879,0.895,0.926,0.883,0.014,0.879,0.856,0.913,0.877,0.889,0.92,0.89,0.919,0.892,0.885,0.965,0.963,0.879,0.891,0.891,0.908,0.883
0.918,0.894,0.864,0.893,0.888,0.895,0.895,0.88,1.0,0.888,0.876,0.881,0.896,0.887,0.877,0.891,0.885,0.887,0.878,0.894,0.873,0.884,0.886,0.885,0.894,0.881,0.891,0.886,0.902,0.907,0.879,0.882,0.017,0.875,0.877,0.877,0.895,0.883,0.88,0.896,0.871,0.886,0.894,0.883,0.888,0.878,0.887,0.888,0.889,0.907
0.891,0.888,0.852,0.931,0.873,0.878,0.872,0.916,0.888,1.0,0.874,0.915,0.893,0.924,0.918,0.869,0.87,0.877,0.864,0.868,0.868,0.873,0.874,0.888,0.888,0.882,0.875,0.926,0.89,0.885,0.919,0.87,0.017,0.866,0.867,0.901,0.87,0.88,0.908,0.883,0.913,0.876,0.879,0.917,0.925,0.862,0.873,0.873,0.91,0.88
0.885,0.901,0.852,0.872,0.919,0.894,0.891,0.866,0.876,0.874,1.0,0.859,0.93,0.868,0.861,0.885,0.892,0.907,0.9,0.885,0.899,0.91,0.91,0.926,0.912,0.916,0.917,0.864,0.89,0.874,0.856,0.9,0.018,0.898,0.919,0.862,0.886,0.911,0.865,0.926,0.849,0.9,0.916,0.867,0.866,0.845,0.892,0.893,0.875,0.88
0.891,0.894,0.877,0.932,0.889,0.878,0.877,0.923,0.881,0.915,0.859,1.0,0.885,0.933,0.952,0.882,0.887,0.879,0.878,0.886,0.885,0.877,0.888,0.876,0.881,0.865,0.891,0.929,0.881,0.902,0.925,0.9,0.018,0.885,0.854,0.91,0.882,0.888,0.937,0.89,0.928,0.887,0.886,0.934,0.937,0.888,0.888,0.889,0.914,0.885
0.906,0.918,0.868,0.894,0.928,0.916,0.918,0.883,0.896,0.893,0.93,0.885,1.0,0.886,0.877,0.913,0.907,0.926,0.925,0.912,0.926,0.937,0.938,0.93,0.926,0.913,0.942,0.883,0.894,0.891,0.87,0.927,0.016,0.918,0.904,0.876,0.914,0.928,0.88,0.952,0.868,0.915,0.933,0.885,0.882,0.862,0.91,0.911,0.891,0.895
0.884,0.89,0.861,0.944,0.886,0.887,0.874,0.927,0.887,0.924,0.868,0.933,0.886,1.0,0.944,0.866,0.878,0.878,0.874,0.873,0.874,0.878,0.882,0.881,0.88,0.875,0.887,0.94,0.885,0.884,0.918,0.881,0.018,0.869,0.86,0.911,0.871,0.884,0.915,0.895,0.918,0.885,0.885,0.933,0.932,0.867,0.879,0.88,0.926,0.888
0.884,0.887,0.862,0.941,0.879,0.874,0.868,0.921,0.877,0.918,0.861,0.952,0.877,0.944,1.0,0.868,0.882,0.877,0.868,0.872,0.873,0.875,0.88,0.871,0.876,0.867,0.882,0.939,0.874,0.884,0.93,0.881,0.019,0.872,0.855,0.911,0.871,0.88,0.924,0.886,0.928,0.878,0.878,0.937,0.935,0.876,0.882,0.883,0.921,0.891
0.892,0.906,0.87,0.872,0.904,0.913,0.984,0.874,0.891,0.869,0.885,0.882,0.913,0.866,0.868,1.0,0.9,0.909,0.908,0.983,0.911,0.915,0.918,0.901,0.907,0.888,0.907,0.868,0.878,0.895,0.861,0.901,0.017,0.895,0.883,0.874,0.987,0.903,0.887,0.911,0.861,0.913,0.907,0.871,0.87,0.876,0.894,0.896,0.877,0.895
0.898,0.922,0.88,0.881,0.924,0.914,0.898,0.893,0.885,0.87,0.892,0.887,0.907,0.878,0.882,0.9,1.0,0.909,0.906,0.905,0.906,0.904,0.913,0.915,0.92,0.915,0.919,0.885,0.883,0.892,0.879,0.93,0.015,0.908,0.887,0.892,0.901,0.92,0.89,0.912,0.88,0.921,0.914,0.896,0.897,0.878,0.926,0.928,0.879,0.891
0.897,0.917,0.874,0.883,0.929,0.923,0.908,0.891,0.887,0.877,0.907,0.879,0.926,0.878,0.877,0.909,0.909,1.0,0.939,0.912,0.925,0.945,0.947,0.913,0.911,0.902,0.934,0.886,0.886,0.903,0.875,0.923,0.018,0.921,0.891,0.89,0.912,0.926,0.885,0.937,0.875,0.914,0.927,0.892,0.891,0.868,0.916,0.917,0.888,0.9
0.884,0.912,0.873,0.874,0.923,0.915,0.905,0.876,0.878,0.864,0.9,0.878,0.925,0.874,0.868,0.908,0.906,0.939,1.0,0.912,0.937,0.938,0.939,0.906,0.903,0.894,0.932,0.87,0.871,0.895,0.874,0.924,0.017,0.919,0.889,0.881,0.912,0.923,0.882,0.931,0.873,0.911,0.923,0.88,0.881,0.868,0.914,0.916,0.874,0.89
0.894,0.909,0.871,0.876,0.91,0.913,0.989,0.88,0.894,0.868,0.885,0.886,0.912,0.873,0.872,0.983,0.905,0.912,0.912,1.0,0.919,0.917,0.928,0.906,0.906,0.888,0.912,0.871,0.879,0.903,0.872,0.908,0.016,0.905,0.883,0.882,0.995,0.912,0.891,0.914,0.869,0.914,0.913,0.88,0.879,0.881,0.903,0.905,0.88,0.895
0.881,0.91,0.882,0.872,0.927,0.912,0.913,0.883,0.873,0.868,0.899,0.885,0.926,0.874,0.873,0.911,0.906,0.925,0.937,0.919,1.0,0.929,0.937,0.909,0.906,0.904,0.94,0.874,0.875,0.891,0.88,0.934,0.015,0.931,0.885,0.884,0.918,0.933,0.886,0.934,0.88,0.919,0.933,0.886,0.884,0.885,0.909,0.911,0.877,0.894
0.894,0.918,0.869,0.878,0.926,0.924,0.917,0.878,0.884,0.873,0.91,0.877,0.937,0.878,0.875,0.915,0.904,0.945,0.938,0.917,0.929,1.0,0.974,0.912,0.913,0.902,0.935,0.876,0.88,0.896,0.871,0.929,0.017,0.947,0.894,0.879,0.92,0.926,0.88,0.944,0.869,0.906,0.93,0.877,0.878,0.871,0.912,0.914,0.887,0.894
0.897,0.922,0.877,0.885,0.932,0.924,0.922,0.889,0.886,0.874,0.91,0.888,0.938,0.882,0.88,0.918,0.913,0.947,0.939,0.928,0.937,0.974,1.0,0.914,0.914,0.903,0.947,0.878,0.879,0.905,0.878,0.938,0.015,0.949,0.893,0.892,0.926,0.931,0.887,0.943,0.879,0.914,0.933,0.887,0.887,0.877,0.918,0.92,0.886,0.893
0.901,0.937,0.861,0.891,0.916,0.934,0.91,0.877,0.885,0.888,0.926,0.876,0.93,0.881,0.871,0.901,0.915,0.913,0.906,0.906,0.909,0.912,0.914,1.0,0.952,0.938,0.916,0.878,0.898,0.885,0.859,0.912,0.019,0.899,0.937,0.874,0.906,0.912,0.874,0.92,0.861,0.917,0.914,0.88,0.879,0.858,0.916,0.917,0.886,0.892
0.911,0.942,0.864,0.89,0.92,0.94,0.913,0.878,0.894,0.888,0.912,0.881,0.926,0.88,0.876,0.907,0.92,0.911,0.903,0.906,0.906,0.913,0.914,0.952,1.0,0.938,0.919,0.882,0.898,0.89,0.866,0.913,0.018,0.898,0.932,0.876,0.908,0.913,0.876,0.92,0.866,0.921,0.91,0.882,0.884,0.87,0.915,0.916,0.894,0.898
0.893,0.923,0.858,0.886,0.911,0.916,0.893,0.874,0.881,0.882,0.916,0.865,0.913,0.875,0.867,0.888,0.915,0.902,0.894,0.888,0.904,0.902,0.903,0.938,0.938,1.0,0.9,0.875,0.888,0.878,0.86,0.904,0.016,0.885,0.922,0.872,0.89,0.907,0.862,0.914,0.856,0.912,0.902,0.875,0.875,0.858,0.911,0.913,0.88,0.89
0.894,0.919,0.875,0.883,0.938,0.917,0.906,0.889,0.891,0.875,0.917,0.891,0.942,0.887,0.882,0.907,0.919,0.934,0.932,0.912,0.94,0.935,0.947,0.916,0.919,0.9,1.0,0.88,0.884,0.901,0.874,0.937,0.016,0.923,0.895,0.887,0.909,0.957,0.888,0.945,0.877,0.927,0.957,0.893,0.893,0.874,0.913,0.915,0.882,0.891
0.89,0.886,0.861,0.938,0.883,0.883,0.869,0.966,0.886,0.926,0.864,0.929,0.883,0.94,0.939,0.868,0.885,0.886,0.87,0.871,0.874,0.876,0.878,0.878,0.882,0.875,0.88,1.0,0.882,0.889,0.929,0.878,0.015,0.872,0.858,0.908,0.871,0.879,0.918,0.891,0.928,0.883,0.88,0.983,0.978,0.868,0.882,0.882,0.921,0.891
0.902,0.889,0.868,0.887,0.888,0.886,0.882,0.879,0.902,0.89,0.89,0.881,0.894,0.885,0.874,0.878,0.883,0.886,0.871,0.879,0.875,0.88,0.879,0.898,0.898,0.888,0.884,0.882,1.0,0.88,0.868,0.885,0.019,0.877,0.879,0.883,0.88,0.881,0.882,0.893,0.866,0.878,0.886,0.878,0.882,0.878,0.879,0.881,0.891,0.939
0.914,0.903,0.882,0.885,0.906,0.896,0.896,0.895,0.907,0.885,0.874,0.902,0.891,0.884,0.884,0.895,0.892,0.903,0.895,0.903,0.891,0.896,0.905,0.885,0.89,0.878,0.901,0.889,0.88,1.0,0.885,0.892,0.016,0.893,0.872,0.889,0.902,0.892,0.895,0.903,0.877,0.893,0.903,0.897,0.896,0.894,0.902,0.904,0.887,0.895
0.874,0.875,0.874,0.916,0.879,0.869,0.864,0.926,0.879,0.919,0.856,0.925,0.87,0.918,0.93,0.861,0.879,0.875,0.874,0.872,0.88,0.871,0.878,0.859,0.866,0.86,0.874,0.929,0.868,0.885,1.0,0.88,0.015,0.874,0.843,0.904,0.869,0.874,0.925,0.88,0.96,0.876,0.875,0.934,0.936,0.886,0.883,0.883,0.909,0.882
0.897,0.923,0.885,0.882,0.935,0.91,0.903,0.883,0.882,0.87,0.9,0.9,0.927,0.881,0.881,0.901,0.93,0.923,0.924,0.908,0.934,0.929,0.938,0.912,0.913,0.904,0.937,0.878,0.885,0.892,0.88,1.0,0.017,0.932,0.886,0.894,0.905,0.938,0.892,0.931,0.882,0.918,0.935,0.893,0.891,0.879,0.921,0.923,0.889,0.892
0.015,0.018,0.016,0.017,0.016,0.017,0.017,0.014,0.017,0.017,0.018,0.018,0.016,0.018,0.019,0.017,0.015,0.018,0.017,0.016,0.015,0.017,0.015,0.019,0.018,0.016,0.016,0.015,0.019,0.016,0.015,0.017,1.0,0.017,0.019,0.017,0.017,0.017,0.016,0.017,0.017,0.016,0.016,0.014,0.014,0.016,0.016,0.016,0.017,0.015
0.887,0.907,0.877,0.868,0.922,0.913,0.9,0.879,0.875,0.866,0.898,0.885,0.918,0.869,0.872,0.895,0.908,0.921,0.919,0.905,0.931,0.947,0.949,0.899,0.898,0.885,0.923,0.872,0.877,0.893,0.874,0.932,0.017,1.0,0.877,0.889,0.903,0.923,0.892,0.926,0.88,0.905,0.923,0.883,0.882,0.888,0.912,0.913,0.877,0.887
0.88,0.914,0.841,0.869,0.897,0.917,0.888,0.856,0.877,0.867,0.919,0.854,0.904,0.86,0.855,0.883,0.887,0.891,0.889,0.883,0.885,0.894,0.893,0.937,0.932,0.922,0.895,0.858,0.879,0.872,0.843,0.886,0.019,0.877,1.0,0.857,0.885,0.892,0.856,0.904,0.839,0.895,0.898,0.854,0.858,0.843,0.896,0.896,0.872,0.876
0.885,0.887,0.867,0.904,0.889,0.883,0.876,0.913,0.877,0.901,0.862,0.91,0.876,0.911,0.911,0.874,0.892,0.89,0.881,0.882,0.884,0.879,0.892,0.874,0.876,0.872,0.887,0.908,0.883,0.889,0.904,0.894,0.017,0.889,0.857,1.0,0.879,0.885,0.924,0.886,0.9,0.892,0.885,0.911,0.913,0.88,0.882,0.883,0.903,0.895
0.895,0.91,0.869,0.875,0.908,0.914,0.992,0.877,0.895,0.87,0.886,0.882,0.914,0.871,0.871,0.987,0.901,0.912,0.912,0.995,0.918,0.92,0.926,0.906,0.908,0.89,0.909,0.871,0.88,0.902,0.869,0.905,0.017,0.903,0.885,0.879,1.0,0.909,0.887,0.915,0.865,0.913,0.911,0.875,0.874,0.881,0.9,0.902,0.881,0.897
0.891,0.923,0.878,0.882,0.937,0.917,0.906,0.889,0.883,0.88,0.911,0.888,0.928,0.884,0.88,0.903,0.92,0.926,0.923,0.912,0.933,0.926,0.931,0.912,0.913,0.907,0.957,0.879,0.881,0.892,0.874,0.938,0.017,0.923,0.892,0.885,0.909,1.0,0.888,0.937,0.875,0.921,0.954,0.89,0.892,0.869,0.923,0.924,0.881,0.884
0.885,0.883,0.874,0.911,0.885,0.882,0.882,0.92,0.88,0.908,0.865,0.937,0.88,0.915,0.924,0.887,0.89,0.885,0.882,0.891,0.886,0.88,0.887,0.874,0.876,0.862,0.888,0.918,0.882,0.895,0.925,0.892,0.016,0.892,0.856,0.924,0.887,0.888,1.0,0.885,0.919,0.888,0.889,0.924,0.924,0.884,0.889,0.89,0.908,0.888
0.907,0.928,0.88,0.888,0.938,0.924,0.914,0.89,0.896,0.883,0.926,0.89,0.952,0.895,0.886,0.911,0.912,0.937,0.931,0.914,0.934,0.944,0.943,0.92,0.92,0.914,0.945,0.891,0.893,0.903,0.88,0.931,0.017,0.926,0.904,0.886,0.915,0.937,0.885,1.0,0.876,0.926,0.951,0.893,0.893,0.871,0.927,0.928,0.894,0.906
0.877,0.877,0.872,0.919,0.873,0.866,0.861,0.919,0.871,0.913,0.849,0.928,0.868,0.918,0.928,0.861,0.88,0.875,0.873,0.869,0.88,0.869,0.879,0.861,0.866,0.856,0.877,0.928,0.866,0.877,0.96,0.882,0.017,0.88,0.839,0.9,0.865,0.875,0.919,0.876,1.0,0.875,0.874,0.933,0.932,0.884,0.876,0.877,0.903,0.876
0.893,0.924,0.875,0.882,0.926,0.924,0.91,0.892,0.886,0.876,0.9,0.887,0.915,0.885,0.878,0.913,0.921,0.914,0.911,0.914,0.919,0.906,0.914,0.917,0.921,0.912,0.927,0.883,0.878,0.893,0.876,0.918,0.016,0.905,0.895,0.892,0.913,0.921,0.888,0.926,0.875,1.0,0.937,0.892,0.891,0.874,0.93,0.93,0.883,0.89
0.902,0.924,0.879,0.881,0.941,0.916,0.908,0.885,0.894,0.879,0.916,0.886,0.933,0.885,0.878,0.907,0.914,0.927,0.923,0.913,0.933,0.93,0.933,0.914,0.91,0.902,0.957,0.88,0.886,0.903,0.875,0.935,0.016,0.923,0.898,0.885,0.911,0.954,0.889,0.951,0.874,0.937,1.0,0.885,0.887,0.871,0.925,0.925,0.884,0.894
0.889,0.889,0.872,0.933,0.892,0.883,0.872,0.965,0.883,0.917,0.867,0.934,0.885,0.933,0.937,0.871,0.896,0.892,0.88,0.88,0.886,0.877,0.887,0.88,0.882,0.875,0.893,0.983,0.878,0.897,0.934,0.893,0.014,0.883,0.854,0.911,0.875,0.89,0.924,0.893,0.933,0.892,0.885,1.0,0.985,0.877,0.89,0.891,0.917,0.887
0.892,0.889,0.869,0.933,0.895,0.883,0.871,0.963,0.888,0.925,0.866,0.937,0.882,0.932,0.935,0.87,0.897,0.891,0.881,0.879,0.884,0.878,0.887,0.879,0.884,0.875,0.893,0.978,0.882,0.896,0.936,0.891,0.014,0.882,0.858,0.913,0.874,0.892,0.924,0.893,0.932,0.891,0.887,0.985,1.0,0.878,0.893,0.894,0.916,0.89
0.873,0.875,0.88,0.87,0.876,0.872,0.876,0.879,0.878,0.862,0.845,0.888,0.862,0.867,0.876,0.876,0.878,0.868,0.868,0.881,0.885,0.871,0.877,0.858,0.87,0.858,0.874,0.868,0.878,0.894,0.886,0.879,0.016,0.888,0.843,0.88,0.881,0.869,0.884,0.871,0.884,0.874,0.871,0.877,0.878,1.0,0.886,0.886,0.874,0.905
0.895,0.934,0.883,0.885,0.93,0.916,0.896,0.891,0.887,0.873,0.892,0.888,0.91,0.879,0.882,0.894,0.926,0.916,0.914,0.903,0.909,0.912,0.918,0.916,0.915,0.911,0.913,0.882,0.879,0.902,0.883,0.921,0.016,0.912,0.896,0.882,0.9,0.923,0.889,0.927,0.876,0.93,0.925,0.89,0.893,0.886,1.0,0.998,0.88,0.896
0.896,0.934,0.885,0.886,0.931,0.917,0.898,0.891,0.888,0.873,0.893,0.889,0.911,0.88,0.883,0.896,0.928,0.917,0.916,0.905,0.911,0.914,0.92,0.917,0.916,0.913,0.915,0.882,0.881,0.904,0.883,0.923,0.016,0.913,0.896,0.883,0.902,0.924,0.89,0.928,0.877,0.93,0.925,0.891,0.894,0.886,0.998,1.0,0.881,0.897
0.898,0.896,0.864,0.923,0.886,0.895,0.883,0.908,0.889,0.91,0.875,0.914,0.891,0.926,0.921,0.877,0.879,0.888,0.874,0.88,0.877,0.887,0.886,0.886,0.894,0.88,0.882,0.921,0.891,0.887,0.909,0.889,0.017,0.877,0.872,0.903,0.881,0.881,0.908,0.894,0.903,0.883,0.884,0.917,0.916,0.874,0.88,0.881,1.0,0.899
0.912,0.901,0.883,0.893,0.897,0.904,0.899,0.883,0.907,0.88,0.88,0.885,0.895,0.888,0.891,0.895,0.891,0.9,0.89,0.895,0.894,0.894,0.893,0.892,0.898,0.89,0.891,0.891,0.939,0.895,0.882,0.892,0.015,0.887,0.876,0.895,0.897,0.884,0.888,0.906,0.876,0.89,0.894,0.887,0.89,0.905,0.896,0.897,0.899,1.0
