GCF_000163235.1_ASM16323v1_genomic.fna,GCF_000164555.1_ASM16455v1_genomic.fna,GCF_000208545.1_ASM20854v2_genomic.fna,GCF_000233875.1_ASM23387v1_genomic.fna,GCF_000249735.1_ASM24973v2_genomic.fna,GCF_000261145.1_Esch_coli_M919_V2_genomic.fna,GCF_000267705.2_ASM26770v2_genomic.fna,GCF_000350665.1_Esch_coli_KTE5_V1_genomic.fna,GCF_000351625.1_Esch_coli_KTE66_V1_genomic.fna,GCF_000352285.1_Esch_coli_KTE46_V1_genomic.fna,GCF_000358895.1_ASM35889v1_genomic.fna,GCF_000456385.1_Esch_coli_HVH_26_4-5703913_V1_genomic.fna,GCF_000458195.1_Esch_coli_HVH_147_4-5893887_V1_genomic.fna,GCF_000459755.1_Esch_coli_KOEGE_58_171a_V1_genomic.fna,GCF_000460055.1_Esch_coli_UMEA_3053-1_V1_genomic.fna,GCF_000462165.2_ASM46216v2_genomic.fna,GCF_000601135.1_ASM60113v1_genomic.fna,GCF_000614595.1_Ec2010EL1058_genomic.fna,GCF_000617745.1_Ec2010C-4529_genomic.fna,GCF_000618265.2_EcF6751_genomic.fna,GCF_000619005.2_Ec2009C-4052_genomic.fna,GCF_000619105.1_Ec2009C-4780_genomic.fna,GCF_000619765.2_Ec2009C-3279_genomic.fna,GCF_000687005.1_ASM68700v1_genomic.fna,GCF_000687025.1_ASM68702v1_genomic.fna,GCF_000700125.1_ASM70012v1_genomic.fna,GCF_000753315.1_FHI35_genomic.fna,GCF_000776375.1_ASM77637v1_genomic.fna,GCF_000779395.1_ASM77939v1_genomic.fna,GCF_000780315.1_ASM78031v1_genomic.fna,GCF_000781995.1_ASM78199v1_genomic.fna,GCF_000986765.1_ASM98676v1_genomic.fna,GCF_001041375.1_ViralProj287958_genomic.fna,GCF_001265335.1_302014_genomic.fna,GCF_001265625.1_100854_genomic.fna,GCF_001267345.1_303289_genomic.fna,GCF_001309985.1_ASM130998v1_genomic.fna,GCF_001521695.1_ASM152169v1_genomic.fna,GCF_001592595.1_ASM159259v1_genomic.fna,GCF_001614975.1_ASM161497v1_genomic.fna,GCF_001692775.1_ASM169277v1_genomic.fna,GCF_001748915.1_ASM174891v1_genomic.fna,GCF_001749235.1_ASM174923v1_genomic.fna,GCF_001881155.1_ASM188115v1_genomic.fna,GCF_001881345.1_ASM188134v1_genomic.fna,GCF_001892405.1_ASM189240v1_genomic.fna,GCF_001892585.1_ASM189258v1_genomic.fna,GCF_001893985.1_ASM189398v1_genomic.fna,GCF_002001595.1_ASM200159v1_genomic.fna,GCF_002002145.1_ASM200214v1_genomic.fna
1.0,0.905,0.888,0.893,0.91,0.912,0.892,0.895,0.92,0.886,0.897,0.89,0.901,0.892,0.892,0.901,0.899,0.892,0.902,0.889,0.892,0.912,0.911,0.909,0.906,0.897,0.908,0.891,0.903,0.923,0.877,0.903,0.018,0.909,0.897,0.896,0.891,0.904,0.891,0.913,0.891,0.909,0.911,0.888,0.893,0.87,0.9,0.9,0.89,0.898
0.905,1.0,0.875,0.88,0.911,0.935,0.894,0.887,0.899,0.876,0.893,0.88,0.904,0.881,0.878,0.899,0.923,0.91,0.917,0.892,0.904,0.909,0.909,0.937,0.947,0.922,0.906,0.881,0.902,0.901,0.894,0.915,0.016,0.909,0.911,0.89,0.892,0.91,0.89,0.917,0.898,0.926,0.912,0.891,0.894,0.874,0.928,0.928,0.879,0.899
0.888,0.875,1.0,0.866,0.867,0.868,0.881,0.876,0.894,0.857,0.855,0.861,0.875,0.873,0.87,0.884,0.884,0.887,0.888,0.877,0.878,0.877,0.876,0.866,0.874,0.866,0.878,0.867,0.893,0.888,0.877,0.886,0.017,0.873,0.852,0.874,0.879,0.869,0.874,0.892,0.887,0.892,0.877,0.876,0.877,0.866,0.883,0.884,0.871,0.897
0.893,0.88,0.866,1.0,0.884,0.898,0.87,0.934,0.88,0.936,0.88,0.94,0.896,0.952,0.947,0.878,0.88,0.883,0.889,0.868,0.866,0.885,0.89,0.894,0.885,0.882,0.89,0.944,0.885,0.89,0.916,0.883,0.018,0.893,0.875,0.919,0.87,0.886,0.923,0.884,0.933,0.88,0.892,0.933,0.936,0.861,0.877,0.877,0.937,0.883
0.91,0.911,0.867,0.884,1.0,0.913,0.884,0.892,0.896,0.876,0.925,0.881,0.927,0.881,0.885,0.892,0.907,0.911,0.923,0.879,0.9,0.925,0.927,0.914,0.906,0.908,0.925,0.889,0.894,0.906,0.876,0.921,0.015,0.919,0.892,0.886,0.881,0.935,0.887,0.928,0.881,0.915,0.923,0.886,0.891,0.856,0.917,0.917,0.882,0.883
0.912,0.935,0.868,0.898,0.913,1.0,0.896,0.894,0.901,0.883,0.905,0.887,0.918,0.896,0.89,0.904,0.922,0.904,0.906,0.895,0.898,0.912,0.913,0.941,0.935,0.927,0.908,0.895,0.891,0.903,0.885,0.908,0.019,0.918,0.928,0.898,0.895,0.918,0.889,0.915,0.893,0.918,0.912,0.889,0.887,0.863,0.906,0.906,0.889,0.891
0.892,0.894,0.881,0.87,0.884,0.896,1.0,0.878,0.899,0.863,0.867,0.863,0.876,0.877,0.882,0.981,0.89,0.905,0.898,0.994,0.912,0.89,0.9,0.883,0.893,0.881,0.884,0.879,0.901,0.897,0.9,0.902,0.017,0.887,0.863,0.892,0.994,0.882,0.891,0.895,0.885,0.897,0.88,0.884,0.887,0.885,0.901,0.9,0.875,0.901
0.895,0.887,0.876,0.934,0.892,0.894,0.878,1.0,0.886,0.922,0.866,0.928,0.879,0.937,0.93,0.886,0.885,0.884,0.891,0.876,0.867,0.885,0.887,0.884,0.891,0.881,0.884,0.977,0.892,0.895,0.918,0.887,0.018,0.886,0.868,0.921,0.877,0.893,0.922,0.894,0.936,0.889,0.889,0.973,0.972,0.868,0.885,0.885,0.917,0.882
0.92,0.899,0.894,0.88,0.896,0.901,0.899,0.886,1.0,0.871,0.88,0.873,0.9,0.888,0.882,0.905,0.893,0.895,0.908,0.895,0.887,0.897,0.901,0.891,0.899,0.884,0.899,0.883,0.907,0.92,0.889,0.904,0.016,0.902,0.875,0.892,0.894,0.897,0.891,0.91,0.898,0.908,0.9,0.889,0.89,0.878,0.889,0.889,0.882,0.905
0.886,0.876,0.857,0.936,0.876,0.883,0.863,0.922,0.871,1.0,0.881,0.933,0.875,0.933,0.92,0.87,0.865,0.862,0.87,0.86,0.852,0.866,0.868,0.885,0.874,0.869,0.876,0.925,0.873,0.88,0.908,0.866,0.018,0.874,0.879,0.902,0.861,0.87,0.912,0.868,0.919,0.866,0.879,0.914,0.918,0.847,0.866,0.866,0.924,0.871
0.897,0.893,0.855,0.88,0.925,0.905,0.867,0.866,0.88,0.881,1.0,0.873,0.924,0.877,0.867,0.876,0.886,0.896,0.908,0.863,0.898,0.915,0.915,0.921,0.891,0.903,0.912,0.871,0.866,0.881,0.851,0.904,0.016,0.919,0.906,0.873,0.865,0.912,0.867,0.918,0.862,0.902,0.922,0.862,0.865,0.84,0.891,0.891,0.873,0.872
0.89,0.88,0.861,0.94,0.881,0.887,0.863,0.928,0.873,0.933,0.873,1.0,0.883,0.936,0.947,0.865,0.875,0.87,0.879,0.861,0.863,0.874,0.88,0.887,0.877,0.877,0.879,0.932,0.883,0.878,0.902,0.881,0.018,0.883,0.876,0.906,0.862,0.884,0.922,0.877,0.924,0.873,0.889,0.926,0.928,0.848,0.87,0.87,0.918,0.873
0.901,0.904,0.875,0.896,0.927,0.918,0.876,0.879,0.9,0.875,0.924,0.883,1.0,0.888,0.886,0.883,0.904,0.921,0.928,0.873,0.918,0.937,0.942,0.926,0.907,0.911,0.943,0.883,0.885,0.901,0.87,0.924,0.018,0.944,0.9,0.893,0.874,0.934,0.885,0.933,0.883,0.922,0.944,0.875,0.878,0.86,0.903,0.903,0.881,0.878
0.892,0.881,0.873,0.952,0.881,0.896,0.877,0.937,0.888,0.933,0.877,0.936,0.888,1.0,0.939,0.882,0.877,0.876,0.887,0.875,0.864,0.882,0.883,0.885,0.887,0.879,0.891,0.951,0.894,0.888,0.917,0.885,0.016,0.888,0.868,0.921,0.876,0.888,0.92,0.882,0.933,0.875,0.892,0.941,0.939,0.86,0.872,0.872,0.935,0.888
0.892,0.878,0.87,0.947,0.885,0.89,0.882,0.93,0.882,0.92,0.867,0.947,0.886,0.939,1.0,0.885,0.879,0.879,0.889,0.88,0.87,0.885,0.893,0.877,0.88,0.871,0.886,0.935,0.887,0.885,0.918,0.888,0.017,0.887,0.863,0.914,0.882,0.884,0.925,0.879,0.934,0.877,0.883,0.928,0.932,0.861,0.877,0.877,0.926,0.881
0.901,0.899,0.884,0.878,0.892,0.904,0.981,0.886,0.905,0.87,0.876,0.865,0.883,0.882,0.885,1.0,0.9,0.901,0.903,0.977,0.901,0.896,0.901,0.894,0.899,0.89,0.891,0.885,0.901,0.906,0.893,0.907,0.017,0.891,0.87,0.896,0.979,0.891,0.892,0.902,0.891,0.91,0.888,0.891,0.89,0.877,0.903,0.903,0.879,0.9
0.899,0.923,0.884,0.88,0.907,0.922,0.89,0.885,0.893,0.865,0.886,0.875,0.904,0.877,0.879,0.9,1.0,0.901,0.915,0.887,0.902,0.909,0.911,0.924,0.93,0.923,0.9,0.876,0.884,0.898,0.873,0.92,0.019,0.905,0.899,0.89,0.889,0.899,0.884,0.908,0.886,0.923,0.901,0.886,0.884,0.862,0.912,0.912,0.874,0.882
0.892,0.91,0.887,0.883,0.911,0.904,0.905,0.884,0.895,0.862,0.896,0.87,0.921,0.876,0.879,0.901,0.901,1.0,0.944,0.902,0.937,0.935,0.939,0.901,0.904,0.896,0.915,0.874,0.9,0.898,0.886,0.923,0.016,0.925,0.881,0.901,0.903,0.908,0.889,0.922,0.888,0.921,0.91,0.882,0.887,0.873,0.915,0.914,0.866,0.895
0.902,0.917,0.888,0.889,0.923,0.906,0.898,0.891,0.908,0.87,0.908,0.879,0.928,0.887,0.889,0.903,0.915,0.944,1.0,0.896,0.928,0.941,0.941,0.908,0.91,0.904,0.925,0.882,0.897,0.907,0.885,0.934,0.015,0.927,0.886,0.895,0.899,0.92,0.899,0.93,0.892,0.923,0.919,0.893,0.892,0.871,0.915,0.915,0.88,0.897
0.889,0.892,0.877,0.868,0.879,0.895,0.994,0.876,0.895,0.86,0.863,0.861,0.873,0.875,0.88,0.977,0.887,0.902,0.896,1.0,0.91,0.886,0.898,0.881,0.891,0.879,0.881,0.877,0.897,0.893,0.896,0.9,0.017,0.884,0.861,0.887,0.997,0.879,0.889,0.89,0.883,0.896,0.877,0.882,0.885,0.885,0.899,0.898,0.872,0.896
0.892,0.904,0.878,0.866,0.9,0.898,0.912,0.867,0.887,0.852,0.898,0.863,0.918,0.864,0.87,0.901,0.902,0.937,0.928,0.91,1.0,0.922,0.933,0.899,0.898,0.893,0.911,0.861,0.888,0.884,0.884,0.929,0.017,0.923,0.875,0.885,0.911,0.901,0.88,0.913,0.874,0.916,0.909,0.871,0.875,0.872,0.909,0.908,0.86,0.892
0.912,0.909,0.877,0.885,0.925,0.912,0.89,0.885,0.897,0.866,0.915,0.874,0.937,0.882,0.885,0.896,0.909,0.935,0.941,0.886,0.922,1.0,0.976,0.913,0.909,0.906,0.933,0.88,0.884,0.897,0.87,0.93,0.018,0.959,0.895,0.89,0.888,0.925,0.881,0.932,0.88,0.92,0.925,0.88,0.878,0.864,0.904,0.904,0.879,0.887
0.911,0.909,0.876,0.89,0.927,0.913,0.9,0.887,0.901,0.868,0.915,0.88,0.942,0.883,0.893,0.901,0.911,0.939,0.941,0.898,0.933,0.976,1.0,0.913,0.919,0.908,0.935,0.882,0.892,0.901,0.878,0.934,0.018,0.961,0.896,0.898,0.898,0.927,0.887,0.932,0.888,0.92,0.931,0.884,0.887,0.869,0.908,0.908,0.881,0.889
0.909,0.937,0.866,0.894,0.914,0.941,0.883,0.884,0.891,0.885,0.921,0.887,0.926,0.885,0.877,0.894,0.924,0.901,0.908,0.881,0.899,0.913,0.913,1.0,0.934,0.935,0.919,0.885,0.88,0.899,0.873,0.907,0.018,0.921,0.939,0.885,0.882,0.912,0.877,0.91,0.878,0.921,0.928,0.876,0.879,0.856,0.91,0.91,0.883,0.88
0.906,0.947,0.874,0.885,0.906,0.935,0.893,0.891,0.899,0.874,0.891,0.877,0.907,0.887,0.88,0.899,0.93,0.904,0.91,0.891,0.898,0.909,0.919,0.934,1.0,0.932,0.911,0.887,0.889,0.898,0.887,0.92,0.018,0.914,0.922,0.895,0.893,0.916,0.889,0.909,0.894,0.923,0.916,0.889,0.891,0.867,0.911,0.911,0.885,0.892
0.897,0.922,0.866,0.882,0.908,0.927,0.881,0.881,0.884,0.869,0.903,0.877,0.911,0.879,0.871,0.89,0.923,0.896,0.904,0.879,0.893,0.906,0.908,0.935,0.932,1.0,0.907,0.88,0.871,0.891,0.867,0.909,0.018,0.916,0.915,0.883,0.88,0.913,0.874,0.907,0.872,0.92,0.919,0.879,0.875,0.85,0.906,0.906,0.877,0.87
0.908,0.906,0.878,0.89,0.925,0.908,0.884,0.884,0.899,0.876,0.912,0.879,0.943,0.891,0.886,0.891,0.9,0.915,0.925,0.881,0.911,0.933,0.935,0.919,0.911,0.907,1.0,0.884,0.89,0.897,0.878,0.925,0.017,0.934,0.894,0.889,0.883,0.942,0.875,0.93,0.887,0.913,0.946,0.884,0.884,0.857,0.896,0.896,0.882,0.886
0.891,0.881,0.867,0.944,0.889,0.895,0.879,0.977,0.883,0.925,0.871,0.932,0.883,0.951,0.935,0.885,0.876,0.874,0.882,0.877,0.861,0.88,0.882,0.885,0.887,0.88,0.884,1.0,0.888,0.885,0.919,0.881,0.018,0.885,0.866,0.916,0.878,0.892,0.921,0.882,0.931,0.877,0.888,0.982,0.978,0.861,0.875,0.875,0.926,0.879
0.903,0.902,0.893,0.885,0.894,0.891,0.901,0.892,0.907,0.873,0.866,0.883,0.885,0.894,0.887,0.901,0.884,0.9,0.897,0.897,0.888,0.884,0.892,0.88,0.889,0.871,0.89,0.888,1.0,0.909,0.9,0.896,0.016,0.883,0.861,0.895,0.897,0.883,0.887,0.906,0.9,0.895,0.884,0.894,0.9,0.896,0.898,0.897,0.886,0.957
0.923,0.901,0.888,0.89,0.906,0.903,0.897,0.895,0.92,0.88,0.881,0.878,0.901,0.888,0.885,0.906,0.898,0.898,0.907,0.893,0.884,0.897,0.901,0.899,0.898,0.891,0.897,0.885,0.909,1.0,0.89,0.899,0.017,0.895,0.876,0.895,0.894,0.903,0.898,0.913,0.894,0.912,0.901,0.891,0.89,0.886,0.9,0.9,0.885,0.906
0.877,0.894,0.877,0.916,0.876,0.885,0.9,0.918,0.889,0.908,0.851,0.902,0.87,0.917,0.918,0.893,0.873,0.886,0.885,0.896,0.884,0.87,0.878,0.873,0.887,0.867,0.878,0.919,0.9,0.89,1.0,0.887,0.016,0.87,0.849,0.903,0.897,0.873,0.908,0.878,0.958,0.882,0.871,0.924,0.929,0.879,0.893,0.892,0.905,0.895
0.903,0.915,0.886,0.883,0.921,0.908,0.902,0.887,0.904,0.866,0.904,0.881,0.924,0.885,0.888,0.907,0.92,0.923,0.934,0.9,0.929,0.93,0.934,0.907,0.92,0.909,0.925,0.881,0.896,0.899,0.887,1.0,0.016,0.927,0.886,0.894,0.901,0.929,0.89,0.934,0.899,0.922,0.929,0.89,0.896,0.864,0.918,0.918,0.88,0.888
0.018,0.016,0.017,0.018,0.015,0.019,0.017,0.018,0.016,0.018,0.016,0.018,0.018,0.016,0.017,0.017,0.019,0.016,0.015,0.017,0.017,0.018,0.018,0.018,0.018,0.018,0.017,0.018,0.016,0.017,0.016,0.016,1.0,0.018,0.019,0.018,0.017,0.016,0.018,0.016,0.016,0.018,0.016,0.017,0.017,0.017,0.017,0.017,0.018,0.016
0.909,0.909,0.873,0.893,0.919,0.918,0.887,0.886,0.902,0.874,0.919,0.883,0.944,0.888,0.887,0.891,0.905,0.925,0.927,0.884,0.923,0.959,0.961,0.921,0.914,0.916,0.934,0.885,0.883,0.895,0.87,0.927,0.018,1.0,0.901,0.894,0.884,0.934,0.884,0.924,0.884,0.917,0.939,0.879,0.882,0.86,0.903,0.903,0.882,0.884
0.897,0.911,0.852,0.875,0.892,0.928,0.863,0.868,0.875,0.879,0.906,0.876,0.9,0.868,0.863,0.87,0.899,0.881,0.886,0.861,0.875,0.895,0.896,0.939,0.922,0.915,0.894,0.866,0.861,0.876,0.849,0.886,0.019,0.901,1.0,0.87,0.863,0.901,0.859,0.891,0.862,0.903,0.911,0.855,0.861,0.834,0.89,0.89,0.865,0.858
0.896,0.89,0.874,0.919,0.886,0.898,0.892,0.921,0.892,0.902,0.873,0.906,0.893,0.921,0.914,0.896,0.89,0.901,0.895,0.887,0.885,0.89,0.898,0.885,0.895,0.883,0.889,0.916,0.895,0.895,0.903,0.894,0.018,0.894,0.87,1.0,0.889,0.891,0.924,0.896,0.917,0.893,0.888,0.916,0.92,0.867,0.879,0.879,0.907,0.89
0.891,0.892,0.879,0.87,0.881,0.895,0.994,0.877,0.894,0.861,0.865,0.862,0.874,0.876,0.882,0.979,0.889,0.903,0.899,0.997,0.911,0.888,0.898,0.882,0.893,0.88,0.883,0.878,0.897,0.894,0.897,0.901,0.017,0.884,0.863,0.889,1.0,0.881,0.889,0.891,0.884,0.898,0.879,0.883,0.886,0.884,0.901,0.9,0.874,0.897
0.904,0.91,0.869,0.886,0.935,0.918,0.882,0.893,0.897,0.87,0.912,0.884,0.934,0.888,0.884,0.891,0.899,0.908,0.92,0.879,0.901,0.925,0.927,0.912,0.916,0.913,0.942,0.892,0.883,0.903,0.873,0.929,0.016,0.934,0.901,0.891,0.881,1.0,0.88,0.933,0.884,0.914,0.955,0.886,0.886,0.85,0.903,0.903,0.879,0.874
0.891,0.89,0.874,0.923,0.887,0.889,0.891,0.922,0.891,0.912,0.867,0.922,0.885,0.92,0.925,0.892,0.884,0.889,0.899,0.889,0.88,0.881,0.887,0.877,0.889,0.874,0.875,0.921,0.887,0.898,0.908,0.89,0.018,0.884,0.859,0.924,0.889,0.88,1.0,0.887,0.918,0.891,0.88,0.926,0.927,0.871,0.882,0.882,0.909,0.886
0.913,0.917,0.892,0.884,0.928,0.915,0.895,0.894,0.91,0.868,0.918,0.877,0.933,0.882,0.879,0.902,0.908,0.922,0.93,0.89,0.913,0.932,0.932,0.91,0.909,0.907,0.93,0.882,0.906,0.913,0.878,0.934,0.016,0.924,0.891,0.896,0.891,0.933,0.887,1.0,0.891,0.928,0.936,0.891,0.894,0.876,0.919,0.919,0.876,0.905
0.891,0.898,0.887,0.933,0.881,0.893,0.885,0.936,0.898,0.919,0.862,0.924,0.883,0.933,0.934,0.891,0.886,0.888,0.892,0.883,0.874,0.88,0.888,0.878,0.894,0.872,0.887,0.931,0.9,0.894,0.958,0.899,0.016,0.884,0.862,0.917,0.884,0.884,0.918,0.891,1.0,0.89,0.883,0.936,0.945,0.878,0.888,0.888,0.914,0.896
0.909,0.926,0.892,0.88,0.915,0.918,0.897,0.889,0.908,0.866,0.902,0.873,0.922,0.875,0.877,0.91,0.923,0.921,0.923,0.896,0.916,0.92,0.92,0.921,0.923,0.92,0.913,0.877,0.895,0.912,0.882,0.922,0.018,0.917,0.903,0.893,0.898,0.914,0.891,0.928,0.89,1.0,0.923,0.885,0.888,0.87,0.934,0.934,0.875,0.894
0.911,0.912,0.877,0.892,0.923,0.912,0.88,0.889,0.9,0.879,0.922,0.889,0.944,0.892,0.883,0.888,0.901,0.91,0.919,0.877,0.909,0.925,0.931,0.928,0.916,0.919,0.946,0.888,0.884,0.901,0.871,0.929,0.016,0.939,0.911,0.888,0.879,0.955,0.88,0.936,0.883,0.923,1.0,0.881,0.884,0.858,0.907,0.907,0.883,0.884
0.888,0.891,0.876,0.933,0.886,0.889,0.884,0.973,0.889,0.914,0.862,0.926,0.875,0.941,0.928,0.891,0.886,0.882,0.893,0.882,0.871,0.88,0.884,0.876,0.889,0.879,0.884,0.982,0.894,0.891,0.924,0.89,0.017,0.879,0.855,0.916,0.883,0.886,0.926,0.891,0.936,0.885,0.881,1.0,0.985,0.868,0.881,0.881,0.918,0.885
0.893,0.894,0.877,0.936,0.891,0.887,0.887,0.972,0.89,0.918,0.865,0.928,0.878,0.939,0.932,0.89,0.884,0.887,0.892,0.885,0.875,0.878,0.887,0.879,0.891,0.875,0.884,0.978,0.9,0.89,0.929,0.896,0.017,0.882,0.861,0.92,0.886,0.886,0.927,0.894,0.945,0.888,0.884,0.985,1.0,0.873,0.889,0.889,0.915,0.89
0.87,0.874,0.866,0.861,0.856,0.863,0.885,0.868,0.878,0.847,0.84,0.848,0.86,0.86,0.861,0.877,0.862,0.873,0.871,0.885,0.872,0.864,0.869,0.856,0.867,0.85,0.857,0.861,0.896,0.886,0.879,0.864,0.017,0.86,0.834,0.867,0.884,0.85,0.871,0.876,0.878,0.87,0.858,0.868,0.873,1.0,0.875,0.874,0.859,0.906
0.9,0.928,0.883,0.877,0.917,0.906,0.901,0.885,0.889,0.866,0.891,0.87,0.903,0.872,0.877,0.903,0.912,0.915,0.915,0.899,0.909,0.904,0.908,0.91,0.911,0.906,0.896,0.875,0.898,0.9,0.893,0.918,0.017,0.903,0.89,0.879,0.901,0.903,0.882,0.919,0.888,0.934,0.907,0.881,0.889,0.875,1.0,0.999,0.866,0.9
0.9,0.928,0.884,0.877,0.917,0.906,0.9,0.885,0.889,0.866,0.891,0.87,0.903,0.872,0.877,0.903,0.912,0.914,0.915,0.898,0.908,0.904,0.908,0.91,0.911,0.906,0.896,0.875,0.897,0.9,0.892,0.918,0.017,0.903,0.89,0.879,0.9,0.903,0.882,0.919,0.888,0.934,0.907,0.881,0.889,0.874,0.999,1.0,0.866,0.899
0.89,0.879,0.871,0.937,0.882,0.889,0.875,0.917,0.882,0.924,0.873,0.918,0.881,0.935,0.926,0.879,0.874,0.866,0.88,0.872,0.86,0.879,0.881,0.883,0.885,0.877,0.882,0.926,0.886,0.885,0.905,0.88,0.018,0.882,0.865,0.907,0.874,0.879,0.909,0.876,0.914,0.875,0.883,0.918,0.915,0.859,0.866,0.866,1.0,0.881
0.898,0.899,0.897,0.883,0.883,0.891,0.901,0.882,0.905,0.871,0.872,0.873,0.878,0.888,0.881,0.9,0.882,0.895,0.897,0.896,0.892,0.887,0.889,0.88,0.892,0.87,0.886,0.879,0.957,0.906,0.895,0.888,0.016,0.884,0.858,0.89,0.897,0.874,0.886,0.905,0.896,0.894,0.884,0.885,0.89,0.906,0.9,0.899,0.881,1.0
