GCF_000163235.1_ASM16323v1_genomic.fna,GCF_000164555.1_ASM16455v1_genomic.fna,GCF_000208545.1_ASM20854v2_genomic.fna,GCF_000233875.1_ASM23387v1_genomic.fna,GCF_000249735.1_ASM24973v2_genomic.fna,GCF_000261145.1_Esch_coli_M919_V2_genomic.fna,GCF_000267705.2_ASM26770v2_genomic.fna,GCF_000350665.1_Esch_coli_KTE5_V1_genomic.fna,GCF_000351625.1_Esch_coli_KTE66_V1_genomic.fna,GCF_000352285.1_Esch_coli_KTE46_V1_genomic.fna,GCF_000358895.1_ASM35889v1_genomic.fna,GCF_000456385.1_Esch_coli_HVH_26_4-5703913_V1_genomic.fna,GCF_000458195.1_Esch_coli_HVH_147_4-5893887_V1_genomic.fna,GCF_000459755.1_Esch_coli_KOEGE_58_171a_V1_genomic.fna,GCF_000460055.1_Esch_coli_UMEA_3053-1_V1_genomic.fna,GCF_000462165.2_ASM46216v2_genomic.fna,GCF_000601135.1_ASM60113v1_genomic.fna,GCF_000614595.1_Ec2010EL1058_genomic.fna,GCF_000617745.1_Ec2010C-4529_genomic.fna,GCF_000618265.2_EcF6751_genomic.fna,GCF_000619005.2_Ec2009C-4052_genomic.fna,GCF_000619105.1_Ec2009C-4780_genomic.fna,GCF_000619765.2_Ec2009C-3279_genomic.fna,GCF_000687005.1_ASM68700v1_genomic.fna,GCF_000687025.1_ASM68702v1_genomic.fna,GCF_000700125.1_ASM70012v1_genomic.fna,GCF_000753315.1_FHI35_genomic.fna,GCF_000776375.1_ASM77637v1_genomic.fna,GCF_000779395.1_ASM77939v1_genomic.fna,GCF_000780315.1_ASM78031v1_genomic.fna,GCF_000781995.1_ASM78199v1_genomic.fna,GCF_000986765.1_ASM98676v1_genomic.fna,GCF_001041375.1_ViralProj287958_genomic.fna,GCF_001265335.1_302014_genomic.fna,GCF_001265625.1_100854_genomic.fna,GCF_001267345.1_303289_genomic.fna,GCF_001309985.1_ASM130998v1_genomic.fna,GCF_001521695.1_ASM152169v1_genomic.fna,GCF_001592595.1_ASM159259v1_genomic.fna,GCF_001614975.1_ASM161497v1_genomic.fna,GCF_001692775.1_ASM169277v1_genomic.fna,GCF_001748915.1_ASM174891v1_genomic.fna,GCF_001749235.1_ASM174923v1_genomic.fna,GCF_001881155.1_ASM188115v1_genomic.fna,GCF_001881345.1_ASM188134v1_genomic.fna,GCF_001892405.1_ASM189240v1_genomic.fna,GCF_001892585.1_ASM189258v1_genomic.fna,GCF_001893985.1_ASM189398v1_genomic.fna,GCF_002001595.1_ASM200159v1_genomic.fna,GCF_002002145.1_ASM200214v1_genomic.fna
1.0,0.913,0.892,0.898,0.892,0.899,0.898,0.896,0.92,0.898,0.868,0.895,0.893,0.897,0.892,0.895,0.9,0.891,0.9,0.897,0.895,0.9,0.901,0.898,0.891,0.903,0.902,0.895,0.899,0.91,0.894,0.905,0.018,0.9,0.876,0.896,0.898,0.911,0.903,0.902,0.893,0.905,0.909,0.896,0.898,0.89,0.91,0.911,0.884,0.912
0.913,1.0,0.893,0.882,0.917,0.935,0.916,0.894,0.895,0.885,0.887,0.884,0.914,0.889,0.884,0.919,0.925,0.913,0.922,0.919,0.924,0.923,0.922,0.933,0.939,0.928,0.915,0.891,0.887,0.892,0.886,0.927,0.019,0.917,0.907,0.888,0.918,0.927,0.892,0.919,0.882,0.933,0.932,0.897,0.898,0.89,0.937,0.937,0.883,0.902
0.892,0.893,1.0,0.886,0.879,0.886,0.889,0.89,0.897,0.882,0.86,0.887,0.877,0.888,0.887,0.892,0.89,0.88,0.896,0.887,0.881,0.881,0.884,0.883,0.882,0.889,0.887,0.887,0.879,0.892,0.876,0.89,0.021,0.883,0.861,0.893,0.889,0.886,0.891,0.888,0.878,0.893,0.896,0.884,0.883,0.863,0.891,0.889,0.884,0.893
0.898,0.882,0.886,1.0,0.881,0.885,0.886,0.936,0.908,0.937,0.857,0.946,0.881,0.96,0.957,0.888,0.89,0.886,0.891,0.883,0.88,0.88,0.887,0.886,0.89,0.897,0.894,0.947,0.899,0.895,0.926,0.889,0.019,0.884,0.866,0.922,0.884,0.896,0.928,0.894,0.938,0.889,0.898,0.944,0.944,0.87,0.894,0.892,0.931,0.913
0.892,0.917,0.879,0.881,1.0,0.926,0.904,0.882,0.885,0.889,0.927,0.89,0.944,0.888,0.886,0.907,0.93,0.931,0.927,0.902,0.921,0.92,0.926,0.921,0.924,0.915,0.932,0.874,0.893,0.895,0.861,0.929,0.02,0.927,0.905,0.88,0.904,0.929,0.881,0.933,0.862,0.92,0.934,0.872,0.877,0.874,0.924,0.923,0.891,0.892
0.899,0.935,0.886,0.885,0.926,1.0,0.905,0.885,0.893,0.895,0.905,0.889,0.932,0.891,0.885,0.908,0.936,0.921,0.921,0.903,0.91,0.912,0.922,0.944,0.948,0.923,0.924,0.881,0.9,0.896,0.862,0.919,0.018,0.919,0.931,0.889,0.905,0.927,0.89,0.932,0.866,0.931,0.93,0.88,0.883,0.872,0.931,0.929,0.892,0.897
0.898,0.916,0.889,0.886,0.904,0.905,1.0,0.897,0.908,0.879,0.877,0.888,0.902,0.893,0.888,0.985,0.906,0.917,0.915,0.993,0.924,0.922,0.925,0.902,0.901,0.914,0.91,0.891,0.882,0.897,0.883,0.913,0.019,0.909,0.888,0.897,0.997,0.908,0.897,0.91,0.885,0.911,0.914,0.893,0.892,0.887,0.914,0.914,0.88,0.892
0.896,0.894,0.89,0.936,0.882,0.885,0.897,1.0,0.896,0.931,0.858,0.928,0.88,0.935,0.934,0.898,0.884,0.884,0.891,0.893,0.884,0.881,0.887,0.887,0.891,0.901,0.891,0.973,0.894,0.892,0.927,0.894,0.018,0.884,0.867,0.922,0.895,0.898,0.938,0.894,0.923,0.89,0.893,0.968,0.967,0.879,0.896,0.896,0.924,0.907
0.92,0.895,0.897,0.908,0.885,0.893,0.908,0.896,1.0,0.897,0.869,0.898,0.89,0.904,0.905,0.906,0.898,0.892,0.9,0.906,0.888,0.89,0.893,0.896,0.895,0.9,0.901,0.894,0.894,0.923,0.889,0.898,0.019,0.896,0.88,0.905,0.906,0.899,0.899,0.897,0.89,0.902,0.911,0.891,0.891,0.881,0.906,0.904,0.893,0.908
0.898,0.885,0.882,0.937,0.889,0.895,0.879,0.931,0.897,1.0,0.875,0.935,0.895,0.932,0.934,0.882,0.892,0.881,0.887,0.876,0.874,0.872,0.88,0.898,0.898,0.887,0.892,0.93,0.908,0.894,0.924,0.881,0.019,0.877,0.873,0.919,0.877,0.888,0.921,0.895,0.922,0.883,0.886,0.924,0.928,0.868,0.89,0.889,0.932,0.902
0.868,0.887,0.86,0.857,0.927,0.905,0.877,0.858,0.869,0.875,1.0,0.863,0.932,0.869,0.86,0.879,0.902,0.906,0.907,0.873,0.895,0.901,0.906,0.91,0.906,0.889,0.908,0.853,0.877,0.873,0.838,0.897,0.016,0.904,0.918,0.857,0.876,0.906,0.857,0.918,0.836,0.9,0.909,0.851,0.854,0.848,0.891,0.889,0.872,0.869
0.895,0.884,0.887,0.946,0.89,0.889,0.888,0.928,0.898,0.935,0.863,1.0,0.883,0.946,0.965,0.89,0.891,0.888,0.888,0.886,0.878,0.874,0.88,0.887,0.896,0.888,0.892,0.935,0.901,0.898,0.911,0.88,0.019,0.879,0.872,0.917,0.886,0.885,0.921,0.898,0.921,0.887,0.892,0.931,0.935,0.867,0.886,0.884,0.929,0.905
0.893,0.914,0.877,0.881,0.944,0.932,0.902,0.88,0.89,0.895,0.932,0.883,1.0,0.885,0.883,0.905,0.932,0.937,0.935,0.899,0.925,0.937,0.939,0.934,0.927,0.919,0.936,0.871,0.897,0.899,0.86,0.927,0.019,0.944,0.919,0.882,0.902,0.936,0.874,0.947,0.865,0.929,0.94,0.87,0.87,0.866,0.921,0.921,0.889,0.894
0.897,0.889,0.888,0.96,0.888,0.891,0.893,0.935,0.904,0.932,0.869,0.946,0.885,1.0,0.956,0.892,0.893,0.891,0.895,0.889,0.886,0.884,0.892,0.885,0.893,0.897,0.899,0.946,0.909,0.897,0.921,0.893,0.018,0.883,0.872,0.919,0.891,0.901,0.923,0.898,0.93,0.892,0.901,0.941,0.942,0.872,0.888,0.886,0.935,0.909
0.892,0.884,0.887,0.957,0.886,0.885,0.888,0.934,0.905,0.934,0.86,0.965,0.883,0.956,1.0,0.893,0.891,0.888,0.891,0.887,0.874,0.878,0.883,0.887,0.89,0.89,0.895,0.94,0.905,0.902,0.923,0.889,0.019,0.875,0.868,0.923,0.886,0.891,0.93,0.895,0.934,0.892,0.895,0.935,0.935,0.871,0.892,0.891,0.93,0.911
0.895,0.919,0.892,0.888,0.907,0.908,0.985,0.898,0.906,0.882,0.879,0.89,0.905,0.892,0.893,1.0,0.908,0.914,0.914,0.984,0.917,0.92,0.923,0.903,0.902,0.912,0.911,0.892,0.882,0.901,0.885,0.914,0.02,0.91,0.89,0.897,0.985,0.911,0.898,0.912,0.885,0.913,0.917,0.89,0.892,0.888,0.914,0.914,0.883,0.895
0.9,0.925,0.89,0.89,0.93,0.936,0.906,0.884,0.898,0.892,0.902,0.891,0.932,0.893,0.891,0.908,1.0,0.921,0.919,0.902,0.917,0.917,0.92,0.94,0.939,0.936,0.932,0.882,0.896,0.905,0.872,0.928,0.02,0.922,0.916,0.897,0.904,0.922,0.881,0.936,0.875,0.936,0.932,0.88,0.882,0.877,0.931,0.929,0.89,0.901
0.891,0.913,0.88,0.886,0.931,0.921,0.917,0.884,0.892,0.881,0.906,0.888,0.937,0.891,0.888,0.914,0.921,1.0,0.944,0.913,0.93,0.94,0.944,0.914,0.907,0.926,0.929,0.88,0.883,0.896,0.863,0.926,0.019,0.934,0.899,0.895,0.916,0.926,0.884,0.936,0.872,0.926,0.933,0.879,0.877,0.875,0.919,0.917,0.882,0.896
0.9,0.922,0.896,0.891,0.927,0.921,0.915,0.891,0.9,0.887,0.907,0.888,0.935,0.895,0.891,0.914,0.919,0.944,1.0,0.913,0.935,0.944,0.947,0.925,0.918,0.918,0.934,0.884,0.885,0.898,0.87,0.93,0.018,0.941,0.904,0.9,0.915,0.93,0.892,0.937,0.876,0.932,0.947,0.882,0.884,0.876,0.924,0.923,0.892,0.903
0.897,0.919,0.887,0.883,0.902,0.903,0.993,0.893,0.906,0.876,0.873,0.886,0.899,0.889,0.887,0.984,0.902,0.913,0.913,1.0,0.925,0.92,0.921,0.9,0.899,0.911,0.908,0.887,0.88,0.894,0.883,0.911,0.019,0.908,0.887,0.895,0.995,0.906,0.895,0.908,0.885,0.908,0.911,0.893,0.889,0.89,0.912,0.912,0.879,0.891
0.895,0.924,0.881,0.88,0.921,0.91,0.924,0.884,0.888,0.874,0.895,0.878,0.925,0.886,0.874,0.917,0.917,0.93,0.935,0.925,1.0,0.939,0.945,0.908,0.907,0.917,0.926,0.884,0.873,0.887,0.877,0.935,0.019,0.927,0.895,0.883,0.926,0.926,0.878,0.926,0.88,0.918,0.928,0.889,0.888,0.887,0.916,0.916,0.878,0.893
0.9,0.923,0.881,0.88,0.92,0.912,0.922,0.881,0.89,0.872,0.901,0.874,0.937,0.884,0.878,0.92,0.917,0.94,0.944,0.92,0.939,1.0,0.98,0.908,0.911,0.917,0.925,0.879,0.876,0.885,0.87,0.932,0.019,0.955,0.897,0.883,0.923,0.931,0.883,0.936,0.877,0.923,0.936,0.883,0.881,0.88,0.92,0.921,0.878,0.894
0.901,0.922,0.884,0.887,0.926,0.922,0.925,0.887,0.893,0.88,0.906,0.88,0.939,0.892,0.883,0.923,0.92,0.944,0.947,0.921,0.945,0.98,1.0,0.909,0.917,0.921,0.934,0.887,0.886,0.891,0.872,0.939,0.018,0.958,0.902,0.89,0.924,0.936,0.888,0.941,0.88,0.931,0.939,0.889,0.888,0.883,0.926,0.927,0.888,0.9
0.898,0.933,0.883,0.886,0.921,0.944,0.902,0.887,0.896,0.898,0.91,0.887,0.934,0.885,0.887,0.903,0.94,0.914,0.925,0.9,0.908,0.908,0.909,1.0,0.951,0.923,0.919,0.882,0.897,0.893,0.867,0.914,0.017,0.92,0.934,0.882,0.901,0.92,0.878,0.932,0.868,0.933,0.925,0.879,0.879,0.863,0.934,0.932,0.895,0.895
0.891,0.939,0.882,0.89,0.924,0.948,0.901,0.891,0.895,0.898,0.906,0.896,0.927,0.893,0.89,0.902,0.939,0.907,0.918,0.899,0.907,0.911,0.917,0.951,1.0,0.926,0.919,0.883,0.899,0.893,0.872,0.92,0.019,0.918,0.934,0.88,0.9,0.917,0.883,0.925,0.872,0.929,0.921,0.882,0.882,0.874,0.927,0.925,0.901,0.893
0.903,0.928,0.889,0.897,0.915,0.923,0.914,0.901,0.9,0.887,0.889,0.888,0.919,0.897,0.89,0.912,0.936,0.926,0.918,0.911,0.917,0.917,0.921,0.923,0.926,1.0,0.929,0.896,0.886,0.896,0.878,0.922,0.018,0.922,0.907,0.901,0.913,0.923,0.887,0.927,0.878,0.927,0.929,0.895,0.894,0.876,0.933,0.931,0.892,0.899
0.902,0.915,0.887,0.894,0.932,0.924,0.91,0.891,0.901,0.892,0.908,0.892,0.936,0.899,0.895,0.911,0.932,0.929,0.934,0.908,0.926,0.925,0.934,0.919,0.919,0.929,1.0,0.888,0.893,0.9,0.878,0.946,0.018,0.941,0.903,0.89,0.91,0.948,0.885,0.943,0.881,0.921,0.959,0.886,0.886,0.878,0.924,0.923,0.894,0.905
0.895,0.891,0.887,0.947,0.874,0.881,0.891,0.973,0.894,0.93,0.853,0.935,0.871,0.946,0.94,0.892,0.882,0.88,0.884,0.887,0.884,0.879,0.887,0.882,0.883,0.896,0.888,1.0,0.888,0.884,0.929,0.893,0.019,0.88,0.859,0.921,0.889,0.89,0.93,0.886,0.933,0.888,0.889,0.991,0.989,0.875,0.894,0.894,0.918,0.903
0.899,0.887,0.879,0.899,0.893,0.9,0.882,0.894,0.894,0.908,0.877,0.901,0.897,0.909,0.905,0.882,0.896,0.883,0.885,0.88,0.873,0.876,0.886,0.897,0.899,0.886,0.893,0.888,1.0,0.895,0.878,0.882,0.018,0.886,0.877,0.896,0.881,0.891,0.893,0.898,0.886,0.89,0.897,0.886,0.885,0.888,0.889,0.888,0.901,0.947
0.91,0.892,0.892,0.895,0.895,0.896,0.897,0.892,0.923,0.894,0.873,0.898,0.899,0.897,0.902,0.901,0.905,0.896,0.898,0.894,0.887,0.885,0.891,0.893,0.893,0.896,0.9,0.884,0.895,1.0,0.877,0.891,0.019,0.894,0.877,0.895,0.897,0.898,0.89,0.902,0.878,0.905,0.906,0.88,0.882,0.879,0.899,0.897,0.89,0.904
0.894,0.886,0.876,0.926,0.861,0.862,0.883,0.927,0.889,0.924,0.838,0.911,0.86,0.921,0.923,0.885,0.872,0.863,0.87,0.883,0.877,0.87,0.872,0.867,0.872,0.878,0.878,0.929,0.878,0.877,1.0,0.878,0.021,0.865,0.845,0.908,0.883,0.88,0.917,0.871,0.963,0.875,0.879,0.932,0.933,0.884,0.877,0.878,0.905,0.89
0.905,0.927,0.89,0.889,0.929,0.919,0.913,0.894,0.898,0.881,0.897,0.88,0.927,0.893,0.889,0.914,0.928,0.926,0.93,0.911,0.935,0.932,0.939,0.914,0.92,0.922,0.946,0.893,0.882,0.891,0.878,1.0,0.02,0.932,0.899,0.897,0.913,0.944,0.888,0.936,0.882,0.927,0.947,0.892,0.892,0.883,0.931,0.931,0.886,0.901
0.018,0.019,0.021,0.019,0.02,0.018,0.019,0.018,0.019,0.019,0.016,0.019,0.019,0.018,0.019,0.02,0.02,0.019,0.018,0.019,0.019,0.019,0.018,0.017,0.019,0.018,0.018,0.019,0.018,0.019,0.021,0.02,1.0,0.017,0.018,0.021,0.019,0.018,0.018,0.018,0.019,0.019,0.019,0.019,0.019,0.019,0.02,0.02,0.019,0.018
0.9,0.917,0.883,0.884,0.927,0.919,0.909,0.884,0.896,0.877,0.904,0.879,0.944,0.883,0.875,0.91,0.922,0.934,0.941,0.908,0.927,0.955,0.958,0.92,0.918,0.922,0.941,0.88,0.886,0.894,0.865,0.932,0.017,1.0,0.905,0.888,0.909,0.936,0.878,0.944,0.867,0.927,0.945,0.878,0.879,0.876,0.923,0.922,0.883,0.898
0.876,0.907,0.861,0.866,0.905,0.931,0.888,0.867,0.88,0.873,0.918,0.872,0.919,0.872,0.868,0.89,0.916,0.899,0.904,0.887,0.895,0.897,0.902,0.934,0.934,0.907,0.903,0.859,0.877,0.877,0.845,0.899,0.018,0.905,1.0,0.863,0.888,0.905,0.861,0.91,0.849,0.911,0.906,0.858,0.859,0.846,0.905,0.903,0.874,0.872
0.896,0.888,0.893,0.922,0.88,0.889,0.897,0.922,0.905,0.919,0.857,0.917,0.882,0.919,0.923,0.897,0.897,0.895,0.9,0.895,0.883,0.883,0.89,0.882,0.88,0.901,0.89,0.921,0.896,0.895,0.908,0.897,0.021,0.888,0.863,1.0,0.897,0.89,0.926,0.89,0.913,0.892,0.898,0.918,0.919,0.871,0.891,0.889,0.915,0.903
0.898,0.918,0.889,0.884,0.904,0.905,0.997,0.895,0.906,0.877,0.876,0.886,0.902,0.891,0.886,0.985,0.904,0.916,0.915,0.995,0.926,0.923,0.924,0.901,0.9,0.913,0.91,0.889,0.881,0.897,0.883,0.913,0.019,0.909,0.888,0.897,1.0,0.908,0.895,0.909,0.885,0.911,0.914,0.893,0.891,0.888,0.913,0.913,0.879,0.891
0.911,0.927,0.886,0.896,0.929,0.927,0.908,0.898,0.899,0.888,0.906,0.885,0.936,0.901,0.891,0.911,0.922,0.926,0.93,0.906,0.926,0.931,0.936,0.92,0.917,0.923,0.948,0.89,0.891,0.898,0.88,0.944,0.018,0.936,0.905,0.89,0.908,1.0,0.894,0.945,0.883,0.931,0.957,0.89,0.889,0.879,0.93,0.929,0.886,0.913
0.903,0.892,0.891,0.928,0.881,0.89,0.897,0.938,0.899,0.921,0.857,0.921,0.874,0.923,0.93,0.898,0.881,0.884,0.892,0.895,0.878,0.883,0.888,0.878,0.883,0.887,0.885,0.93,0.893,0.89,0.917,0.888,0.018,0.878,0.861,0.926,0.895,0.894,1.0,0.885,0.919,0.89,0.892,0.929,0.93,0.886,0.893,0.895,0.918,0.906
0.902,0.919,0.888,0.894,0.933,0.932,0.91,0.894,0.897,0.895,0.918,0.898,0.947,0.898,0.895,0.912,0.936,0.936,0.937,0.908,0.926,0.936,0.941,0.932,0.925,0.927,0.943,0.886,0.898,0.902,0.871,0.936,0.018,0.944,0.91,0.89,0.909,0.945,0.885,1.0,0.875,0.929,0.947,0.886,0.886,0.875,0.93,0.929,0.896,0.904
0.893,0.882,0.878,0.938,0.862,0.866,0.885,0.923,0.89,0.922,0.836,0.921,0.865,0.93,0.934,0.885,0.875,0.872,0.876,0.885,0.88,0.877,0.88,0.868,0.872,0.878,0.881,0.933,0.886,0.878,0.963,0.882,0.019,0.867,0.849,0.913,0.885,0.883,0.919,0.875,1.0,0.882,0.881,0.937,0.933,0.876,0.878,0.879,0.907,0.894
0.905,0.933,0.893,0.889,0.92,0.931,0.911,0.89,0.902,0.883,0.9,0.887,0.929,0.892,0.892,0.913,0.936,0.926,0.932,0.908,0.918,0.923,0.931,0.933,0.929,0.927,0.921,0.888,0.89,0.905,0.875,0.927,0.019,0.927,0.911,0.892,0.911,0.931,0.89,0.929,0.882,1.0,0.938,0.889,0.887,0.879,0.945,0.943,0.885,0.904
0.909,0.932,0.896,0.898,0.934,0.93,0.914,0.893,0.911,0.886,0.909,0.892,0.94,0.901,0.895,0.917,0.932,0.933,0.947,0.911,0.928,0.936,0.939,0.925,0.921,0.929,0.959,0.889,0.897,0.906,0.879,0.947,0.019,0.945,0.906,0.898,0.914,0.957,0.892,0.947,0.881,0.938,1.0,0.887,0.888,0.886,0.933,0.932,0.889,0.912
0.896,0.897,0.884,0.944,0.872,0.88,0.893,0.968,0.891,0.924,0.851,0.931,0.87,0.941,0.935,0.89,0.88,0.879,0.882,0.893,0.889,0.883,0.889,0.879,0.882,0.895,0.886,0.991,0.886,0.88,0.932,0.892,0.019,0.878,0.858,0.918,0.893,0.89,0.929,0.886,0.937,0.889,0.887,1.0,0.99,0.882,0.893,0.893,0.914,0.902
0.898,0.898,0.883,0.944,0.877,0.883,0.892,0.967,0.891,0.928,0.854,0.935,0.87,0.942,0.935,0.892,0.882,0.877,0.884,0.889,0.888,0.881,0.888,0.879,0.882,0.894,0.886,0.989,0.885,0.882,0.933,0.892,0.019,0.879,0.859,0.919,0.891,0.889,0.93,0.886,0.933,0.887,0.888,0.99,1.0,0.882,0.894,0.894,0.916,0.903
0.89,0.89,0.863,0.87,0.874,0.872,0.887,0.879,0.881,0.868,0.848,0.867,0.866,0.872,0.871,0.888,0.877,0.875,0.876,0.89,0.887,0.88,0.883,0.863,0.874,0.876,0.878,0.875,0.888,0.879,0.884,0.883,0.019,0.876,0.846,0.871,0.888,0.879,0.886,0.875,0.876,0.879,0.886,0.882,0.882,1.0,0.886,0.886,0.866,0.908
0.91,0.937,0.891,0.894,0.924,0.931,0.914,0.896,0.906,0.89,0.891,0.886,0.921,0.888,0.892,0.914,0.931,0.919,0.924,0.912,0.916,0.92,0.926,0.934,0.927,0.933,0.924,0.894,0.889,0.899,0.877,0.931,0.02,0.923,0.905,0.891,0.913,0.93,0.893,0.93,0.878,0.945,0.933,0.893,0.894,0.886,1.0,0.998,0.886,0.903
0.911,0.937,0.889,0.892,0.923,0.929,0.914,0.896,0.904,0.889,0.889,0.884,0.921,0.886,0.891,0.914,0.929,0.917,0.923,0.912,0.916,0.921,0.927,0.932,0.925,0.931,0.923,0.894,0.888,0.897,0.878,0.931,0.02,0.922,0.903,0.889,0.913,0.929,0.895,0.929,0.879,0.943,0.932,0.893,0.894,0.886,0.998,1.0,0.884,0.901
0.884,0.883,0.884,0.931,0.891,0.892,0.88,0.924,0.893,0.932,0.872,0.929,0.889,0.935,0.93,0.883,0.89,0.882,0.892,0.879,0.878,0.878,0.888,0.895,0.901,0.892,0.894,0.918,0.901,0.89,0.905,0.886,0.019,0.883,0.874,0.915,0.879,0.886,0.918,0.896,0.907,0.885,0.889,0.914,0.916,0.866,0.886,0.884,1.0,0.903
0.912,0.902,0.893,0.913,0.892,0.897,0.892,0.907,0.908,0.902,0.869,0.905,0.894,0.909,0.911,0.895,0.901,0.896,0.903,0.891,0.893,0.894,0.9,0.895,0.893,0.899,0.905,0.903,0.947,0.904,0.89,0.901,0.018,0.898,0.872,0.903,0.891,0.913,0.906,0.904,0.894,0.904,0.912,0.902,0.903,0.908,0.903,0.901,0.903,1.0
