GCF_000163235.1_ASM16323v1_genomic.fna,GCF_000164555.1_ASM16455v1_genomic.fna,GCF_000208545.1_ASM20854v2_genomic.fna,GCF_000233875.1_ASM23387v1_genomic.fna,GCF_000249735.1_ASM24973v2_genomic.fna,GCF_000261145.1_Esch_coli_M919_V2_genomic.fna,GCF_000267705.2_ASM26770v2_genomic.fna,GCF_000350665.1_Esch_coli_KTE5_V1_genomic.fna,GCF_000351625.1_Esch_coli_KTE66_V1_genomic.fna,GCF_000352285.1_Esch_coli_KTE46_V1_genomic.fna,GCF_000358895.1_ASM35889v1_genomic.fna,GCF_000456385.1_Esch_coli_HVH_26_4-5703913_V1_genomic.fna,GCF_000458195.1_Esch_coli_HVH_147_4-5893887_V1_genomic.fna,GCF_000459755.1_Esch_coli_KOEGE_58_171a_V1_genomic.fna,GCF_000460055.1_Esch_coli_UMEA_3053-1_V1_genomic.fna,GCF_000462165.2_ASM46216v2_genomic.fna,GCF_000601135.1_ASM60113v1_genomic.fna,GCF_000614595.1_Ec2010EL1058_genomic.fna,GCF_000617745.1_Ec2010C-4529_genomic.fna,GCF_000618265.2_EcF6751_genomic.fna,GCF_000619005.2_Ec2009C-4052_genomic.fna,GCF_000619105.1_Ec2009C-4780_genomic.fna,GCF_000619765.2_Ec2009C-3279_genomic.fna,GCF_000687005.1_ASM68700v1_genomic.fna,GCF_000687025.1_ASM68702v1_genomic.fna,GCF_000700125.1_ASM70012v1_genomic.fna,GCF_000753315.1_FHI35_genomic.fna,GCF_000776375.1_ASM77637v1_genomic.fna,GCF_000779395.1_ASM77939v1_genomic.fna,GCF_000780315.1_ASM78031v1_genomic.fna,GCF_000781995.1_ASM78199v1_genomic.fna,GCF_000986765.1_ASM98676v1_genomic.fna,GCF_001041375.1_ViralProj287958_genomic.fna,GCF_001265335.1_302014_genomic.fna,GCF_001265625.1_100854_genomic.fna,GCF_001267345.1_303289_genomic.fna,GCF_001309985.1_ASM130998v1_genomic.fna,GCF_001521695.1_ASM152169v1_genomic.fna,GCF_001592595.1_ASM159259v1_genomic.fna,GCF_001614975.1_ASM161497v1_genomic.fna,GCF_001692775.1_ASM169277v1_genomic.fna,GCF_001748915.1_ASM174891v1_genomic.fna,GCF_001749235.1_ASM174923v1_genomic.fna,GCF_001881155.1_ASM188115v1_genomic.fna,GCF_001881345.1_ASM188134v1_genomic.fna,GCF_001892405.1_ASM189240v1_genomic.fna,GCF_001892585.1_ASM189258v1_genomic.fna,GCF_001893985.1_ASM189398v1_genomic.fna,GCF_002001595.1_ASM200159v1_genomic.fna,GCF_002002145.1_ASM200214v1_genomic.fna
1.0,0.566,0.482,0.515,0.557,0.545,0.519,0.508,0.641,0.52,0.529,0.521,0.539,0.505,0.499,0.531,0.549,0.543,0.533,0.513,0.534,0.54,0.551,0.554,0.532,0.536,0.544,0.509,0.58,0.641,0.476,0.552,0.0,0.538,0.515,0.504,0.515,0.562,0.5,0.555,0.495,0.542,0.556,0.504,0.516,0.531,0.531,0.532,0.503,0.584
0.566,1.0,0.445,0.503,0.694,0.806,0.584,0.501,0.534,0.516,0.646,0.51,0.672,0.508,0.496,0.592,0.752,0.68,0.655,0.578,0.654,0.672,0.68,0.811,0.822,0.736,0.667,0.505,0.57,0.534,0.483,0.677,0.0,0.667,0.759,0.492,0.578,0.694,0.49,0.683,0.49,0.72,0.683,0.504,0.514,0.486,0.749,0.75,0.512,0.551
0.482,0.445,1.0,0.397,0.426,0.435,0.394,0.391,0.469,0.396,0.41,0.407,0.424,0.41,0.397,0.403,0.432,0.423,0.409,0.392,0.419,0.422,0.422,0.421,0.42,0.425,0.419,0.4,0.459,0.467,0.377,0.441,0.0,0.421,0.4,0.396,0.391,0.432,0.403,0.446,0.383,0.443,0.434,0.4,0.392,0.399,0.44,0.442,0.415,0.459
0.515,0.503,0.397,1.0,0.501,0.499,0.467,0.756,0.507,0.753,0.475,0.768,0.487,0.813,0.807,0.472,0.493,0.49,0.477,0.464,0.474,0.485,0.505,0.488,0.481,0.472,0.476,0.805,0.551,0.504,0.768,0.512,0.0,0.478,0.457,0.677,0.464,0.499,0.718,0.49,0.791,0.491,0.492,0.783,0.789,0.515,0.482,0.483,0.725,0.547
0.557,0.694,0.426,0.501,1.0,0.7,0.575,0.502,0.531,0.522,0.776,0.494,0.744,0.511,0.498,0.59,0.687,0.706,0.707,0.569,0.714,0.718,0.719,0.688,0.682,0.676,0.723,0.5,0.56,0.544,0.481,0.713,0.0,0.714,0.651,0.487,0.571,0.734,0.492,0.75,0.49,0.681,0.744,0.491,0.498,0.499,0.708,0.707,0.5,0.541
0.545,0.806,0.435,0.499,0.7,1.0,0.596,0.507,0.519,0.507,0.641,0.497,0.661,0.503,0.493,0.599,0.742,0.69,0.657,0.589,0.652,0.677,0.685,0.797,0.815,0.725,0.654,0.502,0.564,0.524,0.478,0.671,0.0,0.675,0.775,0.507,0.589,0.681,0.523,0.673,0.484,0.715,0.666,0.497,0.499,0.488,0.737,0.738,0.504,0.549
0.519,0.584,0.394,0.467,0.575,0.596,1.0,0.467,0.509,0.465,0.546,0.471,0.565,0.467,0.466,0.951,0.584,0.625,0.593,0.978,0.616,0.614,0.629,0.582,0.571,0.571,0.572,0.454,0.498,0.516,0.458,0.594,0.0,0.597,0.561,0.481,0.984,0.561,0.48,0.585,0.458,0.58,0.575,0.459,0.463,0.476,0.574,0.575,0.458,0.51
0.508,0.501,0.391,0.756,0.502,0.507,0.467,1.0,0.488,0.746,0.469,0.752,0.492,0.755,0.752,0.474,0.486,0.485,0.482,0.463,0.472,0.482,0.49,0.503,0.48,0.474,0.476,0.913,0.553,0.494,0.753,0.503,0.0,0.476,0.458,0.654,0.464,0.51,0.718,0.498,0.759,0.484,0.494,0.905,0.903,0.512,0.477,0.478,0.708,0.545
0.641,0.534,0.469,0.507,0.531,0.519,0.509,0.488,1.0,0.522,0.517,0.488,0.526,0.504,0.49,0.518,0.528,0.526,0.51,0.502,0.513,0.524,0.523,0.524,0.502,0.512,0.527,0.495,0.584,0.663,0.48,0.527,0.0,0.522,0.491,0.51,0.506,0.529,0.502,0.541,0.481,0.544,0.54,0.483,0.488,0.509,0.52,0.521,0.498,0.586
0.52,0.516,0.396,0.753,0.522,0.507,0.465,0.746,0.522,1.0,0.503,0.722,0.525,0.753,0.74,0.478,0.497,0.505,0.503,0.462,0.48,0.489,0.49,0.516,0.507,0.504,0.502,0.757,0.567,0.499,0.753,0.495,0.0,0.484,0.48,0.682,0.465,0.507,0.711,0.511,0.76,0.497,0.503,0.736,0.751,0.51,0.484,0.482,0.717,0.543
0.529,0.646,0.41,0.475,0.776,0.641,0.546,0.469,0.517,0.503,1.0,0.466,0.769,0.481,0.471,0.557,0.633,0.707,0.708,0.539,0.685,0.702,0.698,0.67,0.645,0.655,0.71,0.47,0.52,0.517,0.461,0.682,0.0,0.676,0.689,0.479,0.543,0.696,0.474,0.733,0.463,0.652,0.715,0.461,0.468,0.461,0.649,0.647,0.473,0.512
0.521,0.51,0.407,0.768,0.494,0.497,0.471,0.752,0.488,0.722,0.466,1.0,0.479,0.752,0.863,0.476,0.489,0.483,0.474,0.466,0.477,0.476,0.484,0.49,0.484,0.477,0.469,0.759,0.554,0.502,0.727,0.499,0.0,0.476,0.453,0.661,0.466,0.497,0.719,0.488,0.751,0.487,0.494,0.762,0.767,0.516,0.484,0.485,0.687,0.552
0.539,0.672,0.424,0.487,0.744,0.661,0.565,0.492,0.526,0.525,0.769,0.479,1.0,0.496,0.483,0.578,0.662,0.732,0.757,0.559,0.747,0.784,0.784,0.684,0.663,0.664,0.785,0.493,0.548,0.533,0.478,0.737,0.0,0.768,0.668,0.49,0.562,0.747,0.488,0.778,0.481,0.663,0.761,0.482,0.483,0.471,0.665,0.664,0.492,0.533
0.505,0.508,0.41,0.813,0.511,0.503,0.467,0.755,0.504,0.753,0.481,0.752,0.496,1.0,0.79,0.476,0.491,0.494,0.488,0.463,0.481,0.491,0.495,0.49,0.488,0.481,0.487,0.793,0.555,0.494,0.75,0.504,0.0,0.478,0.461,0.664,0.464,0.513,0.714,0.502,0.775,0.501,0.499,0.773,0.777,0.502,0.483,0.485,0.724,0.544
0.499,0.496,0.397,0.807,0.498,0.493,0.466,0.752,0.49,0.74,0.471,0.863,0.483,0.79,1.0,0.472,0.491,0.483,0.473,0.462,0.468,0.482,0.492,0.478,0.474,0.469,0.473,0.777,0.55,0.496,0.767,0.494,0.0,0.472,0.45,0.671,0.464,0.497,0.721,0.493,0.79,0.485,0.492,0.768,0.774,0.522,0.496,0.498,0.708,0.571
0.531,0.592,0.403,0.472,0.59,0.599,0.951,0.474,0.518,0.478,0.557,0.476,0.578,0.476,0.472,1.0,0.594,0.621,0.597,0.941,0.605,0.612,0.625,0.587,0.574,0.579,0.575,0.464,0.51,0.525,0.462,0.593,0.0,0.602,0.564,0.49,0.946,0.572,0.484,0.593,0.47,0.59,0.583,0.466,0.471,0.478,0.583,0.584,0.474,0.519
0.549,0.752,0.432,0.493,0.687,0.742,0.584,0.486,0.528,0.497,0.633,0.489,0.662,0.491,0.491,0.594,1.0,0.663,0.647,0.577,0.645,0.674,0.675,0.754,0.746,0.762,0.65,0.488,0.549,0.531,0.464,0.689,0.0,0.674,0.707,0.494,0.577,0.649,0.487,0.672,0.469,0.701,0.667,0.488,0.495,0.476,0.728,0.729,0.486,0.544
0.543,0.68,0.423,0.49,0.706,0.69,0.625,0.485,0.526,0.505,0.707,0.483,0.732,0.494,0.483,0.621,0.663,1.0,0.775,0.617,0.755,0.771,0.774,0.684,0.666,0.661,0.735,0.484,0.54,0.532,0.473,0.705,0.0,0.732,0.648,0.513,0.616,0.706,0.502,0.732,0.474,0.671,0.725,0.479,0.482,0.471,0.67,0.668,0.486,0.535
0.533,0.655,0.409,0.477,0.707,0.657,0.593,0.482,0.51,0.503,0.708,0.474,0.757,0.488,0.473,0.597,0.647,0.775,1.0,0.586,0.733,0.758,0.758,0.673,0.649,0.65,0.742,0.477,0.533,0.518,0.46,0.71,0.0,0.723,0.656,0.501,0.586,0.699,0.484,0.738,0.465,0.654,0.72,0.471,0.473,0.466,0.641,0.64,0.485,0.524
0.513,0.578,0.392,0.464,0.569,0.589,0.978,0.463,0.502,0.462,0.539,0.466,0.559,0.463,0.462,0.941,0.577,0.617,0.586,1.0,0.609,0.605,0.621,0.576,0.567,0.568,0.564,0.451,0.493,0.512,0.453,0.587,0.0,0.59,0.554,0.476,0.985,0.553,0.474,0.579,0.454,0.573,0.568,0.455,0.458,0.477,0.569,0.57,0.454,0.505
0.534,0.654,0.419,0.474,0.714,0.652,0.616,0.472,0.513,0.48,0.685,0.477,0.747,0.481,0.468,0.605,0.645,0.755,0.733,0.609,1.0,0.775,0.793,0.648,0.632,0.638,0.744,0.477,0.522,0.528,0.454,0.735,0.0,0.759,0.614,0.486,0.609,0.722,0.477,0.745,0.464,0.645,0.737,0.473,0.478,0.477,0.67,0.67,0.48,0.525
0.54,0.672,0.422,0.485,0.718,0.677,0.614,0.482,0.524,0.489,0.702,0.476,0.784,0.491,0.482,0.612,0.674,0.771,0.758,0.605,0.775,1.0,0.932,0.666,0.659,0.642,0.744,0.486,0.533,0.524,0.467,0.746,0.0,0.872,0.636,0.496,0.608,0.726,0.487,0.759,0.465,0.659,0.758,0.478,0.48,0.468,0.66,0.659,0.485,0.531
0.551,0.68,0.422,0.505,0.719,0.685,0.629,0.49,0.523,0.49,0.698,0.484,0.784,0.495,0.492,0.625,0.675,0.774,0.758,0.621,0.793,0.932,1.0,0.673,0.666,0.65,0.752,0.495,0.54,0.531,0.476,0.759,0.0,0.87,0.644,0.504,0.622,0.728,0.497,0.756,0.477,0.663,0.753,0.484,0.488,0.47,0.667,0.666,0.487,0.535
0.554,0.811,0.421,0.488,0.688,0.797,0.582,0.503,0.524,0.516,0.67,0.49,0.684,0.49,0.478,0.587,0.754,0.684,0.673,0.576,0.648,0.666,0.673,1.0,0.828,0.762,0.682,0.484,0.544,0.528,0.471,0.664,0.0,0.661,0.798,0.482,0.577,0.656,0.482,0.677,0.478,0.711,0.669,0.475,0.483,0.48,0.714,0.714,0.485,0.536
0.532,0.822,0.42,0.481,0.682,0.815,0.571,0.48,0.502,0.507,0.645,0.484,0.663,0.488,0.474,0.574,0.746,0.666,0.649,0.567,0.632,0.659,0.666,0.828,1.0,0.766,0.664,0.48,0.539,0.506,0.462,0.665,0.0,0.653,0.79,0.48,0.57,0.666,0.482,0.665,0.468,0.701,0.665,0.48,0.485,0.474,0.714,0.714,0.495,0.522
0.536,0.736,0.425,0.472,0.676,0.725,0.571,0.474,0.512,0.504,0.655,0.477,0.664,0.481,0.469,0.579,0.762,0.661,0.65,0.568,0.638,0.642,0.65,0.762,0.766,1.0,0.657,0.472,0.523,0.523,0.452,0.641,0.0,0.643,0.72,0.478,0.568,0.643,0.464,0.669,0.461,0.7,0.64,0.475,0.476,0.464,0.712,0.711,0.489,0.518
0.544,0.667,0.419,0.476,0.723,0.654,0.572,0.476,0.527,0.502,0.71,0.469,0.785,0.487,0.473,0.575,0.65,0.735,0.742,0.564,0.744,0.744,0.752,0.682,0.664,0.657,1.0,0.473,0.538,0.539,0.464,0.751,0.0,0.726,0.643,0.477,0.568,0.81,0.467,0.778,0.469,0.664,0.835,0.47,0.469,0.478,0.66,0.66,0.477,0.529
0.509,0.505,0.4,0.805,0.5,0.502,0.454,0.913,0.495,0.757,0.47,0.759,0.493,0.793,0.777,0.464,0.488,0.484,0.477,0.451,0.477,0.486,0.495,0.484,0.48,0.472,0.473,1.0,0.553,0.496,0.75,0.509,0.0,0.476,0.457,0.666,0.452,0.509,0.712,0.489,0.776,0.486,0.487,0.963,0.957,0.505,0.479,0.48,0.725,0.54
0.58,0.57,0.459,0.551,0.56,0.564,0.498,0.553,0.584,0.567,0.52,0.554,0.548,0.555,0.55,0.51,0.549,0.54,0.533,0.493,0.522,0.533,0.54,0.544,0.539,0.523,0.538,0.553,1.0,0.566,0.537,0.553,0.0,0.535,0.518,0.56,0.493,0.56,0.548,0.544,0.54,0.545,0.546,0.542,0.547,0.606,0.533,0.535,0.544,0.835
0.641,0.534,0.467,0.504,0.544,0.524,0.516,0.494,0.663,0.499,0.517,0.502,0.533,0.494,0.496,0.525,0.531,0.532,0.518,0.512,0.528,0.524,0.531,0.528,0.506,0.523,0.539,0.496,0.566,1.0,0.47,0.536,0.0,0.521,0.499,0.499,0.514,0.541,0.483,0.56,0.479,0.546,0.55,0.485,0.488,0.526,0.54,0.541,0.494,0.576
0.476,0.483,0.377,0.768,0.481,0.478,0.458,0.753,0.48,0.753,0.461,0.727,0.478,0.75,0.767,0.462,0.464,0.473,0.46,0.453,0.454,0.467,0.476,0.471,0.462,0.452,0.464,0.75,0.537,0.47,1.0,0.476,0.0,0.462,0.437,0.654,0.457,0.478,0.708,0.47,0.907,0.483,0.471,0.75,0.749,0.502,0.466,0.467,0.701,0.529
0.552,0.677,0.441,0.512,0.713,0.671,0.594,0.503,0.527,0.495,0.682,0.499,0.737,0.504,0.494,0.593,0.689,0.705,0.71,0.587,0.735,0.746,0.759,0.664,0.665,0.641,0.751,0.509,0.553,0.536,0.476,1.0,0.0,0.736,0.616,0.493,0.589,0.763,0.5,0.758,0.48,0.677,0.758,0.498,0.508,0.482,0.684,0.687,0.493,0.535
0.0,0.0,0.0,0.0,0.0,0.0,0.0,0.0,0.0,0.0,0.0,0.0,0.0,0.0,0.0,0.0,0.0,0.0,0.0,0.0,0.0,0.0,0.0,0.0,0.0,0.0,0.0,0.0,0.0,0.0,0.0,0.0,1.0,0.0,0.0,0.0,0.0,0.0,0.0,0.0,0.0,0.0,0.0,0.0,0.0,0.0,0.0,0.0,0.0,0.0
0.538,0.667,0.421,0.478,0.714,0.675,0.597,0.476,0.522,0.484,0.676,0.476,0.768,0.478,0.472,0.602,0.674,0.732,0.723,0.59,0.759,0.872,0.87,0.661,0.653,0.643,0.726,0.476,0.535,0.521,0.462,0.736,0.0,1.0,0.634,0.512,0.591,0.722,0.496,0.745,0.463,0.656,0.744,0.469,0.477,0.462,0.658,0.658,0.473,0.531
0.515,0.759,0.4,0.457,0.651,0.775,0.561,0.458,0.491,0.48,0.689,0.453,0.668,0.461,0.45,0.564,0.707,0.648,0.656,0.554,0.614,0.636,0.644,0.798,0.79,0.72,0.643,0.457,0.518,0.499,0.437,0.616,0.0,0.634,1.0,0.468,0.554,0.626,0.457,0.64,0.444,0.674,0.641,0.448,0.459,0.453,0.677,0.677,0.455,0.51
0.504,0.492,0.396,0.677,0.487,0.507,0.481,0.654,0.51,0.682,0.479,0.661,0.49,0.664,0.671,0.49,0.494,0.513,0.501,0.476,0.486,0.496,0.504,0.482,0.48,0.478,0.477,0.666,0.56,0.499,0.654,0.493,0.0,0.512,0.468,1.0,0.477,0.487,0.694,0.494,0.66,0.493,0.494,0.653,0.662,0.503,0.468,0.469,0.659,0.549
0.515,0.578,0.391,0.464,0.571,0.589,0.984,0.464,0.506,0.465,0.543,0.466,0.562,0.464,0.464,0.946,0.577,0.616,0.586,0.985,0.609,0.608,0.622,0.577,0.57,0.568,0.568,0.452,0.493,0.514,0.457,0.589,0.0,0.591,0.554,0.477,1.0,0.557,0.475,0.582,0.457,0.576,0.57,0.457,0.46,0.477,0.571,0.572,0.456,0.506
0.562,0.694,0.432,0.499,0.734,0.681,0.561,0.51,0.529,0.507,0.696,0.497,0.747,0.513,0.497,0.572,0.649,0.706,0.699,0.553,0.722,0.726,0.728,0.656,0.666,0.643,0.81,0.509,0.56,0.541,0.478,0.763,0.0,0.722,0.626,0.487,0.557,1.0,0.495,0.769,0.486,0.669,0.855,0.503,0.496,0.489,0.687,0.685,0.504,0.545
0.5,0.49,0.403,0.718,0.492,0.523,0.48,0.718,0.502,0.711,0.474,0.719,0.488,0.714,0.721,0.484,0.487,0.502,0.484,0.474,0.477,0.487,0.497,0.482,0.482,0.464,0.467,0.712,0.548,0.483,0.708,0.5,0.0,0.496,0.457,0.694,0.475,0.495,1.0,0.485,0.713,0.501,0.485,0.714,0.721,0.508,0.481,0.482,0.681,0.55
0.555,0.683,0.446,0.49,0.75,0.673,0.585,0.498,0.541,0.511,0.733,0.488,0.778,0.502,0.493,0.593,0.672,0.732,0.738,0.579,0.745,0.759,0.756,0.677,0.665,0.669,0.778,0.489,0.544,0.56,0.47,0.758,0.0,0.745,0.64,0.494,0.582,0.769,0.485,1.0,0.473,0.671,0.788,0.479,0.485,0.492,0.692,0.689,0.494,0.552
0.495,0.49,0.383,0.791,0.49,0.484,0.458,0.759,0.481,0.76,0.463,0.751,0.481,0.775,0.79,0.47,0.469,0.474,0.465,0.454,0.464,0.465,0.477,0.478,0.468,0.461,0.469,0.776,0.54,0.479,0.907,0.48,0.0,0.463,0.444,0.66,0.457,0.486,0.713,0.473,1.0,0.487,0.472,0.777,0.777,0.508,0.47,0.471,0.711,0.534
0.542,0.72,0.443,0.491,0.681,0.715,0.58,0.484,0.544,0.497,0.652,0.487,0.663,0.501,0.485,0.59,0.701,0.671,0.654,0.573,0.645,0.659,0.663,0.711,0.701,0.7,0.664,0.486,0.545,0.546,0.483,0.677,0.0,0.656,0.674,0.493,0.576,0.669,0.501,0.671,0.487,1.0,0.69,0.476,0.483,0.473,0.745,0.748,0.494,0.531
0.556,0.683,0.434,0.492,0.744,0.666,0.575,0.494,0.54,0.503,0.715,0.494,0.761,0.499,0.492,0.583,0.667,0.725,0.72,0.568,0.737,0.758,0.753,0.669,0.665,0.64,0.835,0.487,0.546,0.55,0.471,0.758,0.0,0.744,0.641,0.494,0.57,0.855,0.485,0.788,0.472,0.69,1.0,0.479,0.483,0.488,0.678,0.677,0.49,0.541
0.504,0.504,0.4,0.783,0.491,0.497,0.459,0.905,0.483,0.736,0.461,0.762,0.482,0.773,0.768,0.466,0.488,0.479,0.471,0.455,0.473,0.478,0.484,0.475,0.48,0.475,0.47,0.963,0.542,0.485,0.75,0.498,0.0,0.469,0.448,0.653,0.457,0.503,0.714,0.479,0.777,0.476,0.479,1.0,0.961,0.511,0.473,0.474,0.719,0.537
0.516,0.514,0.392,0.789,0.498,0.499,0.463,0.903,0.488,0.751,0.468,0.767,0.483,0.777,0.774,0.471,0.495,0.482,0.473,0.458,0.478,0.48,0.488,0.483,0.485,0.476,0.469,0.957,0.547,0.488,0.749,0.508,0.0,0.477,0.459,0.662,0.46,0.496,0.721,0.485,0.777,0.483,0.483,0.961,1.0,0.512,0.48,0.481,0.715,0.543
0.531,0.486,0.399,0.515,0.499,0.488,0.476,0.512,0.509,0.51,0.461,0.516,0.471,0.502,0.522,0.478,0.476,0.471,0.466,0.477,0.477,0.468,0.47,0.48,0.474,0.464,0.478,0.505,0.606,0.526,0.502,0.482,0.0,0.462,0.453,0.503,0.477,0.489,0.508,0.492,0.508,0.473,0.488,0.511,0.512,1.0,0.502,0.504,0.511,0.666
0.531,0.749,0.44,0.482,0.708,0.737,0.574,0.477,0.52,0.484,0.649,0.484,0.665,0.483,0.496,0.583,0.728,0.67,0.641,0.569,0.67,0.66,0.667,0.714,0.714,0.712,0.66,0.479,0.533,0.54,0.466,0.684,0.0,0.658,0.677,0.468,0.571,0.687,0.481,0.692,0.47,0.745,0.678,0.473,0.48,0.502,1.0,0.995,0.488,0.549
0.532,0.75,0.442,0.483,0.707,0.738,0.575,0.478,0.521,0.482,0.647,0.485,0.664,0.485,0.498,0.584,0.729,0.668,0.64,0.57,0.67,0.659,0.666,0.714,0.714,0.711,0.66,0.48,0.535,0.541,0.467,0.687,0.0,0.658,0.677,0.469,0.572,0.685,0.482,0.689,0.471,0.748,0.677,0.474,0.481,0.504,0.995,1.0,0.489,0.553
0.503,0.512,0.415,0.725,0.5,0.504,0.458,0.708,0.498,0.717,0.473,0.687,0.492,0.724,0.708,0.474,0.486,0.486,0.485,0.454,0.48,0.485,0.487,0.485,0.495,0.489,0.477,0.725,0.544,0.494,0.701,0.493,0.0,0.473,0.455,0.659,0.456,0.504,0.681,0.494,0.711,0.494,0.49,0.719,0.715,0.511,0.488,0.489,1.0,0.541
0.584,0.551,0.459,0.547,0.541,0.549,0.51,0.545,0.586,0.543,0.512,0.552,0.533,0.544,0.571,0.519,0.544,0.535,0.524,0.505,0.525,0.531,0.535,0.536,0.522,0.518,0.529,0.54,0.835,0.576,0.529,0.535,0.0,0.531,0.51,0.549,0.506,0.545,0.55,0.552,0.534,0.531,0.541,0.537,0.543,0.666,0.549,0.553,0.541,1.0
