GCF_000163235.1_ASM16323v1_genomic.fna,GCF_000164555.1_ASM16455v1_genomic.fna,GCF_000208545.1_ASM20854v2_genomic.fna,GCF_000233875.1_ASM23387v1_genomic.fna,GCF_000249735.1_ASM24973v2_genomic.fna,GCF_000261145.1_Esch_coli_M919_V2_genomic.fna,GCF_000267705.2_ASM26770v2_genomic.fna,GCF_000350665.1_Esch_coli_KTE5_V1_genomic.fna,GCF_000351625.1_Esch_coli_KTE66_V1_genomic.fna,GCF_000352285.1_Esch_coli_KTE46_V1_genomic.fna,GCF_000358895.1_ASM35889v1_genomic.fna,GCF_000456385.1_Esch_coli_HVH_26_4-5703913_V1_genomic.fna,GCF_000458195.1_Esch_coli_HVH_147_4-5893887_V1_genomic.fna,GCF_000459755.1_Esch_coli_KOEGE_58_171a_V1_genomic.fna,GCF_000460055.1_Esch_coli_UMEA_3053-1_V1_genomic.fna,GCF_000462165.2_ASM46216v2_genomic.fna,GCF_000601135.1_ASM60113v1_genomic.fna,GCF_000614595.1_Ec2010EL1058_genomic.fna,GCF_000617745.1_Ec2010C-4529_genomic.fna,GCF_000618265.2_EcF6751_genomic.fna,GCF_000619005.2_Ec2009C-4052_genomic.fna,GCF_000619105.1_Ec2009C-4780_genomic.fna,GCF_000619765.2_Ec2009C-3279_genomic.fna,GCF_000687005.1_ASM68700v1_genomic.fna,GCF_000687025.1_ASM68702v1_genomic.fna,GCF_000700125.1_ASM70012v1_genomic.fna,GCF_000753315.1_FHI35_genomic.fna,GCF_000776375.1_ASM77637v1_genomic.fna,GCF_000779395.1_ASM77939v1_genomic.fna,GCF_000780315.1_ASM78031v1_genomic.fna,GCF_000781995.1_ASM78199v1_genomic.fna,GCF_000986765.1_ASM98676v1_genomic.fna,GCF_001041375.1_ViralProj287958_genomic.fna,GCF_001265335.1_302014_genomic.fna,GCF_001265625.1_100854_genomic.fna,GCF_001267345.1_303289_genomic.fna,GCF_001309985.1_ASM130998v1_genomic.fna,GCF_001521695.1_ASM152169v1_genomic.fna,GCF_001592595.1_ASM159259v1_genomic.fna,GCF_001614975.1_ASM161497v1_genomic.fna,GCF_001692775.1_ASM169277v1_genomic.fna,GCF_001748915.1_ASM174891v1_genomic.fna,GCF_001749235.1_ASM174923v1_genomic.fna,GCF_001881155.1_ASM188115v1_genomic.fna,GCF_001881345.1_ASM188134v1_genomic.fna,GCF_001892405.1_ASM189240v1_genomic.fna,GCF_001892585.1_ASM189258v1_genomic.fna,GCF_001893985.1_ASM189398v1_genomic.fna,GCF_002001595.1_ASM200159v1_genomic.fna,GCF_002002145.1_ASM200214v1_genomic.fna
1.0,0.909,0.896,0.882,0.9,0.906,0.902,0.882,0.928,0.861,0.886,0.887,0.901,0.879,0.884,0.903,0.897,0.9,0.891,0.899,0.905,0.9,0.913,0.897,0.899,0.887,0.905,0.867,0.914,0.91,0.879,0.905,0.02,0.915,0.877,0.885,0.899,0.904,0.882,0.906,0.885,0.909,0.904,0.877,0.885,0.877,0.895,0.896,0.883,0.912
0.909,1.0,0.893,0.891,0.926,0.948,0.907,0.884,0.907,0.872,0.901,0.896,0.917,0.89,0.893,0.912,0.928,0.928,0.911,0.907,0.926,0.923,0.927,0.933,0.948,0.926,0.923,0.874,0.911,0.904,0.879,0.926,0.019,0.932,0.921,0.886,0.906,0.923,0.883,0.922,0.885,0.933,0.926,0.886,0.894,0.878,0.934,0.935,0.891,0.903
0.896,0.893,1.0,0.871,0.887,0.889,0.886,0.872,0.894,0.846,0.865,0.873,0.887,0.87,0.872,0.889,0.883,0.887,0.875,0.885,0.894,0.886,0.893,0.882,0.888,0.879,0.885,0.86,0.891,0.884,0.866,0.897,0.019,0.894,0.862,0.87,0.885,0.888,0.868,0.893,0.873,0.888,0.896,0.873,0.873,0.872,0.889,0.89,0.879,0.893
0.882,0.891,0.871,1.0,0.88,0.884,0.877,0.931,0.883,0.918,0.881,0.955,0.892,0.949,0.955,0.88,0.887,0.89,0.897,0.876,0.877,0.891,0.888,0.896,0.882,0.89,0.896,0.944,0.896,0.879,0.937,0.893,0.016,0.88,0.879,0.919,0.877,0.889,0.916,0.894,0.951,0.886,0.885,0.942,0.938,0.866,0.877,0.878,0.929,0.897
0.9,0.926,0.887,0.88,1.0,0.923,0.909,0.878,0.898,0.862,0.914,0.883,0.92,0.881,0.889,0.909,0.91,0.918,0.912,0.909,0.928,0.917,0.923,0.906,0.914,0.902,0.915,0.865,0.901,0.907,0.875,0.925,0.019,0.929,0.895,0.876,0.908,0.919,0.88,0.916,0.879,0.917,0.925,0.872,0.879,0.891,0.927,0.929,0.882,0.907
0.906,0.948,0.889,0.884,0.923,1.0,0.912,0.878,0.906,0.861,0.902,0.885,0.916,0.884,0.889,0.915,0.922,0.923,0.911,0.911,0.927,0.918,0.93,0.939,0.942,0.919,0.917,0.87,0.909,0.902,0.875,0.929,0.019,0.932,0.925,0.883,0.911,0.923,0.883,0.92,0.885,0.926,0.921,0.878,0.888,0.866,0.931,0.933,0.884,0.907
0.902,0.907,0.886,0.877,0.909,0.912,1.0,0.878,0.903,0.852,0.883,0.879,0.895,0.876,0.88,0.99,0.894,0.916,0.894,0.993,0.916,0.907,0.915,0.899,0.9,0.888,0.902,0.865,0.903,0.902,0.873,0.907,0.017,0.916,0.888,0.889,0.997,0.897,0.881,0.904,0.882,0.907,0.908,0.874,0.88,0.877,0.903,0.903,0.876,0.906
0.882,0.884,0.872,0.931,0.878,0.878,0.878,1.0,0.884,0.911,0.878,0.929,0.89,0.93,0.925,0.88,0.886,0.9,0.891,0.875,0.876,0.89,0.888,0.888,0.882,0.883,0.89,0.959,0.896,0.878,0.926,0.886,0.018,0.884,0.868,0.914,0.876,0.883,0.921,0.891,0.929,0.884,0.879,0.964,0.954,0.862,0.877,0.877,0.925,0.889
0.928,0.907,0.894,0.883,0.898,0.906,0.903,0.884,1.0,0.871,0.883,0.886,0.9,0.88,0.878,0.905,0.894,0.905,0.893,0.902,0.905,0.902,0.909,0.894,0.9,0.888,0.904,0.873,0.918,0.92,0.878,0.905,0.019,0.91,0.881,0.885,0.902,0.899,0.881,0.9,0.884,0.905,0.905,0.882,0.889,0.879,0.901,0.901,0.895,0.908
0.861,0.872,0.846,0.918,0.862,0.861,0.852,0.911,0.871,1.0,0.889,0.915,0.878,0.915,0.909,0.854,0.865,0.876,0.88,0.849,0.861,0.869,0.863,0.876,0.859,0.884,0.875,0.923,0.874,0.86,0.919,0.862,0.018,0.866,0.882,0.909,0.85,0.865,0.896,0.874,0.923,0.864,0.862,0.913,0.911,0.833,0.856,0.856,0.915,0.868
0.886,0.901,0.865,0.881,0.914,0.902,0.883,0.878,0.883,0.889,1.0,0.88,0.931,0.872,0.875,0.882,0.906,0.922,0.93,0.881,0.909,0.919,0.914,0.922,0.899,0.92,0.923,0.881,0.883,0.874,0.864,0.914,0.022,0.91,0.928,0.88,0.881,0.914,0.872,0.919,0.875,0.904,0.917,0.872,0.872,0.849,0.903,0.904,0.883,0.88
0.887,0.896,0.873,0.955,0.883,0.885,0.879,0.929,0.886,0.915,0.88,1.0,0.896,0.944,0.961,0.884,0.888,0.895,0.903,0.878,0.885,0.896,0.892,0.897,0.884,0.897,0.9,0.931,0.89,0.88,0.927,0.889,0.018,0.884,0.879,0.914,0.878,0.889,0.909,0.892,0.938,0.882,0.888,0.93,0.929,0.858,0.878,0.878,0.927,0.891
0.901,0.917,0.887,0.892,0.92,0.916,0.895,0.89,0.9,0.878,0.931,0.896,1.0,0.889,0.895,0.897,0.924,0.938,0.945,0.892,0.938,0.948,0.948,0.93,0.913,0.925,0.956,0.888,0.898,0.894,0.885,0.93,0.019,0.949,0.914,0.892,0.892,0.94,0.881,0.94,0.89,0.917,0.937,0.888,0.884,0.858,0.914,0.915,0.899,0.899
0.879,0.89,0.87,0.949,0.881,0.884,0.876,0.93,0.88,0.915,0.872,0.944,0.889,1.0,0.952,0.878,0.889,0.894,0.891,0.875,0.882,0.893,0.889,0.885,0.883,0.885,0.893,0.934,0.897,0.876,0.936,0.889,0.016,0.887,0.877,0.911,0.875,0.89,0.916,0.894,0.943,0.891,0.886,0.94,0.935,0.861,0.88,0.881,0.924,0.894
0.884,0.893,0.872,0.955,0.889,0.889,0.88,0.925,0.878,0.909,0.875,0.961,0.895,0.952,1.0,0.884,0.89,0.9,0.898,0.879,0.887,0.902,0.896,0.884,0.886,0.888,0.899,0.928,0.899,0.875,0.933,0.896,0.018,0.891,0.873,0.913,0.879,0.893,0.915,0.899,0.942,0.889,0.891,0.933,0.931,0.863,0.887,0.888,0.918,0.901
0.903,0.912,0.889,0.88,0.909,0.915,0.99,0.88,0.905,0.854,0.882,0.884,0.897,0.878,0.884,1.0,0.897,0.919,0.9,0.986,0.915,0.911,0.919,0.9,0.903,0.891,0.905,0.868,0.907,0.903,0.875,0.91,0.017,0.916,0.886,0.891,0.989,0.9,0.883,0.906,0.883,0.909,0.911,0.878,0.883,0.875,0.906,0.906,0.881,0.908
0.897,0.928,0.883,0.887,0.91,0.922,0.894,0.886,0.894,0.865,0.906,0.888,0.924,0.889,0.89,0.897,1.0,0.921,0.915,0.893,0.913,0.927,0.921,0.935,0.934,0.935,0.927,0.878,0.901,0.891,0.883,0.927,0.019,0.925,0.911,0.889,0.892,0.919,0.887,0.926,0.885,0.924,0.927,0.886,0.889,0.86,0.923,0.925,0.885,0.897
0.9,0.928,0.887,0.89,0.918,0.923,0.916,0.9,0.905,0.876,0.922,0.895,0.938,0.894,0.9,0.919,0.921,1.0,0.942,0.915,0.941,0.953,0.948,0.928,0.918,0.922,0.942,0.888,0.907,0.898,0.887,0.938,0.02,0.938,0.905,0.894,0.915,0.93,0.889,0.938,0.892,0.931,0.932,0.894,0.9,0.866,0.92,0.921,0.889,0.9
0.891,0.911,0.875,0.897,0.912,0.911,0.894,0.891,0.893,0.88,0.93,0.903,0.945,0.891,0.898,0.9,0.915,0.942,1.0,0.894,0.93,0.944,0.939,0.932,0.909,0.93,0.942,0.894,0.897,0.885,0.885,0.933,0.019,0.926,0.916,0.888,0.894,0.926,0.887,0.924,0.892,0.916,0.926,0.886,0.887,0.856,0.909,0.911,0.901,0.89
0.899,0.907,0.885,0.876,0.909,0.911,0.993,0.875,0.902,0.849,0.881,0.878,0.892,0.875,0.879,0.986,0.893,0.915,0.894,1.0,0.914,0.905,0.912,0.895,0.901,0.887,0.899,0.864,0.901,0.899,0.871,0.906,0.017,0.913,0.883,0.883,0.995,0.896,0.878,0.902,0.881,0.904,0.906,0.873,0.879,0.879,0.902,0.902,0.877,0.903
0.905,0.926,0.894,0.877,0.928,0.927,0.916,0.876,0.905,0.861,0.909,0.885,0.938,0.882,0.887,0.915,0.913,0.941,0.93,0.914,1.0,0.944,0.954,0.921,0.915,0.913,0.94,0.869,0.902,0.903,0.878,0.937,0.019,0.946,0.899,0.886,0.915,0.929,0.879,0.935,0.886,0.925,0.933,0.876,0.883,0.879,0.924,0.925,0.884,0.905
0.9,0.923,0.886,0.891,0.917,0.918,0.907,0.89,0.902,0.869,0.919,0.896,0.948,0.893,0.902,0.911,0.927,0.953,0.944,0.905,0.944,1.0,0.97,0.925,0.918,0.917,0.945,0.881,0.901,0.898,0.891,0.939,0.02,0.954,0.908,0.887,0.904,0.94,0.883,0.937,0.893,0.927,0.941,0.886,0.89,0.866,0.918,0.919,0.893,0.902
0.913,0.927,0.893,0.888,0.923,0.93,0.915,0.888,0.909,0.863,0.914,0.892,0.948,0.889,0.896,0.919,0.921,0.948,0.939,0.912,0.954,0.97,1.0,0.92,0.919,0.91,0.944,0.876,0.904,0.9,0.884,0.941,0.019,0.961,0.901,0.886,0.912,0.933,0.879,0.932,0.889,0.925,0.936,0.884,0.889,0.872,0.922,0.924,0.89,0.906
0.897,0.933,0.882,0.896,0.906,0.939,0.899,0.888,0.894,0.876,0.922,0.897,0.93,0.885,0.884,0.9,0.935,0.928,0.932,0.895,0.921,0.925,0.92,1.0,0.931,0.94,0.931,0.885,0.893,0.889,0.877,0.922,0.019,0.922,0.941,0.897,0.897,0.922,0.884,0.922,0.888,0.926,0.927,0.885,0.887,0.855,0.922,0.923,0.9,0.892
0.899,0.948,0.888,0.882,0.914,0.942,0.9,0.882,0.9,0.859,0.899,0.884,0.913,0.883,0.886,0.903,0.934,0.918,0.909,0.901,0.915,0.918,0.919,0.931,1.0,0.925,0.915,0.874,0.898,0.895,0.881,0.924,0.018,0.922,0.922,0.883,0.901,0.914,0.881,0.913,0.882,0.926,0.92,0.883,0.89,0.867,0.923,0.924,0.891,0.893
0.887,0.926,0.879,0.89,0.902,0.919,0.888,0.883,0.888,0.884,0.92,0.897,0.925,0.885,0.888,0.891,0.935,0.922,0.93,0.887,0.913,0.917,0.91,0.94,0.925,1.0,0.924,0.884,0.892,0.883,0.879,0.909,0.02,0.911,0.923,0.886,0.887,0.913,0.876,0.92,0.882,0.918,0.911,0.881,0.878,0.849,0.912,0.913,0.895,0.882
0.905,0.923,0.885,0.896,0.915,0.917,0.902,0.89,0.904,0.875,0.923,0.9,0.956,0.893,0.899,0.905,0.927,0.942,0.942,0.899,0.94,0.945,0.944,0.931,0.915,0.924,1.0,0.887,0.904,0.893,0.887,0.938,0.019,0.94,0.912,0.898,0.9,0.946,0.889,0.933,0.894,0.921,0.95,0.892,0.892,0.864,0.908,0.909,0.895,0.902
0.867,0.874,0.86,0.944,0.865,0.87,0.865,0.959,0.873,0.923,0.881,0.931,0.888,0.934,0.928,0.868,0.878,0.888,0.894,0.864,0.869,0.881,0.876,0.885,0.874,0.884,0.887,1.0,0.889,0.867,0.924,0.881,0.017,0.873,0.874,0.91,0.865,0.876,0.912,0.884,0.934,0.869,0.872,0.983,0.972,0.85,0.865,0.865,0.926,0.88
0.914,0.911,0.891,0.896,0.901,0.909,0.903,0.896,0.918,0.874,0.883,0.89,0.898,0.897,0.899,0.907,0.901,0.907,0.897,0.901,0.902,0.901,0.904,0.893,0.898,0.892,0.904,0.889,1.0,0.895,0.889,0.914,0.017,0.904,0.884,0.9,0.902,0.902,0.898,0.906,0.896,0.907,0.905,0.896,0.901,0.896,0.898,0.898,0.894,0.954
0.91,0.904,0.884,0.879,0.907,0.902,0.902,0.878,0.92,0.86,0.874,0.88,0.894,0.876,0.875,0.903,0.891,0.898,0.885,0.899,0.903,0.898,0.9,0.889,0.895,0.883,0.893,0.867,0.895,1.0,0.874,0.9,0.019,0.905,0.873,0.873,0.901,0.898,0.871,0.897,0.88,0.892,0.895,0.873,0.883,0.89,0.893,0.894,0.88,0.906
0.879,0.879,0.866,0.937,0.875,0.875,0.873,0.926,0.878,0.919,0.864,0.927,0.885,0.936,0.933,0.875,0.883,0.887,0.885,0.871,0.878,0.891,0.884,0.877,0.881,0.879,0.887,0.924,0.889,0.874,1.0,0.881,0.016,0.883,0.867,0.917,0.872,0.882,0.91,0.894,0.965,0.88,0.877,0.928,0.926,0.859,0.877,0.876,0.921,0.884
0.905,0.926,0.897,0.893,0.925,0.929,0.907,0.886,0.905,0.862,0.914,0.889,0.93,0.889,0.896,0.91,0.927,0.938,0.933,0.906,0.937,0.939,0.941,0.922,0.924,0.909,0.938,0.881,0.914,0.9,0.881,1.0,0.019,0.935,0.899,0.883,0.907,0.941,0.888,0.936,0.887,0.932,0.94,0.888,0.895,0.876,0.926,0.927,0.891,0.909
0.02,0.019,0.019,0.016,0.019,0.019,0.017,0.018,0.019,0.018,0.022,0.018,0.019,0.016,0.018,0.017,0.019,0.02,0.019,0.017,0.019,0.02,0.019,0.019,0.018,0.02,0.019,0.017,0.017,0.019,0.016,0.019,1.0,0.02,0.02,0.019,0.017,0.02,0.019,0.019,0.017,0.018,0.019,0.017,0.018,0.018,0.018,0.018,0.016,0.016
0.915,0.932,0.894,0.88,0.929,0.932,0.916,0.884,0.91,0.866,0.91,0.884,0.949,0.887,0.891,0.916,0.925,0.938,0.926,0.913,0.946,0.954,0.961,0.922,0.922,0.911,0.94,0.873,0.904,0.905,0.883,0.935,0.02,1.0,0.906,0.89,0.914,0.931,0.881,0.931,0.886,0.924,0.939,0.88,0.889,0.867,0.923,0.925,0.89,0.906
0.877,0.921,0.862,0.879,0.895,0.925,0.888,0.868,0.881,0.882,0.928,0.879,0.914,0.877,0.873,0.886,0.911,0.905,0.916,0.883,0.899,0.908,0.901,0.941,0.922,0.923,0.912,0.874,0.884,0.873,0.867,0.899,0.02,0.906,1.0,0.883,0.885,0.91,0.875,0.904,0.873,0.91,0.909,0.867,0.867,0.838,0.904,0.904,0.884,0.877
0.885,0.886,0.87,0.919,0.876,0.883,0.889,0.914,0.885,0.909,0.88,0.914,0.892,0.911,0.913,0.891,0.889,0.894,0.888,0.883,0.886,0.887,0.886,0.897,0.883,0.886,0.898,0.91,0.9,0.873,0.917,0.883,0.019,0.89,0.883,1.0,0.886,0.878,0.918,0.896,0.924,0.886,0.883,0.915,0.912,0.855,0.87,0.87,0.915,0.896
0.899,0.906,0.885,0.877,0.908,0.911,0.997,0.876,0.902,0.85,0.881,0.878,0.892,0.875,0.879,0.989,0.892,0.915,0.894,0.995,0.915,0.904,0.912,0.897,0.901,0.887,0.9,0.865,0.902,0.901,0.872,0.907,0.017,0.914,0.885,0.886,1.0,0.895,0.88,0.902,0.882,0.905,0.907,0.874,0.881,0.878,0.903,0.903,0.877,0.904
0.904,0.923,0.888,0.889,0.919,0.923,0.897,0.883,0.899,0.865,0.914,0.889,0.94,0.89,0.893,0.9,0.919,0.93,0.926,0.896,0.929,0.94,0.933,0.922,0.914,0.913,0.946,0.876,0.902,0.898,0.882,0.941,0.02,0.931,0.91,0.878,0.895,1.0,0.881,0.934,0.889,0.922,0.953,0.881,0.885,0.87,0.918,0.919,0.887,0.899
0.882,0.883,0.868,0.916,0.88,0.883,0.881,0.921,0.881,0.896,0.872,0.909,0.881,0.916,0.915,0.883,0.887,0.889,0.887,0.878,0.879,0.883,0.879,0.884,0.881,0.876,0.889,0.912,0.898,0.871,0.91,0.888,0.019,0.881,0.875,0.918,0.88,0.881,1.0,0.889,0.92,0.885,0.88,0.922,0.923,0.855,0.875,0.875,0.914,0.891
0.906,0.922,0.893,0.894,0.916,0.92,0.904,0.891,0.9,0.874,0.919,0.892,0.94,0.894,0.899,0.906,0.926,0.938,0.924,0.902,0.935,0.937,0.932,0.922,0.913,0.92,0.933,0.884,0.906,0.897,0.894,0.936,0.019,0.931,0.904,0.896,0.902,0.934,0.889,1.0,0.9,0.922,0.935,0.89,0.897,0.871,0.921,0.922,0.885,0.91
0.885,0.885,0.873,0.951,0.879,0.885,0.882,0.929,0.884,0.923,0.875,0.938,0.89,0.943,0.942,0.883,0.885,0.892,0.892,0.881,0.886,0.893,0.889,0.888,0.882,0.882,0.894,0.934,0.896,0.88,0.965,0.887,0.017,0.886,0.873,0.924,0.882,0.889,0.92,0.9,1.0,0.884,0.887,0.937,0.934,0.865,0.88,0.88,0.926,0.892
0.909,0.933,0.888,0.886,0.917,0.926,0.907,0.884,0.905,0.864,0.904,0.882,0.917,0.891,0.889,0.909,0.924,0.931,0.916,0.904,0.925,0.927,0.925,0.926,0.926,0.918,0.921,0.869,0.907,0.892,0.88,0.932,0.018,0.924,0.91,0.886,0.905,0.922,0.885,0.922,0.884,1.0,0.933,0.877,0.884,0.868,0.929,0.931,0.884,0.899
0.904,0.926,0.896,0.885,0.925,0.921,0.908,0.879,0.905,0.862,0.917,0.888,0.937,0.886,0.891,0.911,0.927,0.932,0.926,0.906,0.933,0.941,0.936,0.927,0.92,0.911,0.95,0.872,0.905,0.895,0.877,0.94,0.019,0.939,0.909,0.883,0.907,0.953,0.88,0.935,0.887,0.933,1.0,0.879,0.888,0.869,0.917,0.918,0.887,0.905
0.877,0.886,0.873,0.942,0.872,0.878,0.874,0.964,0.882,0.913,0.872,0.93,0.888,0.94,0.933,0.878,0.886,0.894,0.886,0.873,0.876,0.886,0.884,0.885,0.883,0.881,0.892,0.983,0.896,0.873,0.928,0.888,0.017,0.88,0.867,0.915,0.874,0.881,0.922,0.89,0.937,0.877,0.879,1.0,0.984,0.862,0.873,0.873,0.927,0.887
0.885,0.894,0.873,0.938,0.879,0.888,0.88,0.954,0.889,0.911,0.872,0.929,0.884,0.935,0.931,0.883,0.889,0.9,0.887,0.879,0.883,0.89,0.889,0.887,0.89,0.878,0.892,0.972,0.901,0.883,0.926,0.895,0.018,0.889,0.867,0.912,0.881,0.885,0.923,0.897,0.934,0.884,0.888,0.984,1.0,0.868,0.88,0.88,0.922,0.893
0.877,0.878,0.872,0.866,0.891,0.866,0.877,0.862,0.879,0.833,0.849,0.858,0.858,0.861,0.863,0.875,0.86,0.866,0.856,0.879,0.879,0.866,0.872,0.855,0.867,0.849,0.864,0.85,0.896,0.89,0.859,0.876,0.018,0.867,0.838,0.855,0.878,0.87,0.855,0.871,0.865,0.868,0.869,0.862,0.868,1.0,0.877,0.877,0.858,0.91
0.895,0.934,0.889,0.877,0.927,0.931,0.903,0.877,0.901,0.856,0.903,0.878,0.914,0.88,0.887,0.906,0.923,0.92,0.909,0.902,0.924,0.918,0.922,0.922,0.923,0.912,0.908,0.865,0.898,0.893,0.877,0.926,0.018,0.923,0.904,0.87,0.903,0.918,0.875,0.921,0.88,0.929,0.917,0.873,0.88,0.877,1.0,0.998,0.881,0.895
0.896,0.935,0.89,0.878,0.929,0.933,0.903,0.877,0.901,0.856,0.904,0.878,0.915,0.881,0.888,0.906,0.925,0.921,0.911,0.902,0.925,0.919,0.924,0.923,0.924,0.913,0.909,0.865,0.898,0.894,0.876,0.927,0.018,0.925,0.904,0.87,0.903,0.919,0.875,0.922,0.88,0.931,0.918,0.873,0.88,0.877,0.998,1.0,0.881,0.895
0.883,0.891,0.879,0.929,0.882,0.884,0.876,0.925,0.895,0.915,0.883,0.927,0.899,0.924,0.918,0.881,0.885,0.889,0.901,0.877,0.884,0.893,0.89,0.9,0.891,0.895,0.895,0.926,0.894,0.88,0.921,0.891,0.016,0.89,0.884,0.915,0.877,0.887,0.914,0.885,0.926,0.884,0.887,0.927,0.922,0.858,0.881,0.881,1.0,0.887
0.912,0.903,0.893,0.897,0.907,0.907,0.906,0.889,0.908,0.868,0.88,0.891,0.899,0.894,0.901,0.908,0.897,0.9,0.89,0.903,0.905,0.902,0.906,0.892,0.893,0.882,0.902,0.88,0.954,0.906,0.884,0.909,0.016,0.906,0.877,0.896,0.904,0.899,0.891,0.91,0.892,0.899,0.905,0.887,0.893,0.91,0.895,0.895,0.887,1.0
