GCF_000163235.1_ASM16323v1_genomic.fna,GCF_000164555.1_ASM16455v1_genomic.fna,GCF_000208545.1_ASM20854v2_genomic.fna,GCF_000233875.1_ASM23387v1_genomic.fna,GCF_000249735.1_ASM24973v2_genomic.fna,GCF_000261145.1_Esch_coli_M919_V2_genomic.fna,GCF_000267705.2_ASM26770v2_genomic.fna,GCF_000350665.1_Esch_coli_KTE5_V1_genomic.fna,GCF_000351625.1_Esch_coli_KTE66_V1_genomic.fna,GCF_000352285.1_Esch_coli_KTE46_V1_genomic.fna,GCF_000358895.1_ASM35889v1_genomic.fna,GCF_000456385.1_Esch_coli_HVH_26_4-5703913_V1_genomic.fna,GCF_000458195.1_Esch_coli_HVH_147_4-5893887_V1_genomic.fna,GCF_000459755.1_Esch_coli_KOEGE_58_171a_V1_genomic.fna,GCF_000460055.1_Esch_coli_UMEA_3053-1_V1_genomic.fna,GCF_000462165.2_ASM46216v2_genomic.fna,GCF_000601135.1_ASM60113v1_genomic.fna,GCF_000614595.1_Ec2010EL1058_genomic.fna,GCF_000617745.1_Ec2010C-4529_genomic.fna,GCF_000618265.2_EcF6751_genomic.fna,GCF_000619005.2_Ec2009C-4052_genomic.fna,GCF_000619105.1_Ec2009C-4780_genomic.fna,GCF_000619765.2_Ec2009C-3279_genomic.fna,GCF_000687005.1_ASM68700v1_genomic.fna,GCF_000687025.1_ASM68702v1_genomic.fna,GCF_000700125.1_ASM70012v1_genomic.fna,GCF_000753315.1_FHI35_genomic.fna,GCF_000776375.1_ASM77637v1_genomic.fna,GCF_000779395.1_ASM77939v1_genomic.fna,GCF_000780315.1_ASM78031v1_genomic.fna,GCF_000781995.1_ASM78199v1_genomic.fna,GCF_000986765.1_ASM98676v1_genomic.fna,GCF_001041375.1_ViralProj287958_genomic.fna,GCF_001265335.1_302014_genomic.fna,GCF_001265625.1_100854_genomic.fna,GCF_001267345.1_303289_genomic.fna,GCF_001309985.1_ASM130998v1_genomic.fna,GCF_001521695.1_ASM152169v1_genomic.fna,GCF_001592595.1_ASM159259v1_genomic.fna,GCF_001614975.1_ASM161497v1_genomic.fna,GCF_001692775.1_ASM169277v1_genomic.fna,GCF_001748915.1_ASM174891v1_genomic.fna,GCF_001749235.1_ASM174923v1_genomic.fna,GCF_001881155.1_ASM188115v1_genomic.fna,GCF_001881345.1_ASM188134v1_genomic.fna,GCF_001892405.1_ASM189240v1_genomic.fna,GCF_001892585.1_ASM189258v1_genomic.fna,GCF_001893985.1_ASM189398v1_genomic.fna,GCF_002001595.1_ASM200159v1_genomic.fna,GCF_002002145.1_ASM200214v1_genomic.fna
1.0,0.563,0.477,0.491,0.542,0.537,0.537,0.518,0.649,0.512,0.513,0.508,0.526,0.492,0.484,0.536,0.53,0.524,0.519,0.536,0.513,0.515,0.532,0.539,0.542,0.522,0.517,0.516,0.581,0.621,0.462,0.521,0.0,0.51,0.495,0.501,0.536,0.527,0.486,0.504,0.491,0.522,0.514,0.503,0.519,0.53,0.525,0.526,0.496,0.584
0.563,1.0,0.422,0.472,0.663,0.804,0.57,0.507,0.52,0.497,0.613,0.505,0.646,0.464,0.474,0.571,0.717,0.625,0.636,0.57,0.618,0.629,0.645,0.786,0.823,0.716,0.627,0.497,0.511,0.515,0.447,0.652,0.0,0.634,0.737,0.479,0.568,0.648,0.47,0.633,0.473,0.703,0.636,0.5,0.5,0.478,0.714,0.715,0.49,0.508
0.477,0.422,1.0,0.4,0.432,0.425,0.418,0.408,0.474,0.417,0.413,0.409,0.423,0.398,0.404,0.431,0.428,0.424,0.421,0.416,0.412,0.423,0.431,0.426,0.427,0.417,0.42,0.401,0.475,0.465,0.359,0.421,0.0,0.431,0.386,0.416,0.418,0.424,0.401,0.426,0.394,0.417,0.431,0.4,0.393,0.414,0.419,0.419,0.411,0.472
0.491,0.472,0.4,1.0,0.475,0.472,0.457,0.731,0.487,0.765,0.453,0.75,0.465,0.798,0.782,0.47,0.468,0.463,0.467,0.455,0.438,0.468,0.474,0.473,0.477,0.463,0.465,0.768,0.543,0.486,0.722,0.463,0.0,0.456,0.433,0.689,0.456,0.47,0.701,0.457,0.776,0.46,0.464,0.752,0.746,0.495,0.457,0.456,0.708,0.548
0.542,0.663,0.432,0.475,1.0,0.687,0.572,0.482,0.548,0.489,0.789,0.483,0.741,0.473,0.48,0.589,0.684,0.694,0.716,0.569,0.698,0.712,0.717,0.678,0.681,0.66,0.735,0.477,0.526,0.542,0.442,0.717,0.0,0.712,0.637,0.491,0.571,0.734,0.472,0.731,0.472,0.679,0.738,0.466,0.472,0.479,0.677,0.679,0.474,0.511
0.537,0.804,0.425,0.472,0.687,1.0,0.584,0.487,0.531,0.483,0.642,0.48,0.669,0.468,0.478,0.596,0.736,0.669,0.66,0.576,0.632,0.659,0.673,0.8,0.828,0.712,0.649,0.475,0.518,0.53,0.433,0.664,0.0,0.669,0.766,0.494,0.58,0.666,0.483,0.658,0.465,0.741,0.667,0.461,0.465,0.461,0.742,0.742,0.473,0.504
0.537,0.57,0.418,0.457,0.572,0.584,1.0,0.47,0.541,0.461,0.546,0.463,0.57,0.458,0.464,0.952,0.564,0.595,0.586,0.986,0.595,0.601,0.615,0.565,0.571,0.545,0.566,0.461,0.508,0.522,0.421,0.577,0.0,0.579,0.539,0.493,0.992,0.558,0.462,0.549,0.448,0.563,0.564,0.452,0.453,0.455,0.562,0.563,0.456,0.504
0.518,0.507,0.408,0.731,0.482,0.487,0.47,1.0,0.491,0.755,0.456,0.747,0.473,0.746,0.741,0.466,0.473,0.467,0.473,0.47,0.459,0.473,0.479,0.49,0.486,0.466,0.472,0.916,0.583,0.472,0.714,0.491,0.0,0.459,0.442,0.643,0.467,0.491,0.714,0.463,0.75,0.474,0.474,0.892,0.884,0.506,0.473,0.473,0.711,0.564
0.649,0.52,0.474,0.487,0.548,0.531,0.541,0.491,1.0,0.493,0.514,0.481,0.527,0.493,0.483,0.55,0.523,0.524,0.518,0.538,0.515,0.521,0.53,0.525,0.522,0.51,0.528,0.489,0.568,0.665,0.443,0.533,0.0,0.521,0.482,0.51,0.541,0.52,0.481,0.525,0.475,0.535,0.527,0.474,0.475,0.516,0.519,0.518,0.48,0.577
0.512,0.497,0.417,0.765,0.489,0.483,0.461,0.755,0.493,1.0,0.463,0.754,0.475,0.764,0.762,0.475,0.468,0.46,0.468,0.458,0.451,0.462,0.469,0.474,0.485,0.463,0.468,0.767,0.552,0.491,0.76,0.465,0.0,0.46,0.433,0.685,0.46,0.478,0.725,0.463,0.793,0.472,0.469,0.747,0.757,0.5,0.466,0.465,0.723,0.546
0.513,0.613,0.413,0.453,0.789,0.642,0.546,0.456,0.514,0.463,1.0,0.452,0.794,0.444,0.448,0.56,0.65,0.705,0.714,0.543,0.685,0.736,0.715,0.674,0.632,0.666,0.745,0.449,0.481,0.528,0.413,0.69,0.0,0.705,0.677,0.476,0.544,0.726,0.448,0.756,0.439,0.665,0.757,0.434,0.436,0.453,0.645,0.646,0.448,0.48
0.508,0.505,0.409,0.75,0.483,0.48,0.463,0.747,0.481,0.754,0.452,1.0,0.459,0.771,0.867,0.464,0.464,0.451,0.464,0.459,0.457,0.46,0.469,0.475,0.487,0.462,0.463,0.761,0.555,0.475,0.689,0.477,0.0,0.451,0.439,0.659,0.461,0.475,0.709,0.456,0.742,0.464,0.466,0.745,0.749,0.499,0.474,0.474,0.705,0.547
0.526,0.646,0.423,0.465,0.741,0.669,0.57,0.473,0.527,0.475,0.794,0.459,1.0,0.452,0.458,0.583,0.659,0.752,0.748,0.565,0.732,0.794,0.777,0.703,0.661,0.679,0.796,0.461,0.497,0.539,0.428,0.727,0.0,0.762,0.685,0.483,0.569,0.772,0.452,0.798,0.448,0.67,0.789,0.449,0.452,0.46,0.657,0.657,0.458,0.495
0.492,0.464,0.398,0.798,0.473,0.468,0.458,0.746,0.493,0.764,0.444,0.771,0.452,1.0,0.804,0.458,0.452,0.452,0.458,0.455,0.44,0.457,0.461,0.456,0.463,0.441,0.458,0.781,0.554,0.471,0.733,0.469,0.0,0.45,0.418,0.679,0.458,0.462,0.717,0.448,0.783,0.462,0.456,0.757,0.757,0.493,0.458,0.457,0.721,0.555
0.484,0.474,0.404,0.782,0.48,0.478,0.464,0.741,0.483,0.762,0.448,0.867,0.458,0.804,1.0,0.463,0.455,0.45,0.457,0.461,0.442,0.452,0.461,0.456,0.464,0.444,0.461,0.768,0.561,0.477,0.732,0.461,0.0,0.448,0.426,0.668,0.464,0.474,0.737,0.454,0.779,0.46,0.459,0.745,0.745,0.501,0.477,0.476,0.716,0.571
0.536,0.571,0.431,0.47,0.589,0.596,0.952,0.466,0.55,0.475,0.56,0.464,0.583,0.458,0.463,1.0,0.577,0.596,0.595,0.944,0.588,0.608,0.621,0.576,0.582,0.559,0.578,0.457,0.504,0.539,0.418,0.568,0.0,0.585,0.548,0.502,0.948,0.574,0.457,0.56,0.447,0.569,0.577,0.449,0.45,0.455,0.559,0.559,0.459,0.499
0.53,0.717,0.428,0.468,0.684,0.736,0.564,0.473,0.523,0.468,0.65,0.464,0.659,0.452,0.455,0.577,1.0,0.659,0.661,0.56,0.629,0.672,0.667,0.757,0.742,0.757,0.653,0.465,0.495,0.518,0.413,0.694,0.0,0.67,0.695,0.492,0.56,0.656,0.463,0.659,0.438,0.707,0.665,0.457,0.465,0.445,0.711,0.711,0.461,0.488
0.524,0.625,0.424,0.463,0.694,0.669,0.595,0.467,0.524,0.46,0.705,0.451,0.752,0.452,0.45,0.596,0.659,1.0,0.786,0.589,0.725,0.78,0.77,0.674,0.646,0.645,0.733,0.46,0.493,0.538,0.425,0.706,0.0,0.731,0.635,0.509,0.592,0.703,0.461,0.723,0.443,0.657,0.72,0.449,0.449,0.452,0.655,0.655,0.452,0.49
0.519,0.636,0.421,0.467,0.716,0.66,0.586,0.473,0.518,0.468,0.714,0.464,0.748,0.458,0.457,0.595,0.661,0.786,1.0,0.579,0.739,0.779,0.777,0.664,0.645,0.646,0.74,0.464,0.487,0.52,0.422,0.712,0.0,0.742,0.635,0.499,0.582,0.71,0.457,0.729,0.447,0.662,0.726,0.453,0.457,0.452,0.651,0.651,0.461,0.487
0.536,0.57,0.416,0.455,0.569,0.576,0.986,0.47,0.538,0.458,0.543,0.459,0.565,0.455,0.461,0.944,0.56,0.589,0.579,1.0,0.591,0.594,0.607,0.56,0.575,0.541,0.561,0.461,0.508,0.519,0.421,0.574,0.0,0.574,0.534,0.488,0.991,0.555,0.46,0.546,0.448,0.558,0.56,0.452,0.453,0.455,0.559,0.56,0.454,0.504
0.513,0.618,0.412,0.438,0.698,0.632,0.595,0.459,0.515,0.451,0.685,0.457,0.732,0.44,0.442,0.588,0.629,0.725,0.739,0.591,1.0,0.744,0.764,0.629,0.626,0.618,0.719,0.451,0.478,0.506,0.409,0.719,0.0,0.734,0.602,0.475,0.59,0.697,0.453,0.725,0.435,0.636,0.713,0.442,0.444,0.447,0.636,0.636,0.445,0.481
0.515,0.629,0.423,0.468,0.712,0.659,0.601,0.473,0.521,0.462,0.736,0.46,0.794,0.457,0.452,0.608,0.672,0.78,0.779,0.594,0.744,1.0,0.917,0.678,0.649,0.65,0.766,0.459,0.484,0.533,0.417,0.727,0.0,0.865,0.64,0.49,0.597,0.745,0.457,0.765,0.441,0.657,0.772,0.45,0.448,0.458,0.649,0.649,0.455,0.49
0.532,0.645,0.431,0.474,0.717,0.673,0.615,0.479,0.53,0.469,0.715,0.469,0.777,0.461,0.461,0.621,0.667,0.77,0.777,0.607,0.764,0.917,1.0,0.667,0.666,0.641,0.761,0.467,0.489,0.521,0.424,0.743,0.0,0.864,0.628,0.494,0.611,0.735,0.459,0.749,0.452,0.661,0.754,0.458,0.459,0.457,0.656,0.656,0.461,0.491
0.539,0.786,0.426,0.473,0.678,0.8,0.565,0.49,0.525,0.474,0.674,0.475,0.703,0.456,0.456,0.576,0.757,0.674,0.664,0.56,0.629,0.678,0.667,1.0,0.826,0.759,0.677,0.47,0.498,0.544,0.417,0.656,0.0,0.657,0.808,0.494,0.563,0.67,0.453,0.687,0.445,0.721,0.683,0.454,0.458,0.451,0.703,0.704,0.461,0.492
0.542,0.823,0.427,0.477,0.681,0.828,0.571,0.486,0.522,0.485,0.632,0.487,0.661,0.463,0.464,0.582,0.742,0.646,0.645,0.575,0.626,0.649,0.666,0.826,1.0,0.742,0.638,0.474,0.5,0.52,0.427,0.677,0.0,0.65,0.775,0.485,0.573,0.654,0.468,0.641,0.456,0.72,0.654,0.475,0.47,0.465,0.709,0.709,0.481,0.497
0.522,0.716,0.417,0.463,0.66,0.712,0.545,0.466,0.51,0.463,0.666,0.462,0.679,0.441,0.444,0.559,0.757,0.645,0.646,0.541,0.618,0.65,0.641,0.759,0.742,1.0,0.664,0.454,0.482,0.526,0.415,0.635,0.0,0.627,0.719,0.481,0.543,0.654,0.443,0.672,0.437,0.694,0.66,0.457,0.443,0.443,0.696,0.695,0.457,0.48
0.517,0.627,0.42,0.465,0.735,0.649,0.566,0.472,0.528,0.468,0.745,0.463,0.796,0.458,0.461,0.578,0.653,0.733,0.74,0.561,0.719,0.766,0.761,0.677,0.638,0.664,1.0,0.458,0.497,0.529,0.425,0.732,0.0,0.736,0.641,0.482,0.565,0.823,0.45,0.8,0.449,0.658,0.849,0.451,0.447,0.458,0.643,0.643,0.453,0.491
0.516,0.497,0.401,0.768,0.477,0.475,0.461,0.916,0.489,0.767,0.449,0.761,0.461,0.781,0.768,0.457,0.465,0.46,0.464,0.461,0.451,0.459,0.467,0.47,0.474,0.454,0.458,1.0,0.577,0.473,0.736,0.484,0.0,0.45,0.431,0.658,0.46,0.478,0.723,0.448,0.781,0.461,0.457,0.961,0.946,0.508,0.474,0.475,0.727,0.562
0.581,0.511,0.475,0.543,0.526,0.518,0.508,0.583,0.568,0.552,0.481,0.555,0.497,0.554,0.561,0.504,0.495,0.493,0.487,0.508,0.478,0.484,0.489,0.498,0.5,0.482,0.497,0.577,1.0,0.546,0.527,0.51,0.0,0.485,0.468,0.545,0.507,0.498,0.558,0.488,0.547,0.493,0.495,0.57,0.573,0.602,0.497,0.498,0.543,0.854
0.621,0.515,0.465,0.486,0.542,0.53,0.522,0.472,0.665,0.491,0.528,0.475,0.539,0.471,0.477,0.539,0.518,0.538,0.52,0.519,0.506,0.533,0.521,0.544,0.52,0.526,0.529,0.473,0.546,1.0,0.433,0.505,0.0,0.512,0.504,0.511,0.522,0.531,0.466,0.544,0.467,0.518,0.536,0.46,0.458,0.507,0.512,0.512,0.469,0.555
0.462,0.447,0.359,0.722,0.442,0.433,0.421,0.714,0.443,0.76,0.413,0.689,0.428,0.733,0.732,0.418,0.413,0.425,0.422,0.421,0.409,0.417,0.424,0.417,0.427,0.415,0.425,0.736,0.527,0.433,1.0,0.427,0.0,0.416,0.388,0.64,0.421,0.425,0.682,0.421,0.889,0.429,0.423,0.741,0.744,0.493,0.433,0.433,0.672,0.522
0.521,0.652,0.421,0.463,0.717,0.664,0.577,0.491,0.533,0.465,0.69,0.477,0.727,0.469,0.461,0.568,0.694,0.706,0.712,0.574,0.719,0.727,0.743,0.656,0.677,0.635,0.732,0.484,0.51,0.505,0.427,1.0,0.0,0.724,0.605,0.477,0.575,0.731,0.468,0.735,0.45,0.674,0.741,0.474,0.48,0.458,0.666,0.666,0.461,0.496
0.0,0.0,0.0,0.0,0.0,0.0,0.0,0.0,0.0,0.0,0.0,0.0,0.0,0.0,0.0,0.0,0.0,0.0,0.0,0.0,0.0,0.0,0.0,0.0,0.0,0.0,0.0,0.0,0.0,0.0,0.0,0.0,1.0,0.0,0.0,0.0,0.0,0.0,0.0,0.0,0.0,0.0,0.0,0.0,0.0,0.0,0.0,0.0,0.0,0.0
0.51,0.634,0.431,0.456,0.712,0.669,0.579,0.459,0.521,0.46,0.705,0.451,0.762,0.45,0.448,0.585,0.67,0.731,0.742,0.574,0.734,0.865,0.864,0.657,0.65,0.627,0.736,0.45,0.485,0.512,0.416,0.724,0.0,1.0,0.611,0.495,0.576,0.724,0.453,0.741,0.438,0.651,0.759,0.44,0.445,0.45,0.652,0.652,0.451,0.489
0.495,0.737,0.386,0.433,0.637,0.766,0.539,0.442,0.482,0.433,0.677,0.439,0.685,0.418,0.426,0.548,0.695,0.635,0.635,0.534,0.602,0.64,0.628,0.808,0.775,0.719,0.641,0.431,0.468,0.504,0.388,0.605,0.0,0.611,1.0,0.454,0.536,0.628,0.428,0.644,0.412,0.682,0.646,0.416,0.42,0.42,0.661,0.661,0.425,0.457
0.501,0.479,0.416,0.689,0.491,0.494,0.493,0.643,0.51,0.685,0.476,0.659,0.483,0.679,0.668,0.502,0.492,0.509,0.499,0.488,0.475,0.49,0.494,0.494,0.485,0.481,0.482,0.658,0.545,0.511,0.64,0.477,0.0,0.495,0.454,1.0,0.492,0.477,0.677,0.485,0.671,0.48,0.484,0.64,0.646,0.486,0.477,0.476,0.658,0.548
0.536,0.568,0.418,0.456,0.571,0.58,0.992,0.467,0.541,0.46,0.544,0.461,0.569,0.458,0.464,0.948,0.56,0.592,0.582,0.991,0.59,0.597,0.611,0.563,0.573,0.543,0.565,0.46,0.507,0.522,0.421,0.575,0.0,0.576,0.536,0.492,1.0,0.557,0.458,0.549,0.447,0.561,0.563,0.449,0.451,0.454,0.562,0.563,0.455,0.504
0.527,0.648,0.424,0.47,0.734,0.666,0.558,0.491,0.52,0.478,0.726,0.475,0.772,0.462,0.474,0.574,0.656,0.703,0.71,0.555,0.697,0.745,0.735,0.67,0.654,0.654,0.823,0.478,0.498,0.531,0.425,0.731,0.0,0.724,0.628,0.477,0.557,1.0,0.47,0.768,0.448,0.651,0.849,0.469,0.461,0.463,0.656,0.655,0.464,0.496
0.486,0.47,0.401,0.701,0.472,0.483,0.462,0.714,0.481,0.725,0.448,0.709,0.452,0.717,0.737,0.457,0.463,0.461,0.457,0.46,0.453,0.457,0.459,0.453,0.468,0.443,0.45,0.723,0.558,0.466,0.682,0.468,0.0,0.453,0.428,0.677,0.458,0.47,1.0,0.44,0.722,0.463,0.461,0.705,0.71,0.489,0.468,0.468,0.692,0.543
0.504,0.633,0.426,0.457,0.731,0.658,0.549,0.463,0.525,0.463,0.756,0.456,0.798,0.448,0.454,0.56,0.659,0.723,0.729,0.546,0.725,0.765,0.749,0.687,0.641,0.672,0.8,0.448,0.488,0.544,0.421,0.735,0.0,0.741,0.644,0.485,0.549,0.768,0.44,1.0,0.441,0.663,0.797,0.437,0.441,0.467,0.677,0.676,0.444,0.492
0.491,0.473,0.394,0.776,0.472,0.465,0.448,0.75,0.475,0.793,0.439,0.742,0.448,0.783,0.779,0.447,0.438,0.443,0.447,0.448,0.435,0.441,0.452,0.445,0.456,0.437,0.449,0.781,0.547,0.467,0.889,0.45,0.0,0.438,0.412,0.671,0.447,0.448,0.722,0.441,1.0,0.455,0.444,0.764,0.763,0.496,0.456,0.456,0.715,0.541
0.522,0.703,0.417,0.46,0.679,0.741,0.563,0.474,0.535,0.472,0.665,0.464,0.67,0.462,0.46,0.569,0.707,0.657,0.662,0.558,0.636,0.657,0.661,0.721,0.72,0.694,0.658,0.461,0.493,0.518,0.429,0.674,0.0,0.651,0.682,0.48,0.561,0.651,0.463,0.663,0.455,1.0,0.692,0.45,0.451,0.446,0.735,0.735,0.458,0.488
0.514,0.636,0.431,0.464,0.738,0.667,0.564,0.474,0.527,0.469,0.757,0.466,0.789,0.456,0.459,0.577,0.665,0.72,0.726,0.56,0.713,0.772,0.754,0.683,0.654,0.66,0.849,0.457,0.495,0.536,0.423,0.741,0.0,0.759,0.646,0.484,0.563,0.849,0.461,0.797,0.444,0.692,1.0,0.446,0.446,0.462,0.658,0.658,0.452,0.495
0.503,0.5,0.4,0.752,0.466,0.461,0.452,0.892,0.474,0.747,0.434,0.745,0.449,0.757,0.745,0.449,0.457,0.449,0.453,0.452,0.442,0.45,0.458,0.454,0.475,0.457,0.451,0.961,0.57,0.46,0.741,0.474,0.0,0.44,0.416,0.64,0.449,0.469,0.705,0.437,0.764,0.45,0.446,1.0,0.959,0.516,0.46,0.461,0.717,0.554
0.519,0.5,0.393,0.746,0.472,0.465,0.453,0.884,0.475,0.757,0.436,0.749,0.452,0.757,0.745,0.45,0.465,0.449,0.457,0.453,0.444,0.448,0.459,0.458,0.47,0.443,0.447,0.946,0.573,0.458,0.744,0.48,0.0,0.445,0.42,0.646,0.451,0.461,0.71,0.441,0.763,0.451,0.446,0.959,1.0,0.517,0.468,0.469,0.711,0.556
0.53,0.478,0.414,0.495,0.479,0.461,0.455,0.506,0.516,0.5,0.453,0.499,0.46,0.493,0.501,0.455,0.445,0.452,0.452,0.455,0.447,0.458,0.457,0.451,0.465,0.443,0.458,0.508,0.602,0.507,0.493,0.458,0.0,0.45,0.42,0.486,0.454,0.463,0.489,0.467,0.496,0.446,0.462,0.516,0.517,1.0,0.481,0.48,0.49,0.66
0.525,0.714,0.419,0.457,0.677,0.742,0.562,0.473,0.519,0.466,0.645,0.474,0.657,0.458,0.477,0.559,0.711,0.655,0.651,0.559,0.636,0.649,0.656,0.703,0.709,0.696,0.643,0.474,0.497,0.512,0.433,0.666,0.0,0.652,0.661,0.477,0.562,0.656,0.468,0.677,0.456,0.735,0.658,0.46,0.468,0.481,1.0,0.997,0.455,0.508
0.526,0.715,0.419,0.456,0.679,0.742,0.563,0.473,0.518,0.465,0.646,0.474,0.657,0.457,0.476,0.559,0.711,0.655,0.651,0.56,0.636,0.649,0.656,0.704,0.709,0.695,0.643,0.475,0.498,0.512,0.433,0.666,0.0,0.652,0.661,0.476,0.563,0.655,0.468,0.676,0.456,0.735,0.658,0.461,0.469,0.48,0.997,1.0,0.454,0.508
0.496,0.49,0.411,0.708,0.474,0.473,0.456,0.711,0.48,0.723,0.448,0.705,0.458,0.721,0.716,0.459,0.461,0.452,0.461,0.454,0.445,0.455,0.461,0.461,0.481,0.457,0.453,0.727,0.543,0.469,0.672,0.461,0.0,0.451,0.425,0.658,0.455,0.464,0.692,0.444,0.715,0.458,0.452,0.717,0.711,0.49,0.455,0.454,1.0,0.54
0.584,0.508,0.472,0.548,0.511,0.504,0.504,0.564,0.577,0.546,0.48,0.547,0.495,0.555,0.571,0.499,0.488,0.49,0.487,0.504,0.481,0.49,0.491,0.492,0.497,0.48,0.491,0.562,0.854,0.555,0.522,0.496,0.0,0.489,0.457,0.548,0.504,0.496,0.543,0.492,0.541,0.488,0.495,0.554,0.556,0.66,0.508,0.508,0.54,1.0
