GCF_000163235.1_ASM16323v1_genomic.fna,GCF_000164555.1_ASM16455v1_genomic.fna,GCF_000208545.1_ASM20854v2_genomic.fna,GCF_000233875.1_ASM23387v1_genomic.fna,GCF_000249735.1_ASM24973v2_genomic.fna,GCF_000261145.1_Esch_coli_M919_V2_genomic.fna,GCF_000267705.2_ASM26770v2_genomic.fna,GCF_000350665.1_Esch_coli_KTE5_V1_genomic.fna,GCF_000351625.1_Esch_coli_KTE66_V1_genomic.fna,GCF_000352285.1_Esch_coli_KTE46_V1_genomic.fna,GCF_000358895.1_ASM35889v1_genomic.fna,GCF_000456385.1_Esch_coli_HVH_26_4-5703913_V1_genomic.fna,GCF_000458195.1_Esch_coli_HVH_147_4-5893887_V1_genomic.fna,GCF_000459755.1_Esch_coli_KOEGE_58_171a_V1_genomic.fna,GCF_000460055.1_Esch_coli_UMEA_3053-1_V1_genomic.fna,GCF_000462165.2_ASM46216v2_genomic.fna,GCF_000601135.1_ASM60113v1_genomic.fna,GCF_000614595.1_Ec2010EL1058_genomic.fna,GCF_000617745.1_Ec2010C-4529_genomic.fna,GCF_000618265.2_EcF6751_genomic.fna,GCF_000619005.2_Ec2009C-4052_genomic.fna,GCF_000619105.1_Ec2009C-4780_genomic.fna,GCF_000619765.2_Ec2009C-3279_genomic.fna,GCF_000687005.1_ASM68700v1_genomic.fna,GCF_000687025.1_ASM68702v1_genomic.fna,GCF_000700125.1_ASM70012v1_genomic.fna,GCF_000753315.1_FHI35_genomic.fna,GCF_000776375.1_ASM77637v1_genomic.fna,GCF_000779395.1_ASM77939v1_genomic.fna,GCF_000780315.1_ASM78031v1_genomic.fna,GCF_000781995.1_ASM78199v1_genomic.fna,GCF_000986765.1_ASM98676v1_genomic.fna,GCF_001041375.1_ViralProj287958_genomic.fna,GCF_001265335.1_302014_genomic.fna,GCF_001265625.1_100854_genomic.fna,GCF_001267345.1_303289_genomic.fna,GCF_001309985.1_ASM130998v1_genomic.fna,GCF_001521695.1_ASM152169v1_genomic.fna,GCF_001592595.1_ASM159259v1_genomic.fna,GCF_001614975.1_ASM161497v1_genomic.fna,GCF_001692775.1_ASM169277v1_genomic.fna,GCF_001748915.1_ASM174891v1_genomic.fna,GCF_001749235.1_ASM174923v1_genomic.fna,GCF_001881155.1_ASM188115v1_genomic.fna,GCF_001881345.1_ASM188134v1_genomic.fna,GCF_001892405.1_ASM189240v1_genomic.fna,GCF_001892585.1_ASM189258v1_genomic.fna,GCF_001893985.1_ASM189398v1_genomic.fna,GCF_002001595.1_ASM200159v1_genomic.fna,GCF_002002145.1_ASM200214v1_genomic.fna
1.0,0.574,0.506,0.517,0.59,0.557,0.545,0.505,0.656,0.531,0.562,0.508,0.574,0.507,0.493,0.551,0.568,0.567,0.562,0.54,0.548,0.563,0.563,0.573,0.57,0.565,0.566,0.499,0.599,0.638,0.483,0.564,0.0,0.562,0.536,0.515,0.542,0.581,0.494,0.58,0.49,0.57,0.572,0.489,0.495,0.545,0.565,0.566,0.502,0.592
0.574,1.0,0.468,0.527,0.716,0.802,0.615,0.536,0.553,0.533,0.675,0.534,0.684,0.517,0.502,0.625,0.739,0.68,0.67,0.609,0.678,0.674,0.686,0.81,0.821,0.751,0.696,0.535,0.564,0.554,0.5,0.701,0.0,0.674,0.758,0.504,0.612,0.704,0.505,0.696,0.503,0.741,0.689,0.536,0.528,0.515,0.732,0.733,0.523,0.55
0.506,0.468,1.0,0.429,0.456,0.451,0.46,0.432,0.485,0.431,0.452,0.421,0.456,0.425,0.416,0.471,0.445,0.442,0.445,0.455,0.446,0.441,0.445,0.453,0.459,0.45,0.453,0.431,0.478,0.494,0.41,0.45,0.0,0.443,0.42,0.436,0.458,0.451,0.43,0.456,0.425,0.46,0.458,0.43,0.423,0.441,0.457,0.458,0.437,0.468
0.517,0.527,0.429,1.0,0.526,0.509,0.492,0.745,0.498,0.77,0.505,0.778,0.514,0.827,0.821,0.497,0.513,0.515,0.515,0.485,0.498,0.518,0.517,0.507,0.519,0.506,0.517,0.8,0.532,0.492,0.755,0.531,0.0,0.508,0.483,0.688,0.488,0.526,0.717,0.518,0.777,0.516,0.51,0.774,0.778,0.505,0.507,0.507,0.724,0.526
0.59,0.716,0.456,0.526,1.0,0.726,0.613,0.521,0.551,0.527,0.784,0.519,0.765,0.517,0.515,0.631,0.726,0.727,0.723,0.608,0.736,0.74,0.729,0.718,0.723,0.716,0.751,0.525,0.557,0.569,0.49,0.752,0.0,0.738,0.695,0.517,0.611,0.768,0.51,0.765,0.508,0.726,0.769,0.511,0.514,0.508,0.727,0.729,0.514,0.533
0.557,0.802,0.451,0.509,0.726,1.0,0.613,0.515,0.536,0.512,0.678,0.497,0.68,0.5,0.493,0.626,0.731,0.683,0.665,0.605,0.669,0.674,0.677,0.806,0.808,0.729,0.689,0.513,0.551,0.547,0.475,0.692,0.0,0.692,0.754,0.507,0.608,0.699,0.51,0.696,0.484,0.741,0.69,0.501,0.506,0.502,0.737,0.739,0.498,0.535
0.545,0.615,0.46,0.492,0.613,0.613,1.0,0.505,0.556,0.481,0.596,0.484,0.61,0.486,0.478,0.952,0.611,0.646,0.629,0.985,0.637,0.624,0.653,0.621,0.609,0.606,0.62,0.493,0.539,0.542,0.483,0.612,0.0,0.61,0.591,0.501,0.987,0.602,0.499,0.608,0.481,0.613,0.611,0.497,0.501,0.503,0.586,0.587,0.48,0.54
0.505,0.536,0.432,0.745,0.521,0.515,0.505,1.0,0.506,0.727,0.492,0.729,0.505,0.754,0.713,0.502,0.511,0.514,0.514,0.501,0.495,0.505,0.521,0.519,0.514,0.504,0.516,0.903,0.549,0.502,0.742,0.518,0.0,0.5,0.475,0.671,0.501,0.532,0.718,0.509,0.742,0.515,0.509,0.902,0.896,0.507,0.497,0.497,0.703,0.542
0.656,0.553,0.485,0.498,0.551,0.536,0.556,0.506,1.0,0.5,0.54,0.48,0.554,0.501,0.485,0.557,0.548,0.545,0.534,0.554,0.538,0.544,0.553,0.538,0.533,0.547,0.548,0.494,0.596,0.641,0.488,0.544,0.0,0.538,0.51,0.503,0.556,0.546,0.507,0.559,0.488,0.555,0.554,0.497,0.496,0.549,0.544,0.544,0.494,0.602
0.531,0.533,0.431,0.77,0.527,0.512,0.481,0.727,0.5,1.0,0.523,0.734,0.528,0.764,0.752,0.493,0.527,0.515,0.523,0.477,0.494,0.509,0.498,0.523,0.531,0.52,0.511,0.754,0.525,0.495,0.756,0.511,0.0,0.5,0.494,0.683,0.479,0.534,0.722,0.531,0.761,0.515,0.516,0.73,0.74,0.49,0.513,0.514,0.716,0.505
0.562,0.675,0.452,0.505,0.784,0.678,0.596,0.492,0.54,0.523,1.0,0.487,0.792,0.507,0.495,0.609,0.692,0.728,0.724,0.59,0.717,0.739,0.722,0.714,0.678,0.709,0.742,0.501,0.539,0.547,0.478,0.717,0.0,0.719,0.708,0.503,0.594,0.746,0.495,0.766,0.481,0.691,0.752,0.484,0.489,0.505,0.675,0.676,0.498,0.529
0.508,0.534,0.421,0.778,0.519,0.497,0.484,0.729,0.48,0.734,0.487,1.0,0.49,0.776,0.859,0.489,0.502,0.49,0.495,0.48,0.49,0.49,0.496,0.502,0.503,0.5,0.497,0.761,0.535,0.498,0.704,0.509,0.0,0.492,0.47,0.668,0.48,0.514,0.703,0.499,0.737,0.496,0.499,0.74,0.747,0.49,0.498,0.499,0.693,0.514
0.574,0.684,0.456,0.514,0.765,0.68,0.61,0.505,0.554,0.528,0.792,0.49,1.0,0.506,0.502,0.622,0.709,0.766,0.771,0.604,0.76,0.813,0.794,0.72,0.682,0.706,0.795,0.504,0.554,0.563,0.48,0.762,0.0,0.795,0.685,0.498,0.607,0.793,0.495,0.81,0.481,0.7,0.791,0.486,0.49,0.505,0.688,0.689,0.5,0.538
0.507,0.517,0.425,0.827,0.517,0.5,0.486,0.754,0.501,0.764,0.507,0.776,0.506,1.0,0.817,0.494,0.508,0.511,0.502,0.482,0.49,0.508,0.507,0.492,0.5,0.5,0.515,0.806,0.545,0.496,0.764,0.518,0.0,0.497,0.468,0.698,0.484,0.519,0.719,0.509,0.777,0.51,0.503,0.778,0.786,0.505,0.512,0.512,0.731,0.544
0.493,0.502,0.416,0.821,0.515,0.493,0.478,0.713,0.485,0.752,0.495,0.859,0.502,0.817,1.0,0.486,0.514,0.503,0.503,0.475,0.483,0.503,0.498,0.493,0.501,0.499,0.509,0.766,0.53,0.483,0.748,0.505,0.0,0.498,0.469,0.68,0.476,0.518,0.719,0.501,0.765,0.496,0.505,0.742,0.747,0.504,0.514,0.514,0.711,0.533
0.551,0.625,0.471,0.497,0.631,0.626,0.952,0.502,0.557,0.493,0.609,0.489,0.622,0.494,0.486,1.0,0.617,0.65,0.642,0.946,0.633,0.639,0.646,0.624,0.614,0.609,0.625,0.502,0.548,0.555,0.482,0.608,0.0,0.617,0.598,0.506,0.952,0.615,0.506,0.621,0.484,0.631,0.621,0.491,0.495,0.503,0.602,0.603,0.492,0.538
0.568,0.739,0.445,0.513,0.726,0.731,0.611,0.511,0.548,0.527,0.692,0.502,0.709,0.508,0.514,0.617,1.0,0.691,0.685,0.606,0.672,0.688,0.669,0.786,0.768,0.792,0.691,0.516,0.546,0.55,0.482,0.725,0.0,0.691,0.727,0.512,0.606,0.701,0.504,0.714,0.477,0.735,0.706,0.507,0.517,0.499,0.737,0.738,0.491,0.541
0.567,0.68,0.442,0.515,0.727,0.683,0.646,0.514,0.545,0.515,0.728,0.49,0.766,0.511,0.503,0.65,0.691,1.0,0.8,0.638,0.775,0.789,0.78,0.705,0.677,0.675,0.769,0.509,0.539,0.548,0.485,0.741,0.0,0.755,0.658,0.521,0.641,0.747,0.503,0.759,0.484,0.69,0.759,0.495,0.503,0.485,0.667,0.668,0.489,0.523
0.562,0.67,0.445,0.515,0.723,0.665,0.629,0.514,0.534,0.523,0.724,0.495,0.771,0.502,0.503,0.642,0.685,0.8,1.0,0.624,0.753,0.783,0.765,0.692,0.679,0.671,0.759,0.508,0.535,0.545,0.479,0.726,0.0,0.738,0.66,0.512,0.624,0.752,0.493,0.763,0.481,0.684,0.754,0.492,0.495,0.484,0.663,0.663,0.488,0.525
0.54,0.609,0.455,0.485,0.608,0.605,0.985,0.501,0.554,0.477,0.59,0.48,0.604,0.482,0.475,0.946,0.606,0.638,0.624,1.0,0.632,0.619,0.645,0.616,0.608,0.602,0.615,0.488,0.531,0.536,0.483,0.605,0.0,0.602,0.584,0.495,0.987,0.595,0.494,0.603,0.481,0.609,0.605,0.496,0.497,0.503,0.582,0.583,0.476,0.539
0.548,0.678,0.446,0.498,0.736,0.669,0.637,0.495,0.538,0.494,0.717,0.49,0.76,0.49,0.483,0.633,0.672,0.775,0.753,0.632,1.0,0.777,0.783,0.679,0.662,0.668,0.766,0.501,0.527,0.54,0.468,0.758,0.0,0.76,0.638,0.513,0.632,0.744,0.493,0.75,0.476,0.67,0.752,0.489,0.489,0.491,0.671,0.671,0.485,0.518
0.563,0.674,0.441,0.518,0.74,0.674,0.624,0.505,0.544,0.509,0.739,0.49,0.813,0.508,0.503,0.639,0.688,0.789,0.783,0.619,0.777,1.0,0.922,0.688,0.674,0.665,0.783,0.51,0.541,0.542,0.483,0.766,0.0,0.879,0.646,0.506,0.621,0.768,0.497,0.785,0.488,0.688,0.782,0.494,0.497,0.503,0.667,0.668,0.497,0.532
0.563,0.686,0.445,0.517,0.729,0.677,0.653,0.521,0.553,0.498,0.722,0.496,0.794,0.507,0.498,0.646,0.669,0.78,0.765,0.645,0.783,0.922,1.0,0.674,0.667,0.657,0.775,0.514,0.547,0.552,0.497,0.759,0.0,0.855,0.635,0.516,0.647,0.753,0.506,0.766,0.508,0.669,0.762,0.509,0.513,0.508,0.658,0.658,0.493,0.541
0.573,0.81,0.453,0.507,0.718,0.806,0.621,0.519,0.538,0.523,0.714,0.502,0.72,0.492,0.493,0.624,0.786,0.705,0.692,0.616,0.679,0.688,0.674,1.0,0.827,0.777,0.701,0.504,0.543,0.542,0.478,0.707,0.0,0.691,0.815,0.5,0.616,0.703,0.499,0.717,0.48,0.76,0.709,0.495,0.507,0.5,0.735,0.737,0.491,0.53
0.57,0.821,0.459,0.519,0.723,0.808,0.609,0.514,0.533,0.531,0.678,0.503,0.682,0.5,0.501,0.614,0.768,0.677,0.679,0.608,0.662,0.674,0.667,0.827,1.0,0.783,0.693,0.514,0.542,0.532,0.475,0.709,0.0,0.67,0.78,0.499,0.609,0.706,0.5,0.696,0.486,0.745,0.695,0.518,0.506,0.499,0.723,0.726,0.51,0.526
0.565,0.751,0.45,0.506,0.716,0.729,0.606,0.504,0.547,0.52,0.709,0.5,0.706,0.5,0.499,0.609,0.792,0.675,0.671,0.602,0.668,0.665,0.657,0.777,0.783,1.0,0.68,0.506,0.541,0.536,0.475,0.692,0.0,0.665,0.752,0.498,0.603,0.694,0.494,0.694,0.476,0.734,0.685,0.509,0.499,0.495,0.733,0.735,0.509,0.533
0.566,0.696,0.453,0.517,0.751,0.689,0.62,0.516,0.548,0.511,0.742,0.497,0.795,0.515,0.509,0.625,0.691,0.769,0.759,0.615,0.766,0.783,0.775,0.701,0.693,0.68,1.0,0.516,0.552,0.551,0.486,0.775,0.0,0.766,0.658,0.512,0.619,0.837,0.495,0.794,0.487,0.698,0.852,0.505,0.504,0.497,0.675,0.676,0.503,0.536
0.499,0.535,0.431,0.8,0.525,0.513,0.493,0.903,0.494,0.754,0.501,0.761,0.504,0.806,0.766,0.502,0.516,0.509,0.508,0.488,0.501,0.51,0.514,0.504,0.514,0.506,0.516,1.0,0.542,0.502,0.744,0.522,0.0,0.498,0.48,0.689,0.491,0.533,0.726,0.516,0.765,0.517,0.511,0.959,0.949,0.495,0.504,0.504,0.726,0.526
0.599,0.564,0.478,0.532,0.557,0.551,0.539,0.549,0.596,0.525,0.539,0.535,0.554,0.545,0.53,0.548,0.546,0.539,0.535,0.531,0.527,0.541,0.547,0.543,0.542,0.541,0.552,0.542,1.0,0.565,0.512,0.554,0.0,0.54,0.522,0.534,0.536,0.553,0.532,0.55,0.511,0.542,0.544,0.526,0.539,0.615,0.546,0.547,0.528,0.831
0.638,0.554,0.494,0.492,0.569,0.547,0.542,0.502,0.641,0.495,0.547,0.498,0.563,0.496,0.483,0.555,0.55,0.548,0.545,0.536,0.54,0.542,0.552,0.542,0.532,0.536,0.551,0.502,0.565,1.0,0.476,0.539,0.0,0.54,0.51,0.511,0.54,0.555,0.498,0.567,0.493,0.568,0.566,0.491,0.495,0.539,0.56,0.56,0.503,0.561
0.483,0.5,0.41,0.755,0.49,0.475,0.483,0.742,0.488,0.756,0.478,0.704,0.48,0.764,0.748,0.482,0.482,0.485,0.479,0.483,0.468,0.483,0.497,0.478,0.475,0.475,0.486,0.744,0.512,0.476,1.0,0.484,0.0,0.477,0.444,0.667,0.483,0.492,0.701,0.485,0.895,0.49,0.48,0.747,0.75,0.5,0.488,0.488,0.709,0.518
0.564,0.701,0.45,0.531,0.752,0.692,0.612,0.518,0.544,0.511,0.717,0.509,0.762,0.518,0.505,0.608,0.725,0.741,0.726,0.605,0.758,0.766,0.759,0.707,0.709,0.692,0.775,0.522,0.554,0.539,0.484,1.0,0.0,0.751,0.647,0.504,0.608,0.772,0.498,0.776,0.481,0.7,0.779,0.508,0.519,0.495,0.696,0.698,0.494,0.535
0.0,0.0,0.0,0.0,0.0,0.0,0.0,0.0,0.0,0.0,0.0,0.0,0.0,0.0,0.0,0.0,0.0,0.0,0.0,0.0,0.0,0.0,0.0,0.0,0.0,0.0,0.0,0.0,0.0,0.0,0.0,0.0,1.0,0.0,0.0,0.0,0.0,0.0,0.0,0.0,0.0,0.0,0.0,0.0,0.0,0.0,0.0,0.0,0.0,0.0
0.562,0.674,0.443,0.508,0.738,0.692,0.61,0.5,0.538,0.5,0.719,0.492,0.795,0.497,0.498,0.617,0.691,0.755,0.738,0.602,0.76,0.879,0.855,0.691,0.67,0.665,0.766,0.498,0.54,0.54,0.477,0.751,0.0,1.0,0.65,0.526,0.605,0.759,0.511,0.773,0.477,0.684,0.778,0.488,0.5,0.494,0.673,0.674,0.486,0.525
0.536,0.758,0.42,0.483,0.695,0.754,0.591,0.475,0.51,0.494,0.708,0.47,0.685,0.468,0.469,0.598,0.727,0.658,0.66,0.584,0.638,0.646,0.635,0.815,0.78,0.752,0.658,0.48,0.522,0.51,0.444,0.647,0.0,0.65,1.0,0.47,0.588,0.67,0.469,0.684,0.451,0.706,0.666,0.469,0.477,0.473,0.695,0.695,0.468,0.505
0.515,0.504,0.436,0.688,0.517,0.507,0.501,0.671,0.503,0.683,0.503,0.668,0.498,0.698,0.68,0.506,0.512,0.521,0.512,0.495,0.513,0.506,0.516,0.5,0.499,0.498,0.512,0.689,0.534,0.511,0.667,0.504,0.0,0.526,0.47,1.0,0.496,0.507,0.704,0.52,0.674,0.518,0.507,0.669,0.676,0.487,0.505,0.505,0.682,0.522
0.542,0.612,0.458,0.488,0.611,0.608,0.987,0.501,0.556,0.479,0.594,0.48,0.607,0.484,0.476,0.952,0.606,0.641,0.624,0.987,0.632,0.621,0.647,0.616,0.609,0.603,0.619,0.491,0.536,0.54,0.483,0.608,0.0,0.605,0.588,0.496,1.0,0.6,0.496,0.607,0.481,0.612,0.607,0.495,0.498,0.503,0.586,0.587,0.478,0.539
0.581,0.704,0.451,0.526,0.768,0.699,0.602,0.532,0.546,0.534,0.746,0.514,0.793,0.519,0.518,0.615,0.701,0.747,0.752,0.595,0.744,0.768,0.753,0.703,0.706,0.694,0.837,0.533,0.553,0.555,0.492,0.772,0.0,0.759,0.67,0.507,0.6,1.0,0.496,0.803,0.497,0.71,0.863,0.517,0.511,0.496,0.694,0.696,0.511,0.537
0.494,0.505,0.43,0.717,0.51,0.51,0.499,0.718,0.507,0.722,0.495,0.703,0.495,0.719,0.719,0.506,0.504,0.503,0.493,0.494,0.493,0.497,0.506,0.499,0.5,0.494,0.495,0.726,0.532,0.498,0.701,0.498,0.0,0.511,0.469,0.704,0.496,0.496,1.0,0.502,0.707,0.508,0.496,0.715,0.725,0.504,0.495,0.496,0.699,0.529
0.58,0.696,0.456,0.518,0.765,0.696,0.608,0.509,0.559,0.531,0.766,0.499,0.81,0.509,0.501,0.621,0.714,0.759,0.763,0.603,0.75,0.785,0.766,0.717,0.696,0.694,0.794,0.516,0.55,0.567,0.485,0.776,0.0,0.773,0.684,0.52,0.607,0.803,0.502,1.0,0.486,0.709,0.798,0.5,0.506,0.515,0.705,0.706,0.499,0.546
0.49,0.503,0.425,0.777,0.508,0.484,0.481,0.742,0.488,0.761,0.481,0.737,0.481,0.777,0.765,0.484,0.477,0.484,0.481,0.481,0.476,0.488,0.508,0.48,0.486,0.476,0.487,0.765,0.511,0.493,0.895,0.481,0.0,0.477,0.451,0.674,0.481,0.497,0.707,0.486,1.0,0.498,0.485,0.771,0.769,0.501,0.483,0.483,0.715,0.518
0.57,0.741,0.46,0.516,0.726,0.741,0.613,0.515,0.555,0.515,0.691,0.496,0.7,0.51,0.496,0.631,0.735,0.69,0.684,0.609,0.67,0.688,0.669,0.76,0.745,0.734,0.698,0.517,0.542,0.568,0.49,0.7,0.0,0.684,0.706,0.518,0.612,0.71,0.508,0.709,0.498,1.0,0.719,0.501,0.501,0.49,0.77,0.771,0.504,0.535
0.572,0.689,0.458,0.51,0.769,0.69,0.611,0.509,0.554,0.516,0.752,0.499,0.791,0.503,0.505,0.621,0.706,0.759,0.754,0.605,0.752,0.782,0.762,0.709,0.695,0.685,0.852,0.511,0.544,0.566,0.48,0.779,0.0,0.778,0.666,0.507,0.607,0.863,0.496,0.798,0.485,0.719,1.0,0.498,0.501,0.501,0.687,0.689,0.495,0.534
0.489,0.536,0.43,0.774,0.511,0.501,0.497,0.902,0.497,0.73,0.484,0.74,0.486,0.778,0.742,0.491,0.507,0.495,0.492,0.496,0.489,0.494,0.509,0.495,0.518,0.509,0.505,0.959,0.526,0.491,0.747,0.508,0.0,0.488,0.469,0.669,0.495,0.517,0.715,0.5,0.771,0.501,0.498,1.0,0.959,0.506,0.491,0.491,0.719,0.528
0.495,0.528,0.423,0.778,0.514,0.506,0.501,0.896,0.496,0.74,0.489,0.747,0.49,0.786,0.747,0.495,0.517,0.503,0.495,0.497,0.489,0.497,0.513,0.507,0.506,0.499,0.504,0.949,0.539,0.495,0.75,0.519,0.0,0.5,0.477,0.676,0.498,0.511,0.725,0.506,0.769,0.501,0.501,0.959,1.0,0.507,0.501,0.502,0.704,0.527
0.545,0.515,0.441,0.505,0.508,0.502,0.503,0.507,0.549,0.49,0.505,0.49,0.505,0.505,0.504,0.503,0.499,0.485,0.484,0.503,0.491,0.503,0.508,0.5,0.499,0.495,0.497,0.495,0.615,0.539,0.5,0.495,0.0,0.494,0.473,0.487,0.503,0.496,0.504,0.515,0.501,0.49,0.501,0.506,0.507,1.0,0.531,0.533,0.5,0.686
0.565,0.732,0.457,0.507,0.727,0.737,0.586,0.497,0.544,0.513,0.675,0.498,0.688,0.512,0.514,0.602,0.737,0.667,0.663,0.582,0.671,0.667,0.658,0.735,0.723,0.733,0.675,0.504,0.546,0.56,0.488,0.696,0.0,0.673,0.695,0.505,0.586,0.694,0.495,0.705,0.483,0.77,0.687,0.491,0.501,0.531,1.0,0.996,0.498,0.555
0.566,0.733,0.458,0.507,0.729,0.739,0.587,0.497,0.544,0.514,0.676,0.499,0.689,0.512,0.514,0.603,0.738,0.668,0.663,0.583,0.671,0.668,0.658,0.737,0.726,0.735,0.676,0.504,0.547,0.56,0.488,0.698,0.0,0.674,0.695,0.505,0.587,0.696,0.496,0.706,0.483,0.771,0.689,0.491,0.502,0.533,0.996,1.0,0.498,0.555
0.502,0.523,0.437,0.724,0.514,0.498,0.48,0.703,0.494,0.716,0.498,0.693,0.5,0.731,0.711,0.492,0.491,0.489,0.488,0.476,0.485,0.497,0.493,0.491,0.51,0.509,0.503,0.726,0.528,0.503,0.709,0.494,0.0,0.486,0.468,0.682,0.478,0.511,0.699,0.499,0.715,0.504,0.495,0.719,0.704,0.5,0.498,0.498,1.0,0.518
0.592,0.55,0.468,0.526,0.533,0.535,0.54,0.542,0.602,0.505,0.529,0.514,0.538,0.544,0.533,0.538,0.541,0.523,0.525,0.539,0.518,0.532,0.541,0.53,0.526,0.533,0.536,0.526,0.831,0.561,0.518,0.535,0.0,0.525,0.505,0.522,0.539,0.537,0.529,0.546,0.518,0.535,0.534,0.528,0.527,0.686,0.555,0.555,0.518,1.0
