GCF_000163235.1_ASM16323v1_genomic.fna,GCF_000164555.1_ASM16455v1_genomic.fna,GCF_000208545.1_ASM20854v2_genomic.fna,GCF_000233875.1_ASM23387v1_genomic.fna,GCF_000249735.1_ASM24973v2_genomic.fna,GCF_000261145.1_Esch_coli_M919_V2_genomic.fna,GCF_000267705.2_ASM26770v2_genomic.fna,GCF_000350665.1_Esch_coli_KTE5_V1_genomic.fna,GCF_000351625.1_Esch_coli_KTE66_V1_genomic.fna,GCF_000352285.1_Esch_coli_KTE46_V1_genomic.fna,GCF_000358895.1_ASM35889v1_genomic.fna,GCF_000456385.1_Esch_coli_HVH_26_4-5703913_V1_genomic.fna,GCF_000458195.1_Esch_coli_HVH_147_4-5893887_V1_genomic.fna,GCF_000459755.1_Esch_coli_KOEGE_58_171a_V1_genomic.fna,GCF_000460055.1_Esch_coli_UMEA_3053-1_V1_genomic.fna,GCF_000462165.2_ASM46216v2_genomic.fna,GCF_000601135.1_ASM60113v1_genomic.fna,GCF_000614595.1_Ec2010EL1058_genomic.fna,GCF_000617745.1_Ec2010C-4529_genomic.fna,GCF_000618265.2_EcF6751_genomic.fna,GCF_000619005.2_Ec2009C-4052_genomic.fna,GCF_000619105.1_Ec2009C-4780_genomic.fna,GCF_000619765.2_Ec2009C-3279_genomic.fna,GCF_000687005.1_ASM68700v1_genomic.fna,GCF_000687025.1_ASM68702v1_genomic.fna,GCF_000700125.1_ASM70012v1_genomic.fna,GCF_000753315.1_FHI35_genomic.fna,GCF_000776375.1_ASM77637v1_genomic.fna,GCF_000779395.1_ASM77939v1_genomic.fna,GCF_000780315.1_ASM78031v1_genomic.fna,GCF_000781995.1_ASM78199v1_genomic.fna,GCF_000986765.1_ASM98676v1_genomic.fna,GCF_001041375.1_ViralProj287958_genomic.fna,GCF_001265335.1_302014_genomic.fna,GCF_001265625.1_100854_genomic.fna,GCF_001267345.1_303289_genomic.fna,GCF_001309985.1_ASM130998v1_genomic.fna,GCF_001521695.1_ASM152169v1_genomic.fna,GCF_001592595.1_ASM159259v1_genomic.fna,GCF_001614975.1_ASM161497v1_genomic.fna,GCF_001692775.1_ASM169277v1_genomic.fna,GCF_001748915.1_ASM174891v1_genomic.fna,GCF_001749235.1_ASM174923v1_genomic.fna,GCF_001881155.1_ASM188115v1_genomic.fna,GCF_001881345.1_ASM188134v1_genomic.fna,GCF_001892405.1_ASM189240v1_genomic.fna,GCF_001892585.1_ASM189258v1_genomic.fna,GCF_001893985.1_ASM189398v1_genomic.fna,GCF_002001595.1_ASM200159v1_genomic.fna,GCF_002002145.1_ASM200214v1_genomic.fna
1.0,0.893,0.885,0.889,0.892,0.89,0.896,0.892,0.913,0.875,0.881,0.89,0.893,0.882,0.883,0.9,0.892,0.884,0.892,0.895,0.884,0.897,0.896,0.902,0.903,0.891,0.899,0.892,0.902,0.912,0.872,0.882,0.024,0.893,0.883,0.881,0.897,0.891,0.887,0.893,0.878,0.89,0.896,0.888,0.891,0.875,0.878,0.878,0.888,0.89
0.893,1.0,0.884,0.875,0.917,0.931,0.898,0.88,0.886,0.862,0.883,0.882,0.897,0.883,0.882,0.898,0.926,0.92,0.915,0.9,0.903,0.899,0.907,0.936,0.946,0.921,0.909,0.875,0.888,0.89,0.879,0.914,0.022,0.906,0.926,0.875,0.9,0.908,0.874,0.898,0.887,0.92,0.906,0.887,0.887,0.876,0.921,0.921,0.884,0.888
0.885,0.884,1.0,0.864,0.884,0.88,0.871,0.865,0.889,0.852,0.853,0.874,0.87,0.877,0.872,0.869,0.873,0.879,0.883,0.873,0.885,0.872,0.881,0.866,0.877,0.876,0.879,0.863,0.876,0.891,0.871,0.882,0.023,0.885,0.858,0.865,0.872,0.872,0.875,0.873,0.87,0.878,0.876,0.873,0.872,0.876,0.875,0.875,0.864,0.879
0.889,0.875,0.864,1.0,0.866,0.883,0.877,0.928,0.875,0.919,0.857,0.931,0.87,0.944,0.944,0.875,0.882,0.879,0.877,0.875,0.866,0.879,0.875,0.881,0.886,0.882,0.885,0.943,0.886,0.877,0.917,0.871,0.023,0.873,0.869,0.91,0.876,0.873,0.918,0.87,0.923,0.878,0.876,0.936,0.933,0.861,0.871,0.871,0.919,0.881
0.892,0.917,0.884,0.866,1.0,0.909,0.898,0.87,0.893,0.859,0.915,0.878,0.916,0.878,0.876,0.897,0.912,0.919,0.922,0.901,0.925,0.919,0.927,0.899,0.914,0.909,0.925,0.865,0.897,0.898,0.864,0.924,0.023,0.923,0.892,0.866,0.898,0.92,0.886,0.915,0.874,0.921,0.926,0.879,0.877,0.884,0.907,0.907,0.869,0.892
0.89,0.931,0.88,0.883,0.909,1.0,0.901,0.876,0.884,0.86,0.889,0.88,0.903,0.888,0.886,0.899,0.923,0.924,0.911,0.902,0.904,0.908,0.911,0.933,0.944,0.919,0.916,0.873,0.889,0.888,0.874,0.906,0.022,0.91,0.924,0.873,0.9,0.913,0.894,0.901,0.877,0.916,0.909,0.88,0.877,0.873,0.923,0.923,0.877,0.888
0.896,0.898,0.871,0.877,0.898,0.901,1.0,0.871,0.896,0.862,0.876,0.875,0.889,0.878,0.877,0.985,0.896,0.903,0.902,0.995,0.895,0.897,0.899,0.895,0.906,0.896,0.905,0.867,0.89,0.903,0.86,0.888,0.024,0.893,0.887,0.877,0.995,0.898,0.888,0.889,0.867,0.887,0.898,0.873,0.87,0.88,0.897,0.897,0.869,0.89
0.892,0.88,0.865,0.928,0.87,0.876,0.871,1.0,0.882,0.919,0.859,0.924,0.872,0.925,0.927,0.87,0.886,0.874,0.873,0.87,0.869,0.883,0.877,0.881,0.892,0.876,0.883,0.971,0.895,0.884,0.913,0.874,0.023,0.874,0.871,0.91,0.871,0.882,0.919,0.873,0.916,0.869,0.877,0.96,0.956,0.874,0.868,0.868,0.919,0.892
0.913,0.886,0.889,0.875,0.893,0.884,0.896,0.882,1.0,0.863,0.865,0.886,0.875,0.883,0.885,0.891,0.884,0.89,0.894,0.897,0.893,0.888,0.893,0.871,0.884,0.874,0.886,0.879,0.898,0.913,0.884,0.894,0.025,0.896,0.86,0.877,0.896,0.886,0.885,0.881,0.886,0.895,0.891,0.888,0.886,0.896,0.888,0.888,0.878,0.89
0.875,0.862,0.852,0.919,0.859,0.86,0.862,0.919,0.863,1.0,0.874,0.911,0.869,0.916,0.911,0.864,0.866,0.852,0.857,0.858,0.851,0.865,0.859,0.875,0.869,0.867,0.867,0.92,0.872,0.868,0.902,0.849,0.022,0.854,0.87,0.901,0.86,0.858,0.91,0.864,0.903,0.854,0.859,0.91,0.916,0.851,0.849,0.849,0.908,0.866
0.881,0.883,0.853,0.857,0.915,0.889,0.876,0.859,0.865,0.874,1.0,0.853,0.932,0.861,0.85,0.885,0.894,0.901,0.899,0.874,0.897,0.914,0.906,0.902,0.889,0.89,0.907,0.855,0.865,0.873,0.838,0.897,0.023,0.901,0.902,0.866,0.875,0.902,0.869,0.928,0.844,0.888,0.91,0.851,0.846,0.85,0.872,0.872,0.857,0.868
0.89,0.882,0.874,0.931,0.878,0.88,0.875,0.924,0.886,0.911,0.853,1.0,0.871,0.937,0.957,0.867,0.886,0.877,0.881,0.875,0.871,0.881,0.886,0.874,0.886,0.882,0.882,0.934,0.895,0.886,0.916,0.869,0.021,0.88,0.86,0.899,0.876,0.873,0.92,0.864,0.925,0.879,0.877,0.934,0.939,0.874,0.867,0.867,0.915,0.888
0.893,0.897,0.87,0.87,0.916,0.903,0.889,0.872,0.875,0.869,0.932,0.871,1.0,0.867,0.87,0.895,0.901,0.917,0.917,0.886,0.913,0.938,0.931,0.912,0.905,0.9,0.94,0.867,0.875,0.891,0.847,0.914,0.021,0.929,0.906,0.875,0.888,0.928,0.885,0.943,0.855,0.901,0.94,0.864,0.86,0.853,0.889,0.889,0.861,0.87
0.882,0.883,0.877,0.944,0.878,0.888,0.878,0.925,0.883,0.916,0.861,0.937,0.867,1.0,0.953,0.872,0.893,0.887,0.878,0.879,0.88,0.881,0.887,0.876,0.888,0.889,0.887,0.937,0.891,0.883,0.928,0.875,0.022,0.882,0.863,0.913,0.878,0.877,0.922,0.864,0.933,0.885,0.876,0.942,0.938,0.874,0.875,0.875,0.927,0.887
0.883,0.882,0.872,0.944,0.876,0.886,0.877,0.927,0.885,0.911,0.85,0.957,0.87,0.953,1.0,0.871,0.887,0.883,0.881,0.878,0.873,0.879,0.886,0.87,0.887,0.881,0.885,0.932,0.895,0.884,0.927,0.874,0.023,0.885,0.861,0.905,0.878,0.876,0.926,0.861,0.934,0.876,0.875,0.939,0.937,0.871,0.875,0.875,0.917,0.893
0.9,0.898,0.869,0.875,0.897,0.899,0.985,0.87,0.891,0.864,0.885,0.867,0.895,0.872,0.871,1.0,0.889,0.899,0.9,0.983,0.891,0.901,0.893,0.902,0.903,0.895,0.905,0.867,0.885,0.899,0.855,0.882,0.025,0.89,0.895,0.876,0.985,0.896,0.887,0.893,0.861,0.885,0.899,0.866,0.865,0.874,0.892,0.892,0.868,0.887
0.892,0.926,0.873,0.882,0.912,0.923,0.896,0.886,0.884,0.866,0.894,0.886,0.901,0.893,0.887,0.889,1.0,0.912,0.9,0.897,0.902,0.905,0.91,0.923,0.93,0.927,0.913,0.884,0.886,0.89,0.878,0.909,0.024,0.909,0.908,0.878,0.897,0.906,0.89,0.898,0.882,0.916,0.909,0.891,0.89,0.876,0.917,0.917,0.888,0.888
0.884,0.92,0.879,0.879,0.919,0.924,0.903,0.874,0.89,0.852,0.901,0.877,0.917,0.887,0.883,0.899,0.912,1.0,0.945,0.905,0.928,0.935,0.937,0.906,0.921,0.91,0.933,0.876,0.887,0.885,0.866,0.924,0.022,0.934,0.901,0.874,0.903,0.916,0.891,0.921,0.872,0.909,0.923,0.887,0.879,0.88,0.916,0.916,0.878,0.887
0.892,0.915,0.883,0.877,0.922,0.911,0.902,0.873,0.894,0.857,0.899,0.881,0.917,0.878,0.881,0.9,0.9,0.945,1.0,0.904,0.933,0.935,0.938,0.903,0.916,0.907,0.93,0.871,0.886,0.893,0.87,0.929,0.025,0.935,0.894,0.87,0.903,0.924,0.888,0.922,0.878,0.908,0.92,0.883,0.878,0.882,0.901,0.901,0.873,0.885
0.895,0.9,0.873,0.875,0.901,0.902,0.995,0.87,0.897,0.858,0.874,0.875,0.886,0.879,0.878,0.983,0.897,0.905,0.904,1.0,0.898,0.895,0.9,0.891,0.904,0.896,0.901,0.866,0.888,0.899,0.862,0.888,0.024,0.894,0.885,0.877,0.997,0.895,0.885,0.886,0.868,0.889,0.896,0.875,0.873,0.881,0.898,0.898,0.868,0.887
0.884,0.903,0.885,0.866,0.925,0.904,0.895,0.869,0.893,0.851,0.897,0.871,0.913,0.88,0.873,0.891,0.902,0.928,0.933,0.898,1.0,0.928,0.933,0.891,0.905,0.892,0.924,0.867,0.888,0.885,0.878,0.927,0.022,0.931,0.882,0.872,0.896,0.915,0.887,0.918,0.884,0.911,0.915,0.88,0.873,0.89,0.909,0.91,0.868,0.882
0.897,0.899,0.872,0.879,0.919,0.908,0.897,0.883,0.888,0.865,0.914,0.881,0.938,0.881,0.879,0.901,0.905,0.935,0.935,0.895,0.928,1.0,0.977,0.902,0.914,0.909,0.943,0.88,0.89,0.889,0.86,0.921,0.023,0.96,0.895,0.873,0.896,0.931,0.895,0.938,0.868,0.907,0.934,0.879,0.874,0.866,0.899,0.899,0.877,0.885
0.896,0.907,0.881,0.875,0.927,0.911,0.899,0.877,0.893,0.859,0.906,0.886,0.931,0.887,0.886,0.893,0.91,0.937,0.938,0.9,0.933,0.977,1.0,0.897,0.912,0.914,0.94,0.874,0.894,0.89,0.865,0.928,0.023,0.967,0.89,0.871,0.899,0.93,0.888,0.93,0.877,0.913,0.929,0.886,0.878,0.87,0.905,0.905,0.873,0.886
0.902,0.936,0.866,0.881,0.899,0.933,0.895,0.881,0.871,0.875,0.902,0.874,0.912,0.876,0.87,0.902,0.923,0.906,0.903,0.891,0.891,0.902,0.897,1.0,0.946,0.917,0.912,0.876,0.875,0.883,0.863,0.895,0.022,0.896,0.949,0.881,0.893,0.906,0.885,0.913,0.865,0.911,0.907,0.869,0.871,0.862,0.908,0.908,0.875,0.881
0.903,0.946,0.877,0.886,0.914,0.944,0.906,0.892,0.884,0.869,0.889,0.886,0.905,0.888,0.887,0.903,0.93,0.921,0.916,0.904,0.905,0.914,0.912,0.946,1.0,0.93,0.915,0.884,0.889,0.895,0.876,0.914,0.023,0.91,0.94,0.878,0.906,0.916,0.893,0.907,0.879,0.919,0.915,0.89,0.889,0.876,0.912,0.912,0.888,0.892
0.891,0.921,0.876,0.882,0.909,0.919,0.896,0.876,0.874,0.867,0.89,0.882,0.9,0.889,0.881,0.895,0.927,0.91,0.907,0.896,0.892,0.909,0.914,0.917,0.93,1.0,0.911,0.872,0.885,0.895,0.876,0.899,0.024,0.905,0.902,0.872,0.897,0.904,0.887,0.907,0.878,0.92,0.905,0.879,0.88,0.866,0.905,0.905,0.883,0.884
0.899,0.909,0.879,0.885,0.925,0.916,0.905,0.883,0.886,0.867,0.907,0.882,0.94,0.887,0.885,0.905,0.913,0.933,0.93,0.901,0.924,0.943,0.94,0.912,0.915,0.911,1.0,0.881,0.893,0.896,0.864,0.924,0.022,0.932,0.899,0.874,0.902,0.946,0.895,0.939,0.874,0.908,0.954,0.884,0.877,0.877,0.909,0.909,0.877,0.889
0.892,0.875,0.863,0.943,0.865,0.873,0.867,0.971,0.879,0.92,0.855,0.934,0.867,0.937,0.932,0.867,0.884,0.876,0.871,0.866,0.867,0.88,0.874,0.876,0.884,0.872,0.881,1.0,0.891,0.879,0.914,0.865,0.023,0.874,0.864,0.913,0.867,0.87,0.921,0.866,0.921,0.867,0.87,0.982,0.975,0.867,0.864,0.864,0.923,0.885
0.902,0.888,0.876,0.886,0.897,0.889,0.89,0.895,0.898,0.872,0.865,0.895,0.875,0.891,0.895,0.885,0.886,0.887,0.886,0.888,0.888,0.89,0.894,0.875,0.889,0.885,0.893,0.891,1.0,0.9,0.881,0.889,0.022,0.89,0.865,0.879,0.889,0.892,0.894,0.878,0.885,0.888,0.884,0.899,0.895,0.899,0.877,0.876,0.88,0.952
0.912,0.89,0.891,0.877,0.898,0.888,0.903,0.884,0.913,0.868,0.873,0.886,0.891,0.883,0.884,0.899,0.89,0.885,0.893,0.899,0.885,0.889,0.89,0.883,0.895,0.895,0.896,0.879,0.9,1.0,0.873,0.877,0.024,0.893,0.87,0.88,0.901,0.898,0.885,0.89,0.88,0.891,0.897,0.886,0.884,0.89,0.889,0.889,0.876,0.897
0.872,0.879,0.871,0.917,0.864,0.874,0.86,0.913,0.884,0.902,0.838,0.916,0.847,0.928,0.927,0.855,0.878,0.866,0.87,0.862,0.878,0.86,0.865,0.863,0.876,0.876,0.864,0.914,0.881,0.873,1.0,0.867,0.023,0.866,0.852,0.899,0.862,0.855,0.902,0.844,0.963,0.872,0.854,0.921,0.916,0.882,0.87,0.871,0.905,0.872
0.882,0.914,0.882,0.871,0.924,0.906,0.888,0.874,0.894,0.849,0.897,0.869,0.914,0.875,0.874,0.882,0.909,0.924,0.929,0.888,0.927,0.921,0.928,0.895,0.914,0.899,0.924,0.865,0.889,0.877,0.867,1.0,0.023,0.925,0.881,0.861,0.888,0.934,0.881,0.921,0.872,0.917,0.929,0.878,0.875,0.878,0.907,0.908,0.862,0.881
0.024,0.022,0.023,0.023,0.023,0.022,0.024,0.023,0.025,0.022,0.023,0.021,0.021,0.022,0.023,0.025,0.024,0.022,0.025,0.024,0.022,0.023,0.023,0.022,0.023,0.024,0.022,0.023,0.022,0.024,0.023,0.023,1.0,0.024,0.022,0.022,0.024,0.022,0.023,0.022,0.023,0.023,0.023,0.023,0.024,0.025,0.022,0.022,0.021,0.022
0.893,0.906,0.885,0.873,0.923,0.91,0.893,0.874,0.896,0.854,0.901,0.88,0.929,0.882,0.885,0.89,0.909,0.934,0.935,0.894,0.931,0.96,0.967,0.896,0.91,0.905,0.932,0.874,0.89,0.893,0.866,0.925,0.024,1.0,0.886,0.869,0.894,0.928,0.89,0.924,0.875,0.904,0.93,0.885,0.88,0.868,0.902,0.902,0.869,0.883
0.883,0.926,0.858,0.869,0.892,0.924,0.887,0.871,0.86,0.87,0.902,0.86,0.906,0.863,0.861,0.895,0.908,0.901,0.894,0.885,0.882,0.895,0.89,0.949,0.94,0.902,0.899,0.864,0.865,0.87,0.852,0.881,0.022,0.886,1.0,0.87,0.886,0.895,0.869,0.904,0.855,0.897,0.9,0.859,0.858,0.852,0.898,0.897,0.867,0.872
0.881,0.875,0.865,0.91,0.866,0.873,0.877,0.91,0.877,0.901,0.866,0.899,0.875,0.913,0.905,0.876,0.878,0.874,0.87,0.877,0.872,0.873,0.871,0.881,0.878,0.872,0.874,0.913,0.879,0.88,0.899,0.861,0.022,0.869,0.87,1.0,0.876,0.857,0.914,0.873,0.903,0.882,0.868,0.903,0.904,0.866,0.865,0.865,0.907,0.88
0.897,0.9,0.872,0.876,0.898,0.9,0.995,0.871,0.896,0.86,0.875,0.876,0.888,0.878,0.878,0.985,0.897,0.903,0.903,0.997,0.896,0.896,0.899,0.893,0.906,0.897,0.902,0.867,0.889,0.901,0.862,0.888,0.024,0.894,0.886,0.876,1.0,0.897,0.887,0.887,0.868,0.886,0.896,0.875,0.873,0.88,0.895,0.895,0.869,0.887
0.891,0.908,0.872,0.873,0.92,0.913,0.898,0.882,0.886,0.858,0.902,0.873,0.928,0.877,0.876,0.896,0.906,0.916,0.924,0.895,0.915,0.931,0.93,0.906,0.916,0.904,0.946,0.87,0.892,0.898,0.855,0.934,0.022,0.928,0.895,0.857,0.897,1.0,0.889,0.931,0.867,0.907,0.961,0.875,0.871,0.874,0.906,0.906,0.872,0.894
0.887,0.874,0.875,0.918,0.886,0.894,0.888,0.919,0.885,0.91,0.869,0.92,0.885,0.922,0.926,0.887,0.89,0.891,0.888,0.885,0.887,0.895,0.888,0.885,0.893,0.887,0.895,0.921,0.894,0.885,0.902,0.881,0.023,0.89,0.869,0.914,0.887,0.889,1.0,0.882,0.909,0.883,0.89,0.921,0.922,0.874,0.874,0.874,0.913,0.891
0.893,0.898,0.873,0.87,0.915,0.901,0.889,0.873,0.881,0.864,0.928,0.864,0.943,0.864,0.861,0.893,0.898,0.921,0.922,0.886,0.918,0.938,0.93,0.913,0.907,0.907,0.939,0.866,0.878,0.89,0.844,0.921,0.022,0.924,0.904,0.873,0.887,0.931,0.882,1.0,0.856,0.898,0.937,0.863,0.863,0.862,0.893,0.893,0.863,0.884
0.878,0.887,0.87,0.923,0.874,0.877,0.867,0.916,0.886,0.903,0.844,0.925,0.855,0.933,0.934,0.861,0.882,0.872,0.878,0.868,0.884,0.868,0.877,0.865,0.879,0.878,0.874,0.921,0.885,0.88,0.963,0.872,0.023,0.875,0.855,0.903,0.868,0.867,0.909,0.856,1.0,0.882,0.861,0.928,0.923,0.88,0.874,0.875,0.911,0.873
0.89,0.92,0.878,0.878,0.921,0.916,0.887,0.869,0.895,0.854,0.888,0.879,0.901,0.885,0.876,0.885,0.916,0.909,0.908,0.889,0.911,0.907,0.913,0.911,0.919,0.92,0.908,0.867,0.888,0.891,0.872,0.917,0.023,0.904,0.897,0.882,0.886,0.907,0.883,0.898,0.882,1.0,0.915,0.877,0.871,0.869,0.923,0.923,0.873,0.88
0.896,0.906,0.876,0.876,0.926,0.909,0.898,0.877,0.891,0.859,0.91,0.877,0.94,0.876,0.875,0.899,0.909,0.923,0.92,0.896,0.915,0.934,0.929,0.907,0.915,0.905,0.954,0.87,0.884,0.897,0.854,0.929,0.023,0.93,0.9,0.868,0.896,0.961,0.89,0.937,0.861,0.915,1.0,0.87,0.867,0.867,0.9,0.9,0.874,0.886
0.888,0.887,0.873,0.936,0.879,0.88,0.873,0.96,0.888,0.91,0.851,0.934,0.864,0.942,0.939,0.866,0.891,0.887,0.883,0.875,0.88,0.879,0.886,0.869,0.89,0.879,0.884,0.982,0.899,0.886,0.921,0.878,0.023,0.885,0.859,0.903,0.875,0.875,0.921,0.863,0.928,0.877,0.87,1.0,0.98,0.877,0.875,0.875,0.919,0.889
0.891,0.887,0.872,0.933,0.877,0.877,0.87,0.956,0.886,0.916,0.846,0.939,0.86,0.938,0.937,0.865,0.89,0.879,0.878,0.873,0.873,0.874,0.878,0.871,0.889,0.88,0.877,0.975,0.895,0.884,0.916,0.875,0.024,0.88,0.858,0.904,0.873,0.871,0.922,0.863,0.923,0.871,0.867,0.98,1.0,0.877,0.872,0.872,0.918,0.888
0.875,0.876,0.876,0.861,0.884,0.873,0.88,0.874,0.896,0.851,0.85,0.874,0.853,0.874,0.871,0.874,0.876,0.88,0.882,0.881,0.89,0.866,0.87,0.862,0.876,0.866,0.877,0.867,0.899,0.89,0.882,0.878,0.025,0.868,0.852,0.866,0.88,0.874,0.874,0.862,0.88,0.869,0.867,0.877,0.877,1.0,0.882,0.883,0.866,0.916
0.878,0.921,0.875,0.871,0.907,0.923,0.897,0.868,0.888,0.849,0.872,0.867,0.889,0.875,0.875,0.892,0.917,0.916,0.901,0.898,0.909,0.899,0.905,0.908,0.912,0.905,0.909,0.864,0.877,0.889,0.87,0.907,0.022,0.902,0.898,0.865,0.895,0.906,0.874,0.893,0.874,0.923,0.9,0.875,0.872,0.882,1.0,0.999,0.867,0.878
0.878,0.921,0.875,0.871,0.907,0.923,0.897,0.868,0.888,0.849,0.872,0.867,0.889,0.875,0.875,0.892,0.917,0.916,0.901,0.898,0.91,0.899,0.905,0.908,0.912,0.905,0.909,0.864,0.876,0.889,0.871,0.908,0.022,0.902,0.897,0.865,0.895,0.906,0.874,0.893,0.875,0.923,0.9,0.875,0.872,0.883,0.999,1.0,0.867,0.878
0.888,0.884,0.864,0.919,0.869,0.877,0.869,0.919,0.878,0.908,0.857,0.915,0.861,0.927,0.917,0.868,0.888,0.878,0.873,0.868,0.868,0.877,0.873,0.875,0.888,0.883,0.877,0.923,0.88,0.876,0.905,0.862,0.021,0.869,0.867,0.907,0.869,0.872,0.913,0.863,0.911,0.873,0.874,0.919,0.918,0.866,0.867,0.867,1.0,0.88
0.89,0.888,0.879,0.881,0.892,0.888,0.89,0.892,0.89,0.866,0.868,0.888,0.87,0.887,0.893,0.887,0.888,0.887,0.885,0.887,0.882,0.885,0.886,0.881,0.892,0.884,0.889,0.885,0.952,0.897,0.872,0.881,0.022,0.883,0.872,0.88,0.887,0.894,0.891,0.884,0.873,0.88,0.886,0.889,0.888,0.916,0.878,0.878,0.88,1.0
