GCF_000163235.1_ASM16323v1_genomic.fna,GCF_000164555.1_ASM16455v1_genomic.fna,GCF_000208545.1_ASM20854v2_genomic.fna,GCF_000233875.1_ASM23387v1_genomic.fna,GCF_000249735.1_ASM24973v2_genomic.fna,GCF_000261145.1_Esch_coli_M919_V2_genomic.fna,GCF_000267705.2_ASM26770v2_genomic.fna,GCF_000350665.1_Esch_coli_KTE5_V1_genomic.fna,GCF_000351625.1_Esch_coli_KTE66_V1_genomic.fna,GCF_000352285.1_Esch_coli_KTE46_V1_genomic.fna,GCF_000358895.1_ASM35889v1_genomic.fna,GCF_000456385.1_Esch_coli_HVH_26_4-5703913_V1_genomic.fna,GCF_000458195.1_Esch_coli_HVH_147_4-5893887_V1_genomic.fna,GCF_000459755.1_Esch_coli_KOEGE_58_171a_V1_genomic.fna,GCF_000460055.1_Esch_coli_UMEA_3053-1_V1_genomic.fna,GCF_000462165.2_ASM46216v2_genomic.fna,GCF_000601135.1_ASM60113v1_genomic.fna,GCF_000614595.1_Ec2010EL1058_genomic.fna,GCF_000617745.1_Ec2010C-4529_genomic.fna,GCF_000618265.2_EcF6751_genomic.fna,GCF_000619005.2_Ec2009C-4052_genomic.fna,GCF_000619105.1_Ec2009C-4780_genomic.fna,GCF_000619765.2_Ec2009C-3279_genomic.fna,GCF_000687005.1_ASM68700v1_genomic.fna,GCF_000687025.1_ASM68702v1_genomic.fna,GCF_000700125.1_ASM70012v1_genomic.fna,GCF_000753315.1_FHI35_genomic.fna,GCF_000776375.1_ASM77637v1_genomic.fna,GCF_000779395.1_ASM77939v1_genomic.fna,GCF_000780315.1_ASM78031v1_genomic.fna,GCF_000781995.1_ASM78199v1_genomic.fna,GCF_000986765.1_ASM98676v1_genomic.fna,GCF_001041375.1_ViralProj287958_genomic.fna,GCF_001265335.1_302014_genomic.fna,GCF_001265625.1_100854_genomic.fna,GCF_001267345.1_303289_genomic.fna,GCF_001309985.1_ASM130998v1_genomic.fna,GCF_001521695.1_ASM152169v1_genomic.fna,GCF_001592595.1_ASM159259v1_genomic.fna,GCF_001614975.1_ASM161497v1_genomic.fna,GCF_001692775.1_ASM169277v1_genomic.fna,GCF_001748915.1_ASM174891v1_genomic.fna,GCF_001749235.1_ASM174923v1_genomic.fna,GCF_001881155.1_ASM188115v1_genomic.fna,GCF_001881345.1_ASM188134v1_genomic.fna,GCF_001892405.1_ASM189240v1_genomic.fna,GCF_001892585.1_ASM189258v1_genomic.fna,GCF_001893985.1_ASM189398v1_genomic.fna,GCF_002001595.1_ASM200159v1_genomic.fna,GCF_002002145.1_ASM200214v1_genomic.fna
1.0,0.551,0.478,0.488,0.544,0.546,0.529,0.531,0.645,0.517,0.531,0.536,0.55,0.499,0.503,0.532,0.543,0.546,0.541,0.523,0.537,0.533,0.551,0.54,0.54,0.527,0.544,0.514,0.566,0.617,0.478,0.532,0.0,0.533,0.5,0.513,0.522,0.555,0.501,0.549,0.494,0.525,0.546,0.522,0.54,0.517,0.523,0.524,0.486,0.571
0.551,1.0,0.429,0.477,0.693,0.809,0.584,0.51,0.518,0.495,0.643,0.521,0.667,0.473,0.493,0.592,0.722,0.65,0.638,0.579,0.638,0.655,0.668,0.794,0.822,0.727,0.661,0.496,0.534,0.517,0.481,0.672,0.0,0.657,0.742,0.477,0.579,0.678,0.502,0.664,0.492,0.698,0.662,0.512,0.519,0.486,0.716,0.716,0.488,0.536
0.478,0.429,1.0,0.365,0.437,0.42,0.427,0.393,0.454,0.382,0.426,0.389,0.436,0.375,0.384,0.431,0.411,0.418,0.412,0.423,0.416,0.427,0.438,0.414,0.411,0.402,0.435,0.387,0.437,0.453,0.385,0.436,0.0,0.429,0.38,0.385,0.423,0.431,0.404,0.441,0.397,0.406,0.432,0.393,0.398,0.411,0.424,0.425,0.37,0.451
0.488,0.477,0.365,1.0,0.471,0.47,0.45,0.741,0.479,0.774,0.501,0.749,0.509,0.778,0.791,0.453,0.47,0.465,0.482,0.443,0.45,0.481,0.48,0.501,0.478,0.473,0.466,0.791,0.511,0.482,0.715,0.468,0.0,0.475,0.469,0.682,0.443,0.474,0.678,0.476,0.733,0.479,0.472,0.77,0.754,0.457,0.457,0.459,0.698,0.493
0.544,0.693,0.437,0.471,1.0,0.7,0.591,0.513,0.529,0.496,0.773,0.513,0.741,0.486,0.507,0.6,0.66,0.71,0.698,0.588,0.719,0.707,0.719,0.671,0.681,0.67,0.73,0.492,0.54,0.527,0.48,0.722,0.0,0.716,0.635,0.485,0.588,0.727,0.509,0.743,0.492,0.669,0.739,0.497,0.511,0.49,0.687,0.687,0.484,0.531
0.546,0.809,0.42,0.47,0.7,1.0,0.603,0.51,0.52,0.488,0.659,0.504,0.679,0.481,0.489,0.602,0.733,0.675,0.655,0.599,0.654,0.668,0.686,0.802,0.823,0.733,0.665,0.491,0.537,0.516,0.475,0.68,0.0,0.683,0.765,0.495,0.597,0.674,0.516,0.674,0.485,0.703,0.669,0.499,0.507,0.488,0.727,0.727,0.476,0.546
0.529,0.584,0.427,0.45,0.591,0.603,1.0,0.478,0.526,0.457,0.569,0.48,0.581,0.446,0.472,0.954,0.569,0.611,0.596,0.984,0.606,0.599,0.619,0.586,0.583,0.56,0.582,0.463,0.507,0.505,0.459,0.602,0.0,0.577,0.542,0.485,0.984,0.565,0.483,0.591,0.465,0.569,0.582,0.475,0.478,0.496,0.564,0.563,0.441,0.528
0.531,0.51,0.393,0.741,0.513,0.51,0.478,1.0,0.507,0.757,0.495,0.752,0.508,0.743,0.742,0.477,0.491,0.495,0.501,0.473,0.481,0.504,0.512,0.501,0.503,0.479,0.497,0.902,0.534,0.501,0.737,0.494,0.0,0.508,0.469,0.673,0.471,0.52,0.711,0.504,0.748,0.49,0.501,0.907,0.902,0.494,0.475,0.476,0.7,0.525
0.645,0.518,0.454,0.479,0.529,0.52,0.526,0.507,1.0,0.497,0.522,0.5,0.529,0.488,0.498,0.53,0.51,0.521,0.508,0.52,0.523,0.523,0.53,0.51,0.515,0.5,0.533,0.498,0.568,0.656,0.479,0.517,0.0,0.516,0.481,0.504,0.52,0.533,0.497,0.537,0.488,0.519,0.544,0.5,0.5,0.524,0.502,0.503,0.479,0.581
0.517,0.495,0.382,0.774,0.496,0.488,0.457,0.757,0.497,1.0,0.528,0.751,0.529,0.744,0.769,0.462,0.483,0.479,0.492,0.452,0.462,0.492,0.484,0.504,0.483,0.485,0.479,0.782,0.525,0.487,0.751,0.482,0.0,0.487,0.484,0.685,0.451,0.494,0.71,0.499,0.758,0.494,0.493,0.765,0.77,0.469,0.474,0.476,0.719,0.507
0.531,0.643,0.426,0.501,0.773,0.659,0.569,0.495,0.522,0.528,1.0,0.511,0.769,0.492,0.508,0.576,0.648,0.686,0.717,0.566,0.692,0.715,0.701,0.695,0.656,0.671,0.71,0.516,0.528,0.515,0.464,0.694,0.0,0.704,0.686,0.5,0.566,0.714,0.488,0.75,0.475,0.68,0.733,0.503,0.504,0.47,0.673,0.674,0.488,0.516
0.536,0.521,0.389,0.749,0.513,0.504,0.48,0.752,0.5,0.751,0.511,1.0,0.523,0.756,0.865,0.479,0.507,0.489,0.509,0.471,0.483,0.512,0.507,0.524,0.511,0.506,0.494,0.753,0.538,0.501,0.697,0.491,0.0,0.51,0.482,0.674,0.471,0.517,0.696,0.505,0.72,0.502,0.513,0.761,0.754,0.494,0.492,0.494,0.692,0.516
0.55,0.667,0.436,0.509,0.741,0.679,0.581,0.508,0.529,0.529,0.769,0.523,1.0,0.498,0.521,0.583,0.672,0.739,0.783,0.577,0.749,0.809,0.793,0.713,0.67,0.68,0.773,0.523,0.547,0.536,0.47,0.747,0.0,0.795,0.669,0.511,0.576,0.771,0.497,0.8,0.48,0.697,0.78,0.511,0.503,0.481,0.692,0.694,0.493,0.54
0.499,0.473,0.375,0.778,0.486,0.481,0.446,0.743,0.488,0.744,0.492,0.756,0.498,1.0,0.792,0.449,0.464,0.472,0.483,0.44,0.453,0.483,0.478,0.483,0.477,0.47,0.47,0.763,0.521,0.479,0.725,0.475,0.0,0.48,0.453,0.683,0.44,0.491,0.697,0.488,0.744,0.47,0.477,0.763,0.755,0.472,0.456,0.458,0.705,0.501
0.503,0.493,0.384,0.791,0.507,0.489,0.472,0.742,0.498,0.769,0.508,0.865,0.521,0.792,1.0,0.471,0.49,0.482,0.499,0.466,0.472,0.505,0.499,0.501,0.492,0.49,0.488,0.763,0.527,0.494,0.735,0.486,0.0,0.498,0.473,0.677,0.465,0.508,0.697,0.498,0.752,0.498,0.506,0.759,0.747,0.482,0.491,0.493,0.705,0.514
0.532,0.592,0.431,0.453,0.6,0.602,0.954,0.477,0.53,0.462,0.576,0.479,0.583,0.449,0.471,1.0,0.569,0.598,0.596,0.95,0.595,0.599,0.611,0.579,0.584,0.563,0.579,0.463,0.505,0.509,0.457,0.592,0.0,0.573,0.541,0.484,0.95,0.569,0.484,0.59,0.465,0.571,0.579,0.472,0.481,0.495,0.568,0.567,0.447,0.529
0.543,0.722,0.411,0.47,0.66,0.733,0.569,0.491,0.51,0.483,0.648,0.507,0.672,0.464,0.49,0.569,1.0,0.645,0.649,0.566,0.644,0.671,0.665,0.757,0.747,0.764,0.649,0.484,0.527,0.509,0.448,0.673,0.0,0.673,0.694,0.498,0.564,0.659,0.486,0.67,0.455,0.696,0.667,0.495,0.504,0.455,0.724,0.724,0.476,0.503
0.546,0.65,0.418,0.465,0.71,0.675,0.611,0.495,0.521,0.479,0.686,0.489,0.739,0.472,0.482,0.598,0.645,1.0,0.764,0.608,0.753,0.759,0.77,0.655,0.649,0.639,0.746,0.48,0.527,0.521,0.468,0.728,0.0,0.723,0.613,0.509,0.606,0.711,0.503,0.734,0.478,0.66,0.72,0.485,0.488,0.473,0.649,0.649,0.457,0.528
0.541,0.638,0.412,0.482,0.698,0.655,0.596,0.501,0.508,0.492,0.717,0.509,0.783,0.483,0.499,0.596,0.649,0.764,1.0,0.593,0.755,0.787,0.765,0.674,0.645,0.651,0.75,0.499,0.528,0.52,0.452,0.728,0.0,0.745,0.645,0.512,0.592,0.732,0.491,0.757,0.461,0.67,0.751,0.498,0.494,0.468,0.665,0.666,0.472,0.514
0.523,0.579,0.423,0.443,0.588,0.599,0.984,0.473,0.52,0.452,0.566,0.471,0.577,0.44,0.466,0.95,0.566,0.608,0.593,1.0,0.605,0.596,0.615,0.583,0.582,0.557,0.576,0.459,0.501,0.499,0.454,0.595,0.0,0.572,0.538,0.478,0.991,0.562,0.477,0.587,0.46,0.566,0.58,0.469,0.472,0.496,0.561,0.56,0.436,0.523
0.537,0.638,0.416,0.45,0.719,0.654,0.606,0.481,0.523,0.462,0.692,0.483,0.749,0.453,0.472,0.595,0.644,0.753,0.755,0.605,1.0,0.768,0.782,0.656,0.654,0.64,0.742,0.472,0.517,0.52,0.448,0.74,0.0,0.749,0.611,0.493,0.603,0.721,0.486,0.749,0.463,0.633,0.735,0.475,0.483,0.472,0.646,0.646,0.447,0.519
0.533,0.655,0.427,0.481,0.707,0.668,0.599,0.504,0.523,0.492,0.715,0.512,0.809,0.483,0.505,0.599,0.671,0.759,0.787,0.596,0.768,1.0,0.919,0.67,0.667,0.651,0.756,0.499,0.533,0.526,0.457,0.746,0.0,0.875,0.639,0.514,0.595,0.753,0.493,0.781,0.47,0.662,0.77,0.505,0.505,0.469,0.671,0.67,0.477,0.52
0.551,0.668,0.438,0.48,0.719,0.686,0.619,0.512,0.53,0.484,0.701,0.507,0.793,0.478,0.499,0.611,0.665,0.77,0.765,0.615,0.782,0.919,1.0,0.66,0.676,0.646,0.773,0.495,0.532,0.521,0.468,0.765,0.0,0.866,0.626,0.511,0.613,0.742,0.51,0.769,0.484,0.647,0.757,0.505,0.512,0.477,0.657,0.657,0.466,0.527
0.54,0.794,0.414,0.501,0.671,0.802,0.586,0.501,0.51,0.504,0.695,0.524,0.713,0.483,0.501,0.579,0.757,0.655,0.674,0.583,0.656,0.67,0.66,1.0,0.814,0.76,0.665,0.513,0.521,0.521,0.45,0.663,0.0,0.672,0.807,0.497,0.581,0.67,0.477,0.673,0.465,0.732,0.677,0.504,0.504,0.471,0.733,0.735,0.482,0.513
0.54,0.822,0.411,0.478,0.681,0.823,0.583,0.503,0.515,0.483,0.656,0.511,0.67,0.477,0.492,0.584,0.747,0.649,0.645,0.582,0.654,0.667,0.676,0.814,1.0,0.764,0.657,0.494,0.523,0.512,0.462,0.68,0.0,0.663,0.773,0.486,0.58,0.661,0.493,0.661,0.473,0.717,0.668,0.508,0.51,0.48,0.712,0.711,0.486,0.525
0.527,0.727,0.402,0.473,0.67,0.733,0.56,0.479,0.5,0.485,0.671,0.506,0.68,0.47,0.49,0.563,0.764,0.639,0.651,0.557,0.64,0.651,0.646,0.76,0.764,1.0,0.65,0.483,0.516,0.501,0.444,0.644,0.0,0.645,0.7,0.487,0.557,0.659,0.472,0.675,0.453,0.705,0.654,0.5,0.49,0.466,0.723,0.723,0.491,0.501
0.544,0.661,0.435,0.466,0.73,0.665,0.582,0.497,0.533,0.479,0.71,0.494,0.773,0.47,0.488,0.579,0.649,0.746,0.75,0.576,0.742,0.756,0.773,0.665,0.657,0.65,1.0,0.483,0.527,0.52,0.461,0.75,0.0,0.745,0.62,0.488,0.576,0.823,0.481,0.774,0.471,0.654,0.836,0.497,0.496,0.479,0.655,0.654,0.469,0.525
0.514,0.496,0.387,0.791,0.492,0.491,0.463,0.902,0.498,0.782,0.516,0.753,0.523,0.763,0.763,0.463,0.484,0.48,0.499,0.459,0.472,0.499,0.495,0.513,0.494,0.483,0.483,1.0,0.531,0.494,0.726,0.484,0.0,0.498,0.477,0.676,0.457,0.508,0.688,0.496,0.747,0.495,0.489,0.956,0.926,0.484,0.478,0.48,0.712,0.509
0.566,0.534,0.437,0.511,0.54,0.537,0.507,0.534,0.568,0.525,0.528,0.538,0.547,0.521,0.527,0.505,0.527,0.527,0.528,0.501,0.517,0.533,0.532,0.521,0.523,0.516,0.527,0.531,1.0,0.554,0.496,0.527,0.0,0.533,0.49,0.54,0.498,0.556,0.509,0.547,0.499,0.516,0.545,0.535,0.536,0.606,0.521,0.521,0.504,0.83
0.617,0.517,0.453,0.482,0.527,0.516,0.505,0.501,0.656,0.487,0.515,0.501,0.536,0.479,0.494,0.509,0.509,0.521,0.52,0.499,0.52,0.526,0.521,0.521,0.512,0.501,0.52,0.494,0.554,1.0,0.469,0.502,0.0,0.52,0.486,0.501,0.499,0.522,0.488,0.536,0.483,0.527,0.539,0.497,0.499,0.53,0.519,0.52,0.475,0.563
0.478,0.481,0.385,0.715,0.48,0.475,0.459,0.737,0.479,0.751,0.464,0.697,0.47,0.725,0.735,0.457,0.448,0.468,0.452,0.454,0.448,0.457,0.468,0.45,0.462,0.444,0.461,0.726,0.496,0.469,1.0,0.473,0.0,0.456,0.421,0.655,0.454,0.458,0.694,0.466,0.899,0.444,0.453,0.73,0.731,0.473,0.435,0.436,0.669,0.502
0.532,0.672,0.436,0.468,0.722,0.68,0.602,0.494,0.517,0.482,0.694,0.491,0.747,0.475,0.486,0.592,0.673,0.728,0.728,0.595,0.74,0.746,0.765,0.663,0.68,0.644,0.75,0.484,0.527,0.502,0.473,1.0,0.0,0.741,0.606,0.485,0.593,0.752,0.502,0.76,0.475,0.656,0.749,0.49,0.497,0.479,0.665,0.664,0.459,0.532
0.0,0.0,0.0,0.0,0.0,0.0,0.0,0.0,0.0,0.0,0.0,0.0,0.0,0.0,0.0,0.0,0.0,0.0,0.0,0.0,0.0,0.0,0.0,0.0,0.0,0.0,0.0,0.0,0.0,0.0,0.0,0.0,1.0,0.0,0.0,0.0,0.0,0.0,0.0,0.0,0.0,0.0,0.0,0.0,0.0,0.0,0.0,0.0,0.0,0.0
0.533,0.657,0.429,0.475,0.716,0.683,0.577,0.508,0.516,0.487,0.704,0.51,0.795,0.48,0.498,0.573,0.673,0.723,0.745,0.572,0.749,0.875,0.866,0.672,0.663,0.645,0.745,0.498,0.533,0.52,0.456,0.741,0.0,1.0,0.627,0.522,0.569,0.744,0.506,0.769,0.469,0.649,0.762,0.503,0.513,0.472,0.663,0.664,0.467,0.523
0.5,0.742,0.38,0.469,0.635,0.765,0.542,0.469,0.481,0.484,0.686,0.482,0.669,0.453,0.473,0.541,0.694,0.613,0.645,0.538,0.611,0.639,0.626,0.807,0.773,0.7,0.62,0.477,0.49,0.486,0.421,0.606,0.0,0.627,1.0,0.465,0.537,0.628,0.455,0.637,0.433,0.705,0.637,0.467,0.465,0.435,0.681,0.681,0.453,0.475
0.513,0.477,0.385,0.682,0.485,0.495,0.485,0.673,0.504,0.685,0.5,0.674,0.511,0.683,0.677,0.484,0.498,0.509,0.512,0.478,0.493,0.514,0.511,0.497,0.486,0.487,0.488,0.676,0.54,0.501,0.655,0.485,0.0,0.522,0.465,1.0,0.477,0.5,0.676,0.51,0.671,0.489,0.505,0.686,0.683,0.476,0.475,0.476,0.653,0.518
0.522,0.579,0.423,0.443,0.588,0.597,0.984,0.471,0.52,0.451,0.566,0.471,0.576,0.44,0.465,0.95,0.564,0.606,0.592,0.991,0.603,0.595,0.613,0.581,0.58,0.557,0.576,0.457,0.498,0.499,0.454,0.593,0.0,0.569,0.537,0.477,1.0,0.56,0.474,0.586,0.459,0.565,0.578,0.468,0.47,0.495,0.561,0.56,0.436,0.521
0.555,0.678,0.431,0.474,0.727,0.674,0.565,0.52,0.533,0.494,0.714,0.517,0.771,0.491,0.508,0.569,0.659,0.711,0.732,0.562,0.721,0.753,0.742,0.67,0.661,0.659,0.823,0.508,0.556,0.522,0.458,0.752,0.0,0.744,0.628,0.5,0.56,1.0,0.487,0.776,0.475,0.666,0.859,0.513,0.502,0.495,0.686,0.687,0.485,0.53
0.501,0.502,0.404,0.678,0.509,0.516,0.483,0.711,0.497,0.71,0.488,0.696,0.497,0.697,0.697,0.484,0.486,0.503,0.491,0.477,0.486,0.493,0.51,0.477,0.493,0.472,0.481,0.688,0.509,0.488,0.694,0.502,0.0,0.506,0.455,0.676,0.474,0.487,1.0,0.495,0.707,0.486,0.498,0.694,0.707,0.477,0.466,0.467,0.648,0.508
0.549,0.664,0.441,0.476,0.743,0.674,0.591,0.504,0.537,0.499,0.75,0.505,0.8,0.488,0.498,0.59,0.67,0.734,0.757,0.587,0.749,0.781,0.769,0.673,0.661,0.675,0.774,0.496,0.547,0.536,0.466,0.76,0.0,0.769,0.637,0.51,0.586,0.776,0.495,1.0,0.476,0.677,0.797,0.496,0.507,0.488,0.698,0.699,0.477,0.537
0.494,0.492,0.397,0.733,0.492,0.485,0.465,0.748,0.488,0.758,0.475,0.72,0.48,0.744,0.752,0.465,0.455,0.478,0.461,0.46,0.463,0.47,0.484,0.465,0.473,0.453,0.471,0.747,0.499,0.483,0.899,0.475,0.0,0.469,0.433,0.671,0.459,0.475,0.707,0.476,1.0,0.457,0.465,0.75,0.755,0.484,0.446,0.447,0.68,0.515
0.525,0.698,0.406,0.479,0.669,0.703,0.569,0.49,0.519,0.494,0.68,0.502,0.697,0.47,0.498,0.571,0.696,0.66,0.67,0.566,0.633,0.662,0.647,0.732,0.717,0.705,0.654,0.495,0.516,0.527,0.444,0.656,0.0,0.649,0.705,0.489,0.565,0.666,0.486,0.677,0.457,1.0,0.699,0.495,0.487,0.45,0.755,0.755,0.478,0.505
0.546,0.662,0.432,0.472,0.739,0.669,0.582,0.501,0.544,0.493,0.733,0.513,0.78,0.477,0.506,0.579,0.667,0.72,0.751,0.58,0.735,0.77,0.757,0.677,0.668,0.654,0.836,0.489,0.545,0.539,0.453,0.749,0.0,0.762,0.637,0.505,0.578,0.859,0.498,0.797,0.465,0.699,1.0,0.494,0.497,0.489,0.684,0.684,0.479,0.529
0.522,0.512,0.393,0.77,0.497,0.499,0.475,0.907,0.5,0.765,0.503,0.761,0.511,0.763,0.759,0.472,0.495,0.485,0.498,0.469,0.475,0.505,0.505,0.504,0.508,0.5,0.497,0.956,0.535,0.497,0.73,0.49,0.0,0.503,0.467,0.686,0.468,0.513,0.694,0.496,0.75,0.495,0.494,1.0,0.954,0.489,0.483,0.484,0.723,0.512
0.54,0.519,0.398,0.754,0.511,0.507,0.478,0.902,0.5,0.77,0.504,0.754,0.503,0.755,0.747,0.481,0.504,0.488,0.494,0.472,0.483,0.505,0.512,0.504,0.51,0.49,0.496,0.926,0.536,0.499,0.731,0.497,0.0,0.513,0.465,0.683,0.47,0.502,0.707,0.507,0.755,0.487,0.497,0.954,1.0,0.489,0.489,0.49,0.711,0.519
0.517,0.486,0.411,0.457,0.49,0.488,0.496,0.494,0.524,0.469,0.47,0.494,0.481,0.472,0.482,0.495,0.455,0.473,0.468,0.496,0.472,0.469,0.477,0.471,0.48,0.466,0.479,0.484,0.606,0.53,0.473,0.479,0.0,0.472,0.435,0.476,0.495,0.495,0.477,0.488,0.484,0.45,0.489,0.489,0.489,1.0,0.49,0.489,0.462,0.666
0.523,0.716,0.424,0.457,0.687,0.727,0.564,0.475,0.502,0.474,0.673,0.492,0.692,0.456,0.491,0.568,0.724,0.649,0.665,0.561,0.646,0.671,0.657,0.733,0.712,0.723,0.655,0.478,0.521,0.519,0.435,0.665,0.0,0.663,0.681,0.475,0.561,0.686,0.466,0.698,0.446,0.755,0.684,0.483,0.489,0.49,1.0,0.997,0.469,0.52
0.524,0.716,0.425,0.459,0.687,0.727,0.563,0.476,0.503,0.476,0.674,0.494,0.694,0.458,0.493,0.567,0.724,0.649,0.666,0.56,0.646,0.67,0.657,0.735,0.711,0.723,0.654,0.48,0.521,0.52,0.436,0.664,0.0,0.664,0.681,0.476,0.56,0.687,0.467,0.699,0.447,0.755,0.684,0.484,0.49,0.489,0.997,1.0,0.471,0.52
0.486,0.488,0.37,0.698,0.484,0.476,0.441,0.7,0.479,0.719,0.488,0.692,0.493,0.705,0.705,0.447,0.476,0.457,0.472,0.436,0.447,0.477,0.466,0.482,0.486,0.491,0.469,0.712,0.504,0.475,0.669,0.459,0.0,0.467,0.453,0.653,0.436,0.485,0.648,0.477,0.68,0.478,0.479,0.723,0.711,0.462,0.469,0.471,1.0,0.483
0.571,0.536,0.451,0.493,0.531,0.546,0.528,0.525,0.581,0.507,0.516,0.516,0.54,0.501,0.514,0.529,0.503,0.528,0.514,0.523,0.519,0.52,0.527,0.513,0.525,0.501,0.525,0.509,0.83,0.563,0.502,0.532,0.0,0.523,0.475,0.518,0.521,0.53,0.508,0.537,0.515,0.505,0.529,0.512,0.519,0.666,0.52,0.52,0.483,1.0
