GCF_000163235.1_ASM16323v1_genomic.fna,GCF_000164555.1_ASM16455v1_genomic.fna,GCF_000208545.1_ASM20854v2_genomic.fna,GCF_000233875.1_ASM23387v1_genomic.fna,GCF_000249735.1_ASM24973v2_genomic.fna,GCF_000261145.1_Esch_coli_M919_V2_genomic.fna,GCF_000267705.2_ASM26770v2_genomic.fna,GCF_000350665.1_Esch_coli_KTE5_V1_genomic.fna,GCF_000351625.1_Esch_coli_KTE66_V1_genomic.fna,GCF_000352285.1_Esch_coli_KTE46_V1_genomic.fna,GCF_000358895.1_ASM35889v1_genomic.fna,GCF_000456385.1_Esch_coli_HVH_26_4-5703913_V1_genomic.fna,GCF_000458195.1_Esch_coli_HVH_147_4-5893887_V1_genomic.fna,GCF_000459755.1_Esch_coli_KOEGE_58_171a_V1_genomic.fna,GCF_000460055.1_Esch_coli_UMEA_3053-1_V1_genomic.fna,GCF_000462165.2_ASM46216v2_genomic.fna,GCF_000601135.1_ASM60113v1_genomic.fna,GCF_000614595.1_Ec2010EL1058_genomic.fna,GCF_000617745.1_Ec2010C-4529_genomic.fna,GCF_000618265.2_EcF6751_genomic.fna,GCF_000619005.2_Ec2009C-4052_genomic.fna,GCF_000619105.1_Ec2009C-4780_genomic.fna,GCF_000619765.2_Ec2009C-3279_genomic.fna,GCF_000687005.1_ASM68700v1_genomic.fna,GCF_000687025.1_ASM68702v1_genomic.fna,GCF_000700125.1_ASM70012v1_genomic.fna,GCF_000753315.1_FHI35_genomic.fna,GCF_000776375.1_ASM77637v1_genomic.fna,GCF_000779395.1_ASM77939v1_genomic.fna,GCF_000780315.1_ASM78031v1_genomic.fna,GCF_000781995.1_ASM78199v1_genomic.fna,GCF_000986765.1_ASM98676v1_genomic.fna,GCF_001041375.1_ViralProj287958_genomic.fna,GCF_001265335.1_302014_genomic.fna,GCF_001265625.1_100854_genomic.fna,GCF_001267345.1_303289_genomic.fna,GCF_001309985.1_ASM130998v1_genomic.fna,GCF_001521695.1_ASM152169v1_genomic.fna,GCF_001592595.1_ASM159259v1_genomic.fna,GCF_001614975.1_ASM161497v1_genomic.fna,GCF_001692775.1_ASM169277v1_genomic.fna,GCF_001748915.1_ASM174891v1_genomic.fna,GCF_001749235.1_ASM174923v1_genomic.fna,GCF_001881155.1_ASM188115v1_genomic.fna,GCF_001881345.1_ASM188134v1_genomic.fna,GCF_001892405.1_ASM189240v1_genomic.fna,GCF_001892585.1_ASM189258v1_genomic.fna,GCF_001893985.1_ASM189398v1_genomic.fna,GCF_002001595.1_ASM200159v1_genomic.fna,GCF_002002145.1_ASM200214v1_genomic.fna
1.0,0.915,0.907,0.882,0.889,0.911,0.901,0.894,0.91,0.865,0.873,0.89,0.882,0.873,0.884,0.897,0.901,0.908,0.904,0.9,0.901,0.903,0.907,0.896,0.899,0.901,0.888,0.886,0.911,0.903,0.897,0.905,0.02,0.892,0.876,0.887,0.9,0.896,0.893,0.891,0.888,0.897,0.887,0.893,0.895,0.895,0.903,0.902,0.886,0.914
0.915,1.0,0.89,0.874,0.913,0.951,0.9,0.886,0.892,0.864,0.888,0.885,0.906,0.87,0.886,0.9,0.927,0.917,0.92,0.901,0.92,0.921,0.926,0.933,0.944,0.925,0.901,0.889,0.901,0.883,0.896,0.927,0.018,0.922,0.912,0.888,0.899,0.917,0.892,0.915,0.884,0.925,0.913,0.897,0.899,0.89,0.936,0.934,0.89,0.899
0.907,0.89,1.0,0.866,0.868,0.892,0.891,0.878,0.881,0.854,0.854,0.872,0.863,0.868,0.877,0.884,0.884,0.876,0.878,0.89,0.886,0.879,0.886,0.876,0.877,0.885,0.87,0.875,0.889,0.88,0.881,0.886,0.019,0.885,0.856,0.881,0.892,0.878,0.88,0.873,0.871,0.884,0.877,0.886,0.88,0.881,0.883,0.883,0.883,0.899
0.882,0.874,0.866,1.0,0.887,0.876,0.877,0.923,0.894,0.92,0.878,0.934,0.884,0.942,0.941,0.879,0.88,0.884,0.886,0.875,0.88,0.879,0.885,0.888,0.88,0.883,0.885,0.941,0.888,0.889,0.922,0.878,0.018,0.871,0.874,0.908,0.877,0.885,0.925,0.886,0.936,0.884,0.886,0.93,0.928,0.865,0.883,0.884,0.918,0.896
0.889,0.913,0.868,0.887,1.0,0.916,0.888,0.89,0.899,0.879,0.937,0.888,0.934,0.896,0.882,0.896,0.908,0.912,0.923,0.887,0.912,0.92,0.919,0.921,0.908,0.905,0.923,0.893,0.889,0.898,0.873,0.907,0.019,0.913,0.914,0.881,0.887,0.916,0.889,0.921,0.885,0.905,0.924,0.884,0.885,0.862,0.915,0.916,0.884,0.888
0.911,0.951,0.892,0.876,0.916,1.0,0.905,0.889,0.891,0.862,0.893,0.883,0.903,0.866,0.879,0.902,0.931,0.922,0.92,0.906,0.918,0.918,0.928,0.936,0.942,0.924,0.904,0.89,0.904,0.889,0.892,0.927,0.019,0.928,0.921,0.896,0.905,0.915,0.896,0.919,0.886,0.929,0.915,0.895,0.895,0.888,0.94,0.939,0.895,0.896
0.901,0.9,0.891,0.877,0.888,0.905,1.0,0.891,0.902,0.861,0.879,0.885,0.895,0.869,0.886,0.984,0.91,0.92,0.919,0.997,0.921,0.919,0.923,0.904,0.905,0.912,0.901,0.888,0.901,0.896,0.886,0.906,0.019,0.913,0.885,0.897,0.998,0.902,0.894,0.906,0.882,0.903,0.897,0.893,0.891,0.882,0.907,0.908,0.884,0.905
0.894,0.886,0.878,0.923,0.89,0.889,0.891,1.0,0.895,0.911,0.877,0.932,0.88,0.926,0.924,0.894,0.891,0.891,0.901,0.889,0.891,0.891,0.895,0.896,0.892,0.898,0.884,0.969,0.906,0.888,0.919,0.885,0.02,0.888,0.872,0.909,0.891,0.896,0.92,0.9,0.935,0.884,0.884,0.961,0.958,0.875,0.89,0.89,0.924,0.905
0.91,0.892,0.881,0.894,0.899,0.891,0.902,0.895,1.0,0.88,0.88,0.892,0.896,0.889,0.888,0.9,0.886,0.889,0.901,0.901,0.893,0.89,0.887,0.903,0.902,0.895,0.896,0.896,0.905,0.922,0.884,0.886,0.019,0.889,0.892,0.89,0.903,0.898,0.894,0.895,0.895,0.888,0.9,0.89,0.888,0.884,0.896,0.897,0.888,0.909
0.865,0.864,0.854,0.92,0.879,0.862,0.861,0.911,0.88,1.0,0.894,0.919,0.887,0.926,0.909,0.862,0.86,0.87,0.873,0.859,0.864,0.859,0.861,0.869,0.866,0.87,0.88,0.917,0.877,0.88,0.907,0.856,0.02,0.856,0.877,0.888,0.862,0.874,0.903,0.88,0.923,0.866,0.866,0.908,0.911,0.848,0.864,0.865,0.905,0.884
0.873,0.888,0.854,0.878,0.937,0.893,0.879,0.877,0.88,0.894,1.0,0.874,0.932,0.885,0.868,0.883,0.889,0.897,0.906,0.878,0.894,0.901,0.902,0.911,0.892,0.889,0.914,0.876,0.87,0.889,0.862,0.886,0.021,0.893,0.914,0.869,0.878,0.903,0.872,0.91,0.87,0.894,0.913,0.868,0.871,0.847,0.89,0.892,0.866,0.872
0.89,0.885,0.872,0.934,0.888,0.883,0.885,0.932,0.892,0.919,0.874,1.0,0.876,0.927,0.948,0.885,0.886,0.887,0.891,0.884,0.89,0.888,0.888,0.895,0.887,0.895,0.876,0.94,0.902,0.884,0.917,0.882,0.017,0.88,0.869,0.909,0.885,0.891,0.92,0.89,0.933,0.884,0.886,0.933,0.934,0.874,0.888,0.889,0.924,0.904
0.882,0.906,0.863,0.884,0.934,0.903,0.895,0.88,0.896,0.887,0.932,0.876,1.0,0.888,0.875,0.9,0.904,0.922,0.927,0.894,0.916,0.932,0.927,0.922,0.909,0.905,0.94,0.881,0.888,0.897,0.881,0.909,0.017,0.925,0.913,0.873,0.894,0.924,0.881,0.934,0.886,0.904,0.932,0.874,0.876,0.856,0.904,0.906,0.875,0.886
0.873,0.87,0.868,0.942,0.896,0.866,0.869,0.926,0.889,0.926,0.885,0.927,0.888,1.0,0.934,0.871,0.874,0.875,0.879,0.867,0.877,0.878,0.881,0.884,0.873,0.88,0.89,0.937,0.886,0.883,0.923,0.873,0.018,0.87,0.871,0.897,0.87,0.888,0.911,0.889,0.935,0.88,0.884,0.927,0.922,0.86,0.875,0.876,0.913,0.892
0.884,0.886,0.877,0.941,0.882,0.879,0.886,0.924,0.888,0.909,0.868,0.948,0.875,0.934,1.0,0.885,0.891,0.889,0.894,0.885,0.888,0.893,0.897,0.882,0.89,0.894,0.88,0.93,0.899,0.882,0.932,0.883,0.017,0.881,0.862,0.916,0.888,0.894,0.926,0.892,0.937,0.891,0.89,0.931,0.927,0.877,0.893,0.894,0.929,0.902
0.897,0.9,0.884,0.879,0.896,0.902,0.984,0.894,0.9,0.862,0.883,0.885,0.9,0.871,0.885,1.0,0.904,0.911,0.917,0.984,0.913,0.917,0.915,0.908,0.907,0.912,0.901,0.892,0.895,0.899,0.877,0.897,0.019,0.906,0.889,0.89,0.983,0.907,0.89,0.907,0.886,0.902,0.897,0.889,0.887,0.875,0.901,0.902,0.883,0.9
0.901,0.927,0.884,0.88,0.908,0.931,0.91,0.891,0.886,0.86,0.889,0.886,0.904,0.874,0.891,0.904,1.0,0.917,0.919,0.909,0.917,0.924,0.926,0.931,0.931,0.939,0.903,0.888,0.899,0.886,0.884,0.919,0.02,0.92,0.904,0.889,0.909,0.91,0.891,0.917,0.885,0.925,0.91,0.894,0.895,0.872,0.934,0.935,0.885,0.897
0.908,0.917,0.876,0.884,0.912,0.922,0.92,0.891,0.889,0.87,0.897,0.887,0.922,0.875,0.889,0.911,0.917,1.0,0.948,0.919,0.94,0.943,0.946,0.915,0.914,0.914,0.925,0.882,0.901,0.886,0.889,0.924,0.019,0.933,0.9,0.9,0.918,0.923,0.901,0.927,0.888,0.921,0.922,0.888,0.893,0.878,0.924,0.924,0.891,0.896
0.904,0.92,0.878,0.886,0.923,0.92,0.919,0.901,0.901,0.873,0.906,0.891,0.927,0.879,0.894,0.917,0.919,0.948,1.0,0.918,0.943,0.944,0.937,0.919,0.923,0.919,0.927,0.893,0.905,0.897,0.895,0.925,0.018,0.931,0.9,0.899,0.918,0.928,0.903,0.932,0.893,0.922,0.927,0.895,0.896,0.88,0.92,0.921,0.901,0.902
0.9,0.901,0.89,0.875,0.887,0.906,0.997,0.889,0.901,0.859,0.878,0.884,0.894,0.867,0.885,0.984,0.909,0.919,0.918,1.0,0.92,0.918,0.921,0.902,0.905,0.91,0.899,0.886,0.898,0.894,0.885,0.905,0.019,0.913,0.884,0.895,0.997,0.901,0.893,0.905,0.88,0.905,0.897,0.891,0.89,0.88,0.906,0.907,0.883,0.902
0.901,0.92,0.886,0.88,0.912,0.918,0.921,0.891,0.893,0.864,0.894,0.89,0.916,0.877,0.888,0.913,0.917,0.94,0.943,0.92,1.0,0.939,0.948,0.919,0.915,0.917,0.923,0.882,0.9,0.883,0.884,0.932,0.018,0.939,0.901,0.895,0.92,0.924,0.897,0.926,0.887,0.917,0.926,0.885,0.888,0.88,0.925,0.927,0.893,0.905
0.903,0.921,0.879,0.879,0.92,0.918,0.919,0.891,0.89,0.859,0.901,0.888,0.932,0.878,0.893,0.917,0.924,0.943,0.944,0.918,0.939,1.0,0.976,0.923,0.923,0.922,0.924,0.887,0.9,0.892,0.883,0.923,0.018,0.954,0.902,0.89,0.918,0.93,0.899,0.934,0.883,0.916,0.931,0.892,0.891,0.871,0.925,0.926,0.892,0.9
0.907,0.926,0.886,0.885,0.919,0.928,0.923,0.895,0.887,0.861,0.902,0.888,0.927,0.881,0.897,0.915,0.926,0.946,0.937,0.921,0.948,0.976,1.0,0.924,0.92,0.92,0.927,0.89,0.899,0.889,0.891,0.93,0.019,0.961,0.899,0.9,0.921,0.93,0.901,0.928,0.885,0.918,0.932,0.894,0.895,0.878,0.93,0.931,0.897,0.898
0.896,0.933,0.876,0.888,0.921,0.936,0.904,0.896,0.903,0.869,0.911,0.895,0.922,0.884,0.882,0.908,0.931,0.915,0.919,0.902,0.919,0.923,0.924,1.0,0.951,0.935,0.918,0.892,0.897,0.901,0.877,0.909,0.018,0.918,0.944,0.879,0.903,0.919,0.887,0.925,0.891,0.935,0.927,0.886,0.884,0.872,0.928,0.93,0.883,0.9
0.899,0.944,0.877,0.88,0.908,0.942,0.905,0.892,0.902,0.866,0.892,0.887,0.909,0.873,0.89,0.907,0.931,0.914,0.923,0.905,0.915,0.923,0.92,0.951,1.0,0.942,0.909,0.894,0.898,0.888,0.878,0.916,0.018,0.919,0.934,0.881,0.905,0.919,0.897,0.92,0.887,0.933,0.92,0.896,0.891,0.872,0.932,0.933,0.888,0.899
0.901,0.925,0.885,0.883,0.905,0.924,0.912,0.898,0.895,0.87,0.889,0.895,0.905,0.88,0.894,0.912,0.939,0.914,0.919,0.91,0.917,0.922,0.92,0.935,0.942,1.0,0.91,0.893,0.895,0.897,0.886,0.91,0.019,0.919,0.912,0.886,0.911,0.916,0.894,0.924,0.894,0.927,0.908,0.897,0.893,0.876,0.928,0.929,0.893,0.897
0.888,0.901,0.87,0.885,0.923,0.904,0.901,0.884,0.896,0.88,0.914,0.876,0.94,0.89,0.88,0.901,0.903,0.925,0.927,0.899,0.923,0.924,0.927,0.918,0.909,0.91,1.0,0.884,0.885,0.895,0.88,0.913,0.019,0.919,0.908,0.872,0.9,0.94,0.878,0.935,0.885,0.909,0.954,0.88,0.875,0.862,0.904,0.905,0.882,0.89
0.886,0.889,0.875,0.941,0.893,0.89,0.888,0.969,0.896,0.917,0.876,0.94,0.881,0.937,0.93,0.892,0.888,0.882,0.893,0.886,0.882,0.887,0.89,0.892,0.894,0.893,0.884,1.0,0.903,0.89,0.922,0.884,0.019,0.885,0.875,0.913,0.888,0.895,0.92,0.901,0.939,0.887,0.888,0.985,0.979,0.873,0.895,0.896,0.922,0.904
0.911,0.901,0.889,0.888,0.889,0.904,0.901,0.906,0.905,0.877,0.87,0.902,0.888,0.886,0.899,0.895,0.899,0.901,0.905,0.898,0.9,0.9,0.899,0.897,0.898,0.895,0.885,0.903,1.0,0.894,0.904,0.897,0.019,0.896,0.873,0.893,0.899,0.898,0.902,0.892,0.903,0.901,0.886,0.906,0.905,0.9,0.901,0.902,0.903,0.955
0.903,0.883,0.88,0.889,0.898,0.889,0.896,0.888,0.922,0.88,0.889,0.884,0.897,0.883,0.882,0.899,0.886,0.886,0.897,0.894,0.883,0.892,0.889,0.901,0.888,0.897,0.895,0.89,0.894,1.0,0.875,0.882,0.018,0.889,0.892,0.878,0.895,0.892,0.887,0.895,0.887,0.892,0.891,0.882,0.881,0.877,0.893,0.894,0.879,0.907
0.897,0.896,0.881,0.922,0.873,0.892,0.886,0.919,0.884,0.907,0.862,0.917,0.881,0.923,0.932,0.877,0.884,0.889,0.895,0.885,0.884,0.883,0.891,0.877,0.878,0.886,0.88,0.922,0.904,0.875,1.0,0.888,0.019,0.884,0.855,0.915,0.887,0.891,0.919,0.883,0.954,0.891,0.876,0.926,0.924,0.889,0.891,0.89,0.922,0.902
0.905,0.927,0.886,0.878,0.907,0.927,0.906,0.885,0.886,0.856,0.886,0.882,0.909,0.873,0.883,0.897,0.919,0.924,0.925,0.905,0.932,0.923,0.93,0.909,0.916,0.91,0.913,0.884,0.897,0.882,0.888,1.0,0.019,0.926,0.889,0.889,0.905,0.918,0.891,0.925,0.873,0.924,0.919,0.89,0.891,0.89,0.929,0.928,0.881,0.899
0.02,0.018,0.019,0.018,0.019,0.019,0.019,0.02,0.019,0.02,0.021,0.017,0.017,0.018,0.017,0.019,0.02,0.019,0.018,0.019,0.018,0.018,0.019,0.018,0.018,0.019,0.019,0.019,0.019,0.018,0.019,0.019,1.0,0.019,0.019,0.019,0.019,0.018,0.019,0.018,0.019,0.019,0.018,0.019,0.019,0.017,0.02,0.019,0.019,0.019
0.892,0.922,0.885,0.871,0.913,0.928,0.913,0.888,0.889,0.856,0.893,0.88,0.925,0.87,0.881,0.906,0.92,0.933,0.931,0.913,0.939,0.954,0.961,0.918,0.919,0.919,0.919,0.885,0.896,0.889,0.884,0.926,0.019,1.0,0.9,0.896,0.913,0.925,0.897,0.925,0.878,0.915,0.924,0.889,0.892,0.868,0.924,0.925,0.891,0.894
0.876,0.912,0.856,0.874,0.914,0.921,0.885,0.872,0.892,0.877,0.914,0.869,0.913,0.871,0.862,0.889,0.904,0.9,0.9,0.884,0.901,0.902,0.899,0.944,0.934,0.912,0.908,0.875,0.873,0.892,0.855,0.889,0.019,0.9,1.0,0.865,0.884,0.901,0.871,0.908,0.871,0.908,0.909,0.867,0.867,0.851,0.911,0.913,0.863,0.874
0.887,0.888,0.881,0.908,0.881,0.896,0.897,0.909,0.89,0.888,0.869,0.909,0.873,0.897,0.916,0.89,0.889,0.9,0.899,0.895,0.895,0.89,0.9,0.879,0.881,0.886,0.872,0.913,0.893,0.878,0.915,0.889,0.019,0.896,0.865,1.0,0.896,0.883,0.923,0.884,0.916,0.889,0.88,0.919,0.92,0.882,0.897,0.896,0.91,0.895
0.9,0.899,0.892,0.877,0.887,0.905,0.998,0.891,0.903,0.862,0.878,0.885,0.894,0.87,0.888,0.983,0.909,0.918,0.918,0.997,0.92,0.918,0.921,0.903,0.905,0.911,0.9,0.888,0.899,0.895,0.887,0.905,0.019,0.913,0.884,0.896,1.0,0.902,0.894,0.905,0.883,0.904,0.897,0.893,0.891,0.88,0.906,0.907,0.885,0.903
0.896,0.917,0.878,0.885,0.916,0.915,0.902,0.896,0.898,0.874,0.903,0.891,0.924,0.888,0.894,0.907,0.91,0.923,0.928,0.901,0.924,0.93,0.93,0.919,0.919,0.916,0.94,0.895,0.898,0.892,0.891,0.918,0.018,0.925,0.901,0.883,0.902,1.0,0.895,0.934,0.894,0.916,0.952,0.892,0.889,0.874,0.916,0.916,0.893,0.902
0.893,0.892,0.88,0.925,0.889,0.896,0.894,0.92,0.894,0.903,0.872,0.92,0.881,0.911,0.926,0.89,0.891,0.901,0.903,0.893,0.897,0.899,0.901,0.887,0.897,0.894,0.878,0.92,0.902,0.887,0.919,0.891,0.019,0.897,0.871,0.923,0.894,0.895,1.0,0.891,0.92,0.893,0.885,0.926,0.924,0.877,0.902,0.903,0.923,0.908
0.891,0.915,0.873,0.886,0.921,0.919,0.906,0.9,0.895,0.88,0.91,0.89,0.934,0.889,0.892,0.907,0.917,0.927,0.932,0.905,0.926,0.934,0.928,0.925,0.92,0.924,0.935,0.901,0.892,0.895,0.883,0.925,0.018,0.925,0.908,0.884,0.905,0.934,0.891,1.0,0.897,0.918,0.942,0.893,0.895,0.873,0.92,0.92,0.886,0.898
0.888,0.884,0.871,0.936,0.885,0.886,0.882,0.935,0.895,0.923,0.87,0.933,0.886,0.935,0.937,0.886,0.885,0.888,0.893,0.88,0.887,0.883,0.885,0.891,0.887,0.894,0.885,0.939,0.903,0.887,0.954,0.873,0.019,0.878,0.871,0.916,0.883,0.894,0.92,0.897,1.0,0.895,0.885,0.932,0.932,0.874,0.891,0.892,0.93,0.905
0.897,0.925,0.884,0.884,0.905,0.929,0.903,0.884,0.888,0.866,0.894,0.884,0.904,0.88,0.891,0.902,0.925,0.921,0.922,0.905,0.917,0.916,0.918,0.935,0.933,0.927,0.909,0.887,0.901,0.892,0.891,0.924,0.019,0.915,0.908,0.889,0.904,0.916,0.893,0.918,0.895,1.0,0.918,0.893,0.889,0.88,0.937,0.938,0.892,0.898
0.887,0.913,0.877,0.886,0.924,0.915,0.897,0.884,0.9,0.866,0.913,0.886,0.932,0.884,0.89,0.897,0.91,0.922,0.927,0.897,0.926,0.931,0.932,0.927,0.92,0.908,0.954,0.888,0.886,0.891,0.876,0.919,0.018,0.924,0.909,0.88,0.897,0.952,0.885,0.942,0.885,0.918,1.0,0.884,0.881,0.867,0.918,0.918,0.89,0.893
0.893,0.897,0.886,0.93,0.884,0.895,0.893,0.961,0.89,0.908,0.868,0.933,0.874,0.927,0.931,0.889,0.894,0.888,0.895,0.891,0.885,0.892,0.894,0.886,0.896,0.897,0.88,0.985,0.906,0.882,0.926,0.89,0.019,0.889,0.867,0.919,0.893,0.892,0.926,0.893,0.932,0.893,0.884,1.0,0.986,0.876,0.9,0.901,0.925,0.908
0.895,0.899,0.88,0.928,0.885,0.895,0.891,0.958,0.888,0.911,0.871,0.934,0.876,0.922,0.927,0.887,0.895,0.893,0.896,0.89,0.888,0.891,0.895,0.884,0.891,0.893,0.875,0.979,0.905,0.881,0.924,0.891,0.019,0.892,0.867,0.92,0.891,0.889,0.924,0.895,0.932,0.889,0.881,0.986,1.0,0.877,0.901,0.902,0.919,0.908
0.895,0.89,0.881,0.865,0.862,0.888,0.882,0.875,0.884,0.848,0.847,0.874,0.856,0.86,0.877,0.875,0.872,0.878,0.88,0.88,0.88,0.871,0.878,0.872,0.872,0.876,0.862,0.873,0.9,0.877,0.889,0.89,0.017,0.868,0.851,0.882,0.88,0.874,0.877,0.873,0.874,0.88,0.867,0.876,0.877,1.0,0.887,0.885,0.877,0.903
0.903,0.936,0.883,0.883,0.915,0.94,0.907,0.89,0.896,0.864,0.89,0.888,0.904,0.875,0.893,0.901,0.934,0.924,0.92,0.906,0.925,0.925,0.93,0.928,0.932,0.928,0.904,0.895,0.901,0.893,0.891,0.929,0.02,0.924,0.911,0.897,0.906,0.916,0.902,0.92,0.891,0.937,0.918,0.9,0.901,0.887,1.0,0.998,0.889,0.902
0.902,0.934,0.883,0.884,0.916,0.939,0.908,0.89,0.897,0.865,0.892,0.889,0.906,0.876,0.894,0.902,0.935,0.924,0.921,0.907,0.927,0.926,0.931,0.93,0.933,0.929,0.905,0.896,0.902,0.894,0.89,0.928,0.019,0.925,0.913,0.896,0.907,0.916,0.903,0.92,0.892,0.938,0.918,0.901,0.902,0.885,0.998,1.0,0.89,0.903
0.886,0.89,0.883,0.918,0.884,0.895,0.884,0.924,0.888,0.905,0.866,0.924,0.875,0.913,0.929,0.883,0.885,0.891,0.901,0.883,0.893,0.892,0.897,0.883,0.888,0.893,0.882,0.922,0.903,0.879,0.922,0.881,0.019,0.891,0.863,0.91,0.885,0.893,0.923,0.886,0.93,0.892,0.89,0.925,0.919,0.877,0.889,0.89,1.0,0.902
0.914,0.899,0.899,0.896,0.888,0.896,0.905,0.905,0.909,0.884,0.872,0.904,0.886,0.892,0.902,0.9,0.897,0.896,0.902,0.902,0.905,0.9,0.898,0.9,0.899,0.897,0.89,0.904,0.955,0.907,0.902,0.899,0.019,0.894,0.874,0.895,0.903,0.902,0.908,0.898,0.905,0.898,0.893,0.908,0.908,0.903,0.902,0.903,0.902,1.0
