GCF_000163235.1_ASM16323v1_genomic.fna,GCF_000164555.1_ASM16455v1_genomic.fna,GCF_000208545.1_ASM20854v2_genomic.fna,GCF_000233875.1_ASM23387v1_genomic.fna,GCF_000249735.1_ASM24973v2_genomic.fna,GCF_000261145.1_Esch_coli_M919_V2_genomic.fna,GCF_000267705.2_ASM26770v2_genomic.fna,GCF_000350665.1_Esch_coli_KTE5_V1_genomic.fna,GCF_000351625.1_Esch_coli_KTE66_V1_genomic.fna,GCF_000352285.1_Esch_coli_KTE46_V1_genomic.fna,GCF_000358895.1_ASM35889v1_genomic.fna,GCF_000456385.1_Esch_coli_HVH_26_4-5703913_V1_genomic.fna,GCF_000458195.1_Esch_coli_HVH_147_4-5893887_V1_genomic.fna,GCF_000459755.1_Esch_coli_KOEGE_58_171a_V1_genomic.fna,GCF_000460055.1_Esch_coli_UMEA_3053-1_V1_genomic.fna,GCF_000462165.2_ASM46216v2_genomic.fna,GCF_000601135.1_ASM60113v1_genomic.fna,GCF_000614595.1_Ec2010EL1058_genomic.fna,GCF_000617745.1_Ec2010C-4529_genomic.fna,GCF_000618265.2_EcF6751_genomic.fna,GCF_000619005.2_Ec2009C-4052_genomic.fna,GCF_000619105.1_Ec2009C-4780_genomic.fna,GCF_000619765.2_Ec2009C-3279_genomic.fna,GCF_000687005.1_ASM68700v1_genomic.fna,GCF_000687025.1_ASM68702v1_genomic.fna,GCF_000700125.1_ASM70012v1_genomic.fna,GCF_000753315.1_FHI35_genomic.fna,GCF_000776375.1_ASM77637v1_genomic.fna,GCF_000779395.1_ASM77939v1_genomic.fna,GCF_000780315.1_ASM78031v1_genomic.fna,GCF_000781995.1_ASM78199v1_genomic.fna,GCF_000986765.1_ASM98676v1_genomic.fna,GCF_001041375.1_ViralProj287958_genomic.fna,GCF_001265335.1_302014_genomic.fna,GCF_001265625.1_100854_genomic.fna,GCF_001267345.1_303289_genomic.fna,GCF_001309985.1_ASM130998v1_genomic.fna,GCF_001521695.1_ASM152169v1_genomic.fna,GCF_001592595.1_ASM159259v1_genomic.fna,GCF_001614975.1_ASM161497v1_genomic.fna,GCF_001692775.1_ASM169277v1_genomic.fna,GCF_001748915.1_ASM174891v1_genomic.fna,GCF_001749235.1_ASM174923v1_genomic.fna,GCF_001881155.1_ASM188115v1_genomic.fna,GCF_001881345.1_ASM188134v1_genomic.fna,GCF_001892405.1_ASM189240v1_genomic.fna,GCF_001892585.1_ASM189258v1_genomic.fna,GCF_001893985.1_ASM189398v1_genomic.fna,GCF_002001595.1_ASM200159v1_genomic.fna,GCF_002002145.1_ASM200214v1_genomic.fna
1.0,0.897,0.883,0.884,0.903,0.902,0.896,0.886,0.916,0.878,0.873,0.893,0.879,0.881,0.884,0.897,0.892,0.892,0.885,0.898,0.887,0.884,0.894,0.882,0.887,0.881,0.883,0.884,0.911,0.914,0.889,0.899,0.022,0.881,0.872,0.881,0.898,0.883,0.884,0.882,0.889,0.894,0.877,0.889,0.89,0.887,0.889,0.889,0.879,0.901
0.897,1.0,0.861,0.895,0.916,0.93,0.901,0.895,0.894,0.886,0.889,0.896,0.903,0.896,0.899,0.902,0.926,0.916,0.909,0.9,0.906,0.905,0.906,0.941,0.944,0.936,0.913,0.901,0.891,0.89,0.887,0.923,0.025,0.908,0.922,0.879,0.901,0.918,0.884,0.908,0.891,0.916,0.908,0.9,0.897,0.86,0.924,0.924,0.895,0.896
0.883,0.861,1.0,0.862,0.875,0.876,0.87,0.863,0.872,0.848,0.847,0.868,0.86,0.858,0.86,0.872,0.866,0.871,0.866,0.87,0.87,0.865,0.871,0.855,0.859,0.859,0.86,0.861,0.882,0.882,0.871,0.873,0.023,0.869,0.842,0.868,0.872,0.858,0.864,0.856,0.868,0.867,0.854,0.871,0.863,0.868,0.876,0.876,0.862,0.873
0.884,0.895,0.862,1.0,0.886,0.886,0.878,0.939,0.887,0.94,0.874,0.943,0.88,0.954,0.956,0.882,0.903,0.892,0.889,0.879,0.878,0.886,0.881,0.891,0.898,0.887,0.884,0.948,0.892,0.874,0.925,0.891,0.023,0.886,0.877,0.905,0.88,0.888,0.923,0.884,0.95,0.886,0.875,0.938,0.943,0.875,0.891,0.891,0.932,0.905
0.903,0.916,0.875,0.886,1.0,0.917,0.902,0.887,0.898,0.881,0.916,0.901,0.919,0.884,0.893,0.906,0.915,0.93,0.923,0.901,0.924,0.92,0.926,0.911,0.907,0.902,0.923,0.887,0.895,0.903,0.889,0.944,0.022,0.923,0.892,0.891,0.902,0.926,0.884,0.927,0.889,0.922,0.922,0.889,0.89,0.875,0.917,0.917,0.89,0.899
0.902,0.93,0.876,0.886,0.917,1.0,0.898,0.884,0.901,0.876,0.883,0.891,0.897,0.884,0.884,0.898,0.918,0.916,0.913,0.899,0.912,0.914,0.923,0.924,0.926,0.902,0.904,0.883,0.899,0.898,0.889,0.922,0.023,0.91,0.915,0.883,0.899,0.906,0.893,0.903,0.889,0.924,0.901,0.891,0.885,0.875,0.914,0.914,0.882,0.893
0.896,0.901,0.87,0.878,0.902,0.898,1.0,0.877,0.895,0.868,0.876,0.89,0.885,0.878,0.883,0.991,0.894,0.904,0.905,0.996,0.905,0.911,0.918,0.884,0.891,0.884,0.896,0.874,0.9,0.894,0.884,0.903,0.025,0.9,0.885,0.883,0.997,0.893,0.89,0.892,0.881,0.9,0.888,0.881,0.874,0.874,0.892,0.892,0.88,0.897
0.886,0.895,0.863,0.939,0.887,0.884,0.877,1.0,0.881,0.927,0.864,0.939,0.868,0.937,0.939,0.88,0.899,0.893,0.881,0.876,0.872,0.881,0.878,0.881,0.879,0.885,0.876,0.971,0.896,0.871,0.931,0.89,0.023,0.877,0.874,0.907,0.877,0.884,0.915,0.873,0.943,0.879,0.873,0.965,0.964,0.872,0.891,0.891,0.928,0.899
0.916,0.894,0.872,0.887,0.898,0.901,0.895,0.881,1.0,0.881,0.872,0.888,0.885,0.888,0.886,0.895,0.902,0.896,0.89,0.896,0.886,0.902,0.905,0.887,0.895,0.886,0.886,0.881,0.905,0.91,0.885,0.903,0.024,0.895,0.88,0.889,0.895,0.882,0.889,0.89,0.89,0.897,0.883,0.882,0.883,0.881,0.896,0.896,0.888,0.914
0.878,0.886,0.848,0.94,0.881,0.876,0.868,0.927,0.881,1.0,0.881,0.924,0.881,0.932,0.934,0.873,0.885,0.884,0.879,0.868,0.863,0.872,0.868,0.89,0.885,0.875,0.88,0.926,0.886,0.866,0.92,0.874,0.022,0.875,0.877,0.901,0.869,0.881,0.913,0.884,0.93,0.874,0.876,0.918,0.922,0.862,0.878,0.878,0.934,0.896
0.873,0.889,0.847,0.874,0.916,0.883,0.876,0.864,0.872,0.881,1.0,0.871,0.926,0.875,0.872,0.878,0.892,0.915,0.908,0.874,0.895,0.897,0.895,0.908,0.901,0.893,0.917,0.87,0.873,0.868,0.863,0.905,0.023,0.899,0.904,0.867,0.875,0.91,0.863,0.929,0.864,0.891,0.919,0.863,0.863,0.851,0.895,0.895,0.872,0.881
0.893,0.896,0.868,0.943,0.901,0.891,0.89,0.939,0.888,0.924,0.871,1.0,0.874,0.933,0.955,0.893,0.897,0.894,0.88,0.888,0.884,0.889,0.889,0.879,0.885,0.881,0.877,0.941,0.901,0.882,0.928,0.896,0.023,0.887,0.873,0.908,0.89,0.887,0.927,0.881,0.941,0.893,0.874,0.941,0.944,0.877,0.893,0.893,0.928,0.906
0.879,0.903,0.86,0.88,0.919,0.897,0.885,0.868,0.885,0.881,0.926,0.874,1.0,0.879,0.875,0.885,0.9,0.917,0.928,0.885,0.916,0.926,0.925,0.919,0.907,0.901,0.932,0.87,0.877,0.872,0.866,0.916,0.023,0.93,0.908,0.863,0.885,0.924,0.862,0.942,0.873,0.904,0.937,0.864,0.865,0.852,0.91,0.91,0.872,0.885
0.881,0.896,0.858,0.954,0.884,0.884,0.878,0.937,0.888,0.932,0.875,0.933,0.879,1.0,0.946,0.881,0.895,0.894,0.885,0.879,0.881,0.884,0.878,0.887,0.893,0.887,0.885,0.943,0.891,0.873,0.929,0.887,0.023,0.884,0.875,0.904,0.88,0.888,0.921,0.885,0.942,0.883,0.877,0.936,0.938,0.874,0.885,0.885,0.93,0.901
0.884,0.899,0.86,0.956,0.893,0.884,0.883,0.939,0.886,0.934,0.872,0.955,0.875,0.946,1.0,0.885,0.899,0.893,0.883,0.883,0.873,0.887,0.883,0.886,0.893,0.887,0.883,0.948,0.896,0.878,0.927,0.893,0.025,0.886,0.873,0.904,0.885,0.89,0.919,0.887,0.938,0.888,0.877,0.939,0.94,0.871,0.894,0.894,0.932,0.905
0.897,0.902,0.872,0.882,0.906,0.898,0.991,0.88,0.895,0.873,0.878,0.893,0.885,0.881,0.885,1.0,0.897,0.905,0.903,0.99,0.903,0.909,0.917,0.888,0.891,0.885,0.895,0.876,0.901,0.899,0.886,0.905,0.024,0.901,0.884,0.885,0.991,0.894,0.894,0.892,0.885,0.901,0.887,0.884,0.878,0.876,0.895,0.895,0.883,0.899
0.892,0.926,0.866,0.903,0.915,0.918,0.894,0.899,0.902,0.885,0.892,0.897,0.9,0.895,0.899,0.897,1.0,0.919,0.915,0.894,0.893,0.915,0.911,0.926,0.923,0.923,0.903,0.895,0.892,0.889,0.887,0.925,0.022,0.913,0.913,0.89,0.894,0.902,0.893,0.908,0.894,0.915,0.899,0.888,0.891,0.857,0.924,0.924,0.883,0.897
0.892,0.916,0.871,0.892,0.93,0.916,0.904,0.893,0.896,0.884,0.915,0.894,0.917,0.894,0.893,0.905,0.919,1.0,0.947,0.904,0.93,0.938,0.934,0.91,0.909,0.91,0.932,0.891,0.899,0.887,0.889,0.93,0.022,0.926,0.9,0.894,0.904,0.918,0.887,0.924,0.891,0.906,0.919,0.889,0.887,0.873,0.911,0.911,0.894,0.904
0.885,0.909,0.866,0.889,0.923,0.913,0.905,0.881,0.89,0.879,0.908,0.88,0.928,0.885,0.883,0.903,0.915,0.947,1.0,0.904,0.933,0.941,0.936,0.912,0.907,0.907,0.93,0.879,0.887,0.877,0.874,0.924,0.023,0.931,0.9,0.888,0.904,0.921,0.884,0.928,0.875,0.898,0.918,0.873,0.874,0.869,0.913,0.913,0.883,0.891
0.898,0.9,0.87,0.879,0.901,0.899,0.996,0.876,0.896,0.868,0.874,0.888,0.885,0.879,0.883,0.99,0.894,0.904,0.904,1.0,0.903,0.91,0.916,0.884,0.89,0.884,0.897,0.872,0.902,0.896,0.885,0.902,0.025,0.898,0.883,0.882,0.998,0.892,0.889,0.891,0.881,0.902,0.887,0.879,0.873,0.877,0.892,0.892,0.88,0.897
0.887,0.906,0.87,0.878,0.924,0.912,0.905,0.872,0.886,0.863,0.895,0.884,0.916,0.881,0.873,0.903,0.893,0.93,0.933,0.903,1.0,0.925,0.934,0.903,0.904,0.901,0.914,0.878,0.889,0.879,0.882,0.927,0.022,0.922,0.894,0.88,0.904,0.919,0.882,0.918,0.875,0.905,0.913,0.884,0.881,0.877,0.899,0.899,0.879,0.898
0.884,0.905,0.865,0.886,0.92,0.914,0.911,0.881,0.902,0.872,0.897,0.889,0.926,0.884,0.887,0.909,0.915,0.938,0.941,0.91,0.925,1.0,0.974,0.911,0.905,0.894,0.926,0.881,0.89,0.879,0.877,0.929,0.023,0.962,0.893,0.882,0.91,0.926,0.885,0.922,0.879,0.904,0.925,0.877,0.876,0.865,0.912,0.912,0.885,0.9
0.894,0.906,0.871,0.881,0.926,0.923,0.918,0.878,0.905,0.868,0.895,0.889,0.925,0.878,0.883,0.917,0.911,0.934,0.936,0.916,0.934,0.974,1.0,0.908,0.906,0.895,0.921,0.874,0.897,0.884,0.883,0.934,0.023,0.955,0.894,0.883,0.917,0.927,0.89,0.917,0.883,0.912,0.921,0.882,0.877,0.872,0.909,0.909,0.88,0.899
0.882,0.941,0.855,0.891,0.911,0.924,0.884,0.881,0.887,0.89,0.908,0.879,0.919,0.887,0.886,0.888,0.926,0.91,0.912,0.884,0.903,0.911,0.908,1.0,0.941,0.927,0.914,0.881,0.875,0.876,0.876,0.918,0.023,0.913,0.948,0.868,0.885,0.915,0.865,0.919,0.88,0.918,0.92,0.875,0.879,0.849,0.924,0.924,0.88,0.884
0.887,0.944,0.859,0.898,0.907,0.926,0.891,0.879,0.895,0.885,0.901,0.885,0.907,0.893,0.893,0.891,0.923,0.909,0.907,0.89,0.904,0.905,0.906,0.941,1.0,0.937,0.917,0.887,0.877,0.882,0.875,0.919,0.022,0.907,0.929,0.869,0.891,0.913,0.878,0.913,0.882,0.919,0.912,0.885,0.879,0.855,0.915,0.915,0.891,0.884
0.881,0.936,0.859,0.887,0.902,0.902,0.884,0.885,0.886,0.875,0.893,0.881,0.901,0.887,0.887,0.885,0.923,0.91,0.907,0.884,0.901,0.894,0.895,0.927,0.937,1.0,0.911,0.886,0.879,0.877,0.871,0.913,0.024,0.903,0.914,0.871,0.884,0.912,0.871,0.913,0.876,0.909,0.907,0.883,0.88,0.852,0.923,0.923,0.883,0.885
0.883,0.913,0.86,0.884,0.923,0.904,0.896,0.876,0.886,0.88,0.917,0.877,0.932,0.885,0.883,0.895,0.903,0.932,0.93,0.897,0.914,0.926,0.921,0.914,0.917,0.911,1.0,0.88,0.888,0.879,0.876,0.924,0.025,0.923,0.898,0.881,0.897,0.947,0.868,0.937,0.88,0.905,0.954,0.878,0.871,0.86,0.908,0.908,0.882,0.895
0.884,0.901,0.861,0.948,0.887,0.883,0.874,0.971,0.881,0.926,0.87,0.941,0.87,0.943,0.948,0.876,0.895,0.891,0.879,0.872,0.878,0.881,0.874,0.881,0.887,0.886,0.88,1.0,0.891,0.869,0.929,0.89,0.025,0.879,0.872,0.907,0.874,0.885,0.917,0.88,0.945,0.88,0.874,0.988,0.985,0.874,0.888,0.888,0.934,0.899
0.911,0.891,0.882,0.892,0.895,0.899,0.9,0.896,0.905,0.886,0.873,0.901,0.877,0.891,0.896,0.901,0.892,0.899,0.887,0.902,0.889,0.89,0.897,0.875,0.877,0.879,0.888,0.891,1.0,0.906,0.894,0.896,0.022,0.882,0.868,0.893,0.903,0.889,0.9,0.882,0.892,0.895,0.882,0.898,0.892,0.9,0.885,0.885,0.889,0.947
0.914,0.89,0.882,0.874,0.903,0.898,0.894,0.871,0.91,0.866,0.868,0.882,0.872,0.873,0.878,0.899,0.889,0.887,0.877,0.896,0.879,0.879,0.884,0.876,0.882,0.877,0.879,0.869,0.906,1.0,0.886,0.89,0.022,0.881,0.871,0.879,0.896,0.873,0.888,0.877,0.881,0.891,0.878,0.875,0.873,0.882,0.885,0.885,0.878,0.9
0.889,0.887,0.871,0.925,0.889,0.889,0.884,0.931,0.885,0.92,0.863,0.928,0.866,0.929,0.927,0.886,0.887,0.889,0.874,0.885,0.882,0.877,0.883,0.876,0.875,0.871,0.876,0.929,0.894,0.886,1.0,0.889,0.023,0.875,0.859,0.902,0.886,0.877,0.915,0.873,0.956,0.887,0.867,0.934,0.931,0.88,0.882,0.882,0.915,0.89
0.899,0.923,0.873,0.891,0.944,0.922,0.903,0.89,0.903,0.874,0.905,0.896,0.916,0.887,0.893,0.905,0.925,0.93,0.924,0.902,0.927,0.929,0.934,0.918,0.919,0.913,0.924,0.89,0.896,0.89,0.889,1.0,0.022,0.929,0.898,0.882,0.903,0.928,0.884,0.926,0.891,0.924,0.926,0.894,0.891,0.871,0.922,0.922,0.882,0.896
0.022,0.025,0.023,0.023,0.022,0.023,0.025,0.023,0.024,0.022,0.023,0.023,0.023,0.023,0.025,0.024,0.022,0.022,0.023,0.025,0.022,0.023,0.023,0.023,0.022,0.024,0.025,0.025,0.022,0.022,0.023,0.022,1.0,0.023,0.024,0.026,0.025,0.023,0.023,0.024,0.023,0.025,0.025,0.026,0.025,0.025,0.023,0.023,0.021,0.024
0.881,0.908,0.869,0.886,0.923,0.91,0.9,0.877,0.895,0.875,0.899,0.887,0.93,0.884,0.886,0.901,0.913,0.926,0.931,0.898,0.922,0.962,0.955,0.913,0.907,0.903,0.923,0.879,0.882,0.881,0.875,0.929,0.023,1.0,0.893,0.88,0.899,0.927,0.881,0.923,0.879,0.906,0.926,0.873,0.875,0.863,0.914,0.914,0.883,0.891
0.872,0.922,0.842,0.877,0.892,0.915,0.885,0.874,0.88,0.877,0.904,0.873,0.908,0.875,0.873,0.884,0.913,0.9,0.9,0.883,0.894,0.893,0.894,0.948,0.929,0.914,0.898,0.872,0.868,0.871,0.859,0.898,0.024,0.893,1.0,0.862,0.884,0.896,0.861,0.906,0.864,0.905,0.909,0.866,0.868,0.843,0.912,0.912,0.868,0.883
0.881,0.879,0.868,0.905,0.891,0.883,0.883,0.907,0.889,0.901,0.867,0.908,0.863,0.904,0.904,0.885,0.89,0.894,0.888,0.882,0.88,0.882,0.883,0.868,0.869,0.871,0.881,0.907,0.893,0.879,0.902,0.882,0.026,0.88,0.862,1.0,0.882,0.875,0.92,0.877,0.908,0.878,0.873,0.909,0.908,0.876,0.877,0.877,0.904,0.895
0.898,0.901,0.872,0.88,0.902,0.899,0.997,0.877,0.895,0.869,0.875,0.89,0.885,0.88,0.885,0.991,0.894,0.904,0.904,0.998,0.904,0.91,0.917,0.885,0.891,0.884,0.897,0.874,0.903,0.896,0.886,0.903,0.025,0.899,0.884,0.882,1.0,0.892,0.89,0.891,0.882,0.901,0.888,0.881,0.875,0.875,0.892,0.892,0.881,0.898
0.883,0.918,0.858,0.888,0.926,0.906,0.893,0.884,0.882,0.881,0.91,0.887,0.924,0.888,0.89,0.894,0.902,0.918,0.921,0.892,0.919,0.926,0.927,0.915,0.913,0.912,0.947,0.885,0.889,0.873,0.877,0.928,0.023,0.927,0.896,0.875,0.892,1.0,0.873,0.936,0.881,0.901,0.947,0.88,0.877,0.866,0.911,0.911,0.886,0.894
0.884,0.884,0.864,0.923,0.884,0.893,0.89,0.915,0.889,0.913,0.863,0.927,0.862,0.921,0.919,0.894,0.893,0.887,0.884,0.889,0.882,0.885,0.89,0.865,0.878,0.871,0.868,0.917,0.9,0.888,0.915,0.884,0.023,0.881,0.861,0.92,0.89,0.873,1.0,0.871,0.922,0.889,0.867,0.924,0.921,0.881,0.879,0.879,0.915,0.901
0.882,0.908,0.856,0.884,0.927,0.903,0.892,0.873,0.89,0.884,0.929,0.881,0.942,0.885,0.887,0.892,0.908,0.924,0.928,0.891,0.918,0.922,0.917,0.919,0.913,0.913,0.937,0.88,0.882,0.877,0.873,0.926,0.024,0.923,0.906,0.877,0.891,0.936,0.871,1.0,0.874,0.915,0.935,0.873,0.874,0.862,0.918,0.918,0.878,0.889
0.889,0.891,0.868,0.95,0.889,0.889,0.881,0.943,0.89,0.93,0.864,0.941,0.873,0.942,0.938,0.885,0.894,0.891,0.875,0.881,0.875,0.879,0.883,0.88,0.882,0.876,0.88,0.945,0.892,0.881,0.956,0.891,0.023,0.879,0.864,0.908,0.882,0.881,0.922,0.874,1.0,0.891,0.871,0.945,0.946,0.877,0.884,0.884,0.921,0.899
0.894,0.916,0.867,0.886,0.922,0.924,0.9,0.879,0.897,0.874,0.891,0.893,0.904,0.883,0.888,0.901,0.915,0.906,0.898,0.902,0.905,0.904,0.912,0.918,0.919,0.909,0.905,0.88,0.895,0.891,0.887,0.924,0.025,0.906,0.905,0.878,0.901,0.901,0.889,0.915,0.891,1.0,0.908,0.887,0.881,0.872,0.92,0.92,0.879,0.891
0.877,0.908,0.854,0.875,0.922,0.901,0.888,0.873,0.883,0.876,0.919,0.874,0.937,0.877,0.877,0.887,0.899,0.919,0.918,0.887,0.913,0.925,0.921,0.92,0.912,0.907,0.954,0.874,0.882,0.878,0.867,0.926,0.025,0.926,0.909,0.873,0.888,0.947,0.867,0.935,0.871,0.908,1.0,0.87,0.867,0.86,0.91,0.91,0.875,0.888
0.889,0.9,0.871,0.938,0.889,0.891,0.881,0.965,0.882,0.918,0.863,0.941,0.864,0.936,0.939,0.884,0.888,0.889,0.873,0.879,0.884,0.877,0.882,0.875,0.885,0.883,0.878,0.988,0.898,0.875,0.934,0.894,0.026,0.873,0.866,0.909,0.881,0.88,0.924,0.873,0.945,0.887,0.87,1.0,0.984,0.881,0.884,0.884,0.928,0.895
0.89,0.897,0.863,0.943,0.89,0.885,0.874,0.964,0.883,0.922,0.863,0.944,0.865,0.938,0.94,0.878,0.891,0.887,0.874,0.873,0.881,0.876,0.877,0.879,0.879,0.88,0.871,0.985,0.892,0.873,0.931,0.891,0.025,0.875,0.868,0.908,0.875,0.877,0.921,0.874,0.946,0.881,0.867,0.984,1.0,0.877,0.886,0.886,0.928,0.897
0.887,0.86,0.868,0.875,0.875,0.875,0.874,0.872,0.881,0.862,0.851,0.877,0.852,0.874,0.871,0.876,0.857,0.873,0.869,0.877,0.877,0.865,0.872,0.849,0.855,0.852,0.86,0.874,0.9,0.882,0.88,0.871,0.025,0.863,0.843,0.876,0.875,0.866,0.881,0.862,0.877,0.872,0.86,0.881,0.877,1.0,0.867,0.867,0.874,0.906
0.889,0.924,0.876,0.891,0.917,0.914,0.892,0.891,0.896,0.878,0.895,0.893,0.91,0.885,0.894,0.895,0.924,0.911,0.913,0.892,0.899,0.912,0.909,0.924,0.915,0.923,0.908,0.888,0.885,0.885,0.882,0.922,0.023,0.914,0.912,0.877,0.892,0.911,0.879,0.918,0.884,0.92,0.91,0.884,0.886,0.867,1.0,1.0,0.886,0.897
0.889,0.924,0.876,0.891,0.917,0.914,0.892,0.891,0.896,0.878,0.895,0.893,0.91,0.885,0.894,0.895,0.924,0.911,0.913,0.892,0.899,0.912,0.909,0.924,0.915,0.923,0.908,0.888,0.885,0.885,0.882,0.922,0.023,0.914,0.912,0.877,0.892,0.911,0.879,0.918,0.884,0.92,0.91,0.884,0.886,0.867,1.0,1.0,0.886,0.897
0.879,0.895,0.862,0.932,0.89,0.882,0.88,0.928,0.888,0.934,0.872,0.928,0.872,0.93,0.932,0.883,0.883,0.894,0.883,0.88,0.879,0.885,0.88,0.88,0.891,0.883,0.882,0.934,0.889,0.878,0.915,0.882,0.021,0.883,0.868,0.904,0.881,0.886,0.915,0.878,0.921,0.879,0.875,0.928,0.928,0.874,0.886,0.886,1.0,0.897
0.901,0.896,0.873,0.905,0.899,0.893,0.897,0.899,0.914,0.896,0.881,0.906,0.885,0.901,0.905,0.899,0.897,0.904,0.891,0.897,0.898,0.9,0.899,0.884,0.884,0.885,0.895,0.899,0.947,0.9,0.89,0.896,0.024,0.891,0.883,0.895,0.898,0.894,0.901,0.889,0.899,0.891,0.888,0.895,0.897,0.906,0.897,0.897,0.897,1.0
