GCF_000163235.1_ASM16323v1_genomic.fna,GCF_000164555.1_ASM16455v1_genomic.fna,GCF_000208545.1_ASM20854v2_genomic.fna,GCF_000233875.1_ASM23387v1_genomic.fna,GCF_000249735.1_ASM24973v2_genomic.fna,GCF_000261145.1_Esch_coli_M919_V2_genomic.fna,GCF_000267705.2_ASM26770v2_genomic.fna,GCF_000350665.1_Esch_coli_KTE5_V1_genomic.fna,GCF_000351625.1_Esch_coli_KTE66_V1_genomic.fna,GCF_000352285.1_Esch_coli_KTE46_V1_genomic.fna,GCF_000358895.1_ASM35889v1_genomic.fna,GCF_000456385.1_Esch_coli_HVH_26_4-5703913_V1_genomic.fna,GCF_000458195.1_Esch_coli_HVH_147_4-5893887_V1_genomic.fna,GCF_000459755.1_Esch_coli_KOEGE_58_171a_V1_genomic.fna,GCF_000460055.1_Esch_coli_UMEA_3053-1_V1_genomic.fna,GCF_000462165.2_ASM46216v2_genomic.fna,GCF_000601135.1_ASM60113v1_genomic.fna,GCF_000614595.1_Ec2010EL1058_genomic.fna,GCF_000617745.1_Ec2010C-4529_genomic.fna,GCF_000618265.2_EcF6751_genomic.fna,GCF_000619005.2_Ec2009C-4052_genomic.fna,GCF_000619105.1_Ec2009C-4780_genomic.fna,GCF_000619765.2_Ec2009C-3279_genomic.fna,GCF_000687005.1_ASM68700v1_genomic.fna,GCF_000687025.1_ASM68702v1_genomic.fna,GCF_000700125.1_ASM70012v1_genomic.fna,GCF_000753315.1_FHI35_genomic.fna,GCF_000776375.1_ASM77637v1_genomic.fna,GCF_000779395.1_ASM77939v1_genomic.fna,GCF_000780315.1_ASM78031v1_genomic.fna,GCF_000781995.1_ASM78199v1_genomic.fna,GCF_000986765.1_ASM98676v1_genomic.fna,GCF_001041375.1_ViralProj287958_genomic.fna,GCF_001265335.1_302014_genomic.fna,GCF_001265625.1_100854_genomic.fna,GCF_001267345.1_303289_genomic.fna,GCF_001309985.1_ASM130998v1_genomic.fna,GCF_001521695.1_ASM152169v1_genomic.fna,GCF_001592595.1_ASM159259v1_genomic.fna,GCF_001614975.1_ASM161497v1_genomic.fna,GCF_001692775.1_ASM169277v1_genomic.fna,GCF_001748915.1_ASM174891v1_genomic.fna,GCF_001749235.1_ASM174923v1_genomic.fna,GCF_001881155.1_ASM188115v1_genomic.fna,GCF_001881345.1_ASM188134v1_genomic.fna,GCF_001892405.1_ASM189240v1_genomic.fna,GCF_001892585.1_ASM189258v1_genomic.fna,GCF_001893985.1_ASM189398v1_genomic.fna,GCF_002001595.1_ASM200159v1_genomic.fna,GCF_002002145.1_ASM200214v1_genomic.fna
1.0,0.898,0.894,0.895,0.896,0.89,0.884,0.89,0.924,0.894,0.898,0.893,0.901,0.899,0.892,0.89,0.902,0.89,0.886,0.884,0.883,0.904,0.895,0.887,0.898,0.9,0.89,0.895,0.907,0.907,0.887,0.879,0.019,0.892,0.873,0.884,0.884,0.891,0.897,0.893,0.888,0.897,0.887,0.893,0.896,0.878,0.889,0.889,0.892,0.902
0.898,1.0,0.892,0.888,0.93,0.94,0.898,0.89,0.898,0.886,0.899,0.905,0.911,0.888,0.891,0.903,0.929,0.917,0.916,0.899,0.911,0.915,0.916,0.919,0.944,0.922,0.923,0.891,0.888,0.887,0.894,0.914,0.019,0.922,0.91,0.891,0.899,0.917,0.893,0.918,0.9,0.93,0.91,0.899,0.9,0.879,0.932,0.931,0.897,0.891
0.894,0.892,1.0,0.861,0.891,0.885,0.878,0.874,0.896,0.87,0.872,0.877,0.884,0.875,0.871,0.88,0.879,0.89,0.89,0.879,0.879,0.886,0.886,0.868,0.887,0.879,0.885,0.871,0.868,0.879,0.874,0.882,0.021,0.884,0.857,0.878,0.879,0.887,0.874,0.881,0.876,0.891,0.887,0.875,0.877,0.867,0.889,0.888,0.882,0.879
0.895,0.888,0.861,1.0,0.882,0.88,0.869,0.919,0.886,0.938,0.881,0.935,0.89,0.939,0.94,0.874,0.885,0.874,0.878,0.87,0.866,0.88,0.873,0.881,0.888,0.882,0.873,0.935,0.89,0.881,0.928,0.869,0.02,0.873,0.868,0.913,0.871,0.874,0.929,0.885,0.933,0.881,0.869,0.929,0.933,0.863,0.872,0.873,0.922,0.89
0.896,0.93,0.891,0.882,1.0,0.923,0.908,0.894,0.905,0.887,0.925,0.891,0.931,0.888,0.884,0.914,0.914,0.923,0.929,0.909,0.922,0.933,0.929,0.902,0.924,0.911,0.925,0.891,0.89,0.895,0.895,0.923,0.019,0.929,0.894,0.887,0.908,0.926,0.893,0.927,0.896,0.926,0.923,0.894,0.898,0.875,0.925,0.924,0.891,0.892
0.89,0.94,0.885,0.88,0.923,1.0,0.896,0.889,0.901,0.881,0.904,0.889,0.911,0.889,0.891,0.9,0.923,0.913,0.911,0.896,0.9,0.921,0.918,0.926,0.944,0.922,0.911,0.891,0.886,0.889,0.885,0.909,0.019,0.919,0.913,0.888,0.896,0.919,0.896,0.922,0.887,0.929,0.911,0.888,0.892,0.864,0.928,0.93,0.887,0.893
0.884,0.898,0.878,0.869,0.908,0.896,1.0,0.878,0.887,0.866,0.887,0.878,0.892,0.874,0.871,0.991,0.893,0.91,0.913,0.993,0.916,0.91,0.924,0.884,0.903,0.888,0.904,0.879,0.884,0.879,0.876,0.91,0.018,0.91,0.868,0.878,0.995,0.899,0.876,0.898,0.88,0.903,0.901,0.881,0.883,0.889,0.89,0.889,0.875,0.891
0.89,0.89,0.874,0.919,0.894,0.889,0.878,1.0,0.887,0.921,0.874,0.935,0.88,0.931,0.923,0.88,0.878,0.893,0.888,0.879,0.872,0.886,0.885,0.871,0.891,0.881,0.89,0.972,0.882,0.868,0.932,0.871,0.019,0.886,0.857,0.908,0.879,0.884,0.92,0.886,0.934,0.889,0.879,0.971,0.968,0.886,0.885,0.884,0.92,0.891
0.924,0.898,0.896,0.886,0.905,0.901,0.887,0.887,1.0,0.891,0.901,0.893,0.907,0.896,0.898,0.891,0.902,0.9,0.892,0.887,0.888,0.909,0.901,0.894,0.899,0.901,0.897,0.89,0.901,0.917,0.885,0.89,0.02,0.902,0.881,0.889,0.888,0.898,0.898,0.902,0.887,0.903,0.893,0.889,0.892,0.877,0.898,0.899,0.895,0.902
0.894,0.886,0.87,0.938,0.887,0.881,0.866,0.921,0.891,1.0,0.88,0.929,0.886,0.937,0.934,0.868,0.876,0.88,0.876,0.867,0.865,0.88,0.871,0.879,0.884,0.882,0.881,0.928,0.893,0.883,0.939,0.864,0.02,0.872,0.861,0.912,0.866,0.88,0.933,0.884,0.939,0.889,0.877,0.926,0.929,0.865,0.883,0.884,0.924,0.89
0.898,0.899,0.872,0.881,0.925,0.904,0.887,0.874,0.901,0.88,1.0,0.865,0.94,0.878,0.879,0.89,0.916,0.91,0.907,0.888,0.897,0.923,0.911,0.916,0.901,0.917,0.908,0.878,0.898,0.891,0.872,0.898,0.021,0.913,0.901,0.87,0.888,0.914,0.887,0.918,0.873,0.9,0.902,0.874,0.878,0.86,0.898,0.899,0.876,0.891
0.893,0.905,0.877,0.935,0.891,0.889,0.878,0.935,0.893,0.929,0.865,1.0,0.878,0.936,0.953,0.881,0.881,0.887,0.887,0.878,0.88,0.881,0.883,0.881,0.897,0.887,0.889,0.942,0.884,0.877,0.932,0.877,0.019,0.886,0.863,0.918,0.88,0.883,0.926,0.885,0.941,0.896,0.882,0.944,0.95,0.878,0.886,0.885,0.921,0.893
0.901,0.911,0.884,0.89,0.931,0.911,0.892,0.88,0.907,0.886,0.94,0.878,1.0,0.887,0.884,0.898,0.92,0.917,0.931,0.892,0.92,0.941,0.931,0.92,0.914,0.918,0.93,0.885,0.897,0.907,0.879,0.917,0.02,0.934,0.901,0.881,0.892,0.936,0.892,0.943,0.885,0.913,0.925,0.881,0.885,0.867,0.91,0.911,0.882,0.896
0.899,0.888,0.875,0.939,0.888,0.889,0.874,0.931,0.896,0.937,0.878,0.936,0.887,1.0,0.95,0.876,0.882,0.882,0.881,0.876,0.875,0.891,0.883,0.877,0.892,0.88,0.881,0.945,0.896,0.879,0.931,0.871,0.02,0.881,0.859,0.916,0.876,0.883,0.935,0.889,0.936,0.886,0.873,0.94,0.942,0.868,0.882,0.883,0.933,0.904
0.892,0.891,0.871,0.94,0.884,0.891,0.871,0.923,0.898,0.934,0.879,0.953,0.884,0.95,1.0,0.875,0.885,0.887,0.882,0.873,0.875,0.889,0.882,0.881,0.897,0.891,0.885,0.94,0.894,0.879,0.931,0.881,0.019,0.884,0.865,0.923,0.874,0.888,0.936,0.892,0.942,0.889,0.88,0.937,0.939,0.876,0.886,0.887,0.927,0.901
0.89,0.903,0.88,0.874,0.914,0.9,0.991,0.88,0.891,0.868,0.89,0.881,0.898,0.876,0.875,1.0,0.897,0.91,0.916,0.986,0.911,0.913,0.926,0.885,0.907,0.894,0.908,0.883,0.888,0.885,0.88,0.907,0.019,0.912,0.876,0.882,0.988,0.905,0.88,0.904,0.884,0.908,0.9,0.884,0.886,0.884,0.895,0.895,0.877,0.896
0.902,0.929,0.879,0.885,0.914,0.923,0.893,0.878,0.902,0.876,0.916,0.881,0.92,0.882,0.885,0.897,1.0,0.906,0.905,0.892,0.902,0.922,0.916,0.934,0.931,0.934,0.912,0.885,0.896,0.893,0.875,0.915,0.018,0.918,0.91,0.881,0.891,0.906,0.888,0.918,0.879,0.917,0.903,0.882,0.886,0.865,0.92,0.922,0.886,0.889
0.89,0.917,0.89,0.874,0.923,0.913,0.91,0.893,0.9,0.88,0.91,0.887,0.917,0.882,0.887,0.91,0.906,1.0,0.948,0.91,0.93,0.936,0.937,0.899,0.911,0.907,0.933,0.89,0.886,0.891,0.886,0.919,0.021,0.934,0.887,0.89,0.909,0.925,0.894,0.914,0.889,0.919,0.926,0.895,0.898,0.881,0.919,0.918,0.887,0.892
0.886,0.916,0.89,0.878,0.929,0.911,0.913,0.888,0.892,0.876,0.907,0.887,0.931,0.881,0.882,0.916,0.905,0.948,1.0,0.913,0.931,0.943,0.944,0.894,0.909,0.899,0.932,0.887,0.885,0.886,0.885,0.928,0.02,0.939,0.887,0.889,0.912,0.926,0.887,0.927,0.892,0.921,0.927,0.89,0.893,0.88,0.911,0.91,0.884,0.89
0.884,0.899,0.879,0.87,0.909,0.896,0.993,0.879,0.887,0.867,0.888,0.878,0.892,0.876,0.873,0.986,0.892,0.91,0.913,1.0,0.916,0.91,0.923,0.884,0.904,0.889,0.902,0.881,0.885,0.881,0.875,0.913,0.019,0.911,0.869,0.879,0.997,0.898,0.878,0.898,0.882,0.903,0.9,0.882,0.884,0.894,0.89,0.889,0.874,0.893
0.883,0.911,0.879,0.866,0.922,0.9,0.916,0.872,0.888,0.865,0.897,0.88,0.92,0.875,0.875,0.911,0.902,0.93,0.931,0.916,1.0,0.927,0.936,0.893,0.904,0.902,0.924,0.873,0.874,0.877,0.867,0.939,0.021,0.933,0.878,0.877,0.915,0.92,0.876,0.923,0.878,0.908,0.927,0.876,0.879,0.888,0.912,0.911,0.876,0.879
0.904,0.915,0.886,0.88,0.933,0.921,0.91,0.886,0.909,0.88,0.923,0.881,0.941,0.891,0.889,0.913,0.922,0.936,0.943,0.91,0.927,1.0,0.968,0.907,0.918,0.908,0.926,0.889,0.9,0.897,0.882,0.925,0.021,0.957,0.894,0.885,0.91,0.934,0.893,0.933,0.889,0.913,0.925,0.886,0.889,0.877,0.916,0.917,0.889,0.903
0.895,0.916,0.886,0.873,0.929,0.918,0.924,0.885,0.901,0.871,0.911,0.883,0.931,0.883,0.882,0.926,0.916,0.937,0.944,0.923,0.936,0.968,1.0,0.901,0.915,0.905,0.929,0.88,0.89,0.886,0.882,0.935,0.02,0.961,0.883,0.885,0.923,0.927,0.886,0.926,0.888,0.916,0.928,0.883,0.886,0.889,0.911,0.91,0.879,0.895
0.887,0.919,0.868,0.881,0.902,0.926,0.884,0.871,0.894,0.879,0.916,0.881,0.92,0.877,0.881,0.885,0.934,0.899,0.894,0.884,0.893,0.907,0.901,1.0,0.933,0.922,0.904,0.875,0.883,0.888,0.871,0.898,0.019,0.903,0.933,0.878,0.884,0.898,0.887,0.908,0.877,0.914,0.894,0.872,0.878,0.857,0.903,0.905,0.881,0.877
0.898,0.944,0.887,0.888,0.924,0.944,0.903,0.891,0.899,0.884,0.901,0.897,0.914,0.892,0.897,0.907,0.931,0.911,0.909,0.904,0.904,0.918,0.915,0.933,1.0,0.929,0.916,0.894,0.894,0.891,0.889,0.915,0.02,0.917,0.92,0.896,0.904,0.915,0.9,0.918,0.894,0.926,0.907,0.894,0.894,0.883,0.921,0.923,0.896,0.9
0.9,0.922,0.879,0.882,0.911,0.922,0.888,0.881,0.901,0.882,0.917,0.887,0.918,0.88,0.891,0.894,0.934,0.907,0.899,0.889,0.902,0.908,0.905,0.922,0.929,1.0,0.91,0.885,0.891,0.891,0.879,0.904,0.02,0.909,0.907,0.884,0.889,0.907,0.894,0.915,0.888,0.92,0.901,0.886,0.887,0.873,0.916,0.918,0.89,0.894
0.89,0.923,0.885,0.873,0.925,0.911,0.904,0.89,0.897,0.881,0.908,0.889,0.93,0.881,0.885,0.908,0.912,0.933,0.932,0.902,0.924,0.926,0.929,0.904,0.916,0.91,1.0,0.888,0.886,0.885,0.884,0.929,0.019,0.927,0.884,0.882,0.902,0.944,0.885,0.938,0.891,0.92,0.943,0.893,0.895,0.877,0.914,0.913,0.89,0.892
0.895,0.891,0.871,0.935,0.891,0.891,0.879,0.972,0.89,0.928,0.878,0.942,0.885,0.945,0.94,0.883,0.885,0.89,0.887,0.881,0.873,0.889,0.88,0.875,0.894,0.885,0.888,1.0,0.886,0.872,0.933,0.877,0.02,0.884,0.863,0.916,0.88,0.888,0.928,0.891,0.941,0.887,0.879,0.991,0.987,0.88,0.887,0.888,0.927,0.899
0.907,0.888,0.868,0.89,0.89,0.886,0.884,0.882,0.901,0.893,0.898,0.884,0.897,0.896,0.894,0.888,0.896,0.886,0.885,0.885,0.874,0.9,0.89,0.883,0.894,0.891,0.886,0.886,1.0,0.901,0.88,0.884,0.022,0.891,0.878,0.895,0.884,0.881,0.893,0.89,0.883,0.883,0.876,0.882,0.885,0.883,0.88,0.881,0.891,0.945
0.907,0.887,0.879,0.881,0.895,0.889,0.879,0.868,0.917,0.883,0.891,0.877,0.907,0.879,0.879,0.885,0.893,0.891,0.886,0.881,0.877,0.897,0.886,0.888,0.891,0.891,0.885,0.872,0.901,1.0,0.871,0.876,0.02,0.892,0.879,0.883,0.881,0.886,0.883,0.893,0.873,0.893,0.883,0.869,0.875,0.87,0.889,0.889,0.875,0.902
0.887,0.894,0.874,0.928,0.895,0.885,0.876,0.932,0.885,0.939,0.872,0.932,0.879,0.931,0.931,0.88,0.875,0.886,0.885,0.875,0.867,0.882,0.882,0.871,0.889,0.879,0.884,0.933,0.88,0.871,1.0,0.869,0.019,0.877,0.856,0.913,0.877,0.878,0.921,0.883,0.964,0.897,0.876,0.932,0.936,0.875,0.885,0.884,0.932,0.892
0.879,0.914,0.882,0.869,0.923,0.909,0.91,0.871,0.89,0.864,0.898,0.877,0.917,0.871,0.881,0.907,0.915,0.919,0.928,0.913,0.939,0.925,0.935,0.898,0.915,0.904,0.929,0.877,0.884,0.876,0.869,1.0,0.019,0.933,0.884,0.881,0.912,0.923,0.881,0.928,0.88,0.911,0.937,0.879,0.881,0.886,0.915,0.915,0.867,0.883
0.019,0.019,0.021,0.02,0.019,0.019,0.018,0.019,0.02,0.02,0.021,0.019,0.02,0.02,0.019,0.019,0.018,0.021,0.02,0.019,0.021,0.021,0.02,0.019,0.02,0.02,0.019,0.02,0.022,0.02,0.019,0.019,1.0,0.021,0.02,0.02,0.018,0.019,0.02,0.02,0.019,0.019,0.019,0.02,0.02,0.021,0.02,0.02,0.019,0.022
0.892,0.922,0.884,0.873,0.929,0.919,0.91,0.886,0.902,0.872,0.913,0.886,0.934,0.881,0.884,0.912,0.918,0.934,0.939,0.911,0.933,0.957,0.961,0.903,0.917,0.909,0.927,0.884,0.891,0.892,0.877,0.933,0.021,1.0,0.89,0.892,0.91,0.93,0.893,0.929,0.885,0.918,0.928,0.886,0.892,0.882,0.919,0.918,0.88,0.896
0.873,0.91,0.857,0.868,0.894,0.913,0.868,0.857,0.881,0.861,0.901,0.863,0.901,0.859,0.865,0.876,0.91,0.887,0.887,0.869,0.878,0.894,0.883,0.933,0.92,0.907,0.884,0.863,0.878,0.879,0.856,0.884,0.02,0.89,1.0,0.864,0.869,0.882,0.868,0.896,0.862,0.896,0.877,0.858,0.863,0.843,0.891,0.893,0.861,0.87
0.884,0.891,0.878,0.913,0.887,0.888,0.878,0.908,0.889,0.912,0.87,0.918,0.881,0.916,0.923,0.882,0.881,0.89,0.889,0.879,0.877,0.885,0.885,0.878,0.896,0.884,0.882,0.916,0.895,0.883,0.913,0.881,0.02,0.892,0.864,1.0,0.879,0.882,0.924,0.887,0.918,0.885,0.877,0.917,0.923,0.874,0.887,0.886,0.907,0.898
0.884,0.899,0.879,0.871,0.908,0.896,0.995,0.879,0.888,0.866,0.888,0.88,0.892,0.876,0.874,0.988,0.891,0.909,0.912,0.997,0.915,0.91,0.923,0.884,0.904,0.889,0.902,0.88,0.884,0.881,0.877,0.912,0.018,0.91,0.869,0.879,1.0,0.898,0.878,0.898,0.882,0.904,0.899,0.881,0.883,0.891,0.889,0.888,0.875,0.892
0.891,0.917,0.887,0.874,0.926,0.919,0.899,0.884,0.898,0.88,0.914,0.883,0.936,0.883,0.888,0.905,0.906,0.925,0.926,0.898,0.92,0.934,0.927,0.898,0.915,0.907,0.944,0.888,0.881,0.886,0.878,0.923,0.019,0.93,0.882,0.882,0.898,1.0,0.891,0.932,0.887,0.916,0.947,0.889,0.89,0.876,0.918,0.918,0.884,0.889
0.897,0.893,0.874,0.929,0.893,0.896,0.876,0.92,0.898,0.933,0.887,0.926,0.892,0.935,0.936,0.88,0.888,0.894,0.887,0.878,0.876,0.893,0.886,0.887,0.9,0.894,0.885,0.928,0.893,0.883,0.921,0.881,0.02,0.893,0.868,0.924,0.878,0.891,1.0,0.897,0.921,0.892,0.887,0.925,0.928,0.87,0.885,0.886,0.922,0.897
0.893,0.918,0.881,0.885,0.927,0.922,0.898,0.886,0.902,0.884,0.918,0.885,0.943,0.889,0.892,0.904,0.918,0.914,0.927,0.898,0.923,0.933,0.926,0.908,0.918,0.915,0.938,0.891,0.89,0.893,0.883,0.928,0.02,0.929,0.896,0.887,0.898,0.932,0.897,1.0,0.887,0.921,0.932,0.888,0.891,0.874,0.919,0.921,0.888,0.9
0.888,0.9,0.876,0.933,0.896,0.887,0.88,0.934,0.887,0.939,0.873,0.941,0.885,0.936,0.942,0.884,0.879,0.889,0.892,0.882,0.878,0.889,0.888,0.877,0.894,0.888,0.891,0.941,0.883,0.873,0.964,0.88,0.019,0.885,0.862,0.918,0.882,0.887,0.921,0.887,1.0,0.902,0.884,0.943,0.945,0.881,0.89,0.889,0.928,0.892
0.897,0.93,0.891,0.881,0.926,0.929,0.903,0.889,0.903,0.889,0.9,0.896,0.913,0.886,0.889,0.908,0.917,0.919,0.921,0.903,0.908,0.913,0.916,0.914,0.926,0.92,0.92,0.887,0.883,0.893,0.897,0.911,0.019,0.918,0.896,0.885,0.904,0.916,0.892,0.921,0.902,1.0,0.918,0.89,0.893,0.875,0.931,0.93,0.892,0.896
0.887,0.91,0.887,0.869,0.923,0.911,0.901,0.879,0.893,0.877,0.902,0.882,0.925,0.873,0.88,0.9,0.903,0.926,0.927,0.9,0.927,0.925,0.928,0.894,0.907,0.901,0.943,0.879,0.876,0.883,0.876,0.937,0.019,0.928,0.877,0.877,0.899,0.947,0.887,0.932,0.884,0.918,1.0,0.885,0.886,0.886,0.91,0.909,0.878,0.884
0.893,0.899,0.875,0.929,0.894,0.888,0.881,0.971,0.889,0.926,0.874,0.944,0.881,0.94,0.937,0.884,0.882,0.895,0.89,0.882,0.876,0.886,0.883,0.872,0.894,0.886,0.893,0.991,0.882,0.869,0.932,0.879,0.02,0.886,0.858,0.917,0.881,0.889,0.925,0.888,0.943,0.89,0.885,1.0,0.99,0.881,0.888,0.887,0.927,0.893
0.896,0.9,0.877,0.933,0.898,0.892,0.883,0.968,0.892,0.929,0.878,0.95,0.885,0.942,0.939,0.886,0.886,0.898,0.893,0.884,0.879,0.889,0.886,0.878,0.894,0.887,0.895,0.987,0.885,0.875,0.936,0.881,0.02,0.892,0.863,0.923,0.883,0.89,0.928,0.891,0.945,0.893,0.886,0.99,1.0,0.88,0.89,0.889,0.925,0.892
0.878,0.879,0.867,0.863,0.875,0.864,0.889,0.886,0.877,0.865,0.86,0.878,0.867,0.868,0.876,0.884,0.865,0.881,0.88,0.894,0.888,0.877,0.889,0.857,0.883,0.873,0.877,0.88,0.883,0.87,0.875,0.886,0.021,0.882,0.843,0.874,0.891,0.876,0.87,0.874,0.881,0.875,0.886,0.881,0.88,1.0,0.876,0.875,0.877,0.903
0.889,0.932,0.889,0.872,0.925,0.928,0.89,0.885,0.898,0.883,0.898,0.886,0.91,0.882,0.886,0.895,0.92,0.919,0.911,0.89,0.912,0.916,0.911,0.903,0.921,0.916,0.914,0.887,0.88,0.889,0.885,0.915,0.02,0.919,0.891,0.887,0.889,0.918,0.885,0.919,0.89,0.931,0.91,0.888,0.89,0.876,1.0,0.998,0.886,0.89
0.889,0.931,0.888,0.873,0.924,0.93,0.889,0.884,0.899,0.884,0.899,0.885,0.911,0.883,0.887,0.895,0.922,0.918,0.91,0.889,0.911,0.917,0.91,0.905,0.923,0.918,0.913,0.888,0.881,0.889,0.884,0.915,0.02,0.918,0.893,0.886,0.888,0.918,0.886,0.921,0.889,0.93,0.909,0.887,0.889,0.875,0.998,1.0,0.887,0.891
0.892,0.897,0.882,0.922,0.891,0.887,0.875,0.92,0.895,0.924,0.876,0.921,0.882,0.933,0.927,0.877,0.886,0.887,0.884,0.874,0.876,0.889,0.879,0.881,0.896,0.89,0.89,0.927,0.891,0.875,0.932,0.867,0.019,0.88,0.861,0.907,0.875,0.884,0.922,0.888,0.928,0.892,0.878,0.927,0.925,0.877,0.886,0.887,1.0,0.898
0.902,0.891,0.879,0.89,0.892,0.893,0.891,0.891,0.902,0.89,0.891,0.893,0.896,0.904,0.901,0.896,0.889,0.892,0.89,0.893,0.879,0.903,0.895,0.877,0.9,0.894,0.892,0.899,0.945,0.902,0.892,0.883,0.022,0.896,0.87,0.898,0.892,0.889,0.897,0.9,0.892,0.896,0.884,0.893,0.892,0.903,0.89,0.891,0.898,1.0
