GCF_000163235.1_ASM16323v1_genomic.fna,GCF_000164555.1_ASM16455v1_genomic.fna,GCF_000208545.1_ASM20854v2_genomic.fna,GCF_000233875.1_ASM23387v1_genomic.fna,GCF_000249735.1_ASM24973v2_genomic.fna,GCF_000261145.1_Esch_coli_M919_V2_genomic.fna,GCF_000267705.2_ASM26770v2_genomic.fna,GCF_000350665.1_Esch_coli_KTE5_V1_genomic.fna,GCF_000351625.1_Esch_coli_KTE66_V1_genomic.fna,GCF_000352285.1_Esch_coli_KTE46_V1_genomic.fna,GCF_000358895.1_ASM35889v1_genomic.fna,GCF_000456385.1_Esch_coli_HVH_26_4-5703913_V1_genomic.fna,GCF_000458195.1_Esch_coli_HVH_147_4-5893887_V1_genomic.fna,GCF_000459755.1_Esch_coli_KOEGE_58_171a_V1_genomic.fna,GCF_000460055.1_Esch_coli_UMEA_3053-1_V1_genomic.fna,GCF_000462165.2_ASM46216v2_genomic.fna,GCF_000601135.1_ASM60113v1_genomic.fna,GCF_000614595.1_Ec2010EL1058_genomic.fna,GCF_000617745.1_Ec2010C-4529_genomic.fna,GCF_000618265.2_EcF6751_genomic.fna,GCF_000619005.2_Ec2009C-4052_genomic.fna,GCF_000619105.1_Ec2009C-4780_genomic.fna,GCF_000619765.2_Ec2009C-3279_genomic.fna,GCF_000687005.1_ASM68700v1_genomic.fna,GCF_000687025.1_ASM68702v1_genomic.fna,GCF_000700125.1_ASM70012v1_genomic.fna,GCF_000753315.1_FHI35_genomic.fna,GCF_000776375.1_ASM77637v1_genomic.fna,GCF_000779395.1_ASM77939v1_genomic.fna,GCF_000780315.1_ASM78031v1_genomic.fna,GCF_000781995.1_ASM78199v1_genomic.fna,GCF_000986765.1_ASM98676v1_genomic.fna,GCF_001041375.1_ViralProj287958_genomic.fna,GCF_001265335.1_302014_genomic.fna,GCF_001265625.1_100854_genomic.fna,GCF_001267345.1_303289_genomic.fna,GCF_001309985.1_ASM130998v1_genomic.fna,GCF_001521695.1_ASM152169v1_genomic.fna,GCF_001592595.1_ASM159259v1_genomic.fna,GCF_001614975.1_ASM161497v1_genomic.fna,GCF_001692775.1_ASM169277v1_genomic.fna,GCF_001748915.1_ASM174891v1_genomic.fna,GCF_001749235.1_ASM174923v1_genomic.fna,GCF_001881155.1_ASM188115v1_genomic.fna,GCF_001881345.1_ASM188134v1_genomic.fna,GCF_001892405.1_ASM189240v1_genomic.fna,GCF_001892585.1_ASM189258v1_genomic.fna,GCF_001893985.1_ASM189398v1_genomic.fna,GCF_002001595.1_ASM200159v1_genomic.fna,GCF_002002145.1_ASM200214v1_genomic.fna
1.0,0.553,0.448,0.485,0.553,0.561,0.521,0.508,0.636,0.492,0.53,0.508,0.54,0.481,0.483,0.531,0.534,0.548,0.546,0.517,0.5,0.523,0.541,0.554,0.544,0.531,0.536,0.488,0.564,0.628,0.467,0.532,0.0,0.523,0.516,0.481,0.516,0.558,0.491,0.547,0.471,0.531,0.533,0.493,0.509,0.517,0.533,0.534,0.479,0.564
0.553,1.0,0.425,0.482,0.656,0.777,0.577,0.509,0.52,0.481,0.609,0.51,0.649,0.472,0.478,0.583,0.722,0.646,0.628,0.572,0.627,0.631,0.647,0.786,0.793,0.718,0.653,0.491,0.516,0.51,0.465,0.648,0.0,0.637,0.727,0.459,0.574,0.672,0.467,0.644,0.466,0.719,0.644,0.521,0.523,0.494,0.701,0.703,0.49,0.506
0.448,0.425,1.0,0.401,0.439,0.437,0.405,0.414,0.458,0.401,0.436,0.411,0.445,0.401,0.393,0.414,0.442,0.422,0.426,0.402,0.41,0.417,0.42,0.449,0.442,0.422,0.425,0.412,0.459,0.445,0.384,0.425,0.0,0.42,0.41,0.405,0.403,0.427,0.4,0.43,0.396,0.427,0.433,0.406,0.401,0.401,0.427,0.427,0.414,0.46
0.485,0.482,0.401,1.0,0.485,0.482,0.461,0.735,0.48,0.725,0.472,0.76,0.479,0.776,0.785,0.466,0.471,0.479,0.471,0.457,0.456,0.464,0.473,0.481,0.492,0.467,0.473,0.768,0.513,0.463,0.744,0.481,0.0,0.464,0.448,0.637,0.457,0.471,0.691,0.465,0.768,0.473,0.468,0.751,0.753,0.491,0.464,0.465,0.712,0.52
0.553,0.656,0.439,0.485,1.0,0.686,0.583,0.515,0.538,0.493,0.798,0.508,0.755,0.495,0.489,0.6,0.67,0.717,0.723,0.581,0.712,0.714,0.718,0.675,0.676,0.666,0.732,0.501,0.541,0.538,0.483,0.734,0.0,0.72,0.629,0.478,0.581,0.737,0.505,0.762,0.489,0.679,0.743,0.499,0.505,0.507,0.697,0.699,0.497,0.534
0.561,0.777,0.437,0.482,0.686,1.0,0.601,0.525,0.543,0.485,0.645,0.497,0.679,0.487,0.483,0.608,0.743,0.688,0.663,0.596,0.635,0.664,0.669,0.81,0.817,0.741,0.669,0.504,0.539,0.527,0.47,0.668,0.0,0.669,0.766,0.484,0.595,0.679,0.518,0.678,0.474,0.723,0.671,0.506,0.509,0.499,0.73,0.732,0.495,0.54
0.521,0.577,0.405,0.461,0.583,0.601,1.0,0.471,0.516,0.449,0.568,0.464,0.59,0.446,0.458,0.951,0.583,0.631,0.618,0.98,0.632,0.616,0.646,0.582,0.587,0.58,0.594,0.46,0.502,0.51,0.441,0.6,0.0,0.595,0.558,0.464,0.983,0.585,0.47,0.593,0.44,0.584,0.596,0.462,0.471,0.497,0.572,0.573,0.452,0.507
0.508,0.509,0.414,0.735,0.515,0.525,0.471,1.0,0.498,0.716,0.491,0.738,0.516,0.721,0.723,0.478,0.495,0.502,0.498,0.468,0.468,0.492,0.503,0.53,0.514,0.499,0.505,0.911,0.548,0.486,0.733,0.49,0.0,0.491,0.467,0.64,0.466,0.524,0.715,0.503,0.738,0.495,0.513,0.903,0.889,0.519,0.494,0.496,0.72,0.539
0.636,0.52,0.458,0.48,0.538,0.543,0.516,0.498,1.0,0.486,0.537,0.483,0.55,0.484,0.468,0.524,0.528,0.535,0.536,0.512,0.502,0.535,0.528,0.558,0.547,0.537,0.541,0.492,0.558,0.657,0.475,0.532,0.0,0.523,0.51,0.496,0.513,0.542,0.496,0.55,0.476,0.526,0.554,0.481,0.485,0.511,0.531,0.533,0.494,0.576
0.492,0.481,0.401,0.725,0.493,0.485,0.449,0.716,0.486,1.0,0.52,0.715,0.492,0.756,0.706,0.46,0.471,0.473,0.463,0.446,0.446,0.458,0.456,0.503,0.494,0.478,0.47,0.739,0.534,0.473,0.743,0.461,0.0,0.456,0.483,0.657,0.447,0.477,0.7,0.481,0.75,0.467,0.468,0.712,0.721,0.478,0.466,0.467,0.719,0.529
0.53,0.609,0.436,0.472,0.798,0.645,0.568,0.491,0.537,0.52,1.0,0.48,0.77,0.509,0.47,0.579,0.64,0.716,0.718,0.565,0.685,0.709,0.7,0.683,0.662,0.657,0.721,0.499,0.539,0.514,0.468,0.715,0.0,0.696,0.67,0.497,0.566,0.72,0.491,0.753,0.473,0.657,0.725,0.479,0.483,0.485,0.655,0.654,0.493,0.543
0.508,0.51,0.411,0.76,0.508,0.497,0.464,0.738,0.483,0.715,0.48,1.0,0.499,0.755,0.853,0.47,0.491,0.489,0.481,0.457,0.467,0.477,0.486,0.507,0.5,0.484,0.487,0.743,0.541,0.471,0.716,0.485,0.0,0.481,0.456,0.629,0.458,0.497,0.695,0.483,0.733,0.475,0.491,0.732,0.742,0.495,0.487,0.488,0.689,0.527
0.54,0.649,0.445,0.479,0.755,0.679,0.59,0.516,0.55,0.492,0.77,0.499,1.0,0.489,0.487,0.605,0.663,0.753,0.768,0.586,0.742,0.8,0.791,0.693,0.679,0.678,0.784,0.506,0.538,0.542,0.478,0.766,0.0,0.791,0.646,0.488,0.588,0.781,0.498,0.8,0.487,0.684,0.777,0.498,0.498,0.481,0.69,0.691,0.505,0.535
0.481,0.472,0.401,0.776,0.495,0.487,0.446,0.721,0.484,0.756,0.509,0.755,0.489,1.0,0.778,0.454,0.468,0.483,0.468,0.443,0.444,0.468,0.465,0.499,0.494,0.468,0.476,0.767,0.537,0.462,0.735,0.475,0.0,0.462,0.467,0.666,0.445,0.478,0.687,0.477,0.757,0.465,0.472,0.738,0.741,0.494,0.465,0.466,0.72,0.531
0.483,0.478,0.393,0.785,0.489,0.483,0.458,0.723,0.468,0.706,0.47,0.853,0.487,0.778,1.0,0.464,0.474,0.481,0.469,0.452,0.454,0.468,0.472,0.475,0.483,0.464,0.478,0.747,0.514,0.466,0.729,0.476,0.0,0.467,0.445,0.621,0.455,0.487,0.684,0.476,0.745,0.468,0.478,0.744,0.744,0.498,0.483,0.484,0.692,0.525
0.531,0.583,0.414,0.466,0.6,0.608,0.951,0.478,0.524,0.46,0.579,0.47,0.605,0.454,0.464,1.0,0.595,0.637,0.627,0.946,0.614,0.625,0.633,0.596,0.598,0.59,0.603,0.465,0.515,0.523,0.448,0.606,0.0,0.603,0.565,0.469,0.948,0.599,0.48,0.607,0.451,0.595,0.61,0.47,0.478,0.498,0.585,0.586,0.461,0.514
0.534,0.722,0.442,0.471,0.67,0.743,0.583,0.495,0.528,0.471,0.64,0.491,0.663,0.468,0.474,0.595,1.0,0.653,0.652,0.578,0.626,0.651,0.65,0.767,0.762,0.778,0.653,0.482,0.522,0.512,0.454,0.679,0.0,0.65,0.698,0.476,0.578,0.65,0.483,0.654,0.458,0.714,0.651,0.487,0.494,0.475,0.725,0.724,0.473,0.527
0.548,0.646,0.422,0.479,0.717,0.688,0.631,0.502,0.535,0.473,0.716,0.489,0.753,0.483,0.481,0.637,0.653,1.0,0.779,0.626,0.741,0.773,0.77,0.665,0.664,0.659,0.756,0.493,0.531,0.53,0.47,0.746,0.0,0.73,0.629,0.487,0.624,0.731,0.495,0.743,0.471,0.684,0.735,0.496,0.499,0.499,0.676,0.678,0.479,0.532
0.546,0.628,0.426,0.471,0.723,0.663,0.618,0.498,0.536,0.463,0.718,0.481,0.768,0.468,0.469,0.627,0.652,0.779,1.0,0.611,0.746,0.76,0.74,0.657,0.654,0.662,0.76,0.487,0.525,0.53,0.463,0.74,0.0,0.718,0.626,0.478,0.611,0.746,0.501,0.756,0.464,0.661,0.746,0.483,0.487,0.479,0.66,0.661,0.472,0.524
0.517,0.572,0.402,0.457,0.581,0.596,0.98,0.468,0.512,0.446,0.565,0.457,0.586,0.443,0.452,0.946,0.578,0.626,0.611,1.0,0.627,0.609,0.639,0.576,0.588,0.577,0.589,0.457,0.497,0.506,0.438,0.597,0.0,0.59,0.555,0.46,0.989,0.581,0.469,0.589,0.437,0.582,0.593,0.459,0.468,0.497,0.568,0.569,0.447,0.504
0.5,0.627,0.41,0.456,0.712,0.635,0.632,0.468,0.502,0.446,0.685,0.467,0.742,0.444,0.454,0.614,0.626,0.741,0.746,0.627,1.0,0.752,0.776,0.635,0.629,0.629,0.74,0.466,0.487,0.506,0.438,0.744,0.0,0.734,0.604,0.458,0.626,0.732,0.477,0.736,0.446,0.641,0.733,0.469,0.475,0.489,0.652,0.654,0.456,0.497
0.523,0.631,0.417,0.464,0.714,0.664,0.616,0.492,0.535,0.458,0.709,0.477,0.8,0.468,0.468,0.625,0.651,0.773,0.76,0.609,0.752,1.0,0.921,0.642,0.652,0.638,0.766,0.488,0.499,0.524,0.458,0.756,0.0,0.867,0.609,0.472,0.611,0.752,0.487,0.767,0.46,0.651,0.765,0.492,0.493,0.479,0.66,0.662,0.475,0.51
0.541,0.647,0.42,0.473,0.718,0.669,0.646,0.503,0.528,0.456,0.7,0.486,0.791,0.465,0.472,0.633,0.65,0.77,0.74,0.639,0.776,0.921,1.0,0.642,0.65,0.637,0.759,0.492,0.503,0.524,0.458,0.758,0.0,0.856,0.612,0.481,0.637,0.748,0.487,0.754,0.46,0.66,0.752,0.496,0.501,0.489,0.654,0.656,0.473,0.503
0.554,0.786,0.449,0.481,0.675,0.81,0.582,0.53,0.558,0.503,0.683,0.507,0.693,0.499,0.475,0.596,0.767,0.665,0.657,0.576,0.635,0.642,0.642,1.0,0.843,0.768,0.666,0.517,0.554,0.534,0.475,0.667,0.0,0.64,0.812,0.496,0.577,0.665,0.482,0.676,0.484,0.732,0.664,0.504,0.51,0.49,0.722,0.722,0.501,0.558
0.544,0.793,0.442,0.492,0.676,0.817,0.587,0.514,0.547,0.494,0.662,0.5,0.679,0.494,0.483,0.598,0.762,0.664,0.654,0.588,0.629,0.652,0.65,0.843,1.0,0.786,0.667,0.508,0.536,0.519,0.471,0.678,0.0,0.644,0.788,0.484,0.591,0.669,0.5,0.668,0.479,0.724,0.666,0.513,0.509,0.497,0.722,0.722,0.508,0.544
0.531,0.718,0.422,0.467,0.666,0.741,0.58,0.499,0.537,0.478,0.657,0.484,0.678,0.468,0.464,0.59,0.778,0.659,0.662,0.577,0.629,0.638,0.637,0.768,0.786,1.0,0.658,0.486,0.522,0.522,0.462,0.651,0.0,0.634,0.708,0.478,0.576,0.657,0.493,0.665,0.47,0.715,0.651,0.495,0.49,0.487,0.725,0.725,0.491,0.533
0.536,0.653,0.425,0.473,0.732,0.669,0.594,0.505,0.541,0.47,0.721,0.487,0.784,0.476,0.478,0.603,0.653,0.756,0.76,0.589,0.74,0.766,0.759,0.666,0.667,0.658,1.0,0.492,0.518,0.527,0.474,0.773,0.0,0.745,0.625,0.472,0.59,0.831,0.477,0.788,0.473,0.669,0.832,0.502,0.496,0.491,0.669,0.671,0.488,0.516
0.488,0.491,0.412,0.768,0.501,0.504,0.46,0.911,0.492,0.739,0.499,0.743,0.506,0.767,0.747,0.465,0.482,0.493,0.487,0.457,0.466,0.488,0.492,0.517,0.508,0.486,0.492,1.0,0.547,0.48,0.739,0.489,0.0,0.477,0.466,0.652,0.457,0.507,0.706,0.489,0.764,0.481,0.491,0.948,0.929,0.514,0.488,0.49,0.743,0.535
0.564,0.516,0.459,0.513,0.541,0.539,0.502,0.548,0.558,0.534,0.539,0.541,0.538,0.537,0.514,0.515,0.522,0.531,0.525,0.497,0.487,0.499,0.503,0.554,0.536,0.522,0.518,0.547,1.0,0.54,0.516,0.518,0.0,0.499,0.504,0.526,0.5,0.534,0.523,0.516,0.522,0.512,0.519,0.526,0.533,0.599,0.519,0.52,0.531,0.84
0.628,0.51,0.445,0.463,0.538,0.527,0.51,0.486,0.657,0.473,0.514,0.471,0.542,0.462,0.466,0.523,0.512,0.53,0.53,0.506,0.506,0.524,0.524,0.534,0.519,0.522,0.527,0.48,0.54,1.0,0.462,0.512,0.0,0.507,0.49,0.471,0.508,0.526,0.475,0.545,0.469,0.519,0.527,0.48,0.482,0.533,0.521,0.523,0.474,0.548
0.467,0.465,0.384,0.744,0.483,0.47,0.441,0.733,0.475,0.743,0.468,0.716,0.478,0.735,0.729,0.448,0.454,0.47,0.463,0.438,0.438,0.458,0.458,0.475,0.471,0.462,0.474,0.739,0.516,0.462,1.0,0.457,0.0,0.459,0.431,0.631,0.439,0.472,0.69,0.472,0.892,0.455,0.464,0.726,0.725,0.483,0.457,0.459,0.706,0.512
0.532,0.648,0.425,0.481,0.734,0.668,0.6,0.49,0.532,0.461,0.715,0.485,0.766,0.475,0.476,0.606,0.679,0.746,0.74,0.597,0.744,0.756,0.758,0.667,0.678,0.651,0.773,0.489,0.518,0.512,0.457,1.0,0.0,0.749,0.626,0.467,0.598,0.776,0.488,0.775,0.459,0.675,0.781,0.492,0.497,0.484,0.677,0.677,0.473,0.514
0.0,0.0,0.0,0.0,0.0,0.0,0.0,0.0,0.0,0.0,0.0,0.0,0.0,0.0,0.0,0.0,0.0,0.0,0.0,0.0,0.0,0.0,0.0,0.0,0.0,0.0,0.0,0.0,0.0,0.0,0.0,0.0,1.0,0.0,0.0,0.0,0.0,0.0,0.0,0.0,0.0,0.0,0.0,0.0,0.0,0.0,0.0,0.0,0.0,0.0
0.523,0.637,0.42,0.464,0.72,0.669,0.595,0.491,0.523,0.456,0.696,0.481,0.791,0.462,0.467,0.603,0.65,0.73,0.718,0.59,0.734,0.867,0.856,0.64,0.644,0.634,0.745,0.477,0.499,0.507,0.459,0.749,0.0,1.0,0.608,0.486,0.588,0.744,0.489,0.748,0.457,0.654,0.759,0.481,0.488,0.464,0.653,0.654,0.47,0.501
0.516,0.727,0.41,0.448,0.629,0.766,0.558,0.467,0.51,0.483,0.67,0.456,0.646,0.467,0.445,0.565,0.698,0.629,0.626,0.555,0.604,0.609,0.612,0.812,0.788,0.708,0.625,0.466,0.504,0.49,0.431,0.626,0.0,0.608,1.0,0.469,0.555,0.619,0.461,0.631,0.436,0.681,0.63,0.453,0.463,0.448,0.668,0.668,0.465,0.51
0.481,0.459,0.405,0.637,0.478,0.484,0.464,0.64,0.496,0.657,0.497,0.629,0.488,0.666,0.621,0.469,0.476,0.487,0.478,0.46,0.458,0.472,0.481,0.496,0.484,0.478,0.472,0.652,0.526,0.471,0.631,0.467,0.0,0.486,0.469,1.0,0.457,0.469,0.671,0.48,0.64,0.463,0.472,0.632,0.634,0.485,0.463,0.465,0.655,0.531
0.516,0.574,0.403,0.457,0.581,0.595,0.983,0.466,0.513,0.447,0.566,0.458,0.588,0.445,0.455,0.948,0.578,0.624,0.611,0.989,0.626,0.611,0.637,0.577,0.591,0.576,0.59,0.457,0.5,0.508,0.439,0.598,0.0,0.588,0.555,0.457,1.0,0.582,0.466,0.591,0.439,0.581,0.592,0.459,0.468,0.497,0.569,0.57,0.448,0.503
0.558,0.672,0.427,0.471,0.737,0.679,0.585,0.524,0.542,0.477,0.72,0.497,0.781,0.478,0.487,0.599,0.65,0.731,0.746,0.581,0.732,0.752,0.748,0.665,0.669,0.657,0.831,0.507,0.534,0.526,0.472,0.776,0.0,0.744,0.619,0.469,0.582,1.0,0.494,0.782,0.478,0.678,0.868,0.513,0.506,0.492,0.695,0.697,0.497,0.526
0.491,0.467,0.4,0.691,0.505,0.518,0.47,0.715,0.496,0.7,0.491,0.695,0.498,0.687,0.684,0.48,0.483,0.495,0.501,0.469,0.477,0.487,0.487,0.482,0.5,0.493,0.477,0.706,0.523,0.475,0.69,0.488,0.0,0.489,0.461,0.671,0.466,0.494,1.0,0.49,0.695,0.478,0.492,0.695,0.698,0.491,0.483,0.485,0.686,0.529
0.547,0.644,0.43,0.465,0.762,0.678,0.593,0.503,0.55,0.481,0.753,0.483,0.8,0.477,0.476,0.607,0.654,0.743,0.756,0.589,0.736,0.767,0.754,0.676,0.668,0.665,0.788,0.489,0.516,0.545,0.472,0.775,0.0,0.748,0.631,0.48,0.591,0.782,0.49,1.0,0.476,0.673,0.78,0.491,0.498,0.487,0.691,0.692,0.48,0.529
0.471,0.466,0.396,0.768,0.489,0.474,0.44,0.738,0.476,0.75,0.473,0.733,0.487,0.757,0.745,0.451,0.458,0.471,0.464,0.437,0.446,0.46,0.46,0.484,0.479,0.47,0.473,0.764,0.522,0.469,0.892,0.459,0.0,0.457,0.436,0.64,0.439,0.478,0.695,0.476,1.0,0.46,0.464,0.748,0.746,0.484,0.463,0.465,0.718,0.515
0.531,0.719,0.427,0.473,0.679,0.723,0.584,0.495,0.526,0.467,0.657,0.475,0.684,0.465,0.468,0.595,0.714,0.684,0.661,0.582,0.641,0.651,0.66,0.732,0.724,0.715,0.669,0.481,0.512,0.519,0.455,0.675,0.0,0.654,0.681,0.463,0.581,0.678,0.478,0.673,0.46,1.0,0.699,0.488,0.492,0.49,0.75,0.75,0.477,0.514
0.533,0.644,0.433,0.468,0.743,0.671,0.596,0.513,0.554,0.468,0.725,0.491,0.777,0.472,0.478,0.61,0.651,0.735,0.746,0.593,0.733,0.765,0.752,0.664,0.666,0.651,0.832,0.491,0.519,0.527,0.464,0.781,0.0,0.759,0.63,0.472,0.592,0.868,0.492,0.78,0.464,0.699,1.0,0.494,0.5,0.49,0.68,0.682,0.484,0.522
0.493,0.521,0.406,0.751,0.499,0.506,0.462,0.903,0.481,0.712,0.479,0.732,0.498,0.738,0.744,0.47,0.487,0.496,0.483,0.459,0.469,0.492,0.496,0.504,0.513,0.495,0.502,0.948,0.526,0.48,0.726,0.492,0.0,0.481,0.453,0.632,0.459,0.513,0.695,0.491,0.748,0.488,0.494,1.0,0.957,0.524,0.492,0.494,0.73,0.515
0.509,0.523,0.401,0.753,0.505,0.509,0.471,0.889,0.485,0.721,0.483,0.742,0.498,0.741,0.744,0.478,0.494,0.499,0.487,0.468,0.475,0.493,0.501,0.51,0.509,0.49,0.496,0.929,0.533,0.482,0.725,0.497,0.0,0.488,0.463,0.634,0.468,0.506,0.698,0.498,0.746,0.492,0.5,0.957,1.0,0.526,0.499,0.501,0.721,0.518
0.517,0.494,0.401,0.491,0.507,0.499,0.497,0.519,0.511,0.478,0.485,0.495,0.481,0.494,0.498,0.498,0.475,0.499,0.479,0.497,0.489,0.479,0.489,0.49,0.497,0.487,0.491,0.514,0.599,0.533,0.483,0.484,0.0,0.464,0.448,0.485,0.497,0.492,0.491,0.487,0.484,0.49,0.49,0.524,0.526,1.0,0.524,0.526,0.497,0.638
0.533,0.701,0.427,0.464,0.697,0.73,0.572,0.494,0.531,0.466,0.655,0.487,0.69,0.465,0.483,0.585,0.725,0.676,0.66,0.568,0.652,0.66,0.654,0.722,0.722,0.725,0.669,0.488,0.519,0.521,0.457,0.677,0.0,0.653,0.668,0.463,0.569,0.695,0.483,0.691,0.463,0.75,0.68,0.492,0.499,0.524,1.0,0.998,0.484,0.538
0.534,0.703,0.427,0.465,0.699,0.732,0.573,0.496,0.533,0.467,0.654,0.488,0.691,0.466,0.484,0.586,0.724,0.678,0.661,0.569,0.654,0.662,0.656,0.722,0.722,0.725,0.671,0.49,0.52,0.523,0.459,0.677,0.0,0.654,0.668,0.465,0.57,0.697,0.485,0.692,0.465,0.75,0.682,0.494,0.501,0.526,0.998,1.0,0.486,0.538
0.479,0.49,0.414,0.712,0.497,0.495,0.452,0.72,0.494,0.719,0.493,0.689,0.505,0.72,0.692,0.461,0.473,0.479,0.472,0.447,0.456,0.475,0.473,0.501,0.508,0.491,0.488,0.743,0.531,0.474,0.706,0.473,0.0,0.47,0.465,0.655,0.448,0.497,0.686,0.48,0.718,0.477,0.484,0.73,0.721,0.497,0.484,0.486,1.0,0.527
0.564,0.506,0.46,0.52,0.534,0.54,0.507,0.539,0.576,0.529,0.543,0.527,0.535,0.531,0.525,0.514,0.527,0.532,0.524,0.504,0.497,0.51,0.503,0.558,0.544,0.533,0.516,0.535,0.84,0.548,0.512,0.514,0.0,0.501,0.51,0.531,0.503,0.526,0.529,0.529,0.515,0.514,0.522,0.515,0.518,0.638,0.538,0.538,0.527,1.0
