GCF_000163235.1_ASM16323v1_genomic.fna,GCF_000164555.1_ASM16455v1_genomic.fna,GCF_000208545.1_ASM20854v2_genomic.fna,GCF_000233875.1_ASM23387v1_genomic.fna,GCF_000249735.1_ASM24973v2_genomic.fna,GCF_000261145.1_Esch_coli_M919_V2_genomic.fna,GCF_000267705.2_ASM26770v2_genomic.fna,GCF_000350665.1_Esch_coli_KTE5_V1_genomic.fna,GCF_000351625.1_Esch_coli_KTE66_V1_genomic.fna,GCF_000352285.1_Esch_coli_KTE46_V1_genomic.fna,GCF_000358895.1_ASM35889v1_genomic.fna,GCF_000456385.1_Esch_coli_HVH_26_4-5703913_V1_genomic.fna,GCF_000458195.1_Esch_coli_HVH_147_4-5893887_V1_genomic.fna,GCF_000459755.1_Esch_coli_KOEGE_58_171a_V1_genomic.fna,GCF_000460055.1_Esch_coli_UMEA_3053-1_V1_genomic.fna,GCF_000462165.2_ASM46216v2_genomic.fna,GCF_000601135.1_ASM60113v1_genomic.fna,GCF_000614595.1_Ec2010EL1058_genomic.fna,GCF_000617745.1_Ec2010C-4529_genomic.fna,GCF_000618265.2_EcF6751_genomic.fna,GCF_000619005.2_Ec2009C-4052_genomic.fna,GCF_000619105.1_Ec2009C-4780_genomic.fna,GCF_000619765.2_Ec2009C-3279_genomic.fna,GCF_000687005.1_ASM68700v1_genomic.fna,GCF_000687025.1_ASM68702v1_genomic.fna,GCF_000700125.1_ASM70012v1_genomic.fna,GCF_000753315.1_FHI35_genomic.fna,GCF_000776375.1_ASM77637v1_genomic.fna,GCF_000779395.1_ASM77939v1_genomic.fna,GCF_000780315.1_ASM78031v1_genomic.fna,GCF_000781995.1_ASM78199v1_genomic.fna,GCF_000986765.1_ASM98676v1_genomic.fna,GCF_001041375.1_ViralProj287958_genomic.fna,GCF_001265335.1_302014_genomic.fna,GCF_001265625.1_100854_genomic.fna,GCF_001267345.1_303289_genomic.fna,GCF_001309985.1_ASM130998v1_genomic.fna,GCF_001521695.1_ASM152169v1_genomic.fna,GCF_001592595.1_ASM159259v1_genomic.fna,GCF_001614975.1_ASM161497v1_genomic.fna,GCF_001692775.1_ASM169277v1_genomic.fna,GCF_001748915.1_ASM174891v1_genomic.fna,GCF_001749235.1_ASM174923v1_genomic.fna,GCF_001881155.1_ASM188115v1_genomic.fna,GCF_001881345.1_ASM188134v1_genomic.fna,GCF_001892405.1_ASM189240v1_genomic.fna,GCF_001892585.1_ASM189258v1_genomic.fna,GCF_001893985.1_ASM189398v1_genomic.fna,GCF_002001595.1_ASM200159v1_genomic.fna,GCF_002002145.1_ASM200214v1_genomic.fna
1.0,0.473,0.384,0.421,0.474,0.473,0.458,0.43,0.584,0.454,0.459,0.44,0.462,0.416,0.412,0.465,0.468,0.455,0.461,0.456,0.448,0.466,0.475,0.478,0.467,0.456,0.463,0.43,0.5,0.555,0.406,0.453,0.0,0.461,0.439,0.426,0.456,0.474,0.413,0.465,0.408,0.46,0.461,0.422,0.44,0.44,0.458,0.455,0.417,0.493
0.473,1.0,0.353,0.397,0.624,0.778,0.525,0.419,0.44,0.408,0.589,0.436,0.581,0.392,0.398,0.529,0.701,0.595,0.583,0.522,0.586,0.581,0.591,0.789,0.801,0.694,0.585,0.404,0.457,0.455,0.384,0.595,0.0,0.578,0.722,0.387,0.522,0.608,0.386,0.596,0.388,0.67,0.586,0.423,0.428,0.419,0.664,0.668,0.409,0.448
0.384,0.353,1.0,0.316,0.348,0.354,0.318,0.324,0.368,0.32,0.342,0.322,0.347,0.31,0.317,0.33,0.346,0.336,0.338,0.317,0.332,0.355,0.352,0.357,0.35,0.339,0.352,0.322,0.362,0.363,0.301,0.35,0.0,0.346,0.318,0.316,0.318,0.343,0.301,0.353,0.305,0.344,0.35,0.322,0.316,0.329,0.35,0.348,0.328,0.352
0.421,0.397,0.316,1.0,0.402,0.396,0.365,0.698,0.435,0.714,0.39,0.704,0.387,0.743,0.765,0.376,0.383,0.382,0.383,0.363,0.379,0.395,0.394,0.406,0.397,0.39,0.395,0.74,0.456,0.407,0.699,0.393,0.0,0.379,0.373,0.599,0.363,0.395,0.634,0.396,0.709,0.382,0.401,0.72,0.719,0.434,0.377,0.376,0.644,0.45
0.474,0.624,0.348,0.402,1.0,0.648,0.522,0.408,0.447,0.412,0.752,0.414,0.679,0.398,0.402,0.534,0.625,0.655,0.669,0.521,0.659,0.659,0.666,0.635,0.637,0.618,0.685,0.404,0.453,0.457,0.386,0.675,0.0,0.657,0.591,0.399,0.519,0.695,0.393,0.694,0.39,0.631,0.705,0.398,0.407,0.417,0.652,0.653,0.407,0.428
0.473,0.778,0.354,0.396,0.648,1.0,0.534,0.418,0.452,0.405,0.611,0.422,0.6,0.402,0.407,0.546,0.71,0.608,0.594,0.531,0.586,0.592,0.6,0.796,0.811,0.687,0.603,0.411,0.462,0.459,0.384,0.61,0.0,0.6,0.74,0.406,0.531,0.618,0.409,0.61,0.384,0.68,0.612,0.41,0.41,0.413,0.689,0.694,0.404,0.454
0.458,0.525,0.318,0.365,0.522,0.534,1.0,0.374,0.431,0.363,0.509,0.372,0.51,0.366,0.361,0.941,0.525,0.568,0.567,0.983,0.574,0.548,0.575,0.536,0.528,0.512,0.522,0.361,0.421,0.454,0.347,0.534,0.0,0.526,0.506,0.371,0.986,0.506,0.371,0.518,0.35,0.528,0.52,0.372,0.376,0.406,0.506,0.507,0.355,0.44
0.43,0.419,0.324,0.698,0.408,0.418,0.374,1.0,0.406,0.705,0.383,0.719,0.391,0.686,0.676,0.385,0.4,0.388,0.407,0.371,0.386,0.389,0.403,0.409,0.401,0.377,0.396,0.898,0.469,0.43,0.705,0.398,0.0,0.388,0.377,0.593,0.37,0.428,0.676,0.404,0.708,0.389,0.399,0.906,0.893,0.44,0.375,0.376,0.647,0.459
0.584,0.44,0.368,0.435,0.447,0.452,0.431,0.406,1.0,0.449,0.453,0.425,0.455,0.426,0.433,0.442,0.444,0.44,0.433,0.429,0.427,0.457,0.452,0.464,0.441,0.436,0.453,0.419,0.49,0.587,0.408,0.435,0.0,0.439,0.429,0.443,0.429,0.451,0.411,0.458,0.406,0.451,0.464,0.406,0.406,0.428,0.44,0.438,0.408,0.491
0.454,0.408,0.32,0.714,0.412,0.405,0.363,0.705,0.449,1.0,0.405,0.696,0.414,0.72,0.721,0.373,0.384,0.377,0.384,0.36,0.369,0.4,0.39,0.417,0.403,0.403,0.394,0.721,0.471,0.411,0.731,0.382,0.0,0.381,0.387,0.612,0.362,0.393,0.671,0.402,0.73,0.389,0.397,0.702,0.713,0.43,0.382,0.379,0.664,0.448
0.459,0.589,0.342,0.39,0.752,0.611,0.509,0.383,0.453,0.405,1.0,0.385,0.738,0.406,0.39,0.524,0.594,0.655,0.653,0.507,0.643,0.675,0.656,0.651,0.596,0.617,0.681,0.384,0.421,0.437,0.365,0.641,0.0,0.642,0.62,0.4,0.507,0.665,0.366,0.701,0.362,0.612,0.688,0.375,0.371,0.393,0.609,0.609,0.381,0.414
0.44,0.436,0.322,0.704,0.414,0.422,0.372,0.719,0.425,0.696,0.385,1.0,0.391,0.709,0.826,0.382,0.398,0.388,0.402,0.368,0.389,0.392,0.406,0.428,0.416,0.398,0.395,0.711,0.467,0.439,0.681,0.405,0.0,0.394,0.384,0.587,0.368,0.418,0.671,0.403,0.699,0.399,0.405,0.713,0.721,0.45,0.398,0.4,0.652,0.459
0.462,0.581,0.347,0.387,0.679,0.6,0.51,0.391,0.455,0.414,0.738,0.391,1.0,0.403,0.394,0.528,0.591,0.687,0.701,0.507,0.702,0.779,0.76,0.647,0.586,0.608,0.753,0.389,0.439,0.452,0.374,0.696,0.0,0.743,0.605,0.402,0.507,0.734,0.387,0.747,0.377,0.598,0.747,0.376,0.374,0.395,0.613,0.61,0.384,0.43
0.416,0.392,0.31,0.743,0.398,0.402,0.366,0.686,0.426,0.72,0.406,0.709,0.403,1.0,0.757,0.38,0.389,0.382,0.379,0.364,0.379,0.4,0.394,0.416,0.397,0.401,0.397,0.725,0.46,0.399,0.693,0.39,0.0,0.38,0.39,0.604,0.365,0.401,0.648,0.404,0.701,0.383,0.403,0.704,0.702,0.417,0.378,0.377,0.65,0.449
0.412,0.398,0.317,0.765,0.402,0.407,0.361,0.676,0.433,0.721,0.39,0.826,0.394,0.757,1.0,0.373,0.387,0.382,0.38,0.359,0.37,0.393,0.391,0.411,0.401,0.396,0.395,0.712,0.456,0.413,0.697,0.389,0.0,0.38,0.388,0.608,0.36,0.401,0.66,0.396,0.701,0.383,0.4,0.689,0.689,0.438,0.395,0.393,0.662,0.459
0.465,0.529,0.33,0.376,0.534,0.546,0.941,0.385,0.442,0.373,0.524,0.382,0.528,0.38,0.373,1.0,0.531,0.566,0.57,0.943,0.567,0.556,0.575,0.546,0.535,0.53,0.535,0.375,0.428,0.468,0.356,0.539,0.0,0.536,0.509,0.382,0.944,0.525,0.375,0.531,0.361,0.541,0.531,0.38,0.378,0.404,0.518,0.519,0.37,0.435
0.468,0.701,0.346,0.383,0.625,0.71,0.525,0.4,0.444,0.384,0.594,0.398,0.591,0.389,0.387,0.531,1.0,0.595,0.594,0.522,0.587,0.595,0.608,0.732,0.729,0.727,0.603,0.394,0.45,0.449,0.368,0.639,0.0,0.605,0.672,0.387,0.522,0.592,0.385,0.601,0.369,0.671,0.603,0.393,0.395,0.382,0.686,0.69,0.389,0.429
0.455,0.595,0.336,0.382,0.655,0.608,0.568,0.388,0.44,0.377,0.655,0.388,0.687,0.382,0.382,0.566,0.595,1.0,0.748,0.562,0.731,0.726,0.738,0.618,0.599,0.587,0.709,0.381,0.438,0.449,0.371,0.692,0.0,0.692,0.574,0.405,0.562,0.685,0.385,0.709,0.368,0.615,0.693,0.375,0.377,0.396,0.607,0.608,0.373,0.44
0.461,0.583,0.338,0.383,0.669,0.594,0.567,0.407,0.433,0.384,0.653,0.402,0.701,0.379,0.38,0.57,0.594,0.748,1.0,0.562,0.743,0.728,0.746,0.603,0.588,0.59,0.71,0.387,0.427,0.461,0.371,0.691,0.0,0.693,0.574,0.408,0.562,0.688,0.401,0.714,0.374,0.618,0.702,0.388,0.388,0.396,0.607,0.608,0.38,0.436
0.456,0.522,0.317,0.363,0.521,0.531,0.983,0.371,0.429,0.36,0.507,0.368,0.507,0.364,0.359,0.943,0.522,0.562,0.562,1.0,0.567,0.545,0.571,0.532,0.525,0.51,0.52,0.359,0.417,0.452,0.344,0.531,0.0,0.524,0.5,0.367,0.99,0.503,0.365,0.514,0.347,0.526,0.517,0.369,0.373,0.407,0.505,0.506,0.353,0.438
0.448,0.586,0.332,0.379,0.659,0.586,0.574,0.386,0.427,0.369,0.643,0.389,0.702,0.379,0.37,0.567,0.587,0.731,0.743,0.567,1.0,0.735,0.76,0.597,0.588,0.595,0.712,0.382,0.419,0.463,0.362,0.704,0.0,0.718,0.559,0.394,0.569,0.699,0.389,0.706,0.366,0.587,0.704,0.383,0.383,0.405,0.611,0.612,0.376,0.433
0.466,0.581,0.355,0.395,0.659,0.592,0.548,0.389,0.457,0.4,0.675,0.392,0.779,0.4,0.393,0.556,0.595,0.726,0.728,0.545,0.735,1.0,0.915,0.626,0.595,0.604,0.737,0.393,0.436,0.456,0.371,0.709,0.0,0.847,0.576,0.405,0.548,0.712,0.387,0.737,0.373,0.592,0.752,0.383,0.384,0.395,0.604,0.601,0.386,0.436
0.475,0.591,0.352,0.394,0.666,0.6,0.575,0.403,0.452,0.39,0.656,0.406,0.76,0.394,0.391,0.575,0.608,0.738,0.746,0.571,0.76,0.915,1.0,0.608,0.608,0.593,0.746,0.395,0.443,0.465,0.382,0.733,0.0,0.855,0.564,0.4,0.572,0.729,0.407,0.723,0.387,0.601,0.732,0.394,0.395,0.407,0.606,0.607,0.388,0.445
0.478,0.789,0.357,0.406,0.635,0.796,0.536,0.409,0.464,0.417,0.651,0.428,0.647,0.416,0.411,0.546,0.732,0.618,0.603,0.532,0.597,0.626,0.608,1.0,0.828,0.738,0.616,0.402,0.458,0.466,0.373,0.614,0.0,0.592,0.792,0.412,0.532,0.609,0.386,0.627,0.377,0.704,0.624,0.394,0.398,0.409,0.697,0.696,0.4,0.449
0.467,0.801,0.35,0.397,0.637,0.811,0.528,0.401,0.441,0.403,0.596,0.416,0.586,0.397,0.401,0.535,0.729,0.599,0.588,0.525,0.588,0.595,0.608,0.828,1.0,0.743,0.599,0.401,0.448,0.442,0.377,0.625,0.0,0.591,0.761,0.398,0.527,0.603,0.395,0.6,0.38,0.679,0.608,0.406,0.404,0.411,0.684,0.686,0.412,0.438
0.456,0.694,0.339,0.39,0.618,0.687,0.512,0.377,0.436,0.403,0.617,0.398,0.608,0.401,0.396,0.53,0.727,0.587,0.59,0.51,0.595,0.604,0.593,0.738,0.743,1.0,0.603,0.384,0.426,0.435,0.372,0.601,0.0,0.576,0.678,0.394,0.51,0.593,0.378,0.622,0.373,0.665,0.603,0.392,0.387,0.389,0.693,0.692,0.403,0.418
0.463,0.585,0.352,0.395,0.685,0.603,0.522,0.396,0.453,0.394,0.681,0.395,0.753,0.397,0.395,0.535,0.603,0.709,0.71,0.52,0.712,0.737,0.746,0.616,0.599,0.603,1.0,0.396,0.441,0.454,0.376,0.722,0.0,0.721,0.564,0.393,0.519,0.81,0.387,0.767,0.371,0.611,0.835,0.386,0.384,0.408,0.616,0.614,0.387,0.438
0.43,0.404,0.322,0.74,0.404,0.411,0.361,0.898,0.419,0.721,0.384,0.711,0.389,0.725,0.712,0.375,0.394,0.381,0.387,0.359,0.382,0.393,0.395,0.402,0.401,0.384,0.396,1.0,0.475,0.414,0.706,0.396,0.0,0.381,0.371,0.599,0.358,0.418,0.659,0.397,0.713,0.385,0.395,0.951,0.933,0.43,0.383,0.381,0.663,0.446
0.5,0.457,0.362,0.456,0.453,0.462,0.421,0.469,0.49,0.471,0.421,0.467,0.439,0.46,0.456,0.428,0.45,0.438,0.427,0.417,0.419,0.436,0.443,0.458,0.448,0.426,0.441,0.475,1.0,0.474,0.436,0.452,0.0,0.437,0.422,0.457,0.416,0.439,0.445,0.445,0.432,0.431,0.432,0.456,0.46,0.55,0.433,0.431,0.444,0.81
0.555,0.455,0.363,0.407,0.457,0.459,0.454,0.43,0.587,0.411,0.437,0.439,0.452,0.399,0.413,0.468,0.449,0.449,0.461,0.452,0.463,0.456,0.465,0.466,0.442,0.435,0.454,0.414,0.474,1.0,0.402,0.451,0.0,0.444,0.43,0.419,0.453,0.461,0.408,0.465,0.41,0.451,0.455,0.419,0.415,0.464,0.452,0.452,0.41,0.492
0.406,0.384,0.301,0.699,0.386,0.384,0.347,0.705,0.408,0.731,0.365,0.681,0.374,0.693,0.697,0.356,0.368,0.371,0.371,0.344,0.362,0.371,0.382,0.373,0.377,0.372,0.376,0.706,0.436,0.402,1.0,0.38,0.0,0.375,0.354,0.586,0.346,0.382,0.651,0.379,0.886,0.369,0.372,0.708,0.706,0.42,0.362,0.363,0.634,0.428
0.453,0.595,0.35,0.393,0.675,0.61,0.534,0.398,0.435,0.382,0.641,0.405,0.696,0.39,0.389,0.539,0.639,0.692,0.691,0.531,0.704,0.709,0.733,0.614,0.625,0.601,0.722,0.396,0.452,0.451,0.38,1.0,0.0,0.708,0.553,0.385,0.53,0.741,0.398,0.726,0.374,0.608,0.736,0.393,0.401,0.405,0.629,0.63,0.379,0.432
0.0,0.0,0.0,0.0,0.0,0.0,0.0,0.0,0.0,0.0,0.0,0.0,0.0,0.0,0.0,0.0,0.0,0.0,0.0,0.0,0.0,0.0,0.0,0.0,0.0,0.0,0.0,0.0,0.0,0.0,0.0,0.0,1.0,0.0,0.0,0.0,0.0,0.0,0.0,0.0,0.0,0.0,0.0,0.0,0.0,0.0,0.0,0.0,0.0,0.0
0.461,0.578,0.346,0.379,0.657,0.6,0.526,0.388,0.439,0.381,0.642,0.394,0.743,0.38,0.38,0.536,0.605,0.692,0.693,0.524,0.718,0.847,0.855,0.592,0.591,0.576,0.721,0.381,0.437,0.444,0.375,0.708,0.0,1.0,0.553,0.408,0.524,0.716,0.401,0.711,0.375,0.587,0.726,0.38,0.386,0.396,0.597,0.598,0.377,0.437
0.439,0.722,0.318,0.373,0.591,0.74,0.506,0.377,0.429,0.387,0.62,0.384,0.605,0.39,0.388,0.509,0.672,0.574,0.574,0.5,0.559,0.576,0.564,0.792,0.761,0.678,0.564,0.371,0.422,0.43,0.354,0.553,0.0,0.553,1.0,0.381,0.502,0.555,0.364,0.578,0.351,0.638,0.584,0.365,0.37,0.383,0.635,0.635,0.37,0.409
0.426,0.387,0.316,0.599,0.399,0.406,0.371,0.593,0.443,0.612,0.4,0.587,0.402,0.604,0.608,0.382,0.387,0.405,0.408,0.367,0.394,0.405,0.4,0.412,0.398,0.394,0.393,0.599,0.457,0.419,0.586,0.385,0.0,0.408,0.381,1.0,0.365,0.389,0.622,0.404,0.586,0.391,0.398,0.584,0.588,0.399,0.38,0.378,0.584,0.449
0.456,0.522,0.318,0.363,0.519,0.531,0.986,0.37,0.429,0.362,0.507,0.368,0.507,0.365,0.36,0.944,0.522,0.562,0.562,0.99,0.569,0.548,0.572,0.532,0.527,0.51,0.519,0.358,0.416,0.453,0.346,0.53,0.0,0.524,0.502,0.365,1.0,0.503,0.366,0.515,0.349,0.526,0.517,0.37,0.372,0.406,0.504,0.505,0.353,0.436
0.474,0.608,0.343,0.395,0.695,0.618,0.506,0.428,0.451,0.393,0.665,0.418,0.734,0.401,0.401,0.525,0.592,0.685,0.688,0.503,0.699,0.712,0.729,0.609,0.603,0.593,0.81,0.418,0.439,0.461,0.382,0.741,0.0,0.716,0.555,0.389,0.503,1.0,0.41,0.745,0.387,0.628,0.838,0.421,0.402,0.404,0.633,0.634,0.404,0.441
0.413,0.386,0.301,0.634,0.393,0.409,0.371,0.676,0.411,0.671,0.366,0.671,0.387,0.648,0.66,0.375,0.385,0.385,0.401,0.365,0.389,0.387,0.407,0.386,0.395,0.378,0.387,0.659,0.445,0.408,0.651,0.398,0.0,0.401,0.364,0.622,0.366,0.41,1.0,0.394,0.651,0.384,0.396,0.66,0.666,0.423,0.379,0.38,0.623,0.442
0.465,0.596,0.353,0.396,0.694,0.61,0.518,0.404,0.458,0.402,0.701,0.403,0.747,0.404,0.396,0.531,0.601,0.709,0.714,0.514,0.706,0.737,0.723,0.627,0.6,0.622,0.767,0.397,0.445,0.465,0.379,0.726,0.0,0.711,0.578,0.404,0.515,0.745,0.394,1.0,0.379,0.627,0.773,0.389,0.393,0.411,0.64,0.638,0.392,0.451
0.408,0.388,0.305,0.709,0.39,0.384,0.35,0.708,0.406,0.73,0.362,0.699,0.377,0.701,0.701,0.361,0.369,0.368,0.374,0.347,0.366,0.373,0.387,0.377,0.38,0.373,0.371,0.713,0.432,0.41,0.886,0.374,0.0,0.375,0.351,0.586,0.349,0.387,0.651,0.379,1.0,0.372,0.369,0.725,0.72,0.423,0.357,0.358,0.641,0.432
0.46,0.67,0.344,0.382,0.631,0.68,0.528,0.389,0.451,0.389,0.612,0.399,0.598,0.383,0.383,0.541,0.671,0.615,0.618,0.526,0.587,0.592,0.601,0.704,0.679,0.665,0.611,0.385,0.431,0.451,0.369,0.608,0.0,0.587,0.638,0.391,0.526,0.628,0.384,0.627,0.372,1.0,0.633,0.386,0.385,0.391,0.718,0.721,0.379,0.428
0.461,0.586,0.35,0.401,0.705,0.612,0.52,0.399,0.464,0.397,0.688,0.405,0.747,0.403,0.4,0.531,0.603,0.693,0.702,0.517,0.704,0.752,0.732,0.624,0.608,0.603,0.835,0.395,0.432,0.455,0.372,0.736,0.0,0.726,0.584,0.398,0.517,0.838,0.396,0.773,0.369,0.633,1.0,0.386,0.389,0.411,0.627,0.626,0.387,0.436
0.422,0.423,0.322,0.72,0.398,0.41,0.372,0.906,0.406,0.702,0.375,0.713,0.376,0.704,0.689,0.38,0.393,0.375,0.388,0.369,0.383,0.383,0.394,0.394,0.406,0.392,0.386,0.951,0.456,0.419,0.708,0.393,0.0,0.38,0.365,0.584,0.37,0.421,0.66,0.389,0.725,0.386,0.386,1.0,0.958,0.442,0.377,0.378,0.664,0.451
0.44,0.428,0.316,0.719,0.407,0.41,0.376,0.893,0.406,0.713,0.371,0.721,0.374,0.702,0.689,0.378,0.395,0.377,0.388,0.373,0.383,0.384,0.395,0.398,0.404,0.387,0.384,0.933,0.46,0.415,0.706,0.401,0.0,0.386,0.37,0.588,0.372,0.402,0.666,0.393,0.72,0.385,0.389,0.958,1.0,0.441,0.382,0.383,0.656,0.453
0.44,0.419,0.329,0.434,0.417,0.413,0.406,0.44,0.428,0.43,0.393,0.45,0.395,0.417,0.438,0.404,0.382,0.396,0.396,0.407,0.405,0.395,0.407,0.409,0.411,0.389,0.408,0.43,0.55,0.464,0.42,0.405,0.0,0.396,0.383,0.399,0.406,0.404,0.423,0.411,0.423,0.391,0.411,0.442,0.441,1.0,0.419,0.419,0.412,0.618
0.458,0.664,0.35,0.377,0.652,0.689,0.506,0.375,0.44,0.382,0.609,0.398,0.613,0.378,0.395,0.518,0.686,0.607,0.607,0.505,0.611,0.604,0.606,0.697,0.684,0.693,0.616,0.383,0.433,0.452,0.362,0.629,0.0,0.597,0.635,0.38,0.504,0.633,0.379,0.64,0.357,0.718,0.627,0.377,0.382,0.419,1.0,0.994,0.383,0.44
0.455,0.668,0.348,0.376,0.653,0.694,0.507,0.376,0.438,0.379,0.609,0.4,0.61,0.377,0.393,0.519,0.69,0.608,0.608,0.506,0.612,0.601,0.607,0.696,0.686,0.692,0.614,0.381,0.431,0.452,0.363,0.63,0.0,0.598,0.635,0.378,0.505,0.634,0.38,0.638,0.358,0.721,0.626,0.378,0.383,0.419,0.994,1.0,0.382,0.44
0.417,0.409,0.328,0.644,0.407,0.404,0.355,0.647,0.408,0.664,0.381,0.652,0.384,0.65,0.662,0.37,0.389,0.373,0.38,0.353,0.376,0.386,0.388,0.4,0.412,0.403,0.387,0.663,0.444,0.41,0.634,0.379,0.0,0.377,0.37,0.584,0.353,0.404,0.623,0.392,0.641,0.379,0.387,0.664,0.656,0.412,0.383,0.382,1.0,0.436
0.493,0.448,0.352,0.45,0.428,0.454,0.44,0.459,0.491,0.448,0.414,0.459,0.43,0.449,0.459,0.435,0.429,0.44,0.436,0.438,0.433,0.436,0.445,0.449,0.438,0.418,0.438,0.446,0.81,0.492,0.428,0.432,0.0,0.437,0.409,0.449,0.436,0.441,0.442,0.451,0.432,0.428,0.436,0.451,0.453,0.618,0.44,0.44,0.436,1.0
