GCF_000163235.1_ASM16323v1_genomic.fna,GCF_000164555.1_ASM16455v1_genomic.fna,GCF_000208545.1_ASM20854v2_genomic.fna,GCF_000233875.1_ASM23387v1_genomic.fna,GCF_000249735.1_ASM24973v2_genomic.fna,GCF_000261145.1_Esch_coli_M919_V2_genomic.fna,GCF_000267705.2_ASM26770v2_genomic.fna,GCF_000350665.1_Esch_coli_KTE5_V1_genomic.fna,GCF_000351625.1_Esch_coli_KTE66_V1_genomic.fna,GCF_000352285.1_Esch_coli_KTE46_V1_genomic.fna,GCF_000358895.1_ASM35889v1_genomic.fna,GCF_000456385.1_Esch_coli_HVH_26_4-5703913_V1_genomic.fna,GCF_000458195.1_Esch_coli_HVH_147_4-5893887_V1_genomic.fna,GCF_000459755.1_Esch_coli_KOEGE_58_171a_V1_genomic.fna,GCF_000460055.1_Esch_coli_UMEA_3053-1_V1_genomic.fna,GCF_000462165.2_ASM46216v2_genomic.fna,GCF_000601135.1_ASM60113v1_genomic.fna,GCF_000614595.1_Ec2010EL1058_genomic.fna,GCF_000617745.1_Ec2010C-4529_genomic.fna,GCF_000618265.2_EcF6751_genomic.fna,GCF_000619005.2_Ec2009C-4052_genomic.fna,GCF_000619105.1_Ec2009C-4780_genomic.fna,GCF_000619765.2_Ec2009C-3279_genomic.fna,GCF_000687005.1_ASM68700v1_genomic.fna,GCF_000687025.1_ASM68702v1_genomic.fna,GCF_000700125.1_ASM70012v1_genomic.fna,GCF_000753315.1_FHI35_genomic.fna,GCF_000776375.1_ASM77637v1_genomic.fna,GCF_000779395.1_ASM77939v1_genomic.fna,GCF_000780315.1_ASM78031v1_genomic.fna,GCF_000781995.1_ASM78199v1_genomic.fna,GCF_000986765.1_ASM98676v1_genomic.fna,GCF_001041375.1_ViralProj287958_genomic.fna,GCF_001265335.1_302014_genomic.fna,GCF_001265625.1_100854_genomic.fna,GCF_001267345.1_303289_genomic.fna,GCF_001309985.1_ASM130998v1_genomic.fna,GCF_001521695.1_ASM152169v1_genomic.fna,GCF_001592595.1_ASM159259v1_genomic.fna,GCF_001614975.1_ASM161497v1_genomic.fna,GCF_001692775.1_ASM169277v1_genomic.fna,GCF_001748915.1_ASM174891v1_genomic.fna,GCF_001749235.1_ASM174923v1_genomic.fna,GCF_001881155.1_ASM188115v1_genomic.fna,GCF_001881345.1_ASM188134v1_genomic.fna,GCF_001892405.1_ASM189240v1_genomic.fna,GCF_001892585.1_ASM189258v1_genomic.fna,GCF_001893985.1_ASM189398v1_genomic.fna,GCF_002001595.1_ASM200159v1_genomic.fna,GCF_002002145.1_ASM200214v1_genomic.fna
1.0,0.468,0.403,0.409,0.448,0.443,0.466,0.423,0.573,0.425,0.443,0.419,0.445,0.404,0.389,0.466,0.468,0.445,0.435,0.461,0.426,0.443,0.453,0.455,0.447,0.446,0.454,0.414,0.491,0.567,0.377,0.448,0.0,0.443,0.409,0.407,0.463,0.457,0.398,0.442,0.382,0.439,0.445,0.415,0.431,0.448,0.422,0.422,0.399,0.492
0.468,1.0,0.357,0.397,0.635,0.786,0.511,0.418,0.433,0.408,0.606,0.417,0.61,0.392,0.387,0.518,0.716,0.62,0.601,0.506,0.583,0.62,0.611,0.805,0.815,0.714,0.62,0.407,0.463,0.444,0.366,0.644,0.0,0.611,0.725,0.389,0.51,0.644,0.383,0.599,0.373,0.685,0.627,0.422,0.421,0.407,0.675,0.679,0.409,0.454
0.403,0.357,1.0,0.328,0.338,0.34,0.348,0.326,0.385,0.343,0.333,0.341,0.353,0.331,0.326,0.354,0.338,0.338,0.342,0.345,0.32,0.33,0.325,0.347,0.344,0.342,0.343,0.331,0.37,0.387,0.3,0.346,0.0,0.335,0.303,0.328,0.346,0.343,0.307,0.349,0.311,0.332,0.358,0.331,0.324,0.318,0.343,0.341,0.341,0.375
0.409,0.397,0.328,1.0,0.384,0.39,0.382,0.705,0.403,0.738,0.382,0.741,0.386,0.77,0.764,0.387,0.399,0.377,0.375,0.378,0.37,0.371,0.374,0.395,0.386,0.392,0.374,0.759,0.469,0.397,0.713,0.392,0.0,0.371,0.355,0.646,0.38,0.38,0.672,0.377,0.732,0.376,0.382,0.739,0.736,0.406,0.388,0.388,0.675,0.466
0.448,0.635,0.338,0.384,1.0,0.637,0.523,0.398,0.447,0.4,0.757,0.401,0.692,0.39,0.4,0.532,0.643,0.653,0.667,0.52,0.667,0.68,0.674,0.635,0.633,0.611,0.692,0.396,0.456,0.448,0.366,0.686,0.0,0.681,0.586,0.38,0.523,0.684,0.377,0.69,0.375,0.632,0.696,0.391,0.401,0.41,0.65,0.652,0.388,0.444
0.443,0.786,0.34,0.39,0.637,1.0,0.528,0.405,0.435,0.405,0.62,0.395,0.639,0.394,0.391,0.534,0.711,0.613,0.619,0.524,0.594,0.617,0.616,0.815,0.808,0.709,0.618,0.398,0.454,0.435,0.357,0.63,0.0,0.624,0.75,0.386,0.526,0.628,0.386,0.62,0.366,0.689,0.639,0.389,0.39,0.398,0.688,0.692,0.392,0.456
0.466,0.511,0.348,0.382,0.523,0.528,1.0,0.399,0.461,0.375,0.494,0.383,0.523,0.378,0.376,0.953,0.523,0.566,0.539,0.987,0.566,0.562,0.572,0.525,0.522,0.51,0.542,0.384,0.44,0.457,0.357,0.541,0.0,0.544,0.487,0.397,0.987,0.532,0.377,0.525,0.362,0.523,0.54,0.386,0.393,0.397,0.503,0.503,0.36,0.44
0.423,0.418,0.326,0.705,0.398,0.405,0.399,1.0,0.409,0.706,0.383,0.691,0.398,0.705,0.68,0.396,0.412,0.389,0.392,0.396,0.38,0.396,0.397,0.417,0.407,0.389,0.4,0.894,0.471,0.412,0.682,0.402,0.0,0.386,0.367,0.611,0.396,0.429,0.667,0.401,0.686,0.399,0.409,0.899,0.886,0.424,0.384,0.384,0.645,0.47
0.573,0.433,0.385,0.403,0.447,0.435,0.461,0.409,1.0,0.42,0.447,0.408,0.46,0.409,0.406,0.47,0.442,0.444,0.444,0.461,0.429,0.456,0.446,0.444,0.43,0.432,0.462,0.412,0.486,0.59,0.386,0.449,0.0,0.453,0.4,0.42,0.463,0.467,0.387,0.456,0.387,0.432,0.466,0.41,0.407,0.43,0.433,0.434,0.397,0.497
0.425,0.408,0.343,0.738,0.4,0.405,0.375,0.706,0.42,1.0,0.409,0.692,0.412,0.723,0.696,0.386,0.405,0.379,0.382,0.374,0.362,0.379,0.371,0.402,0.398,0.398,0.392,0.73,0.477,0.415,0.71,0.382,0.0,0.38,0.37,0.626,0.377,0.394,0.668,0.403,0.712,0.387,0.394,0.707,0.713,0.419,0.396,0.394,0.674,0.477
0.443,0.606,0.333,0.382,0.757,0.62,0.494,0.383,0.447,0.409,1.0,0.389,0.723,0.39,0.38,0.509,0.615,0.659,0.666,0.493,0.638,0.673,0.663,0.628,0.597,0.617,0.681,0.392,0.437,0.44,0.354,0.665,0.0,0.663,0.623,0.382,0.497,0.674,0.369,0.71,0.357,0.613,0.695,0.379,0.382,0.39,0.616,0.614,0.377,0.436
0.419,0.417,0.341,0.741,0.401,0.395,0.383,0.691,0.408,0.692,0.389,1.0,0.389,0.723,0.858,0.392,0.408,0.373,0.376,0.378,0.37,0.373,0.371,0.413,0.393,0.392,0.379,0.715,0.479,0.413,0.642,0.386,0.0,0.38,0.367,0.625,0.38,0.4,0.656,0.389,0.661,0.374,0.392,0.706,0.704,0.406,0.391,0.391,0.641,0.474
0.445,0.61,0.353,0.386,0.692,0.639,0.523,0.398,0.46,0.412,0.723,0.389,1.0,0.391,0.381,0.532,0.619,0.687,0.713,0.521,0.687,0.772,0.759,0.63,0.605,0.625,0.742,0.405,0.447,0.461,0.357,0.714,0.0,0.759,0.597,0.378,0.523,0.729,0.37,0.758,0.358,0.618,0.75,0.39,0.391,0.395,0.634,0.632,0.38,0.453
0.404,0.392,0.331,0.77,0.39,0.394,0.378,0.705,0.409,0.723,0.39,0.723,0.391,1.0,0.747,0.387,0.396,0.373,0.374,0.378,0.361,0.37,0.366,0.394,0.387,0.382,0.383,0.747,0.48,0.401,0.683,0.382,0.0,0.364,0.366,0.628,0.38,0.388,0.656,0.381,0.7,0.379,0.383,0.73,0.728,0.417,0.38,0.38,0.664,0.476
0.389,0.387,0.326,0.764,0.4,0.391,0.376,0.68,0.406,0.696,0.38,0.858,0.381,0.747,1.0,0.385,0.397,0.371,0.365,0.376,0.361,0.373,0.37,0.385,0.381,0.378,0.376,0.713,0.468,0.397,0.675,0.378,0.0,0.367,0.361,0.626,0.378,0.394,0.66,0.385,0.692,0.37,0.388,0.704,0.7,0.404,0.381,0.381,0.653,0.47
0.466,0.518,0.354,0.387,0.532,0.534,0.953,0.396,0.47,0.386,0.509,0.392,0.532,0.387,0.385,1.0,0.533,0.559,0.544,0.954,0.543,0.559,0.558,0.53,0.53,0.516,0.546,0.394,0.448,0.47,0.357,0.537,0.0,0.546,0.492,0.406,0.958,0.537,0.375,0.532,0.362,0.518,0.547,0.39,0.393,0.395,0.515,0.515,0.368,0.45
0.468,0.716,0.338,0.399,0.643,0.711,0.523,0.412,0.442,0.405,0.615,0.408,0.619,0.396,0.397,0.533,1.0,0.618,0.613,0.519,0.589,0.632,0.617,0.743,0.725,0.738,0.612,0.402,0.454,0.456,0.366,0.651,0.0,0.629,0.658,0.409,0.521,0.615,0.395,0.614,0.367,0.68,0.628,0.404,0.414,0.395,0.673,0.677,0.391,0.446
0.445,0.62,0.338,0.377,0.653,0.613,0.566,0.389,0.444,0.379,0.659,0.373,0.687,0.373,0.371,0.559,0.618,1.0,0.747,0.56,0.713,0.719,0.708,0.622,0.601,0.604,0.707,0.383,0.441,0.445,0.349,0.696,0.0,0.685,0.572,0.388,0.564,0.681,0.368,0.685,0.353,0.625,0.703,0.385,0.387,0.394,0.612,0.613,0.366,0.432
0.435,0.601,0.342,0.375,0.667,0.619,0.539,0.392,0.444,0.382,0.666,0.376,0.713,0.374,0.365,0.544,0.613,0.747,1.0,0.535,0.708,0.739,0.714,0.621,0.602,0.601,0.721,0.391,0.438,0.443,0.348,0.709,0.0,0.699,0.582,0.383,0.536,0.697,0.362,0.719,0.352,0.615,0.717,0.383,0.385,0.381,0.617,0.618,0.364,0.434
0.461,0.506,0.345,0.378,0.52,0.524,0.987,0.396,0.461,0.374,0.493,0.378,0.521,0.378,0.376,0.954,0.519,0.56,0.535,1.0,0.564,0.559,0.566,0.517,0.518,0.504,0.538,0.383,0.438,0.457,0.357,0.536,0.0,0.538,0.482,0.396,0.989,0.53,0.374,0.522,0.362,0.522,0.539,0.383,0.39,0.397,0.502,0.502,0.359,0.439
0.426,0.583,0.32,0.37,0.667,0.594,0.566,0.38,0.429,0.362,0.638,0.37,0.687,0.361,0.361,0.543,0.589,0.713,0.708,0.564,1.0,0.73,0.751,0.594,0.58,0.578,0.709,0.372,0.417,0.43,0.345,0.703,0.0,0.716,0.556,0.373,0.562,0.685,0.37,0.695,0.357,0.597,0.697,0.375,0.381,0.4,0.602,0.603,0.351,0.418
0.443,0.62,0.33,0.371,0.68,0.617,0.562,0.396,0.456,0.379,0.673,0.373,0.772,0.37,0.373,0.559,0.632,0.719,0.739,0.559,0.73,1.0,0.926,0.618,0.619,0.593,0.749,0.384,0.442,0.454,0.347,0.736,0.0,0.876,0.575,0.368,0.561,0.732,0.368,0.739,0.354,0.627,0.759,0.384,0.386,0.391,0.607,0.609,0.369,0.443
0.453,0.611,0.325,0.374,0.674,0.616,0.572,0.397,0.446,0.371,0.663,0.371,0.759,0.366,0.37,0.558,0.617,0.708,0.714,0.566,0.751,0.926,1.0,0.614,0.614,0.588,0.742,0.382,0.436,0.441,0.352,0.735,0.0,0.867,0.574,0.37,0.566,0.721,0.376,0.724,0.361,0.625,0.739,0.381,0.388,0.39,0.601,0.603,0.363,0.432
0.455,0.805,0.347,0.395,0.635,0.815,0.525,0.417,0.444,0.402,0.628,0.413,0.63,0.394,0.385,0.53,0.743,0.622,0.621,0.517,0.594,0.618,0.614,1.0,0.809,0.733,0.622,0.406,0.452,0.441,0.356,0.644,0.0,0.618,0.764,0.392,0.524,0.621,0.376,0.615,0.36,0.693,0.636,0.397,0.402,0.392,0.687,0.691,0.384,0.45
0.447,0.815,0.344,0.386,0.633,0.808,0.522,0.407,0.43,0.398,0.597,0.393,0.605,0.387,0.381,0.53,0.725,0.601,0.602,0.518,0.58,0.619,0.614,0.809,1.0,0.725,0.611,0.391,0.448,0.427,0.358,0.639,0.0,0.611,0.737,0.386,0.52,0.62,0.376,0.592,0.365,0.68,0.625,0.405,0.402,0.399,0.668,0.671,0.397,0.438
0.446,0.714,0.342,0.392,0.611,0.709,0.51,0.389,0.432,0.398,0.617,0.392,0.625,0.382,0.378,0.516,0.738,0.604,0.601,0.504,0.578,0.593,0.588,0.733,0.725,1.0,0.601,0.394,0.432,0.437,0.353,0.616,0.0,0.593,0.675,0.378,0.506,0.609,0.37,0.619,0.353,0.672,0.607,0.398,0.4,0.383,0.687,0.687,0.394,0.434
0.454,0.62,0.343,0.374,0.692,0.618,0.542,0.4,0.462,0.392,0.681,0.379,0.742,0.383,0.376,0.546,0.612,0.707,0.721,0.538,0.709,0.749,0.742,0.622,0.611,0.601,1.0,0.391,0.45,0.457,0.362,0.729,0.0,0.738,0.572,0.382,0.542,0.834,0.359,0.75,0.368,0.622,0.842,0.392,0.388,0.397,0.614,0.616,0.372,0.448
0.414,0.407,0.331,0.759,0.396,0.398,0.384,0.894,0.412,0.73,0.392,0.715,0.405,0.747,0.713,0.394,0.402,0.383,0.391,0.383,0.372,0.384,0.382,0.406,0.391,0.394,0.391,1.0,0.476,0.411,0.682,0.394,0.0,0.379,0.369,0.613,0.385,0.421,0.65,0.401,0.699,0.389,0.395,0.955,0.931,0.415,0.395,0.395,0.675,0.467
0.491,0.463,0.37,0.469,0.456,0.454,0.44,0.471,0.486,0.477,0.437,0.479,0.447,0.48,0.468,0.448,0.454,0.441,0.438,0.438,0.417,0.442,0.436,0.452,0.448,0.432,0.45,0.476,1.0,0.476,0.434,0.452,0.0,0.448,0.409,0.469,0.44,0.457,0.453,0.444,0.438,0.433,0.454,0.471,0.476,0.537,0.436,0.437,0.456,0.827
0.567,0.444,0.387,0.397,0.448,0.435,0.457,0.412,0.59,0.415,0.44,0.413,0.461,0.401,0.397,0.47,0.456,0.445,0.443,0.457,0.43,0.454,0.441,0.441,0.427,0.437,0.457,0.411,0.476,1.0,0.38,0.453,0.0,0.45,0.405,0.408,0.458,0.459,0.382,0.459,0.385,0.439,0.465,0.408,0.407,0.448,0.44,0.442,0.39,0.495
0.377,0.366,0.3,0.713,0.366,0.357,0.357,0.682,0.386,0.71,0.354,0.642,0.357,0.683,0.675,0.357,0.366,0.349,0.348,0.357,0.345,0.347,0.352,0.356,0.358,0.353,0.362,0.682,0.434,0.38,1.0,0.365,0.0,0.35,0.326,0.602,0.357,0.364,0.661,0.356,0.898,0.365,0.358,0.683,0.687,0.404,0.351,0.351,0.631,0.435
0.448,0.644,0.346,0.392,0.686,0.63,0.541,0.402,0.449,0.382,0.665,0.386,0.714,0.382,0.378,0.537,0.651,0.696,0.709,0.536,0.703,0.736,0.735,0.644,0.639,0.616,0.729,0.394,0.452,0.453,0.365,1.0,0.0,0.729,0.579,0.379,0.54,0.736,0.38,0.733,0.368,0.626,0.741,0.397,0.401,0.4,0.624,0.626,0.367,0.445
0.0,0.0,0.0,0.0,0.0,0.0,0.0,0.0,0.0,0.0,0.0,0.0,0.0,0.0,0.0,0.0,0.0,0.0,0.0,0.0,0.0,0.0,0.0,0.0,0.0,0.0,0.0,0.0,0.0,0.0,0.0,0.0,1.0,0.0,0.0,0.0,0.0,0.0,0.0,0.0,0.0,0.0,0.0,0.0,0.0,0.0,0.0,0.0,0.0,0.0
0.443,0.611,0.335,0.371,0.681,0.624,0.544,0.386,0.453,0.38,0.663,0.38,0.759,0.364,0.367,0.546,0.629,0.685,0.699,0.538,0.716,0.876,0.867,0.618,0.611,0.593,0.738,0.379,0.448,0.45,0.35,0.729,0.0,1.0,0.571,0.385,0.539,0.726,0.382,0.728,0.347,0.615,0.739,0.377,0.386,0.383,0.619,0.62,0.36,0.44
0.409,0.725,0.303,0.355,0.586,0.75,0.487,0.367,0.4,0.37,0.623,0.367,0.597,0.366,0.361,0.492,0.658,0.572,0.582,0.482,0.556,0.575,0.574,0.764,0.737,0.675,0.572,0.369,0.409,0.405,0.326,0.579,0.0,0.571,1.0,0.353,0.483,0.574,0.338,0.586,0.327,0.639,0.591,0.357,0.361,0.359,0.638,0.635,0.355,0.408
0.407,0.389,0.328,0.646,0.38,0.386,0.397,0.611,0.42,0.626,0.382,0.625,0.378,0.628,0.626,0.406,0.409,0.388,0.383,0.396,0.373,0.368,0.37,0.392,0.386,0.378,0.382,0.613,0.469,0.408,0.602,0.379,0.0,0.385,0.353,1.0,0.397,0.373,0.626,0.376,0.605,0.377,0.385,0.616,0.615,0.404,0.372,0.372,0.612,0.471
0.463,0.51,0.346,0.38,0.523,0.526,0.987,0.396,0.463,0.377,0.497,0.38,0.523,0.38,0.378,0.958,0.521,0.564,0.536,0.989,0.562,0.561,0.566,0.524,0.52,0.506,0.542,0.385,0.44,0.458,0.357,0.54,0.0,0.539,0.483,0.397,1.0,0.532,0.373,0.524,0.362,0.523,0.54,0.386,0.392,0.396,0.502,0.502,0.36,0.44
0.457,0.644,0.343,0.38,0.684,0.628,0.532,0.429,0.467,0.394,0.674,0.4,0.729,0.388,0.394,0.537,0.615,0.681,0.697,0.53,0.685,0.732,0.721,0.621,0.62,0.609,0.834,0.421,0.457,0.459,0.364,0.736,0.0,0.726,0.574,0.373,0.532,1.0,0.383,0.739,0.368,0.627,0.863,0.414,0.4,0.406,0.63,0.632,0.387,0.455
0.398,0.383,0.307,0.672,0.377,0.386,0.377,0.667,0.387,0.668,0.369,0.656,0.37,0.656,0.66,0.375,0.395,0.368,0.362,0.374,0.37,0.368,0.376,0.376,0.376,0.37,0.359,0.65,0.453,0.382,0.661,0.38,0.0,0.382,0.338,0.626,0.373,0.383,1.0,0.369,0.671,0.374,0.379,0.659,0.663,0.409,0.373,0.373,0.624,0.453
0.442,0.599,0.349,0.377,0.69,0.62,0.525,0.401,0.456,0.403,0.71,0.389,0.758,0.381,0.385,0.532,0.614,0.685,0.719,0.522,0.695,0.739,0.724,0.615,0.592,0.619,0.75,0.401,0.444,0.459,0.356,0.733,0.0,0.728,0.586,0.376,0.524,0.739,0.369,1.0,0.359,0.613,0.756,0.388,0.39,0.398,0.643,0.642,0.37,0.45
0.382,0.373,0.311,0.732,0.375,0.366,0.362,0.686,0.387,0.712,0.357,0.661,0.358,0.7,0.692,0.362,0.367,0.353,0.352,0.362,0.357,0.354,0.361,0.36,0.365,0.353,0.368,0.699,0.438,0.385,0.898,0.368,0.0,0.347,0.327,0.605,0.362,0.368,0.671,0.359,1.0,0.374,0.363,0.704,0.702,0.405,0.354,0.354,0.642,0.436
0.439,0.685,0.332,0.376,0.632,0.689,0.523,0.399,0.432,0.387,0.613,0.374,0.618,0.379,0.37,0.518,0.68,0.625,0.615,0.522,0.597,0.627,0.625,0.693,0.68,0.672,0.622,0.389,0.433,0.439,0.365,0.626,0.0,0.615,0.639,0.377,0.523,0.627,0.374,0.613,0.374,1.0,0.645,0.393,0.391,0.392,0.695,0.699,0.381,0.428
0.445,0.627,0.358,0.382,0.696,0.639,0.54,0.409,0.466,0.394,0.695,0.392,0.75,0.383,0.388,0.547,0.628,0.703,0.717,0.539,0.697,0.759,0.739,0.636,0.625,0.607,0.842,0.395,0.454,0.465,0.358,0.741,0.0,0.739,0.591,0.385,0.54,0.863,0.379,0.756,0.363,0.645,1.0,0.392,0.392,0.404,0.634,0.636,0.378,0.459
0.415,0.422,0.331,0.739,0.391,0.389,0.386,0.899,0.41,0.707,0.379,0.706,0.39,0.73,0.704,0.39,0.404,0.385,0.383,0.383,0.375,0.384,0.381,0.397,0.405,0.398,0.392,0.955,0.471,0.408,0.683,0.397,0.0,0.377,0.357,0.616,0.386,0.414,0.659,0.388,0.704,0.393,0.392,1.0,0.95,0.422,0.382,0.382,0.678,0.463
0.431,0.421,0.324,0.736,0.401,0.39,0.393,0.886,0.407,0.713,0.382,0.704,0.391,0.728,0.7,0.393,0.414,0.387,0.385,0.39,0.381,0.386,0.388,0.402,0.402,0.4,0.388,0.931,0.476,0.407,0.687,0.401,0.0,0.386,0.361,0.615,0.392,0.4,0.663,0.39,0.702,0.391,0.392,0.95,1.0,0.422,0.388,0.388,0.661,0.459
0.448,0.407,0.318,0.406,0.41,0.398,0.397,0.424,0.43,0.419,0.39,0.406,0.395,0.417,0.404,0.395,0.395,0.394,0.381,0.397,0.4,0.391,0.39,0.392,0.399,0.383,0.397,0.415,0.537,0.448,0.404,0.4,0.0,0.383,0.359,0.404,0.396,0.406,0.409,0.398,0.405,0.392,0.404,0.422,0.422,1.0,0.42,0.42,0.409,0.592
0.422,0.675,0.343,0.388,0.65,0.688,0.503,0.384,0.433,0.396,0.616,0.391,0.634,0.38,0.381,0.515,0.673,0.612,0.617,0.502,0.602,0.607,0.601,0.687,0.668,0.687,0.614,0.395,0.436,0.44,0.351,0.624,0.0,0.619,0.638,0.372,0.502,0.63,0.373,0.643,0.354,0.695,0.634,0.382,0.388,0.42,1.0,0.994,0.379,0.442
0.422,0.679,0.341,0.388,0.652,0.692,0.503,0.384,0.434,0.394,0.614,0.391,0.632,0.38,0.381,0.515,0.677,0.613,0.618,0.502,0.603,0.609,0.603,0.691,0.671,0.687,0.616,0.395,0.437,0.442,0.351,0.626,0.0,0.62,0.635,0.372,0.502,0.632,0.373,0.642,0.354,0.699,0.636,0.382,0.388,0.42,0.994,1.0,0.379,0.443
0.399,0.409,0.341,0.675,0.388,0.392,0.36,0.645,0.397,0.674,0.377,0.641,0.38,0.664,0.653,0.368,0.391,0.366,0.364,0.359,0.351,0.369,0.363,0.384,0.397,0.394,0.372,0.675,0.456,0.39,0.631,0.367,0.0,0.36,0.355,0.612,0.36,0.387,0.624,0.37,0.642,0.381,0.378,0.678,0.661,0.409,0.379,0.379,1.0,0.453
0.492,0.454,0.375,0.466,0.444,0.456,0.44,0.47,0.497,0.477,0.436,0.474,0.453,0.476,0.47,0.45,0.446,0.432,0.434,0.439,0.418,0.443,0.432,0.45,0.438,0.434,0.448,0.467,0.827,0.495,0.435,0.445,0.0,0.44,0.408,0.471,0.44,0.455,0.453,0.45,0.436,0.428,0.459,0.463,0.459,0.592,0.442,0.443,0.453,1.0
