GCF_000163235.1_ASM16323v1_genomic.fna,GCF_000164555.1_ASM16455v1_genomic.fna,GCF_000208545.1_ASM20854v2_genomic.fna,GCF_000233875.1_ASM23387v1_genomic.fna,GCF_000249735.1_ASM24973v2_genomic.fna,GCF_000261145.1_Esch_coli_M919_V2_genomic.fna,GCF_000267705.2_ASM26770v2_genomic.fna,GCF_000350665.1_Esch_coli_KTE5_V1_genomic.fna,GCF_000351625.1_Esch_coli_KTE66_V1_genomic.fna,GCF_000352285.1_Esch_coli_KTE46_V1_genomic.fna,GCF_000358895.1_ASM35889v1_genomic.fna,GCF_000456385.1_Esch_coli_HVH_26_4-5703913_V1_genomic.fna,GCF_000458195.1_Esch_coli_HVH_147_4-5893887_V1_genomic.fna,GCF_000459755.1_Esch_coli_KOEGE_58_171a_V1_genomic.fna,GCF_000460055.1_Esch_coli_UMEA_3053-1_V1_genomic.fna,GCF_000462165.2_ASM46216v2_genomic.fna,GCF_000601135.1_ASM60113v1_genomic.fna,GCF_000614595.1_Ec2010EL1058_genomic.fna,GCF_000617745.1_Ec2010C-4529_genomic.fna,GCF_000618265.2_EcF6751_genomic.fna,GCF_000619005.2_Ec2009C-4052_genomic.fna,GCF_000619105.1_Ec2009C-4780_genomic.fna,GCF_000619765.2_Ec2009C-3279_genomic.fna,GCF_000687005.1_ASM68700v1_genomic.fna,GCF_000687025.1_ASM68702v1_genomic.fna,GCF_000700125.1_ASM70012v1_genomic.fna,GCF_000753315.1_FHI35_genomic.fna,GCF_000776375.1_ASM77637v1_genomic.fna,GCF_000779395.1_ASM77939v1_genomic.fna,GCF_000780315.1_ASM78031v1_genomic.fna,GCF_000781995.1_ASM78199v1_genomic.fna,GCF_000986765.1_ASM98676v1_genomic.fna,GCF_001041375.1_ViralProj287958_genomic.fna,GCF_001265335.1_302014_genomic.fna,GCF_001265625.1_100854_genomic.fna,GCF_001267345.1_303289_genomic.fna,GCF_001309985.1_ASM130998v1_genomic.fna,GCF_001521695.1_ASM152169v1_genomic.fna,GCF_001592595.1_ASM159259v1_genomic.fna,GCF_001614975.1_ASM161497v1_genomic.fna,GCF_001692775.1_ASM169277v1_genomic.fna,GCF_001748915.1_ASM174891v1_genomic.fna,GCF_001749235.1_ASM174923v1_genomic.fna,GCF_001881155.1_ASM188115v1_genomic.fna,GCF_001881345.1_ASM188134v1_genomic.fna,GCF_001892405.1_ASM189240v1_genomic.fna,GCF_001892585.1_ASM189258v1_genomic.fna,GCF_001893985.1_ASM189398v1_genomic.fna,GCF_002001595.1_ASM200159v1_genomic.fna,GCF_002002145.1_ASM200214v1_genomic.fna
1.0,0.904,0.875,0.89,0.901,0.9,0.897,0.891,0.911,0.896,0.885,0.896,0.893,0.889,0.89,0.897,0.903,0.898,0.897,0.896,0.891,0.897,0.903,0.899,0.901,0.896,0.898,0.887,0.9,0.912,0.863,0.896,0.013,0.898,0.882,0.892,0.896,0.905,0.892,0.9,0.887,0.898,0.898,0.879,0.882,0.87,0.904,0.904,0.891,0.898
0.904,1.0,0.882,0.873,0.904,0.938,0.906,0.888,0.896,0.877,0.89,0.87,0.895,0.88,0.872,0.91,0.932,0.907,0.914,0.906,0.91,0.899,0.91,0.929,0.941,0.921,0.9,0.885,0.908,0.896,0.879,0.915,0.016,0.905,0.912,0.88,0.906,0.916,0.872,0.896,0.884,0.917,0.906,0.887,0.89,0.875,0.931,0.933,0.886,0.896
0.875,0.882,1.0,0.853,0.87,0.87,0.88,0.868,0.882,0.857,0.848,0.852,0.853,0.855,0.848,0.882,0.877,0.872,0.871,0.881,0.878,0.866,0.874,0.856,0.87,0.862,0.863,0.869,0.887,0.881,0.868,0.884,0.015,0.873,0.843,0.859,0.881,0.867,0.854,0.869,0.865,0.87,0.878,0.877,0.874,0.869,0.878,0.879,0.867,0.874
0.89,0.873,0.853,1.0,0.881,0.878,0.865,0.923,0.876,0.932,0.867,0.942,0.874,0.951,0.952,0.864,0.873,0.874,0.869,0.865,0.869,0.882,0.878,0.877,0.879,0.877,0.872,0.936,0.878,0.874,0.91,0.873,0.014,0.873,0.867,0.905,0.865,0.872,0.92,0.872,0.931,0.874,0.873,0.929,0.931,0.849,0.88,0.878,0.923,0.877
0.901,0.904,0.87,0.881,1.0,0.918,0.899,0.882,0.891,0.88,0.919,0.88,0.923,0.884,0.882,0.899,0.905,0.91,0.914,0.899,0.913,0.922,0.921,0.913,0.912,0.908,0.921,0.883,0.878,0.89,0.864,0.919,0.014,0.918,0.898,0.88,0.899,0.927,0.879,0.93,0.883,0.918,0.926,0.873,0.877,0.857,0.92,0.92,0.88,0.885
0.9,0.938,0.87,0.878,0.918,1.0,0.901,0.886,0.897,0.876,0.887,0.881,0.909,0.888,0.887,0.903,0.922,0.913,0.913,0.901,0.901,0.919,0.925,0.936,0.95,0.921,0.906,0.88,0.892,0.892,0.87,0.911,0.016,0.92,0.928,0.885,0.901,0.919,0.886,0.905,0.893,0.934,0.913,0.873,0.876,0.86,0.929,0.928,0.892,0.892
0.897,0.906,0.88,0.865,0.899,0.901,1.0,0.885,0.9,0.87,0.871,0.865,0.884,0.871,0.872,0.989,0.899,0.912,0.906,0.999,0.914,0.894,0.911,0.895,0.901,0.889,0.892,0.884,0.894,0.904,0.865,0.903,0.014,0.898,0.878,0.883,0.999,0.896,0.873,0.893,0.873,0.901,0.905,0.877,0.881,0.866,0.904,0.904,0.883,0.89
0.891,0.888,0.868,0.923,0.882,0.886,0.885,1.0,0.89,0.923,0.857,0.922,0.863,0.929,0.916,0.881,0.886,0.879,0.883,0.886,0.886,0.874,0.884,0.882,0.883,0.88,0.872,0.972,0.896,0.891,0.911,0.876,0.014,0.877,0.857,0.904,0.886,0.887,0.914,0.873,0.928,0.881,0.878,0.964,0.962,0.877,0.887,0.889,0.925,0.887
0.911,0.896,0.882,0.876,0.891,0.897,0.9,0.89,1.0,0.881,0.875,0.877,0.884,0.882,0.879,0.901,0.896,0.894,0.898,0.9,0.892,0.889,0.902,0.884,0.893,0.886,0.891,0.885,0.907,0.92,0.872,0.899,0.014,0.886,0.869,0.893,0.9,0.901,0.884,0.884,0.889,0.894,0.903,0.878,0.881,0.881,0.907,0.908,0.894,0.905
0.896,0.877,0.857,0.932,0.88,0.876,0.87,0.923,0.881,1.0,0.874,0.929,0.876,0.93,0.925,0.871,0.871,0.878,0.868,0.871,0.868,0.881,0.873,0.883,0.876,0.881,0.877,0.924,0.886,0.882,0.906,0.869,0.02,0.883,0.87,0.911,0.871,0.878,0.918,0.873,0.929,0.873,0.865,0.913,0.919,0.857,0.888,0.886,0.921,0.882
0.885,0.89,0.848,0.867,0.919,0.887,0.871,0.857,0.875,0.874,1.0,0.863,0.924,0.864,0.859,0.873,0.883,0.895,0.904,0.871,0.89,0.914,0.903,0.899,0.89,0.904,0.906,0.858,0.863,0.87,0.843,0.895,0.017,0.912,0.907,0.867,0.871,0.906,0.869,0.914,0.863,0.9,0.902,0.853,0.856,0.84,0.897,0.897,0.869,0.87
0.896,0.87,0.852,0.942,0.88,0.881,0.865,0.922,0.877,0.929,0.863,1.0,0.871,0.942,0.958,0.865,0.872,0.874,0.866,0.865,0.868,0.876,0.876,0.879,0.882,0.877,0.875,0.925,0.883,0.877,0.908,0.864,0.013,0.873,0.861,0.904,0.865,0.875,0.917,0.872,0.933,0.873,0.871,0.916,0.922,0.855,0.882,0.882,0.918,0.878
0.893,0.895,0.853,0.874,0.923,0.909,0.884,0.863,0.884,0.876,0.924,0.871,1.0,0.87,0.868,0.887,0.896,0.916,0.916,0.884,0.903,0.938,0.927,0.91,0.9,0.904,0.929,0.861,0.879,0.877,0.851,0.91,0.015,0.931,0.908,0.868,0.884,0.922,0.871,0.934,0.872,0.909,0.919,0.853,0.856,0.85,0.906,0.905,0.87,0.882
0.889,0.88,0.855,0.951,0.884,0.888,0.871,0.929,0.882,0.93,0.864,0.942,0.87,1.0,0.948,0.87,0.882,0.879,0.876,0.871,0.871,0.874,0.882,0.876,0.885,0.882,0.88,0.942,0.885,0.877,0.91,0.877,0.014,0.875,0.865,0.905,0.871,0.888,0.918,0.872,0.939,0.88,0.879,0.932,0.936,0.862,0.887,0.885,0.929,0.883
0.89,0.872,0.848,0.952,0.882,0.887,0.872,0.916,0.879,0.925,0.859,0.958,0.868,0.948,1.0,0.869,0.874,0.876,0.87,0.872,0.873,0.878,0.881,0.877,0.883,0.882,0.877,0.926,0.881,0.88,0.913,0.869,0.014,0.873,0.862,0.903,0.872,0.878,0.918,0.872,0.933,0.875,0.874,0.916,0.92,0.854,0.883,0.881,0.924,0.881
0.897,0.91,0.882,0.864,0.899,0.903,0.989,0.881,0.901,0.871,0.873,0.865,0.887,0.87,0.869,1.0,0.903,0.908,0.91,0.989,0.911,0.895,0.908,0.896,0.904,0.889,0.891,0.88,0.893,0.903,0.868,0.907,0.015,0.899,0.882,0.883,0.989,0.898,0.874,0.891,0.875,0.903,0.904,0.876,0.881,0.867,0.904,0.904,0.881,0.888
0.903,0.932,0.877,0.873,0.905,0.922,0.899,0.886,0.896,0.871,0.883,0.872,0.896,0.882,0.874,0.903,1.0,0.905,0.91,0.899,0.91,0.905,0.915,0.92,0.924,0.913,0.898,0.885,0.901,0.899,0.869,0.919,0.016,0.91,0.895,0.884,0.899,0.904,0.878,0.898,0.882,0.913,0.906,0.877,0.885,0.863,0.927,0.929,0.883,0.891
0.898,0.907,0.872,0.874,0.91,0.913,0.912,0.879,0.894,0.878,0.895,0.874,0.916,0.879,0.876,0.908,0.905,1.0,0.935,0.912,0.924,0.924,0.935,0.897,0.904,0.898,0.923,0.878,0.889,0.892,0.868,0.916,0.016,0.92,0.889,0.889,0.912,0.913,0.879,0.911,0.884,0.914,0.917,0.87,0.876,0.862,0.916,0.917,0.879,0.889
0.897,0.914,0.871,0.869,0.914,0.913,0.906,0.883,0.898,0.868,0.904,0.866,0.916,0.876,0.87,0.91,0.91,0.935,1.0,0.906,0.937,0.935,0.942,0.906,0.906,0.904,0.917,0.882,0.893,0.894,0.869,0.926,0.017,0.922,0.896,0.88,0.906,0.92,0.879,0.918,0.884,0.915,0.915,0.871,0.875,0.86,0.913,0.914,0.88,0.889
0.896,0.906,0.881,0.865,0.899,0.901,0.999,0.886,0.9,0.871,0.871,0.865,0.884,0.871,0.872,0.989,0.899,0.912,0.906,1.0,0.914,0.894,0.911,0.895,0.901,0.889,0.892,0.884,0.894,0.903,0.865,0.903,0.014,0.897,0.878,0.884,1.0,0.896,0.874,0.893,0.873,0.901,0.905,0.877,0.881,0.866,0.904,0.904,0.883,0.89
0.891,0.91,0.878,0.869,0.913,0.901,0.914,0.886,0.892,0.868,0.89,0.868,0.903,0.871,0.873,0.911,0.91,0.924,0.937,0.914,1.0,0.92,0.932,0.9,0.9,0.894,0.912,0.884,0.893,0.893,0.876,0.925,0.017,0.918,0.883,0.885,0.914,0.915,0.875,0.92,0.881,0.903,0.912,0.879,0.881,0.867,0.913,0.914,0.88,0.885
0.897,0.899,0.866,0.882,0.922,0.919,0.894,0.874,0.889,0.881,0.914,0.876,0.938,0.874,0.878,0.895,0.905,0.924,0.935,0.894,0.92,1.0,0.974,0.914,0.907,0.911,0.924,0.874,0.881,0.887,0.865,0.925,0.016,0.957,0.897,0.874,0.894,0.918,0.881,0.931,0.877,0.914,0.93,0.864,0.867,0.847,0.917,0.916,0.877,0.882
0.903,0.91,0.874,0.878,0.921,0.925,0.911,0.884,0.902,0.873,0.903,0.876,0.927,0.882,0.881,0.908,0.915,0.935,0.942,0.911,0.932,0.974,1.0,0.907,0.914,0.906,0.927,0.885,0.895,0.899,0.869,0.931,0.017,0.949,0.891,0.886,0.911,0.926,0.88,0.922,0.885,0.916,0.933,0.875,0.876,0.857,0.918,0.919,0.887,0.892
0.899,0.929,0.856,0.877,0.913,0.936,0.895,0.882,0.884,0.883,0.899,0.879,0.91,0.876,0.877,0.896,0.92,0.897,0.906,0.895,0.9,0.914,0.907,1.0,0.938,0.928,0.908,0.878,0.88,0.886,0.856,0.902,0.017,0.914,0.932,0.88,0.895,0.904,0.881,0.907,0.873,0.923,0.901,0.871,0.877,0.848,0.92,0.92,0.873,0.881
0.901,0.941,0.87,0.879,0.912,0.95,0.901,0.883,0.893,0.876,0.89,0.882,0.9,0.885,0.883,0.904,0.924,0.904,0.906,0.901,0.9,0.907,0.914,0.938,1.0,0.934,0.904,0.879,0.888,0.893,0.867,0.91,0.017,0.911,0.929,0.885,0.901,0.909,0.886,0.904,0.882,0.93,0.907,0.875,0.875,0.859,0.926,0.925,0.889,0.889
0.896,0.921,0.862,0.877,0.908,0.921,0.889,0.88,0.886,0.881,0.904,0.877,0.904,0.882,0.882,0.889,0.913,0.898,0.904,0.889,0.894,0.911,0.906,0.928,0.934,1.0,0.909,0.875,0.878,0.879,0.865,0.9,0.016,0.913,0.908,0.874,0.889,0.904,0.882,0.91,0.88,0.918,0.901,0.874,0.876,0.857,0.919,0.919,0.885,0.884
0.898,0.9,0.863,0.872,0.921,0.906,0.892,0.872,0.891,0.877,0.906,0.875,0.929,0.88,0.877,0.891,0.898,0.923,0.917,0.892,0.912,0.924,0.927,0.908,0.904,0.909,1.0,0.87,0.889,0.883,0.86,0.914,0.015,0.931,0.895,0.874,0.892,0.946,0.878,0.931,0.876,0.912,0.941,0.864,0.865,0.855,0.904,0.903,0.877,0.887
0.887,0.885,0.869,0.936,0.883,0.88,0.884,0.972,0.885,0.924,0.858,0.925,0.861,0.942,0.926,0.88,0.885,0.878,0.882,0.884,0.884,0.874,0.885,0.878,0.879,0.875,0.87,1.0,0.892,0.89,0.913,0.877,0.016,0.871,0.857,0.907,0.884,0.881,0.912,0.87,0.936,0.881,0.873,0.985,0.985,0.871,0.885,0.886,0.928,0.89
0.9,0.908,0.887,0.878,0.878,0.892,0.894,0.896,0.907,0.886,0.863,0.883,0.879,0.885,0.881,0.893,0.901,0.889,0.893,0.894,0.893,0.881,0.895,0.88,0.888,0.878,0.889,0.892,1.0,0.904,0.882,0.895,0.015,0.885,0.868,0.892,0.894,0.899,0.879,0.884,0.891,0.879,0.89,0.886,0.892,0.886,0.896,0.896,0.896,0.953
0.912,0.896,0.881,0.874,0.89,0.892,0.904,0.891,0.92,0.882,0.87,0.877,0.877,0.877,0.88,0.903,0.899,0.892,0.894,0.903,0.893,0.887,0.899,0.886,0.893,0.879,0.883,0.89,0.904,1.0,0.878,0.896,0.014,0.882,0.866,0.891,0.903,0.891,0.888,0.89,0.886,0.893,0.893,0.884,0.885,0.877,0.9,0.902,0.893,0.898
0.863,0.879,0.868,0.91,0.864,0.87,0.865,0.911,0.872,0.906,0.843,0.908,0.851,0.91,0.913,0.868,0.869,0.868,0.869,0.865,0.876,0.865,0.869,0.856,0.867,0.865,0.86,0.913,0.882,0.878,1.0,0.87,0.018,0.86,0.846,0.89,0.865,0.87,0.888,0.858,0.939,0.867,0.864,0.918,0.917,0.878,0.875,0.876,0.898,0.874
0.896,0.915,0.884,0.873,0.919,0.911,0.903,0.876,0.899,0.869,0.895,0.864,0.91,0.877,0.869,0.907,0.919,0.916,0.926,0.903,0.925,0.925,0.931,0.902,0.91,0.9,0.914,0.877,0.895,0.896,0.87,1.0,0.016,0.918,0.888,0.885,0.903,0.922,0.872,0.921,0.883,0.914,0.933,0.87,0.875,0.851,0.928,0.929,0.88,0.889
0.013,0.016,0.015,0.014,0.014,0.016,0.014,0.014,0.014,0.02,0.017,0.013,0.015,0.014,0.014,0.015,0.016,0.016,0.017,0.014,0.017,0.016,0.017,0.017,0.017,0.016,0.015,0.016,0.015,0.014,0.018,0.016,1.0,0.016,0.016,0.017,0.014,0.015,0.014,0.014,0.015,0.016,0.013,0.016,0.017,0.017,0.015,0.015,0.015,0.016
0.898,0.905,0.873,0.873,0.918,0.92,0.898,0.877,0.886,0.883,0.912,0.873,0.931,0.875,0.873,0.899,0.91,0.92,0.922,0.897,0.918,0.957,0.949,0.914,0.911,0.913,0.931,0.871,0.885,0.882,0.86,0.918,0.016,1.0,0.903,0.878,0.897,0.926,0.88,0.933,0.878,0.912,0.932,0.862,0.868,0.853,0.923,0.922,0.879,0.881
0.882,0.912,0.843,0.867,0.898,0.928,0.878,0.857,0.869,0.87,0.907,0.861,0.908,0.865,0.862,0.882,0.895,0.889,0.896,0.878,0.883,0.897,0.891,0.932,0.929,0.908,0.895,0.857,0.868,0.866,0.846,0.888,0.016,0.903,1.0,0.869,0.878,0.894,0.867,0.901,0.862,0.911,0.892,0.85,0.856,0.83,0.906,0.905,0.859,0.872
0.892,0.88,0.859,0.905,0.88,0.885,0.883,0.904,0.893,0.911,0.867,0.904,0.868,0.905,0.903,0.883,0.884,0.889,0.88,0.884,0.885,0.874,0.886,0.88,0.885,0.874,0.874,0.907,0.892,0.891,0.89,0.885,0.017,0.878,0.869,1.0,0.884,0.885,0.919,0.879,0.915,0.882,0.886,0.897,0.905,0.868,0.892,0.891,0.913,0.893
0.896,0.906,0.881,0.865,0.899,0.901,0.999,0.886,0.9,0.871,0.871,0.865,0.884,0.871,0.872,0.989,0.899,0.912,0.906,1.0,0.914,0.894,0.911,0.895,0.901,0.889,0.892,0.884,0.894,0.903,0.865,0.903,0.014,0.897,0.878,0.884,1.0,0.896,0.874,0.893,0.873,0.901,0.905,0.877,0.881,0.866,0.904,0.904,0.883,0.89
0.905,0.916,0.867,0.872,0.927,0.919,0.896,0.887,0.901,0.878,0.906,0.875,0.922,0.888,0.878,0.898,0.904,0.913,0.92,0.896,0.915,0.918,0.926,0.904,0.909,0.904,0.946,0.881,0.899,0.891,0.87,0.922,0.015,0.926,0.894,0.885,0.896,1.0,0.876,0.926,0.888,0.916,0.949,0.876,0.876,0.866,0.922,0.921,0.891,0.896
0.892,0.872,0.854,0.92,0.879,0.886,0.873,0.914,0.884,0.918,0.869,0.917,0.871,0.918,0.918,0.874,0.878,0.879,0.879,0.874,0.875,0.881,0.88,0.881,0.886,0.882,0.878,0.912,0.879,0.888,0.888,0.872,0.014,0.88,0.867,0.919,0.874,0.876,1.0,0.879,0.911,0.883,0.871,0.907,0.91,0.866,0.882,0.881,0.913,0.877
0.9,0.896,0.869,0.872,0.93,0.905,0.893,0.873,0.884,0.873,0.914,0.872,0.934,0.872,0.872,0.891,0.898,0.911,0.918,0.893,0.92,0.931,0.922,0.907,0.904,0.91,0.931,0.87,0.884,0.89,0.858,0.921,0.014,0.933,0.901,0.879,0.893,0.926,0.879,1.0,0.875,0.917,0.935,0.862,0.866,0.855,0.915,0.914,0.872,0.887
0.887,0.884,0.865,0.931,0.883,0.893,0.873,0.928,0.889,0.929,0.863,0.933,0.872,0.939,0.933,0.875,0.882,0.884,0.884,0.873,0.881,0.877,0.885,0.873,0.882,0.88,0.876,0.936,0.891,0.886,0.939,0.883,0.015,0.878,0.862,0.915,0.873,0.888,0.911,0.875,1.0,0.887,0.878,0.926,0.931,0.868,0.889,0.889,0.921,0.89
0.898,0.917,0.87,0.874,0.918,0.934,0.901,0.881,0.894,0.873,0.9,0.873,0.909,0.88,0.875,0.903,0.913,0.914,0.915,0.901,0.903,0.914,0.916,0.923,0.93,0.918,0.912,0.881,0.879,0.893,0.867,0.914,0.016,0.912,0.911,0.882,0.901,0.916,0.883,0.917,0.887,1.0,0.921,0.875,0.876,0.863,0.936,0.936,0.885,0.887
0.898,0.906,0.878,0.873,0.926,0.913,0.905,0.878,0.903,0.865,0.902,0.871,0.919,0.879,0.874,0.904,0.906,0.917,0.915,0.905,0.912,0.93,0.933,0.901,0.907,0.901,0.941,0.873,0.89,0.893,0.864,0.933,0.013,0.932,0.892,0.886,0.905,0.949,0.871,0.935,0.878,0.921,1.0,0.866,0.868,0.867,0.919,0.918,0.888,0.894
0.879,0.887,0.877,0.929,0.873,0.873,0.877,0.964,0.878,0.913,0.853,0.916,0.853,0.932,0.916,0.876,0.877,0.87,0.871,0.877,0.879,0.864,0.875,0.871,0.875,0.874,0.864,0.985,0.886,0.884,0.918,0.87,0.016,0.862,0.85,0.897,0.877,0.876,0.907,0.862,0.926,0.875,0.866,1.0,0.985,0.882,0.878,0.879,0.919,0.879
0.882,0.89,0.874,0.931,0.877,0.876,0.881,0.962,0.881,0.919,0.856,0.922,0.856,0.936,0.92,0.881,0.885,0.876,0.875,0.881,0.881,0.867,0.876,0.877,0.875,0.876,0.865,0.985,0.892,0.885,0.917,0.875,0.017,0.868,0.856,0.905,0.881,0.876,0.91,0.866,0.931,0.876,0.868,0.985,1.0,0.872,0.885,0.886,0.92,0.886
0.87,0.875,0.869,0.849,0.857,0.86,0.866,0.877,0.881,0.857,0.84,0.855,0.85,0.862,0.854,0.867,0.863,0.862,0.86,0.866,0.867,0.847,0.857,0.848,0.859,0.857,0.855,0.871,0.886,0.877,0.878,0.851,0.017,0.853,0.83,0.868,0.866,0.866,0.866,0.855,0.868,0.863,0.867,0.882,0.872,1.0,0.873,0.873,0.874,0.886
0.904,0.931,0.878,0.88,0.92,0.929,0.904,0.887,0.907,0.888,0.897,0.882,0.906,0.887,0.883,0.904,0.927,0.916,0.913,0.904,0.913,0.917,0.918,0.92,0.926,0.919,0.904,0.885,0.896,0.9,0.875,0.928,0.015,0.923,0.906,0.892,0.904,0.922,0.882,0.915,0.889,0.936,0.919,0.878,0.885,0.873,1.0,0.998,0.898,0.897
0.904,0.933,0.879,0.878,0.92,0.928,0.904,0.889,0.908,0.886,0.897,0.882,0.905,0.885,0.881,0.904,0.929,0.917,0.914,0.904,0.914,0.916,0.919,0.92,0.925,0.919,0.903,0.886,0.896,0.902,0.876,0.929,0.015,0.922,0.905,0.891,0.904,0.921,0.881,0.914,0.889,0.936,0.918,0.879,0.886,0.873,0.998,1.0,0.897,0.897
0.891,0.886,0.867,0.923,0.88,0.892,0.883,0.925,0.894,0.921,0.869,0.918,0.87,0.929,0.924,0.881,0.883,0.879,0.88,0.883,0.88,0.877,0.887,0.873,0.889,0.885,0.877,0.928,0.896,0.893,0.898,0.88,0.015,0.879,0.859,0.913,0.883,0.891,0.913,0.872,0.921,0.885,0.888,0.919,0.92,0.874,0.898,0.897,1.0,0.89
0.898,0.896,0.874,0.877,0.885,0.892,0.89,0.887,0.905,0.882,0.87,0.878,0.882,0.883,0.881,0.888,0.891,0.889,0.889,0.89,0.885,0.882,0.892,0.881,0.889,0.884,0.887,0.89,0.953,0.898,0.874,0.889,0.016,0.881,0.872,0.893,0.89,0.896,0.877,0.887,0.89,0.887,0.894,0.879,0.886,0.886,0.897,0.897,0.89,1.0
