GCF_000163235.1_ASM16323v1_genomic.fna,GCF_000164555.1_ASM16455v1_genomic.fna,GCF_000208545.1_ASM20854v2_genomic.fna,GCF_000233875.1_ASM23387v1_genomic.fna,GCF_000249735.1_ASM24973v2_genomic.fna,GCF_000261145.1_Esch_coli_M919_V2_genomic.fna,GCF_000267705.2_ASM26770v2_genomic.fna,GCF_000350665.1_Esch_coli_KTE5_V1_genomic.fna,GCF_000351625.1_Esch_coli_KTE66_V1_genomic.fna,GCF_000352285.1_Esch_coli_KTE46_V1_genomic.fna,GCF_000358895.1_ASM35889v1_genomic.fna,GCF_000456385.1_Esch_coli_HVH_26_4-5703913_V1_genomic.fna,GCF_000458195.1_Esch_coli_HVH_147_4-5893887_V1_genomic.fna,GCF_000459755.1_Esch_coli_KOEGE_58_171a_V1_genomic.fna,GCF_000460055.1_Esch_coli_UMEA_3053-1_V1_genomic.fna,GCF_000462165.2_ASM46216v2_genomic.fna,GCF_000601135.1_ASM60113v1_genomic.fna,GCF_000614595.1_Ec2010EL1058_genomic.fna,GCF_000617745.1_Ec2010C-4529_genomic.fna,GCF_000618265.2_EcF6751_genomic.fna,GCF_000619005.2_Ec2009C-4052_genomic.fna,GCF_000619105.1_Ec2009C-4780_genomic.fna,GCF_000619765.2_Ec2009C-3279_genomic.fna,GCF_000687005.1_ASM68700v1_genomic.fna,GCF_000687025.1_ASM68702v1_genomic.fna,GCF_000700125.1_ASM70012v1_genomic.fna,GCF_000753315.1_FHI35_genomic.fna,GCF_000776375.1_ASM77637v1_genomic.fna,GCF_000779395.1_ASM77939v1_genomic.fna,GCF_000780315.1_ASM78031v1_genomic.fna,GCF_000781995.1_ASM78199v1_genomic.fna,GCF_000986765.1_ASM98676v1_genomic.fna,GCF_001041375.1_ViralProj287958_genomic.fna,GCF_001265335.1_302014_genomic.fna,GCF_001265625.1_100854_genomic.fna,GCF_001267345.1_303289_genomic.fna,GCF_001309985.1_ASM130998v1_genomic.fna,GCF_001521695.1_ASM152169v1_genomic.fna,GCF_001592595.1_ASM159259v1_genomic.fna,GCF_001614975.1_ASM161497v1_genomic.fna,GCF_001692775.1_ASM169277v1_genomic.fna,GCF_001748915.1_ASM174891v1_genomic.fna,GCF_001749235.1_ASM174923v1_genomic.fna,GCF_001881155.1_ASM188115v1_genomic.fna,GCF_001881345.1_ASM188134v1_genomic.fna,GCF_001892405.1_ASM189240v1_genomic.fna,GCF_001892585.1_ASM189258v1_genomic.fna,GCF_001893985.1_ASM189398v1_genomic.fna,GCF_002001595.1_ASM200159v1_genomic.fna,GCF_002002145.1_ASM200214v1_genomic.fna
1.0,0.564,0.488,0.496,0.549,0.561,0.537,0.51,0.627,0.534,0.513,0.52,0.531,0.505,0.487,0.536,0.548,0.527,0.518,0.537,0.522,0.521,0.544,0.556,0.558,0.548,0.526,0.505,0.578,0.61,0.485,0.536,0.0,0.539,0.512,0.508,0.537,0.537,0.494,0.543,0.5,0.546,0.529,0.503,0.518,0.534,0.533,0.533,0.482,0.562
0.564,1.0,0.436,0.461,0.668,0.787,0.581,0.484,0.512,0.487,0.619,0.513,0.65,0.48,0.476,0.582,0.737,0.644,0.635,0.581,0.639,0.637,0.653,0.806,0.802,0.731,0.641,0.483,0.526,0.529,0.463,0.659,0.0,0.648,0.742,0.47,0.581,0.667,0.466,0.642,0.473,0.711,0.642,0.496,0.503,0.485,0.71,0.711,0.485,0.516
0.488,0.436,1.0,0.386,0.444,0.435,0.428,0.41,0.47,0.407,0.419,0.402,0.433,0.414,0.404,0.432,0.44,0.426,0.422,0.429,0.423,0.429,0.441,0.439,0.439,0.441,0.423,0.409,0.468,0.463,0.398,0.445,0.0,0.439,0.412,0.414,0.429,0.442,0.411,0.445,0.407,0.434,0.447,0.408,0.407,0.423,0.444,0.444,0.414,0.461
0.496,0.461,0.386,1.0,0.455,0.47,0.468,0.731,0.489,0.756,0.45,0.735,0.468,0.782,0.768,0.473,0.451,0.457,0.47,0.465,0.45,0.458,0.467,0.486,0.464,0.465,0.456,0.781,0.529,0.475,0.729,0.472,0.0,0.448,0.447,0.659,0.465,0.455,0.684,0.465,0.747,0.449,0.451,0.758,0.756,0.474,0.441,0.441,0.697,0.516
0.549,0.668,0.444,0.455,1.0,0.695,0.587,0.479,0.517,0.489,0.769,0.476,0.731,0.49,0.481,0.595,0.67,0.71,0.709,0.589,0.717,0.722,0.732,0.689,0.686,0.666,0.731,0.48,0.528,0.525,0.464,0.714,0.0,0.719,0.655,0.48,0.585,0.743,0.479,0.725,0.48,0.674,0.744,0.467,0.473,0.476,0.703,0.704,0.468,0.519
0.561,0.787,0.435,0.47,0.695,1.0,0.612,0.497,0.533,0.497,0.638,0.48,0.674,0.497,0.48,0.613,0.741,0.672,0.659,0.609,0.656,0.662,0.679,0.813,0.824,0.731,0.658,0.493,0.544,0.535,0.477,0.669,0.0,0.675,0.779,0.5,0.609,0.682,0.508,0.672,0.485,0.733,0.662,0.483,0.481,0.484,0.742,0.743,0.484,0.548
0.537,0.581,0.428,0.468,0.587,0.612,1.0,0.473,0.526,0.466,0.552,0.46,0.577,0.472,0.453,0.951,0.595,0.602,0.588,0.988,0.609,0.6,0.616,0.608,0.603,0.578,0.57,0.467,0.512,0.514,0.455,0.578,0.0,0.588,0.575,0.49,0.988,0.564,0.479,0.587,0.466,0.575,0.574,0.465,0.469,0.464,0.58,0.579,0.451,0.516
0.51,0.484,0.41,0.731,0.479,0.497,0.473,1.0,0.487,0.734,0.442,0.728,0.466,0.757,0.729,0.47,0.47,0.461,0.47,0.47,0.46,0.464,0.472,0.498,0.479,0.471,0.455,0.91,0.539,0.487,0.744,0.473,0.0,0.463,0.445,0.667,0.471,0.483,0.702,0.473,0.748,0.472,0.459,0.909,0.894,0.487,0.456,0.456,0.695,0.533
0.627,0.512,0.47,0.489,0.517,0.533,0.526,0.487,1.0,0.515,0.492,0.485,0.513,0.507,0.491,0.534,0.516,0.521,0.506,0.528,0.501,0.515,0.521,0.531,0.516,0.525,0.515,0.494,0.558,0.64,0.482,0.519,0.0,0.51,0.491,0.514,0.527,0.51,0.496,0.527,0.489,0.505,0.525,0.478,0.478,0.516,0.512,0.512,0.491,0.559
0.534,0.487,0.407,0.756,0.489,0.497,0.466,0.734,0.515,1.0,0.482,0.711,0.497,0.751,0.736,0.475,0.476,0.476,0.486,0.466,0.462,0.476,0.476,0.511,0.489,0.486,0.487,0.753,0.555,0.506,0.761,0.477,0.0,0.469,0.469,0.666,0.464,0.477,0.712,0.496,0.759,0.475,0.48,0.735,0.748,0.494,0.47,0.47,0.707,0.536
0.513,0.619,0.419,0.45,0.769,0.638,0.552,0.442,0.492,0.482,1.0,0.436,0.775,0.464,0.447,0.568,0.627,0.702,0.717,0.552,0.679,0.713,0.704,0.675,0.633,0.648,0.715,0.453,0.496,0.514,0.441,0.68,0.0,0.68,0.675,0.46,0.549,0.706,0.456,0.733,0.444,0.635,0.728,0.439,0.445,0.438,0.647,0.647,0.443,0.495
0.52,0.513,0.402,0.735,0.476,0.48,0.46,0.728,0.485,0.711,0.436,1.0,0.456,0.76,0.859,0.455,0.474,0.456,0.453,0.456,0.46,0.46,0.477,0.493,0.48,0.478,0.45,0.735,0.55,0.48,0.712,0.467,0.0,0.467,0.444,0.653,0.458,0.474,0.698,0.459,0.746,0.475,0.466,0.741,0.753,0.503,0.461,0.461,0.676,0.53
0.531,0.65,0.433,0.468,0.731,0.674,0.577,0.466,0.513,0.497,0.775,0.456,1.0,0.472,0.468,0.591,0.665,0.745,0.773,0.579,0.741,0.798,0.794,0.698,0.651,0.668,0.782,0.468,0.523,0.534,0.46,0.732,0.0,0.773,0.688,0.465,0.576,0.766,0.468,0.801,0.464,0.66,0.786,0.453,0.453,0.459,0.667,0.667,0.459,0.515
0.505,0.48,0.414,0.782,0.49,0.497,0.472,0.757,0.507,0.751,0.464,0.76,0.472,1.0,0.808,0.475,0.473,0.48,0.471,0.471,0.469,0.478,0.482,0.49,0.483,0.479,0.473,0.801,0.557,0.495,0.755,0.492,0.0,0.469,0.454,0.674,0.47,0.478,0.715,0.476,0.775,0.478,0.472,0.778,0.775,0.497,0.467,0.467,0.713,0.549
0.487,0.476,0.404,0.768,0.481,0.48,0.453,0.729,0.491,0.736,0.447,0.859,0.468,0.808,1.0,0.456,0.463,0.465,0.458,0.453,0.458,0.468,0.477,0.479,0.472,0.466,0.463,0.764,0.551,0.49,0.76,0.477,0.0,0.463,0.446,0.674,0.452,0.475,0.722,0.473,0.778,0.458,0.469,0.742,0.743,0.499,0.465,0.465,0.708,0.555
0.536,0.582,0.432,0.473,0.595,0.613,0.951,0.47,0.534,0.475,0.568,0.455,0.591,0.475,0.456,1.0,0.59,0.599,0.602,0.954,0.598,0.614,0.619,0.614,0.602,0.586,0.576,0.475,0.523,0.528,0.454,0.575,0.0,0.586,0.579,0.489,0.95,0.577,0.477,0.594,0.465,0.575,0.583,0.461,0.467,0.465,0.583,0.582,0.46,0.518
0.548,0.737,0.44,0.451,0.67,0.741,0.595,0.47,0.516,0.476,0.627,0.474,0.665,0.473,0.463,0.59,1.0,0.65,0.643,0.591,0.651,0.671,0.675,0.765,0.741,0.75,0.658,0.462,0.522,0.514,0.459,0.698,0.0,0.677,0.696,0.497,0.594,0.658,0.484,0.663,0.465,0.704,0.667,0.467,0.474,0.461,0.716,0.716,0.463,0.519
0.527,0.644,0.426,0.457,0.71,0.672,0.602,0.461,0.521,0.476,0.702,0.456,0.745,0.48,0.465,0.599,0.65,1.0,0.78,0.601,0.751,0.781,0.776,0.683,0.65,0.659,0.752,0.464,0.522,0.531,0.466,0.728,0.0,0.726,0.637,0.495,0.599,0.731,0.476,0.748,0.466,0.66,0.741,0.459,0.458,0.458,0.659,0.659,0.465,0.521
0.518,0.635,0.422,0.47,0.709,0.659,0.588,0.47,0.506,0.486,0.717,0.453,0.773,0.471,0.458,0.602,0.643,0.78,1.0,0.588,0.753,0.765,0.757,0.682,0.632,0.654,0.75,0.474,0.51,0.518,0.458,0.721,0.0,0.716,0.65,0.476,0.587,0.732,0.474,0.748,0.462,0.643,0.746,0.46,0.46,0.455,0.644,0.644,0.458,0.509
0.537,0.581,0.429,0.465,0.589,0.609,0.988,0.47,0.528,0.466,0.552,0.456,0.579,0.471,0.453,0.954,0.591,0.601,0.588,1.0,0.607,0.602,0.616,0.607,0.607,0.579,0.571,0.466,0.513,0.516,0.455,0.579,0.0,0.586,0.573,0.49,0.989,0.565,0.476,0.588,0.466,0.576,0.576,0.462,0.466,0.464,0.582,0.581,0.451,0.518
0.522,0.639,0.423,0.45,0.717,0.656,0.609,0.46,0.501,0.462,0.679,0.46,0.741,0.469,0.458,0.598,0.651,0.751,0.753,0.607,1.0,0.753,0.771,0.661,0.644,0.654,0.738,0.468,0.503,0.508,0.456,0.747,0.0,0.748,0.63,0.487,0.602,0.731,0.474,0.748,0.468,0.644,0.739,0.46,0.462,0.458,0.663,0.663,0.451,0.512
0.521,0.637,0.429,0.458,0.722,0.662,0.6,0.464,0.515,0.476,0.713,0.46,0.798,0.478,0.468,0.614,0.671,0.781,0.765,0.602,0.753,1.0,0.927,0.673,0.649,0.658,0.769,0.471,0.508,0.519,0.459,0.748,0.0,0.858,0.639,0.48,0.598,0.755,0.475,0.77,0.463,0.644,0.774,0.461,0.463,0.456,0.656,0.656,0.465,0.511
0.544,0.653,0.441,0.467,0.732,0.679,0.616,0.472,0.521,0.476,0.704,0.477,0.794,0.482,0.477,0.619,0.675,0.776,0.757,0.616,0.771,0.927,1.0,0.676,0.66,0.661,0.772,0.481,0.516,0.515,0.466,0.766,0.0,0.861,0.643,0.493,0.613,0.763,0.485,0.769,0.472,0.648,0.766,0.471,0.477,0.46,0.666,0.667,0.468,0.517
0.556,0.806,0.439,0.486,0.689,0.813,0.608,0.498,0.531,0.511,0.675,0.493,0.698,0.49,0.479,0.614,0.765,0.683,0.682,0.607,0.661,0.673,0.676,1.0,0.825,0.782,0.679,0.483,0.54,0.551,0.481,0.676,0.0,0.652,0.817,0.495,0.604,0.672,0.48,0.682,0.488,0.731,0.68,0.476,0.481,0.478,0.724,0.724,0.482,0.529
0.558,0.802,0.439,0.464,0.686,0.824,0.603,0.479,0.516,0.489,0.633,0.48,0.651,0.483,0.472,0.602,0.741,0.65,0.632,0.607,0.644,0.649,0.66,0.825,1.0,0.765,0.647,0.479,0.528,0.517,0.465,0.675,0.0,0.641,0.784,0.482,0.605,0.659,0.485,0.65,0.475,0.723,0.66,0.487,0.484,0.472,0.719,0.718,0.484,0.529
0.548,0.731,0.441,0.465,0.666,0.731,0.578,0.471,0.525,0.486,0.648,0.478,0.668,0.479,0.466,0.586,0.75,0.659,0.654,0.579,0.654,0.658,0.661,0.782,0.765,1.0,0.657,0.475,0.525,0.527,0.458,0.654,0.0,0.643,0.721,0.49,0.577,0.66,0.474,0.681,0.467,0.705,0.661,0.481,0.475,0.451,0.719,0.719,0.483,0.512
0.526,0.641,0.423,0.456,0.731,0.658,0.57,0.455,0.515,0.487,0.715,0.45,0.782,0.473,0.463,0.576,0.658,0.752,0.75,0.571,0.738,0.769,0.772,0.679,0.647,0.657,1.0,0.461,0.522,0.515,0.465,0.749,0.0,0.745,0.635,0.482,0.569,0.81,0.461,0.771,0.47,0.646,0.832,0.451,0.45,0.451,0.647,0.647,0.456,0.507
0.505,0.483,0.409,0.781,0.48,0.493,0.467,0.91,0.494,0.753,0.453,0.735,0.468,0.801,0.764,0.475,0.462,0.464,0.474,0.466,0.468,0.471,0.481,0.483,0.479,0.475,0.461,1.0,0.542,0.488,0.75,0.479,0.0,0.465,0.445,0.675,0.465,0.489,0.699,0.474,0.771,0.46,0.462,0.957,0.937,0.484,0.461,0.461,0.713,0.534
0.578,0.526,0.468,0.529,0.528,0.544,0.512,0.539,0.558,0.555,0.496,0.55,0.523,0.557,0.551,0.523,0.522,0.522,0.51,0.513,0.503,0.508,0.516,0.54,0.528,0.525,0.522,0.542,1.0,0.544,0.533,0.524,0.0,0.504,0.497,0.542,0.51,0.521,0.541,0.527,0.537,0.513,0.521,0.526,0.532,0.596,0.515,0.514,0.534,0.841
0.61,0.529,0.463,0.475,0.525,0.535,0.514,0.487,0.64,0.506,0.514,0.48,0.534,0.495,0.49,0.528,0.514,0.531,0.518,0.516,0.508,0.519,0.515,0.551,0.517,0.527,0.515,0.488,0.544,1.0,0.475,0.516,0.0,0.508,0.508,0.496,0.514,0.518,0.49,0.549,0.488,0.507,0.531,0.476,0.477,0.525,0.522,0.522,0.485,0.549
0.485,0.463,0.398,0.729,0.464,0.477,0.455,0.744,0.482,0.761,0.441,0.712,0.46,0.755,0.76,0.454,0.459,0.466,0.458,0.455,0.456,0.459,0.466,0.481,0.465,0.458,0.465,0.75,0.533,0.475,1.0,0.471,0.0,0.463,0.433,0.668,0.454,0.46,0.701,0.471,0.891,0.462,0.456,0.742,0.741,0.479,0.462,0.462,0.704,0.526
0.536,0.659,0.445,0.472,0.714,0.669,0.578,0.473,0.519,0.477,0.68,0.467,0.732,0.492,0.477,0.575,0.698,0.728,0.721,0.579,0.747,0.748,0.766,0.676,0.675,0.654,0.749,0.479,0.524,0.516,0.471,1.0,0.0,0.74,0.621,0.486,0.576,0.758,0.484,0.753,0.468,0.661,0.766,0.467,0.471,0.466,0.672,0.672,0.465,0.512
0.0,0.0,0.0,0.0,0.0,0.0,0.0,0.0,0.0,0.0,0.0,0.0,0.0,0.0,0.0,0.0,0.0,0.0,0.0,0.0,0.0,0.0,0.0,0.0,0.0,0.0,0.0,0.0,0.0,0.0,0.0,0.0,1.0,0.0,0.0,0.0,0.0,0.0,0.0,0.0,0.0,0.0,0.0,0.0,0.0,0.0,0.0,0.0,0.0,0.0
0.539,0.648,0.439,0.448,0.719,0.675,0.588,0.463,0.51,0.469,0.68,0.467,0.773,0.469,0.463,0.586,0.677,0.726,0.716,0.586,0.748,0.858,0.861,0.652,0.641,0.643,0.745,0.465,0.504,0.508,0.463,0.74,0.0,1.0,0.621,0.492,0.587,0.74,0.487,0.747,0.465,0.649,0.756,0.459,0.466,0.455,0.663,0.663,0.458,0.504
0.512,0.742,0.412,0.447,0.655,0.779,0.575,0.445,0.491,0.469,0.675,0.444,0.688,0.454,0.446,0.579,0.696,0.637,0.65,0.573,0.63,0.639,0.643,0.817,0.784,0.721,0.635,0.445,0.497,0.508,0.433,0.621,0.0,0.621,1.0,0.465,0.572,0.627,0.455,0.647,0.439,0.686,0.647,0.436,0.441,0.437,0.688,0.688,0.446,0.49
0.508,0.47,0.414,0.659,0.48,0.5,0.49,0.667,0.514,0.666,0.46,0.653,0.465,0.674,0.674,0.489,0.497,0.495,0.476,0.49,0.487,0.48,0.493,0.495,0.482,0.49,0.482,0.675,0.542,0.496,0.668,0.486,0.0,0.492,0.465,1.0,0.488,0.468,0.681,0.486,0.68,0.474,0.472,0.666,0.669,0.48,0.471,0.471,0.657,0.535
0.537,0.581,0.429,0.465,0.585,0.609,0.988,0.471,0.527,0.464,0.549,0.458,0.576,0.47,0.452,0.95,0.594,0.599,0.587,0.989,0.602,0.598,0.613,0.604,0.605,0.577,0.569,0.465,0.51,0.514,0.454,0.576,0.0,0.587,0.572,0.488,1.0,0.563,0.477,0.586,0.465,0.576,0.573,0.463,0.467,0.464,0.579,0.578,0.448,0.515
0.537,0.667,0.442,0.455,0.743,0.682,0.564,0.483,0.51,0.477,0.706,0.474,0.766,0.478,0.475,0.577,0.658,0.731,0.732,0.565,0.731,0.755,0.763,0.672,0.659,0.66,0.81,0.489,0.521,0.518,0.46,0.758,0.0,0.74,0.627,0.468,0.563,1.0,0.465,0.764,0.472,0.66,0.845,0.475,0.463,0.454,0.673,0.673,0.466,0.514
0.494,0.466,0.411,0.684,0.479,0.508,0.479,0.702,0.496,0.712,0.456,0.698,0.468,0.715,0.722,0.477,0.484,0.476,0.474,0.476,0.474,0.475,0.485,0.48,0.485,0.474,0.461,0.699,0.541,0.49,0.701,0.484,0.0,0.487,0.455,0.681,0.477,0.465,1.0,0.478,0.706,0.479,0.471,0.694,0.697,0.487,0.478,0.478,0.682,0.54
0.543,0.642,0.445,0.465,0.725,0.672,0.587,0.473,0.527,0.496,0.733,0.459,0.801,0.476,0.473,0.594,0.663,0.748,0.748,0.588,0.748,0.77,0.769,0.682,0.65,0.681,0.771,0.474,0.527,0.549,0.471,0.753,0.0,0.747,0.647,0.486,0.586,0.764,0.478,1.0,0.473,0.656,0.791,0.459,0.466,0.467,0.676,0.677,0.463,0.525
0.5,0.473,0.407,0.747,0.48,0.485,0.466,0.748,0.489,0.759,0.444,0.746,0.464,0.775,0.778,0.465,0.465,0.466,0.462,0.466,0.468,0.463,0.472,0.488,0.475,0.467,0.47,0.771,0.537,0.488,0.891,0.468,0.0,0.465,0.439,0.68,0.465,0.472,0.706,0.473,1.0,0.473,0.459,0.768,0.771,0.487,0.467,0.467,0.709,0.531
0.546,0.711,0.434,0.449,0.674,0.733,0.575,0.472,0.505,0.475,0.635,0.475,0.66,0.478,0.458,0.575,0.704,0.66,0.643,0.576,0.644,0.644,0.648,0.731,0.723,0.705,0.646,0.46,0.513,0.507,0.462,0.661,0.0,0.649,0.686,0.474,0.576,0.66,0.479,0.656,0.473,1.0,0.684,0.466,0.464,0.46,0.736,0.736,0.462,0.508
0.529,0.642,0.447,0.451,0.744,0.662,0.574,0.459,0.525,0.48,0.728,0.466,0.786,0.472,0.469,0.583,0.667,0.741,0.746,0.576,0.739,0.774,0.766,0.68,0.66,0.661,0.832,0.462,0.521,0.531,0.456,0.766,0.0,0.756,0.647,0.472,0.573,0.845,0.471,0.791,0.459,0.684,1.0,0.452,0.45,0.463,0.667,0.668,0.457,0.516
0.503,0.496,0.408,0.758,0.467,0.483,0.465,0.909,0.478,0.735,0.439,0.741,0.453,0.778,0.742,0.461,0.467,0.459,0.46,0.462,0.46,0.461,0.471,0.476,0.487,0.481,0.451,0.957,0.526,0.476,0.742,0.467,0.0,0.459,0.436,0.666,0.463,0.475,0.694,0.459,0.768,0.466,0.452,1.0,0.962,0.488,0.456,0.456,0.703,0.523
0.518,0.503,0.407,0.756,0.473,0.481,0.469,0.894,0.478,0.748,0.445,0.753,0.453,0.775,0.743,0.467,0.474,0.458,0.46,0.466,0.462,0.463,0.477,0.481,0.484,0.475,0.45,0.937,0.532,0.477,0.741,0.471,0.0,0.466,0.441,0.669,0.467,0.463,0.697,0.466,0.771,0.464,0.45,0.962,1.0,0.493,0.466,0.466,0.695,0.523
0.534,0.485,0.423,0.474,0.476,0.484,0.464,0.487,0.516,0.494,0.438,0.503,0.459,0.497,0.499,0.465,0.461,0.458,0.455,0.464,0.458,0.456,0.46,0.478,0.472,0.451,0.451,0.484,0.596,0.525,0.479,0.466,0.0,0.455,0.437,0.48,0.464,0.454,0.487,0.467,0.487,0.46,0.463,0.488,0.493,1.0,0.486,0.487,0.49,0.648
0.533,0.71,0.444,0.441,0.703,0.742,0.58,0.456,0.512,0.47,0.647,0.461,0.667,0.467,0.465,0.583,0.716,0.659,0.644,0.582,0.663,0.656,0.666,0.724,0.719,0.719,0.647,0.461,0.515,0.522,0.462,0.672,0.0,0.663,0.688,0.471,0.579,0.673,0.478,0.676,0.467,0.736,0.667,0.456,0.466,0.486,1.0,0.998,0.459,0.523
0.533,0.711,0.444,0.441,0.704,0.743,0.579,0.456,0.512,0.47,0.647,0.461,0.667,0.467,0.465,0.582,0.716,0.659,0.644,0.581,0.663,0.656,0.667,0.724,0.718,0.719,0.647,0.461,0.514,0.522,0.462,0.672,0.0,0.663,0.688,0.471,0.578,0.673,0.478,0.677,0.467,0.736,0.668,0.456,0.466,0.487,0.998,1.0,0.459,0.522
0.482,0.485,0.414,0.697,0.468,0.484,0.451,0.695,0.491,0.707,0.443,0.676,0.459,0.713,0.708,0.46,0.463,0.465,0.458,0.451,0.451,0.465,0.468,0.482,0.484,0.483,0.456,0.713,0.534,0.485,0.704,0.465,0.0,0.458,0.446,0.657,0.448,0.466,0.682,0.463,0.709,0.462,0.457,0.703,0.695,0.49,0.459,0.459,1.0,0.524
0.562,0.516,0.461,0.516,0.519,0.548,0.516,0.533,0.559,0.536,0.495,0.53,0.515,0.549,0.555,0.518,0.519,0.521,0.509,0.518,0.512,0.511,0.517,0.529,0.529,0.512,0.507,0.534,0.841,0.549,0.526,0.512,0.0,0.504,0.49,0.535,0.515,0.514,0.54,0.525,0.531,0.508,0.516,0.523,0.523,0.648,0.523,0.522,0.524,1.0
