GCF_000163235.1_ASM16323v1_genomic.fna,GCF_000164555.1_ASM16455v1_genomic.fna,GCF_000208545.1_ASM20854v2_genomic.fna,GCF_000233875.1_ASM23387v1_genomic.fna,GCF_000249735.1_ASM24973v2_genomic.fna,GCF_000261145.1_Esch_coli_M919_V2_genomic.fna,GCF_000267705.2_ASM26770v2_genomic.fna,GCF_000350665.1_Esch_coli_KTE5_V1_genomic.fna,GCF_000351625.1_Esch_coli_KTE66_V1_genomic.fna,GCF_000352285.1_Esch_coli_KTE46_V1_genomic.fna,GCF_000358895.1_ASM35889v1_genomic.fna,GCF_000456385.1_Esch_coli_HVH_26_4-5703913_V1_genomic.fna,GCF_000458195.1_Esch_coli_HVH_147_4-5893887_V1_genomic.fna,GCF_000459755.1_Esch_coli_KOEGE_58_171a_V1_genomic.fna,GCF_000460055.1_Esch_coli_UMEA_3053-1_V1_genomic.fna,GCF_000462165.2_ASM46216v2_genomic.fna,GCF_000601135.1_ASM60113v1_genomic.fna,GCF_000614595.1_Ec2010EL1058_genomic.fna,GCF_000617745.1_Ec2010C-4529_genomic.fna,GCF_000618265.2_EcF6751_genomic.fna,GCF_000619005.2_Ec2009C-4052_genomic.fna,GCF_000619105.1_Ec2009C-4780_genomic.fna,GCF_000619765.2_Ec2009C-3279_genomic.fna,GCF_000687005.1_ASM68700v1_genomic.fna,GCF_000687025.1_ASM68702v1_genomic.fna,GCF_000700125.1_ASM70012v1_genomic.fna,GCF_000753315.1_FHI35_genomic.fna,GCF_000776375.1_ASM77637v1_genomic.fna,GCF_000779395.1_ASM77939v1_genomic.fna,GCF_000780315.1_ASM78031v1_genomic.fna,GCF_000781995.1_ASM78199v1_genomic.fna,GCF_000986765.1_ASM98676v1_genomic.fna,GCF_001041375.1_ViralProj287958_genomic.fna,GCF_001265335.1_302014_genomic.fna,GCF_001265625.1_100854_genomic.fna,GCF_001267345.1_303289_genomic.fna,GCF_001309985.1_ASM130998v1_genomic.fna,GCF_001521695.1_ASM152169v1_genomic.fna,GCF_001592595.1_ASM159259v1_genomic.fna,GCF_001614975.1_ASM161497v1_genomic.fna,GCF_001692775.1_ASM169277v1_genomic.fna,GCF_001748915.1_ASM174891v1_genomic.fna,GCF_001749235.1_ASM174923v1_genomic.fna,GCF_001881155.1_ASM188115v1_genomic.fna,GCF_001881345.1_ASM188134v1_genomic.fna,GCF_001892405.1_ASM189240v1_genomic.fna,GCF_001892585.1_ASM189258v1_genomic.fna,GCF_001893985.1_ASM189398v1_genomic.fna,GCF_002001595.1_ASM200159v1_genomic.fna,GCF_002002145.1_ASM200214v1_genomic.fna
1.0,0.496,0.413,0.43,0.484,0.475,0.465,0.433,0.595,0.428,0.446,0.445,0.465,0.413,0.421,0.466,0.485,0.478,0.462,0.462,0.448,0.464,0.485,0.469,0.456,0.464,0.474,0.42,0.502,0.592,0.407,0.476,0.0,0.469,0.45,0.421,0.463,0.496,0.421,0.462,0.413,0.47,0.47,0.425,0.437,0.45,0.454,0.452,0.426,0.508
0.496,1.0,0.363,0.41,0.629,0.771,0.52,0.42,0.462,0.408,0.587,0.433,0.604,0.391,0.408,0.521,0.705,0.605,0.606,0.519,0.584,0.603,0.62,0.774,0.772,0.715,0.611,0.408,0.459,0.457,0.394,0.617,0.0,0.601,0.718,0.396,0.519,0.636,0.402,0.591,0.401,0.686,0.608,0.425,0.421,0.42,0.69,0.688,0.428,0.458
0.413,0.363,1.0,0.326,0.349,0.344,0.344,0.336,0.381,0.322,0.344,0.34,0.356,0.325,0.334,0.351,0.362,0.353,0.349,0.345,0.326,0.345,0.356,0.344,0.344,0.348,0.357,0.33,0.382,0.408,0.322,0.365,0.0,0.352,0.326,0.341,0.349,0.366,0.341,0.356,0.327,0.354,0.371,0.338,0.335,0.327,0.338,0.336,0.344,0.38
0.43,0.41,0.326,1.0,0.401,0.392,0.383,0.699,0.425,0.724,0.413,0.736,0.409,0.777,0.747,0.391,0.395,0.402,0.392,0.38,0.374,0.406,0.413,0.415,0.41,0.409,0.393,0.745,0.448,0.422,0.698,0.395,0.0,0.392,0.397,0.599,0.387,0.394,0.663,0.415,0.721,0.384,0.4,0.722,0.723,0.402,0.377,0.377,0.644,0.447
0.484,0.629,0.349,0.401,1.0,0.64,0.514,0.41,0.462,0.396,0.748,0.416,0.682,0.386,0.41,0.523,0.618,0.668,0.682,0.514,0.66,0.68,0.7,0.623,0.606,0.611,0.696,0.403,0.467,0.472,0.391,0.676,0.0,0.677,0.592,0.403,0.523,0.699,0.41,0.696,0.399,0.65,0.705,0.405,0.412,0.416,0.654,0.654,0.41,0.454
0.475,0.771,0.344,0.392,0.64,1.0,0.521,0.416,0.454,0.386,0.597,0.405,0.61,0.384,0.394,0.528,0.696,0.626,0.617,0.52,0.589,0.628,0.637,0.772,0.782,0.7,0.606,0.403,0.464,0.456,0.381,0.603,0.0,0.626,0.744,0.4,0.528,0.618,0.406,0.601,0.389,0.684,0.612,0.406,0.409,0.412,0.694,0.694,0.4,0.461
0.465,0.52,0.344,0.383,0.514,0.521,1.0,0.385,0.46,0.377,0.494,0.393,0.509,0.376,0.379,0.952,0.513,0.547,0.539,0.988,0.537,0.532,0.554,0.508,0.497,0.496,0.522,0.376,0.439,0.456,0.377,0.503,0.0,0.523,0.499,0.412,0.98,0.513,0.404,0.519,0.379,0.521,0.523,0.382,0.389,0.402,0.498,0.496,0.39,0.443
0.433,0.42,0.336,0.699,0.41,0.416,0.385,1.0,0.431,0.702,0.389,0.703,0.412,0.696,0.692,0.393,0.409,0.411,0.402,0.382,0.377,0.411,0.414,0.413,0.401,0.398,0.405,0.892,0.474,0.428,0.678,0.396,0.0,0.404,0.386,0.609,0.387,0.432,0.66,0.406,0.691,0.394,0.416,0.892,0.88,0.421,0.383,0.383,0.65,0.461
0.595,0.462,0.381,0.425,0.462,0.454,0.46,0.431,1.0,0.414,0.436,0.424,0.464,0.413,0.426,0.46,0.451,0.476,0.454,0.459,0.434,0.461,0.472,0.454,0.442,0.442,0.471,0.422,0.501,0.601,0.419,0.452,0.0,0.458,0.435,0.434,0.462,0.462,0.426,0.462,0.422,0.454,0.475,0.423,0.423,0.445,0.438,0.436,0.425,0.503
0.428,0.408,0.322,0.724,0.396,0.386,0.377,0.702,0.414,1.0,0.418,0.703,0.415,0.724,0.678,0.392,0.385,0.398,0.379,0.376,0.363,0.392,0.387,0.414,0.4,0.405,0.394,0.73,0.451,0.42,0.722,0.371,0.0,0.379,0.404,0.601,0.381,0.391,0.656,0.418,0.74,0.372,0.392,0.705,0.717,0.403,0.365,0.364,0.651,0.44
0.446,0.587,0.344,0.413,0.748,0.597,0.494,0.389,0.436,0.418,1.0,0.4,0.706,0.398,0.38,0.513,0.574,0.655,0.656,0.495,0.628,0.668,0.669,0.645,0.61,0.619,0.671,0.404,0.439,0.453,0.378,0.635,0.0,0.649,0.645,0.393,0.505,0.663,0.394,0.707,0.382,0.607,0.688,0.384,0.389,0.379,0.583,0.581,0.39,0.431
0.445,0.433,0.34,0.736,0.416,0.405,0.393,0.703,0.424,0.703,0.4,1.0,0.423,0.738,0.833,0.405,0.406,0.419,0.4,0.389,0.392,0.415,0.421,0.416,0.402,0.407,0.404,0.711,0.478,0.422,0.685,0.409,0.0,0.404,0.394,0.607,0.396,0.414,0.67,0.409,0.71,0.392,0.415,0.712,0.719,0.417,0.391,0.391,0.66,0.446
0.465,0.604,0.356,0.409,0.682,0.61,0.509,0.412,0.464,0.415,0.706,0.423,1.0,0.408,0.401,0.53,0.598,0.701,0.707,0.507,0.706,0.765,0.763,0.626,0.605,0.619,0.743,0.424,0.448,0.471,0.387,0.699,0.0,0.74,0.592,0.397,0.518,0.719,0.405,0.77,0.396,0.629,0.738,0.407,0.408,0.387,0.617,0.614,0.412,0.44
0.413,0.391,0.325,0.777,0.386,0.384,0.376,0.696,0.413,0.724,0.398,0.738,0.408,1.0,0.747,0.384,0.383,0.393,0.374,0.375,0.357,0.387,0.387,0.396,0.393,0.398,0.387,0.746,0.463,0.408,0.698,0.376,0.0,0.375,0.382,0.594,0.38,0.382,0.66,0.399,0.721,0.374,0.385,0.72,0.72,0.421,0.369,0.369,0.653,0.455
0.421,0.408,0.334,0.747,0.41,0.394,0.379,0.692,0.426,0.678,0.38,0.833,0.401,0.747,1.0,0.378,0.401,0.398,0.388,0.379,0.376,0.398,0.411,0.387,0.38,0.393,0.4,0.706,0.462,0.409,0.711,0.401,0.0,0.401,0.378,0.602,0.381,0.408,0.683,0.397,0.725,0.391,0.404,0.708,0.711,0.426,0.399,0.4,0.658,0.481
0.466,0.521,0.351,0.391,0.523,0.528,0.952,0.393,0.46,0.392,0.513,0.405,0.53,0.384,0.378,1.0,0.52,0.55,0.545,0.95,0.514,0.544,0.547,0.523,0.511,0.512,0.519,0.389,0.449,0.466,0.376,0.498,0.0,0.518,0.511,0.412,0.961,0.518,0.403,0.535,0.385,0.527,0.528,0.386,0.396,0.398,0.497,0.495,0.4,0.435
0.485,0.705,0.362,0.395,0.618,0.696,0.513,0.409,0.451,0.385,0.574,0.406,0.598,0.383,0.401,0.52,1.0,0.611,0.594,0.512,0.578,0.607,0.619,0.713,0.688,0.731,0.604,0.405,0.449,0.454,0.38,0.632,0.0,0.619,0.659,0.392,0.517,0.603,0.399,0.588,0.385,0.671,0.609,0.41,0.42,0.401,0.687,0.686,0.405,0.445
0.478,0.605,0.353,0.402,0.668,0.626,0.547,0.411,0.476,0.398,0.655,0.419,0.701,0.393,0.398,0.55,0.611,1.0,0.754,0.545,0.701,0.733,0.732,0.603,0.593,0.6,0.706,0.403,0.456,0.483,0.388,0.686,0.0,0.687,0.585,0.422,0.554,0.682,0.413,0.698,0.393,0.632,0.706,0.404,0.406,0.394,0.616,0.612,0.406,0.448
0.462,0.606,0.349,0.392,0.682,0.617,0.539,0.402,0.454,0.379,0.656,0.4,0.707,0.374,0.388,0.545,0.594,0.754,1.0,0.538,0.716,0.724,0.722,0.59,0.583,0.59,0.712,0.392,0.453,0.458,0.372,0.691,0.0,0.681,0.587,0.415,0.545,0.692,0.413,0.698,0.38,0.632,0.713,0.393,0.396,0.396,0.614,0.61,0.396,0.448
0.462,0.519,0.345,0.38,0.514,0.52,0.988,0.382,0.459,0.376,0.495,0.389,0.507,0.375,0.379,0.95,0.512,0.545,0.538,1.0,0.534,0.53,0.548,0.507,0.496,0.494,0.52,0.374,0.438,0.457,0.377,0.503,0.0,0.519,0.499,0.407,0.98,0.512,0.4,0.52,0.378,0.519,0.522,0.377,0.384,0.402,0.496,0.494,0.388,0.442
0.448,0.584,0.326,0.374,0.66,0.589,0.537,0.377,0.434,0.363,0.628,0.392,0.706,0.357,0.376,0.514,0.578,0.701,0.716,0.534,1.0,0.707,0.733,0.572,0.557,0.579,0.712,0.372,0.421,0.433,0.365,0.716,0.0,0.705,0.557,0.398,0.529,0.689,0.398,0.703,0.366,0.598,0.703,0.377,0.383,0.389,0.601,0.602,0.378,0.437
0.464,0.603,0.345,0.406,0.68,0.628,0.532,0.411,0.461,0.392,0.668,0.415,0.765,0.387,0.398,0.544,0.607,0.733,0.724,0.53,0.707,1.0,0.917,0.612,0.598,0.599,0.721,0.402,0.44,0.452,0.383,0.7,0.0,0.853,0.582,0.411,0.539,0.7,0.415,0.725,0.392,0.617,0.733,0.4,0.401,0.391,0.599,0.596,0.407,0.448
0.485,0.62,0.356,0.413,0.7,0.637,0.554,0.414,0.472,0.387,0.669,0.421,0.763,0.387,0.411,0.547,0.619,0.732,0.722,0.548,0.733,0.917,1.0,0.612,0.602,0.603,0.736,0.403,0.45,0.456,0.393,0.726,0.0,0.854,0.586,0.414,0.551,0.716,0.424,0.724,0.398,0.633,0.736,0.405,0.409,0.394,0.612,0.609,0.406,0.45
0.469,0.774,0.344,0.415,0.623,0.772,0.508,0.413,0.454,0.414,0.645,0.416,0.626,0.396,0.387,0.523,0.713,0.603,0.59,0.507,0.572,0.612,0.612,1.0,0.814,0.752,0.597,0.41,0.452,0.455,0.377,0.598,0.0,0.602,0.809,0.385,0.515,0.596,0.385,0.624,0.384,0.689,0.6,0.396,0.401,0.398,0.663,0.662,0.395,0.442
0.456,0.772,0.344,0.41,0.606,0.782,0.497,0.401,0.442,0.4,0.61,0.402,0.605,0.393,0.38,0.511,0.688,0.593,0.583,0.496,0.557,0.598,0.602,0.814,1.0,0.755,0.577,0.409,0.45,0.438,0.373,0.589,0.0,0.582,0.775,0.387,0.505,0.586,0.389,0.604,0.378,0.667,0.59,0.411,0.398,0.399,0.656,0.655,0.405,0.436
0.464,0.715,0.348,0.409,0.611,0.7,0.496,0.398,0.442,0.405,0.619,0.407,0.619,0.398,0.393,0.512,0.731,0.6,0.59,0.494,0.579,0.599,0.603,0.752,0.755,1.0,0.596,0.407,0.444,0.447,0.375,0.582,0.0,0.583,0.696,0.392,0.504,0.586,0.392,0.634,0.384,0.673,0.591,0.411,0.398,0.392,0.678,0.675,0.413,0.436
0.474,0.611,0.357,0.393,0.696,0.606,0.522,0.405,0.471,0.394,0.671,0.404,0.743,0.387,0.4,0.519,0.604,0.706,0.712,0.52,0.712,0.721,0.736,0.597,0.577,0.596,1.0,0.395,0.451,0.456,0.388,0.724,0.0,0.707,0.564,0.403,0.522,0.812,0.408,0.74,0.394,0.63,0.839,0.402,0.402,0.402,0.622,0.619,0.411,0.446
0.42,0.408,0.33,0.745,0.403,0.403,0.376,0.892,0.422,0.73,0.404,0.711,0.424,0.746,0.706,0.389,0.405,0.403,0.392,0.374,0.372,0.402,0.403,0.41,0.409,0.407,0.395,1.0,0.463,0.42,0.685,0.391,0.0,0.391,0.397,0.611,0.38,0.406,0.657,0.414,0.705,0.388,0.404,0.952,0.939,0.418,0.382,0.381,0.659,0.448
0.502,0.459,0.382,0.448,0.467,0.464,0.439,0.474,0.501,0.451,0.439,0.478,0.448,0.463,0.462,0.449,0.449,0.456,0.453,0.438,0.421,0.44,0.45,0.452,0.45,0.444,0.451,0.463,1.0,0.499,0.447,0.446,0.0,0.438,0.439,0.457,0.447,0.457,0.457,0.455,0.455,0.447,0.46,0.463,0.466,0.563,0.432,0.432,0.45,0.821
0.592,0.457,0.408,0.422,0.472,0.456,0.456,0.428,0.601,0.42,0.453,0.422,0.471,0.408,0.409,0.466,0.454,0.483,0.458,0.457,0.433,0.452,0.456,0.455,0.438,0.447,0.456,0.42,0.499,1.0,0.412,0.444,0.0,0.44,0.434,0.427,0.463,0.455,0.41,0.467,0.421,0.446,0.463,0.42,0.421,0.46,0.436,0.434,0.424,0.497
0.407,0.394,0.322,0.698,0.391,0.381,0.377,0.678,0.419,0.722,0.378,0.685,0.387,0.698,0.711,0.376,0.38,0.388,0.372,0.377,0.365,0.383,0.393,0.377,0.373,0.375,0.388,0.685,0.447,0.412,1.0,0.376,0.0,0.382,0.364,0.6,0.378,0.386,0.659,0.386,0.888,0.375,0.385,0.686,0.687,0.411,0.369,0.368,0.64,0.444
0.476,0.617,0.365,0.395,0.676,0.603,0.503,0.396,0.452,0.371,0.635,0.409,0.699,0.376,0.401,0.498,0.632,0.686,0.691,0.503,0.716,0.7,0.726,0.598,0.589,0.582,0.724,0.391,0.446,0.444,0.376,1.0,0.0,0.697,0.557,0.404,0.501,0.719,0.406,0.719,0.377,0.631,0.73,0.395,0.403,0.4,0.637,0.639,0.4,0.449
0.0,0.0,0.0,0.0,0.0,0.0,0.0,0.0,0.0,0.0,0.0,0.0,0.0,0.0,0.0,0.0,0.0,0.0,0.0,0.0,0.0,0.0,0.0,0.0,0.0,0.0,0.0,0.0,0.0,0.0,0.0,0.0,1.0,0.0,0.0,0.0,0.0,0.0,0.0,0.0,0.0,0.0,0.0,0.0,0.0,0.0,0.0,0.0,0.0,0.0
0.469,0.601,0.352,0.392,0.677,0.626,0.523,0.404,0.458,0.379,0.649,0.404,0.74,0.375,0.401,0.518,0.619,0.687,0.681,0.519,0.705,0.853,0.854,0.602,0.582,0.583,0.707,0.391,0.438,0.44,0.382,0.697,0.0,1.0,0.572,0.414,0.52,0.701,0.421,0.697,0.383,0.623,0.72,0.393,0.398,0.39,0.603,0.602,0.402,0.446
0.45,0.718,0.326,0.397,0.592,0.744,0.499,0.386,0.435,0.404,0.645,0.394,0.592,0.382,0.378,0.511,0.659,0.585,0.587,0.499,0.557,0.582,0.586,0.809,0.775,0.696,0.564,0.397,0.439,0.434,0.364,0.557,0.0,0.572,1.0,0.379,0.508,0.561,0.383,0.596,0.37,0.641,0.573,0.378,0.383,0.383,0.624,0.622,0.373,0.422
0.421,0.396,0.341,0.599,0.403,0.4,0.412,0.609,0.434,0.601,0.393,0.607,0.397,0.594,0.602,0.412,0.392,0.422,0.415,0.407,0.398,0.411,0.414,0.385,0.387,0.392,0.403,0.611,0.457,0.427,0.6,0.404,0.0,0.414,0.379,1.0,0.412,0.403,0.628,0.409,0.606,0.394,0.408,0.616,0.621,0.418,0.374,0.373,0.592,0.452
0.463,0.519,0.349,0.387,0.523,0.528,0.98,0.387,0.462,0.381,0.505,0.396,0.518,0.38,0.381,0.961,0.517,0.554,0.545,0.98,0.529,0.539,0.551,0.515,0.505,0.504,0.522,0.38,0.447,0.463,0.378,0.501,0.0,0.52,0.508,0.412,1.0,0.514,0.401,0.529,0.383,0.524,0.532,0.384,0.391,0.402,0.498,0.496,0.395,0.441
0.496,0.636,0.366,0.394,0.699,0.618,0.513,0.432,0.462,0.391,0.663,0.414,0.719,0.382,0.408,0.518,0.603,0.682,0.692,0.512,0.689,0.7,0.716,0.596,0.586,0.586,0.812,0.406,0.457,0.455,0.386,0.719,0.0,0.701,0.561,0.403,0.514,1.0,0.425,0.728,0.396,0.637,0.843,0.413,0.408,0.407,0.634,0.632,0.414,0.457
0.421,0.402,0.341,0.663,0.41,0.406,0.404,0.66,0.426,0.656,0.394,0.67,0.405,0.66,0.683,0.403,0.399,0.413,0.413,0.4,0.398,0.415,0.424,0.385,0.389,0.392,0.408,0.657,0.457,0.41,0.659,0.406,0.0,0.421,0.383,0.628,0.401,0.425,1.0,0.402,0.661,0.397,0.417,0.658,0.666,0.413,0.381,0.379,0.627,0.46
0.462,0.591,0.356,0.415,0.696,0.601,0.519,0.406,0.462,0.418,0.707,0.409,0.77,0.399,0.397,0.535,0.588,0.698,0.698,0.52,0.703,0.725,0.724,0.624,0.604,0.634,0.74,0.414,0.455,0.467,0.386,0.719,0.0,0.697,0.596,0.409,0.529,0.728,0.402,1.0,0.39,0.629,0.748,0.397,0.401,0.401,0.615,0.612,0.41,0.46
0.413,0.401,0.327,0.721,0.399,0.389,0.379,0.691,0.422,0.74,0.382,0.71,0.396,0.721,0.725,0.385,0.385,0.393,0.38,0.378,0.366,0.392,0.398,0.384,0.378,0.384,0.394,0.705,0.455,0.421,0.888,0.377,0.0,0.383,0.37,0.606,0.383,0.396,0.661,0.39,1.0,0.381,0.391,0.71,0.71,0.411,0.373,0.372,0.653,0.45
0.47,0.686,0.354,0.384,0.65,0.684,0.521,0.394,0.454,0.372,0.607,0.392,0.629,0.374,0.391,0.527,0.671,0.632,0.632,0.519,0.598,0.617,0.633,0.689,0.667,0.673,0.63,0.388,0.447,0.446,0.375,0.631,0.0,0.623,0.641,0.394,0.524,0.637,0.397,0.629,0.381,1.0,0.648,0.389,0.395,0.391,0.712,0.711,0.397,0.438
0.47,0.608,0.371,0.4,0.705,0.612,0.523,0.416,0.475,0.392,0.688,0.415,0.738,0.385,0.404,0.528,0.609,0.706,0.713,0.522,0.703,0.733,0.736,0.6,0.59,0.591,0.839,0.404,0.46,0.463,0.385,0.73,0.0,0.72,0.573,0.408,0.532,0.843,0.417,0.748,0.391,0.648,1.0,0.407,0.411,0.41,0.626,0.623,0.413,0.456
0.425,0.425,0.338,0.722,0.405,0.406,0.382,0.892,0.423,0.705,0.384,0.712,0.407,0.72,0.708,0.386,0.41,0.404,0.393,0.377,0.377,0.4,0.405,0.396,0.411,0.411,0.402,0.952,0.463,0.42,0.686,0.395,0.0,0.393,0.378,0.616,0.384,0.413,0.658,0.397,0.71,0.389,0.407,1.0,0.96,0.425,0.388,0.387,0.681,0.451
0.437,0.421,0.335,0.723,0.412,0.409,0.389,0.88,0.423,0.717,0.389,0.719,0.408,0.72,0.711,0.396,0.42,0.406,0.396,0.384,0.383,0.401,0.409,0.401,0.398,0.398,0.402,0.939,0.466,0.421,0.687,0.403,0.0,0.398,0.383,0.621,0.391,0.408,0.666,0.401,0.71,0.395,0.411,0.96,1.0,0.427,0.392,0.391,0.67,0.456
0.45,0.42,0.327,0.402,0.416,0.412,0.402,0.421,0.445,0.403,0.379,0.417,0.387,0.421,0.426,0.398,0.401,0.394,0.396,0.402,0.389,0.391,0.394,0.398,0.399,0.392,0.402,0.418,0.563,0.46,0.411,0.4,0.0,0.39,0.383,0.418,0.402,0.407,0.413,0.401,0.411,0.391,0.41,0.425,0.427,1.0,0.423,0.425,0.414,0.622
0.454,0.69,0.338,0.377,0.654,0.694,0.498,0.383,0.438,0.365,0.583,0.391,0.617,0.369,0.399,0.497,0.687,0.616,0.614,0.496,0.601,0.599,0.612,0.663,0.656,0.678,0.622,0.382,0.432,0.436,0.369,0.637,0.0,0.603,0.624,0.374,0.498,0.634,0.381,0.615,0.373,0.712,0.626,0.388,0.392,0.423,1.0,0.995,0.392,0.455
0.452,0.688,0.336,0.377,0.654,0.694,0.496,0.383,0.436,0.364,0.581,0.391,0.614,0.369,0.4,0.495,0.686,0.612,0.61,0.494,0.602,0.596,0.609,0.662,0.655,0.675,0.619,0.381,0.432,0.434,0.368,0.639,0.0,0.602,0.622,0.373,0.496,0.632,0.379,0.612,0.372,0.711,0.623,0.387,0.391,0.425,0.995,1.0,0.392,0.457
0.426,0.428,0.344,0.644,0.41,0.4,0.39,0.65,0.425,0.651,0.39,0.66,0.412,0.653,0.658,0.4,0.405,0.406,0.396,0.388,0.378,0.407,0.406,0.395,0.405,0.413,0.411,0.659,0.45,0.424,0.64,0.4,0.0,0.402,0.373,0.592,0.395,0.414,0.627,0.41,0.653,0.397,0.413,0.681,0.67,0.414,0.392,0.392,1.0,0.441
0.508,0.458,0.38,0.447,0.454,0.461,0.443,0.461,0.503,0.44,0.431,0.446,0.44,0.455,0.481,0.435,0.445,0.448,0.448,0.442,0.437,0.448,0.45,0.442,0.436,0.436,0.446,0.448,0.821,0.497,0.444,0.449,0.0,0.446,0.422,0.452,0.441,0.457,0.46,0.46,0.45,0.438,0.456,0.451,0.456,0.622,0.455,0.457,0.441,1.0
