GCF_000163235.1_ASM16323v1_genomic.fna,GCF_000164555.1_ASM16455v1_genomic.fna,GCF_000208545.1_ASM20854v2_genomic.fna,GCF_000233875.1_ASM23387v1_genomic.fna,GCF_000249735.1_ASM24973v2_genomic.fna,GCF_000261145.1_Esch_coli_M919_V2_genomic.fna,GCF_000267705.2_ASM26770v2_genomic.fna,GCF_000350665.1_Esch_coli_KTE5_V1_genomic.fna,GCF_000351625.1_Esch_coli_KTE66_V1_genomic.fna,GCF_000352285.1_Esch_coli_KTE46_V1_genomic.fna,GCF_000358895.1_ASM35889v1_genomic.fna,GCF_000456385.1_Esch_coli_HVH_26_4-5703913_V1_genomic.fna,GCF_000458195.1_Esch_coli_HVH_147_4-5893887_V1_genomic.fna,GCF_000459755.1_Esch_coli_KOEGE_58_171a_V1_genomic.fna,GCF_000460055.1_Esch_coli_UMEA_3053-1_V1_genomic.fna,GCF_000462165.2_ASM46216v2_genomic.fna,GCF_000601135.1_ASM60113v1_genomic.fna,GCF_000614595.1_Ec2010EL1058_genomic.fna,GCF_000617745.1_Ec2010C-4529_genomic.fna,GCF_000618265.2_EcF6751_genomic.fna,GCF_000619005.2_Ec2009C-4052_genomic.fna,GCF_000619105.1_Ec2009C-4780_genomic.fna,GCF_000619765.2_Ec2009C-3279_genomic.fna,GCF_000687005.1_ASM68700v1_genomic.fna,GCF_000687025.1_ASM68702v1_genomic.fna,GCF_000700125.1_ASM70012v1_genomic.fna,GCF_000753315.1_FHI35_genomic.fna,GCF_000776375.1_ASM77637v1_genomic.fna,GCF_000779395.1_ASM77939v1_genomic.fna,GCF_000780315.1_ASM78031v1_genomic.fna,GCF_000781995.1_ASM78199v1_genomic.fna,GCF_000986765.1_ASM98676v1_genomic.fna,GCF_001041375.1_ViralProj287958_genomic.fna,GCF_001265335.1_302014_genomic.fna,GCF_001265625.1_100854_genomic.fna,GCF_001267345.1_303289_genomic.fna,GCF_001309985.1_ASM130998v1_genomic.fna,GCF_001521695.1_ASM152169v1_genomic.fna,GCF_001592595.1_ASM159259v1_genomic.fna,GCF_001614975.1_ASM161497v1_genomic.fna,GCF_001692775.1_ASM169277v1_genomic.fna,GCF_001748915.1_ASM174891v1_genomic.fna,GCF_001749235.1_ASM174923v1_genomic.fna,GCF_001881155.1_ASM188115v1_genomic.fna,GCF_001881345.1_ASM188134v1_genomic.fna,GCF_001892405.1_ASM189240v1_genomic.fna,GCF_001892585.1_ASM189258v1_genomic.fna,GCF_001893985.1_ASM189398v1_genomic.fna,GCF_002001595.1_ASM200159v1_genomic.fna,GCF_002002145.1_ASM200214v1_genomic.fna
1.0,0.898,0.888,0.888,0.91,0.902,0.884,0.886,0.922,0.893,0.881,0.896,0.904,0.891,0.891,0.888,0.902,0.905,0.9,0.884,0.896,0.899,0.886,0.903,0.894,0.907,0.913,0.889,0.898,0.918,0.872,0.893,0.022,0.897,0.882,0.884,0.885,0.899,0.879,0.896,0.886,0.895,0.897,0.884,0.887,0.884,0.893,0.894,0.883,0.897
0.898,1.0,0.895,0.873,0.92,0.944,0.905,0.897,0.892,0.879,0.885,0.897,0.902,0.877,0.885,0.907,0.928,0.909,0.907,0.904,0.911,0.913,0.907,0.94,0.95,0.924,0.913,0.889,0.889,0.889,0.89,0.922,0.021,0.922,0.918,0.886,0.906,0.926,0.892,0.916,0.891,0.931,0.914,0.9,0.9,0.896,0.927,0.927,0.89,0.89
0.888,0.895,1.0,0.86,0.892,0.889,0.883,0.881,0.89,0.868,0.864,0.882,0.887,0.874,0.873,0.89,0.897,0.886,0.879,0.883,0.89,0.889,0.888,0.883,0.895,0.884,0.886,0.874,0.884,0.884,0.88,0.893,0.023,0.892,0.859,0.884,0.884,0.892,0.881,0.885,0.881,0.899,0.894,0.881,0.881,0.89,0.898,0.897,0.88,0.886
0.888,0.873,0.86,1.0,0.888,0.886,0.871,0.913,0.889,0.938,0.88,0.928,0.884,0.938,0.942,0.872,0.871,0.887,0.881,0.872,0.875,0.878,0.873,0.879,0.876,0.892,0.895,0.93,0.894,0.896,0.91,0.871,0.022,0.88,0.873,0.904,0.871,0.872,0.91,0.868,0.931,0.869,0.875,0.92,0.916,0.869,0.869,0.869,0.913,0.888
0.91,0.92,0.892,0.888,1.0,0.923,0.896,0.884,0.916,0.894,0.932,0.893,0.934,0.895,0.894,0.901,0.914,0.929,0.927,0.895,0.924,0.927,0.915,0.925,0.915,0.928,0.937,0.894,0.898,0.912,0.882,0.919,0.021,0.924,0.901,0.895,0.898,0.927,0.893,0.929,0.897,0.912,0.929,0.89,0.887,0.885,0.916,0.916,0.896,0.894
0.902,0.944,0.889,0.886,0.923,1.0,0.91,0.904,0.9,0.887,0.891,0.904,0.91,0.893,0.897,0.912,0.922,0.923,0.917,0.909,0.914,0.925,0.916,0.939,0.947,0.924,0.92,0.9,0.904,0.893,0.892,0.919,0.021,0.925,0.921,0.901,0.91,0.927,0.9,0.916,0.899,0.925,0.92,0.901,0.898,0.892,0.92,0.92,0.902,0.895
0.884,0.905,0.883,0.871,0.896,0.91,1.0,0.898,0.898,0.872,0.866,0.891,0.887,0.878,0.881,0.985,0.904,0.906,0.904,0.996,0.918,0.903,0.921,0.898,0.913,0.889,0.907,0.884,0.885,0.893,0.892,0.918,0.023,0.91,0.879,0.895,0.995,0.902,0.9,0.901,0.881,0.912,0.905,0.9,0.898,0.898,0.904,0.903,0.884,0.884
0.886,0.897,0.881,0.913,0.884,0.904,0.898,1.0,0.877,0.918,0.86,0.932,0.879,0.927,0.922,0.902,0.886,0.883,0.882,0.899,0.896,0.884,0.888,0.88,0.894,0.884,0.884,0.962,0.896,0.882,0.928,0.891,0.025,0.895,0.861,0.915,0.898,0.899,0.93,0.879,0.926,0.892,0.886,0.966,0.961,0.89,0.895,0.895,0.927,0.895
0.922,0.892,0.89,0.889,0.916,0.9,0.898,0.877,1.0,0.882,0.883,0.895,0.91,0.889,0.892,0.901,0.896,0.907,0.902,0.897,0.892,0.899,0.889,0.901,0.898,0.908,0.915,0.887,0.898,0.925,0.88,0.895,0.024,0.898,0.883,0.886,0.9,0.894,0.882,0.9,0.888,0.898,0.896,0.884,0.879,0.883,0.896,0.895,0.882,0.899
0.893,0.879,0.868,0.938,0.894,0.887,0.872,0.918,0.882,1.0,0.878,0.924,0.889,0.938,0.93,0.877,0.877,0.884,0.884,0.872,0.876,0.879,0.872,0.883,0.88,0.897,0.887,0.93,0.892,0.897,0.924,0.873,0.022,0.875,0.869,0.909,0.874,0.879,0.916,0.876,0.937,0.875,0.878,0.918,0.917,0.867,0.872,0.873,0.92,0.887
0.881,0.885,0.864,0.88,0.932,0.891,0.866,0.86,0.883,0.878,1.0,0.865,0.923,0.87,0.87,0.87,0.888,0.905,0.903,0.866,0.894,0.906,0.893,0.897,0.885,0.9,0.913,0.868,0.873,0.896,0.851,0.886,0.022,0.899,0.902,0.867,0.868,0.899,0.862,0.903,0.867,0.886,0.901,0.861,0.858,0.857,0.88,0.88,0.874,0.874
0.896,0.897,0.882,0.928,0.893,0.904,0.891,0.932,0.895,0.924,0.865,1.0,0.887,0.928,0.958,0.894,0.892,0.886,0.887,0.891,0.896,0.893,0.891,0.888,0.895,0.895,0.893,0.933,0.9,0.889,0.921,0.89,0.023,0.902,0.862,0.925,0.89,0.891,0.923,0.891,0.932,0.889,0.89,0.931,0.929,0.887,0.89,0.89,0.924,0.901
0.904,0.902,0.887,0.884,0.934,0.91,0.887,0.879,0.91,0.889,0.923,0.887,1.0,0.892,0.887,0.89,0.909,0.936,0.932,0.887,0.925,0.943,0.924,0.917,0.904,0.917,0.948,0.883,0.896,0.907,0.875,0.917,0.025,0.931,0.901,0.885,0.888,0.931,0.873,0.931,0.885,0.911,0.929,0.876,0.873,0.88,0.907,0.906,0.888,0.89
0.891,0.877,0.874,0.938,0.895,0.893,0.878,0.927,0.889,0.938,0.87,0.928,0.892,1.0,0.94,0.88,0.875,0.891,0.885,0.878,0.874,0.88,0.869,0.883,0.884,0.894,0.891,0.94,0.897,0.895,0.92,0.88,0.022,0.881,0.869,0.918,0.877,0.879,0.925,0.871,0.938,0.877,0.875,0.929,0.924,0.873,0.878,0.878,0.927,0.886
0.891,0.885,0.873,0.942,0.894,0.897,0.881,0.922,0.892,0.93,0.87,0.958,0.887,0.94,1.0,0.884,0.889,0.884,0.884,0.883,0.884,0.886,0.878,0.887,0.891,0.9,0.896,0.939,0.905,0.894,0.924,0.88,0.023,0.889,0.865,0.919,0.88,0.88,0.921,0.884,0.944,0.883,0.883,0.927,0.923,0.881,0.884,0.884,0.922,0.901
0.888,0.907,0.89,0.872,0.901,0.912,0.985,0.902,0.901,0.877,0.87,0.894,0.89,0.88,0.884,1.0,0.908,0.903,0.904,0.982,0.915,0.904,0.919,0.898,0.915,0.893,0.905,0.891,0.89,0.898,0.891,0.92,0.023,0.906,0.878,0.899,0.985,0.908,0.902,0.908,0.885,0.915,0.906,0.905,0.905,0.898,0.91,0.91,0.892,0.893
0.902,0.928,0.897,0.871,0.914,0.922,0.904,0.886,0.896,0.877,0.888,0.892,0.909,0.875,0.889,0.908,1.0,0.907,0.909,0.902,0.907,0.914,0.905,0.927,0.932,0.931,0.91,0.883,0.898,0.895,0.873,0.917,0.022,0.915,0.902,0.894,0.903,0.913,0.887,0.912,0.885,0.926,0.909,0.888,0.889,0.889,0.921,0.921,0.89,0.897
0.905,0.909,0.886,0.887,0.929,0.923,0.906,0.883,0.907,0.884,0.905,0.886,0.936,0.891,0.884,0.903,0.907,1.0,0.949,0.905,0.93,0.938,0.924,0.923,0.912,0.915,0.949,0.883,0.898,0.906,0.878,0.921,0.023,0.93,0.907,0.889,0.905,0.926,0.881,0.932,0.886,0.913,0.924,0.88,0.878,0.878,0.911,0.911,0.891,0.89
0.9,0.907,0.879,0.881,0.927,0.917,0.904,0.882,0.902,0.884,0.903,0.887,0.932,0.885,0.884,0.904,0.909,0.949,1.0,0.902,0.935,0.942,0.924,0.923,0.912,0.917,0.944,0.884,0.895,0.9,0.873,0.919,0.024,0.921,0.898,0.887,0.905,0.925,0.879,0.925,0.882,0.914,0.925,0.878,0.876,0.876,0.911,0.911,0.894,0.895
0.884,0.904,0.883,0.872,0.895,0.909,0.996,0.899,0.897,0.872,0.866,0.891,0.887,0.878,0.883,0.982,0.902,0.905,0.902,1.0,0.917,0.903,0.919,0.894,0.913,0.889,0.907,0.884,0.887,0.893,0.892,0.921,0.024,0.909,0.876,0.895,0.993,0.902,0.898,0.901,0.881,0.913,0.904,0.9,0.899,0.898,0.904,0.903,0.884,0.884
0.896,0.911,0.89,0.875,0.924,0.914,0.918,0.896,0.892,0.876,0.894,0.896,0.925,0.874,0.884,0.915,0.907,0.93,0.935,0.917,1.0,0.946,0.951,0.91,0.917,0.906,0.932,0.881,0.879,0.889,0.887,0.93,0.023,0.94,0.886,0.889,0.917,0.931,0.891,0.927,0.882,0.919,0.927,0.893,0.891,0.888,0.923,0.922,0.885,0.887
0.899,0.913,0.889,0.878,0.927,0.925,0.903,0.884,0.899,0.879,0.906,0.893,0.943,0.88,0.886,0.904,0.914,0.938,0.942,0.903,0.946,1.0,0.96,0.918,0.916,0.912,0.938,0.887,0.893,0.894,0.875,0.924,0.025,0.952,0.89,0.888,0.904,0.934,0.881,0.94,0.886,0.914,0.936,0.883,0.881,0.886,0.912,0.912,0.895,0.897
0.886,0.907,0.888,0.873,0.915,0.916,0.921,0.888,0.889,0.872,0.893,0.891,0.924,0.869,0.878,0.919,0.905,0.924,0.924,0.919,0.951,0.96,1.0,0.903,0.912,0.897,0.926,0.878,0.886,0.88,0.884,0.936,0.022,0.95,0.877,0.885,0.918,0.931,0.894,0.924,0.877,0.92,0.923,0.892,0.894,0.897,0.911,0.91,0.888,0.887
0.903,0.94,0.883,0.879,0.925,0.939,0.898,0.88,0.901,0.883,0.897,0.888,0.917,0.883,0.887,0.898,0.927,0.923,0.923,0.894,0.91,0.918,0.903,1.0,0.944,0.934,0.923,0.885,0.902,0.902,0.871,0.913,0.021,0.915,0.936,0.882,0.897,0.911,0.879,0.909,0.885,0.922,0.913,0.878,0.877,0.884,0.913,0.913,0.885,0.895
0.894,0.95,0.895,0.876,0.915,0.947,0.913,0.894,0.898,0.88,0.885,0.895,0.904,0.884,0.891,0.915,0.932,0.912,0.912,0.913,0.917,0.916,0.912,0.944,1.0,0.928,0.913,0.89,0.899,0.896,0.888,0.925,0.021,0.924,0.915,0.895,0.915,0.922,0.897,0.911,0.893,0.929,0.916,0.896,0.894,0.902,0.924,0.925,0.896,0.893
0.907,0.924,0.884,0.892,0.928,0.924,0.889,0.884,0.908,0.897,0.9,0.895,0.917,0.894,0.9,0.893,0.931,0.915,0.917,0.889,0.906,0.912,0.897,0.934,0.928,1.0,0.919,0.891,0.902,0.907,0.88,0.9,0.022,0.905,0.918,0.886,0.891,0.909,0.885,0.908,0.898,0.919,0.906,0.889,0.886,0.885,0.913,0.912,0.89,0.9
0.913,0.913,0.886,0.895,0.937,0.92,0.907,0.884,0.915,0.887,0.913,0.893,0.948,0.891,0.896,0.905,0.91,0.949,0.944,0.907,0.932,0.938,0.926,0.923,0.913,0.919,1.0,0.888,0.899,0.909,0.881,0.927,0.025,0.932,0.906,0.889,0.909,0.946,0.881,0.931,0.892,0.912,0.946,0.885,0.881,0.882,0.911,0.911,0.89,0.894
0.889,0.889,0.874,0.93,0.894,0.9,0.884,0.962,0.887,0.93,0.868,0.933,0.883,0.94,0.939,0.891,0.883,0.883,0.884,0.884,0.881,0.887,0.878,0.885,0.89,0.891,0.888,1.0,0.9,0.889,0.926,0.878,0.021,0.883,0.862,0.913,0.885,0.886,0.916,0.878,0.943,0.882,0.883,0.98,0.971,0.881,0.888,0.889,0.927,0.895
0.898,0.889,0.884,0.894,0.898,0.904,0.885,0.896,0.898,0.892,0.873,0.9,0.896,0.897,0.905,0.89,0.898,0.898,0.895,0.887,0.879,0.893,0.886,0.902,0.899,0.902,0.899,0.9,1.0,0.892,0.887,0.892,0.024,0.894,0.876,0.898,0.886,0.894,0.893,0.886,0.901,0.899,0.883,0.894,0.894,0.89,0.891,0.892,0.903,0.95
0.918,0.889,0.884,0.896,0.912,0.893,0.893,0.882,0.925,0.897,0.896,0.889,0.907,0.895,0.894,0.898,0.895,0.906,0.9,0.893,0.889,0.894,0.88,0.902,0.896,0.907,0.909,0.889,0.892,1.0,0.88,0.888,0.027,0.89,0.892,0.889,0.893,0.899,0.883,0.902,0.892,0.895,0.9,0.885,0.884,0.888,0.888,0.889,0.891,0.888
0.872,0.89,0.88,0.91,0.882,0.892,0.892,0.928,0.88,0.924,0.851,0.921,0.875,0.92,0.924,0.891,0.873,0.878,0.873,0.892,0.887,0.875,0.884,0.871,0.888,0.88,0.881,0.926,0.887,0.88,1.0,0.889,0.022,0.889,0.847,0.91,0.892,0.892,0.926,0.881,0.95,0.886,0.884,0.933,0.926,0.89,0.89,0.889,0.917,0.879
0.893,0.922,0.893,0.871,0.919,0.919,0.918,0.891,0.895,0.873,0.886,0.89,0.917,0.88,0.88,0.92,0.917,0.921,0.919,0.921,0.93,0.924,0.936,0.913,0.925,0.9,0.927,0.878,0.892,0.888,0.889,1.0,0.022,0.929,0.884,0.89,0.919,0.941,0.893,0.931,0.882,0.924,0.93,0.89,0.894,0.903,0.923,0.922,0.885,0.885
0.022,0.021,0.023,0.022,0.021,0.021,0.023,0.025,0.024,0.022,0.022,0.023,0.025,0.022,0.023,0.023,0.022,0.023,0.024,0.024,0.023,0.025,0.022,0.021,0.021,0.022,0.025,0.021,0.024,0.027,0.022,0.022,1.0,0.024,0.024,0.024,0.023,0.026,0.023,0.024,0.023,0.022,0.024,0.021,0.02,0.025,0.022,0.022,0.023,0.023
0.897,0.922,0.892,0.88,0.924,0.925,0.91,0.895,0.898,0.875,0.899,0.902,0.931,0.881,0.889,0.906,0.915,0.93,0.921,0.909,0.94,0.952,0.95,0.915,0.924,0.905,0.932,0.883,0.894,0.89,0.889,0.929,0.024,1.0,0.892,0.896,0.91,0.934,0.896,0.928,0.888,0.92,0.936,0.891,0.893,0.892,0.918,0.917,0.893,0.889
0.882,0.918,0.859,0.873,0.901,0.921,0.879,0.861,0.883,0.869,0.902,0.862,0.901,0.869,0.865,0.878,0.902,0.907,0.898,0.876,0.886,0.89,0.877,0.936,0.915,0.918,0.906,0.862,0.876,0.892,0.847,0.884,0.024,0.892,1.0,0.866,0.878,0.894,0.86,0.891,0.86,0.899,0.888,0.86,0.861,0.859,0.894,0.894,0.865,0.868
0.884,0.886,0.884,0.904,0.895,0.901,0.895,0.915,0.886,0.909,0.867,0.925,0.885,0.918,0.919,0.899,0.894,0.889,0.887,0.895,0.889,0.888,0.885,0.882,0.895,0.886,0.889,0.913,0.898,0.889,0.91,0.89,0.024,0.896,0.866,1.0,0.895,0.885,0.933,0.89,0.917,0.89,0.888,0.915,0.913,0.88,0.882,0.883,0.919,0.892
0.885,0.906,0.884,0.871,0.898,0.91,0.995,0.898,0.9,0.874,0.868,0.89,0.888,0.877,0.88,0.985,0.903,0.905,0.905,0.993,0.917,0.904,0.918,0.897,0.915,0.891,0.909,0.885,0.886,0.893,0.892,0.919,0.023,0.91,0.878,0.895,1.0,0.905,0.899,0.903,0.881,0.911,0.907,0.899,0.897,0.898,0.904,0.903,0.885,0.886
0.899,0.926,0.892,0.872,0.927,0.927,0.902,0.899,0.894,0.879,0.899,0.891,0.931,0.879,0.88,0.908,0.913,0.926,0.925,0.902,0.931,0.934,0.931,0.911,0.922,0.909,0.946,0.886,0.894,0.899,0.892,0.941,0.026,0.934,0.894,0.885,0.905,1.0,0.896,0.938,0.889,0.922,0.955,0.895,0.893,0.895,0.926,0.926,0.895,0.889
0.879,0.892,0.881,0.91,0.893,0.9,0.9,0.93,0.882,0.916,0.862,0.923,0.873,0.925,0.921,0.902,0.887,0.881,0.879,0.898,0.891,0.881,0.894,0.879,0.897,0.885,0.881,0.916,0.893,0.883,0.926,0.893,0.023,0.896,0.86,0.933,0.899,0.896,1.0,0.884,0.922,0.895,0.885,0.927,0.926,0.885,0.89,0.89,0.925,0.892
0.896,0.916,0.885,0.868,0.929,0.916,0.901,0.879,0.9,0.876,0.903,0.891,0.931,0.871,0.884,0.908,0.912,0.932,0.925,0.901,0.927,0.94,0.924,0.909,0.911,0.908,0.931,0.878,0.886,0.902,0.881,0.931,0.024,0.928,0.891,0.89,0.903,0.938,0.884,1.0,0.88,0.917,0.934,0.88,0.878,0.884,0.924,0.924,0.888,0.892
0.886,0.891,0.881,0.931,0.897,0.899,0.881,0.926,0.888,0.937,0.867,0.932,0.885,0.938,0.944,0.885,0.885,0.886,0.882,0.881,0.882,0.886,0.877,0.885,0.893,0.898,0.892,0.943,0.901,0.892,0.95,0.882,0.023,0.888,0.86,0.917,0.881,0.889,0.922,0.88,1.0,0.884,0.884,0.934,0.927,0.883,0.885,0.885,0.93,0.898
0.895,0.931,0.899,0.869,0.912,0.925,0.912,0.892,0.898,0.875,0.886,0.889,0.911,0.877,0.883,0.915,0.926,0.913,0.914,0.913,0.919,0.914,0.92,0.922,0.929,0.919,0.912,0.882,0.899,0.895,0.886,0.924,0.022,0.92,0.899,0.89,0.911,0.922,0.895,0.917,0.884,1.0,0.925,0.897,0.895,0.894,0.939,0.938,0.888,0.897
0.897,0.914,0.894,0.875,0.929,0.92,0.905,0.886,0.896,0.878,0.901,0.89,0.929,0.875,0.883,0.906,0.909,0.924,0.925,0.904,0.927,0.936,0.923,0.913,0.916,0.906,0.946,0.883,0.883,0.9,0.884,0.93,0.024,0.936,0.888,0.888,0.907,0.955,0.885,0.934,0.884,0.925,1.0,0.888,0.886,0.888,0.921,0.921,0.888,0.881
0.884,0.9,0.881,0.92,0.89,0.901,0.9,0.966,0.884,0.918,0.861,0.931,0.876,0.929,0.927,0.905,0.888,0.88,0.878,0.9,0.893,0.883,0.892,0.878,0.896,0.889,0.885,0.98,0.894,0.885,0.933,0.89,0.021,0.891,0.86,0.915,0.899,0.895,0.927,0.88,0.934,0.897,0.888,1.0,0.985,0.893,0.897,0.897,0.925,0.89
0.887,0.9,0.881,0.916,0.887,0.898,0.898,0.961,0.879,0.917,0.858,0.929,0.873,0.924,0.923,0.905,0.889,0.878,0.876,0.899,0.891,0.881,0.894,0.877,0.894,0.886,0.881,0.971,0.894,0.884,0.926,0.894,0.02,0.893,0.861,0.913,0.897,0.893,0.926,0.878,0.927,0.895,0.886,0.985,1.0,0.89,0.897,0.897,0.921,0.889
0.884,0.896,0.89,0.869,0.885,0.892,0.898,0.89,0.883,0.867,0.857,0.887,0.88,0.873,0.881,0.898,0.889,0.878,0.876,0.898,0.888,0.886,0.897,0.884,0.902,0.885,0.882,0.881,0.89,0.888,0.89,0.903,0.025,0.892,0.859,0.88,0.898,0.895,0.885,0.884,0.883,0.894,0.888,0.893,0.89,1.0,0.897,0.897,0.887,0.901
0.893,0.927,0.898,0.869,0.916,0.92,0.904,0.895,0.896,0.872,0.88,0.89,0.907,0.878,0.884,0.91,0.921,0.911,0.911,0.904,0.923,0.912,0.911,0.913,0.924,0.913,0.911,0.888,0.891,0.888,0.89,0.923,0.022,0.918,0.894,0.882,0.904,0.926,0.89,0.924,0.885,0.939,0.921,0.897,0.897,0.897,1.0,0.999,0.889,0.898
0.894,0.927,0.897,0.869,0.916,0.92,0.903,0.895,0.895,0.873,0.88,0.89,0.906,0.878,0.884,0.91,0.921,0.911,0.911,0.903,0.922,0.912,0.91,0.913,0.925,0.912,0.911,0.889,0.892,0.889,0.889,0.922,0.022,0.917,0.894,0.883,0.903,0.926,0.89,0.924,0.885,0.938,0.921,0.897,0.897,0.897,0.999,1.0,0.89,0.899
0.883,0.89,0.88,0.913,0.896,0.902,0.884,0.927,0.882,0.92,0.874,0.924,0.888,0.927,0.922,0.892,0.89,0.891,0.894,0.884,0.885,0.895,0.888,0.885,0.896,0.89,0.89,0.927,0.903,0.891,0.917,0.885,0.023,0.893,0.865,0.919,0.885,0.895,0.925,0.888,0.93,0.888,0.888,0.925,0.921,0.887,0.889,0.89,1.0,0.9
0.897,0.89,0.886,0.888,0.894,0.895,0.884,0.895,0.899,0.887,0.874,0.901,0.89,0.886,0.901,0.893,0.897,0.89,0.895,0.884,0.887,0.897,0.887,0.895,0.893,0.9,0.894,0.895,0.95,0.888,0.879,0.885,0.023,0.889,0.868,0.892,0.886,0.889,0.892,0.892,0.898,0.897,0.881,0.89,0.889,0.901,0.898,0.899,0.9,1.0
