GCF_000163235.1_ASM16323v1_genomic.fna,GCF_000164555.1_ASM16455v1_genomic.fna,GCF_000208545.1_ASM20854v2_genomic.fna,GCF_000233875.1_ASM23387v1_genomic.fna,GCF_000249735.1_ASM24973v2_genomic.fna,GCF_000261145.1_Esch_coli_M919_V2_genomic.fna,GCF_000267705.2_ASM26770v2_genomic.fna,GCF_000350665.1_Esch_coli_KTE5_V1_genomic.fna,GCF_000351625.1_Esch_coli_KTE66_V1_genomic.fna,GCF_000352285.1_Esch_coli_KTE46_V1_genomic.fna,GCF_000358895.1_ASM35889v1_genomic.fna,GCF_000456385.1_Esch_coli_HVH_26_4-5703913_V1_genomic.fna,GCF_000458195.1_Esch_coli_HVH_147_4-5893887_V1_genomic.fna,GCF_000459755.1_Esch_coli_KOEGE_58_171a_V1_genomic.fna,GCF_000460055.1_Esch_coli_UMEA_3053-1_V1_genomic.fna,GCF_000462165.2_ASM46216v2_genomic.fna,GCF_000601135.1_ASM60113v1_genomic.fna,GCF_000614595.1_Ec2010EL1058_genomic.fna,GCF_000617745.1_Ec2010C-4529_genomic.fna,GCF_000618265.2_EcF6751_genomic.fna,GCF_000619005.2_Ec2009C-4052_genomic.fna,GCF_000619105.1_Ec2009C-4780_genomic.fna,GCF_000619765.2_Ec2009C-3279_genomic.fna,GCF_000687005.1_ASM68700v1_genomic.fna,GCF_000687025.1_ASM68702v1_genomic.fna,GCF_000700125.1_ASM70012v1_genomic.fna,GCF_000753315.1_FHI35_genomic.fna,GCF_000776375.1_ASM77637v1_genomic.fna,GCF_000779395.1_ASM77939v1_genomic.fna,GCF_000780315.1_ASM78031v1_genomic.fna,GCF_000781995.1_ASM78199v1_genomic.fna,GCF_000986765.1_ASM98676v1_genomic.fna,GCF_001041375.1_ViralProj287958_genomic.fna,GCF_001265335.1_302014_genomic.fna,GCF_001265625.1_100854_genomic.fna,GCF_001267345.1_303289_genomic.fna,GCF_001309985.1_ASM130998v1_genomic.fna,GCF_001521695.1_ASM152169v1_genomic.fna,GCF_001592595.1_ASM159259v1_genomic.fna,GCF_001614975.1_ASM161497v1_genomic.fna,GCF_001692775.1_ASM169277v1_genomic.fna,GCF_001748915.1_ASM174891v1_genomic.fna,GCF_001749235.1_ASM174923v1_genomic.fna,GCF_001881155.1_ASM188115v1_genomic.fna,GCF_001881345.1_ASM188134v1_genomic.fna,GCF_001892405.1_ASM189240v1_genomic.fna,GCF_001892585.1_ASM189258v1_genomic.fna,GCF_001893985.1_ASM189398v1_genomic.fna,GCF_002001595.1_ASM200159v1_genomic.fna,GCF_002002145.1_ASM200214v1_genomic.fna
1.0,0.906,0.903,0.89,0.91,0.904,0.894,0.9,0.928,0.889,0.878,0.9,0.894,0.891,0.885,0.893,0.892,0.906,0.891,0.892,0.892,0.894,0.897,0.896,0.896,0.898,0.889,0.898,0.907,0.935,0.888,0.895,0.026,0.904,0.879,0.886,0.892,0.9,0.896,0.899,0.892,0.902,0.889,0.894,0.898,0.887,0.902,0.902,0.89,0.901
0.906,1.0,0.887,0.889,0.923,0.945,0.904,0.894,0.894,0.881,0.898,0.895,0.913,0.882,0.88,0.905,0.922,0.917,0.908,0.9,0.908,0.913,0.917,0.933,0.938,0.921,0.912,0.895,0.896,0.895,0.886,0.923,0.023,0.919,0.908,0.88,0.901,0.924,0.895,0.915,0.891,0.928,0.908,0.902,0.899,0.88,0.925,0.927,0.885,0.892
0.903,0.887,1.0,0.882,0.905,0.899,0.873,0.88,0.9,0.876,0.874,0.887,0.888,0.884,0.879,0.874,0.885,0.893,0.882,0.869,0.896,0.888,0.887,0.885,0.888,0.889,0.885,0.883,0.896,0.904,0.871,0.88,0.025,0.887,0.865,0.88,0.869,0.896,0.887,0.885,0.875,0.89,0.878,0.879,0.882,0.879,0.896,0.896,0.88,0.882
0.89,0.889,0.882,1.0,0.897,0.891,0.882,0.931,0.885,0.931,0.878,0.936,0.888,0.958,0.95,0.877,0.89,0.895,0.893,0.876,0.896,0.89,0.89,0.885,0.897,0.891,0.891,0.944,0.905,0.895,0.935,0.885,0.024,0.891,0.873,0.909,0.878,0.894,0.923,0.888,0.94,0.882,0.885,0.937,0.938,0.877,0.885,0.884,0.917,0.904
0.91,0.923,0.905,0.897,1.0,0.924,0.904,0.892,0.903,0.89,0.936,0.897,0.935,0.893,0.891,0.906,0.921,0.942,0.923,0.901,0.938,0.932,0.931,0.924,0.919,0.927,0.927,0.895,0.906,0.91,0.887,0.928,0.025,0.934,0.897,0.889,0.9,0.938,0.894,0.945,0.886,0.927,0.934,0.89,0.893,0.869,0.923,0.923,0.891,0.898
0.904,0.945,0.899,0.891,0.924,1.0,0.895,0.895,0.903,0.888,0.905,0.897,0.919,0.887,0.892,0.899,0.932,0.922,0.912,0.892,0.916,0.915,0.924,0.936,0.952,0.926,0.918,0.897,0.903,0.902,0.895,0.912,0.025,0.924,0.929,0.884,0.892,0.92,0.9,0.922,0.889,0.929,0.913,0.896,0.894,0.875,0.931,0.931,0.893,0.896
0.894,0.904,0.873,0.882,0.904,0.895,1.0,0.89,0.888,0.876,0.888,0.888,0.903,0.882,0.883,0.987,0.89,0.912,0.902,0.99,0.907,0.904,0.907,0.89,0.883,0.888,0.894,0.892,0.878,0.885,0.883,0.91,0.023,0.901,0.87,0.876,0.993,0.893,0.888,0.897,0.884,0.907,0.891,0.897,0.892,0.879,0.894,0.895,0.877,0.882
0.9,0.894,0.88,0.931,0.892,0.895,0.89,1.0,0.888,0.921,0.868,0.931,0.888,0.927,0.912,0.888,0.883,0.89,0.882,0.885,0.886,0.889,0.896,0.886,0.893,0.886,0.887,0.97,0.896,0.894,0.928,0.892,0.025,0.895,0.867,0.906,0.886,0.895,0.923,0.887,0.929,0.903,0.881,0.968,0.967,0.893,0.893,0.894,0.92,0.896
0.928,0.894,0.9,0.885,0.903,0.903,0.888,0.888,1.0,0.882,0.883,0.891,0.897,0.89,0.878,0.89,0.901,0.907,0.896,0.884,0.895,0.899,0.901,0.891,0.893,0.904,0.894,0.891,0.914,0.927,0.887,0.888,0.027,0.903,0.879,0.892,0.885,0.901,0.898,0.901,0.885,0.894,0.896,0.887,0.889,0.885,0.898,0.898,0.891,0.914
0.889,0.881,0.876,0.931,0.89,0.888,0.876,0.921,0.882,1.0,0.893,0.916,0.884,0.936,0.92,0.874,0.887,0.891,0.884,0.87,0.889,0.885,0.881,0.891,0.892,0.886,0.885,0.927,0.89,0.889,0.929,0.872,0.024,0.881,0.882,0.919,0.872,0.884,0.919,0.89,0.924,0.877,0.887,0.919,0.922,0.865,0.874,0.874,0.921,0.896
0.878,0.898,0.874,0.878,0.936,0.905,0.888,0.868,0.883,0.893,1.0,0.878,0.927,0.878,0.877,0.889,0.908,0.928,0.912,0.882,0.925,0.925,0.918,0.922,0.915,0.905,0.928,0.87,0.886,0.885,0.869,0.909,0.025,0.915,0.916,0.883,0.884,0.917,0.875,0.932,0.868,0.908,0.932,0.865,0.866,0.846,0.899,0.899,0.876,0.888
0.9,0.895,0.887,0.936,0.897,0.897,0.888,0.931,0.891,0.916,0.878,1.0,0.888,0.936,0.949,0.888,0.883,0.889,0.891,0.885,0.898,0.888,0.893,0.886,0.887,0.888,0.886,0.931,0.907,0.901,0.928,0.884,0.026,0.891,0.866,0.912,0.886,0.899,0.927,0.891,0.932,0.889,0.886,0.927,0.929,0.879,0.892,0.891,0.915,0.902
0.894,0.913,0.888,0.888,0.935,0.919,0.903,0.888,0.897,0.884,0.927,0.888,1.0,0.885,0.89,0.906,0.913,0.941,0.939,0.898,0.936,0.94,0.941,0.918,0.916,0.912,0.941,0.883,0.897,0.898,0.888,0.916,0.024,0.934,0.894,0.881,0.898,0.936,0.888,0.942,0.883,0.916,0.936,0.878,0.879,0.866,0.917,0.917,0.888,0.898
0.891,0.882,0.884,0.958,0.893,0.887,0.882,0.927,0.89,0.936,0.878,0.936,0.885,1.0,0.949,0.88,0.889,0.896,0.889,0.876,0.894,0.888,0.886,0.879,0.89,0.885,0.888,0.941,0.901,0.898,0.942,0.881,0.024,0.883,0.865,0.92,0.878,0.893,0.924,0.885,0.947,0.88,0.887,0.933,0.933,0.879,0.88,0.879,0.931,0.905
0.885,0.88,0.879,0.95,0.891,0.892,0.883,0.912,0.878,0.92,0.877,0.949,0.89,0.949,1.0,0.882,0.887,0.893,0.895,0.878,0.899,0.889,0.886,0.884,0.889,0.891,0.889,0.925,0.903,0.892,0.929,0.883,0.024,0.883,0.862,0.909,0.88,0.895,0.92,0.892,0.937,0.878,0.886,0.917,0.919,0.874,0.888,0.887,0.913,0.907
0.893,0.905,0.874,0.877,0.906,0.899,0.987,0.888,0.89,0.874,0.889,0.888,0.906,0.88,0.882,1.0,0.889,0.912,0.903,0.986,0.904,0.902,0.907,0.892,0.883,0.892,0.895,0.891,0.883,0.887,0.885,0.908,0.023,0.901,0.868,0.881,0.986,0.894,0.891,0.899,0.885,0.906,0.894,0.894,0.89,0.889,0.897,0.898,0.88,0.887
0.892,0.922,0.885,0.89,0.921,0.932,0.89,0.883,0.901,0.887,0.908,0.883,0.913,0.889,0.887,0.889,1.0,0.922,0.913,0.886,0.918,0.917,0.912,0.935,0.941,0.936,0.918,0.889,0.898,0.891,0.882,0.904,0.024,0.914,0.911,0.89,0.886,0.917,0.892,0.924,0.876,0.922,0.916,0.887,0.883,0.865,0.923,0.922,0.893,0.899
0.906,0.917,0.893,0.895,0.942,0.922,0.912,0.89,0.907,0.891,0.928,0.889,0.941,0.896,0.893,0.912,0.922,1.0,0.947,0.908,0.947,0.949,0.944,0.927,0.919,0.926,0.938,0.889,0.903,0.905,0.886,0.925,0.024,0.934,0.899,0.896,0.908,0.931,0.89,0.942,0.883,0.924,0.932,0.884,0.884,0.873,0.913,0.913,0.89,0.904
0.891,0.908,0.882,0.893,0.923,0.912,0.902,0.882,0.896,0.884,0.912,0.891,0.939,0.889,0.895,0.903,0.913,0.947,1.0,0.896,0.934,0.941,0.935,0.921,0.912,0.913,0.93,0.884,0.893,0.893,0.889,0.909,0.025,0.92,0.898,0.888,0.898,0.921,0.891,0.934,0.88,0.915,0.924,0.88,0.88,0.866,0.905,0.904,0.885,0.896
0.892,0.9,0.869,0.876,0.901,0.892,0.99,0.885,0.884,0.87,0.882,0.885,0.898,0.876,0.878,0.986,0.886,0.908,0.896,1.0,0.903,0.898,0.904,0.886,0.879,0.887,0.891,0.886,0.875,0.884,0.879,0.905,0.023,0.899,0.865,0.874,0.997,0.89,0.884,0.893,0.879,0.904,0.887,0.891,0.888,0.886,0.892,0.893,0.874,0.879
0.892,0.908,0.896,0.896,0.938,0.916,0.907,0.886,0.895,0.889,0.925,0.898,0.936,0.894,0.899,0.904,0.918,0.947,0.934,0.903,1.0,0.937,0.936,0.917,0.91,0.915,0.933,0.891,0.897,0.898,0.886,0.919,0.025,0.929,0.894,0.889,0.904,0.931,0.902,0.932,0.89,0.914,0.929,0.885,0.884,0.86,0.913,0.913,0.89,0.894
0.894,0.913,0.888,0.89,0.932,0.915,0.904,0.889,0.899,0.885,0.925,0.888,0.94,0.888,0.889,0.902,0.917,0.949,0.941,0.898,0.937,1.0,0.979,0.925,0.919,0.917,0.935,0.887,0.893,0.895,0.883,0.918,0.025,0.957,0.9,0.891,0.9,0.926,0.892,0.944,0.883,0.916,0.936,0.885,0.883,0.868,0.913,0.913,0.886,0.896
0.897,0.917,0.887,0.89,0.931,0.924,0.907,0.896,0.901,0.881,0.918,0.893,0.941,0.886,0.886,0.907,0.912,0.944,0.935,0.904,0.936,0.979,1.0,0.918,0.915,0.911,0.936,0.894,0.897,0.895,0.89,0.922,0.024,0.96,0.894,0.889,0.903,0.929,0.896,0.937,0.89,0.922,0.929,0.891,0.89,0.871,0.919,0.919,0.884,0.895
0.896,0.933,0.885,0.885,0.924,0.936,0.89,0.886,0.891,0.891,0.922,0.886,0.918,0.879,0.884,0.892,0.935,0.927,0.921,0.886,0.917,0.925,0.918,1.0,0.947,0.931,0.924,0.882,0.89,0.892,0.876,0.91,0.023,0.919,0.931,0.883,0.886,0.917,0.884,0.93,0.877,0.924,0.926,0.882,0.883,0.864,0.917,0.917,0.883,0.893
0.896,0.938,0.888,0.897,0.919,0.952,0.883,0.893,0.893,0.892,0.915,0.887,0.916,0.89,0.889,0.883,0.941,0.919,0.912,0.879,0.91,0.919,0.915,0.947,1.0,0.93,0.924,0.893,0.899,0.892,0.88,0.907,0.025,0.915,0.933,0.886,0.88,0.916,0.887,0.923,0.882,0.92,0.915,0.893,0.89,0.863,0.917,0.917,0.891,0.895
0.898,0.921,0.889,0.891,0.927,0.926,0.888,0.886,0.904,0.886,0.905,0.888,0.912,0.885,0.891,0.892,0.936,0.926,0.913,0.887,0.915,0.917,0.911,0.931,0.93,1.0,0.92,0.888,0.899,0.895,0.88,0.905,0.024,0.915,0.907,0.885,0.886,0.922,0.888,0.924,0.878,0.924,0.915,0.888,0.886,0.866,0.924,0.922,0.891,0.901
0.889,0.912,0.885,0.891,0.927,0.918,0.894,0.887,0.894,0.885,0.928,0.886,0.941,0.888,0.889,0.895,0.918,0.938,0.93,0.891,0.933,0.935,0.936,0.924,0.924,0.92,1.0,0.889,0.895,0.891,0.891,0.924,0.025,0.932,0.904,0.894,0.891,0.945,0.889,0.939,0.886,0.918,0.955,0.887,0.886,0.862,0.911,0.91,0.892,0.896
0.898,0.895,0.883,0.944,0.895,0.897,0.892,0.97,0.891,0.927,0.87,0.931,0.883,0.941,0.925,0.891,0.889,0.889,0.884,0.886,0.891,0.887,0.894,0.882,0.893,0.888,0.889,1.0,0.902,0.894,0.933,0.889,0.026,0.895,0.866,0.914,0.887,0.893,0.933,0.883,0.942,0.892,0.88,0.989,0.983,0.886,0.894,0.894,0.926,0.899
0.907,0.896,0.896,0.905,0.906,0.903,0.878,0.896,0.914,0.89,0.886,0.907,0.897,0.901,0.903,0.883,0.898,0.903,0.893,0.875,0.897,0.893,0.897,0.89,0.899,0.899,0.895,0.902,1.0,0.902,0.893,0.885,0.027,0.898,0.878,0.901,0.875,0.903,0.9,0.908,0.893,0.892,0.893,0.896,0.898,0.895,0.892,0.892,0.899,0.955
0.935,0.895,0.904,0.895,0.91,0.902,0.885,0.894,0.927,0.889,0.885,0.901,0.898,0.898,0.892,0.887,0.891,0.905,0.893,0.884,0.898,0.895,0.895,0.892,0.892,0.895,0.891,0.894,0.902,1.0,0.891,0.893,0.026,0.899,0.878,0.89,0.883,0.907,0.897,0.905,0.893,0.901,0.897,0.89,0.89,0.896,0.899,0.899,0.893,0.902
0.888,0.886,0.871,0.935,0.887,0.895,0.883,0.928,0.887,0.929,0.869,0.928,0.888,0.942,0.929,0.885,0.882,0.886,0.889,0.879,0.886,0.883,0.89,0.876,0.88,0.88,0.891,0.933,0.893,0.891,1.0,0.885,0.024,0.889,0.859,0.917,0.88,0.891,0.927,0.883,0.965,0.885,0.883,0.927,0.928,0.88,0.889,0.888,0.92,0.895
0.895,0.923,0.88,0.885,0.928,0.912,0.91,0.892,0.888,0.872,0.909,0.884,0.916,0.881,0.883,0.908,0.904,0.925,0.909,0.905,0.919,0.918,0.922,0.91,0.907,0.905,0.924,0.889,0.885,0.893,0.885,1.0,0.023,0.918,0.885,0.874,0.907,0.922,0.887,0.922,0.89,0.925,0.92,0.894,0.891,0.874,0.917,0.917,0.88,0.88
0.026,0.023,0.025,0.024,0.025,0.025,0.023,0.025,0.027,0.024,0.025,0.026,0.024,0.024,0.024,0.023,0.024,0.024,0.025,0.023,0.025,0.025,0.024,0.023,0.025,0.024,0.025,0.026,0.027,0.026,0.024,0.023,1.0,0.026,0.026,0.025,0.023,0.025,0.026,0.024,0.024,0.024,0.026,0.027,0.026,0.026,0.024,0.024,0.024,0.026
0.904,0.919,0.887,0.891,0.934,0.924,0.901,0.895,0.903,0.881,0.915,0.891,0.934,0.883,0.883,0.901,0.914,0.934,0.92,0.899,0.929,0.957,0.96,0.919,0.915,0.915,0.932,0.895,0.898,0.899,0.889,0.918,0.026,1.0,0.893,0.886,0.898,0.922,0.901,0.932,0.891,0.924,0.933,0.894,0.895,0.879,0.916,0.916,0.884,0.896
0.879,0.908,0.865,0.873,0.897,0.929,0.87,0.867,0.879,0.882,0.916,0.866,0.894,0.865,0.862,0.868,0.911,0.899,0.898,0.865,0.894,0.9,0.894,0.931,0.933,0.907,0.904,0.866,0.878,0.878,0.859,0.885,0.026,0.893,1.0,0.868,0.865,0.891,0.865,0.905,0.86,0.895,0.896,0.864,0.867,0.846,0.891,0.891,0.871,0.876
0.886,0.88,0.88,0.909,0.889,0.884,0.876,0.906,0.892,0.919,0.883,0.912,0.881,0.92,0.909,0.881,0.89,0.896,0.888,0.874,0.889,0.891,0.889,0.883,0.886,0.885,0.894,0.914,0.901,0.89,0.917,0.874,0.025,0.886,0.868,1.0,0.873,0.888,0.926,0.891,0.915,0.886,0.886,0.909,0.909,0.875,0.876,0.876,0.927,0.903
0.892,0.901,0.869,0.878,0.9,0.892,0.993,0.886,0.885,0.872,0.884,0.886,0.898,0.878,0.88,0.986,0.886,0.908,0.898,0.997,0.904,0.9,0.903,0.886,0.88,0.886,0.891,0.887,0.875,0.883,0.88,0.907,0.023,0.898,0.865,0.873,1.0,0.891,0.885,0.893,0.88,0.904,0.888,0.892,0.889,0.884,0.891,0.892,0.874,0.879
0.9,0.924,0.896,0.894,0.938,0.92,0.893,0.895,0.901,0.884,0.917,0.899,0.936,0.893,0.895,0.894,0.917,0.931,0.921,0.89,0.931,0.926,0.929,0.917,0.916,0.922,0.945,0.893,0.903,0.907,0.891,0.922,0.025,0.922,0.891,0.888,0.891,1.0,0.897,0.94,0.891,0.916,0.948,0.891,0.889,0.87,0.919,0.918,0.891,0.902
0.896,0.895,0.887,0.923,0.894,0.9,0.888,0.923,0.898,0.919,0.875,0.927,0.888,0.924,0.92,0.891,0.892,0.89,0.891,0.884,0.902,0.892,0.896,0.884,0.887,0.888,0.889,0.933,0.9,0.897,0.927,0.887,0.026,0.901,0.865,0.926,0.885,0.897,1.0,0.894,0.93,0.9,0.89,0.931,0.927,0.891,0.899,0.899,0.921,0.898
0.899,0.915,0.885,0.888,0.945,0.922,0.897,0.887,0.901,0.89,0.932,0.891,0.942,0.885,0.892,0.899,0.924,0.942,0.934,0.893,0.932,0.944,0.937,0.93,0.923,0.924,0.939,0.883,0.908,0.905,0.883,0.922,0.024,0.932,0.905,0.891,0.893,0.94,0.894,1.0,0.882,0.923,0.945,0.879,0.88,0.861,0.921,0.921,0.887,0.907
0.892,0.891,0.875,0.94,0.886,0.889,0.884,0.929,0.885,0.924,0.868,0.932,0.883,0.947,0.937,0.885,0.876,0.883,0.88,0.879,0.89,0.883,0.89,0.877,0.882,0.878,0.886,0.942,0.893,0.893,0.965,0.89,0.024,0.891,0.86,0.915,0.88,0.891,0.93,0.882,1.0,0.886,0.88,0.936,0.936,0.881,0.887,0.887,0.92,0.893
0.902,0.928,0.89,0.882,0.927,0.929,0.907,0.903,0.894,0.877,0.908,0.889,0.916,0.88,0.878,0.906,0.922,0.924,0.915,0.904,0.914,0.916,0.922,0.924,0.92,0.924,0.918,0.892,0.892,0.901,0.885,0.925,0.024,0.924,0.895,0.886,0.904,0.916,0.9,0.923,0.886,1.0,0.92,0.895,0.895,0.877,0.934,0.934,0.886,0.887
0.889,0.908,0.878,0.885,0.934,0.913,0.891,0.881,0.896,0.887,0.932,0.886,0.936,0.887,0.886,0.894,0.916,0.932,0.924,0.887,0.929,0.936,0.929,0.926,0.915,0.915,0.955,0.88,0.893,0.897,0.883,0.92,0.026,0.933,0.896,0.886,0.888,0.948,0.89,0.945,0.88,0.92,1.0,0.876,0.875,0.861,0.907,0.906,0.885,0.898
0.894,0.902,0.879,0.937,0.89,0.896,0.897,0.968,0.887,0.919,0.865,0.927,0.878,0.933,0.917,0.894,0.887,0.884,0.88,0.891,0.885,0.885,0.891,0.882,0.893,0.888,0.887,0.989,0.896,0.89,0.927,0.894,0.027,0.894,0.864,0.909,0.892,0.891,0.931,0.879,0.936,0.895,0.876,1.0,0.987,0.891,0.894,0.896,0.923,0.893
0.898,0.899,0.882,0.938,0.893,0.894,0.892,0.967,0.889,0.922,0.866,0.929,0.879,0.933,0.919,0.89,0.883,0.884,0.88,0.888,0.884,0.883,0.89,0.883,0.89,0.886,0.886,0.983,0.898,0.89,0.928,0.891,0.026,0.895,0.867,0.909,0.889,0.889,0.927,0.88,0.936,0.895,0.875,0.987,1.0,0.888,0.896,0.898,0.921,0.892
0.887,0.88,0.879,0.877,0.869,0.875,0.879,0.893,0.885,0.865,0.846,0.879,0.866,0.879,0.874,0.889,0.865,0.873,0.866,0.886,0.86,0.868,0.871,0.864,0.863,0.866,0.862,0.886,0.895,0.896,0.88,0.874,0.026,0.879,0.846,0.875,0.884,0.87,0.891,0.861,0.881,0.877,0.861,0.891,0.888,1.0,0.88,0.881,0.875,0.902
0.902,0.925,0.896,0.885,0.923,0.931,0.894,0.893,0.898,0.874,0.899,0.892,0.917,0.88,0.888,0.897,0.923,0.913,0.905,0.892,0.913,0.913,0.919,0.917,0.917,0.924,0.911,0.894,0.892,0.899,0.889,0.917,0.024,0.916,0.891,0.876,0.891,0.919,0.899,0.921,0.887,0.934,0.907,0.894,0.896,0.88,1.0,0.998,0.886,0.895
0.902,0.927,0.896,0.884,0.923,0.931,0.895,0.894,0.898,0.874,0.899,0.891,0.917,0.879,0.887,0.898,0.922,0.913,0.904,0.893,0.913,0.913,0.919,0.917,0.917,0.922,0.91,0.894,0.892,0.899,0.888,0.917,0.024,0.916,0.891,0.876,0.892,0.918,0.899,0.921,0.887,0.934,0.906,0.896,0.898,0.881,0.998,1.0,0.886,0.894
0.89,0.885,0.88,0.917,0.891,0.893,0.877,0.92,0.891,0.921,0.876,0.915,0.888,0.931,0.913,0.88,0.893,0.89,0.885,0.874,0.89,0.886,0.884,0.883,0.891,0.891,0.892,0.926,0.899,0.893,0.92,0.88,0.024,0.884,0.871,0.927,0.874,0.891,0.921,0.887,0.92,0.886,0.885,0.923,0.921,0.875,0.886,0.886,1.0,0.902
0.901,0.892,0.882,0.904,0.898,0.896,0.882,0.896,0.914,0.896,0.888,0.902,0.898,0.905,0.907,0.887,0.899,0.904,0.896,0.879,0.894,0.896,0.895,0.893,0.895,0.901,0.896,0.899,0.955,0.902,0.895,0.88,0.026,0.896,0.876,0.903,0.879,0.902,0.898,0.907,0.893,0.887,0.898,0.893,0.892,0.902,0.895,0.894,0.902,1.0
