GCF_000163235.1_ASM16323v1_genomic.fna,GCF_000164555.1_ASM16455v1_genomic.fna,GCF_000208545.1_ASM20854v2_genomic.fna,GCF_000233875.1_ASM23387v1_genomic.fna,GCF_000249735.1_ASM24973v2_genomic.fna,GCF_000261145.1_Esch_coli_M919_V2_genomic.fna,GCF_000267705.2_ASM26770v2_genomic.fna,GCF_000350665.1_Esch_coli_KTE5_V1_genomic.fna,GCF_000351625.1_Esch_coli_KTE66_V1_genomic.fna,GCF_000352285.1_Esch_coli_KTE46_V1_genomic.fna,GCF_000358895.1_ASM35889v1_genomic.fna,GCF_000456385.1_Esch_coli_HVH_26_4-5703913_V1_genomic.fna,GCF_000458195.1_Esch_coli_HVH_147_4-5893887_V1_genomic.fna,GCF_000459755.1_Esch_coli_KOEGE_58_171a_V1_genomic.fna,GCF_000460055.1_Esch_coli_UMEA_3053-1_V1_genomic.fna,GCF_000462165.2_ASM46216v2_genomic.fna,GCF_000601135.1_ASM60113v1_genomic.fna,GCF_000614595.1_Ec2010EL1058_genomic.fna,GCF_000617745.1_Ec2010C-4529_genomic.fna,GCF_000618265.2_EcF6751_genomic.fna,GCF_000619005.2_Ec2009C-4052_genomic.fna,GCF_000619105.1_Ec2009C-4780_genomic.fna,GCF_000619765.2_Ec2009C-3279_genomic.fna,GCF_000687005.1_ASM68700v1_genomic.fna,GCF_000687025.1_ASM68702v1_genomic.fna,GCF_000700125.1_ASM70012v1_genomic.fna,GCF_000753315.1_FHI35_genomic.fna,GCF_000776375.1_ASM77637v1_genomic.fna,GCF_000779395.1_ASM77939v1_genomic.fna,GCF_000780315.1_ASM78031v1_genomic.fna,GCF_000781995.1_ASM78199v1_genomic.fna,GCF_000986765.1_ASM98676v1_genomic.fna,GCF_001041375.1_ViralProj287958_genomic.fna,GCF_001265335.1_302014_genomic.fna,GCF_001265625.1_100854_genomic.fna,GCF_001267345.1_303289_genomic.fna,GCF_001309985.1_ASM130998v1_genomic.fna,GCF_001521695.1_ASM152169v1_genomic.fna,GCF_001592595.1_ASM159259v1_genomic.fna,GCF_001614975.1_ASM161497v1_genomic.fna,GCF_001692775.1_ASM169277v1_genomic.fna,GCF_001748915.1_ASM174891v1_genomic.fna,GCF_001749235.1_ASM174923v1_genomic.fna,GCF_001881155.1_ASM188115v1_genomic.fna,GCF_001881345.1_ASM188134v1_genomic.fna,GCF_001892405.1_ASM189240v1_genomic.fna,GCF_001892585.1_ASM189258v1_genomic.fna,GCF_001893985.1_ASM189398v1_genomic.fna,GCF_002001595.1_ASM200159v1_genomic.fna,GCF_002002145.1_ASM200214v1_genomic.fna
1.0,0.49,0.394,0.413,0.469,0.473,0.459,0.413,0.598,0.412,0.449,0.417,0.449,0.412,0.378,0.458,0.454,0.449,0.455,0.46,0.439,0.447,0.459,0.46,0.458,0.46,0.454,0.407,0.519,0.564,0.398,0.461,0.0,0.45,0.427,0.424,0.456,0.46,0.398,0.444,0.405,0.453,0.451,0.414,0.418,0.471,0.46,0.46,0.387,0.527
0.49,1.0,0.357,0.42,0.633,0.776,0.524,0.415,0.451,0.413,0.588,0.435,0.604,0.406,0.391,0.522,0.692,0.606,0.591,0.523,0.573,0.608,0.617,0.787,0.793,0.702,0.604,0.415,0.464,0.447,0.398,0.605,0.0,0.603,0.741,0.415,0.521,0.627,0.401,0.601,0.399,0.684,0.609,0.426,0.427,0.41,0.685,0.686,0.414,0.447
0.394,0.357,1.0,0.316,0.345,0.332,0.315,0.325,0.377,0.306,0.331,0.325,0.331,0.312,0.309,0.32,0.341,0.322,0.332,0.315,0.315,0.332,0.337,0.342,0.338,0.331,0.337,0.32,0.376,0.387,0.297,0.334,0.0,0.344,0.307,0.335,0.315,0.342,0.321,0.337,0.305,0.343,0.347,0.328,0.322,0.322,0.345,0.345,0.322,0.372
0.413,0.42,0.316,1.0,0.414,0.405,0.382,0.704,0.405,0.729,0.395,0.73,0.402,0.771,0.773,0.386,0.406,0.391,0.389,0.372,0.366,0.393,0.395,0.41,0.408,0.415,0.406,0.76,0.449,0.4,0.731,0.394,0.0,0.391,0.392,0.635,0.377,0.409,0.695,0.395,0.75,0.396,0.41,0.735,0.733,0.42,0.404,0.403,0.677,0.452
0.469,0.633,0.345,0.414,1.0,0.638,0.53,0.419,0.457,0.407,0.767,0.409,0.693,0.414,0.404,0.54,0.637,0.665,0.656,0.522,0.626,0.68,0.665,0.639,0.639,0.628,0.694,0.418,0.471,0.459,0.391,0.682,0.0,0.677,0.612,0.403,0.525,0.704,0.413,0.695,0.395,0.642,0.706,0.405,0.408,0.4,0.653,0.652,0.402,0.45
0.473,0.776,0.332,0.405,0.638,1.0,0.531,0.423,0.446,0.398,0.591,0.401,0.605,0.406,0.379,0.529,0.692,0.618,0.589,0.524,0.571,0.601,0.611,0.776,0.794,0.686,0.602,0.408,0.46,0.44,0.383,0.608,0.0,0.613,0.75,0.416,0.525,0.614,0.418,0.606,0.393,0.685,0.61,0.404,0.401,0.395,0.688,0.692,0.395,0.444
0.459,0.524,0.315,0.382,0.53,0.531,1.0,0.39,0.462,0.377,0.505,0.368,0.511,0.374,0.363,0.958,0.533,0.567,0.55,0.979,0.539,0.536,0.558,0.529,0.519,0.532,0.52,0.384,0.448,0.441,0.368,0.523,0.0,0.531,0.511,0.412,0.985,0.511,0.385,0.522,0.367,0.52,0.519,0.38,0.38,0.382,0.515,0.515,0.369,0.441
0.413,0.415,0.325,0.704,0.419,0.423,0.39,1.0,0.403,0.686,0.391,0.686,0.401,0.686,0.673,0.391,0.414,0.399,0.391,0.379,0.373,0.391,0.393,0.412,0.404,0.41,0.402,0.898,0.466,0.411,0.682,0.388,0.0,0.403,0.378,0.59,0.383,0.427,0.661,0.405,0.688,0.394,0.405,0.886,0.873,0.414,0.406,0.406,0.625,0.45
0.598,0.451,0.377,0.405,0.457,0.446,0.462,0.403,1.0,0.399,0.453,0.393,0.451,0.414,0.386,0.461,0.446,0.434,0.437,0.463,0.422,0.452,0.457,0.443,0.429,0.441,0.451,0.408,0.497,0.587,0.393,0.449,0.0,0.448,0.41,0.428,0.461,0.449,0.411,0.452,0.394,0.449,0.461,0.41,0.409,0.45,0.457,0.457,0.389,0.519
0.412,0.413,0.306,0.729,0.407,0.398,0.377,0.686,0.399,1.0,0.404,0.678,0.411,0.727,0.696,0.387,0.395,0.386,0.38,0.37,0.357,0.377,0.37,0.406,0.394,0.416,0.397,0.718,0.446,0.4,0.718,0.37,0.0,0.379,0.393,0.607,0.373,0.408,0.671,0.395,0.723,0.389,0.399,0.687,0.696,0.406,0.398,0.396,0.691,0.439
0.449,0.588,0.331,0.395,0.767,0.591,0.505,0.391,0.453,0.404,1.0,0.379,0.752,0.395,0.382,0.518,0.595,0.672,0.642,0.498,0.621,0.677,0.658,0.628,0.582,0.615,0.684,0.396,0.443,0.444,0.369,0.644,0.0,0.665,0.63,0.396,0.5,0.689,0.401,0.708,0.372,0.609,0.692,0.38,0.38,0.376,0.604,0.601,0.392,0.43
0.417,0.435,0.325,0.73,0.409,0.401,0.368,0.686,0.393,0.678,0.379,1.0,0.389,0.715,0.834,0.366,0.402,0.385,0.389,0.358,0.368,0.384,0.385,0.405,0.398,0.403,0.387,0.702,0.456,0.414,0.672,0.39,0.0,0.388,0.368,0.609,0.362,0.404,0.691,0.381,0.692,0.387,0.398,0.692,0.695,0.412,0.405,0.405,0.635,0.445
0.449,0.604,0.331,0.402,0.693,0.605,0.511,0.401,0.451,0.411,0.752,0.389,1.0,0.397,0.385,0.52,0.591,0.696,0.693,0.504,0.671,0.756,0.738,0.633,0.594,0.603,0.743,0.41,0.433,0.436,0.377,0.692,0.0,0.741,0.619,0.406,0.506,0.744,0.402,0.745,0.379,0.611,0.737,0.393,0.394,0.394,0.606,0.605,0.407,0.423
0.412,0.406,0.312,0.771,0.414,0.406,0.374,0.686,0.414,0.727,0.395,0.715,0.397,1.0,0.77,0.381,0.401,0.386,0.385,0.367,0.358,0.389,0.384,0.404,0.403,0.414,0.409,0.737,0.456,0.411,0.714,0.384,0.0,0.387,0.39,0.616,0.37,0.415,0.693,0.395,0.734,0.397,0.406,0.709,0.711,0.419,0.402,0.403,0.683,0.455
0.378,0.391,0.309,0.773,0.404,0.379,0.363,0.673,0.386,0.696,0.382,0.834,0.385,0.77,1.0,0.367,0.393,0.371,0.37,0.355,0.352,0.375,0.376,0.388,0.386,0.4,0.387,0.719,0.44,0.395,0.695,0.373,0.0,0.374,0.374,0.6,0.358,0.402,0.684,0.38,0.714,0.38,0.39,0.693,0.695,0.412,0.395,0.396,0.66,0.456
0.458,0.522,0.32,0.386,0.54,0.529,0.958,0.391,0.461,0.387,0.518,0.366,0.52,0.381,0.367,1.0,0.536,0.555,0.548,0.947,0.52,0.541,0.547,0.536,0.524,0.541,0.525,0.389,0.443,0.446,0.367,0.515,0.0,0.528,0.514,0.41,0.953,0.518,0.389,0.527,0.369,0.524,0.526,0.375,0.376,0.381,0.516,0.514,0.379,0.436
0.454,0.692,0.341,0.406,0.637,0.692,0.533,0.414,0.446,0.395,0.595,0.402,0.591,0.401,0.393,0.536,1.0,0.589,0.589,0.525,0.557,0.61,0.604,0.733,0.722,0.747,0.595,0.411,0.459,0.433,0.376,0.637,0.0,0.623,0.669,0.417,0.526,0.606,0.419,0.607,0.38,0.682,0.609,0.407,0.41,0.39,0.684,0.685,0.393,0.432
0.449,0.606,0.322,0.391,0.665,0.618,0.567,0.399,0.434,0.386,0.672,0.385,0.696,0.386,0.371,0.555,0.589,1.0,0.749,0.561,0.703,0.74,0.738,0.611,0.596,0.588,0.705,0.393,0.433,0.423,0.373,0.675,0.0,0.705,0.591,0.423,0.56,0.677,0.415,0.694,0.37,0.616,0.693,0.387,0.387,0.394,0.61,0.61,0.378,0.421
0.455,0.591,0.332,0.389,0.656,0.589,0.55,0.391,0.437,0.38,0.642,0.389,0.693,0.385,0.37,0.548,0.589,0.749,1.0,0.543,0.697,0.728,0.723,0.592,0.571,0.578,0.699,0.389,0.434,0.434,0.368,0.68,0.0,0.69,0.57,0.421,0.544,0.68,0.41,0.688,0.37,0.601,0.688,0.385,0.382,0.385,0.599,0.601,0.377,0.42
0.46,0.523,0.315,0.372,0.522,0.524,0.979,0.379,0.463,0.37,0.498,0.358,0.504,0.367,0.355,0.947,0.525,0.561,0.543,1.0,0.539,0.53,0.56,0.52,0.514,0.526,0.514,0.375,0.442,0.431,0.363,0.524,0.0,0.524,0.502,0.408,0.988,0.504,0.375,0.517,0.362,0.515,0.513,0.378,0.379,0.381,0.507,0.507,0.362,0.44
0.439,0.573,0.315,0.366,0.626,0.571,0.539,0.373,0.422,0.357,0.621,0.368,0.671,0.358,0.352,0.52,0.557,0.703,0.697,0.539,1.0,0.702,0.726,0.565,0.553,0.564,0.679,0.379,0.407,0.411,0.35,0.701,0.0,0.691,0.548,0.407,0.536,0.656,0.384,0.674,0.358,0.56,0.665,0.384,0.377,0.391,0.57,0.571,0.358,0.416
0.447,0.608,0.332,0.393,0.68,0.601,0.536,0.391,0.452,0.377,0.677,0.384,0.756,0.389,0.375,0.541,0.61,0.74,0.728,0.53,0.702,1.0,0.907,0.614,0.602,0.594,0.744,0.396,0.428,0.428,0.365,0.699,0.0,0.865,0.584,0.411,0.531,0.726,0.398,0.735,0.365,0.61,0.741,0.387,0.385,0.392,0.603,0.602,0.384,0.424
0.459,0.617,0.337,0.395,0.665,0.611,0.558,0.393,0.457,0.37,0.658,0.385,0.738,0.384,0.376,0.547,0.604,0.738,0.723,0.56,0.726,0.907,1.0,0.613,0.598,0.592,0.731,0.4,0.44,0.425,0.372,0.721,0.0,0.848,0.579,0.421,0.554,0.711,0.397,0.717,0.374,0.609,0.721,0.405,0.401,0.397,0.602,0.603,0.377,0.43
0.46,0.787,0.342,0.41,0.639,0.776,0.529,0.412,0.443,0.406,0.628,0.405,0.633,0.404,0.388,0.536,0.733,0.611,0.592,0.52,0.565,0.614,0.613,1.0,0.811,0.74,0.624,0.407,0.452,0.439,0.376,0.6,0.0,0.617,0.797,0.409,0.523,0.631,0.398,0.62,0.377,0.696,0.624,0.39,0.394,0.394,0.685,0.683,0.404,0.431
0.458,0.793,0.338,0.408,0.639,0.794,0.519,0.404,0.429,0.394,0.582,0.398,0.594,0.403,0.386,0.524,0.722,0.596,0.571,0.514,0.553,0.602,0.598,0.811,1.0,0.743,0.612,0.399,0.438,0.425,0.377,0.613,0.0,0.601,0.769,0.401,0.518,0.619,0.405,0.588,0.379,0.688,0.611,0.401,0.392,0.395,0.688,0.688,0.406,0.426
0.46,0.702,0.331,0.415,0.628,0.686,0.532,0.41,0.441,0.416,0.615,0.403,0.603,0.414,0.4,0.541,0.747,0.588,0.578,0.526,0.564,0.594,0.592,0.74,0.743,1.0,0.611,0.412,0.455,0.438,0.386,0.584,0.0,0.587,0.691,0.407,0.528,0.62,0.404,0.624,0.389,0.681,0.603,0.409,0.403,0.39,0.685,0.683,0.421,0.441
0.454,0.604,0.337,0.406,0.694,0.602,0.52,0.402,0.451,0.397,0.684,0.387,0.743,0.409,0.387,0.525,0.595,0.705,0.699,0.514,0.679,0.744,0.731,0.624,0.612,0.611,1.0,0.404,0.435,0.44,0.381,0.71,0.0,0.725,0.594,0.407,0.514,0.825,0.395,0.757,0.382,0.614,0.837,0.395,0.39,0.397,0.602,0.602,0.399,0.428
0.407,0.415,0.32,0.76,0.418,0.408,0.384,0.898,0.408,0.718,0.396,0.702,0.41,0.737,0.719,0.389,0.411,0.393,0.389,0.375,0.379,0.396,0.4,0.407,0.399,0.412,0.404,1.0,0.456,0.411,0.702,0.393,0.0,0.399,0.386,0.6,0.379,0.427,0.677,0.407,0.725,0.398,0.412,0.951,0.937,0.42,0.41,0.409,0.66,0.449
0.519,0.464,0.376,0.449,0.471,0.46,0.448,0.466,0.497,0.446,0.443,0.456,0.433,0.456,0.44,0.443,0.459,0.433,0.434,0.442,0.407,0.428,0.44,0.452,0.438,0.455,0.435,0.456,1.0,0.487,0.444,0.444,0.0,0.44,0.427,0.453,0.443,0.449,0.444,0.438,0.444,0.44,0.439,0.454,0.458,0.56,0.437,0.438,0.433,0.826
0.564,0.447,0.387,0.4,0.459,0.44,0.441,0.411,0.587,0.4,0.444,0.414,0.436,0.411,0.395,0.446,0.433,0.423,0.434,0.431,0.411,0.428,0.425,0.439,0.425,0.438,0.44,0.411,0.487,1.0,0.39,0.419,0.0,0.423,0.411,0.427,0.435,0.434,0.408,0.456,0.399,0.447,0.439,0.405,0.403,0.446,0.463,0.463,0.385,0.5
0.398,0.398,0.297,0.731,0.391,0.383,0.368,0.682,0.393,0.718,0.369,0.672,0.377,0.714,0.695,0.367,0.376,0.373,0.368,0.363,0.35,0.365,0.372,0.376,0.377,0.386,0.381,0.702,0.444,0.39,1.0,0.373,0.0,0.366,0.358,0.606,0.366,0.383,0.657,0.372,0.898,0.373,0.382,0.693,0.696,0.407,0.382,0.382,0.632,0.434
0.461,0.605,0.334,0.394,0.682,0.608,0.523,0.388,0.449,0.37,0.644,0.39,0.692,0.384,0.373,0.515,0.637,0.675,0.68,0.524,0.701,0.699,0.721,0.6,0.613,0.584,0.71,0.393,0.444,0.419,0.373,1.0,0.0,0.7,0.567,0.404,0.521,0.72,0.393,0.713,0.37,0.618,0.719,0.4,0.399,0.404,0.615,0.618,0.371,0.429
0.0,0.0,0.0,0.0,0.0,0.0,0.0,0.0,0.0,0.0,0.0,0.0,0.0,0.0,0.0,0.0,0.0,0.0,0.0,0.0,0.0,0.0,0.0,0.0,0.0,0.0,0.0,0.0,0.0,0.0,0.0,0.0,1.0,0.0,0.0,0.0,0.0,0.0,0.0,0.0,0.0,0.0,0.0,0.0,0.0,0.0,0.0,0.0,0.0,0.0
0.45,0.603,0.344,0.391,0.677,0.613,0.531,0.403,0.448,0.379,0.665,0.388,0.741,0.387,0.374,0.528,0.623,0.705,0.69,0.524,0.691,0.865,0.848,0.617,0.601,0.587,0.725,0.399,0.44,0.423,0.366,0.7,0.0,1.0,0.587,0.426,0.524,0.713,0.405,0.723,0.365,0.612,0.736,0.393,0.391,0.384,0.613,0.613,0.378,0.426
0.427,0.741,0.307,0.392,0.612,0.75,0.511,0.378,0.41,0.393,0.63,0.368,0.619,0.39,0.374,0.514,0.669,0.591,0.57,0.502,0.548,0.584,0.579,0.797,0.769,0.691,0.594,0.386,0.427,0.411,0.358,0.567,0.0,0.587,1.0,0.387,0.504,0.596,0.384,0.593,0.36,0.664,0.604,0.37,0.37,0.367,0.654,0.652,0.385,0.403
0.424,0.415,0.335,0.635,0.403,0.416,0.412,0.59,0.428,0.607,0.396,0.609,0.406,0.616,0.6,0.41,0.417,0.423,0.421,0.408,0.407,0.411,0.421,0.409,0.401,0.407,0.407,0.6,0.453,0.427,0.606,0.404,0.0,0.426,0.387,1.0,0.408,0.404,0.639,0.41,0.61,0.408,0.408,0.597,0.597,0.409,0.41,0.41,0.58,0.457
0.456,0.521,0.315,0.377,0.525,0.525,0.985,0.383,0.461,0.373,0.5,0.362,0.506,0.37,0.358,0.953,0.526,0.56,0.544,0.988,0.536,0.531,0.554,0.523,0.518,0.528,0.514,0.379,0.443,0.435,0.366,0.521,0.0,0.524,0.504,0.408,1.0,0.506,0.38,0.519,0.365,0.517,0.514,0.376,0.376,0.381,0.511,0.511,0.365,0.438
0.46,0.627,0.342,0.409,0.704,0.614,0.511,0.427,0.449,0.408,0.689,0.404,0.744,0.415,0.402,0.518,0.606,0.677,0.68,0.504,0.656,0.726,0.711,0.631,0.619,0.62,0.825,0.427,0.449,0.434,0.383,0.72,0.0,0.713,0.596,0.404,0.506,1.0,0.407,0.758,0.388,0.624,0.865,0.411,0.402,0.392,0.622,0.621,0.41,0.43
0.398,0.401,0.321,0.695,0.413,0.418,0.385,0.661,0.411,0.671,0.401,0.691,0.402,0.693,0.684,0.389,0.419,0.415,0.41,0.375,0.384,0.398,0.397,0.398,0.405,0.404,0.395,0.677,0.444,0.408,0.657,0.393,0.0,0.405,0.384,0.639,0.38,0.407,1.0,0.399,0.659,0.398,0.41,0.66,0.661,0.404,0.41,0.409,0.626,0.435
0.444,0.601,0.337,0.395,0.695,0.606,0.522,0.405,0.452,0.395,0.708,0.381,0.745,0.395,0.38,0.527,0.607,0.694,0.688,0.517,0.674,0.735,0.717,0.62,0.588,0.624,0.757,0.407,0.438,0.456,0.372,0.713,0.0,0.723,0.593,0.41,0.519,0.758,0.399,1.0,0.373,0.619,0.765,0.389,0.392,0.391,0.627,0.625,0.394,0.44
0.405,0.399,0.305,0.75,0.395,0.393,0.367,0.688,0.394,0.723,0.372,0.692,0.379,0.734,0.714,0.369,0.38,0.37,0.37,0.362,0.358,0.365,0.374,0.377,0.379,0.389,0.382,0.725,0.444,0.399,0.898,0.37,0.0,0.365,0.36,0.61,0.365,0.388,0.659,0.373,1.0,0.377,0.384,0.716,0.716,0.411,0.386,0.386,0.636,0.435
0.453,0.684,0.343,0.396,0.642,0.685,0.52,0.394,0.449,0.389,0.609,0.387,0.611,0.397,0.38,0.524,0.682,0.616,0.601,0.515,0.56,0.61,0.609,0.696,0.688,0.681,0.614,0.398,0.44,0.447,0.373,0.618,0.0,0.612,0.664,0.408,0.517,0.624,0.398,0.619,0.377,1.0,0.646,0.39,0.385,0.392,0.734,0.732,0.385,0.427
0.451,0.609,0.347,0.41,0.706,0.61,0.519,0.405,0.461,0.399,0.692,0.398,0.737,0.406,0.39,0.526,0.609,0.693,0.688,0.513,0.665,0.741,0.721,0.624,0.611,0.603,0.837,0.412,0.439,0.439,0.382,0.719,0.0,0.736,0.604,0.408,0.514,0.865,0.41,0.765,0.384,0.646,1.0,0.395,0.394,0.392,0.619,0.618,0.398,0.427
0.414,0.426,0.328,0.735,0.405,0.404,0.38,0.886,0.41,0.687,0.38,0.692,0.393,0.709,0.693,0.375,0.407,0.387,0.385,0.378,0.384,0.387,0.405,0.39,0.401,0.409,0.395,0.951,0.454,0.405,0.693,0.4,0.0,0.393,0.37,0.597,0.376,0.411,0.66,0.389,0.716,0.39,0.395,1.0,0.957,0.43,0.402,0.404,0.641,0.455
0.418,0.427,0.322,0.733,0.408,0.401,0.38,0.873,0.409,0.696,0.38,0.695,0.394,0.711,0.695,0.376,0.41,0.387,0.382,0.379,0.377,0.385,0.401,0.394,0.392,0.403,0.39,0.937,0.458,0.403,0.696,0.399,0.0,0.391,0.37,0.597,0.376,0.402,0.661,0.392,0.716,0.385,0.394,0.957,1.0,0.429,0.407,0.408,0.636,0.456
0.471,0.41,0.322,0.42,0.4,0.395,0.382,0.414,0.45,0.406,0.376,0.412,0.394,0.419,0.412,0.381,0.39,0.394,0.385,0.381,0.391,0.392,0.397,0.394,0.395,0.39,0.397,0.42,0.56,0.446,0.407,0.404,0.0,0.384,0.367,0.409,0.381,0.392,0.404,0.391,0.411,0.392,0.392,0.43,0.429,1.0,0.416,0.418,0.403,0.62
0.46,0.685,0.345,0.404,0.653,0.688,0.515,0.406,0.457,0.398,0.604,0.405,0.606,0.402,0.395,0.516,0.684,0.61,0.599,0.507,0.57,0.603,0.602,0.685,0.688,0.685,0.602,0.41,0.437,0.463,0.382,0.615,0.0,0.613,0.654,0.41,0.511,0.622,0.41,0.627,0.386,0.734,0.619,0.402,0.407,0.416,1.0,0.995,0.397,0.445
0.46,0.686,0.345,0.403,0.652,0.692,0.515,0.406,0.457,0.396,0.601,0.405,0.605,0.403,0.396,0.514,0.685,0.61,0.601,0.507,0.571,0.602,0.603,0.683,0.688,0.683,0.602,0.409,0.438,0.463,0.382,0.618,0.0,0.613,0.652,0.41,0.511,0.621,0.409,0.625,0.386,0.732,0.618,0.404,0.408,0.418,0.995,1.0,0.395,0.448
0.387,0.414,0.322,0.677,0.402,0.395,0.369,0.625,0.389,0.691,0.392,0.635,0.407,0.683,0.66,0.379,0.393,0.378,0.377,0.362,0.358,0.384,0.377,0.404,0.406,0.421,0.399,0.66,0.433,0.385,0.632,0.371,0.0,0.378,0.385,0.58,0.365,0.41,0.626,0.394,0.636,0.385,0.398,0.641,0.636,0.403,0.397,0.395,1.0,0.434
0.527,0.447,0.372,0.452,0.45,0.444,0.441,0.45,0.519,0.439,0.43,0.445,0.423,0.455,0.456,0.436,0.432,0.421,0.42,0.44,0.416,0.424,0.43,0.431,0.426,0.441,0.428,0.449,0.826,0.5,0.434,0.429,0.0,0.426,0.403,0.457,0.438,0.43,0.435,0.44,0.435,0.427,0.427,0.455,0.456,0.62,0.445,0.448,0.434,1.0
