GCF_000163235.1_ASM16323v1_genomic.fna,GCF_000164555.1_ASM16455v1_genomic.fna,GCF_000208545.1_ASM20854v2_genomic.fna,GCF_000233875.1_ASM23387v1_genomic.fna,GCF_000249735.1_ASM24973v2_genomic.fna,GCF_000261145.1_Esch_coli_M919_V2_genomic.fna,GCF_000267705.2_ASM26770v2_genomic.fna,GCF_000350665.1_Esch_coli_KTE5_V1_genomic.fna,GCF_000351625.1_Esch_coli_KTE66_V1_genomic.fna,GCF_000352285.1_Esch_coli_KTE46_V1_genomic.fna,GCF_000358895.1_ASM35889v1_genomic.fna,GCF_000456385.1_Esch_coli_HVH_26_4-5703913_V1_genomic.fna,GCF_000458195.1_Esch_coli_HVH_147_4-5893887_V1_genomic.fna,GCF_000459755.1_Esch_coli_KOEGE_58_171a_V1_genomic.fna,GCF_000460055.1_Esch_coli_UMEA_3053-1_V1_genomic.fna,GCF_000462165.2_ASM46216v2_genomic.fna,GCF_000601135.1_ASM60113v1_genomic.fna,GCF_000614595.1_Ec2010EL1058_genomic.fna,GCF_000617745.1_Ec2010C-4529_genomic.fna,GCF_000618265.2_EcF6751_genomic.fna,GCF_000619005.2_Ec2009C-4052_genomic.fna,GCF_000619105.1_Ec2009C-4780_genomic.fna,GCF_000619765.2_Ec2009C-3279_genomic.fna,GCF_000687005.1_ASM68700v1_genomic.fna,GCF_000687025.1_ASM68702v1_genomic.fna,GCF_000700125.1_ASM70012v1_genomic.fna,GCF_000753315.1_FHI35_genomic.fna,GCF_000776375.1_ASM77637v1_genomic.fna,GCF_000779395.1_ASM77939v1_genomic.fna,GCF_000780315.1_ASM78031v1_genomic.fna,GCF_000781995.1_ASM78199v1_genomic.fna,GCF_000986765.1_ASM98676v1_genomic.fna,GCF_001041375.1_ViralProj287958_genomic.fna,GCF_001265335.1_302014_genomic.fna,GCF_001265625.1_100854_genomic.fna,GCF_001267345.1_303289_genomic.fna,GCF_001309985.1_ASM130998v1_genomic.fna,GCF_001521695.1_ASM152169v1_genomic.fna,GCF_001592595.1_ASM159259v1_genomic.fna,GCF_001614975.1_ASM161497v1_genomic.fna,GCF_001692775.1_ASM169277v1_genomic.fna,GCF_001748915.1_ASM174891v1_genomic.fna,GCF_001749235.1_ASM174923v1_genomic.fna,GCF_001881155.1_ASM188115v1_genomic.fna,GCF_001881345.1_ASM188134v1_genomic.fna,GCF_001892405.1_ASM189240v1_genomic.fna,GCF_001892585.1_ASM189258v1_genomic.fna,GCF_001893985.1_ASM189398v1_genomic.fna,GCF_002001595.1_ASM200159v1_genomic.fna,GCF_002002145.1_ASM200214v1_genomic.fna
1.0,0.581,0.471,0.501,0.562,0.54,0.546,0.516,0.634,0.517,0.539,0.509,0.542,0.502,0.479,0.559,0.552,0.554,0.55,0.545,0.522,0.538,0.546,0.563,0.546,0.543,0.545,0.5,0.588,0.631,0.481,0.546,0.0,0.549,0.511,0.502,0.545,0.565,0.496,0.539,0.487,0.55,0.549,0.505,0.516,0.525,0.54,0.542,0.485,0.585
0.581,1.0,0.465,0.492,0.685,0.786,0.598,0.5,0.554,0.505,0.659,0.504,0.657,0.495,0.478,0.613,0.763,0.674,0.657,0.596,0.633,0.652,0.657,0.818,0.822,0.74,0.654,0.495,0.568,0.547,0.482,0.675,0.0,0.657,0.758,0.49,0.596,0.683,0.498,0.659,0.487,0.72,0.662,0.508,0.52,0.497,0.725,0.724,0.489,0.555
0.471,0.465,1.0,0.401,0.441,0.441,0.455,0.398,0.467,0.398,0.423,0.397,0.425,0.418,0.396,0.456,0.459,0.438,0.441,0.454,0.429,0.43,0.436,0.445,0.448,0.432,0.436,0.394,0.475,0.471,0.399,0.45,0.0,0.437,0.408,0.407,0.454,0.439,0.413,0.437,0.402,0.438,0.444,0.4,0.398,0.435,0.441,0.441,0.402,0.479
0.501,0.492,0.401,1.0,0.493,0.477,0.459,0.747,0.498,0.751,0.474,0.758,0.471,0.829,0.811,0.469,0.478,0.483,0.473,0.459,0.455,0.481,0.483,0.491,0.489,0.476,0.483,0.784,0.546,0.488,0.772,0.481,0.0,0.473,0.445,0.673,0.458,0.482,0.717,0.466,0.784,0.469,0.478,0.775,0.765,0.505,0.459,0.459,0.695,0.549
0.562,0.685,0.441,0.493,1.0,0.682,0.593,0.505,0.548,0.492,0.799,0.485,0.743,0.506,0.478,0.613,0.681,0.709,0.711,0.591,0.716,0.724,0.725,0.695,0.691,0.677,0.736,0.494,0.557,0.561,0.469,0.741,0.0,0.727,0.644,0.487,0.592,0.751,0.496,0.739,0.476,0.68,0.749,0.492,0.489,0.497,0.707,0.709,0.479,0.55
0.54,0.786,0.441,0.477,0.682,1.0,0.611,0.487,0.531,0.469,0.649,0.476,0.645,0.487,0.465,0.612,0.743,0.679,0.655,0.61,0.645,0.654,0.663,0.8,0.812,0.718,0.637,0.47,0.566,0.516,0.473,0.664,0.0,0.668,0.749,0.501,0.608,0.658,0.512,0.643,0.478,0.71,0.654,0.475,0.481,0.494,0.723,0.724,0.471,0.553
0.546,0.598,0.455,0.459,0.593,0.611,1.0,0.463,0.535,0.455,0.571,0.457,0.591,0.47,0.447,0.954,0.607,0.655,0.638,0.99,0.644,0.618,0.641,0.606,0.586,0.579,0.611,0.452,0.541,0.534,0.454,0.602,0.0,0.61,0.56,0.505,0.994,0.584,0.489,0.588,0.455,0.592,0.601,0.46,0.464,0.497,0.58,0.58,0.452,0.546
0.516,0.5,0.398,0.747,0.505,0.487,0.463,1.0,0.497,0.737,0.47,0.731,0.474,0.755,0.729,0.476,0.492,0.486,0.476,0.462,0.456,0.482,0.48,0.508,0.491,0.484,0.471,0.907,0.545,0.491,0.74,0.485,0.0,0.485,0.445,0.673,0.462,0.492,0.722,0.474,0.737,0.485,0.484,0.91,0.895,0.49,0.462,0.463,0.677,0.534
0.634,0.554,0.467,0.498,0.548,0.531,0.535,0.497,1.0,0.506,0.537,0.485,0.541,0.511,0.494,0.547,0.542,0.528,0.524,0.534,0.512,0.544,0.535,0.554,0.543,0.532,0.541,0.498,0.581,0.668,0.484,0.533,0.0,0.538,0.507,0.521,0.534,0.546,0.495,0.536,0.482,0.537,0.556,0.491,0.488,0.528,0.543,0.543,0.49,0.581
0.517,0.505,0.398,0.751,0.492,0.469,0.455,0.737,0.506,1.0,0.494,0.717,0.498,0.754,0.731,0.471,0.482,0.47,0.463,0.455,0.45,0.474,0.463,0.503,0.488,0.497,0.49,0.76,0.531,0.494,0.763,0.469,0.0,0.469,0.463,0.652,0.454,0.507,0.709,0.489,0.758,0.467,0.494,0.738,0.742,0.493,0.461,0.461,0.715,0.524
0.539,0.659,0.423,0.474,0.799,0.649,0.571,0.47,0.537,0.494,1.0,0.453,0.809,0.488,0.456,0.589,0.661,0.716,0.702,0.569,0.69,0.73,0.717,0.702,0.663,0.702,0.762,0.479,0.527,0.539,0.451,0.716,0.0,0.711,0.693,0.485,0.569,0.751,0.482,0.772,0.45,0.664,0.758,0.467,0.467,0.469,0.659,0.659,0.482,0.526
0.509,0.504,0.397,0.758,0.485,0.476,0.457,0.731,0.485,0.717,0.453,1.0,0.455,0.777,0.86,0.468,0.484,0.462,0.459,0.455,0.446,0.458,0.463,0.484,0.482,0.469,0.457,0.736,0.551,0.479,0.738,0.468,0.0,0.46,0.437,0.663,0.456,0.464,0.715,0.453,0.747,0.466,0.46,0.751,0.76,0.498,0.455,0.457,0.666,0.538
0.542,0.657,0.425,0.471,0.743,0.645,0.591,0.474,0.541,0.498,0.809,0.455,1.0,0.477,0.458,0.606,0.653,0.728,0.734,0.588,0.717,0.781,0.772,0.689,0.654,0.686,0.798,0.481,0.534,0.55,0.458,0.73,0.0,0.765,0.669,0.48,0.59,0.775,0.476,0.808,0.455,0.651,0.778,0.468,0.463,0.466,0.668,0.668,0.477,0.533
0.502,0.495,0.418,0.829,0.506,0.487,0.47,0.755,0.511,0.754,0.488,0.777,0.477,1.0,0.818,0.478,0.485,0.486,0.476,0.47,0.458,0.487,0.483,0.494,0.491,0.481,0.482,0.79,0.556,0.491,0.771,0.486,0.0,0.478,0.448,0.681,0.469,0.491,0.727,0.477,0.787,0.471,0.482,0.777,0.767,0.51,0.465,0.467,0.712,0.553
0.479,0.478,0.396,0.811,0.478,0.465,0.447,0.729,0.494,0.731,0.456,0.86,0.458,0.818,1.0,0.458,0.47,0.463,0.45,0.447,0.436,0.466,0.464,0.474,0.47,0.466,0.457,0.76,0.536,0.479,0.768,0.462,0.0,0.455,0.429,0.663,0.446,0.468,0.719,0.458,0.775,0.449,0.457,0.75,0.741,0.501,0.464,0.464,0.693,0.546
0.559,0.613,0.456,0.469,0.613,0.612,0.954,0.476,0.547,0.471,0.589,0.468,0.606,0.478,0.458,1.0,0.611,0.654,0.641,0.949,0.634,0.636,0.649,0.616,0.602,0.591,0.622,0.464,0.55,0.555,0.463,0.6,0.0,0.619,0.573,0.511,0.954,0.603,0.492,0.604,0.461,0.606,0.615,0.47,0.477,0.499,0.597,0.597,0.468,0.545
0.552,0.763,0.459,0.478,0.681,0.743,0.607,0.492,0.542,0.482,0.661,0.484,0.653,0.485,0.47,0.611,1.0,0.679,0.655,0.603,0.64,0.658,0.661,0.774,0.765,0.77,0.648,0.48,0.561,0.532,0.472,0.703,0.0,0.667,0.701,0.513,0.604,0.653,0.502,0.648,0.47,0.715,0.663,0.491,0.497,0.485,0.723,0.723,0.475,0.549
0.554,0.674,0.438,0.483,0.709,0.679,0.655,0.486,0.528,0.47,0.716,0.462,0.728,0.486,0.463,0.654,0.679,1.0,0.791,0.651,0.756,0.784,0.786,0.684,0.665,0.662,0.739,0.481,0.545,0.533,0.466,0.73,0.0,0.749,0.631,0.528,0.651,0.713,0.505,0.711,0.463,0.672,0.725,0.486,0.483,0.478,0.672,0.671,0.464,0.536
0.55,0.657,0.441,0.473,0.711,0.655,0.638,0.476,0.524,0.463,0.702,0.459,0.734,0.476,0.45,0.641,0.655,0.791,1.0,0.635,0.764,0.768,0.762,0.653,0.644,0.638,0.74,0.465,0.534,0.529,0.46,0.731,0.0,0.737,0.613,0.51,0.635,0.715,0.498,0.72,0.46,0.653,0.729,0.47,0.475,0.471,0.646,0.646,0.453,0.533
0.545,0.596,0.454,0.459,0.591,0.61,0.99,0.462,0.534,0.455,0.569,0.455,0.588,0.47,0.447,0.949,0.603,0.651,0.635,1.0,0.64,0.616,0.638,0.603,0.586,0.577,0.608,0.451,0.539,0.532,0.454,0.6,0.0,0.608,0.559,0.502,0.991,0.582,0.488,0.586,0.455,0.591,0.599,0.459,0.463,0.497,0.58,0.58,0.452,0.545
0.522,0.633,0.429,0.455,0.716,0.645,0.644,0.456,0.512,0.45,0.69,0.446,0.717,0.458,0.436,0.634,0.64,0.756,0.764,0.64,1.0,0.755,0.771,0.65,0.634,0.639,0.737,0.454,0.522,0.528,0.448,0.735,0.0,0.739,0.604,0.5,0.64,0.715,0.476,0.719,0.455,0.628,0.717,0.459,0.464,0.483,0.65,0.65,0.438,0.529
0.538,0.652,0.43,0.481,0.724,0.654,0.618,0.482,0.544,0.474,0.73,0.458,0.781,0.487,0.466,0.636,0.658,0.784,0.768,0.616,0.755,1.0,0.932,0.669,0.663,0.647,0.767,0.48,0.54,0.542,0.464,0.745,0.0,0.881,0.625,0.505,0.615,0.746,0.491,0.752,0.461,0.646,0.766,0.478,0.475,0.465,0.65,0.65,0.462,0.535
0.546,0.657,0.436,0.483,0.725,0.663,0.641,0.48,0.535,0.463,0.717,0.463,0.772,0.483,0.464,0.649,0.661,0.786,0.762,0.638,0.771,0.932,1.0,0.662,0.656,0.64,0.76,0.476,0.55,0.533,0.47,0.755,0.0,0.878,0.62,0.509,0.639,0.74,0.494,0.736,0.469,0.648,0.749,0.479,0.478,0.467,0.644,0.644,0.45,0.537
0.563,0.818,0.445,0.491,0.695,0.8,0.606,0.508,0.554,0.503,0.702,0.484,0.689,0.494,0.474,0.616,0.774,0.684,0.653,0.603,0.65,0.669,0.662,1.0,0.839,0.776,0.688,0.497,0.555,0.557,0.469,0.679,0.0,0.667,0.808,0.501,0.602,0.687,0.495,0.683,0.468,0.73,0.689,0.491,0.491,0.481,0.737,0.738,0.491,0.543
0.546,0.822,0.448,0.489,0.691,0.812,0.586,0.491,0.543,0.488,0.663,0.482,0.654,0.491,0.47,0.602,0.765,0.665,0.644,0.586,0.634,0.663,0.656,0.839,1.0,0.775,0.655,0.483,0.549,0.532,0.472,0.676,0.0,0.655,0.781,0.489,0.586,0.665,0.491,0.649,0.471,0.719,0.662,0.493,0.493,0.482,0.721,0.721,0.487,0.533
0.543,0.74,0.432,0.476,0.677,0.718,0.579,0.484,0.532,0.497,0.702,0.469,0.686,0.481,0.466,0.591,0.77,0.662,0.638,0.577,0.639,0.647,0.64,0.776,0.775,1.0,0.669,0.487,0.531,0.538,0.465,0.653,0.0,0.639,0.74,0.487,0.576,0.68,0.483,0.687,0.464,0.704,0.662,0.487,0.486,0.477,0.718,0.719,0.492,0.527
0.545,0.654,0.436,0.483,0.736,0.637,0.611,0.471,0.541,0.49,0.762,0.457,0.798,0.482,0.457,0.622,0.648,0.739,0.74,0.608,0.737,0.767,0.76,0.688,0.655,0.669,1.0,0.477,0.541,0.542,0.459,0.75,0.0,0.747,0.642,0.498,0.61,0.847,0.474,0.786,0.461,0.64,0.857,0.475,0.467,0.468,0.659,0.659,0.479,0.535
0.5,0.495,0.394,0.784,0.494,0.47,0.452,0.907,0.498,0.76,0.479,0.736,0.481,0.79,0.76,0.464,0.48,0.481,0.465,0.451,0.454,0.48,0.476,0.497,0.483,0.487,0.477,1.0,0.533,0.494,0.744,0.479,0.0,0.47,0.45,0.666,0.451,0.489,0.712,0.473,0.757,0.469,0.478,0.952,0.929,0.482,0.461,0.461,0.698,0.521
0.588,0.568,0.475,0.546,0.557,0.566,0.541,0.545,0.581,0.531,0.527,0.551,0.534,0.556,0.536,0.55,0.561,0.545,0.534,0.539,0.522,0.54,0.55,0.555,0.549,0.531,0.541,0.533,1.0,0.589,0.54,0.55,0.0,0.546,0.505,0.561,0.541,0.549,0.545,0.53,0.536,0.528,0.542,0.537,0.541,0.621,0.521,0.522,0.528,0.854
0.631,0.547,0.471,0.488,0.561,0.516,0.534,0.491,0.668,0.494,0.539,0.479,0.55,0.491,0.479,0.555,0.532,0.533,0.529,0.532,0.528,0.542,0.533,0.557,0.532,0.538,0.542,0.494,0.589,1.0,0.47,0.528,0.0,0.529,0.512,0.499,0.534,0.543,0.491,0.55,0.477,0.537,0.548,0.485,0.482,0.531,0.539,0.54,0.483,0.585
0.481,0.482,0.399,0.772,0.469,0.473,0.454,0.74,0.484,0.763,0.451,0.738,0.458,0.771,0.768,0.463,0.472,0.466,0.46,0.454,0.448,0.464,0.47,0.469,0.472,0.465,0.459,0.744,0.54,0.47,1.0,0.476,0.0,0.468,0.425,0.671,0.453,0.468,0.715,0.458,0.897,0.461,0.461,0.747,0.752,0.502,0.446,0.446,0.678,0.541
0.546,0.675,0.45,0.481,0.741,0.664,0.602,0.485,0.533,0.469,0.716,0.468,0.73,0.486,0.462,0.6,0.703,0.73,0.731,0.6,0.735,0.745,0.755,0.679,0.676,0.653,0.75,0.479,0.55,0.528,0.476,1.0,0.0,0.747,0.609,0.499,0.601,0.762,0.501,0.757,0.465,0.668,0.753,0.484,0.491,0.472,0.657,0.658,0.464,0.531
0.0,0.0,0.0,0.0,0.0,0.0,0.0,0.0,0.0,0.0,0.0,0.0,0.0,0.0,0.0,0.0,0.0,0.0,0.0,0.0,0.0,0.0,0.0,0.0,0.0,0.0,0.0,0.0,0.0,0.0,0.0,0.0,1.0,0.0,0.0,0.0,0.0,0.0,0.0,0.0,0.0,0.0,0.0,0.0,0.0,0.0,0.0,0.0,0.0,0.0
0.549,0.657,0.437,0.473,0.727,0.668,0.61,0.485,0.538,0.469,0.711,0.46,0.765,0.478,0.455,0.619,0.667,0.749,0.737,0.608,0.739,0.881,0.878,0.667,0.655,0.639,0.747,0.47,0.546,0.529,0.468,0.747,0.0,1.0,0.618,0.517,0.607,0.741,0.505,0.737,0.462,0.644,0.753,0.476,0.479,0.474,0.651,0.653,0.459,0.54
0.511,0.758,0.408,0.445,0.644,0.749,0.56,0.445,0.507,0.463,0.693,0.437,0.669,0.448,0.429,0.573,0.701,0.631,0.613,0.559,0.604,0.625,0.62,0.808,0.781,0.74,0.642,0.45,0.505,0.512,0.425,0.609,0.0,0.618,1.0,0.458,0.558,0.64,0.461,0.654,0.423,0.677,0.647,0.441,0.444,0.444,0.681,0.683,0.443,0.494
0.502,0.49,0.407,0.673,0.487,0.501,0.505,0.673,0.521,0.652,0.485,0.663,0.48,0.681,0.663,0.511,0.513,0.528,0.51,0.502,0.5,0.505,0.509,0.501,0.489,0.487,0.498,0.666,0.561,0.499,0.671,0.499,0.0,0.517,0.458,1.0,0.501,0.484,0.712,0.477,0.668,0.487,0.488,0.676,0.679,0.499,0.47,0.47,0.649,0.559
0.545,0.596,0.454,0.458,0.592,0.608,0.994,0.462,0.534,0.454,0.569,0.456,0.59,0.469,0.446,0.954,0.604,0.651,0.635,0.991,0.64,0.615,0.639,0.602,0.586,0.576,0.61,0.451,0.541,0.534,0.453,0.601,0.0,0.607,0.558,0.501,1.0,0.583,0.486,0.587,0.454,0.59,0.6,0.459,0.462,0.497,0.579,0.579,0.452,0.545
0.565,0.683,0.439,0.482,0.751,0.658,0.584,0.492,0.546,0.507,0.751,0.464,0.775,0.491,0.468,0.603,0.653,0.713,0.715,0.582,0.715,0.746,0.74,0.687,0.665,0.68,0.847,0.489,0.549,0.543,0.468,0.762,0.0,0.741,0.64,0.484,0.583,1.0,0.495,0.779,0.467,0.651,0.87,0.482,0.479,0.474,0.696,0.698,0.487,0.53
0.496,0.498,0.413,0.717,0.496,0.512,0.489,0.722,0.495,0.709,0.482,0.715,0.476,0.727,0.719,0.492,0.502,0.505,0.498,0.488,0.476,0.491,0.494,0.495,0.491,0.483,0.474,0.712,0.545,0.491,0.715,0.501,0.0,0.505,0.461,0.712,0.486,0.495,1.0,0.476,0.718,0.493,0.487,0.719,0.725,0.51,0.48,0.48,0.675,0.545
0.539,0.659,0.437,0.466,0.739,0.643,0.588,0.474,0.536,0.489,0.772,0.453,0.808,0.477,0.458,0.604,0.648,0.711,0.72,0.586,0.719,0.752,0.736,0.683,0.649,0.687,0.786,0.473,0.53,0.55,0.458,0.757,0.0,0.737,0.654,0.477,0.587,0.779,0.476,1.0,0.457,0.639,0.783,0.463,0.465,0.474,0.687,0.688,0.473,0.537
0.487,0.487,0.402,0.784,0.476,0.478,0.455,0.737,0.482,0.758,0.45,0.747,0.455,0.787,0.775,0.461,0.47,0.463,0.46,0.455,0.455,0.461,0.469,0.468,0.471,0.464,0.461,0.757,0.536,0.477,0.897,0.465,0.0,0.462,0.423,0.668,0.454,0.467,0.718,0.457,1.0,0.462,0.46,0.761,0.762,0.501,0.441,0.441,0.68,0.539
0.55,0.72,0.438,0.469,0.68,0.71,0.592,0.485,0.537,0.467,0.664,0.466,0.651,0.471,0.449,0.606,0.715,0.672,0.653,0.591,0.628,0.646,0.648,0.73,0.719,0.704,0.64,0.469,0.528,0.537,0.461,0.668,0.0,0.644,0.677,0.487,0.59,0.651,0.493,0.639,0.462,1.0,0.675,0.477,0.479,0.479,0.719,0.72,0.467,0.521
0.549,0.662,0.444,0.478,0.749,0.654,0.601,0.484,0.556,0.494,0.758,0.46,0.778,0.482,0.457,0.615,0.663,0.725,0.729,0.599,0.717,0.766,0.749,0.689,0.662,0.662,0.857,0.478,0.542,0.548,0.461,0.753,0.0,0.753,0.647,0.488,0.6,0.87,0.487,0.783,0.46,0.675,1.0,0.469,0.467,0.478,0.68,0.681,0.48,0.542
0.505,0.508,0.4,0.775,0.492,0.475,0.46,0.91,0.491,0.738,0.467,0.751,0.468,0.777,0.75,0.47,0.491,0.486,0.47,0.459,0.459,0.478,0.479,0.491,0.493,0.487,0.475,0.952,0.537,0.485,0.747,0.484,0.0,0.476,0.441,0.676,0.459,0.482,0.719,0.463,0.761,0.477,0.469,1.0,0.957,0.488,0.457,0.458,0.691,0.526
0.516,0.52,0.398,0.765,0.489,0.481,0.464,0.895,0.488,0.742,0.467,0.76,0.463,0.767,0.741,0.477,0.497,0.483,0.475,0.463,0.464,0.475,0.478,0.491,0.493,0.486,0.467,0.929,0.541,0.482,0.752,0.491,0.0,0.479,0.444,0.679,0.462,0.479,0.725,0.465,0.762,0.479,0.467,0.957,1.0,0.497,0.46,0.461,0.674,0.53
0.525,0.497,0.435,0.505,0.497,0.494,0.497,0.49,0.528,0.493,0.469,0.498,0.466,0.51,0.501,0.499,0.485,0.478,0.471,0.497,0.483,0.465,0.467,0.481,0.482,0.477,0.468,0.482,0.621,0.531,0.502,0.472,0.0,0.474,0.444,0.499,0.497,0.474,0.51,0.474,0.501,0.479,0.478,0.488,0.497,1.0,0.506,0.506,0.494,0.672
0.54,0.725,0.441,0.459,0.707,0.723,0.58,0.462,0.543,0.461,0.659,0.455,0.668,0.465,0.464,0.597,0.723,0.672,0.646,0.58,0.65,0.65,0.644,0.737,0.721,0.718,0.659,0.461,0.521,0.539,0.446,0.657,0.0,0.651,0.681,0.47,0.579,0.696,0.48,0.687,0.441,0.719,0.68,0.457,0.46,0.506,1.0,0.995,0.463,0.541
0.542,0.724,0.441,0.459,0.709,0.724,0.58,0.463,0.543,0.461,0.659,0.457,0.668,0.467,0.464,0.597,0.723,0.671,0.646,0.58,0.65,0.65,0.644,0.738,0.721,0.719,0.659,0.461,0.522,0.54,0.446,0.658,0.0,0.653,0.683,0.47,0.579,0.698,0.48,0.688,0.441,0.72,0.681,0.458,0.461,0.506,0.995,1.0,0.463,0.54
0.485,0.489,0.402,0.695,0.479,0.471,0.452,0.677,0.49,0.715,0.482,0.666,0.477,0.712,0.693,0.468,0.475,0.464,0.453,0.452,0.438,0.462,0.45,0.491,0.487,0.492,0.479,0.698,0.528,0.483,0.678,0.464,0.0,0.459,0.443,0.649,0.452,0.487,0.675,0.473,0.68,0.467,0.48,0.691,0.674,0.494,0.463,0.463,1.0,0.52
0.585,0.555,0.479,0.549,0.55,0.553,0.546,0.534,0.581,0.524,0.526,0.538,0.533,0.553,0.546,0.545,0.549,0.536,0.533,0.545,0.529,0.535,0.537,0.543,0.533,0.527,0.535,0.521,0.854,0.585,0.541,0.531,0.0,0.54,0.494,0.559,0.545,0.53,0.545,0.537,0.539,0.521,0.542,0.526,0.53,0.672,0.541,0.54,0.52,1.0
