GCF_000163235.1_ASM16323v1_genomic.fna,GCF_000164555.1_ASM16455v1_genomic.fna,GCF_000208545.1_ASM20854v2_genomic.fna,GCF_000233875.1_ASM23387v1_genomic.fna,GCF_000249735.1_ASM24973v2_genomic.fna,GCF_000261145.1_Esch_coli_M919_V2_genomic.fna,GCF_000267705.2_ASM26770v2_genomic.fna,GCF_000350665.1_Esch_coli_KTE5_V1_genomic.fna,GCF_000351625.1_Esch_coli_KTE66_V1_genomic.fna,GCF_000352285.1_Esch_coli_KTE46_V1_genomic.fna,GCF_000358895.1_ASM35889v1_genomic.fna,GCF_000456385.1_Esch_coli_HVH_26_4-5703913_V1_genomic.fna,GCF_000458195.1_Esch_coli_HVH_147_4-5893887_V1_genomic.fna,GCF_000459755.1_Esch_coli_KOEGE_58_171a_V1_genomic.fna,GCF_000460055.1_Esch_coli_UMEA_3053-1_V1_genomic.fna,GCF_000462165.2_ASM46216v2_genomic.fna,GCF_000601135.1_ASM60113v1_genomic.fna,GCF_000614595.1_Ec2010EL1058_genomic.fna,GCF_000617745.1_Ec2010C-4529_genomic.fna,GCF_000618265.2_EcF6751_genomic.fna,GCF_000619005.2_Ec2009C-4052_genomic.fna,GCF_000619105.1_Ec2009C-4780_genomic.fna,GCF_000619765.2_Ec2009C-3279_genomic.fna,GCF_000687005.1_ASM68700v1_genomic.fna,GCF_000687025.1_ASM68702v1_genomic.fna,GCF_000700125.1_ASM70012v1_genomic.fna,GCF_000753315.1_FHI35_genomic.fna,GCF_000776375.1_ASM77637v1_genomic.fna,GCF_000779395.1_ASM77939v1_genomic.fna,GCF_000780315.1_ASM78031v1_genomic.fna,GCF_000781995.1_ASM78199v1_genomic.fna,GCF_000986765.1_ASM98676v1_genomic.fna,GCF_001041375.1_ViralProj287958_genomic.fna,GCF_001265335.1_302014_genomic.fna,GCF_001265625.1_100854_genomic.fna,GCF_001267345.1_303289_genomic.fna,GCF_001309985.1_ASM130998v1_genomic.fna,GCF_001521695.1_ASM152169v1_genomic.fna,GCF_001592595.1_ASM159259v1_genomic.fna,GCF_001614975.1_ASM161497v1_genomic.fna,GCF_001692775.1_ASM169277v1_genomic.fna,GCF_001748915.1_ASM174891v1_genomic.fna,GCF_001749235.1_ASM174923v1_genomic.fna,GCF_001881155.1_ASM188115v1_genomic.fna,GCF_001881345.1_ASM188134v1_genomic.fna,GCF_001892405.1_ASM189240v1_genomic.fna,GCF_001892585.1_ASM189258v1_genomic.fna,GCF_001893985.1_ASM189398v1_genomic.fna,GCF_002001595.1_ASM200159v1_genomic.fna,GCF_002002145.1_ASM200214v1_genomic.fna
1.0,0.592,0.48,0.504,0.577,0.577,0.54,0.525,0.661,0.523,0.565,0.518,0.56,0.504,0.488,0.548,0.556,0.576,0.565,0.534,0.541,0.561,0.567,0.584,0.564,0.567,0.566,0.522,0.588,0.657,0.48,0.546,0.0,0.555,0.536,0.494,0.534,0.563,0.491,0.569,0.507,0.561,0.561,0.504,0.517,0.529,0.551,0.551,0.51,0.59
0.592,1.0,0.448,0.523,0.707,0.817,0.594,0.522,0.549,0.515,0.664,0.537,0.673,0.506,0.501,0.606,0.733,0.678,0.679,0.589,0.646,0.671,0.678,0.811,0.828,0.76,0.681,0.525,0.545,0.546,0.483,0.672,0.0,0.678,0.771,0.493,0.589,0.692,0.496,0.66,0.503,0.72,0.675,0.523,0.525,0.512,0.718,0.718,0.524,0.537
0.48,0.448,1.0,0.424,0.435,0.432,0.443,0.427,0.463,0.404,0.422,0.424,0.421,0.414,0.41,0.444,0.42,0.437,0.436,0.439,0.44,0.429,0.434,0.436,0.435,0.444,0.44,0.423,0.457,0.465,0.406,0.458,0.0,0.442,0.399,0.411,0.438,0.437,0.416,0.429,0.417,0.433,0.44,0.434,0.428,0.428,0.424,0.424,0.42,0.462
0.504,0.523,0.424,1.0,0.505,0.504,0.492,0.773,0.504,0.771,0.485,0.799,0.506,0.828,0.828,0.502,0.482,0.514,0.507,0.489,0.489,0.497,0.509,0.502,0.498,0.485,0.509,0.807,0.559,0.508,0.777,0.509,0.0,0.498,0.475,0.708,0.488,0.509,0.731,0.498,0.81,0.497,0.503,0.792,0.79,0.517,0.481,0.481,0.755,0.562
0.577,0.707,0.435,0.505,1.0,0.704,0.595,0.507,0.546,0.499,0.794,0.518,0.747,0.501,0.502,0.61,0.684,0.734,0.741,0.59,0.717,0.747,0.754,0.692,0.698,0.699,0.751,0.512,0.553,0.556,0.486,0.733,0.0,0.754,0.662,0.492,0.589,0.751,0.495,0.744,0.508,0.698,0.761,0.496,0.503,0.511,0.703,0.703,0.509,0.541
0.577,0.817,0.432,0.504,0.704,1.0,0.595,0.515,0.541,0.504,0.669,0.513,0.67,0.503,0.489,0.603,0.733,0.699,0.685,0.588,0.645,0.691,0.691,0.799,0.823,0.747,0.67,0.514,0.557,0.539,0.473,0.669,0.0,0.686,0.783,0.492,0.588,0.702,0.519,0.67,0.494,0.744,0.687,0.498,0.497,0.499,0.736,0.736,0.51,0.546
0.54,0.594,0.443,0.492,0.595,0.595,1.0,0.508,0.53,0.466,0.567,0.494,0.584,0.472,0.478,0.958,0.585,0.64,0.632,0.983,0.648,0.61,0.635,0.59,0.584,0.592,0.594,0.49,0.528,0.536,0.475,0.623,0.0,0.609,0.564,0.489,0.985,0.589,0.501,0.586,0.482,0.585,0.596,0.492,0.496,0.499,0.57,0.57,0.474,0.531
0.525,0.522,0.427,0.773,0.507,0.515,0.508,1.0,0.51,0.739,0.482,0.769,0.508,0.756,0.74,0.508,0.486,0.518,0.515,0.505,0.507,0.5,0.509,0.511,0.502,0.495,0.522,0.917,0.569,0.519,0.741,0.519,0.0,0.497,0.47,0.683,0.504,0.529,0.733,0.511,0.756,0.497,0.514,0.916,0.9,0.521,0.483,0.483,0.722,0.563
0.661,0.549,0.463,0.504,0.546,0.541,0.53,0.51,1.0,0.504,0.538,0.514,0.543,0.506,0.502,0.544,0.523,0.55,0.543,0.525,0.527,0.548,0.552,0.545,0.536,0.536,0.56,0.517,0.583,0.673,0.488,0.532,0.0,0.547,0.508,0.502,0.525,0.551,0.499,0.551,0.509,0.547,0.561,0.498,0.499,0.528,0.529,0.529,0.511,0.599
0.523,0.515,0.404,0.771,0.499,0.504,0.466,0.739,0.504,1.0,0.504,0.764,0.514,0.776,0.749,0.48,0.495,0.507,0.5,0.463,0.466,0.495,0.489,0.508,0.51,0.496,0.499,0.765,0.543,0.513,0.769,0.484,0.0,0.485,0.474,0.696,0.463,0.506,0.718,0.516,0.788,0.484,0.512,0.741,0.75,0.491,0.483,0.483,0.736,0.536
0.565,0.664,0.422,0.485,0.794,0.669,0.567,0.482,0.538,0.504,1.0,0.492,0.781,0.479,0.481,0.584,0.661,0.718,0.73,0.561,0.675,0.736,0.725,0.702,0.695,0.687,0.717,0.49,0.522,0.539,0.464,0.691,0.0,0.715,0.689,0.479,0.56,0.721,0.487,0.758,0.483,0.666,0.75,0.471,0.475,0.486,0.653,0.653,0.485,0.52
0.518,0.537,0.424,0.799,0.518,0.513,0.494,0.769,0.514,0.764,0.492,1.0,0.513,0.791,0.874,0.507,0.492,0.516,0.507,0.491,0.496,0.504,0.51,0.512,0.506,0.501,0.509,0.793,0.569,0.518,0.734,0.511,0.0,0.505,0.475,0.695,0.491,0.52,0.732,0.514,0.765,0.496,0.513,0.772,0.771,0.525,0.5,0.5,0.73,0.556
0.56,0.673,0.421,0.506,0.747,0.67,0.584,0.508,0.543,0.514,0.781,0.513,1.0,0.497,0.5,0.595,0.673,0.759,0.769,0.578,0.725,0.813,0.802,0.702,0.686,0.691,0.778,0.519,0.528,0.547,0.483,0.73,0.0,0.787,0.671,0.486,0.577,0.763,0.491,0.806,0.5,0.664,0.785,0.499,0.499,0.487,0.671,0.671,0.507,0.528
0.504,0.506,0.414,0.828,0.501,0.503,0.472,0.756,0.506,0.776,0.479,0.791,0.497,1.0,0.809,0.485,0.474,0.508,0.493,0.469,0.475,0.493,0.499,0.493,0.495,0.478,0.498,0.799,0.562,0.512,0.77,0.498,0.0,0.491,0.464,0.682,0.469,0.504,0.733,0.493,0.799,0.489,0.495,0.775,0.774,0.5,0.477,0.477,0.743,0.554
0.488,0.501,0.41,0.828,0.502,0.489,0.478,0.74,0.502,0.749,0.481,0.874,0.5,0.809,1.0,0.49,0.472,0.502,0.491,0.475,0.477,0.49,0.498,0.488,0.483,0.482,0.501,0.778,0.55,0.508,0.759,0.494,0.0,0.488,0.462,0.684,0.474,0.503,0.734,0.501,0.786,0.48,0.496,0.759,0.76,0.52,0.489,0.489,0.723,0.569
0.548,0.606,0.444,0.502,0.61,0.603,0.958,0.508,0.544,0.48,0.584,0.507,0.595,0.485,0.49,1.0,0.594,0.644,0.641,0.951,0.638,0.623,0.636,0.601,0.595,0.603,0.604,0.5,0.54,0.548,0.476,0.616,0.0,0.619,0.573,0.502,0.952,0.6,0.501,0.597,0.494,0.597,0.608,0.493,0.498,0.5,0.584,0.584,0.487,0.541
0.556,0.733,0.42,0.482,0.684,0.733,0.585,0.486,0.523,0.495,0.661,0.492,0.673,0.474,0.472,0.594,1.0,0.667,0.675,0.579,0.637,0.684,0.676,0.761,0.753,0.762,0.658,0.493,0.522,0.519,0.457,0.684,0.0,0.665,0.698,0.477,0.58,0.652,0.48,0.664,0.47,0.705,0.671,0.485,0.492,0.476,0.706,0.706,0.482,0.512
0.576,0.678,0.437,0.514,0.734,0.699,0.64,0.518,0.55,0.507,0.718,0.516,0.759,0.508,0.502,0.644,0.667,1.0,0.809,0.636,0.755,0.785,0.784,0.687,0.676,0.685,0.767,0.522,0.55,0.554,0.495,0.745,0.0,0.756,0.659,0.525,0.635,0.739,0.522,0.754,0.511,0.688,0.759,0.508,0.508,0.496,0.672,0.672,0.506,0.543
0.565,0.679,0.436,0.507,0.741,0.685,0.632,0.515,0.543,0.5,0.73,0.507,0.769,0.493,0.491,0.641,0.675,0.809,1.0,0.627,0.76,0.789,0.78,0.69,0.676,0.695,0.757,0.514,0.546,0.542,0.483,0.75,0.0,0.747,0.651,0.508,0.627,0.738,0.506,0.761,0.502,0.686,0.754,0.502,0.502,0.494,0.666,0.666,0.497,0.54
0.534,0.589,0.439,0.489,0.59,0.588,0.983,0.505,0.525,0.463,0.561,0.491,0.578,0.469,0.475,0.951,0.579,0.636,0.627,1.0,0.644,0.604,0.629,0.584,0.581,0.587,0.589,0.487,0.524,0.531,0.475,0.617,0.0,0.605,0.558,0.486,0.994,0.584,0.497,0.581,0.479,0.578,0.591,0.489,0.493,0.5,0.566,0.566,0.471,0.527
0.541,0.646,0.44,0.489,0.717,0.645,0.648,0.507,0.527,0.466,0.675,0.496,0.725,0.475,0.477,0.638,0.637,0.755,0.76,0.644,1.0,0.766,0.787,0.648,0.638,0.668,0.738,0.497,0.52,0.532,0.468,0.752,0.0,0.761,0.616,0.491,0.642,0.722,0.503,0.728,0.485,0.637,0.735,0.5,0.503,0.493,0.645,0.645,0.481,0.522
0.561,0.671,0.429,0.497,0.747,0.691,0.61,0.5,0.548,0.495,0.736,0.504,0.813,0.493,0.49,0.623,0.684,0.785,0.789,0.604,0.766,1.0,0.939,0.684,0.681,0.681,0.765,0.509,0.532,0.543,0.472,0.745,0.0,0.888,0.652,0.493,0.605,0.759,0.501,0.772,0.493,0.679,0.788,0.492,0.49,0.491,0.66,0.66,0.501,0.527
0.567,0.678,0.434,0.509,0.754,0.691,0.635,0.509,0.552,0.489,0.725,0.51,0.802,0.499,0.498,0.636,0.676,0.784,0.78,0.629,0.787,0.939,1.0,0.679,0.677,0.675,0.777,0.517,0.542,0.544,0.483,0.759,0.0,0.893,0.645,0.499,0.629,0.758,0.507,0.761,0.503,0.667,0.769,0.501,0.503,0.494,0.656,0.656,0.507,0.534
0.584,0.811,0.436,0.502,0.692,0.799,0.59,0.511,0.545,0.508,0.702,0.512,0.702,0.493,0.488,0.601,0.761,0.687,0.69,0.584,0.648,0.684,0.679,1.0,0.839,0.777,0.673,0.508,0.535,0.547,0.47,0.672,0.0,0.671,0.805,0.481,0.585,0.674,0.485,0.689,0.49,0.731,0.682,0.49,0.493,0.497,0.705,0.705,0.496,0.528
0.564,0.828,0.435,0.498,0.698,0.823,0.584,0.502,0.536,0.51,0.695,0.506,0.686,0.495,0.483,0.595,0.753,0.676,0.676,0.581,0.638,0.681,0.677,0.839,1.0,0.796,0.669,0.507,0.538,0.529,0.466,0.668,0.0,0.664,0.808,0.477,0.582,0.678,0.489,0.683,0.488,0.735,0.687,0.504,0.497,0.492,0.708,0.708,0.518,0.522
0.567,0.76,0.444,0.485,0.699,0.747,0.592,0.495,0.536,0.496,0.687,0.501,0.691,0.478,0.482,0.603,0.762,0.685,0.695,0.587,0.668,0.681,0.675,0.777,0.796,1.0,0.681,0.49,0.532,0.536,0.459,0.676,0.0,0.669,0.72,0.478,0.586,0.693,0.484,0.698,0.476,0.745,0.689,0.49,0.488,0.495,0.732,0.732,0.499,0.523
0.566,0.681,0.44,0.509,0.751,0.67,0.594,0.522,0.56,0.499,0.717,0.509,0.778,0.498,0.501,0.604,0.658,0.767,0.757,0.589,0.738,0.765,0.777,0.673,0.669,0.681,1.0,0.522,0.542,0.548,0.495,0.759,0.0,0.762,0.634,0.507,0.588,0.82,0.499,0.774,0.514,0.678,0.836,0.512,0.505,0.509,0.656,0.656,0.513,0.54
0.522,0.525,0.423,0.807,0.512,0.514,0.49,0.917,0.517,0.765,0.49,0.793,0.519,0.799,0.778,0.5,0.493,0.522,0.514,0.487,0.497,0.509,0.517,0.508,0.507,0.49,0.522,1.0,0.565,0.527,0.743,0.518,0.0,0.505,0.476,0.693,0.487,0.531,0.731,0.51,0.779,0.501,0.511,0.962,0.945,0.515,0.493,0.493,0.752,0.562
0.588,0.545,0.457,0.559,0.553,0.557,0.528,0.569,0.583,0.543,0.522,0.569,0.528,0.562,0.55,0.54,0.522,0.55,0.546,0.524,0.52,0.532,0.542,0.535,0.538,0.532,0.542,0.565,1.0,0.567,0.537,0.546,0.0,0.541,0.497,0.542,0.524,0.544,0.543,0.538,0.556,0.526,0.541,0.553,0.554,0.617,0.52,0.52,0.553,0.858
0.657,0.546,0.465,0.508,0.556,0.539,0.536,0.519,0.673,0.513,0.539,0.518,0.547,0.512,0.508,0.548,0.519,0.554,0.542,0.531,0.532,0.543,0.544,0.547,0.529,0.536,0.548,0.527,0.567,1.0,0.494,0.525,0.0,0.536,0.508,0.499,0.531,0.544,0.5,0.558,0.514,0.544,0.555,0.509,0.511,0.53,0.536,0.536,0.516,0.576
0.48,0.483,0.406,0.777,0.486,0.473,0.475,0.741,0.488,0.769,0.464,0.734,0.483,0.77,0.759,0.476,0.457,0.495,0.483,0.475,0.468,0.472,0.483,0.47,0.466,0.459,0.495,0.743,0.537,0.494,1.0,0.494,0.0,0.472,0.444,0.679,0.475,0.489,0.71,0.48,0.91,0.464,0.48,0.744,0.742,0.502,0.456,0.456,0.698,0.539
0.546,0.672,0.458,0.509,0.733,0.669,0.623,0.519,0.532,0.484,0.691,0.511,0.73,0.498,0.494,0.616,0.684,0.745,0.75,0.617,0.752,0.745,0.759,0.672,0.668,0.676,0.759,0.518,0.546,0.525,0.494,1.0,0.0,0.74,0.629,0.495,0.616,0.761,0.517,0.742,0.502,0.669,0.755,0.516,0.519,0.505,0.664,0.664,0.492,0.531
0.0,0.0,0.0,0.0,0.0,0.0,0.0,0.0,0.0,0.0,0.0,0.0,0.0,0.0,0.0,0.0,0.0,0.0,0.0,0.0,0.0,0.0,0.0,0.0,0.0,0.0,0.0,0.0,0.0,0.0,0.0,0.0,1.0,0.0,0.0,0.0,0.0,0.0,0.0,0.0,0.0,0.0,0.0,0.0,0.0,0.0,0.0,0.0,0.0,0.0
0.555,0.678,0.442,0.498,0.754,0.686,0.609,0.497,0.547,0.485,0.715,0.505,0.787,0.491,0.488,0.619,0.665,0.756,0.747,0.605,0.761,0.888,0.893,0.671,0.664,0.669,0.762,0.505,0.541,0.536,0.472,0.74,0.0,1.0,0.639,0.502,0.605,0.749,0.505,0.742,0.491,0.654,0.77,0.492,0.496,0.494,0.651,0.651,0.501,0.533
0.536,0.771,0.399,0.475,0.662,0.783,0.564,0.47,0.508,0.474,0.689,0.475,0.671,0.464,0.462,0.573,0.698,0.659,0.651,0.558,0.616,0.652,0.645,0.805,0.808,0.72,0.634,0.476,0.497,0.508,0.444,0.629,0.0,0.639,1.0,0.457,0.559,0.63,0.463,0.66,0.457,0.699,0.651,0.461,0.465,0.461,0.669,0.669,0.465,0.493
0.494,0.493,0.411,0.708,0.492,0.492,0.489,0.683,0.502,0.696,0.479,0.695,0.486,0.682,0.684,0.502,0.477,0.525,0.508,0.486,0.491,0.493,0.499,0.481,0.477,0.478,0.507,0.693,0.542,0.499,0.679,0.495,0.0,0.502,0.457,1.0,0.485,0.496,0.69,0.493,0.703,0.482,0.5,0.681,0.684,0.495,0.46,0.46,0.686,0.546
0.534,0.589,0.438,0.488,0.589,0.588,0.985,0.504,0.525,0.463,0.56,0.491,0.577,0.469,0.474,0.952,0.58,0.635,0.627,0.994,0.642,0.605,0.629,0.585,0.582,0.586,0.588,0.487,0.524,0.531,0.475,0.616,0.0,0.605,0.559,0.485,1.0,0.583,0.496,0.58,0.479,0.58,0.59,0.489,0.492,0.5,0.566,0.566,0.47,0.526
0.563,0.692,0.437,0.509,0.751,0.702,0.589,0.529,0.551,0.506,0.721,0.52,0.763,0.504,0.503,0.6,0.652,0.739,0.738,0.584,0.722,0.759,0.758,0.674,0.678,0.693,0.82,0.531,0.544,0.544,0.489,0.761,0.0,0.749,0.63,0.496,0.583,1.0,0.513,0.766,0.512,0.692,0.86,0.517,0.504,0.503,0.693,0.693,0.516,0.538
0.491,0.496,0.416,0.731,0.495,0.519,0.501,0.733,0.499,0.718,0.487,0.732,0.491,0.733,0.734,0.501,0.48,0.522,0.506,0.497,0.503,0.501,0.507,0.485,0.489,0.484,0.499,0.731,0.543,0.5,0.71,0.517,0.0,0.505,0.463,0.69,0.496,0.513,1.0,0.487,0.723,0.489,0.502,0.735,0.738,0.51,0.487,0.487,0.698,0.537
0.569,0.66,0.429,0.498,0.744,0.67,0.586,0.511,0.551,0.516,0.758,0.514,0.806,0.493,0.501,0.597,0.664,0.754,0.761,0.581,0.728,0.772,0.761,0.689,0.683,0.698,0.774,0.51,0.538,0.558,0.48,0.742,0.0,0.742,0.66,0.493,0.58,0.766,0.487,1.0,0.502,0.672,0.796,0.492,0.499,0.505,0.675,0.675,0.501,0.547
0.507,0.503,0.417,0.81,0.508,0.494,0.482,0.756,0.509,0.788,0.483,0.765,0.5,0.799,0.786,0.494,0.47,0.511,0.502,0.479,0.485,0.493,0.503,0.49,0.488,0.476,0.514,0.779,0.556,0.514,0.91,0.502,0.0,0.491,0.457,0.703,0.479,0.512,0.723,0.502,1.0,0.489,0.5,0.769,0.767,0.501,0.477,0.477,0.726,0.556
0.561,0.72,0.433,0.497,0.698,0.744,0.585,0.497,0.547,0.484,0.666,0.496,0.664,0.489,0.48,0.597,0.705,0.688,0.686,0.578,0.637,0.679,0.667,0.731,0.735,0.745,0.678,0.501,0.526,0.544,0.464,0.669,0.0,0.654,0.699,0.482,0.58,0.692,0.489,0.672,0.489,1.0,0.699,0.486,0.483,0.478,0.753,0.753,0.497,0.517
0.561,0.675,0.44,0.503,0.761,0.687,0.596,0.514,0.561,0.512,0.75,0.513,0.785,0.495,0.496,0.608,0.671,0.759,0.754,0.591,0.735,0.788,0.769,0.682,0.687,0.689,0.836,0.511,0.541,0.555,0.48,0.755,0.0,0.77,0.651,0.5,0.59,0.86,0.502,0.796,0.5,0.699,1.0,0.495,0.492,0.502,0.675,0.675,0.505,0.541
0.504,0.523,0.434,0.792,0.496,0.498,0.492,0.916,0.498,0.741,0.471,0.772,0.499,0.775,0.759,0.493,0.485,0.508,0.502,0.489,0.5,0.492,0.501,0.49,0.504,0.49,0.512,0.962,0.553,0.509,0.744,0.516,0.0,0.492,0.461,0.681,0.489,0.517,0.735,0.492,0.769,0.486,0.495,1.0,0.965,0.517,0.483,0.483,0.74,0.548
0.517,0.525,0.428,0.79,0.503,0.497,0.496,0.9,0.499,0.75,0.475,0.771,0.499,0.774,0.76,0.498,0.492,0.508,0.502,0.493,0.503,0.49,0.503,0.493,0.497,0.488,0.505,0.945,0.554,0.511,0.742,0.519,0.0,0.496,0.465,0.684,0.492,0.504,0.738,0.499,0.767,0.483,0.492,0.965,1.0,0.511,0.485,0.485,0.732,0.547
0.529,0.512,0.428,0.517,0.511,0.499,0.499,0.521,0.528,0.491,0.486,0.525,0.487,0.5,0.52,0.5,0.476,0.496,0.494,0.5,0.493,0.491,0.494,0.497,0.492,0.495,0.509,0.515,0.617,0.53,0.502,0.505,0.0,0.494,0.461,0.495,0.5,0.503,0.51,0.505,0.501,0.478,0.502,0.517,0.511,1.0,0.506,0.506,0.512,0.658
0.551,0.718,0.424,0.481,0.703,0.736,0.57,0.483,0.529,0.483,0.653,0.5,0.671,0.477,0.489,0.584,0.706,0.672,0.666,0.566,0.645,0.66,0.656,0.705,0.708,0.732,0.656,0.493,0.52,0.536,0.456,0.664,0.0,0.651,0.669,0.46,0.566,0.693,0.487,0.675,0.477,0.753,0.675,0.483,0.485,0.506,1.0,0.999,0.49,0.525
0.551,0.718,0.424,0.481,0.703,0.736,0.57,0.483,0.529,0.483,0.653,0.5,0.671,0.477,0.489,0.584,0.706,0.672,0.666,0.566,0.645,0.66,0.656,0.705,0.708,0.732,0.656,0.493,0.52,0.536,0.456,0.664,0.0,0.651,0.669,0.46,0.566,0.693,0.487,0.675,0.477,0.753,0.675,0.483,0.485,0.506,0.999,1.0,0.49,0.525
0.51,0.524,0.42,0.755,0.509,0.51,0.474,0.722,0.511,0.736,0.485,0.73,0.507,0.743,0.723,0.487,0.482,0.506,0.497,0.471,0.481,0.501,0.507,0.496,0.518,0.499,0.513,0.752,0.553,0.516,0.698,0.492,0.0,0.501,0.465,0.686,0.47,0.516,0.698,0.501,0.726,0.497,0.505,0.74,0.732,0.512,0.49,0.49,1.0,0.549
0.59,0.537,0.462,0.562,0.541,0.546,0.531,0.563,0.599,0.536,0.52,0.556,0.528,0.554,0.569,0.541,0.512,0.543,0.54,0.527,0.522,0.527,0.534,0.528,0.522,0.523,0.54,0.562,0.858,0.576,0.539,0.531,0.0,0.533,0.493,0.546,0.526,0.538,0.537,0.547,0.556,0.517,0.541,0.548,0.547,0.658,0.525,0.525,0.549,1.0
