GCF_000163235.1_ASM16323v1_genomic.fna,GCF_000164555.1_ASM16455v1_genomic.fna,GCF_000208545.1_ASM20854v2_genomic.fna,GCF_000233875.1_ASM23387v1_genomic.fna,GCF_000249735.1_ASM24973v2_genomic.fna,GCF_000261145.1_Esch_coli_M919_V2_genomic.fna,GCF_000267705.2_ASM26770v2_genomic.fna,GCF_000350665.1_Esch_coli_KTE5_V1_genomic.fna,GCF_000351625.1_Esch_coli_KTE66_V1_genomic.fna,GCF_000352285.1_Esch_coli_KTE46_V1_genomic.fna,GCF_000358895.1_ASM35889v1_genomic.fna,GCF_000456385.1_Esch_coli_HVH_26_4-5703913_V1_genomic.fna,GCF_000458195.1_Esch_coli_HVH_147_4-5893887_V1_genomic.fna,GCF_000459755.1_Esch_coli_KOEGE_58_171a_V1_genomic.fna,GCF_000460055.1_Esch_coli_UMEA_3053-1_V1_genomic.fna,GCF_000462165.2_ASM46216v2_genomic.fna,GCF_000601135.1_ASM60113v1_genomic.fna,GCF_000614595.1_Ec2010EL1058_genomic.fna,GCF_000617745.1_Ec2010C-4529_genomic.fna,GCF_000618265.2_EcF6751_genomic.fna,GCF_000619005.2_Ec2009C-4052_genomic.fna,GCF_000619105.1_Ec2009C-4780_genomic.fna,GCF_000619765.2_Ec2009C-3279_genomic.fna,GCF_000687005.1_ASM68700v1_genomic.fna,GCF_000687025.1_ASM68702v1_genomic.fna,GCF_000700125.1_ASM70012v1_genomic.fna,GCF_000753315.1_FHI35_genomic.fna,GCF_000776375.1_ASM77637v1_genomic.fna,GCF_000779395.1_ASM77939v1_genomic.fna,GCF_000780315.1_ASM78031v1_genomic.fna,GCF_000781995.1_ASM78199v1_genomic.fna,GCF_000986765.1_ASM98676v1_genomic.fna,GCF_001041375.1_ViralProj287958_genomic.fna,GCF_001265335.1_302014_genomic.fna,GCF_001265625.1_100854_genomic.fna,GCF_001267345.1_303289_genomic.fna,GCF_001309985.1_ASM130998v1_genomic.fna,GCF_001521695.1_ASM152169v1_genomic.fna,GCF_001592595.1_ASM159259v1_genomic.fna,GCF_001614975.1_ASM161497v1_genomic.fna,GCF_001692775.1_ASM169277v1_genomic.fna,GCF_001748915.1_ASM174891v1_genomic.fna,GCF_001749235.1_ASM174923v1_genomic.fna,GCF_001881155.1_ASM188115v1_genomic.fna,GCF_001881345.1_ASM188134v1_genomic.fna,GCF_001892405.1_ASM189240v1_genomic.fna,GCF_001892585.1_ASM189258v1_genomic.fna,GCF_001893985.1_ASM189398v1_genomic.fna,GCF_002001595.1_ASM200159v1_genomic.fna,GCF_002002145.1_ASM200214v1_genomic.fna
1.0,0.567,0.478,0.484,0.558,0.555,0.552,0.504,0.634,0.493,0.536,0.51,0.542,0.483,0.463,0.548,0.539,0.539,0.542,0.549,0.543,0.552,0.577,0.546,0.546,0.529,0.537,0.487,0.557,0.613,0.471,0.552,0.0,0.566,0.509,0.482,0.552,0.563,0.485,0.548,0.483,0.548,0.555,0.496,0.513,0.523,0.55,0.551,0.477,0.571
0.567,1.0,0.45,0.489,0.688,0.792,0.583,0.513,0.525,0.49,0.633,0.515,0.659,0.482,0.478,0.596,0.742,0.672,0.663,0.577,0.642,0.667,0.662,0.793,0.81,0.744,0.645,0.495,0.539,0.554,0.485,0.657,0.0,0.671,0.735,0.478,0.581,0.68,0.492,0.659,0.489,0.712,0.672,0.512,0.524,0.493,0.727,0.727,0.482,0.531
0.478,0.45,1.0,0.4,0.455,0.449,0.424,0.407,0.454,0.393,0.432,0.407,0.443,0.396,0.387,0.436,0.461,0.44,0.436,0.421,0.441,0.442,0.433,0.443,0.44,0.444,0.443,0.397,0.442,0.471,0.384,0.44,0.0,0.45,0.4,0.4,0.423,0.448,0.399,0.45,0.396,0.44,0.462,0.405,0.401,0.399,0.46,0.456,0.398,0.455
0.484,0.489,0.4,1.0,0.505,0.488,0.467,0.719,0.495,0.767,0.502,0.759,0.5,0.787,0.789,0.472,0.467,0.498,0.495,0.462,0.474,0.493,0.485,0.499,0.489,0.482,0.488,0.766,0.535,0.481,0.727,0.469,0.0,0.481,0.479,0.664,0.465,0.499,0.706,0.487,0.757,0.469,0.485,0.745,0.737,0.474,0.472,0.47,0.709,0.52
0.558,0.688,0.455,0.505,1.0,0.694,0.596,0.515,0.553,0.502,0.77,0.52,0.756,0.505,0.497,0.611,0.695,0.717,0.735,0.592,0.714,0.747,0.725,0.69,0.685,0.693,0.726,0.51,0.552,0.571,0.495,0.705,0.0,0.74,0.645,0.499,0.595,0.737,0.512,0.745,0.522,0.685,0.74,0.51,0.515,0.494,0.699,0.698,0.499,0.523
0.555,0.792,0.449,0.488,0.694,1.0,0.604,0.516,0.536,0.482,0.631,0.499,0.659,0.49,0.477,0.613,0.733,0.673,0.669,0.598,0.644,0.668,0.663,0.791,0.818,0.738,0.642,0.495,0.545,0.549,0.477,0.642,0.0,0.687,0.759,0.499,0.601,0.68,0.526,0.647,0.493,0.721,0.667,0.504,0.506,0.49,0.726,0.725,0.485,0.528
0.552,0.583,0.424,0.467,0.596,0.604,1.0,0.473,0.531,0.459,0.568,0.463,0.581,0.466,0.452,0.955,0.593,0.618,0.626,0.988,0.618,0.617,0.654,0.584,0.586,0.577,0.584,0.462,0.504,0.528,0.461,0.591,0.0,0.609,0.562,0.484,0.99,0.581,0.49,0.581,0.467,0.605,0.591,0.467,0.47,0.474,0.592,0.591,0.449,0.515
0.504,0.513,0.407,0.719,0.515,0.516,0.473,1.0,0.491,0.723,0.471,0.724,0.488,0.74,0.697,0.483,0.489,0.497,0.502,0.469,0.485,0.497,0.496,0.503,0.492,0.49,0.485,0.899,0.551,0.487,0.717,0.487,0.0,0.494,0.454,0.655,0.472,0.531,0.697,0.497,0.734,0.486,0.502,0.911,0.898,0.496,0.486,0.483,0.671,0.539
0.634,0.525,0.454,0.495,0.553,0.536,0.531,0.491,1.0,0.495,0.538,0.49,0.557,0.492,0.476,0.543,0.527,0.542,0.552,0.527,0.524,0.557,0.542,0.529,0.53,0.534,0.553,0.488,0.579,0.666,0.482,0.523,0.0,0.55,0.493,0.505,0.531,0.556,0.506,0.557,0.496,0.533,0.562,0.486,0.482,0.513,0.529,0.527,0.476,0.577
0.493,0.49,0.393,0.767,0.502,0.482,0.459,0.723,0.495,1.0,0.51,0.726,0.501,0.756,0.735,0.467,0.466,0.484,0.482,0.455,0.457,0.476,0.462,0.498,0.475,0.481,0.477,0.756,0.548,0.489,0.743,0.459,0.0,0.471,0.475,0.66,0.459,0.489,0.703,0.484,0.763,0.47,0.48,0.734,0.743,0.478,0.471,0.468,0.705,0.518
0.536,0.633,0.432,0.502,0.77,0.631,0.568,0.471,0.538,0.51,1.0,0.484,0.78,0.493,0.485,0.582,0.641,0.703,0.706,0.564,0.689,0.726,0.699,0.684,0.641,0.659,0.72,0.481,0.522,0.56,0.467,0.665,0.0,0.7,0.68,0.481,0.567,0.689,0.492,0.745,0.48,0.643,0.7,0.465,0.466,0.463,0.641,0.64,0.48,0.504
0.51,0.515,0.407,0.759,0.52,0.499,0.463,0.724,0.49,0.726,0.484,1.0,0.501,0.759,0.844,0.469,0.487,0.501,0.498,0.458,0.486,0.505,0.495,0.501,0.504,0.504,0.488,0.74,0.551,0.492,0.698,0.487,0.0,0.503,0.46,0.657,0.462,0.521,0.712,0.505,0.729,0.476,0.51,0.728,0.728,0.486,0.493,0.491,0.676,0.526
0.542,0.659,0.443,0.5,0.756,0.659,0.581,0.488,0.557,0.501,0.78,0.501,1.0,0.498,0.495,0.596,0.664,0.749,0.761,0.576,0.737,0.803,0.775,0.698,0.662,0.682,0.782,0.494,0.54,0.569,0.471,0.713,0.0,0.78,0.653,0.485,0.58,0.741,0.499,0.791,0.485,0.672,0.747,0.476,0.475,0.48,0.673,0.672,0.48,0.512
0.483,0.482,0.396,0.787,0.505,0.49,0.466,0.74,0.492,0.756,0.493,0.759,0.498,1.0,0.792,0.475,0.469,0.498,0.493,0.462,0.465,0.495,0.489,0.481,0.482,0.48,0.489,0.779,0.552,0.478,0.741,0.474,0.0,0.486,0.456,0.669,0.466,0.504,0.717,0.489,0.769,0.47,0.492,0.758,0.753,0.482,0.475,0.473,0.708,0.532
0.463,0.478,0.387,0.789,0.497,0.477,0.452,0.697,0.476,0.735,0.485,0.844,0.495,0.792,1.0,0.46,0.464,0.486,0.48,0.448,0.464,0.489,0.482,0.483,0.473,0.477,0.478,0.734,0.531,0.47,0.718,0.461,0.0,0.476,0.456,0.65,0.452,0.499,0.706,0.486,0.74,0.46,0.485,0.714,0.709,0.469,0.482,0.48,0.697,0.533
0.548,0.596,0.436,0.472,0.611,0.613,0.955,0.483,0.543,0.467,0.582,0.469,0.596,0.475,0.46,1.0,0.607,0.619,0.637,0.953,0.61,0.63,0.641,0.597,0.595,0.589,0.595,0.472,0.515,0.542,0.468,0.582,0.0,0.617,0.568,0.492,0.955,0.596,0.497,0.596,0.478,0.61,0.602,0.475,0.478,0.476,0.594,0.591,0.459,0.52
0.539,0.742,0.461,0.467,0.695,0.733,0.593,0.489,0.527,0.466,0.641,0.487,0.664,0.469,0.464,0.607,1.0,0.666,0.667,0.587,0.643,0.68,0.672,0.75,0.746,0.76,0.646,0.478,0.522,0.538,0.462,0.679,0.0,0.695,0.687,0.484,0.591,0.658,0.491,0.664,0.47,0.72,0.68,0.488,0.501,0.471,0.728,0.727,0.461,0.513
0.539,0.672,0.44,0.498,0.717,0.673,0.618,0.497,0.542,0.484,0.703,0.501,0.749,0.498,0.486,0.619,0.666,1.0,0.783,0.611,0.74,0.781,0.763,0.672,0.661,0.671,0.746,0.495,0.538,0.563,0.477,0.692,0.0,0.74,0.633,0.509,0.616,0.715,0.505,0.734,0.488,0.675,0.729,0.492,0.492,0.496,0.677,0.677,0.473,0.525
0.542,0.663,0.436,0.495,0.735,0.669,0.626,0.502,0.552,0.482,0.706,0.498,0.761,0.493,0.48,0.637,0.667,0.783,1.0,0.619,0.734,0.784,0.759,0.67,0.668,0.671,0.761,0.495,0.534,0.56,0.481,0.703,0.0,0.73,0.646,0.506,0.623,0.731,0.511,0.746,0.495,0.676,0.738,0.491,0.492,0.485,0.677,0.676,0.487,0.519
0.549,0.577,0.421,0.462,0.592,0.598,0.988,0.469,0.527,0.455,0.564,0.458,0.576,0.462,0.448,0.953,0.587,0.611,0.619,1.0,0.61,0.611,0.643,0.578,0.582,0.571,0.578,0.458,0.499,0.524,0.457,0.59,0.0,0.602,0.556,0.479,0.991,0.577,0.484,0.578,0.463,0.6,0.586,0.462,0.464,0.473,0.588,0.589,0.447,0.511
0.543,0.642,0.441,0.474,0.714,0.644,0.618,0.485,0.524,0.457,0.689,0.486,0.737,0.465,0.464,0.61,0.643,0.74,0.734,0.61,1.0,0.753,0.768,0.641,0.626,0.656,0.734,0.472,0.516,0.546,0.47,0.704,0.0,0.742,0.6,0.484,0.613,0.717,0.485,0.733,0.483,0.657,0.724,0.481,0.488,0.484,0.663,0.662,0.464,0.515
0.552,0.667,0.442,0.493,0.747,0.668,0.617,0.497,0.557,0.476,0.726,0.505,0.803,0.495,0.489,0.63,0.68,0.781,0.784,0.611,0.753,1.0,0.91,0.663,0.663,0.671,0.767,0.491,0.541,0.572,0.476,0.721,0.0,0.866,0.628,0.491,0.614,0.753,0.507,0.776,0.493,0.668,0.769,0.487,0.489,0.496,0.679,0.678,0.475,0.532
0.577,0.662,0.433,0.485,0.725,0.663,0.654,0.496,0.542,0.462,0.699,0.495,0.775,0.489,0.482,0.641,0.672,0.763,0.759,0.643,0.768,0.91,1.0,0.647,0.653,0.652,0.747,0.478,0.529,0.548,0.484,0.744,0.0,0.85,0.613,0.485,0.648,0.736,0.502,0.745,0.492,0.674,0.749,0.485,0.491,0.503,0.687,0.689,0.468,0.536
0.546,0.793,0.443,0.499,0.69,0.791,0.584,0.503,0.529,0.498,0.684,0.501,0.698,0.481,0.483,0.597,0.75,0.672,0.67,0.578,0.641,0.663,0.647,1.0,0.833,0.759,0.658,0.493,0.546,0.558,0.456,0.645,0.0,0.666,0.805,0.48,0.583,0.654,0.485,0.668,0.472,0.718,0.654,0.485,0.494,0.479,0.708,0.707,0.473,0.507
0.546,0.81,0.44,0.489,0.685,0.818,0.586,0.492,0.53,0.475,0.641,0.504,0.662,0.482,0.473,0.595,0.746,0.661,0.668,0.582,0.626,0.663,0.653,0.833,1.0,0.77,0.656,0.489,0.542,0.554,0.463,0.66,0.0,0.671,0.787,0.479,0.586,0.666,0.497,0.657,0.478,0.716,0.667,0.493,0.498,0.483,0.717,0.715,0.475,0.507
0.529,0.744,0.444,0.482,0.693,0.738,0.577,0.49,0.534,0.481,0.659,0.504,0.682,0.48,0.477,0.589,0.76,0.671,0.671,0.571,0.656,0.671,0.652,0.759,0.77,1.0,0.665,0.483,0.527,0.551,0.462,0.638,0.0,0.665,0.707,0.483,0.575,0.671,0.494,0.684,0.484,0.712,0.669,0.49,0.493,0.483,0.724,0.723,0.484,0.513
0.537,0.645,0.443,0.488,0.726,0.642,0.584,0.485,0.553,0.477,0.72,0.488,0.782,0.489,0.478,0.595,0.646,0.746,0.761,0.578,0.734,0.767,0.747,0.658,0.656,0.665,1.0,0.49,0.538,0.559,0.472,0.725,0.0,0.749,0.628,0.476,0.583,0.817,0.485,0.792,0.487,0.66,0.829,0.485,0.479,0.49,0.652,0.652,0.48,0.511
0.487,0.495,0.397,0.766,0.51,0.495,0.462,0.899,0.488,0.756,0.481,0.74,0.494,0.779,0.734,0.472,0.478,0.495,0.495,0.458,0.472,0.491,0.478,0.493,0.489,0.483,0.49,1.0,0.555,0.482,0.721,0.47,0.0,0.482,0.453,0.668,0.461,0.513,0.704,0.492,0.749,0.471,0.486,0.958,0.931,0.48,0.47,0.467,0.696,0.521
0.557,0.539,0.442,0.535,0.552,0.545,0.504,0.551,0.579,0.548,0.522,0.551,0.54,0.552,0.531,0.515,0.522,0.538,0.534,0.499,0.516,0.541,0.529,0.546,0.542,0.527,0.538,0.555,1.0,0.562,0.525,0.52,0.0,0.541,0.502,0.537,0.504,0.551,0.536,0.533,0.538,0.52,0.538,0.544,0.544,0.583,0.519,0.516,0.51,0.825
0.613,0.554,0.471,0.481,0.571,0.549,0.528,0.487,0.666,0.489,0.56,0.492,0.569,0.478,0.47,0.542,0.538,0.563,0.56,0.524,0.546,0.572,0.548,0.558,0.554,0.551,0.559,0.482,0.562,1.0,0.47,0.528,0.0,0.554,0.511,0.485,0.528,0.556,0.485,0.573,0.488,0.541,0.559,0.477,0.475,0.53,0.549,0.548,0.471,0.557
0.471,0.485,0.384,0.727,0.495,0.477,0.461,0.717,0.482,0.743,0.467,0.698,0.471,0.741,0.718,0.468,0.462,0.477,0.481,0.457,0.47,0.476,0.484,0.456,0.463,0.462,0.472,0.721,0.525,0.47,1.0,0.467,0.0,0.478,0.434,0.642,0.461,0.486,0.677,0.474,0.886,0.47,0.483,0.726,0.726,0.473,0.47,0.468,0.662,0.518
0.552,0.657,0.44,0.469,0.705,0.642,0.591,0.487,0.523,0.459,0.665,0.487,0.713,0.474,0.461,0.582,0.679,0.692,0.703,0.59,0.704,0.721,0.744,0.645,0.66,0.638,0.725,0.47,0.52,0.528,0.467,1.0,0.0,0.721,0.594,0.472,0.591,0.746,0.498,0.727,0.466,0.674,0.746,0.476,0.482,0.502,0.689,0.693,0.464,0.518
0.0,0.0,0.0,0.0,0.0,0.0,0.0,0.0,0.0,0.0,0.0,0.0,0.0,0.0,0.0,0.0,0.0,0.0,0.0,0.0,0.0,0.0,0.0,0.0,0.0,0.0,0.0,0.0,0.0,0.0,0.0,0.0,1.0,0.0,0.0,0.0,0.0,0.0,0.0,0.0,0.0,0.0,0.0,0.0,0.0,0.0,0.0,0.0,0.0,0.0
0.566,0.671,0.45,0.481,0.74,0.687,0.609,0.494,0.55,0.471,0.7,0.503,0.78,0.486,0.476,0.617,0.695,0.74,0.73,0.602,0.742,0.866,0.85,0.666,0.671,0.665,0.749,0.482,0.541,0.554,0.478,0.721,0.0,1.0,0.635,0.498,0.605,0.742,0.514,0.753,0.49,0.669,0.771,0.488,0.492,0.491,0.681,0.681,0.473,0.528
0.509,0.735,0.4,0.479,0.645,0.759,0.562,0.454,0.493,0.475,0.68,0.46,0.653,0.456,0.456,0.568,0.687,0.633,0.646,0.556,0.6,0.628,0.613,0.805,0.787,0.707,0.628,0.453,0.502,0.511,0.434,0.594,0.0,0.635,1.0,0.454,0.558,0.615,0.459,0.635,0.446,0.664,0.627,0.448,0.457,0.453,0.67,0.667,0.447,0.476
0.482,0.478,0.4,0.664,0.499,0.499,0.484,0.655,0.505,0.66,0.481,0.657,0.485,0.669,0.65,0.492,0.484,0.509,0.506,0.479,0.484,0.491,0.485,0.48,0.479,0.483,0.476,0.668,0.537,0.485,0.642,0.472,0.0,0.498,0.454,1.0,0.484,0.495,0.705,0.491,0.663,0.484,0.484,0.66,0.663,0.476,0.472,0.469,0.645,0.514
0.552,0.581,0.423,0.465,0.595,0.601,0.99,0.472,0.531,0.459,0.567,0.462,0.58,0.466,0.452,0.955,0.591,0.616,0.623,0.991,0.613,0.614,0.648,0.583,0.586,0.575,0.583,0.461,0.504,0.528,0.461,0.591,0.0,0.605,0.558,0.484,1.0,0.581,0.486,0.58,0.467,0.605,0.588,0.465,0.468,0.474,0.591,0.59,0.449,0.515
0.563,0.68,0.448,0.499,0.737,0.68,0.581,0.531,0.556,0.489,0.689,0.521,0.741,0.504,0.499,0.596,0.658,0.715,0.731,0.577,0.717,0.753,0.736,0.654,0.666,0.671,0.817,0.513,0.551,0.556,0.486,0.746,0.0,0.742,0.615,0.495,0.581,1.0,0.525,0.753,0.505,0.675,0.857,0.517,0.509,0.506,0.682,0.681,0.495,0.531
0.485,0.492,0.399,0.706,0.512,0.526,0.49,0.697,0.506,0.703,0.492,0.712,0.499,0.717,0.706,0.497,0.491,0.505,0.511,0.484,0.485,0.507,0.502,0.485,0.497,0.494,0.485,0.704,0.536,0.485,0.677,0.498,0.0,0.514,0.459,0.705,0.486,0.525,1.0,0.504,0.704,0.495,0.519,0.704,0.707,0.476,0.503,0.5,0.663,0.521
0.548,0.659,0.45,0.487,0.745,0.647,0.581,0.497,0.557,0.484,0.745,0.505,0.791,0.489,0.486,0.596,0.664,0.734,0.746,0.578,0.733,0.776,0.745,0.668,0.657,0.684,0.792,0.492,0.533,0.573,0.474,0.727,0.0,0.753,0.635,0.491,0.58,0.753,0.504,1.0,0.485,0.667,0.774,0.483,0.485,0.491,0.679,0.678,0.477,0.528
0.483,0.489,0.396,0.757,0.522,0.493,0.467,0.734,0.496,0.763,0.48,0.729,0.485,0.769,0.74,0.478,0.47,0.488,0.495,0.463,0.483,0.493,0.492,0.472,0.478,0.484,0.487,0.749,0.538,0.488,0.886,0.466,0.0,0.49,0.446,0.663,0.467,0.505,0.704,0.485,1.0,0.481,0.49,0.751,0.744,0.478,0.473,0.471,0.686,0.525
0.548,0.712,0.44,0.469,0.685,0.721,0.605,0.486,0.533,0.47,0.643,0.476,0.672,0.47,0.46,0.61,0.72,0.675,0.676,0.6,0.657,0.668,0.674,0.718,0.716,0.712,0.66,0.471,0.52,0.541,0.47,0.674,0.0,0.669,0.664,0.484,0.605,0.675,0.495,0.667,0.481,1.0,0.689,0.48,0.48,0.48,0.766,0.766,0.466,0.52
0.555,0.672,0.462,0.485,0.74,0.667,0.591,0.502,0.562,0.48,0.7,0.51,0.747,0.492,0.485,0.602,0.68,0.729,0.738,0.586,0.724,0.769,0.749,0.654,0.667,0.669,0.829,0.486,0.538,0.559,0.483,0.746,0.0,0.771,0.627,0.484,0.588,0.857,0.519,0.774,0.49,0.689,1.0,0.494,0.492,0.507,0.684,0.683,0.475,0.533
0.496,0.512,0.405,0.745,0.51,0.504,0.467,0.911,0.486,0.734,0.465,0.728,0.476,0.758,0.714,0.475,0.488,0.492,0.491,0.462,0.481,0.487,0.485,0.485,0.493,0.49,0.485,0.958,0.544,0.477,0.726,0.476,0.0,0.488,0.448,0.66,0.465,0.517,0.704,0.483,0.751,0.48,0.494,1.0,0.957,0.487,0.475,0.472,0.687,0.524
0.513,0.524,0.401,0.737,0.515,0.506,0.47,0.898,0.482,0.743,0.466,0.728,0.475,0.753,0.709,0.478,0.501,0.492,0.492,0.464,0.488,0.489,0.491,0.494,0.498,0.493,0.479,0.931,0.544,0.475,0.726,0.482,0.0,0.492,0.457,0.663,0.468,0.509,0.707,0.485,0.744,0.48,0.492,0.957,1.0,0.488,0.488,0.485,0.681,0.529
0.523,0.493,0.399,0.474,0.494,0.49,0.474,0.496,0.513,0.478,0.463,0.486,0.48,0.482,0.469,0.476,0.471,0.496,0.485,0.473,0.484,0.496,0.503,0.479,0.483,0.483,0.49,0.48,0.583,0.53,0.473,0.502,0.0,0.491,0.453,0.476,0.474,0.506,0.476,0.491,0.478,0.48,0.507,0.487,0.488,1.0,0.523,0.525,0.461,0.646
0.55,0.727,0.46,0.472,0.699,0.726,0.592,0.486,0.529,0.471,0.641,0.493,0.673,0.475,0.482,0.594,0.728,0.677,0.677,0.588,0.663,0.679,0.687,0.708,0.717,0.724,0.652,0.47,0.519,0.549,0.47,0.689,0.0,0.681,0.67,0.472,0.591,0.682,0.503,0.679,0.473,0.766,0.684,0.475,0.488,0.523,1.0,0.996,0.468,0.543
0.551,0.727,0.456,0.47,0.698,0.725,0.591,0.483,0.527,0.468,0.64,0.491,0.672,0.473,0.48,0.591,0.727,0.677,0.676,0.589,0.662,0.678,0.689,0.707,0.715,0.723,0.652,0.467,0.516,0.548,0.468,0.693,0.0,0.681,0.667,0.469,0.59,0.681,0.5,0.678,0.471,0.766,0.683,0.472,0.485,0.525,0.996,1.0,0.467,0.54
0.477,0.482,0.398,0.709,0.499,0.485,0.449,0.671,0.476,0.705,0.48,0.676,0.48,0.708,0.697,0.459,0.461,0.473,0.487,0.447,0.464,0.475,0.468,0.473,0.475,0.484,0.48,0.696,0.51,0.471,0.662,0.464,0.0,0.473,0.447,0.645,0.449,0.495,0.663,0.477,0.686,0.466,0.475,0.687,0.681,0.461,0.468,0.467,1.0,0.493
0.571,0.531,0.455,0.52,0.523,0.528,0.515,0.539,0.577,0.518,0.504,0.526,0.512,0.532,0.533,0.52,0.513,0.525,0.519,0.511,0.515,0.532,0.536,0.507,0.507,0.513,0.511,0.521,0.825,0.557,0.518,0.518,0.0,0.528,0.476,0.514,0.515,0.531,0.521,0.528,0.525,0.52,0.533,0.524,0.529,0.646,0.543,0.54,0.493,1.0
