GCF_000163235.1_ASM16323v1_genomic.fna,GCF_000164555.1_ASM16455v1_genomic.fna,GCF_000208545.1_ASM20854v2_genomic.fna,GCF_000233875.1_ASM23387v1_genomic.fna,GCF_000249735.1_ASM24973v2_genomic.fna,GCF_000261145.1_Esch_coli_M919_V2_genomic.fna,GCF_000267705.2_ASM26770v2_genomic.fna,GCF_000350665.1_Esch_coli_KTE5_V1_genomic.fna,GCF_000351625.1_Esch_coli_KTE66_V1_genomic.fna,GCF_000352285.1_Esch_coli_KTE46_V1_genomic.fna,GCF_000358895.1_ASM35889v1_genomic.fna,GCF_000456385.1_Esch_coli_HVH_26_4-5703913_V1_genomic.fna,GCF_000458195.1_Esch_coli_HVH_147_4-5893887_V1_genomic.fna,GCF_000459755.1_Esch_coli_KOEGE_58_171a_V1_genomic.fna,GCF_000460055.1_Esch_coli_UMEA_3053-1_V1_genomic.fna,GCF_000462165.2_ASM46216v2_genomic.fna,GCF_000601135.1_ASM60113v1_genomic.fna,GCF_000614595.1_Ec2010EL1058_genomic.fna,GCF_000617745.1_Ec2010C-4529_genomic.fna,GCF_000618265.2_EcF6751_genomic.fna,GCF_000619005.2_Ec2009C-4052_genomic.fna,GCF_000619105.1_Ec2009C-4780_genomic.fna,GCF_000619765.2_Ec2009C-3279_genomic.fna,GCF_000687005.1_ASM68700v1_genomic.fna,GCF_000687025.1_ASM68702v1_genomic.fna,GCF_000700125.1_ASM70012v1_genomic.fna,GCF_000753315.1_FHI35_genomic.fna,GCF_000776375.1_ASM77637v1_genomic.fna,GCF_000779395.1_ASM77939v1_genomic.fna,GCF_000780315.1_ASM78031v1_genomic.fna,GCF_000781995.1_ASM78199v1_genomic.fna,GCF_000986765.1_ASM98676v1_genomic.fna,GCF_001041375.1_ViralProj287958_genomic.fna,GCF_001265335.1_302014_genomic.fna,GCF_001265625.1_100854_genomic.fna,GCF_001267345.1_303289_genomic.fna,GCF_001309985.1_ASM130998v1_genomic.fna,GCF_001521695.1_ASM152169v1_genomic.fna,GCF_001592595.1_ASM159259v1_genomic.fna,GCF_001614975.1_ASM161497v1_genomic.fna,GCF_001692775.1_ASM169277v1_genomic.fna,GCF_001748915.1_ASM174891v1_genomic.fna,GCF_001749235.1_ASM174923v1_genomic.fna,GCF_001881155.1_ASM188115v1_genomic.fna,GCF_001881345.1_ASM188134v1_genomic.fna,GCF_001892405.1_ASM189240v1_genomic.fna,GCF_001892585.1_ASM189258v1_genomic.fna,GCF_001893985.1_ASM189398v1_genomic.fna,GCF_002001595.1_ASM200159v1_genomic.fna,GCF_002002145.1_ASM200214v1_genomic.fna
1.0,0.883,0.879,0.883,0.895,0.884,0.889,0.879,0.907,0.87,0.86,0.883,0.878,0.881,0.886,0.89,0.895,0.884,0.888,0.89,0.883,0.878,0.877,0.872,0.884,0.88,0.888,0.882,0.896,0.903,0.87,0.89,0.013,0.888,0.852,0.882,0.889,0.891,0.881,0.894,0.887,0.882,0.89,0.888,0.891,0.876,0.891,0.891,0.878,0.901
0.883,1.0,0.868,0.873,0.913,0.925,0.883,0.886,0.878,0.869,0.887,0.894,0.901,0.875,0.884,0.885,0.916,0.899,0.905,0.879,0.896,0.889,0.886,0.929,0.934,0.906,0.907,0.882,0.881,0.879,0.867,0.906,0.013,0.902,0.905,0.866,0.879,0.913,0.869,0.909,0.882,0.908,0.909,0.887,0.884,0.848,0.913,0.913,0.88,0.888
0.879,0.868,1.0,0.851,0.878,0.869,0.877,0.873,0.874,0.846,0.837,0.859,0.857,0.851,0.864,0.88,0.869,0.877,0.87,0.876,0.883,0.876,0.874,0.854,0.865,0.846,0.875,0.869,0.874,0.86,0.874,0.88,0.013,0.875,0.82,0.87,0.876,0.867,0.868,0.865,0.865,0.861,0.87,0.877,0.876,0.864,0.866,0.865,0.863,0.885
0.883,0.873,0.851,1.0,0.868,0.861,0.852,0.918,0.869,0.919,0.863,0.937,0.874,0.951,0.94,0.854,0.864,0.857,0.858,0.853,0.854,0.854,0.859,0.87,0.866,0.873,0.87,0.931,0.871,0.861,0.913,0.857,0.013,0.865,0.847,0.907,0.852,0.876,0.914,0.877,0.936,0.861,0.872,0.929,0.926,0.848,0.863,0.864,0.922,0.875
0.895,0.913,0.878,0.868,1.0,0.922,0.894,0.883,0.889,0.857,0.91,0.88,0.91,0.874,0.88,0.893,0.917,0.92,0.934,0.892,0.912,0.914,0.915,0.902,0.913,0.906,0.923,0.882,0.895,0.883,0.868,0.92,0.015,0.916,0.885,0.87,0.893,0.926,0.887,0.915,0.875,0.922,0.927,0.887,0.887,0.861,0.923,0.923,0.879,0.898
0.884,0.925,0.869,0.861,0.922,1.0,0.896,0.876,0.891,0.849,0.885,0.878,0.891,0.859,0.871,0.894,0.919,0.913,0.91,0.894,0.907,0.905,0.904,0.918,0.931,0.905,0.91,0.866,0.886,0.875,0.868,0.913,0.014,0.917,0.896,0.867,0.893,0.912,0.875,0.902,0.867,0.917,0.912,0.87,0.871,0.858,0.92,0.919,0.865,0.891
0.889,0.883,0.877,0.852,0.894,0.896,1.0,0.864,0.884,0.844,0.854,0.857,0.87,0.856,0.866,0.989,0.889,0.91,0.904,0.996,0.913,0.91,0.916,0.872,0.881,0.88,0.893,0.866,0.877,0.874,0.874,0.904,0.011,0.898,0.853,0.865,0.996,0.878,0.872,0.877,0.857,0.883,0.888,0.871,0.873,0.875,0.889,0.888,0.861,0.879
0.879,0.886,0.873,0.918,0.883,0.876,0.864,1.0,0.875,0.918,0.86,0.924,0.865,0.917,0.923,0.867,0.874,0.87,0.87,0.863,0.871,0.871,0.869,0.876,0.879,0.868,0.873,0.971,0.883,0.869,0.912,0.869,0.013,0.878,0.847,0.897,0.863,0.883,0.921,0.882,0.928,0.88,0.876,0.969,0.965,0.864,0.874,0.874,0.921,0.885
0.907,0.878,0.874,0.869,0.889,0.891,0.884,0.875,1.0,0.855,0.859,0.872,0.869,0.864,0.878,0.883,0.881,0.884,0.881,0.884,0.879,0.877,0.876,0.873,0.866,0.866,0.886,0.873,0.894,0.896,0.873,0.883,0.013,0.883,0.848,0.879,0.883,0.88,0.874,0.878,0.874,0.881,0.886,0.878,0.88,0.873,0.88,0.88,0.872,0.906
0.87,0.869,0.846,0.919,0.857,0.849,0.844,0.918,0.855,1.0,0.867,0.915,0.873,0.927,0.907,0.845,0.853,0.848,0.846,0.842,0.842,0.849,0.841,0.867,0.857,0.87,0.854,0.921,0.861,0.852,0.902,0.842,0.014,0.853,0.858,0.896,0.842,0.864,0.907,0.865,0.927,0.851,0.858,0.917,0.915,0.834,0.85,0.85,0.911,0.859
0.86,0.887,0.837,0.863,0.91,0.885,0.854,0.86,0.859,0.867,1.0,0.866,0.925,0.871,0.85,0.857,0.875,0.883,0.893,0.851,0.876,0.884,0.877,0.902,0.889,0.903,0.894,0.858,0.854,0.865,0.834,0.879,0.016,0.891,0.907,0.862,0.851,0.903,0.86,0.899,0.855,0.888,0.908,0.854,0.85,0.825,0.889,0.89,0.857,0.861
0.883,0.894,0.859,0.937,0.88,0.878,0.857,0.924,0.872,0.915,0.866,1.0,0.876,0.937,0.949,0.858,0.881,0.865,0.872,0.857,0.864,0.864,0.866,0.885,0.883,0.881,0.869,0.935,0.876,0.865,0.9,0.865,0.012,0.877,0.861,0.904,0.857,0.883,0.918,0.885,0.929,0.876,0.884,0.932,0.93,0.859,0.874,0.875,0.921,0.877
0.878,0.901,0.857,0.874,0.91,0.891,0.87,0.865,0.869,0.873,0.925,0.876,1.0,0.882,0.867,0.872,0.896,0.901,0.912,0.868,0.894,0.911,0.905,0.92,0.905,0.918,0.926,0.868,0.872,0.888,0.851,0.902,0.016,0.915,0.899,0.874,0.868,0.926,0.866,0.934,0.875,0.893,0.929,0.868,0.865,0.842,0.905,0.906,0.875,0.877
0.881,0.875,0.851,0.951,0.874,0.859,0.856,0.917,0.864,0.927,0.871,0.937,0.882,1.0,0.936,0.859,0.865,0.859,0.862,0.857,0.853,0.859,0.86,0.88,0.873,0.883,0.872,0.928,0.877,0.859,0.902,0.86,0.015,0.864,0.86,0.907,0.856,0.879,0.919,0.874,0.932,0.864,0.874,0.924,0.924,0.848,0.87,0.871,0.925,0.874
0.886,0.884,0.864,0.94,0.88,0.871,0.866,0.923,0.878,0.907,0.85,0.949,0.867,0.936,1.0,0.868,0.885,0.87,0.872,0.866,0.87,0.869,0.873,0.865,0.873,0.871,0.875,0.928,0.878,0.865,0.914,0.872,0.013,0.876,0.85,0.899,0.866,0.88,0.92,0.88,0.934,0.877,0.872,0.932,0.935,0.861,0.883,0.883,0.924,0.882
0.89,0.885,0.88,0.854,0.893,0.894,0.989,0.867,0.883,0.845,0.857,0.858,0.872,0.859,0.868,1.0,0.886,0.911,0.902,0.986,0.91,0.913,0.909,0.874,0.881,0.875,0.891,0.87,0.883,0.877,0.876,0.906,0.011,0.9,0.853,0.867,0.986,0.88,0.874,0.881,0.861,0.885,0.889,0.875,0.875,0.87,0.891,0.89,0.864,0.884
0.895,0.916,0.869,0.864,0.917,0.919,0.889,0.874,0.881,0.853,0.875,0.881,0.896,0.865,0.885,0.886,1.0,0.897,0.908,0.887,0.906,0.896,0.901,0.911,0.919,0.921,0.907,0.876,0.883,0.873,0.865,0.911,0.013,0.905,0.891,0.866,0.888,0.906,0.867,0.902,0.878,0.909,0.901,0.881,0.88,0.855,0.914,0.913,0.866,0.884
0.884,0.899,0.877,0.857,0.92,0.913,0.91,0.87,0.884,0.848,0.883,0.865,0.901,0.859,0.87,0.911,0.897,1.0,0.935,0.907,0.925,0.928,0.926,0.89,0.891,0.897,0.925,0.865,0.874,0.878,0.865,0.911,0.014,0.92,0.871,0.865,0.907,0.911,0.876,0.911,0.869,0.905,0.914,0.871,0.872,0.859,0.903,0.903,0.866,0.887
0.888,0.905,0.87,0.858,0.934,0.91,0.904,0.87,0.881,0.846,0.893,0.872,0.912,0.862,0.872,0.902,0.908,0.935,1.0,0.9,0.929,0.926,0.925,0.899,0.904,0.897,0.923,0.864,0.873,0.877,0.865,0.922,0.014,0.923,0.886,0.87,0.901,0.913,0.877,0.913,0.868,0.91,0.916,0.868,0.87,0.859,0.913,0.913,0.874,0.886
0.89,0.879,0.876,0.853,0.892,0.894,0.996,0.863,0.884,0.842,0.851,0.857,0.868,0.857,0.866,0.986,0.887,0.907,0.9,1.0,0.91,0.907,0.916,0.87,0.878,0.879,0.891,0.866,0.876,0.871,0.873,0.9,0.011,0.895,0.849,0.863,0.998,0.876,0.872,0.874,0.858,0.88,0.885,0.871,0.873,0.876,0.887,0.886,0.862,0.879
0.883,0.896,0.883,0.854,0.912,0.907,0.913,0.871,0.879,0.842,0.876,0.864,0.894,0.853,0.87,0.91,0.906,0.925,0.929,0.91,1.0,0.924,0.93,0.886,0.899,0.893,0.92,0.866,0.872,0.868,0.871,0.918,0.013,0.926,0.869,0.871,0.911,0.911,0.879,0.905,0.86,0.892,0.907,0.872,0.871,0.865,0.902,0.902,0.867,0.88
0.878,0.889,0.876,0.854,0.914,0.905,0.91,0.871,0.877,0.849,0.884,0.864,0.911,0.859,0.869,0.913,0.896,0.928,0.926,0.907,0.924,1.0,0.972,0.887,0.891,0.889,0.919,0.867,0.876,0.87,0.873,0.919,0.014,0.953,0.871,0.861,0.908,0.911,0.874,0.911,0.863,0.902,0.922,0.873,0.872,0.858,0.902,0.902,0.866,0.88
0.877,0.886,0.874,0.859,0.915,0.904,0.916,0.869,0.876,0.841,0.877,0.866,0.905,0.86,0.873,0.909,0.901,0.926,0.925,0.916,0.93,0.972,1.0,0.883,0.89,0.888,0.919,0.867,0.874,0.865,0.872,0.921,0.014,0.946,0.869,0.857,0.917,0.905,0.874,0.899,0.861,0.896,0.912,0.873,0.875,0.868,0.896,0.896,0.867,0.878
0.872,0.929,0.854,0.87,0.902,0.918,0.872,0.876,0.873,0.867,0.902,0.885,0.92,0.88,0.865,0.874,0.911,0.89,0.899,0.87,0.886,0.887,0.883,1.0,0.923,0.921,0.903,0.874,0.864,0.874,0.851,0.9,0.015,0.894,0.923,0.875,0.87,0.902,0.864,0.904,0.869,0.909,0.906,0.871,0.868,0.838,0.903,0.904,0.869,0.874
0.884,0.934,0.865,0.866,0.913,0.931,0.881,0.879,0.866,0.857,0.889,0.883,0.905,0.873,0.873,0.881,0.919,0.891,0.904,0.878,0.899,0.891,0.89,0.923,1.0,0.92,0.909,0.879,0.878,0.881,0.855,0.91,0.014,0.894,0.907,0.871,0.878,0.913,0.869,0.905,0.876,0.914,0.913,0.879,0.875,0.848,0.915,0.915,0.879,0.882
0.88,0.906,0.846,0.873,0.906,0.905,0.88,0.868,0.866,0.87,0.903,0.881,0.918,0.883,0.871,0.875,0.921,0.897,0.897,0.879,0.893,0.889,0.888,0.921,0.92,1.0,0.902,0.873,0.869,0.872,0.848,0.896,0.017,0.892,0.912,0.87,0.878,0.902,0.861,0.91,0.87,0.901,0.903,0.874,0.869,0.841,0.91,0.91,0.867,0.874
0.888,0.907,0.875,0.87,0.923,0.91,0.893,0.873,0.886,0.854,0.894,0.869,0.926,0.872,0.875,0.891,0.907,0.925,0.923,0.891,0.92,0.919,0.919,0.903,0.909,0.902,1.0,0.871,0.885,0.876,0.867,0.924,0.014,0.92,0.883,0.868,0.891,0.937,0.88,0.924,0.875,0.911,0.939,0.879,0.879,0.861,0.908,0.908,0.882,0.885
0.882,0.882,0.869,0.931,0.882,0.866,0.866,0.971,0.873,0.921,0.858,0.935,0.868,0.928,0.928,0.87,0.876,0.865,0.864,0.866,0.866,0.867,0.867,0.874,0.879,0.873,0.871,1.0,0.886,0.87,0.911,0.868,0.013,0.871,0.845,0.9,0.866,0.886,0.918,0.881,0.937,0.873,0.878,0.989,0.985,0.861,0.87,0.87,0.93,0.887
0.896,0.881,0.874,0.871,0.895,0.886,0.877,0.883,0.894,0.861,0.854,0.876,0.872,0.877,0.878,0.883,0.883,0.874,0.873,0.876,0.872,0.876,0.874,0.864,0.878,0.869,0.885,0.886,1.0,0.88,0.873,0.881,0.014,0.892,0.843,0.872,0.877,0.887,0.88,0.881,0.877,0.87,0.882,0.892,0.89,0.882,0.875,0.875,0.871,0.953
0.903,0.879,0.86,0.861,0.883,0.875,0.874,0.869,0.896,0.852,0.865,0.865,0.888,0.859,0.865,0.877,0.873,0.878,0.877,0.871,0.868,0.87,0.865,0.874,0.881,0.872,0.876,0.87,0.88,1.0,0.846,0.872,0.014,0.872,0.862,0.87,0.872,0.885,0.868,0.892,0.87,0.876,0.884,0.867,0.863,0.855,0.883,0.884,0.869,0.883
0.87,0.867,0.874,0.913,0.868,0.868,0.874,0.912,0.873,0.902,0.834,0.9,0.851,0.902,0.914,0.876,0.865,0.865,0.865,0.873,0.871,0.873,0.872,0.851,0.855,0.848,0.867,0.911,0.873,0.846,1.0,0.87,0.012,0.868,0.824,0.882,0.874,0.865,0.902,0.868,0.944,0.864,0.854,0.916,0.915,0.868,0.862,0.861,0.9,0.874
0.89,0.906,0.88,0.857,0.92,0.913,0.904,0.869,0.883,0.842,0.879,0.865,0.902,0.86,0.872,0.906,0.911,0.911,0.922,0.9,0.918,0.919,0.921,0.9,0.91,0.896,0.924,0.868,0.881,0.872,0.87,1.0,0.014,0.912,0.871,0.871,0.9,0.914,0.867,0.915,0.866,0.91,0.916,0.875,0.874,0.865,0.903,0.903,0.872,0.887
0.013,0.013,0.013,0.013,0.015,0.014,0.011,0.013,0.013,0.014,0.016,0.012,0.016,0.015,0.013,0.011,0.013,0.014,0.014,0.011,0.013,0.014,0.014,0.015,0.014,0.017,0.014,0.013,0.014,0.014,0.012,0.014,1.0,0.014,0.016,0.013,0.011,0.015,0.012,0.014,0.013,0.014,0.015,0.013,0.013,0.013,0.013,0.013,0.014,0.014
0.888,0.902,0.875,0.865,0.916,0.917,0.898,0.878,0.883,0.853,0.891,0.877,0.915,0.864,0.876,0.9,0.905,0.92,0.923,0.895,0.926,0.953,0.946,0.894,0.894,0.892,0.92,0.871,0.892,0.872,0.868,0.912,0.014,1.0,0.879,0.874,0.896,0.916,0.886,0.911,0.871,0.901,0.926,0.879,0.877,0.867,0.908,0.908,0.874,0.897
0.852,0.905,0.82,0.847,0.885,0.896,0.853,0.847,0.848,0.858,0.907,0.861,0.899,0.86,0.85,0.853,0.891,0.871,0.886,0.849,0.869,0.871,0.869,0.923,0.907,0.912,0.883,0.845,0.843,0.862,0.824,0.871,0.016,0.879,1.0,0.852,0.849,0.882,0.843,0.883,0.845,0.884,0.884,0.845,0.841,0.816,0.892,0.893,0.849,0.847
0.882,0.866,0.87,0.907,0.87,0.867,0.865,0.897,0.879,0.896,0.862,0.904,0.874,0.907,0.899,0.867,0.866,0.865,0.87,0.863,0.871,0.861,0.857,0.875,0.871,0.87,0.868,0.9,0.872,0.87,0.882,0.871,0.013,0.874,0.852,1.0,0.864,0.876,0.906,0.873,0.901,0.864,0.877,0.899,0.899,0.852,0.866,0.867,0.904,0.875
0.889,0.879,0.876,0.852,0.893,0.893,0.996,0.863,0.883,0.842,0.851,0.857,0.868,0.856,0.866,0.986,0.888,0.907,0.901,0.998,0.911,0.908,0.917,0.87,0.878,0.878,0.891,0.866,0.877,0.872,0.874,0.9,0.011,0.896,0.849,0.864,1.0,0.875,0.872,0.874,0.857,0.88,0.885,0.871,0.873,0.876,0.888,0.887,0.861,0.878
0.891,0.913,0.867,0.876,0.926,0.912,0.878,0.883,0.88,0.864,0.903,0.883,0.926,0.879,0.88,0.88,0.906,0.911,0.913,0.876,0.911,0.911,0.905,0.902,0.913,0.902,0.937,0.886,0.887,0.885,0.865,0.914,0.015,0.916,0.882,0.876,0.875,1.0,0.889,0.927,0.887,0.906,0.955,0.889,0.883,0.858,0.91,0.911,0.886,0.893
0.881,0.869,0.868,0.914,0.887,0.875,0.872,0.921,0.874,0.907,0.86,0.918,0.866,0.919,0.92,0.874,0.867,0.876,0.877,0.872,0.879,0.874,0.874,0.864,0.869,0.861,0.88,0.918,0.88,0.868,0.902,0.867,0.012,0.886,0.843,0.906,0.872,0.889,1.0,0.877,0.916,0.878,0.88,0.921,0.92,0.856,0.878,0.879,0.921,0.882
0.894,0.909,0.865,0.877,0.915,0.902,0.877,0.882,0.878,0.865,0.899,0.885,0.934,0.874,0.88,0.881,0.902,0.911,0.913,0.874,0.905,0.911,0.899,0.904,0.905,0.91,0.924,0.881,0.881,0.892,0.868,0.915,0.014,0.911,0.883,0.873,0.874,0.927,0.877,1.0,0.885,0.901,0.926,0.882,0.878,0.859,0.915,0.916,0.881,0.888
0.887,0.882,0.865,0.936,0.875,0.867,0.857,0.928,0.874,0.927,0.855,0.929,0.875,0.932,0.934,0.861,0.878,0.869,0.868,0.858,0.86,0.863,0.861,0.869,0.876,0.87,0.875,0.937,0.877,0.87,0.944,0.866,0.013,0.871,0.845,0.901,0.857,0.887,0.916,0.885,1.0,0.874,0.874,0.935,0.932,0.856,0.874,0.875,0.924,0.879
0.882,0.908,0.861,0.861,0.922,0.917,0.883,0.88,0.881,0.851,0.888,0.876,0.893,0.864,0.877,0.885,0.909,0.905,0.91,0.88,0.892,0.902,0.896,0.909,0.914,0.901,0.911,0.873,0.87,0.876,0.864,0.91,0.014,0.901,0.884,0.864,0.88,0.906,0.878,0.901,0.874,1.0,0.908,0.878,0.879,0.849,0.922,0.922,0.872,0.879
0.89,0.909,0.87,0.872,0.927,0.912,0.888,0.876,0.886,0.858,0.908,0.884,0.929,0.874,0.872,0.889,0.901,0.914,0.916,0.885,0.907,0.922,0.912,0.906,0.913,0.903,0.939,0.878,0.882,0.884,0.854,0.916,0.015,0.926,0.884,0.877,0.885,0.955,0.88,0.926,0.874,0.908,1.0,0.876,0.873,0.855,0.915,0.916,0.879,0.886
0.888,0.887,0.877,0.929,0.887,0.87,0.871,0.969,0.878,0.917,0.854,0.932,0.868,0.924,0.932,0.875,0.881,0.871,0.868,0.871,0.872,0.873,0.873,0.871,0.879,0.874,0.879,0.989,0.892,0.867,0.916,0.875,0.013,0.879,0.845,0.899,0.871,0.889,0.921,0.882,0.935,0.878,0.876,1.0,0.991,0.866,0.877,0.877,0.926,0.892
0.891,0.884,0.876,0.926,0.887,0.871,0.873,0.965,0.88,0.915,0.85,0.93,0.865,0.924,0.935,0.875,0.88,0.872,0.87,0.873,0.871,0.872,0.875,0.868,0.875,0.869,0.879,0.985,0.89,0.863,0.915,0.874,0.013,0.877,0.841,0.899,0.873,0.883,0.92,0.878,0.932,0.879,0.873,0.991,1.0,0.869,0.879,0.878,0.923,0.891
0.876,0.848,0.864,0.848,0.861,0.858,0.875,0.864,0.873,0.834,0.825,0.859,0.842,0.848,0.861,0.87,0.855,0.859,0.859,0.876,0.865,0.858,0.868,0.838,0.848,0.841,0.861,0.861,0.882,0.855,0.868,0.865,0.013,0.867,0.816,0.852,0.876,0.858,0.856,0.859,0.856,0.849,0.855,0.866,0.869,1.0,0.859,0.858,0.853,0.9
0.891,0.913,0.866,0.863,0.923,0.92,0.889,0.874,0.88,0.85,0.889,0.874,0.905,0.87,0.883,0.891,0.914,0.903,0.913,0.887,0.902,0.902,0.896,0.903,0.915,0.91,0.908,0.87,0.875,0.883,0.862,0.903,0.013,0.908,0.892,0.866,0.888,0.91,0.878,0.915,0.874,0.922,0.915,0.877,0.879,0.859,1.0,0.999,0.871,0.886
0.891,0.913,0.865,0.864,0.923,0.919,0.888,0.874,0.88,0.85,0.89,0.875,0.906,0.871,0.883,0.89,0.913,0.903,0.913,0.886,0.902,0.902,0.896,0.904,0.915,0.91,0.908,0.87,0.875,0.884,0.861,0.903,0.013,0.908,0.893,0.867,0.887,0.911,0.879,0.916,0.875,0.922,0.916,0.877,0.878,0.858,0.999,1.0,0.871,0.885
0.878,0.88,0.863,0.922,0.879,0.865,0.861,0.921,0.872,0.911,0.857,0.921,0.875,0.925,0.924,0.864,0.866,0.866,0.874,0.862,0.867,0.866,0.867,0.869,0.879,0.867,0.882,0.93,0.871,0.869,0.9,0.872,0.014,0.874,0.849,0.904,0.861,0.886,0.921,0.881,0.924,0.872,0.879,0.926,0.923,0.853,0.871,0.871,1.0,0.88
0.901,0.888,0.885,0.875,0.898,0.891,0.879,0.885,0.906,0.859,0.861,0.877,0.877,0.874,0.882,0.884,0.884,0.887,0.886,0.879,0.88,0.88,0.878,0.874,0.882,0.874,0.885,0.887,0.953,0.883,0.874,0.887,0.014,0.897,0.847,0.875,0.878,0.893,0.882,0.888,0.879,0.879,0.886,0.892,0.891,0.9,0.886,0.885,0.88,1.0
