GCF_000163235.1_ASM16323v1_genomic.fna,GCF_000164555.1_ASM16455v1_genomic.fna,GCF_000208545.1_ASM20854v2_genomic.fna,GCF_000233875.1_ASM23387v1_genomic.fna,GCF_000249735.1_ASM24973v2_genomic.fna,GCF_000261145.1_Esch_coli_M919_V2_genomic.fna,GCF_000267705.2_ASM26770v2_genomic.fna,GCF_000350665.1_Esch_coli_KTE5_V1_genomic.fna,GCF_000351625.1_Esch_coli_KTE66_V1_genomic.fna,GCF_000352285.1_Esch_coli_KTE46_V1_genomic.fna,GCF_000358895.1_ASM35889v1_genomic.fna,GCF_000456385.1_Esch_coli_HVH_26_4-5703913_V1_genomic.fna,GCF_000458195.1_Esch_coli_HVH_147_4-5893887_V1_genomic.fna,GCF_000459755.1_Esch_coli_KOEGE_58_171a_V1_genomic.fna,GCF_000460055.1_Esch_coli_UMEA_3053-1_V1_genomic.fna,GCF_000462165.2_ASM46216v2_genomic.fna,GCF_000601135.1_ASM60113v1_genomic.fna,GCF_000614595.1_Ec2010EL1058_genomic.fna,GCF_000617745.1_Ec2010C-4529_genomic.fna,GCF_000618265.2_EcF6751_genomic.fna,GCF_000619005.2_Ec2009C-4052_genomic.fna,GCF_000619105.1_Ec2009C-4780_genomic.fna,GCF_000619765.2_Ec2009C-3279_genomic.fna,GCF_000687005.1_ASM68700v1_genomic.fna,GCF_000687025.1_ASM68702v1_genomic.fna,GCF_000700125.1_ASM70012v1_genomic.fna,GCF_000753315.1_FHI35_genomic.fna,GCF_000776375.1_ASM77637v1_genomic.fna,GCF_000779395.1_ASM77939v1_genomic.fna,GCF_000780315.1_ASM78031v1_genomic.fna,GCF_000781995.1_ASM78199v1_genomic.fna,GCF_000986765.1_ASM98676v1_genomic.fna,GCF_001041375.1_ViralProj287958_genomic.fna,GCF_001265335.1_302014_genomic.fna,GCF_001265625.1_100854_genomic.fna,GCF_001267345.1_303289_genomic.fna,GCF_001309985.1_ASM130998v1_genomic.fna,GCF_001521695.1_ASM152169v1_genomic.fna,GCF_001592595.1_ASM159259v1_genomic.fna,GCF_001614975.1_ASM161497v1_genomic.fna,GCF_001692775.1_ASM169277v1_genomic.fna,GCF_001748915.1_ASM174891v1_genomic.fna,GCF_001749235.1_ASM174923v1_genomic.fna,GCF_001881155.1_ASM188115v1_genomic.fna,GCF_001881345.1_ASM188134v1_genomic.fna,GCF_001892405.1_ASM189240v1_genomic.fna,GCF_001892585.1_ASM189258v1_genomic.fna,GCF_001893985.1_ASM189398v1_genomic.fna,GCF_002001595.1_ASM200159v1_genomic.fna,GCF_002002145.1_ASM200214v1_genomic.fna
1.0,0.556,0.484,0.508,0.555,0.549,0.567,0.533,0.651,0.519,0.554,0.532,0.568,0.502,0.504,0.574,0.532,0.57,0.548,0.564,0.523,0.569,0.558,0.558,0.547,0.566,0.554,0.525,0.617,0.64,0.486,0.538,0.0,0.554,0.53,0.521,0.564,0.567,0.51,0.555,0.504,0.554,0.556,0.518,0.521,0.531,0.548,0.547,0.513,0.611
0.556,1.0,0.462,0.49,0.688,0.816,0.594,0.51,0.529,0.484,0.652,0.505,0.663,0.472,0.479,0.594,0.753,0.663,0.651,0.593,0.644,0.657,0.665,0.808,0.843,0.757,0.653,0.499,0.549,0.524,0.476,0.687,0.0,0.669,0.769,0.474,0.594,0.691,0.475,0.651,0.483,0.714,0.667,0.516,0.522,0.495,0.717,0.718,0.499,0.544
0.484,0.462,1.0,0.419,0.463,0.454,0.448,0.423,0.483,0.411,0.449,0.423,0.447,0.411,0.416,0.451,0.447,0.453,0.44,0.448,0.454,0.452,0.461,0.446,0.449,0.444,0.442,0.417,0.47,0.474,0.406,0.468,0.0,0.462,0.406,0.421,0.448,0.456,0.413,0.435,0.416,0.456,0.46,0.425,0.419,0.437,0.447,0.448,0.43,0.475
0.508,0.49,0.419,1.0,0.49,0.493,0.48,0.73,0.515,0.758,0.516,0.771,0.519,0.821,0.811,0.482,0.47,0.498,0.492,0.476,0.466,0.511,0.501,0.505,0.492,0.51,0.492,0.775,0.555,0.521,0.742,0.497,0.0,0.484,0.484,0.668,0.476,0.496,0.697,0.504,0.768,0.491,0.49,0.751,0.74,0.488,0.5,0.5,0.728,0.546
0.555,0.688,0.463,0.49,1.0,0.706,0.6,0.514,0.543,0.476,0.776,0.498,0.741,0.498,0.491,0.603,0.692,0.723,0.702,0.6,0.738,0.73,0.747,0.675,0.689,0.683,0.739,0.493,0.569,0.534,0.479,0.73,0.0,0.738,0.635,0.482,0.6,0.766,0.486,0.726,0.489,0.699,0.756,0.497,0.499,0.523,0.712,0.713,0.492,0.551
0.549,0.816,0.454,0.493,0.706,1.0,0.619,0.51,0.543,0.475,0.658,0.494,0.67,0.481,0.487,0.618,0.74,0.683,0.656,0.617,0.649,0.669,0.684,0.792,0.835,0.735,0.646,0.496,0.563,0.527,0.479,0.689,0.0,0.684,0.77,0.492,0.619,0.693,0.511,0.655,0.483,0.728,0.677,0.5,0.499,0.498,0.735,0.737,0.489,0.557
0.567,0.594,0.448,0.48,0.6,0.619,1.0,0.48,0.548,0.464,0.607,0.47,0.61,0.474,0.473,0.957,0.608,0.656,0.638,0.989,0.633,0.649,0.66,0.616,0.618,0.625,0.612,0.477,0.541,0.529,0.462,0.602,0.0,0.617,0.592,0.499,0.991,0.602,0.481,0.611,0.47,0.619,0.622,0.479,0.477,0.49,0.601,0.602,0.464,0.549
0.533,0.51,0.423,0.73,0.514,0.51,0.48,1.0,0.513,0.725,0.5,0.735,0.516,0.739,0.718,0.483,0.482,0.508,0.499,0.476,0.469,0.508,0.499,0.512,0.499,0.516,0.495,0.918,0.568,0.511,0.74,0.491,0.0,0.498,0.471,0.675,0.476,0.519,0.703,0.501,0.75,0.5,0.505,0.903,0.887,0.486,0.506,0.506,0.706,0.55
0.651,0.529,0.483,0.515,0.543,0.543,0.548,0.513,1.0,0.503,0.559,0.502,0.564,0.499,0.5,0.554,0.523,0.559,0.542,0.546,0.522,0.558,0.549,0.555,0.538,0.556,0.552,0.511,0.588,0.672,0.478,0.535,0.0,0.538,0.527,0.513,0.545,0.547,0.499,0.559,0.486,0.547,0.555,0.498,0.494,0.533,0.538,0.537,0.506,0.595
0.519,0.484,0.411,0.758,0.476,0.475,0.464,0.725,0.503,1.0,0.524,0.742,0.512,0.758,0.745,0.471,0.457,0.484,0.475,0.461,0.453,0.483,0.475,0.488,0.474,0.497,0.481,0.75,0.538,0.513,0.75,0.467,0.0,0.467,0.482,0.662,0.46,0.487,0.694,0.487,0.76,0.475,0.474,0.728,0.73,0.468,0.475,0.475,0.716,0.52
0.554,0.652,0.449,0.516,0.776,0.658,0.607,0.5,0.559,0.524,1.0,0.499,0.78,0.518,0.503,0.619,0.646,0.734,0.712,0.603,0.697,0.747,0.725,0.704,0.66,0.694,0.735,0.505,0.554,0.56,0.472,0.696,0.0,0.716,0.698,0.496,0.602,0.721,0.486,0.773,0.482,0.685,0.738,0.487,0.481,0.493,0.664,0.663,0.491,0.542
0.532,0.505,0.423,0.771,0.498,0.494,0.47,0.735,0.502,0.742,0.499,1.0,0.516,0.775,0.874,0.476,0.479,0.499,0.491,0.467,0.468,0.504,0.494,0.509,0.49,0.517,0.485,0.754,0.556,0.521,0.724,0.488,0.0,0.486,0.478,0.656,0.466,0.505,0.711,0.499,0.75,0.494,0.496,0.735,0.732,0.48,0.498,0.498,0.712,0.533
0.568,0.663,0.447,0.519,0.741,0.67,0.61,0.516,0.564,0.512,0.78,0.516,1.0,0.513,0.515,0.622,0.666,0.76,0.761,0.606,0.739,0.823,0.809,0.701,0.665,0.703,0.782,0.519,0.561,0.571,0.477,0.739,0.0,0.789,0.669,0.505,0.605,0.764,0.499,0.822,0.492,0.691,0.773,0.502,0.496,0.492,0.686,0.685,0.51,0.559
0.502,0.472,0.411,0.821,0.498,0.481,0.474,0.739,0.499,0.758,0.518,0.775,0.513,1.0,0.815,0.478,0.464,0.497,0.49,0.471,0.463,0.5,0.491,0.491,0.476,0.503,0.488,0.779,0.566,0.511,0.757,0.488,0.0,0.475,0.469,0.669,0.47,0.491,0.705,0.498,0.783,0.483,0.484,0.752,0.743,0.478,0.485,0.485,0.731,0.541
0.504,0.479,0.416,0.811,0.491,0.487,0.473,0.718,0.5,0.745,0.503,0.874,0.515,0.815,1.0,0.477,0.475,0.495,0.487,0.47,0.465,0.501,0.498,0.499,0.48,0.506,0.48,0.759,0.554,0.506,0.755,0.482,0.0,0.478,0.469,0.668,0.469,0.49,0.711,0.495,0.777,0.488,0.483,0.734,0.727,0.481,0.499,0.5,0.723,0.547
0.574,0.594,0.451,0.482,0.603,0.618,0.957,0.483,0.554,0.471,0.619,0.476,0.622,0.478,0.477,1.0,0.604,0.657,0.642,0.954,0.618,0.657,0.653,0.621,0.611,0.629,0.617,0.48,0.544,0.539,0.46,0.594,0.0,0.615,0.594,0.504,0.952,0.605,0.484,0.622,0.474,0.622,0.614,0.477,0.475,0.49,0.602,0.603,0.473,0.548
0.532,0.753,0.447,0.47,0.692,0.74,0.608,0.482,0.523,0.457,0.646,0.479,0.666,0.464,0.475,0.604,1.0,0.669,0.649,0.608,0.662,0.67,0.685,0.734,0.745,0.771,0.647,0.472,0.542,0.519,0.46,0.719,0.0,0.684,0.683,0.476,0.607,0.671,0.468,0.653,0.465,0.704,0.673,0.476,0.487,0.489,0.725,0.727,0.477,0.534
0.57,0.663,0.453,0.498,0.723,0.683,0.656,0.508,0.559,0.484,0.734,0.499,0.76,0.497,0.495,0.657,0.669,1.0,0.81,0.654,0.757,0.796,0.789,0.683,0.674,0.699,0.763,0.497,0.562,0.551,0.479,0.724,0.0,0.747,0.653,0.516,0.651,0.732,0.497,0.755,0.488,0.701,0.745,0.495,0.489,0.505,0.687,0.686,0.498,0.561
0.548,0.651,0.44,0.492,0.702,0.656,0.638,0.499,0.542,0.475,0.712,0.491,0.761,0.49,0.487,0.642,0.649,0.81,1.0,0.634,0.74,0.798,0.779,0.668,0.658,0.677,0.756,0.493,0.543,0.535,0.47,0.721,0.0,0.74,0.646,0.498,0.634,0.721,0.488,0.741,0.479,0.667,0.735,0.487,0.483,0.487,0.666,0.665,0.492,0.535
0.564,0.593,0.448,0.476,0.6,0.617,0.989,0.476,0.546,0.461,0.603,0.467,0.606,0.471,0.47,0.954,0.608,0.654,0.634,1.0,0.632,0.645,0.661,0.614,0.618,0.622,0.609,0.473,0.539,0.527,0.462,0.601,0.0,0.615,0.589,0.496,0.994,0.602,0.476,0.606,0.467,0.619,0.621,0.476,0.476,0.49,0.599,0.6,0.461,0.549
0.523,0.644,0.454,0.466,0.738,0.649,0.633,0.469,0.522,0.453,0.697,0.468,0.739,0.463,0.465,0.618,0.662,0.757,0.74,0.632,1.0,0.769,0.791,0.638,0.639,0.656,0.746,0.47,0.517,0.515,0.455,0.747,0.0,0.761,0.607,0.475,0.632,0.73,0.472,0.72,0.461,0.659,0.739,0.472,0.473,0.508,0.668,0.668,0.467,0.534
0.569,0.657,0.452,0.511,0.73,0.669,0.649,0.508,0.558,0.483,0.747,0.504,0.823,0.5,0.501,0.657,0.67,0.796,0.798,0.645,0.769,1.0,0.923,0.685,0.671,0.699,0.783,0.509,0.554,0.548,0.474,0.756,0.0,0.875,0.653,0.505,0.645,0.762,0.497,0.787,0.485,0.69,0.775,0.497,0.49,0.496,0.679,0.678,0.501,0.552
0.558,0.665,0.461,0.501,0.747,0.684,0.66,0.499,0.549,0.475,0.725,0.494,0.809,0.491,0.498,0.653,0.685,0.789,0.779,0.661,0.791,0.923,1.0,0.675,0.684,0.683,0.789,0.498,0.556,0.535,0.483,0.773,0.0,0.88,0.64,0.499,0.66,0.769,0.496,0.762,0.493,0.701,0.777,0.5,0.5,0.504,0.678,0.678,0.49,0.558
0.558,0.808,0.446,0.505,0.675,0.792,0.616,0.512,0.555,0.488,0.704,0.509,0.701,0.491,0.499,0.621,0.734,0.683,0.668,0.614,0.638,0.685,0.675,1.0,0.813,0.782,0.669,0.506,0.554,0.556,0.473,0.663,0.0,0.669,0.815,0.498,0.611,0.666,0.479,0.689,0.475,0.733,0.671,0.49,0.496,0.484,0.731,0.731,0.495,0.539
0.547,0.843,0.449,0.492,0.689,0.835,0.618,0.499,0.538,0.474,0.66,0.49,0.665,0.476,0.48,0.611,0.745,0.674,0.658,0.618,0.639,0.671,0.684,0.813,1.0,0.764,0.654,0.49,0.543,0.521,0.477,0.687,0.0,0.673,0.788,0.479,0.619,0.682,0.486,0.65,0.481,0.728,0.674,0.506,0.501,0.482,0.717,0.719,0.502,0.543
0.566,0.757,0.444,0.51,0.683,0.735,0.625,0.516,0.556,0.497,0.694,0.517,0.703,0.503,0.506,0.629,0.771,0.699,0.677,0.622,0.656,0.699,0.683,0.782,0.764,1.0,0.675,0.509,0.564,0.554,0.483,0.677,0.0,0.668,0.73,0.5,0.62,0.677,0.496,0.699,0.491,0.721,0.669,0.506,0.495,0.484,0.736,0.736,0.527,0.547
0.554,0.653,0.442,0.492,0.739,0.646,0.612,0.495,0.552,0.481,0.735,0.485,0.782,0.488,0.48,0.617,0.647,0.763,0.756,0.609,0.746,0.783,0.789,0.669,0.654,0.675,1.0,0.492,0.551,0.537,0.467,0.742,0.0,0.762,0.632,0.501,0.606,0.823,0.479,0.78,0.482,0.674,0.837,0.494,0.484,0.493,0.668,0.667,0.492,0.545
0.525,0.499,0.417,0.775,0.493,0.496,0.477,0.918,0.511,0.75,0.505,0.754,0.519,0.779,0.759,0.48,0.472,0.497,0.493,0.473,0.47,0.509,0.498,0.506,0.49,0.509,0.492,1.0,0.564,0.509,0.753,0.493,0.0,0.488,0.471,0.679,0.473,0.511,0.699,0.501,0.776,0.49,0.495,0.96,0.943,0.483,0.499,0.499,0.731,0.544
0.617,0.549,0.47,0.555,0.569,0.563,0.541,0.568,0.588,0.538,0.554,0.556,0.561,0.566,0.554,0.544,0.542,0.562,0.543,0.539,0.517,0.554,0.556,0.554,0.543,0.564,0.551,0.564,1.0,0.589,0.538,0.544,0.0,0.541,0.516,0.552,0.537,0.557,0.54,0.552,0.543,0.545,0.548,0.557,0.553,0.618,0.547,0.546,0.547,0.837
0.64,0.524,0.474,0.521,0.534,0.527,0.529,0.511,0.672,0.513,0.56,0.521,0.571,0.511,0.506,0.539,0.519,0.551,0.535,0.527,0.515,0.548,0.535,0.556,0.521,0.554,0.537,0.509,0.589,1.0,0.476,0.518,0.0,0.527,0.525,0.494,0.526,0.544,0.491,0.563,0.489,0.537,0.55,0.495,0.488,0.533,0.532,0.532,0.508,0.585
0.486,0.476,0.406,0.742,0.479,0.479,0.462,0.74,0.478,0.75,0.472,0.724,0.477,0.757,0.755,0.46,0.46,0.479,0.47,0.462,0.455,0.474,0.483,0.473,0.477,0.483,0.467,0.753,0.538,0.476,1.0,0.475,0.0,0.465,0.44,0.656,0.461,0.483,0.689,0.466,0.906,0.484,0.476,0.757,0.751,0.463,0.479,0.479,0.691,0.53
0.538,0.687,0.468,0.497,0.73,0.689,0.602,0.491,0.535,0.467,0.696,0.488,0.739,0.488,0.482,0.594,0.719,0.724,0.721,0.601,0.747,0.756,0.773,0.663,0.687,0.677,0.742,0.493,0.544,0.518,0.475,1.0,0.0,0.758,0.632,0.477,0.602,0.774,0.487,0.73,0.476,0.68,0.77,0.494,0.499,0.507,0.681,0.681,0.484,0.528
0.0,0.0,0.0,0.0,0.0,0.0,0.0,0.0,0.0,0.0,0.0,0.0,0.0,0.0,0.0,0.0,0.0,0.0,0.0,0.0,0.0,0.0,0.0,0.0,0.0,0.0,0.0,0.0,0.0,0.0,0.0,0.0,1.0,0.0,0.0,0.0,0.0,0.0,0.0,0.0,0.0,0.0,0.0,0.0,0.0,0.0,0.0,0.0,0.0,0.0
0.554,0.669,0.462,0.484,0.738,0.684,0.617,0.498,0.538,0.467,0.716,0.486,0.789,0.475,0.478,0.615,0.684,0.747,0.74,0.615,0.761,0.875,0.88,0.669,0.673,0.668,0.762,0.488,0.541,0.527,0.465,0.758,0.0,1.0,0.638,0.502,0.617,0.766,0.501,0.752,0.47,0.686,0.78,0.491,0.497,0.503,0.675,0.675,0.478,0.549
0.53,0.769,0.406,0.484,0.635,0.77,0.592,0.471,0.527,0.482,0.698,0.478,0.669,0.469,0.469,0.594,0.683,0.653,0.646,0.589,0.607,0.653,0.64,0.815,0.788,0.73,0.632,0.471,0.516,0.525,0.44,0.632,0.0,0.638,1.0,0.464,0.59,0.636,0.462,0.658,0.443,0.69,0.642,0.457,0.458,0.452,0.69,0.69,0.457,0.513
0.521,0.474,0.421,0.668,0.482,0.492,0.499,0.675,0.513,0.662,0.496,0.656,0.505,0.669,0.668,0.504,0.476,0.516,0.498,0.496,0.475,0.505,0.499,0.498,0.479,0.5,0.501,0.679,0.552,0.494,0.656,0.477,0.0,0.502,0.464,1.0,0.494,0.488,0.692,0.496,0.672,0.495,0.501,0.668,0.66,0.479,0.489,0.488,0.675,0.546
0.564,0.594,0.448,0.476,0.6,0.619,0.991,0.476,0.545,0.46,0.602,0.466,0.605,0.47,0.469,0.952,0.607,0.651,0.634,0.994,0.632,0.645,0.66,0.611,0.619,0.62,0.606,0.473,0.537,0.526,0.461,0.602,0.0,0.617,0.59,0.494,1.0,0.602,0.476,0.606,0.466,0.619,0.621,0.474,0.475,0.49,0.598,0.599,0.46,0.549
0.567,0.691,0.456,0.496,0.766,0.693,0.602,0.519,0.547,0.487,0.721,0.505,0.764,0.491,0.49,0.605,0.671,0.732,0.721,0.602,0.73,0.762,0.769,0.666,0.682,0.677,0.823,0.511,0.557,0.544,0.483,0.774,0.0,0.766,0.636,0.488,0.602,1.0,0.502,0.761,0.494,0.696,0.866,0.516,0.51,0.502,0.701,0.701,0.496,0.552
0.51,0.475,0.413,0.697,0.486,0.511,0.481,0.703,0.499,0.694,0.486,0.711,0.499,0.705,0.711,0.484,0.468,0.497,0.488,0.476,0.472,0.497,0.496,0.479,0.486,0.496,0.479,0.699,0.54,0.491,0.689,0.487,0.0,0.501,0.462,0.692,0.476,0.502,1.0,0.482,0.699,0.494,0.502,0.699,0.694,0.467,0.492,0.491,0.69,0.537
0.555,0.651,0.435,0.504,0.726,0.655,0.611,0.501,0.559,0.487,0.773,0.499,0.822,0.498,0.495,0.622,0.653,0.755,0.741,0.606,0.72,0.787,0.762,0.689,0.65,0.699,0.78,0.501,0.552,0.563,0.466,0.73,0.0,0.752,0.658,0.496,0.606,0.761,0.482,1.0,0.479,0.672,0.776,0.485,0.483,0.503,0.682,0.681,0.49,0.549
0.504,0.483,0.416,0.768,0.489,0.483,0.47,0.75,0.486,0.76,0.482,0.75,0.492,0.783,0.777,0.474,0.465,0.488,0.479,0.467,0.461,0.485,0.493,0.475,0.481,0.491,0.482,0.776,0.543,0.489,0.906,0.476,0.0,0.47,0.443,0.672,0.466,0.494,0.699,0.479,1.0,0.49,0.479,0.775,0.766,0.467,0.488,0.488,0.705,0.531
0.554,0.714,0.456,0.491,0.699,0.728,0.619,0.5,0.547,0.475,0.685,0.494,0.691,0.483,0.488,0.622,0.704,0.701,0.667,0.619,0.659,0.69,0.701,0.733,0.728,0.721,0.674,0.49,0.545,0.537,0.484,0.68,0.0,0.686,0.69,0.495,0.619,0.696,0.494,0.672,0.49,1.0,0.717,0.493,0.49,0.483,0.752,0.753,0.489,0.547
0.556,0.667,0.46,0.49,0.756,0.677,0.622,0.505,0.555,0.474,0.738,0.496,0.773,0.484,0.483,0.614,0.673,0.745,0.735,0.621,0.739,0.775,0.777,0.671,0.674,0.669,0.837,0.495,0.548,0.55,0.476,0.77,0.0,0.78,0.642,0.501,0.621,0.866,0.502,0.776,0.479,0.717,1.0,0.497,0.496,0.509,0.692,0.693,0.482,0.549
0.518,0.516,0.425,0.751,0.497,0.5,0.479,0.903,0.498,0.728,0.487,0.735,0.502,0.752,0.734,0.477,0.476,0.495,0.487,0.476,0.472,0.497,0.5,0.49,0.506,0.506,0.494,0.96,0.557,0.495,0.757,0.494,0.0,0.491,0.457,0.668,0.474,0.516,0.699,0.485,0.775,0.493,0.497,1.0,0.959,0.484,0.499,0.499,0.722,0.545
0.521,0.522,0.419,0.74,0.499,0.499,0.477,0.887,0.494,0.73,0.481,0.732,0.496,0.743,0.727,0.475,0.487,0.489,0.483,0.476,0.473,0.49,0.5,0.496,0.501,0.495,0.484,0.943,0.553,0.488,0.751,0.499,0.0,0.497,0.458,0.66,0.475,0.51,0.694,0.483,0.766,0.49,0.496,0.959,1.0,0.491,0.497,0.497,0.706,0.542
0.531,0.495,0.437,0.488,0.523,0.498,0.49,0.486,0.533,0.468,0.493,0.48,0.492,0.478,0.481,0.49,0.489,0.505,0.487,0.49,0.508,0.496,0.504,0.484,0.482,0.484,0.493,0.483,0.618,0.533,0.463,0.507,0.0,0.503,0.452,0.479,0.49,0.502,0.467,0.503,0.467,0.483,0.509,0.484,0.491,1.0,0.52,0.521,0.471,0.674
0.548,0.717,0.447,0.5,0.712,0.735,0.601,0.506,0.538,0.475,0.664,0.498,0.686,0.485,0.499,0.602,0.725,0.687,0.666,0.599,0.668,0.679,0.678,0.731,0.717,0.736,0.668,0.499,0.547,0.532,0.479,0.681,0.0,0.675,0.69,0.489,0.598,0.701,0.492,0.682,0.488,0.752,0.692,0.499,0.497,0.52,1.0,0.997,0.488,0.553
0.547,0.718,0.448,0.5,0.713,0.737,0.602,0.506,0.537,0.475,0.663,0.498,0.685,0.485,0.5,0.603,0.727,0.686,0.665,0.6,0.668,0.678,0.678,0.731,0.719,0.736,0.667,0.499,0.546,0.532,0.479,0.681,0.0,0.675,0.69,0.488,0.599,0.701,0.491,0.681,0.488,0.753,0.693,0.499,0.497,0.521,0.997,1.0,0.488,0.554
0.513,0.499,0.43,0.728,0.492,0.489,0.464,0.706,0.506,0.716,0.491,0.712,0.51,0.731,0.723,0.473,0.477,0.498,0.492,0.461,0.467,0.501,0.49,0.495,0.502,0.527,0.492,0.731,0.547,0.508,0.691,0.484,0.0,0.478,0.457,0.675,0.46,0.496,0.69,0.49,0.705,0.489,0.482,0.722,0.706,0.471,0.488,0.488,1.0,0.533
0.611,0.544,0.475,0.546,0.551,0.557,0.549,0.55,0.595,0.52,0.542,0.533,0.559,0.541,0.547,0.548,0.534,0.561,0.535,0.549,0.534,0.552,0.558,0.539,0.543,0.547,0.545,0.544,0.837,0.585,0.53,0.528,0.0,0.549,0.513,0.546,0.549,0.552,0.537,0.549,0.531,0.547,0.549,0.545,0.542,0.674,0.553,0.554,0.533,1.0
