GCF_000163235.1_ASM16323v1_genomic.fna,GCF_000164555.1_ASM16455v1_genomic.fna,GCF_000208545.1_ASM20854v2_genomic.fna,GCF_000233875.1_ASM23387v1_genomic.fna,GCF_000249735.1_ASM24973v2_genomic.fna,GCF_000261145.1_Esch_coli_M919_V2_genomic.fna,GCF_000267705.2_ASM26770v2_genomic.fna,GCF_000350665.1_Esch_coli_KTE5_V1_genomic.fna,GCF_000351625.1_Esch_coli_KTE66_V1_genomic.fna,GCF_000352285.1_Esch_coli_KTE46_V1_genomic.fna,GCF_000358895.1_ASM35889v1_genomic.fna,GCF_000456385.1_Esch_coli_HVH_26_4-5703913_V1_genomic.fna,GCF_000458195.1_Esch_coli_HVH_147_4-5893887_V1_genomic.fna,GCF_000459755.1_Esch_coli_KOEGE_58_171a_V1_genomic.fna,GCF_000460055.1_Esch_coli_UMEA_3053-1_V1_genomic.fna,GCF_000462165.2_ASM46216v2_genomic.fna,GCF_000601135.1_ASM60113v1_genomic.fna,GCF_000614595.1_Ec2010EL1058_genomic.fna,GCF_000617745.1_Ec2010C-4529_genomic.fna,GCF_000618265.2_EcF6751_genomic.fna,GCF_000619005.2_Ec2009C-4052_genomic.fna,GCF_000619105.1_Ec2009C-4780_genomic.fna,GCF_000619765.2_Ec2009C-3279_genomic.fna,GCF_000687005.1_ASM68700v1_genomic.fna,GCF_000687025.1_ASM68702v1_genomic.fna,GCF_000700125.1_ASM70012v1_genomic.fna,GCF_000753315.1_FHI35_genomic.fna,GCF_000776375.1_ASM77637v1_genomic.fna,GCF_000779395.1_ASM77939v1_genomic.fna,GCF_000780315.1_ASM78031v1_genomic.fna,GCF_000781995.1_ASM78199v1_genomic.fna,GCF_000986765.1_ASM98676v1_genomic.fna,GCF_001041375.1_ViralProj287958_genomic.fna,GCF_001265335.1_302014_genomic.fna,GCF_001265625.1_100854_genomic.fna,GCF_001267345.1_303289_genomic.fna,GCF_001309985.1_ASM130998v1_genomic.fna,GCF_001521695.1_ASM152169v1_genomic.fna,GCF_001592595.1_ASM159259v1_genomic.fna,GCF_001614975.1_ASM161497v1_genomic.fna,GCF_001692775.1_ASM169277v1_genomic.fna,GCF_001748915.1_ASM174891v1_genomic.fna,GCF_001749235.1_ASM174923v1_genomic.fna,GCF_001881155.1_ASM188115v1_genomic.fna,GCF_001881345.1_ASM188134v1_genomic.fna,GCF_001892405.1_ASM189240v1_genomic.fna,GCF_001892585.1_ASM189258v1_genomic.fna,GCF_001893985.1_ASM189398v1_genomic.fna,GCF_002001595.1_ASM200159v1_genomic.fna,GCF_002002145.1_ASM200214v1_genomic.fna
1.0,0.579,0.494,0.523,0.581,0.576,0.543,0.516,0.658,0.525,0.555,0.531,0.557,0.508,0.509,0.55,0.553,0.558,0.549,0.541,0.552,0.555,0.572,0.567,0.565,0.555,0.561,0.514,0.618,0.659,0.502,0.557,0.0,0.561,0.544,0.504,0.54,0.573,0.505,0.566,0.506,0.552,0.566,0.513,0.529,0.55,0.56,0.563,0.499,0.629
0.579,1.0,0.46,0.525,0.694,0.811,0.595,0.522,0.546,0.521,0.656,0.534,0.669,0.512,0.513,0.606,0.756,0.67,0.659,0.592,0.648,0.663,0.661,0.806,0.843,0.765,0.675,0.519,0.573,0.566,0.496,0.679,0.0,0.652,0.775,0.51,0.592,0.696,0.504,0.674,0.506,0.714,0.689,0.532,0.53,0.515,0.725,0.725,0.518,0.568
0.494,0.46,1.0,0.408,0.449,0.447,0.438,0.419,0.464,0.405,0.433,0.421,0.438,0.412,0.415,0.442,0.437,0.43,0.43,0.435,0.426,0.427,0.438,0.443,0.445,0.42,0.44,0.415,0.47,0.487,0.405,0.45,0.0,0.432,0.406,0.411,0.435,0.435,0.403,0.451,0.415,0.444,0.45,0.423,0.416,0.44,0.444,0.444,0.424,0.479
0.523,0.525,0.408,1.0,0.508,0.508,0.501,0.746,0.496,0.758,0.49,0.774,0.489,0.8,0.81,0.508,0.505,0.496,0.492,0.5,0.493,0.496,0.51,0.503,0.514,0.5,0.504,0.778,0.537,0.505,0.762,0.506,0.0,0.489,0.482,0.672,0.499,0.51,0.71,0.492,0.782,0.513,0.502,0.778,0.78,0.512,0.503,0.505,0.725,0.552
0.581,0.694,0.449,0.508,1.0,0.693,0.599,0.524,0.547,0.512,0.801,0.522,0.742,0.512,0.512,0.612,0.688,0.71,0.713,0.597,0.707,0.718,0.707,0.688,0.683,0.682,0.732,0.517,0.582,0.577,0.498,0.724,0.0,0.705,0.659,0.508,0.596,0.749,0.508,0.745,0.506,0.677,0.759,0.51,0.517,0.499,0.697,0.699,0.498,0.564
0.576,0.811,0.447,0.508,0.693,1.0,0.609,0.526,0.559,0.506,0.649,0.514,0.656,0.504,0.503,0.619,0.743,0.676,0.663,0.605,0.654,0.67,0.677,0.788,0.809,0.729,0.655,0.509,0.584,0.568,0.491,0.677,0.0,0.676,0.763,0.517,0.607,0.675,0.534,0.664,0.497,0.724,0.672,0.512,0.51,0.505,0.733,0.735,0.508,0.569
0.543,0.595,0.438,0.501,0.599,0.609,1.0,0.498,0.531,0.48,0.586,0.495,0.59,0.489,0.498,0.961,0.594,0.637,0.608,0.989,0.621,0.618,0.646,0.597,0.59,0.588,0.6,0.489,0.54,0.548,0.482,0.61,0.0,0.617,0.574,0.512,0.992,0.586,0.497,0.59,0.483,0.612,0.602,0.487,0.493,0.508,0.59,0.592,0.489,0.544
0.516,0.522,0.419,0.746,0.524,0.526,0.498,1.0,0.491,0.728,0.49,0.737,0.495,0.748,0.726,0.504,0.5,0.495,0.497,0.495,0.487,0.498,0.507,0.512,0.509,0.497,0.502,0.905,0.548,0.521,0.73,0.513,0.0,0.498,0.486,0.661,0.494,0.528,0.709,0.508,0.737,0.512,0.517,0.903,0.895,0.521,0.51,0.513,0.723,0.556
0.658,0.546,0.464,0.496,0.547,0.559,0.531,0.491,1.0,0.501,0.526,0.5,0.535,0.492,0.494,0.537,0.531,0.542,0.524,0.529,0.531,0.537,0.546,0.548,0.529,0.517,0.542,0.487,0.587,0.666,0.485,0.542,0.0,0.537,0.521,0.504,0.529,0.541,0.499,0.547,0.488,0.532,0.546,0.488,0.489,0.543,0.533,0.535,0.497,0.599
0.525,0.521,0.405,0.758,0.512,0.506,0.48,0.728,0.501,1.0,0.522,0.731,0.518,0.765,0.734,0.484,0.506,0.489,0.503,0.478,0.47,0.491,0.478,0.523,0.506,0.51,0.51,0.754,0.539,0.502,0.765,0.485,0.0,0.475,0.506,0.676,0.479,0.519,0.7,0.509,0.77,0.493,0.508,0.737,0.75,0.505,0.496,0.496,0.712,0.536
0.555,0.656,0.433,0.49,0.801,0.649,0.586,0.49,0.526,0.522,1.0,0.49,0.785,0.501,0.483,0.602,0.661,0.719,0.73,0.585,0.703,0.734,0.708,0.695,0.65,0.679,0.74,0.493,0.55,0.557,0.479,0.704,0.0,0.691,0.693,0.501,0.584,0.733,0.493,0.767,0.485,0.656,0.748,0.486,0.493,0.482,0.657,0.659,0.477,0.556
0.531,0.534,0.421,0.774,0.522,0.514,0.495,0.737,0.5,0.731,0.49,1.0,0.497,0.762,0.866,0.499,0.508,0.492,0.5,0.493,0.486,0.493,0.496,0.514,0.511,0.502,0.501,0.749,0.562,0.514,0.727,0.509,0.0,0.496,0.492,0.664,0.493,0.525,0.691,0.497,0.747,0.508,0.516,0.746,0.758,0.514,0.516,0.519,0.717,0.552
0.557,0.669,0.438,0.489,0.742,0.656,0.59,0.495,0.535,0.518,0.785,0.497,1.0,0.496,0.496,0.601,0.671,0.729,0.759,0.589,0.736,0.789,0.774,0.701,0.65,0.675,0.787,0.499,0.557,0.561,0.486,0.737,0.0,0.758,0.666,0.495,0.588,0.768,0.479,0.795,0.485,0.657,0.775,0.49,0.493,0.487,0.672,0.672,0.478,0.555
0.508,0.512,0.412,0.8,0.512,0.504,0.489,0.748,0.492,0.765,0.501,0.762,0.496,1.0,0.793,0.493,0.499,0.487,0.507,0.487,0.483,0.491,0.489,0.5,0.501,0.494,0.516,0.795,0.537,0.496,0.752,0.498,0.0,0.475,0.482,0.685,0.488,0.521,0.7,0.502,0.776,0.499,0.512,0.777,0.785,0.502,0.493,0.494,0.715,0.534
0.509,0.513,0.415,0.81,0.512,0.503,0.498,0.726,0.494,0.734,0.483,0.866,0.496,0.793,1.0,0.501,0.498,0.49,0.49,0.496,0.48,0.491,0.503,0.494,0.496,0.493,0.502,0.755,0.549,0.501,0.76,0.503,0.0,0.484,0.48,0.669,0.497,0.522,0.695,0.494,0.78,0.504,0.506,0.75,0.753,0.514,0.515,0.517,0.728,0.558
0.55,0.606,0.442,0.508,0.612,0.619,0.961,0.504,0.537,0.484,0.602,0.499,0.601,0.493,0.501,1.0,0.604,0.638,0.617,0.96,0.62,0.631,0.652,0.604,0.599,0.597,0.605,0.496,0.552,0.558,0.485,0.606,0.0,0.625,0.577,0.515,0.961,0.596,0.499,0.603,0.486,0.621,0.611,0.493,0.497,0.507,0.602,0.604,0.495,0.555
0.553,0.756,0.437,0.505,0.688,0.743,0.594,0.5,0.531,0.506,0.661,0.508,0.671,0.499,0.498,0.604,1.0,0.653,0.659,0.59,0.639,0.673,0.663,0.787,0.765,0.784,0.674,0.497,0.553,0.546,0.48,0.699,0.0,0.663,0.733,0.505,0.59,0.679,0.495,0.679,0.483,0.7,0.692,0.49,0.498,0.483,0.724,0.723,0.481,0.549
0.558,0.67,0.43,0.496,0.71,0.676,0.637,0.495,0.542,0.489,0.719,0.492,0.729,0.487,0.49,0.638,0.653,1.0,0.768,0.632,0.761,0.776,0.774,0.66,0.645,0.654,0.749,0.499,0.548,0.572,0.483,0.725,0.0,0.73,0.637,0.519,0.634,0.721,0.506,0.746,0.484,0.673,0.74,0.491,0.495,0.485,0.667,0.667,0.482,0.549
0.549,0.659,0.43,0.492,0.713,0.663,0.608,0.497,0.524,0.503,0.73,0.5,0.759,0.507,0.49,0.617,0.659,0.768,1.0,0.606,0.752,0.769,0.75,0.681,0.655,0.664,0.761,0.499,0.544,0.548,0.484,0.716,0.0,0.713,0.653,0.511,0.607,0.748,0.491,0.763,0.488,0.668,0.75,0.491,0.495,0.486,0.655,0.656,0.478,0.546
0.541,0.592,0.435,0.5,0.597,0.605,0.989,0.495,0.529,0.478,0.585,0.493,0.589,0.487,0.496,0.96,0.59,0.632,0.606,1.0,0.617,0.617,0.642,0.595,0.592,0.586,0.595,0.486,0.537,0.545,0.478,0.606,0.0,0.614,0.568,0.51,0.995,0.583,0.493,0.588,0.48,0.609,0.599,0.484,0.49,0.509,0.588,0.59,0.486,0.542
0.552,0.648,0.426,0.493,0.707,0.654,0.621,0.487,0.531,0.47,0.703,0.486,0.736,0.483,0.48,0.62,0.639,0.761,0.752,0.617,1.0,0.772,0.788,0.641,0.631,0.638,0.74,0.489,0.539,0.546,0.476,0.743,0.0,0.752,0.617,0.501,0.617,0.723,0.489,0.741,0.483,0.654,0.734,0.49,0.49,0.491,0.657,0.659,0.475,0.548
0.555,0.663,0.427,0.496,0.718,0.67,0.618,0.498,0.537,0.491,0.734,0.493,0.789,0.491,0.491,0.631,0.673,0.776,0.769,0.617,0.772,1.0,0.917,0.662,0.659,0.661,0.77,0.496,0.55,0.552,0.481,0.746,0.0,0.863,0.643,0.499,0.617,0.755,0.486,0.777,0.486,0.663,0.776,0.489,0.492,0.489,0.662,0.661,0.481,0.559
0.572,0.661,0.438,0.51,0.707,0.677,0.646,0.507,0.546,0.478,0.708,0.496,0.774,0.489,0.503,0.652,0.663,0.774,0.75,0.642,0.788,0.917,1.0,0.643,0.644,0.648,0.769,0.496,0.554,0.56,0.485,0.768,0.0,0.864,0.626,0.506,0.642,0.741,0.502,0.754,0.49,0.666,0.755,0.496,0.499,0.495,0.666,0.667,0.49,0.559
0.567,0.806,0.443,0.503,0.688,0.788,0.597,0.512,0.548,0.523,0.695,0.514,0.701,0.5,0.494,0.604,0.787,0.66,0.681,0.595,0.641,0.662,0.643,1.0,0.816,0.778,0.674,0.497,0.559,0.57,0.482,0.66,0.0,0.65,0.816,0.497,0.594,0.681,0.492,0.676,0.489,0.708,0.69,0.49,0.495,0.494,0.707,0.708,0.485,0.564
0.565,0.843,0.445,0.514,0.683,0.809,0.59,0.509,0.529,0.506,0.65,0.511,0.65,0.501,0.496,0.599,0.765,0.645,0.655,0.592,0.631,0.659,0.644,0.816,1.0,0.773,0.663,0.501,0.558,0.545,0.481,0.673,0.0,0.64,0.797,0.5,0.592,0.687,0.495,0.662,0.486,0.705,0.685,0.509,0.509,0.508,0.707,0.707,0.5,0.563
0.555,0.765,0.42,0.5,0.682,0.729,0.588,0.497,0.517,0.51,0.679,0.502,0.675,0.494,0.493,0.597,0.784,0.654,0.664,0.586,0.638,0.661,0.648,0.778,0.773,1.0,0.677,0.498,0.547,0.547,0.482,0.653,0.0,0.639,0.736,0.493,0.586,0.684,0.49,0.684,0.489,0.706,0.683,0.508,0.501,0.498,0.728,0.728,0.496,0.552
0.561,0.675,0.44,0.504,0.732,0.655,0.6,0.502,0.542,0.51,0.74,0.501,0.787,0.516,0.502,0.605,0.674,0.749,0.761,0.595,0.74,0.77,0.769,0.674,0.663,0.677,1.0,0.504,0.556,0.559,0.494,0.739,0.0,0.734,0.647,0.506,0.596,0.83,0.498,0.781,0.499,0.667,0.843,0.506,0.503,0.499,0.657,0.657,0.49,0.556
0.514,0.519,0.415,0.778,0.517,0.509,0.489,0.905,0.487,0.754,0.493,0.749,0.499,0.795,0.755,0.496,0.497,0.499,0.499,0.486,0.489,0.496,0.496,0.497,0.501,0.498,0.504,1.0,0.549,0.515,0.747,0.504,0.0,0.488,0.483,0.673,0.486,0.525,0.698,0.503,0.771,0.5,0.51,0.964,0.954,0.517,0.504,0.506,0.731,0.546
0.618,0.573,0.47,0.537,0.582,0.584,0.54,0.548,0.587,0.539,0.55,0.562,0.557,0.537,0.549,0.552,0.553,0.548,0.544,0.537,0.539,0.55,0.554,0.559,0.558,0.547,0.556,0.549,1.0,0.589,0.541,0.563,0.0,0.554,0.542,0.537,0.538,0.567,0.516,0.561,0.54,0.552,0.563,0.538,0.546,0.629,0.549,0.552,0.526,0.858
0.659,0.566,0.487,0.505,0.577,0.568,0.548,0.521,0.666,0.502,0.557,0.514,0.561,0.496,0.501,0.558,0.546,0.572,0.548,0.545,0.546,0.552,0.56,0.57,0.545,0.547,0.559,0.515,0.589,1.0,0.505,0.546,0.0,0.548,0.529,0.523,0.546,0.552,0.509,0.576,0.51,0.555,0.562,0.512,0.515,0.566,0.566,0.568,0.507,0.603
0.502,0.496,0.405,0.762,0.498,0.491,0.482,0.73,0.485,0.765,0.479,0.727,0.486,0.752,0.76,0.485,0.48,0.483,0.484,0.478,0.476,0.481,0.485,0.482,0.481,0.482,0.494,0.747,0.541,0.505,1.0,0.49,0.0,0.477,0.462,0.673,0.48,0.497,0.68,0.486,0.897,0.488,0.489,0.74,0.743,0.509,0.487,0.489,0.713,0.532
0.557,0.679,0.45,0.506,0.724,0.677,0.61,0.513,0.542,0.485,0.704,0.509,0.737,0.498,0.503,0.606,0.699,0.725,0.716,0.606,0.743,0.746,0.768,0.66,0.673,0.653,0.739,0.504,0.563,0.546,0.49,1.0,0.0,0.745,0.626,0.493,0.606,0.751,0.511,0.765,0.488,0.682,0.756,0.505,0.51,0.502,0.688,0.691,0.495,0.56
0.0,0.0,0.0,0.0,0.0,0.0,0.0,0.0,0.0,0.0,0.0,0.0,0.0,0.0,0.0,0.0,0.0,0.0,0.0,0.0,0.0,0.0,0.0,0.0,0.0,0.0,0.0,0.0,0.0,0.0,0.0,0.0,1.0,0.0,0.0,0.0,0.0,0.0,0.0,0.0,0.0,0.0,0.0,0.0,0.0,0.0,0.0,0.0,0.0,0.0
0.561,0.652,0.432,0.489,0.705,0.676,0.617,0.498,0.537,0.475,0.691,0.496,0.758,0.475,0.484,0.625,0.663,0.73,0.713,0.614,0.752,0.863,0.864,0.65,0.64,0.639,0.734,0.488,0.554,0.548,0.477,0.745,0.0,1.0,0.633,0.508,0.614,0.731,0.502,0.736,0.475,0.649,0.75,0.489,0.494,0.492,0.668,0.671,0.479,0.554
0.544,0.775,0.406,0.482,0.659,0.763,0.574,0.486,0.521,0.506,0.693,0.492,0.666,0.482,0.48,0.577,0.733,0.637,0.653,0.568,0.617,0.643,0.626,0.816,0.797,0.736,0.647,0.483,0.542,0.529,0.462,0.626,0.0,0.633,1.0,0.478,0.571,0.665,0.479,0.652,0.465,0.682,0.668,0.475,0.483,0.475,0.686,0.687,0.468,0.535
0.504,0.51,0.411,0.672,0.508,0.517,0.512,0.661,0.504,0.676,0.501,0.664,0.495,0.685,0.669,0.515,0.505,0.519,0.511,0.51,0.501,0.499,0.506,0.497,0.5,0.493,0.506,0.673,0.537,0.523,0.673,0.493,0.0,0.508,0.478,1.0,0.509,0.5,0.681,0.512,0.676,0.504,0.504,0.661,0.67,0.507,0.493,0.494,0.662,0.538
0.54,0.592,0.435,0.499,0.596,0.607,0.992,0.494,0.529,0.479,0.584,0.493,0.588,0.488,0.497,0.961,0.59,0.634,0.607,0.995,0.617,0.617,0.642,0.594,0.592,0.586,0.596,0.486,0.538,0.546,0.48,0.606,0.0,0.614,0.571,0.509,1.0,0.584,0.495,0.588,0.481,0.609,0.599,0.483,0.489,0.508,0.588,0.59,0.487,0.541
0.573,0.696,0.435,0.51,0.749,0.675,0.586,0.528,0.541,0.519,0.733,0.525,0.768,0.521,0.522,0.596,0.679,0.721,0.748,0.583,0.723,0.755,0.741,0.681,0.687,0.684,0.83,0.525,0.567,0.552,0.497,0.751,0.0,0.731,0.665,0.5,0.584,1.0,0.508,0.774,0.508,0.676,0.865,0.521,0.516,0.501,0.688,0.69,0.501,0.558
0.505,0.504,0.403,0.71,0.508,0.534,0.497,0.709,0.499,0.7,0.493,0.691,0.479,0.7,0.695,0.499,0.495,0.506,0.491,0.493,0.489,0.486,0.502,0.492,0.495,0.49,0.498,0.698,0.516,0.509,0.68,0.511,0.0,0.502,0.479,0.681,0.495,0.508,1.0,0.505,0.682,0.515,0.507,0.702,0.704,0.505,0.506,0.508,0.701,0.525
0.566,0.674,0.451,0.492,0.745,0.664,0.59,0.508,0.547,0.509,0.767,0.497,0.795,0.502,0.494,0.603,0.679,0.746,0.763,0.588,0.741,0.777,0.754,0.676,0.662,0.684,0.781,0.503,0.561,0.576,0.486,0.765,0.0,0.736,0.652,0.512,0.588,0.774,0.505,1.0,0.489,0.669,0.788,0.494,0.502,0.498,0.686,0.687,0.484,0.572
0.506,0.506,0.415,0.782,0.506,0.497,0.483,0.737,0.488,0.77,0.485,0.747,0.485,0.776,0.78,0.486,0.483,0.484,0.488,0.48,0.483,0.486,0.49,0.489,0.486,0.489,0.499,0.771,0.54,0.51,0.897,0.488,0.0,0.475,0.465,0.676,0.481,0.508,0.682,0.489,1.0,0.495,0.494,0.766,0.765,0.508,0.493,0.494,0.719,0.532
0.552,0.714,0.444,0.513,0.677,0.724,0.612,0.512,0.532,0.493,0.656,0.508,0.657,0.499,0.504,0.621,0.7,0.673,0.668,0.609,0.654,0.663,0.666,0.708,0.705,0.706,0.667,0.5,0.552,0.555,0.488,0.682,0.0,0.649,0.682,0.504,0.609,0.676,0.515,0.669,0.495,1.0,0.693,0.504,0.503,0.481,0.745,0.747,0.483,0.547
0.566,0.689,0.45,0.502,0.759,0.672,0.602,0.517,0.546,0.508,0.748,0.516,0.775,0.512,0.506,0.611,0.692,0.74,0.75,0.599,0.734,0.776,0.755,0.69,0.685,0.683,0.843,0.51,0.563,0.562,0.489,0.756,0.0,0.75,0.668,0.504,0.599,0.865,0.507,0.788,0.494,0.693,1.0,0.503,0.508,0.501,0.685,0.686,0.485,0.559
0.513,0.532,0.423,0.778,0.51,0.512,0.487,0.903,0.488,0.737,0.486,0.746,0.49,0.777,0.75,0.493,0.49,0.491,0.491,0.484,0.49,0.489,0.496,0.49,0.509,0.508,0.506,0.964,0.538,0.512,0.74,0.505,0.0,0.489,0.475,0.661,0.483,0.521,0.702,0.494,0.766,0.504,0.503,1.0,0.957,0.523,0.504,0.507,0.746,0.543
0.529,0.53,0.416,0.78,0.517,0.51,0.493,0.895,0.489,0.75,0.493,0.758,0.493,0.785,0.753,0.497,0.498,0.495,0.495,0.49,0.49,0.492,0.499,0.495,0.509,0.501,0.503,0.954,0.546,0.515,0.743,0.51,0.0,0.494,0.483,0.67,0.489,0.516,0.704,0.502,0.765,0.503,0.508,0.957,1.0,0.521,0.509,0.512,0.733,0.546
0.55,0.515,0.44,0.512,0.499,0.505,0.508,0.521,0.543,0.505,0.482,0.514,0.487,0.502,0.514,0.507,0.483,0.485,0.486,0.509,0.491,0.489,0.495,0.494,0.508,0.498,0.499,0.517,0.629,0.566,0.509,0.502,0.0,0.492,0.475,0.507,0.508,0.501,0.505,0.498,0.508,0.481,0.501,0.523,0.521,1.0,0.516,0.516,0.524,0.671
0.56,0.725,0.444,0.503,0.697,0.733,0.59,0.51,0.533,0.496,0.657,0.516,0.672,0.493,0.515,0.602,0.724,0.667,0.655,0.588,0.657,0.662,0.666,0.707,0.707,0.728,0.657,0.504,0.549,0.566,0.487,0.688,0.0,0.668,0.686,0.493,0.588,0.688,0.506,0.686,0.493,0.745,0.685,0.504,0.509,0.516,1.0,0.996,0.493,0.564
0.563,0.725,0.444,0.505,0.699,0.735,0.592,0.513,0.535,0.496,0.659,0.519,0.672,0.494,0.517,0.604,0.723,0.667,0.656,0.59,0.659,0.661,0.667,0.708,0.707,0.728,0.657,0.506,0.552,0.568,0.489,0.691,0.0,0.671,0.687,0.494,0.59,0.69,0.508,0.687,0.494,0.747,0.686,0.507,0.512,0.516,0.996,1.0,0.495,0.565
0.499,0.518,0.424,0.725,0.498,0.508,0.489,0.723,0.497,0.712,0.477,0.717,0.478,0.715,0.728,0.495,0.481,0.482,0.478,0.486,0.475,0.481,0.49,0.485,0.5,0.496,0.49,0.731,0.526,0.507,0.713,0.495,0.0,0.479,0.468,0.662,0.487,0.501,0.701,0.484,0.719,0.483,0.485,0.746,0.733,0.524,0.493,0.495,1.0,0.536
0.629,0.568,0.479,0.552,0.564,0.569,0.544,0.556,0.599,0.536,0.556,0.552,0.555,0.534,0.558,0.555,0.549,0.549,0.546,0.542,0.548,0.559,0.559,0.564,0.563,0.552,0.556,0.546,0.858,0.603,0.532,0.56,0.0,0.554,0.535,0.538,0.541,0.558,0.525,0.572,0.532,0.547,0.559,0.543,0.546,0.671,0.564,0.565,0.536,1.0
