GCF_000163235.1_ASM16323v1_genomic.fna,GCF_000164555.1_ASM16455v1_genomic.fna,GCF_000208545.1_ASM20854v2_genomic.fna,GCF_000233875.1_ASM23387v1_genomic.fna,GCF_000249735.1_ASM24973v2_genomic.fna,GCF_000261145.1_Esch_coli_M919_V2_genomic.fna,GCF_000267705.2_ASM26770v2_genomic.fna,GCF_000350665.1_Esch_coli_KTE5_V1_genomic.fna,GCF_000351625.1_Esch_coli_KTE66_V1_genomic.fna,GCF_000352285.1_Esch_coli_KTE46_V1_genomic.fna,GCF_000358895.1_ASM35889v1_genomic.fna,GCF_000456385.1_Esch_coli_HVH_26_4-5703913_V1_genomic.fna,GCF_000458195.1_Esch_coli_HVH_147_4-5893887_V1_genomic.fna,GCF_000459755.1_Esch_coli_KOEGE_58_171a_V1_genomic.fna,GCF_000460055.1_Esch_coli_UMEA_3053-1_V1_genomic.fna,GCF_000462165.2_ASM46216v2_genomic.fna,GCF_000601135.1_ASM60113v1_genomic.fna,GCF_000614595.1_Ec2010EL1058_genomic.fna,GCF_000617745.1_Ec2010C-4529_genomic.fna,GCF_000618265.2_EcF6751_genomic.fna,GCF_000619005.2_Ec2009C-4052_genomic.fna,GCF_000619105.1_Ec2009C-4780_genomic.fna,GCF_000619765.2_Ec2009C-3279_genomic.fna,GCF_000687005.1_ASM68700v1_genomic.fna,GCF_000687025.1_ASM68702v1_genomic.fna,GCF_000700125.1_ASM70012v1_genomic.fna,GCF_000753315.1_FHI35_genomic.fna,GCF_000776375.1_ASM77637v1_genomic.fna,GCF_000779395.1_ASM77939v1_genomic.fna,GCF_000780315.1_ASM78031v1_genomic.fna,GCF_000781995.1_ASM78199v1_genomic.fna,GCF_000986765.1_ASM98676v1_genomic.fna,GCF_001041375.1_ViralProj287958_genomic.fna,GCF_001265335.1_302014_genomic.fna,GCF_001265625.1_100854_genomic.fna,GCF_001267345.1_303289_genomic.fna,GCF_001309985.1_ASM130998v1_genomic.fna,GCF_001521695.1_ASM152169v1_genomic.fna,GCF_001592595.1_ASM159259v1_genomic.fna,GCF_001614975.1_ASM161497v1_genomic.fna,GCF_001692775.1_ASM169277v1_genomic.fna,GCF_001748915.1_ASM174891v1_genomic.fna,GCF_001749235.1_ASM174923v1_genomic.fna,GCF_001881155.1_ASM188115v1_genomic.fna,GCF_001881345.1_ASM188134v1_genomic.fna,GCF_001892405.1_ASM189240v1_genomic.fna,GCF_001892585.1_ASM189258v1_genomic.fna,GCF_001893985.1_ASM189398v1_genomic.fna,GCF_002001595.1_ASM200159v1_genomic.fna,GCF_002002145.1_ASM200214v1_genomic.fna
1.0,0.494,0.406,0.421,0.478,0.493,0.457,0.426,0.584,0.436,0.47,0.427,0.491,0.431,0.412,0.463,0.489,0.466,0.469,0.456,0.459,0.475,0.483,0.492,0.486,0.482,0.483,0.421,0.509,0.582,0.397,0.487,0.0,0.476,0.456,0.415,0.455,0.494,0.415,0.477,0.42,0.481,0.481,0.422,0.43,0.471,0.467,0.469,0.407,0.509
0.494,1.0,0.341,0.407,0.62,0.784,0.526,0.414,0.443,0.42,0.583,0.424,0.613,0.404,0.406,0.529,0.711,0.594,0.59,0.525,0.593,0.595,0.592,0.791,0.803,0.699,0.595,0.417,0.442,0.462,0.395,0.614,0.0,0.592,0.734,0.381,0.524,0.626,0.397,0.596,0.403,0.692,0.609,0.428,0.428,0.411,0.69,0.688,0.416,0.443
0.406,0.341,1.0,0.321,0.353,0.344,0.324,0.323,0.382,0.312,0.349,0.329,0.347,0.315,0.321,0.326,0.338,0.342,0.329,0.324,0.338,0.332,0.336,0.332,0.337,0.335,0.338,0.325,0.376,0.379,0.309,0.36,0.0,0.33,0.299,0.315,0.322,0.35,0.323,0.354,0.32,0.354,0.355,0.334,0.327,0.367,0.35,0.35,0.322,0.368
0.421,0.407,0.321,1.0,0.388,0.411,0.389,0.679,0.428,0.739,0.408,0.712,0.413,0.769,0.752,0.396,0.41,0.377,0.401,0.387,0.38,0.395,0.399,0.413,0.413,0.413,0.401,0.74,0.474,0.413,0.708,0.405,0.0,0.386,0.391,0.636,0.389,0.405,0.662,0.397,0.745,0.387,0.395,0.718,0.712,0.431,0.386,0.384,0.649,0.476
0.478,0.62,0.353,0.388,1.0,0.633,0.512,0.405,0.431,0.39,0.756,0.405,0.707,0.395,0.399,0.517,0.626,0.67,0.651,0.511,0.688,0.666,0.682,0.615,0.615,0.61,0.691,0.396,0.441,0.45,0.376,0.689,0.0,0.669,0.579,0.365,0.508,0.713,0.391,0.715,0.388,0.639,0.716,0.402,0.407,0.417,0.645,0.649,0.391,0.425
0.493,0.784,0.344,0.411,0.633,1.0,0.546,0.434,0.462,0.416,0.598,0.427,0.631,0.419,0.413,0.546,0.712,0.61,0.604,0.543,0.597,0.614,0.618,0.787,0.813,0.694,0.605,0.427,0.46,0.464,0.389,0.61,0.0,0.609,0.755,0.402,0.543,0.624,0.426,0.596,0.412,0.691,0.62,0.429,0.421,0.415,0.674,0.673,0.411,0.456
0.457,0.526,0.324,0.389,0.512,0.546,1.0,0.383,0.436,0.379,0.52,0.376,0.541,0.379,0.385,0.946,0.529,0.56,0.558,0.987,0.557,0.549,0.554,0.541,0.534,0.533,0.537,0.386,0.415,0.446,0.362,0.527,0.0,0.523,0.508,0.383,0.982,0.524,0.375,0.529,0.372,0.532,0.53,0.382,0.378,0.381,0.51,0.508,0.367,0.434
0.426,0.414,0.323,0.679,0.405,0.434,0.383,1.0,0.411,0.687,0.389,0.693,0.421,0.694,0.676,0.385,0.413,0.392,0.402,0.381,0.395,0.411,0.412,0.413,0.408,0.402,0.412,0.89,0.45,0.4,0.683,0.411,0.0,0.412,0.386,0.584,0.383,0.439,0.662,0.419,0.694,0.409,0.42,0.901,0.886,0.416,0.396,0.395,0.641,0.445
0.584,0.443,0.382,0.428,0.431,0.462,0.436,0.411,1.0,0.437,0.454,0.403,0.465,0.431,0.412,0.444,0.456,0.425,0.44,0.434,0.425,0.436,0.436,0.472,0.452,0.456,0.458,0.423,0.497,0.582,0.391,0.437,0.0,0.427,0.446,0.426,0.435,0.452,0.409,0.445,0.41,0.452,0.456,0.407,0.404,0.438,0.431,0.432,0.396,0.511
0.436,0.42,0.312,0.739,0.39,0.416,0.379,0.687,0.437,1.0,0.408,0.697,0.417,0.73,0.713,0.393,0.415,0.374,0.395,0.377,0.375,0.392,0.383,0.418,0.412,0.415,0.403,0.718,0.472,0.417,0.72,0.393,0.0,0.381,0.393,0.629,0.379,0.404,0.684,0.405,0.739,0.397,0.391,0.699,0.702,0.418,0.385,0.381,0.667,0.468
0.47,0.583,0.349,0.408,0.756,0.598,0.52,0.389,0.454,0.408,1.0,0.388,0.744,0.408,0.389,0.537,0.605,0.667,0.68,0.519,0.678,0.681,0.672,0.632,0.611,0.62,0.701,0.402,0.458,0.461,0.365,0.671,0.0,0.656,0.63,0.391,0.519,0.688,0.386,0.718,0.388,0.619,0.699,0.387,0.382,0.385,0.591,0.589,0.37,0.449
0.427,0.424,0.329,0.712,0.405,0.427,0.376,0.693,0.403,0.697,0.388,1.0,0.406,0.734,0.854,0.381,0.41,0.38,0.39,0.375,0.386,0.397,0.399,0.4,0.409,0.407,0.392,0.698,0.463,0.408,0.682,0.411,0.0,0.395,0.38,0.587,0.374,0.419,0.678,0.399,0.711,0.405,0.402,0.711,0.708,0.432,0.4,0.4,0.64,0.45
0.491,0.613,0.347,0.413,0.707,0.631,0.541,0.421,0.465,0.417,0.744,0.406,1.0,0.41,0.414,0.546,0.628,0.711,0.737,0.539,0.725,0.779,0.771,0.634,0.625,0.624,0.769,0.422,0.463,0.475,0.387,0.728,0.0,0.754,0.607,0.396,0.539,0.742,0.418,0.758,0.405,0.64,0.75,0.412,0.408,0.407,0.632,0.629,0.402,0.456
0.431,0.404,0.315,0.769,0.395,0.419,0.379,0.694,0.431,0.73,0.408,0.734,0.41,1.0,0.774,0.384,0.411,0.381,0.398,0.377,0.374,0.397,0.395,0.407,0.406,0.406,0.399,0.743,0.48,0.421,0.706,0.405,0.0,0.382,0.38,0.632,0.38,0.402,0.669,0.393,0.742,0.393,0.391,0.726,0.72,0.427,0.389,0.386,0.655,0.475
0.412,0.406,0.321,0.752,0.399,0.413,0.385,0.676,0.412,0.713,0.389,0.854,0.414,0.774,1.0,0.382,0.407,0.375,0.395,0.383,0.379,0.399,0.398,0.395,0.4,0.401,0.399,0.707,0.465,0.412,0.72,0.4,0.0,0.386,0.376,0.606,0.385,0.408,0.687,0.394,0.751,0.395,0.398,0.703,0.697,0.427,0.391,0.39,0.65,0.472
0.463,0.529,0.326,0.396,0.517,0.546,0.946,0.385,0.444,0.393,0.537,0.381,0.546,0.384,0.382,1.0,0.537,0.546,0.557,0.944,0.536,0.55,0.548,0.55,0.552,0.548,0.532,0.394,0.424,0.453,0.362,0.523,0.0,0.517,0.518,0.388,0.946,0.529,0.376,0.528,0.377,0.535,0.529,0.384,0.381,0.385,0.515,0.513,0.375,0.439
0.489,0.711,0.338,0.41,0.626,0.712,0.529,0.413,0.456,0.415,0.605,0.41,0.628,0.411,0.407,0.537,1.0,0.583,0.598,0.526,0.59,0.609,0.602,0.732,0.733,0.749,0.608,0.416,0.453,0.451,0.38,0.637,0.0,0.604,0.678,0.403,0.527,0.605,0.411,0.607,0.399,0.689,0.612,0.415,0.416,0.403,0.68,0.68,0.396,0.449
0.466,0.594,0.342,0.377,0.67,0.61,0.56,0.392,0.425,0.374,0.667,0.38,0.711,0.381,0.375,0.546,0.583,1.0,0.741,0.558,0.732,0.721,0.721,0.602,0.592,0.584,0.695,0.386,0.425,0.448,0.363,0.677,0.0,0.682,0.566,0.383,0.553,0.68,0.39,0.7,0.361,0.631,0.701,0.388,0.389,0.407,0.613,0.611,0.374,0.434
0.469,0.59,0.329,0.401,0.651,0.604,0.558,0.402,0.44,0.395,0.68,0.39,0.737,0.398,0.395,0.557,0.598,0.741,1.0,0.553,0.729,0.724,0.712,0.607,0.607,0.595,0.729,0.407,0.436,0.462,0.366,0.692,0.0,0.678,0.589,0.393,0.552,0.699,0.393,0.699,0.389,0.622,0.7,0.397,0.39,0.395,0.598,0.595,0.38,0.439
0.456,0.525,0.324,0.387,0.511,0.543,0.987,0.381,0.434,0.377,0.519,0.375,0.539,0.377,0.383,0.944,0.526,0.558,0.553,1.0,0.555,0.545,0.551,0.539,0.534,0.531,0.535,0.384,0.414,0.446,0.361,0.527,0.0,0.521,0.505,0.378,0.987,0.523,0.373,0.528,0.37,0.53,0.528,0.381,0.377,0.38,0.509,0.507,0.366,0.432
0.459,0.593,0.338,0.38,0.688,0.597,0.557,0.395,0.425,0.375,0.678,0.386,0.725,0.374,0.379,0.536,0.59,0.732,0.729,0.555,1.0,0.737,0.755,0.593,0.592,0.586,0.713,0.392,0.422,0.438,0.366,0.715,0.0,0.717,0.563,0.382,0.551,0.71,0.382,0.723,0.369,0.607,0.722,0.396,0.398,0.411,0.617,0.616,0.37,0.429
0.475,0.595,0.332,0.395,0.666,0.614,0.549,0.411,0.436,0.392,0.681,0.397,0.779,0.397,0.399,0.55,0.609,0.721,0.724,0.545,0.737,1.0,0.909,0.601,0.6,0.589,0.731,0.408,0.44,0.45,0.38,0.715,0.0,0.862,0.574,0.383,0.547,0.722,0.399,0.733,0.387,0.614,0.731,0.409,0.404,0.397,0.598,0.595,0.389,0.443
0.483,0.592,0.336,0.399,0.682,0.618,0.554,0.412,0.436,0.383,0.672,0.399,0.771,0.395,0.398,0.548,0.602,0.721,0.712,0.551,0.755,0.909,1.0,0.598,0.599,0.586,0.734,0.406,0.441,0.445,0.375,0.724,0.0,0.85,0.568,0.383,0.549,0.721,0.398,0.722,0.382,0.614,0.73,0.41,0.409,0.399,0.601,0.601,0.39,0.438
0.492,0.791,0.332,0.413,0.615,0.787,0.541,0.413,0.472,0.418,0.632,0.4,0.634,0.407,0.395,0.55,0.732,0.602,0.607,0.539,0.593,0.601,0.598,1.0,0.824,0.736,0.611,0.41,0.457,0.471,0.372,0.613,0.0,0.594,0.799,0.399,0.541,0.604,0.389,0.6,0.39,0.697,0.603,0.402,0.403,0.397,0.673,0.671,0.387,0.455
0.486,0.803,0.337,0.413,0.615,0.813,0.534,0.408,0.452,0.412,0.611,0.409,0.625,0.406,0.4,0.552,0.733,0.592,0.607,0.534,0.592,0.6,0.599,0.824,1.0,0.755,0.606,0.418,0.448,0.457,0.375,0.621,0.0,0.585,0.785,0.381,0.534,0.61,0.394,0.592,0.398,0.688,0.6,0.416,0.409,0.4,0.676,0.672,0.401,0.451
0.482,0.699,0.335,0.413,0.61,0.694,0.533,0.402,0.456,0.415,0.62,0.407,0.624,0.406,0.401,0.548,0.749,0.584,0.595,0.531,0.586,0.589,0.586,0.736,0.755,1.0,0.599,0.417,0.447,0.453,0.375,0.606,0.0,0.571,0.699,0.395,0.531,0.595,0.394,0.604,0.395,0.691,0.582,0.417,0.408,0.399,0.673,0.67,0.397,0.452
0.483,0.595,0.338,0.401,0.691,0.605,0.537,0.412,0.458,0.403,0.701,0.392,0.769,0.399,0.399,0.532,0.608,0.695,0.729,0.535,0.713,0.731,0.734,0.611,0.606,0.599,1.0,0.409,0.445,0.472,0.376,0.737,0.0,0.708,0.575,0.39,0.535,0.818,0.391,0.743,0.395,0.624,0.817,0.409,0.4,0.401,0.605,0.604,0.383,0.445
0.421,0.417,0.325,0.74,0.396,0.427,0.386,0.89,0.423,0.718,0.402,0.698,0.422,0.743,0.707,0.394,0.416,0.386,0.407,0.384,0.392,0.408,0.406,0.41,0.418,0.417,0.409,1.0,0.462,0.412,0.69,0.413,0.0,0.401,0.381,0.614,0.387,0.425,0.662,0.406,0.724,0.397,0.404,0.957,0.937,0.415,0.394,0.393,0.653,0.456
0.509,0.442,0.376,0.474,0.441,0.46,0.415,0.45,0.497,0.472,0.458,0.463,0.463,0.48,0.465,0.424,0.453,0.425,0.436,0.414,0.422,0.44,0.441,0.457,0.448,0.447,0.445,0.462,1.0,0.475,0.438,0.454,0.0,0.435,0.436,0.462,0.414,0.455,0.452,0.438,0.455,0.443,0.444,0.452,0.446,0.537,0.425,0.422,0.437,0.828
0.582,0.462,0.379,0.413,0.45,0.464,0.446,0.4,0.582,0.417,0.461,0.408,0.475,0.421,0.412,0.453,0.451,0.448,0.462,0.446,0.438,0.45,0.445,0.471,0.457,0.453,0.472,0.412,0.475,1.0,0.394,0.446,0.0,0.435,0.439,0.417,0.446,0.469,0.406,0.464,0.412,0.463,0.47,0.403,0.4,0.457,0.445,0.446,0.399,0.49
0.397,0.395,0.309,0.708,0.376,0.389,0.362,0.683,0.391,0.72,0.365,0.682,0.387,0.706,0.72,0.362,0.38,0.363,0.366,0.361,0.366,0.38,0.375,0.372,0.375,0.375,0.376,0.69,0.438,0.394,1.0,0.38,0.0,0.378,0.349,0.582,0.362,0.391,0.658,0.387,0.877,0.381,0.385,0.69,0.689,0.414,0.374,0.369,0.651,0.434
0.487,0.614,0.36,0.405,0.689,0.61,0.527,0.411,0.437,0.393,0.671,0.411,0.728,0.405,0.4,0.523,0.637,0.677,0.692,0.527,0.715,0.715,0.724,0.613,0.621,0.606,0.737,0.413,0.454,0.446,0.38,1.0,0.0,0.705,0.573,0.371,0.524,0.74,0.397,0.724,0.383,0.639,0.735,0.419,0.42,0.41,0.63,0.631,0.396,0.444
0.0,0.0,0.0,0.0,0.0,0.0,0.0,0.0,0.0,0.0,0.0,0.0,0.0,0.0,0.0,0.0,0.0,0.0,0.0,0.0,0.0,0.0,0.0,0.0,0.0,0.0,0.0,0.0,0.0,0.0,0.0,0.0,1.0,0.0,0.0,0.0,0.0,0.0,0.0,0.0,0.0,0.0,0.0,0.0,0.0,0.0,0.0,0.0,0.0,0.0
0.476,0.592,0.33,0.386,0.669,0.609,0.523,0.412,0.427,0.381,0.656,0.395,0.754,0.382,0.386,0.517,0.604,0.682,0.678,0.521,0.717,0.862,0.85,0.594,0.585,0.571,0.708,0.401,0.435,0.435,0.378,0.705,0.0,1.0,0.563,0.391,0.521,0.715,0.393,0.706,0.381,0.608,0.727,0.405,0.411,0.391,0.589,0.587,0.381,0.434
0.456,0.734,0.299,0.391,0.579,0.755,0.508,0.386,0.446,0.393,0.63,0.38,0.607,0.38,0.376,0.518,0.678,0.566,0.589,0.505,0.563,0.574,0.568,0.799,0.785,0.699,0.575,0.381,0.436,0.439,0.349,0.573,0.0,0.563,1.0,0.373,0.505,0.573,0.368,0.572,0.368,0.656,0.576,0.369,0.367,0.369,0.633,0.632,0.362,0.431
0.415,0.381,0.315,0.636,0.365,0.402,0.383,0.584,0.426,0.629,0.391,0.587,0.396,0.632,0.606,0.388,0.403,0.383,0.393,0.378,0.382,0.383,0.383,0.399,0.381,0.395,0.39,0.614,0.462,0.417,0.582,0.371,0.0,0.391,0.373,1.0,0.382,0.376,0.612,0.385,0.603,0.384,0.38,0.597,0.593,0.415,0.368,0.363,0.582,0.464
0.455,0.524,0.322,0.389,0.508,0.543,0.982,0.383,0.435,0.379,0.519,0.374,0.539,0.38,0.385,0.946,0.527,0.553,0.552,0.987,0.551,0.547,0.549,0.541,0.534,0.531,0.535,0.387,0.414,0.446,0.362,0.524,0.0,0.521,0.505,0.382,1.0,0.522,0.373,0.526,0.373,0.53,0.528,0.383,0.379,0.38,0.509,0.507,0.366,0.434
0.494,0.626,0.35,0.405,0.713,0.624,0.524,0.439,0.452,0.404,0.688,0.419,0.742,0.402,0.408,0.529,0.605,0.68,0.699,0.523,0.71,0.722,0.721,0.604,0.61,0.595,0.818,0.425,0.455,0.469,0.391,0.74,0.0,0.715,0.573,0.376,0.522,1.0,0.412,0.737,0.404,0.634,0.864,0.435,0.426,0.414,0.625,0.624,0.407,0.451
0.415,0.397,0.323,0.662,0.391,0.426,0.375,0.662,0.409,0.684,0.386,0.678,0.418,0.669,0.687,0.376,0.411,0.39,0.393,0.373,0.382,0.399,0.398,0.389,0.394,0.394,0.391,0.662,0.452,0.406,0.658,0.397,0.0,0.393,0.368,0.612,0.373,0.412,1.0,0.405,0.669,0.401,0.399,0.668,0.663,0.417,0.381,0.377,0.627,0.438
0.477,0.596,0.354,0.397,0.715,0.596,0.529,0.419,0.445,0.405,0.718,0.399,0.758,0.393,0.394,0.528,0.607,0.7,0.699,0.528,0.723,0.733,0.722,0.6,0.592,0.604,0.743,0.406,0.438,0.464,0.387,0.724,0.0,0.706,0.572,0.385,0.526,0.737,0.405,1.0,0.397,0.635,0.749,0.409,0.405,0.42,0.63,0.629,0.391,0.449
0.42,0.403,0.32,0.745,0.388,0.412,0.372,0.694,0.41,0.739,0.388,0.711,0.405,0.742,0.751,0.377,0.399,0.361,0.389,0.37,0.369,0.387,0.382,0.39,0.398,0.395,0.395,0.724,0.455,0.412,0.877,0.383,0.0,0.381,0.368,0.603,0.373,0.404,0.669,0.397,1.0,0.394,0.388,0.718,0.707,0.418,0.382,0.377,0.655,0.455
0.481,0.692,0.354,0.387,0.639,0.691,0.532,0.409,0.452,0.397,0.619,0.405,0.64,0.393,0.395,0.535,0.689,0.631,0.622,0.53,0.607,0.614,0.614,0.697,0.688,0.691,0.624,0.397,0.443,0.463,0.381,0.639,0.0,0.608,0.656,0.384,0.53,0.634,0.401,0.635,0.394,1.0,0.655,0.403,0.4,0.406,0.72,0.717,0.388,0.444
0.481,0.609,0.355,0.395,0.716,0.62,0.53,0.42,0.456,0.391,0.699,0.402,0.75,0.391,0.398,0.529,0.612,0.701,0.7,0.528,0.722,0.731,0.73,0.603,0.6,0.582,0.817,0.404,0.444,0.47,0.385,0.735,0.0,0.727,0.576,0.38,0.528,0.864,0.399,0.749,0.388,0.655,1.0,0.408,0.408,0.416,0.628,0.627,0.388,0.444
0.422,0.428,0.334,0.718,0.402,0.429,0.382,0.901,0.407,0.699,0.387,0.711,0.412,0.726,0.703,0.384,0.415,0.388,0.397,0.381,0.396,0.409,0.41,0.402,0.416,0.417,0.409,0.957,0.452,0.403,0.69,0.419,0.0,0.405,0.369,0.597,0.383,0.435,0.668,0.409,0.718,0.403,0.408,1.0,0.955,0.421,0.4,0.401,0.662,0.441
0.43,0.428,0.327,0.712,0.407,0.421,0.378,0.886,0.404,0.702,0.382,0.708,0.408,0.72,0.697,0.381,0.416,0.389,0.39,0.377,0.398,0.404,0.409,0.403,0.409,0.408,0.4,0.937,0.446,0.4,0.689,0.42,0.0,0.411,0.367,0.593,0.379,0.426,0.663,0.405,0.707,0.4,0.408,0.955,1.0,0.422,0.405,0.407,0.659,0.434
0.471,0.411,0.367,0.431,0.417,0.415,0.381,0.416,0.438,0.418,0.385,0.432,0.407,0.427,0.427,0.385,0.403,0.407,0.395,0.38,0.411,0.397,0.399,0.397,0.4,0.399,0.401,0.415,0.537,0.457,0.414,0.41,0.0,0.391,0.369,0.415,0.38,0.414,0.417,0.42,0.418,0.406,0.416,0.421,0.422,1.0,0.438,0.441,0.421,0.59
0.467,0.69,0.35,0.386,0.645,0.674,0.51,0.396,0.431,0.385,0.591,0.4,0.632,0.389,0.391,0.515,0.68,0.613,0.598,0.509,0.617,0.598,0.601,0.673,0.676,0.673,0.605,0.394,0.425,0.445,0.374,0.63,0.0,0.589,0.633,0.368,0.509,0.625,0.381,0.63,0.382,0.72,0.628,0.4,0.405,0.438,1.0,0.99,0.387,0.439
0.469,0.688,0.35,0.384,0.649,0.673,0.508,0.395,0.432,0.381,0.589,0.4,0.629,0.386,0.39,0.513,0.68,0.611,0.595,0.507,0.616,0.595,0.601,0.671,0.672,0.67,0.604,0.393,0.422,0.446,0.369,0.631,0.0,0.587,0.632,0.363,0.507,0.624,0.377,0.629,0.377,0.717,0.627,0.401,0.407,0.441,0.99,1.0,0.384,0.438
0.407,0.416,0.322,0.649,0.391,0.411,0.367,0.641,0.396,0.667,0.37,0.64,0.402,0.655,0.65,0.375,0.396,0.374,0.38,0.366,0.37,0.389,0.39,0.387,0.401,0.397,0.383,0.653,0.437,0.399,0.651,0.396,0.0,0.381,0.362,0.582,0.366,0.407,0.627,0.391,0.655,0.388,0.388,0.662,0.659,0.421,0.387,0.384,1.0,0.429
0.509,0.443,0.368,0.476,0.425,0.456,0.434,0.445,0.511,0.468,0.449,0.45,0.456,0.475,0.472,0.439,0.449,0.434,0.439,0.432,0.429,0.443,0.438,0.455,0.451,0.452,0.445,0.456,0.828,0.49,0.434,0.444,0.0,0.434,0.431,0.464,0.434,0.451,0.438,0.449,0.455,0.444,0.444,0.441,0.434,0.59,0.439,0.438,0.429,1.0
