GCF_000163235.1_ASM16323v1_genomic.fna,GCF_000164555.1_ASM16455v1_genomic.fna,GCF_000208545.1_ASM20854v2_genomic.fna,GCF_000233875.1_ASM23387v1_genomic.fna,GCF_000249735.1_ASM24973v2_genomic.fna,GCF_000261145.1_Esch_coli_M919_V2_genomic.fna,GCF_000267705.2_ASM26770v2_genomic.fna,GCF_000350665.1_Esch_coli_KTE5_V1_genomic.fna,GCF_000351625.1_Esch_coli_KTE66_V1_genomic.fna,GCF_000352285.1_Esch_coli_KTE46_V1_genomic.fna,GCF_000358895.1_ASM35889v1_genomic.fna,GCF_000456385.1_Esch_coli_HVH_26_4-5703913_V1_genomic.fna,GCF_000458195.1_Esch_coli_HVH_147_4-5893887_V1_genomic.fna,GCF_000459755.1_Esch_coli_KOEGE_58_171a_V1_genomic.fna,GCF_000460055.1_Esch_coli_UMEA_3053-1_V1_genomic.fna,GCF_000462165.2_ASM46216v2_genomic.fna,GCF_000601135.1_ASM60113v1_genomic.fna,GCF_000614595.1_Ec2010EL1058_genomic.fna,GCF_000617745.1_Ec2010C-4529_genomic.fna,GCF_000618265.2_EcF6751_genomic.fna,GCF_000619005.2_Ec2009C-4052_genomic.fna,GCF_000619105.1_Ec2009C-4780_genomic.fna,GCF_000619765.2_Ec2009C-3279_genomic.fna,GCF_000687005.1_ASM68700v1_genomic.fna,GCF_000687025.1_ASM68702v1_genomic.fna,GCF_000700125.1_ASM70012v1_genomic.fna,GCF_000753315.1_FHI35_genomic.fna,GCF_000776375.1_ASM77637v1_genomic.fna,GCF_000779395.1_ASM77939v1_genomic.fna,GCF_000780315.1_ASM78031v1_genomic.fna,GCF_000781995.1_ASM78199v1_genomic.fna,GCF_000986765.1_ASM98676v1_genomic.fna,GCF_001041375.1_ViralProj287958_genomic.fna,GCF_001265335.1_302014_genomic.fna,GCF_001265625.1_100854_genomic.fna,GCF_001267345.1_303289_genomic.fna,GCF_001309985.1_ASM130998v1_genomic.fna,GCF_001521695.1_ASM152169v1_genomic.fna,GCF_001592595.1_ASM159259v1_genomic.fna,GCF_001614975.1_ASM161497v1_genomic.fna,GCF_001692775.1_ASM169277v1_genomic.fna,GCF_001748915.1_ASM174891v1_genomic.fna,GCF_001749235.1_ASM174923v1_genomic.fna,GCF_001881155.1_ASM188115v1_genomic.fna,GCF_001881345.1_ASM188134v1_genomic.fna,GCF_001892405.1_ASM189240v1_genomic.fna,GCF_001892585.1_ASM189258v1_genomic.fna,GCF_001893985.1_ASM189398v1_genomic.fna,GCF_002001595.1_ASM200159v1_genomic.fna,GCF_002002145.1_ASM200214v1_genomic.fna
1.0,0.908,0.905,0.889,0.903,0.903,0.91,0.904,0.919,0.889,0.874,0.904,0.901,0.898,0.907,0.908,0.908,0.914,0.907,0.912,0.911,0.913,0.916,0.904,0.901,0.893,0.903,0.894,0.903,0.907,0.896,0.902,0.019,0.912,0.878,0.888,0.91,0.904,0.907,0.896,0.899,0.905,0.894,0.901,0.904,0.902,0.899,0.899,0.896,0.906
0.908,1.0,0.899,0.895,0.92,0.942,0.911,0.904,0.905,0.895,0.897,0.898,0.917,0.9,0.894,0.912,0.939,0.926,0.922,0.912,0.912,0.927,0.928,0.949,0.942,0.923,0.918,0.899,0.905,0.902,0.898,0.931,0.021,0.926,0.919,0.894,0.912,0.927,0.907,0.913,0.905,0.932,0.917,0.907,0.907,0.882,0.933,0.933,0.894,0.902
0.905,0.899,1.0,0.869,0.885,0.891,0.898,0.885,0.9,0.87,0.86,0.883,0.883,0.887,0.889,0.897,0.894,0.894,0.891,0.899,0.884,0.889,0.894,0.891,0.889,0.879,0.89,0.882,0.886,0.892,0.881,0.889,0.018,0.89,0.865,0.875,0.897,0.891,0.895,0.872,0.886,0.891,0.882,0.889,0.889,0.885,0.886,0.886,0.878,0.886
0.889,0.895,0.869,1.0,0.903,0.893,0.887,0.938,0.898,0.939,0.88,0.93,0.897,0.947,0.935,0.889,0.889,0.885,0.895,0.885,0.89,0.894,0.892,0.898,0.9,0.897,0.892,0.945,0.908,0.89,0.933,0.897,0.019,0.892,0.878,0.919,0.887,0.895,0.926,0.9,0.935,0.888,0.899,0.942,0.939,0.89,0.901,0.901,0.929,0.902
0.903,0.92,0.885,0.903,1.0,0.928,0.911,0.907,0.903,0.897,0.926,0.89,0.934,0.909,0.895,0.915,0.922,0.923,0.93,0.91,0.913,0.934,0.928,0.926,0.935,0.92,0.933,0.902,0.907,0.902,0.894,0.928,0.021,0.931,0.911,0.905,0.912,0.928,0.912,0.936,0.901,0.928,0.932,0.9,0.901,0.879,0.925,0.925,0.908,0.902
0.903,0.942,0.891,0.893,0.928,1.0,0.914,0.908,0.901,0.895,0.899,0.898,0.922,0.904,0.892,0.918,0.935,0.926,0.928,0.913,0.906,0.929,0.929,0.945,0.946,0.924,0.919,0.9,0.909,0.901,0.898,0.929,0.021,0.927,0.928,0.901,0.915,0.92,0.915,0.918,0.903,0.93,0.915,0.905,0.905,0.881,0.93,0.93,0.902,0.905
0.91,0.911,0.898,0.887,0.911,0.914,1.0,0.897,0.922,0.882,0.884,0.9,0.9,0.902,0.899,0.989,0.912,0.929,0.923,0.995,0.913,0.924,0.927,0.913,0.915,0.896,0.909,0.891,0.906,0.904,0.896,0.912,0.021,0.917,0.892,0.893,0.997,0.911,0.904,0.897,0.895,0.907,0.902,0.898,0.898,0.895,0.905,0.905,0.893,0.901
0.904,0.904,0.885,0.938,0.907,0.908,0.897,1.0,0.908,0.939,0.881,0.926,0.901,0.942,0.923,0.899,0.902,0.895,0.901,0.895,0.889,0.908,0.906,0.897,0.895,0.892,0.899,0.969,0.912,0.9,0.936,0.9,0.019,0.902,0.876,0.922,0.896,0.906,0.937,0.896,0.939,0.895,0.898,0.968,0.963,0.883,0.902,0.902,0.928,0.907
0.919,0.905,0.9,0.898,0.903,0.901,0.922,0.908,1.0,0.894,0.876,0.901,0.896,0.911,0.907,0.921,0.905,0.906,0.902,0.924,0.9,0.911,0.914,0.903,0.91,0.893,0.902,0.899,0.91,0.923,0.905,0.908,0.019,0.91,0.882,0.9,0.922,0.904,0.909,0.889,0.907,0.895,0.896,0.905,0.901,0.901,0.898,0.898,0.903,0.914
0.889,0.895,0.87,0.939,0.897,0.895,0.882,0.939,0.894,1.0,0.887,0.922,0.887,0.933,0.915,0.884,0.891,0.887,0.889,0.88,0.883,0.892,0.894,0.896,0.893,0.897,0.889,0.943,0.902,0.882,0.931,0.888,0.018,0.889,0.887,0.923,0.882,0.89,0.927,0.904,0.933,0.884,0.891,0.935,0.937,0.875,0.895,0.895,0.933,0.896
0.874,0.897,0.86,0.88,0.926,0.899,0.884,0.881,0.876,0.887,1.0,0.865,0.914,0.88,0.866,0.886,0.889,0.899,0.907,0.882,0.887,0.911,0.903,0.913,0.91,0.909,0.91,0.879,0.88,0.875,0.869,0.901,0.02,0.9,0.921,0.884,0.884,0.902,0.88,0.93,0.873,0.901,0.917,0.876,0.877,0.849,0.898,0.898,0.879,0.873
0.904,0.898,0.883,0.93,0.89,0.898,0.9,0.926,0.901,0.922,0.865,1.0,0.881,0.938,0.954,0.899,0.889,0.891,0.891,0.9,0.899,0.893,0.896,0.889,0.887,0.885,0.886,0.929,0.902,0.892,0.928,0.893,0.019,0.895,0.868,0.908,0.899,0.897,0.932,0.879,0.936,0.884,0.881,0.933,0.935,0.888,0.897,0.897,0.919,0.901
0.901,0.917,0.883,0.897,0.934,0.922,0.9,0.901,0.896,0.887,0.914,0.881,1.0,0.9,0.885,0.902,0.917,0.922,0.932,0.899,0.912,0.943,0.941,0.927,0.927,0.917,0.939,0.901,0.91,0.893,0.889,0.927,0.02,0.937,0.91,0.893,0.9,0.923,0.9,0.938,0.898,0.918,0.935,0.895,0.894,0.871,0.916,0.916,0.9,0.894
0.898,0.9,0.887,0.947,0.909,0.904,0.902,0.942,0.911,0.933,0.88,0.938,0.9,1.0,0.945,0.904,0.901,0.899,0.909,0.901,0.899,0.907,0.903,0.892,0.899,0.897,0.902,0.948,0.911,0.905,0.939,0.906,0.02,0.904,0.874,0.923,0.902,0.907,0.938,0.895,0.94,0.895,0.899,0.948,0.948,0.895,0.907,0.907,0.934,0.914
0.907,0.894,0.889,0.935,0.895,0.892,0.899,0.923,0.907,0.915,0.866,0.954,0.885,0.945,1.0,0.897,0.893,0.893,0.896,0.9,0.903,0.894,0.901,0.884,0.885,0.885,0.889,0.926,0.896,0.895,0.936,0.89,0.019,0.896,0.866,0.908,0.898,0.896,0.929,0.879,0.935,0.885,0.882,0.931,0.929,0.898,0.894,0.894,0.918,0.9
0.908,0.912,0.897,0.889,0.915,0.918,0.989,0.899,0.921,0.884,0.886,0.899,0.902,0.904,0.897,1.0,0.918,0.926,0.924,0.988,0.909,0.926,0.924,0.916,0.916,0.901,0.912,0.892,0.908,0.909,0.896,0.911,0.02,0.921,0.894,0.895,0.991,0.913,0.906,0.899,0.896,0.909,0.903,0.899,0.899,0.895,0.91,0.91,0.893,0.905
0.908,0.939,0.894,0.889,0.922,0.935,0.912,0.902,0.905,0.891,0.889,0.889,0.917,0.901,0.893,0.918,1.0,0.922,0.925,0.913,0.909,0.929,0.925,0.938,0.935,0.924,0.918,0.897,0.907,0.906,0.893,0.934,0.02,0.926,0.911,0.891,0.914,0.918,0.909,0.908,0.895,0.925,0.914,0.903,0.903,0.882,0.936,0.936,0.894,0.91
0.914,0.926,0.894,0.885,0.923,0.926,0.929,0.895,0.906,0.887,0.899,0.891,0.922,0.899,0.893,0.926,0.922,1.0,0.946,0.93,0.933,0.944,0.945,0.925,0.917,0.907,0.934,0.89,0.897,0.901,0.903,0.931,0.02,0.934,0.904,0.899,0.931,0.928,0.906,0.917,0.902,0.92,0.919,0.895,0.895,0.884,0.918,0.918,0.888,0.897
0.907,0.922,0.891,0.895,0.93,0.928,0.923,0.901,0.902,0.889,0.907,0.891,0.932,0.909,0.896,0.924,0.925,0.946,1.0,0.922,0.934,0.946,0.943,0.93,0.928,0.918,0.941,0.895,0.901,0.902,0.902,0.931,0.02,0.935,0.911,0.903,0.924,0.929,0.904,0.931,0.9,0.924,0.929,0.896,0.897,0.884,0.921,0.921,0.9,0.903
0.912,0.912,0.899,0.885,0.91,0.913,0.995,0.895,0.924,0.88,0.882,0.9,0.899,0.901,0.9,0.988,0.913,0.93,0.922,1.0,0.915,0.922,0.926,0.914,0.916,0.897,0.909,0.889,0.905,0.906,0.897,0.914,0.021,0.917,0.894,0.892,0.997,0.909,0.901,0.897,0.893,0.907,0.901,0.896,0.896,0.893,0.905,0.905,0.891,0.901
0.911,0.912,0.884,0.89,0.913,0.906,0.913,0.889,0.9,0.883,0.887,0.899,0.912,0.899,0.903,0.909,0.909,0.933,0.934,0.915,1.0,0.937,0.945,0.913,0.91,0.895,0.919,0.884,0.893,0.892,0.905,0.922,0.019,0.931,0.888,0.895,0.913,0.919,0.905,0.914,0.902,0.905,0.912,0.89,0.892,0.899,0.907,0.907,0.889,0.889
0.913,0.927,0.889,0.894,0.934,0.929,0.924,0.908,0.911,0.892,0.911,0.893,0.943,0.907,0.894,0.926,0.929,0.944,0.946,0.922,0.937,1.0,0.977,0.931,0.93,0.913,0.938,0.899,0.914,0.905,0.901,0.939,0.02,0.965,0.91,0.904,0.925,0.937,0.914,0.933,0.907,0.924,0.937,0.904,0.905,0.884,0.922,0.922,0.9,0.911
0.916,0.928,0.894,0.892,0.928,0.929,0.927,0.906,0.914,0.894,0.903,0.896,0.941,0.903,0.901,0.924,0.925,0.945,0.943,0.926,0.945,0.977,1.0,0.927,0.926,0.906,0.932,0.897,0.905,0.899,0.905,0.936,0.019,0.962,0.906,0.903,0.927,0.93,0.916,0.924,0.906,0.916,0.925,0.903,0.903,0.889,0.914,0.914,0.897,0.899
0.904,0.949,0.891,0.898,0.926,0.945,0.913,0.897,0.903,0.896,0.913,0.889,0.927,0.892,0.884,0.916,0.938,0.925,0.93,0.914,0.913,0.931,0.927,1.0,0.956,0.942,0.933,0.893,0.904,0.901,0.89,0.925,0.02,0.924,0.938,0.9,0.915,0.92,0.9,0.932,0.896,0.928,0.931,0.892,0.893,0.875,0.934,0.934,0.9,0.9
0.901,0.942,0.889,0.9,0.935,0.946,0.915,0.895,0.91,0.893,0.91,0.887,0.927,0.899,0.885,0.916,0.935,0.917,0.928,0.916,0.91,0.93,0.926,0.956,1.0,0.934,0.925,0.894,0.913,0.895,0.893,0.931,0.02,0.927,0.936,0.899,0.916,0.92,0.904,0.923,0.895,0.933,0.926,0.894,0.893,0.878,0.931,0.931,0.898,0.902
0.893,0.923,0.879,0.897,0.92,0.924,0.896,0.892,0.893,0.897,0.909,0.885,0.917,0.897,0.885,0.901,0.924,0.907,0.918,0.897,0.895,0.913,0.906,0.942,0.934,1.0,0.917,0.894,0.9,0.898,0.886,0.915,0.02,0.907,0.925,0.896,0.898,0.909,0.9,0.929,0.888,0.92,0.915,0.892,0.892,0.865,0.924,0.924,0.894,0.893
0.903,0.918,0.89,0.892,0.933,0.919,0.909,0.899,0.902,0.889,0.91,0.886,0.939,0.902,0.889,0.912,0.918,0.934,0.941,0.909,0.919,0.938,0.932,0.933,0.925,0.917,1.0,0.895,0.905,0.897,0.89,0.934,0.02,0.93,0.908,0.901,0.91,0.946,0.9,0.941,0.896,0.927,0.95,0.894,0.892,0.877,0.916,0.916,0.895,0.902
0.894,0.899,0.882,0.945,0.902,0.9,0.891,0.969,0.899,0.943,0.879,0.929,0.901,0.948,0.926,0.892,0.897,0.89,0.895,0.889,0.884,0.899,0.897,0.893,0.894,0.894,0.895,1.0,0.912,0.89,0.933,0.897,0.019,0.893,0.873,0.921,0.89,0.902,0.931,0.892,0.943,0.889,0.893,0.985,0.978,0.884,0.9,0.9,0.934,0.907
0.903,0.905,0.886,0.908,0.907,0.909,0.906,0.912,0.91,0.902,0.88,0.902,0.91,0.911,0.896,0.908,0.907,0.897,0.901,0.905,0.893,0.914,0.905,0.904,0.913,0.9,0.905,0.912,1.0,0.906,0.895,0.906,0.018,0.912,0.89,0.906,0.906,0.901,0.909,0.9,0.9,0.906,0.904,0.91,0.909,0.896,0.904,0.904,0.907,0.952
0.907,0.902,0.892,0.89,0.902,0.901,0.904,0.9,0.923,0.882,0.875,0.892,0.893,0.905,0.895,0.909,0.906,0.901,0.902,0.906,0.892,0.905,0.899,0.901,0.895,0.898,0.897,0.89,0.906,1.0,0.894,0.904,0.019,0.901,0.872,0.895,0.905,0.904,0.9,0.888,0.894,0.902,0.897,0.895,0.891,0.897,0.905,0.905,0.897,0.919
0.896,0.898,0.881,0.933,0.894,0.898,0.896,0.936,0.905,0.931,0.869,0.928,0.889,0.939,0.936,0.896,0.893,0.903,0.902,0.897,0.905,0.901,0.905,0.89,0.893,0.886,0.89,0.933,0.895,0.894,1.0,0.894,0.018,0.897,0.868,0.912,0.896,0.898,0.932,0.887,0.964,0.882,0.886,0.938,0.937,0.89,0.899,0.899,0.922,0.898
0.902,0.931,0.889,0.897,0.928,0.929,0.912,0.9,0.908,0.888,0.901,0.893,0.927,0.906,0.89,0.911,0.934,0.931,0.931,0.914,0.922,0.939,0.936,0.925,0.931,0.915,0.934,0.897,0.906,0.904,0.894,1.0,0.021,0.933,0.905,0.895,0.913,0.937,0.909,0.93,0.898,0.923,0.929,0.902,0.902,0.885,0.929,0.929,0.89,0.908
0.019,0.021,0.018,0.019,0.021,0.021,0.021,0.019,0.019,0.018,0.02,0.019,0.02,0.02,0.019,0.02,0.02,0.02,0.02,0.021,0.019,0.02,0.019,0.02,0.02,0.02,0.02,0.019,0.018,0.019,0.018,0.021,1.0,0.02,0.021,0.018,0.021,0.02,0.019,0.021,0.018,0.02,0.021,0.019,0.019,0.018,0.021,0.021,0.02,0.02
0.912,0.926,0.89,0.892,0.931,0.927,0.917,0.902,0.91,0.889,0.9,0.895,0.937,0.904,0.896,0.921,0.926,0.934,0.935,0.917,0.931,0.965,0.962,0.924,0.927,0.907,0.93,0.893,0.912,0.901,0.897,0.933,0.02,1.0,0.905,0.896,0.919,0.924,0.912,0.923,0.901,0.924,0.93,0.899,0.9,0.882,0.92,0.92,0.892,0.906
0.878,0.919,0.865,0.878,0.911,0.928,0.892,0.876,0.882,0.887,0.921,0.868,0.91,0.874,0.866,0.894,0.911,0.904,0.911,0.894,0.888,0.91,0.906,0.938,0.936,0.925,0.908,0.873,0.89,0.872,0.868,0.905,0.021,0.905,1.0,0.883,0.894,0.895,0.88,0.918,0.868,0.912,0.913,0.87,0.871,0.855,0.908,0.908,0.875,0.878
0.888,0.894,0.875,0.919,0.905,0.901,0.893,0.922,0.9,0.923,0.884,0.908,0.893,0.923,0.908,0.895,0.891,0.899,0.903,0.892,0.895,0.904,0.903,0.9,0.899,0.896,0.901,0.921,0.906,0.895,0.912,0.895,0.018,0.896,0.883,1.0,0.894,0.895,0.927,0.907,0.917,0.892,0.891,0.919,0.921,0.873,0.896,0.896,0.929,0.905
0.91,0.912,0.897,0.887,0.912,0.915,0.997,0.896,0.922,0.882,0.884,0.899,0.9,0.902,0.898,0.991,0.914,0.931,0.924,0.997,0.913,0.925,0.927,0.915,0.916,0.898,0.91,0.89,0.906,0.905,0.896,0.913,0.021,0.919,0.894,0.894,1.0,0.911,0.903,0.898,0.895,0.908,0.902,0.897,0.897,0.893,0.907,0.907,0.892,0.901
0.904,0.927,0.891,0.895,0.928,0.92,0.911,0.906,0.904,0.89,0.902,0.897,0.923,0.907,0.896,0.913,0.918,0.928,0.929,0.909,0.919,0.937,0.93,0.92,0.92,0.909,0.946,0.902,0.901,0.904,0.898,0.937,0.02,0.924,0.895,0.895,0.911,1.0,0.909,0.929,0.907,0.92,0.945,0.907,0.901,0.886,0.921,0.921,0.899,0.907
0.907,0.907,0.895,0.926,0.912,0.915,0.904,0.937,0.909,0.927,0.88,0.932,0.9,0.938,0.929,0.906,0.909,0.906,0.904,0.901,0.905,0.914,0.916,0.9,0.904,0.9,0.9,0.931,0.909,0.9,0.932,0.909,0.019,0.912,0.88,0.927,0.903,0.909,1.0,0.896,0.933,0.896,0.899,0.938,0.937,0.89,0.909,0.909,0.924,0.91
0.896,0.913,0.872,0.9,0.936,0.918,0.897,0.896,0.889,0.904,0.93,0.879,0.938,0.895,0.879,0.899,0.908,0.917,0.931,0.897,0.914,0.933,0.924,0.932,0.923,0.929,0.941,0.892,0.9,0.888,0.887,0.93,0.021,0.923,0.918,0.907,0.898,0.929,0.896,1.0,0.891,0.913,0.942,0.888,0.889,0.865,0.915,0.915,0.897,0.895
0.899,0.905,0.886,0.935,0.901,0.903,0.895,0.939,0.907,0.933,0.873,0.936,0.898,0.94,0.935,0.896,0.895,0.902,0.9,0.893,0.902,0.907,0.906,0.896,0.895,0.888,0.896,0.943,0.9,0.894,0.964,0.898,0.018,0.901,0.868,0.917,0.895,0.907,0.933,0.891,1.0,0.892,0.892,0.946,0.945,0.889,0.902,0.902,0.923,0.905
0.905,0.932,0.891,0.888,0.928,0.93,0.907,0.895,0.895,0.884,0.901,0.884,0.918,0.895,0.885,0.909,0.925,0.92,0.924,0.907,0.905,0.924,0.916,0.928,0.933,0.92,0.927,0.889,0.906,0.902,0.882,0.923,0.02,0.924,0.912,0.892,0.908,0.92,0.896,0.913,0.892,1.0,0.923,0.891,0.89,0.877,0.932,0.932,0.893,0.9
0.894,0.917,0.882,0.899,0.932,0.915,0.902,0.898,0.896,0.891,0.917,0.881,0.935,0.899,0.882,0.903,0.914,0.919,0.929,0.901,0.912,0.937,0.925,0.931,0.926,0.915,0.95,0.893,0.904,0.897,0.886,0.929,0.021,0.93,0.913,0.891,0.902,0.945,0.899,0.942,0.892,0.923,1.0,0.885,0.884,0.87,0.917,0.917,0.898,0.898
0.901,0.907,0.889,0.942,0.9,0.905,0.898,0.968,0.905,0.935,0.876,0.933,0.895,0.948,0.931,0.899,0.903,0.895,0.896,0.896,0.89,0.904,0.903,0.892,0.894,0.892,0.894,0.985,0.91,0.895,0.938,0.902,0.019,0.899,0.87,0.919,0.897,0.907,0.938,0.888,0.946,0.891,0.885,1.0,0.99,0.888,0.904,0.904,0.927,0.906
0.904,0.907,0.889,0.939,0.901,0.905,0.898,0.963,0.901,0.937,0.877,0.935,0.894,0.948,0.929,0.899,0.903,0.895,0.897,0.896,0.892,0.905,0.903,0.893,0.893,0.892,0.892,0.978,0.909,0.891,0.937,0.902,0.019,0.9,0.871,0.921,0.897,0.901,0.937,0.889,0.945,0.89,0.884,0.99,1.0,0.887,0.905,0.905,0.926,0.905
0.902,0.882,0.885,0.89,0.879,0.881,0.895,0.883,0.901,0.875,0.849,0.888,0.871,0.895,0.898,0.895,0.882,0.884,0.884,0.893,0.899,0.884,0.889,0.875,0.878,0.865,0.877,0.884,0.896,0.897,0.89,0.885,0.018,0.882,0.855,0.873,0.893,0.886,0.89,0.865,0.889,0.877,0.87,0.888,0.887,1.0,0.887,0.887,0.885,0.909
0.899,0.933,0.886,0.901,0.925,0.93,0.905,0.902,0.898,0.895,0.898,0.897,0.916,0.907,0.894,0.91,0.936,0.918,0.921,0.905,0.907,0.922,0.914,0.934,0.931,0.924,0.916,0.9,0.904,0.905,0.899,0.929,0.021,0.92,0.908,0.896,0.907,0.921,0.909,0.915,0.902,0.932,0.917,0.904,0.905,0.887,1.0,1.0,0.897,0.908
0.899,0.933,0.886,0.901,0.925,0.93,0.905,0.902,0.898,0.895,0.898,0.897,0.916,0.907,0.894,0.91,0.936,0.918,0.921,0.905,0.907,0.922,0.914,0.934,0.931,0.924,0.916,0.9,0.904,0.905,0.899,0.929,0.021,0.92,0.908,0.896,0.907,0.921,0.909,0.915,0.902,0.932,0.917,0.904,0.905,0.887,1.0,1.0,0.897,0.908
0.896,0.894,0.878,0.929,0.908,0.902,0.893,0.928,0.903,0.933,0.879,0.919,0.9,0.934,0.918,0.893,0.894,0.888,0.9,0.891,0.889,0.9,0.897,0.9,0.898,0.894,0.895,0.934,0.907,0.897,0.922,0.89,0.02,0.892,0.875,0.929,0.892,0.899,0.924,0.897,0.923,0.893,0.898,0.927,0.926,0.885,0.897,0.897,1.0,0.911
0.906,0.902,0.886,0.902,0.902,0.905,0.901,0.907,0.914,0.896,0.873,0.901,0.894,0.914,0.9,0.905,0.91,0.897,0.903,0.901,0.889,0.911,0.899,0.9,0.902,0.893,0.902,0.907,0.952,0.919,0.898,0.908,0.02,0.906,0.878,0.905,0.901,0.907,0.91,0.895,0.905,0.9,0.898,0.906,0.905,0.909,0.908,0.908,0.911,1.0
