GCF_000163235.1_ASM16323v1_genomic.fna,GCF_000164555.1_ASM16455v1_genomic.fna,GCF_000208545.1_ASM20854v2_genomic.fna,GCF_000233875.1_ASM23387v1_genomic.fna,GCF_000249735.1_ASM24973v2_genomic.fna,GCF_000261145.1_Esch_coli_M919_V2_genomic.fna,GCF_000267705.2_ASM26770v2_genomic.fna,GCF_000350665.1_Esch_coli_KTE5_V1_genomic.fna,GCF_000351625.1_Esch_coli_KTE66_V1_genomic.fna,GCF_000352285.1_Esch_coli_KTE46_V1_genomic.fna,GCF_000358895.1_ASM35889v1_genomic.fna,GCF_000456385.1_Esch_coli_HVH_26_4-5703913_V1_genomic.fna,GCF_000458195.1_Esch_coli_HVH_147_4-5893887_V1_genomic.fna,GCF_000459755.1_Esch_coli_KOEGE_58_171a_V1_genomic.fna,GCF_000460055.1_Esch_coli_UMEA_3053-1_V1_genomic.fna,GCF_000462165.2_ASM46216v2_genomic.fna,GCF_000601135.1_ASM60113v1_genomic.fna,GCF_000614595.1_Ec2010EL1058_genomic.fna,GCF_000617745.1_Ec2010C-4529_genomic.fna,GCF_000618265.2_EcF6751_genomic.fna,GCF_000619005.2_Ec2009C-4052_genomic.fna,GCF_000619105.1_Ec2009C-4780_genomic.fna,GCF_000619765.2_Ec2009C-3279_genomic.fna,GCF_000687005.1_ASM68700v1_genomic.fna,GCF_000687025.1_ASM68702v1_genomic.fna,GCF_000700125.1_ASM70012v1_genomic.fna,GCF_000753315.1_FHI35_genomic.fna,GCF_000776375.1_ASM77637v1_genomic.fna,GCF_000779395.1_ASM77939v1_genomic.fna,GCF_000780315.1_ASM78031v1_genomic.fna,GCF_000781995.1_ASM78199v1_genomic.fna,GCF_000986765.1_ASM98676v1_genomic.fna,GCF_001041375.1_ViralProj287958_genomic.fna,GCF_001265335.1_302014_genomic.fna,GCF_001265625.1_100854_genomic.fna,GCF_001267345.1_303289_genomic.fna,GCF_001309985.1_ASM130998v1_genomic.fna,GCF_001521695.1_ASM152169v1_genomic.fna,GCF_001592595.1_ASM159259v1_genomic.fna,GCF_001614975.1_ASM161497v1_genomic.fna,GCF_001692775.1_ASM169277v1_genomic.fna,GCF_001748915.1_ASM174891v1_genomic.fna,GCF_001749235.1_ASM174923v1_genomic.fna,GCF_001881155.1_ASM188115v1_genomic.fna,GCF_001881345.1_ASM188134v1_genomic.fna,GCF_001892405.1_ASM189240v1_genomic.fna,GCF_001892585.1_ASM189258v1_genomic.fna,GCF_001893985.1_ASM189398v1_genomic.fna,GCF_002001595.1_ASM200159v1_genomic.fna,GCF_002002145.1_ASM200214v1_genomic.fna
1.0,0.886,0.877,0.892,0.897,0.883,0.885,0.886,0.913,0.891,0.875,0.89,0.898,0.89,0.891,0.891,0.89,0.889,0.891,0.885,0.886,0.884,0.883,0.893,0.885,0.885,0.899,0.887,0.9,0.905,0.88,0.883,0.022,0.882,0.869,0.886,0.883,0.905,0.883,0.903,0.89,0.898,0.905,0.88,0.887,0.871,0.894,0.894,0.885,0.898
0.886,1.0,0.893,0.887,0.914,0.938,0.903,0.901,0.889,0.881,0.874,0.882,0.893,0.881,0.886,0.902,0.917,0.908,0.912,0.903,0.912,0.903,0.908,0.927,0.928,0.923,0.904,0.895,0.89,0.884,0.882,0.915,0.025,0.908,0.896,0.871,0.903,0.912,0.885,0.91,0.879,0.902,0.915,0.903,0.903,0.876,0.921,0.921,0.889,0.9
0.877,0.893,1.0,0.878,0.873,0.883,0.876,0.884,0.882,0.862,0.838,0.866,0.853,0.869,0.868,0.87,0.881,0.883,0.881,0.876,0.893,0.871,0.884,0.862,0.871,0.874,0.872,0.878,0.873,0.879,0.866,0.897,0.023,0.882,0.832,0.869,0.877,0.874,0.878,0.876,0.869,0.862,0.872,0.886,0.885,0.875,0.88,0.88,0.873,0.887
0.892,0.887,0.878,1.0,0.886,0.881,0.88,0.933,0.883,0.941,0.857,0.933,0.874,0.947,0.948,0.884,0.883,0.882,0.881,0.881,0.877,0.876,0.876,0.882,0.887,0.885,0.885,0.945,0.892,0.882,0.936,0.879,0.022,0.875,0.852,0.912,0.879,0.885,0.921,0.884,0.942,0.88,0.89,0.934,0.936,0.874,0.888,0.887,0.925,0.901
0.897,0.914,0.873,0.886,1.0,0.915,0.896,0.899,0.891,0.879,0.907,0.896,0.914,0.884,0.894,0.902,0.91,0.914,0.92,0.896,0.911,0.916,0.914,0.903,0.908,0.912,0.921,0.899,0.889,0.898,0.886,0.915,0.023,0.916,0.887,0.884,0.893,0.93,0.897,0.932,0.88,0.896,0.925,0.892,0.895,0.869,0.923,0.924,0.889,0.893
0.883,0.938,0.883,0.881,0.915,1.0,0.897,0.9,0.892,0.878,0.874,0.883,0.895,0.877,0.879,0.899,0.913,0.913,0.921,0.897,0.916,0.906,0.91,0.933,0.936,0.921,0.902,0.893,0.889,0.885,0.884,0.907,0.024,0.911,0.906,0.883,0.894,0.911,0.892,0.912,0.877,0.907,0.911,0.894,0.897,0.875,0.921,0.922,0.893,0.894
0.885,0.903,0.876,0.88,0.896,0.897,1.0,0.895,0.886,0.87,0.869,0.882,0.885,0.875,0.878,0.987,0.891,0.912,0.914,0.996,0.92,0.91,0.921,0.888,0.891,0.897,0.901,0.887,0.867,0.885,0.873,0.899,0.023,0.905,0.865,0.878,0.996,0.89,0.88,0.896,0.876,0.879,0.899,0.892,0.897,0.878,0.893,0.894,0.876,0.886
0.886,0.901,0.884,0.933,0.899,0.9,0.895,1.0,0.895,0.927,0.859,0.928,0.879,0.924,0.928,0.896,0.888,0.896,0.897,0.896,0.894,0.895,0.895,0.888,0.896,0.89,0.89,0.967,0.891,0.886,0.925,0.891,0.02,0.888,0.858,0.903,0.894,0.899,0.92,0.898,0.919,0.879,0.895,0.964,0.962,0.877,0.891,0.892,0.924,0.902
0.913,0.889,0.882,0.883,0.891,0.892,0.886,0.895,1.0,0.884,0.864,0.881,0.88,0.88,0.879,0.892,0.885,0.896,0.887,0.887,0.884,0.895,0.887,0.883,0.884,0.885,0.894,0.893,0.893,0.917,0.884,0.887,0.023,0.884,0.862,0.874,0.884,0.896,0.88,0.9,0.885,0.887,0.896,0.889,0.891,0.876,0.893,0.894,0.889,0.909
0.891,0.881,0.862,0.941,0.879,0.878,0.87,0.927,0.884,1.0,0.871,0.928,0.886,0.939,0.936,0.875,0.88,0.878,0.875,0.87,0.867,0.873,0.867,0.899,0.893,0.883,0.884,0.932,0.894,0.876,0.932,0.871,0.02,0.868,0.876,0.907,0.868,0.89,0.915,0.886,0.946,0.89,0.889,0.923,0.929,0.861,0.886,0.885,0.927,0.89
0.875,0.874,0.838,0.857,0.907,0.874,0.869,0.859,0.864,0.871,1.0,0.864,0.923,0.868,0.864,0.876,0.877,0.894,0.891,0.872,0.883,0.892,0.888,0.9,0.882,0.883,0.902,0.863,0.865,0.866,0.859,0.878,0.025,0.888,0.904,0.867,0.868,0.902,0.859,0.901,0.872,0.899,0.906,0.853,0.856,0.836,0.889,0.888,0.851,0.863
0.89,0.882,0.866,0.933,0.896,0.883,0.882,0.928,0.881,0.928,0.864,1.0,0.881,0.933,0.959,0.885,0.887,0.887,0.885,0.883,0.882,0.884,0.876,0.884,0.883,0.885,0.888,0.934,0.884,0.885,0.922,0.879,0.023,0.881,0.854,0.899,0.88,0.896,0.922,0.895,0.92,0.882,0.898,0.924,0.926,0.867,0.883,0.883,0.921,0.885
0.898,0.893,0.853,0.874,0.914,0.895,0.885,0.879,0.88,0.886,0.923,0.881,1.0,0.88,0.883,0.892,0.891,0.91,0.918,0.887,0.912,0.929,0.926,0.918,0.905,0.9,0.938,0.88,0.891,0.881,0.874,0.905,0.023,0.923,0.903,0.874,0.884,0.93,0.868,0.935,0.883,0.915,0.935,0.868,0.87,0.855,0.907,0.906,0.869,0.883
0.89,0.881,0.869,0.947,0.884,0.877,0.875,0.924,0.88,0.939,0.868,0.933,0.88,1.0,0.942,0.88,0.884,0.882,0.876,0.876,0.872,0.876,0.873,0.887,0.888,0.885,0.893,0.934,0.893,0.877,0.932,0.874,0.023,0.868,0.862,0.909,0.873,0.892,0.917,0.883,0.948,0.884,0.895,0.927,0.929,0.869,0.883,0.882,0.916,0.894
0.891,0.886,0.868,0.948,0.894,0.879,0.878,0.928,0.879,0.936,0.864,0.959,0.883,0.942,1.0,0.881,0.888,0.884,0.883,0.879,0.88,0.886,0.88,0.881,0.887,0.882,0.887,0.935,0.889,0.876,0.933,0.875,0.021,0.876,0.857,0.898,0.876,0.889,0.92,0.89,0.935,0.877,0.893,0.925,0.928,0.868,0.889,0.889,0.918,0.895
0.891,0.902,0.87,0.884,0.902,0.899,0.987,0.896,0.892,0.875,0.876,0.885,0.892,0.88,0.881,1.0,0.894,0.916,0.92,0.988,0.917,0.917,0.917,0.894,0.898,0.9,0.905,0.892,0.871,0.891,0.879,0.895,0.023,0.903,0.873,0.883,0.986,0.899,0.88,0.902,0.882,0.884,0.905,0.89,0.895,0.877,0.897,0.898,0.882,0.886
0.89,0.917,0.881,0.883,0.91,0.913,0.891,0.888,0.885,0.88,0.877,0.887,0.891,0.884,0.888,0.894,1.0,0.898,0.903,0.891,0.898,0.896,0.896,0.918,0.919,0.934,0.901,0.889,0.887,0.884,0.889,0.909,0.023,0.9,0.894,0.881,0.889,0.907,0.89,0.911,0.884,0.904,0.906,0.889,0.887,0.859,0.92,0.92,0.879,0.889
0.889,0.908,0.883,0.882,0.914,0.913,0.912,0.896,0.896,0.878,0.894,0.887,0.91,0.882,0.884,0.916,0.898,1.0,0.949,0.912,0.937,0.934,0.931,0.902,0.909,0.907,0.929,0.888,0.886,0.896,0.887,0.918,0.023,0.915,0.876,0.886,0.91,0.921,0.887,0.925,0.887,0.9,0.931,0.886,0.888,0.887,0.913,0.913,0.885,0.897
0.891,0.912,0.881,0.881,0.92,0.921,0.914,0.897,0.887,0.875,0.891,0.885,0.918,0.876,0.883,0.92,0.903,0.949,1.0,0.917,0.949,0.944,0.941,0.906,0.912,0.91,0.93,0.89,0.885,0.891,0.883,0.92,0.022,0.925,0.887,0.886,0.913,0.919,0.89,0.927,0.883,0.907,0.931,0.887,0.89,0.882,0.914,0.915,0.889,0.895
0.885,0.903,0.876,0.881,0.896,0.897,0.996,0.896,0.887,0.87,0.872,0.883,0.887,0.876,0.879,0.988,0.891,0.912,0.917,1.0,0.92,0.912,0.92,0.888,0.891,0.897,0.902,0.888,0.868,0.885,0.875,0.898,0.023,0.904,0.866,0.878,0.996,0.891,0.88,0.897,0.878,0.88,0.9,0.892,0.896,0.879,0.895,0.896,0.877,0.887
0.886,0.912,0.893,0.877,0.911,0.916,0.92,0.894,0.884,0.867,0.883,0.882,0.912,0.872,0.88,0.917,0.898,0.937,0.949,0.92,1.0,0.935,0.948,0.896,0.907,0.905,0.922,0.885,0.879,0.885,0.876,0.937,0.023,0.931,0.872,0.878,0.92,0.916,0.889,0.921,0.874,0.897,0.92,0.892,0.896,0.889,0.911,0.912,0.883,0.895
0.884,0.903,0.871,0.876,0.916,0.906,0.91,0.895,0.895,0.873,0.892,0.884,0.929,0.876,0.886,0.917,0.896,0.934,0.944,0.912,0.935,1.0,0.968,0.893,0.908,0.902,0.931,0.887,0.885,0.891,0.874,0.915,0.023,0.947,0.875,0.88,0.909,0.926,0.881,0.931,0.878,0.892,0.932,0.884,0.886,0.877,0.911,0.912,0.888,0.897
0.883,0.908,0.884,0.876,0.914,0.91,0.921,0.895,0.887,0.867,0.888,0.876,0.926,0.873,0.88,0.917,0.896,0.931,0.941,0.92,0.948,0.968,1.0,0.897,0.901,0.902,0.935,0.883,0.879,0.888,0.864,0.929,0.023,0.953,0.871,0.876,0.921,0.922,0.883,0.927,0.869,0.89,0.927,0.892,0.894,0.882,0.909,0.91,0.88,0.901
0.893,0.927,0.862,0.882,0.903,0.933,0.888,0.888,0.883,0.899,0.9,0.884,0.918,0.887,0.881,0.894,0.918,0.902,0.906,0.888,0.896,0.893,0.897,1.0,0.94,0.925,0.907,0.885,0.891,0.879,0.88,0.891,0.022,0.898,0.938,0.88,0.886,0.914,0.884,0.911,0.893,0.936,0.91,0.878,0.881,0.857,0.914,0.914,0.876,0.881
0.885,0.928,0.871,0.887,0.908,0.936,0.891,0.896,0.884,0.893,0.882,0.883,0.905,0.888,0.887,0.898,0.919,0.909,0.912,0.891,0.907,0.908,0.901,0.94,1.0,0.938,0.91,0.892,0.889,0.88,0.891,0.903,0.024,0.899,0.925,0.882,0.889,0.922,0.888,0.914,0.892,0.912,0.922,0.889,0.889,0.858,0.914,0.914,0.887,0.887
0.885,0.923,0.874,0.885,0.912,0.921,0.897,0.89,0.885,0.883,0.883,0.885,0.9,0.885,0.882,0.9,0.934,0.907,0.91,0.897,0.905,0.902,0.902,0.925,0.938,1.0,0.916,0.891,0.89,0.878,0.885,0.905,0.025,0.907,0.907,0.885,0.895,0.911,0.891,0.92,0.887,0.91,0.91,0.89,0.89,0.857,0.924,0.924,0.881,0.887
0.899,0.904,0.872,0.885,0.921,0.902,0.901,0.89,0.894,0.884,0.902,0.888,0.938,0.893,0.887,0.905,0.901,0.929,0.93,0.902,0.922,0.931,0.935,0.907,0.91,0.916,1.0,0.892,0.899,0.889,0.884,0.914,0.024,0.919,0.893,0.888,0.899,0.949,0.881,0.933,0.887,0.906,0.957,0.885,0.887,0.87,0.916,0.915,0.884,0.895
0.887,0.895,0.878,0.945,0.899,0.893,0.887,0.967,0.893,0.932,0.863,0.934,0.88,0.934,0.935,0.892,0.889,0.888,0.89,0.888,0.885,0.887,0.883,0.885,0.892,0.891,0.892,1.0,0.895,0.893,0.929,0.884,0.021,0.88,0.859,0.907,0.886,0.899,0.923,0.893,0.93,0.88,0.894,0.983,0.979,0.876,0.898,0.898,0.93,0.899
0.9,0.89,0.873,0.892,0.889,0.889,0.867,0.891,0.893,0.894,0.865,0.884,0.891,0.893,0.889,0.871,0.887,0.886,0.885,0.868,0.879,0.885,0.879,0.891,0.889,0.89,0.899,0.895,1.0,0.892,0.894,0.884,0.022,0.881,0.868,0.888,0.865,0.902,0.882,0.895,0.897,0.886,0.905,0.888,0.891,0.881,0.894,0.893,0.886,0.946
0.905,0.884,0.879,0.882,0.898,0.885,0.885,0.886,0.917,0.876,0.866,0.885,0.881,0.877,0.876,0.891,0.884,0.896,0.891,0.885,0.885,0.891,0.888,0.879,0.88,0.878,0.889,0.893,0.892,1.0,0.881,0.888,0.024,0.887,0.853,0.878,0.882,0.887,0.882,0.9,0.881,0.888,0.893,0.886,0.889,0.874,0.892,0.893,0.883,0.9
0.88,0.882,0.866,0.936,0.886,0.884,0.873,0.925,0.884,0.932,0.859,0.922,0.874,0.932,0.933,0.879,0.889,0.887,0.883,0.875,0.876,0.874,0.864,0.88,0.891,0.885,0.884,0.929,0.894,0.881,1.0,0.873,0.021,0.867,0.858,0.904,0.872,0.886,0.912,0.885,0.956,0.873,0.885,0.919,0.922,0.871,0.884,0.883,0.914,0.892
0.883,0.915,0.897,0.879,0.915,0.907,0.899,0.891,0.887,0.871,0.878,0.879,0.905,0.874,0.875,0.895,0.909,0.918,0.92,0.898,0.937,0.915,0.929,0.891,0.903,0.905,0.914,0.884,0.884,0.888,0.873,1.0,0.024,0.924,0.862,0.87,0.9,0.926,0.874,0.918,0.871,0.891,0.923,0.894,0.891,0.881,0.914,0.915,0.875,0.9
0.022,0.025,0.023,0.022,0.023,0.024,0.023,0.02,0.023,0.02,0.025,0.023,0.023,0.023,0.021,0.023,0.023,0.023,0.022,0.023,0.023,0.023,0.023,0.022,0.024,0.025,0.024,0.021,0.022,0.024,0.021,0.024,1.0,0.024,0.022,0.021,0.023,0.023,0.019,0.023,0.02,0.022,0.024,0.022,0.023,0.025,0.024,0.024,0.024,0.023
0.882,0.908,0.882,0.875,0.916,0.911,0.905,0.888,0.884,0.868,0.888,0.881,0.923,0.868,0.876,0.903,0.9,0.915,0.925,0.904,0.931,0.947,0.953,0.898,0.899,0.907,0.919,0.88,0.881,0.887,0.867,0.924,0.024,1.0,0.872,0.88,0.904,0.916,0.883,0.925,0.866,0.895,0.924,0.884,0.887,0.875,0.906,0.907,0.883,0.896
0.869,0.896,0.832,0.852,0.887,0.906,0.865,0.858,0.862,0.876,0.904,0.854,0.903,0.862,0.857,0.873,0.894,0.876,0.887,0.866,0.872,0.875,0.871,0.938,0.925,0.907,0.893,0.859,0.868,0.853,0.858,0.862,0.022,0.872,1.0,0.861,0.863,0.892,0.86,0.89,0.871,0.917,0.895,0.854,0.855,0.829,0.893,0.893,0.849,0.852
0.886,0.871,0.869,0.912,0.884,0.883,0.878,0.903,0.874,0.907,0.867,0.899,0.874,0.909,0.898,0.883,0.881,0.886,0.886,0.878,0.878,0.88,0.876,0.88,0.882,0.885,0.888,0.907,0.888,0.878,0.904,0.87,0.021,0.88,0.861,1.0,0.875,0.88,0.916,0.883,0.907,0.878,0.886,0.898,0.898,0.859,0.882,0.881,0.904,0.884
0.883,0.903,0.877,0.879,0.893,0.894,0.996,0.894,0.884,0.868,0.868,0.88,0.884,0.873,0.876,0.986,0.889,0.91,0.913,0.996,0.92,0.909,0.921,0.886,0.889,0.895,0.899,0.886,0.865,0.882,0.872,0.9,0.023,0.904,0.863,0.875,1.0,0.889,0.877,0.895,0.875,0.877,0.897,0.892,0.897,0.88,0.892,0.893,0.876,0.883
0.905,0.912,0.874,0.885,0.93,0.911,0.89,0.899,0.896,0.89,0.902,0.896,0.93,0.892,0.889,0.899,0.907,0.921,0.919,0.891,0.916,0.926,0.922,0.914,0.922,0.911,0.949,0.899,0.902,0.887,0.886,0.926,0.023,0.916,0.892,0.88,0.889,1.0,0.883,0.937,0.892,0.912,0.962,0.893,0.894,0.868,0.919,0.918,0.887,0.893
0.883,0.885,0.878,0.921,0.897,0.892,0.88,0.92,0.88,0.915,0.859,0.922,0.868,0.917,0.92,0.88,0.89,0.887,0.89,0.88,0.889,0.881,0.883,0.884,0.888,0.891,0.881,0.923,0.882,0.882,0.912,0.874,0.019,0.883,0.86,0.916,0.877,0.883,1.0,0.89,0.912,0.88,0.887,0.918,0.918,0.869,0.891,0.89,0.914,0.892
0.903,0.91,0.876,0.884,0.932,0.912,0.896,0.898,0.9,0.886,0.901,0.895,0.935,0.883,0.89,0.902,0.911,0.925,0.927,0.897,0.921,0.931,0.927,0.911,0.914,0.92,0.933,0.893,0.895,0.9,0.885,0.918,0.023,0.925,0.89,0.883,0.895,0.937,0.89,1.0,0.885,0.908,0.943,0.887,0.892,0.876,0.927,0.927,0.887,0.897
0.89,0.879,0.869,0.942,0.88,0.877,0.876,0.919,0.885,0.946,0.872,0.92,0.883,0.948,0.935,0.882,0.884,0.887,0.883,0.878,0.874,0.878,0.869,0.893,0.892,0.887,0.887,0.93,0.897,0.881,0.956,0.871,0.02,0.866,0.871,0.907,0.875,0.892,0.912,0.885,1.0,0.885,0.89,0.924,0.925,0.867,0.882,0.881,0.916,0.893
0.898,0.902,0.862,0.88,0.896,0.907,0.879,0.879,0.887,0.89,0.899,0.882,0.915,0.884,0.877,0.884,0.904,0.9,0.907,0.88,0.897,0.892,0.89,0.936,0.912,0.91,0.906,0.88,0.886,0.888,0.873,0.891,0.022,0.895,0.917,0.878,0.877,0.912,0.88,0.908,0.885,1.0,0.913,0.87,0.874,0.86,0.919,0.919,0.87,0.876
0.905,0.915,0.872,0.89,0.925,0.911,0.899,0.895,0.896,0.889,0.906,0.898,0.935,0.895,0.893,0.905,0.906,0.931,0.931,0.9,0.92,0.932,0.927,0.91,0.922,0.91,0.957,0.894,0.905,0.893,0.885,0.923,0.024,0.924,0.895,0.886,0.897,0.962,0.887,0.943,0.89,0.913,1.0,0.889,0.893,0.871,0.922,0.922,0.886,0.9
0.88,0.903,0.886,0.934,0.892,0.894,0.892,0.964,0.889,0.923,0.853,0.924,0.868,0.927,0.925,0.89,0.889,0.886,0.887,0.892,0.892,0.884,0.892,0.878,0.889,0.89,0.885,0.983,0.888,0.886,0.919,0.894,0.022,0.884,0.854,0.898,0.892,0.893,0.918,0.887,0.924,0.87,0.889,1.0,0.987,0.884,0.887,0.888,0.929,0.901
0.887,0.903,0.885,0.936,0.895,0.897,0.897,0.962,0.891,0.929,0.856,0.926,0.87,0.929,0.928,0.895,0.887,0.888,0.89,0.896,0.896,0.886,0.894,0.881,0.889,0.89,0.887,0.979,0.891,0.889,0.922,0.891,0.023,0.887,0.855,0.898,0.897,0.894,0.918,0.892,0.925,0.874,0.893,0.987,1.0,0.887,0.893,0.894,0.932,0.902
0.871,0.876,0.875,0.874,0.869,0.875,0.878,0.877,0.876,0.861,0.836,0.867,0.855,0.869,0.868,0.877,0.859,0.887,0.882,0.879,0.889,0.877,0.882,0.857,0.858,0.857,0.87,0.876,0.881,0.874,0.871,0.881,0.025,0.875,0.829,0.859,0.88,0.868,0.869,0.876,0.867,0.86,0.871,0.884,0.887,1.0,0.878,0.878,0.875,0.894
0.894,0.921,0.88,0.888,0.923,0.921,0.893,0.891,0.893,0.886,0.889,0.883,0.907,0.883,0.889,0.897,0.92,0.913,0.914,0.895,0.911,0.911,0.909,0.914,0.914,0.924,0.916,0.898,0.894,0.892,0.884,0.914,0.024,0.906,0.893,0.882,0.892,0.919,0.891,0.927,0.882,0.919,0.922,0.887,0.893,0.878,1.0,0.999,0.887,0.902
0.894,0.921,0.88,0.887,0.924,0.922,0.894,0.892,0.894,0.885,0.888,0.883,0.906,0.882,0.889,0.898,0.92,0.913,0.915,0.896,0.912,0.912,0.91,0.914,0.914,0.924,0.915,0.898,0.893,0.893,0.883,0.915,0.024,0.907,0.893,0.881,0.893,0.918,0.89,0.927,0.881,0.919,0.922,0.888,0.894,0.878,0.999,1.0,0.887,0.902
0.885,0.889,0.873,0.925,0.889,0.893,0.876,0.924,0.889,0.927,0.851,0.921,0.869,0.916,0.918,0.882,0.879,0.885,0.889,0.877,0.883,0.888,0.88,0.876,0.887,0.881,0.884,0.93,0.886,0.883,0.914,0.875,0.024,0.883,0.849,0.904,0.876,0.887,0.914,0.887,0.916,0.87,0.886,0.929,0.932,0.875,0.887,0.887,1.0,0.892
0.898,0.9,0.887,0.901,0.893,0.894,0.886,0.902,0.909,0.89,0.863,0.885,0.883,0.894,0.895,0.886,0.889,0.897,0.895,0.887,0.895,0.897,0.901,0.881,0.887,0.887,0.895,0.899,0.946,0.9,0.892,0.9,0.023,0.896,0.852,0.884,0.883,0.893,0.892,0.897,0.893,0.876,0.9,0.901,0.902,0.894,0.902,0.902,0.892,1.0
