GCF_000163235.1_ASM16323v1_genomic.fna,GCF_000164555.1_ASM16455v1_genomic.fna,GCF_000208545.1_ASM20854v2_genomic.fna,GCF_000233875.1_ASM23387v1_genomic.fna,GCF_000249735.1_ASM24973v2_genomic.fna,GCF_000261145.1_Esch_coli_M919_V2_genomic.fna,GCF_000267705.2_ASM26770v2_genomic.fna,GCF_000350665.1_Esch_coli_KTE5_V1_genomic.fna,GCF_000351625.1_Esch_coli_KTE66_V1_genomic.fna,GCF_000352285.1_Esch_coli_KTE46_V1_genomic.fna,GCF_000358895.1_ASM35889v1_genomic.fna,GCF_000456385.1_Esch_coli_HVH_26_4-5703913_V1_genomic.fna,GCF_000458195.1_Esch_coli_HVH_147_4-5893887_V1_genomic.fna,GCF_000459755.1_Esch_coli_KOEGE_58_171a_V1_genomic.fna,GCF_000460055.1_Esch_coli_UMEA_3053-1_V1_genomic.fna,GCF_000462165.2_ASM46216v2_genomic.fna,GCF_000601135.1_ASM60113v1_genomic.fna,GCF_000614595.1_Ec2010EL1058_genomic.fna,GCF_000617745.1_Ec2010C-4529_genomic.fna,GCF_000618265.2_EcF6751_genomic.fna,GCF_000619005.2_Ec2009C-4052_genomic.fna,GCF_000619105.1_Ec2009C-4780_genomic.fna,GCF_000619765.2_Ec2009C-3279_genomic.fna,GCF_000687005.1_ASM68700v1_genomic.fna,GCF_000687025.1_ASM68702v1_genomic.fna,GCF_000700125.1_ASM70012v1_genomic.fna,GCF_000753315.1_FHI35_genomic.fna,GCF_000776375.1_ASM77637v1_genomic.fna,GCF_000779395.1_ASM77939v1_genomic.fna,GCF_000780315.1_ASM78031v1_genomic.fna,GCF_000781995.1_ASM78199v1_genomic.fna,GCF_000986765.1_ASM98676v1_genomic.fna,GCF_001041375.1_ViralProj287958_genomic.fna,GCF_001265335.1_302014_genomic.fna,GCF_001265625.1_100854_genomic.fna,GCF_001267345.1_303289_genomic.fna,GCF_001309985.1_ASM130998v1_genomic.fna,GCF_001521695.1_ASM152169v1_genomic.fna,GCF_001592595.1_ASM159259v1_genomic.fna,GCF_001614975.1_ASM161497v1_genomic.fna,GCF_001692775.1_ASM169277v1_genomic.fna,GCF_001748915.1_ASM174891v1_genomic.fna,GCF_001749235.1_ASM174923v1_genomic.fna,GCF_001881155.1_ASM188115v1_genomic.fna,GCF_001881345.1_ASM188134v1_genomic.fna,GCF_001892405.1_ASM189240v1_genomic.fna,GCF_001892585.1_ASM189258v1_genomic.fna,GCF_001893985.1_ASM189398v1_genomic.fna,GCF_002001595.1_ASM200159v1_genomic.fna,GCF_002002145.1_ASM200214v1_genomic.fna
1.0,0.487,0.399,0.416,0.453,0.461,0.448,0.419,0.578,0.429,0.449,0.44,0.463,0.408,0.405,0.457,0.467,0.457,0.456,0.441,0.445,0.476,0.479,0.472,0.472,0.474,0.454,0.412,0.503,0.553,0.407,0.462,0.0,0.468,0.446,0.426,0.445,0.463,0.432,0.475,0.413,0.449,0.46,0.402,0.421,0.456,0.46,0.461,0.398,0.511
0.487,1.0,0.347,0.438,0.601,0.781,0.514,0.438,0.465,0.438,0.595,0.457,0.625,0.425,0.421,0.524,0.723,0.606,0.608,0.505,0.586,0.618,0.614,0.805,0.827,0.723,0.604,0.438,0.453,0.456,0.422,0.627,0.0,0.605,0.762,0.418,0.51,0.62,0.424,0.629,0.421,0.673,0.616,0.438,0.437,0.417,0.687,0.687,0.433,0.451
0.399,0.347,1.0,0.324,0.309,0.333,0.322,0.317,0.367,0.318,0.312,0.329,0.335,0.315,0.316,0.324,0.347,0.33,0.316,0.315,0.317,0.335,0.338,0.335,0.338,0.337,0.323,0.318,0.391,0.376,0.319,0.34,0.0,0.334,0.308,0.317,0.318,0.327,0.334,0.333,0.324,0.322,0.33,0.315,0.312,0.33,0.345,0.345,0.325,0.384
0.416,0.438,0.324,1.0,0.4,0.409,0.379,0.682,0.417,0.742,0.415,0.715,0.433,0.758,0.746,0.385,0.412,0.412,0.41,0.374,0.386,0.414,0.419,0.429,0.432,0.409,0.413,0.726,0.479,0.4,0.701,0.418,0.0,0.401,0.407,0.609,0.377,0.424,0.65,0.42,0.713,0.392,0.415,0.707,0.704,0.41,0.397,0.398,0.663,0.456
0.453,0.601,0.309,0.4,1.0,0.601,0.53,0.406,0.429,0.401,0.728,0.409,0.653,0.399,0.409,0.527,0.595,0.63,0.633,0.524,0.653,0.641,0.654,0.586,0.601,0.588,0.66,0.396,0.431,0.412,0.4,0.673,0.0,0.656,0.573,0.395,0.528,0.677,0.419,0.655,0.409,0.613,0.685,0.396,0.407,0.411,0.62,0.622,0.403,0.432
0.461,0.781,0.333,0.409,0.601,1.0,0.518,0.421,0.441,0.407,0.586,0.413,0.618,0.401,0.401,0.528,0.687,0.596,0.591,0.51,0.578,0.606,0.61,0.77,0.807,0.685,0.601,0.415,0.457,0.433,0.4,0.614,0.0,0.613,0.746,0.406,0.514,0.612,0.436,0.616,0.402,0.669,0.603,0.4,0.401,0.4,0.662,0.664,0.394,0.459
0.448,0.514,0.322,0.379,0.53,0.518,1.0,0.38,0.441,0.368,0.507,0.389,0.518,0.381,0.39,0.958,0.505,0.545,0.537,0.979,0.566,0.55,0.574,0.514,0.517,0.508,0.517,0.372,0.422,0.417,0.375,0.546,0.0,0.532,0.488,0.404,0.984,0.512,0.405,0.523,0.375,0.519,0.52,0.373,0.376,0.4,0.509,0.51,0.368,0.431
0.419,0.438,0.317,0.682,0.406,0.421,0.38,1.0,0.405,0.684,0.391,0.695,0.408,0.69,0.693,0.388,0.397,0.398,0.395,0.376,0.389,0.407,0.417,0.405,0.418,0.407,0.403,0.904,0.457,0.393,0.705,0.417,0.0,0.4,0.377,0.586,0.378,0.448,0.65,0.411,0.711,0.398,0.413,0.889,0.872,0.422,0.415,0.414,0.628,0.471
0.578,0.465,0.367,0.417,0.429,0.441,0.441,0.405,1.0,0.422,0.452,0.419,0.461,0.421,0.407,0.449,0.438,0.454,0.454,0.436,0.445,0.471,0.463,0.456,0.453,0.46,0.462,0.408,0.489,0.583,0.415,0.449,0.0,0.448,0.428,0.425,0.438,0.443,0.416,0.478,0.408,0.441,0.461,0.392,0.396,0.442,0.445,0.446,0.4,0.49
0.429,0.438,0.318,0.742,0.401,0.407,0.368,0.684,0.422,1.0,0.424,0.685,0.438,0.713,0.681,0.375,0.411,0.404,0.403,0.363,0.38,0.404,0.399,0.429,0.422,0.413,0.412,0.699,0.477,0.404,0.731,0.402,0.0,0.392,0.405,0.623,0.365,0.412,0.663,0.416,0.727,0.384,0.41,0.676,0.692,0.399,0.397,0.398,0.671,0.448
0.449,0.595,0.312,0.415,0.728,0.586,0.507,0.391,0.452,0.424,1.0,0.403,0.724,0.413,0.394,0.514,0.6,0.661,0.663,0.499,0.637,0.673,0.659,0.635,0.612,0.607,0.695,0.394,0.441,0.438,0.397,0.651,0.0,0.652,0.618,0.424,0.503,0.666,0.41,0.701,0.396,0.589,0.696,0.381,0.386,0.379,0.597,0.598,0.418,0.431
0.44,0.457,0.329,0.715,0.409,0.413,0.389,0.695,0.419,0.685,0.403,1.0,0.414,0.728,0.856,0.393,0.406,0.406,0.402,0.383,0.39,0.42,0.42,0.412,0.425,0.407,0.403,0.724,0.473,0.403,0.688,0.422,0.0,0.405,0.384,0.606,0.386,0.432,0.67,0.411,0.709,0.386,0.419,0.704,0.709,0.423,0.409,0.409,0.627,0.468
0.463,0.625,0.335,0.433,0.653,0.618,0.518,0.408,0.461,0.438,0.724,0.414,1.0,0.423,0.409,0.529,0.628,0.72,0.723,0.512,0.709,0.776,0.763,0.654,0.632,0.625,0.76,0.412,0.447,0.453,0.414,0.709,0.0,0.751,0.62,0.428,0.515,0.726,0.413,0.77,0.414,0.615,0.758,0.392,0.392,0.39,0.616,0.617,0.425,0.441
0.408,0.425,0.315,0.758,0.399,0.401,0.381,0.69,0.421,0.713,0.413,0.728,0.423,1.0,0.752,0.385,0.402,0.405,0.405,0.376,0.38,0.414,0.41,0.408,0.415,0.402,0.417,0.73,0.474,0.399,0.725,0.413,0.0,0.4,0.385,0.61,0.378,0.421,0.649,0.412,0.732,0.389,0.416,0.704,0.704,0.412,0.397,0.397,0.653,0.461
0.405,0.421,0.316,0.746,0.409,0.401,0.39,0.693,0.407,0.681,0.394,0.856,0.409,0.752,1.0,0.391,0.394,0.396,0.394,0.385,0.385,0.411,0.419,0.389,0.405,0.395,0.402,0.727,0.456,0.381,0.722,0.415,0.0,0.402,0.372,0.602,0.388,0.429,0.669,0.404,0.737,0.38,0.414,0.707,0.704,0.418,0.411,0.412,0.634,0.481
0.457,0.524,0.324,0.385,0.527,0.528,0.958,0.388,0.449,0.375,0.514,0.393,0.529,0.385,0.391,1.0,0.515,0.539,0.54,0.955,0.555,0.553,0.57,0.522,0.527,0.515,0.524,0.38,0.425,0.426,0.38,0.545,0.0,0.535,0.494,0.408,0.958,0.521,0.406,0.53,0.383,0.526,0.527,0.381,0.384,0.401,0.515,0.516,0.375,0.436
0.467,0.723,0.347,0.412,0.595,0.687,0.505,0.397,0.438,0.411,0.6,0.406,0.628,0.402,0.394,0.515,1.0,0.587,0.584,0.497,0.563,0.61,0.602,0.736,0.734,0.749,0.6,0.4,0.447,0.436,0.394,0.619,0.0,0.598,0.684,0.417,0.499,0.584,0.411,0.622,0.39,0.644,0.602,0.388,0.399,0.379,0.677,0.678,0.403,0.437
0.457,0.606,0.33,0.412,0.63,0.596,0.545,0.398,0.454,0.404,0.661,0.406,0.72,0.405,0.396,0.539,0.587,1.0,0.754,0.538,0.7,0.74,0.727,0.61,0.607,0.592,0.704,0.399,0.43,0.44,0.402,0.672,0.0,0.688,0.576,0.433,0.54,0.659,0.421,0.709,0.398,0.591,0.69,0.385,0.39,0.379,0.592,0.594,0.394,0.432
0.456,0.608,0.316,0.41,0.633,0.591,0.537,0.395,0.454,0.403,0.663,0.402,0.723,0.405,0.394,0.54,0.584,0.754,1.0,0.528,0.703,0.748,0.733,0.609,0.607,0.584,0.722,0.394,0.425,0.44,0.399,0.687,0.0,0.697,0.588,0.422,0.53,0.675,0.417,0.726,0.394,0.572,0.709,0.381,0.385,0.381,0.579,0.582,0.402,0.428
0.441,0.505,0.315,0.374,0.524,0.51,0.979,0.376,0.436,0.363,0.499,0.383,0.512,0.376,0.385,0.955,0.497,0.538,0.528,1.0,0.559,0.543,0.564,0.506,0.511,0.502,0.511,0.368,0.414,0.41,0.371,0.537,0.0,0.523,0.482,0.402,0.99,0.505,0.397,0.516,0.371,0.51,0.514,0.369,0.372,0.4,0.501,0.502,0.363,0.423
0.445,0.586,0.317,0.386,0.653,0.578,0.566,0.389,0.445,0.38,0.637,0.39,0.709,0.38,0.385,0.555,0.563,0.7,0.703,0.559,1.0,0.734,0.755,0.584,0.576,0.574,0.709,0.386,0.405,0.427,0.38,0.71,0.0,0.717,0.551,0.401,0.561,0.692,0.403,0.701,0.389,0.581,0.707,0.384,0.387,0.392,0.606,0.607,0.382,0.423
0.476,0.618,0.335,0.414,0.641,0.606,0.55,0.407,0.471,0.404,0.673,0.42,0.776,0.414,0.411,0.553,0.61,0.74,0.748,0.543,0.734,1.0,0.924,0.611,0.612,0.606,0.739,0.41,0.431,0.446,0.405,0.712,0.0,0.872,0.578,0.43,0.545,0.708,0.427,0.738,0.403,0.581,0.745,0.397,0.399,0.394,0.601,0.602,0.405,0.441
0.479,0.614,0.338,0.419,0.654,0.61,0.574,0.417,0.463,0.399,0.659,0.42,0.763,0.41,0.419,0.57,0.602,0.727,0.733,0.564,0.755,0.924,1.0,0.604,0.604,0.6,0.727,0.414,0.436,0.436,0.402,0.729,0.0,0.869,0.572,0.428,0.567,0.719,0.431,0.723,0.405,0.593,0.73,0.408,0.409,0.4,0.609,0.61,0.406,0.448
0.472,0.805,0.335,0.429,0.586,0.77,0.514,0.405,0.456,0.429,0.635,0.412,0.654,0.408,0.389,0.522,0.736,0.61,0.609,0.506,0.584,0.611,0.604,1.0,0.818,0.718,0.613,0.399,0.448,0.454,0.401,0.613,0.0,0.598,0.801,0.426,0.51,0.58,0.406,0.631,0.401,0.673,0.605,0.385,0.393,0.384,0.669,0.67,0.409,0.435
0.472,0.827,0.338,0.432,0.601,0.807,0.517,0.418,0.453,0.422,0.612,0.425,0.632,0.415,0.405,0.527,0.734,0.607,0.607,0.511,0.576,0.612,0.604,0.818,1.0,0.747,0.616,0.418,0.455,0.447,0.405,0.63,0.0,0.596,0.787,0.411,0.515,0.605,0.425,0.637,0.403,0.673,0.613,0.417,0.411,0.396,0.673,0.674,0.419,0.44
0.474,0.723,0.337,0.409,0.588,0.685,0.508,0.407,0.46,0.413,0.607,0.407,0.625,0.402,0.395,0.515,0.749,0.592,0.584,0.502,0.574,0.606,0.6,0.718,0.747,1.0,0.608,0.404,0.441,0.442,0.396,0.601,0.0,0.586,0.678,0.415,0.504,0.585,0.407,0.627,0.397,0.668,0.597,0.403,0.395,0.391,0.672,0.672,0.418,0.438
0.454,0.604,0.323,0.413,0.66,0.601,0.517,0.403,0.462,0.412,0.695,0.403,0.76,0.417,0.402,0.524,0.6,0.704,0.722,0.511,0.709,0.739,0.727,0.613,0.616,0.608,1.0,0.401,0.428,0.442,0.408,0.718,0.0,0.718,0.575,0.419,0.512,0.791,0.41,0.757,0.402,0.588,0.834,0.389,0.386,0.386,0.588,0.59,0.415,0.43
0.412,0.438,0.318,0.726,0.396,0.415,0.372,0.904,0.408,0.699,0.394,0.724,0.412,0.73,0.727,0.38,0.4,0.399,0.394,0.368,0.386,0.41,0.414,0.399,0.418,0.404,0.401,1.0,0.46,0.391,0.718,0.414,0.0,0.396,0.377,0.6,0.37,0.431,0.659,0.406,0.735,0.391,0.411,0.946,0.927,0.409,0.406,0.407,0.64,0.465
0.503,0.453,0.391,0.479,0.431,0.457,0.422,0.457,0.489,0.477,0.441,0.473,0.447,0.474,0.456,0.425,0.447,0.43,0.425,0.414,0.405,0.431,0.436,0.448,0.455,0.441,0.428,0.46,1.0,0.493,0.458,0.439,0.0,0.431,0.435,0.472,0.418,0.434,0.462,0.444,0.45,0.419,0.43,0.443,0.448,0.532,0.432,0.433,0.468,0.811
0.553,0.456,0.376,0.4,0.412,0.433,0.417,0.393,0.583,0.404,0.438,0.403,0.453,0.399,0.381,0.426,0.436,0.44,0.44,0.41,0.427,0.446,0.436,0.454,0.447,0.442,0.442,0.391,0.493,1.0,0.394,0.435,0.0,0.423,0.42,0.423,0.413,0.426,0.4,0.466,0.397,0.414,0.435,0.377,0.377,0.448,0.427,0.427,0.394,0.488
0.407,0.422,0.319,0.701,0.4,0.4,0.375,0.705,0.415,0.731,0.397,0.688,0.414,0.725,0.722,0.38,0.394,0.402,0.399,0.371,0.38,0.405,0.402,0.401,0.405,0.396,0.408,0.718,0.458,0.394,1.0,0.405,0.0,0.394,0.377,0.594,0.373,0.418,0.655,0.404,0.892,0.388,0.413,0.696,0.695,0.409,0.401,0.402,0.64,0.466
0.462,0.627,0.34,0.418,0.673,0.614,0.546,0.417,0.449,0.402,0.651,0.422,0.709,0.413,0.415,0.545,0.619,0.672,0.687,0.537,0.71,0.712,0.729,0.613,0.63,0.601,0.718,0.414,0.439,0.435,0.405,1.0,0.0,0.707,0.569,0.408,0.542,0.728,0.428,0.722,0.407,0.623,0.729,0.413,0.416,0.402,0.631,0.632,0.402,0.431
0.0,0.0,0.0,0.0,0.0,0.0,0.0,0.0,0.0,0.0,0.0,0.0,0.0,0.0,0.0,0.0,0.0,0.0,0.0,0.0,0.0,0.0,0.0,0.0,0.0,0.0,0.0,0.0,0.0,0.0,0.0,0.0,1.0,0.0,0.0,0.0,0.0,0.0,0.0,0.0,0.0,0.0,0.0,0.0,0.0,0.0,0.0,0.0,0.0,0.0
0.468,0.605,0.334,0.401,0.656,0.613,0.532,0.4,0.448,0.392,0.652,0.405,0.751,0.4,0.402,0.535,0.598,0.688,0.697,0.523,0.717,0.872,0.869,0.598,0.596,0.586,0.718,0.396,0.431,0.423,0.394,0.707,0.0,1.0,0.576,0.423,0.526,0.705,0.422,0.713,0.395,0.587,0.732,0.388,0.395,0.389,0.603,0.604,0.393,0.444
0.446,0.762,0.308,0.407,0.573,0.746,0.488,0.377,0.428,0.405,0.618,0.384,0.62,0.385,0.372,0.494,0.684,0.576,0.588,0.482,0.551,0.578,0.572,0.801,0.787,0.678,0.575,0.377,0.435,0.42,0.377,0.569,0.0,0.576,1.0,0.402,0.484,0.558,0.392,0.599,0.374,0.642,0.578,0.364,0.37,0.37,0.632,0.633,0.392,0.418
0.426,0.418,0.317,0.609,0.395,0.406,0.404,0.586,0.425,0.623,0.424,0.606,0.428,0.61,0.602,0.408,0.417,0.433,0.422,0.402,0.401,0.43,0.428,0.426,0.411,0.415,0.419,0.6,0.472,0.423,0.594,0.408,0.0,0.423,0.402,1.0,0.4,0.403,0.61,0.426,0.592,0.391,0.415,0.581,0.584,0.405,0.402,0.403,0.612,0.456
0.445,0.51,0.318,0.377,0.528,0.514,0.984,0.378,0.438,0.365,0.503,0.386,0.515,0.378,0.388,0.958,0.499,0.54,0.53,0.99,0.561,0.545,0.567,0.51,0.515,0.504,0.512,0.37,0.418,0.413,0.373,0.542,0.0,0.526,0.484,0.4,1.0,0.508,0.399,0.52,0.373,0.515,0.515,0.371,0.374,0.4,0.506,0.507,0.364,0.426
0.463,0.62,0.327,0.424,0.677,0.612,0.512,0.448,0.443,0.412,0.666,0.432,0.726,0.421,0.429,0.521,0.584,0.659,0.675,0.505,0.692,0.708,0.719,0.58,0.605,0.585,0.791,0.431,0.434,0.426,0.418,0.728,0.0,0.705,0.558,0.403,0.508,1.0,0.431,0.723,0.424,0.603,0.838,0.425,0.415,0.404,0.623,0.623,0.415,0.439
0.432,0.424,0.334,0.65,0.419,0.436,0.405,0.65,0.416,0.663,0.41,0.67,0.413,0.649,0.669,0.406,0.411,0.421,0.417,0.397,0.403,0.427,0.431,0.406,0.425,0.407,0.41,0.659,0.462,0.4,0.655,0.428,0.0,0.422,0.392,0.61,0.399,0.431,1.0,0.417,0.663,0.396,0.424,0.644,0.652,0.406,0.407,0.408,0.617,0.462
0.475,0.629,0.333,0.42,0.655,0.616,0.523,0.411,0.478,0.416,0.701,0.411,0.77,0.412,0.404,0.53,0.622,0.709,0.726,0.516,0.701,0.738,0.723,0.631,0.637,0.627,0.757,0.406,0.444,0.466,0.404,0.722,0.0,0.713,0.599,0.426,0.52,0.723,0.417,1.0,0.402,0.603,0.75,0.394,0.4,0.401,0.633,0.634,0.41,0.45
0.413,0.421,0.324,0.713,0.409,0.402,0.375,0.711,0.408,0.727,0.396,0.709,0.414,0.732,0.737,0.383,0.39,0.398,0.394,0.371,0.389,0.403,0.405,0.401,0.403,0.397,0.402,0.735,0.45,0.397,0.892,0.407,0.0,0.395,0.374,0.592,0.373,0.424,0.663,0.402,1.0,0.393,0.407,0.722,0.719,0.408,0.404,0.405,0.637,0.46
0.449,0.673,0.322,0.392,0.613,0.669,0.519,0.398,0.441,0.384,0.589,0.386,0.615,0.389,0.38,0.526,0.644,0.591,0.572,0.51,0.581,0.581,0.593,0.673,0.673,0.668,0.588,0.391,0.419,0.414,0.388,0.623,0.0,0.587,0.642,0.391,0.515,0.603,0.396,0.603,0.393,1.0,0.614,0.39,0.391,0.386,0.707,0.707,0.385,0.42
0.46,0.616,0.33,0.415,0.685,0.603,0.52,0.413,0.461,0.41,0.696,0.419,0.758,0.416,0.414,0.527,0.602,0.69,0.709,0.514,0.707,0.745,0.73,0.605,0.613,0.597,0.834,0.411,0.43,0.435,0.413,0.729,0.0,0.732,0.578,0.415,0.515,0.838,0.424,0.75,0.407,0.614,1.0,0.399,0.403,0.392,0.609,0.611,0.413,0.437
0.402,0.438,0.315,0.707,0.396,0.4,0.373,0.889,0.392,0.676,0.381,0.704,0.392,0.704,0.707,0.381,0.388,0.385,0.381,0.369,0.384,0.397,0.408,0.385,0.417,0.403,0.389,0.946,0.443,0.377,0.696,0.413,0.0,0.388,0.364,0.581,0.371,0.425,0.644,0.394,0.722,0.39,0.399,1.0,0.954,0.411,0.399,0.4,0.635,0.45
0.421,0.437,0.312,0.704,0.407,0.401,0.376,0.872,0.396,0.692,0.386,0.709,0.392,0.704,0.704,0.384,0.399,0.39,0.385,0.372,0.387,0.399,0.409,0.393,0.411,0.395,0.386,0.927,0.448,0.377,0.695,0.416,0.0,0.395,0.37,0.584,0.374,0.415,0.652,0.4,0.719,0.391,0.403,0.954,1.0,0.415,0.408,0.409,0.624,0.449
0.456,0.417,0.33,0.41,0.411,0.4,0.4,0.422,0.442,0.399,0.379,0.423,0.39,0.412,0.418,0.401,0.379,0.379,0.381,0.4,0.392,0.394,0.4,0.384,0.396,0.391,0.386,0.409,0.532,0.448,0.409,0.402,0.0,0.389,0.37,0.405,0.4,0.404,0.406,0.401,0.408,0.386,0.392,0.411,0.415,1.0,0.433,0.431,0.4,0.601
0.46,0.687,0.345,0.397,0.62,0.662,0.509,0.415,0.445,0.397,0.597,0.409,0.616,0.397,0.411,0.515,0.677,0.592,0.579,0.501,0.606,0.601,0.609,0.669,0.673,0.672,0.588,0.406,0.432,0.427,0.401,0.631,0.0,0.603,0.632,0.402,0.506,0.623,0.407,0.633,0.404,0.707,0.609,0.399,0.408,0.433,1.0,0.997,0.4,0.454
0.461,0.687,0.345,0.398,0.622,0.664,0.51,0.414,0.446,0.398,0.598,0.409,0.617,0.397,0.412,0.516,0.678,0.594,0.582,0.502,0.607,0.602,0.61,0.67,0.674,0.672,0.59,0.407,0.433,0.427,0.402,0.632,0.0,0.604,0.633,0.403,0.507,0.623,0.408,0.634,0.405,0.707,0.611,0.4,0.409,0.431,0.997,1.0,0.401,0.455
0.398,0.433,0.325,0.663,0.403,0.394,0.368,0.628,0.4,0.671,0.418,0.627,0.425,0.653,0.634,0.375,0.403,0.394,0.402,0.363,0.382,0.405,0.406,0.409,0.419,0.418,0.415,0.64,0.468,0.394,0.64,0.402,0.0,0.393,0.392,0.612,0.364,0.415,0.617,0.41,0.637,0.385,0.413,0.635,0.624,0.4,0.4,0.401,1.0,0.451
0.511,0.451,0.384,0.456,0.432,0.459,0.431,0.471,0.49,0.448,0.431,0.468,0.441,0.461,0.481,0.436,0.437,0.432,0.428,0.423,0.423,0.441,0.448,0.435,0.44,0.438,0.43,0.465,0.811,0.488,0.466,0.431,0.0,0.444,0.418,0.456,0.426,0.439,0.462,0.45,0.46,0.42,0.437,0.45,0.449,0.601,0.454,0.455,0.451,1.0
