GCF_000163235.1_ASM16323v1_genomic.fna,GCF_000164555.1_ASM16455v1_genomic.fna,GCF_000208545.1_ASM20854v2_genomic.fna,GCF_000233875.1_ASM23387v1_genomic.fna,GCF_000249735.1_ASM24973v2_genomic.fna,GCF_000261145.1_Esch_coli_M919_V2_genomic.fna,GCF_000267705.2_ASM26770v2_genomic.fna,GCF_000350665.1_Esch_coli_KTE5_V1_genomic.fna,GCF_000351625.1_Esch_coli_KTE66_V1_genomic.fna,GCF_000352285.1_Esch_coli_KTE46_V1_genomic.fna,GCF_000358895.1_ASM35889v1_genomic.fna,GCF_000456385.1_Esch_coli_HVH_26_4-5703913_V1_genomic.fna,GCF_000458195.1_Esch_coli_HVH_147_4-5893887_V1_genomic.fna,GCF_000459755.1_Esch_coli_KOEGE_58_171a_V1_genomic.fna,GCF_000460055.1_Esch_coli_UMEA_3053-1_V1_genomic.fna,GCF_000462165.2_ASM46216v2_genomic.fna,GCF_000601135.1_ASM60113v1_genomic.fna,GCF_000614595.1_Ec2010EL1058_genomic.fna,GCF_000617745.1_Ec2010C-4529_genomic.fna,GCF_000618265.2_EcF6751_genomic.fna,GCF_000619005.2_Ec2009C-4052_genomic.fna,GCF_000619105.1_Ec2009C-4780_genomic.fna,GCF_000619765.2_Ec2009C-3279_genomic.fna,GCF_000687005.1_ASM68700v1_genomic.fna,GCF_000687025.1_ASM68702v1_genomic.fna,GCF_000700125.1_ASM70012v1_genomic.fna,GCF_000753315.1_FHI35_genomic.fna,GCF_000776375.1_ASM77637v1_genomic.fna,GCF_000779395.1_ASM77939v1_genomic.fna,GCF_000780315.1_ASM78031v1_genomic.fna,GCF_000781995.1_ASM78199v1_genomic.fna,GCF_000986765.1_ASM98676v1_genomic.fna,GCF_001041375.1_ViralProj287958_genomic.fna,GCF_001265335.1_302014_genomic.fna,GCF_001265625.1_100854_genomic.fna,GCF_001267345.1_303289_genomic.fna,GCF_001309985.1_ASM130998v1_genomic.fna,GCF_001521695.1_ASM152169v1_genomic.fna,GCF_001592595.1_ASM159259v1_genomic.fna,GCF_001614975.1_ASM161497v1_genomic.fna,GCF_001692775.1_ASM169277v1_genomic.fna,GCF_001748915.1_ASM174891v1_genomic.fna,GCF_001749235.1_ASM174923v1_genomic.fna,GCF_001881155.1_ASM188115v1_genomic.fna,GCF_001881345.1_ASM188134v1_genomic.fna,GCF_001892405.1_ASM189240v1_genomic.fna,GCF_001892585.1_ASM189258v1_genomic.fna,GCF_001893985.1_ASM189398v1_genomic.fna,GCF_002001595.1_ASM200159v1_genomic.fna,GCF_002002145.1_ASM200214v1_genomic.fna
1.0,0.494,0.384,0.414,0.467,0.471,0.457,0.411,0.58,0.423,0.48,0.428,0.483,0.399,0.412,0.468,0.463,0.46,0.471,0.453,0.439,0.461,0.459,0.502,0.477,0.479,0.485,0.404,0.51,0.581,0.401,0.472,0.0,0.476,0.471,0.436,0.456,0.497,0.408,0.479,0.413,0.463,0.485,0.402,0.407,0.455,0.451,0.452,0.402,0.519
0.494,1.0,0.365,0.412,0.634,0.795,0.524,0.415,0.465,0.416,0.619,0.418,0.602,0.398,0.402,0.53,0.708,0.611,0.608,0.522,0.58,0.595,0.583,0.809,0.813,0.71,0.602,0.408,0.487,0.47,0.42,0.625,0.0,0.607,0.759,0.415,0.523,0.632,0.43,0.612,0.423,0.689,0.608,0.421,0.432,0.425,0.686,0.688,0.431,0.48
0.384,0.365,1.0,0.321,0.354,0.352,0.353,0.315,0.382,0.322,0.35,0.306,0.352,0.308,0.306,0.356,0.352,0.347,0.341,0.351,0.332,0.349,0.35,0.349,0.349,0.348,0.345,0.314,0.383,0.385,0.323,0.36,0.0,0.359,0.325,0.319,0.353,0.35,0.325,0.34,0.33,0.354,0.352,0.322,0.323,0.346,0.35,0.351,0.324,0.39
0.414,0.412,0.321,1.0,0.385,0.401,0.369,0.699,0.427,0.727,0.412,0.714,0.418,0.778,0.746,0.379,0.387,0.381,0.39,0.366,0.373,0.391,0.392,0.414,0.4,0.402,0.414,0.739,0.462,0.413,0.705,0.395,0.0,0.393,0.392,0.619,0.367,0.42,0.642,0.395,0.732,0.388,0.413,0.723,0.711,0.427,0.377,0.376,0.657,0.47
0.467,0.634,0.354,0.385,1.0,0.632,0.517,0.384,0.446,0.383,0.75,0.382,0.687,0.384,0.374,0.513,0.616,0.67,0.666,0.514,0.672,0.679,0.676,0.629,0.62,0.614,0.671,0.377,0.455,0.461,0.398,0.688,0.0,0.688,0.591,0.388,0.515,0.684,0.405,0.686,0.407,0.63,0.693,0.376,0.388,0.419,0.643,0.645,0.394,0.458
0.471,0.795,0.352,0.401,0.632,1.0,0.531,0.411,0.462,0.397,0.619,0.394,0.603,0.396,0.396,0.534,0.692,0.627,0.614,0.527,0.591,0.608,0.603,0.786,0.812,0.682,0.606,0.399,0.481,0.453,0.411,0.632,0.0,0.62,0.76,0.412,0.529,0.624,0.443,0.612,0.412,0.696,0.616,0.403,0.405,0.425,0.695,0.698,0.407,0.475
0.457,0.524,0.353,0.369,0.517,0.531,1.0,0.361,0.451,0.366,0.501,0.363,0.511,0.364,0.361,0.951,0.522,0.575,0.544,0.983,0.552,0.549,0.572,0.526,0.519,0.525,0.515,0.359,0.441,0.446,0.368,0.535,0.0,0.521,0.505,0.389,0.987,0.498,0.393,0.502,0.369,0.518,0.501,0.364,0.366,0.399,0.508,0.508,0.358,0.448
0.411,0.415,0.315,0.699,0.384,0.411,0.361,1.0,0.407,0.698,0.392,0.689,0.399,0.693,0.691,0.373,0.397,0.372,0.385,0.358,0.357,0.376,0.371,0.429,0.403,0.411,0.401,0.906,0.458,0.415,0.682,0.393,0.0,0.385,0.382,0.616,0.359,0.43,0.637,0.389,0.691,0.388,0.407,0.899,0.876,0.414,0.378,0.378,0.633,0.454
0.58,0.465,0.382,0.427,0.446,0.462,0.451,0.407,1.0,0.43,0.482,0.415,0.483,0.422,0.415,0.464,0.447,0.458,0.459,0.446,0.425,0.455,0.441,0.488,0.454,0.457,0.477,0.412,0.499,0.615,0.406,0.459,0.0,0.467,0.463,0.437,0.45,0.476,0.422,0.467,0.411,0.464,0.489,0.398,0.395,0.451,0.451,0.451,0.419,0.524
0.423,0.416,0.322,0.727,0.383,0.397,0.366,0.698,0.43,1.0,0.429,0.683,0.417,0.722,0.694,0.375,0.387,0.38,0.384,0.361,0.357,0.379,0.369,0.408,0.4,0.398,0.401,0.713,0.456,0.429,0.725,0.38,0.0,0.392,0.404,0.616,0.363,0.409,0.639,0.39,0.732,0.386,0.408,0.7,0.7,0.417,0.386,0.385,0.663,0.456
0.48,0.619,0.35,0.412,0.75,0.619,0.501,0.392,0.482,0.429,1.0,0.391,0.746,0.414,0.391,0.517,0.589,0.653,0.688,0.496,0.654,0.696,0.667,0.652,0.612,0.615,0.717,0.396,0.453,0.487,0.399,0.66,0.0,0.695,0.655,0.408,0.498,0.707,0.409,0.721,0.408,0.619,0.722,0.385,0.384,0.396,0.622,0.622,0.413,0.465
0.428,0.418,0.306,0.714,0.382,0.394,0.363,0.689,0.415,0.683,0.391,1.0,0.401,0.727,0.862,0.374,0.388,0.371,0.379,0.359,0.362,0.379,0.375,0.409,0.393,0.409,0.393,0.702,0.478,0.422,0.68,0.383,0.0,0.381,0.374,0.617,0.361,0.409,0.646,0.389,0.704,0.381,0.398,0.697,0.694,0.421,0.382,0.382,0.643,0.465
0.483,0.602,0.352,0.418,0.687,0.603,0.511,0.399,0.483,0.417,0.746,0.401,1.0,0.427,0.402,0.527,0.594,0.677,0.702,0.507,0.693,0.747,0.724,0.639,0.599,0.604,0.76,0.404,0.452,0.48,0.401,0.7,0.0,0.75,0.627,0.419,0.509,0.746,0.411,0.76,0.408,0.624,0.758,0.39,0.384,0.406,0.62,0.62,0.419,0.464
0.399,0.398,0.308,0.778,0.384,0.396,0.364,0.693,0.422,0.722,0.414,0.727,0.427,1.0,0.761,0.377,0.382,0.373,0.382,0.361,0.363,0.387,0.378,0.408,0.395,0.402,0.408,0.729,0.459,0.407,0.693,0.386,0.0,0.388,0.395,0.624,0.362,0.416,0.638,0.394,0.72,0.39,0.412,0.707,0.699,0.417,0.375,0.375,0.66,0.46
0.412,0.402,0.306,0.746,0.374,0.396,0.361,0.691,0.415,0.694,0.391,0.862,0.402,0.761,1.0,0.372,0.392,0.371,0.379,0.358,0.36,0.378,0.374,0.4,0.389,0.397,0.399,0.722,0.464,0.407,0.703,0.379,0.0,0.383,0.377,0.619,0.358,0.41,0.653,0.392,0.725,0.381,0.397,0.709,0.7,0.425,0.385,0.387,0.656,0.475
0.468,0.53,0.356,0.379,0.513,0.534,0.951,0.373,0.464,0.375,0.517,0.374,0.527,0.377,0.372,1.0,0.518,0.555,0.559,0.952,0.534,0.562,0.561,0.54,0.533,0.54,0.529,0.369,0.443,0.459,0.381,0.528,0.0,0.534,0.518,0.4,0.955,0.516,0.4,0.522,0.382,0.519,0.517,0.373,0.376,0.398,0.519,0.517,0.372,0.454
0.463,0.708,0.352,0.387,0.616,0.692,0.522,0.397,0.447,0.387,0.589,0.388,0.594,0.382,0.392,0.518,1.0,0.598,0.589,0.519,0.573,0.603,0.603,0.721,0.71,0.724,0.594,0.388,0.454,0.443,0.388,0.651,0.0,0.62,0.665,0.411,0.521,0.593,0.418,0.596,0.392,0.669,0.608,0.396,0.4,0.403,0.662,0.667,0.387,0.459
0.46,0.611,0.347,0.381,0.67,0.627,0.575,0.372,0.458,0.38,0.653,0.371,0.677,0.373,0.371,0.555,0.598,1.0,0.744,0.572,0.716,0.73,0.735,0.618,0.605,0.588,0.693,0.37,0.46,0.458,0.395,0.686,0.0,0.692,0.587,0.405,0.568,0.66,0.408,0.676,0.394,0.621,0.673,0.375,0.378,0.41,0.607,0.609,0.381,0.464
0.471,0.608,0.341,0.39,0.666,0.614,0.544,0.385,0.459,0.384,0.688,0.379,0.702,0.382,0.379,0.559,0.589,0.744,1.0,0.546,0.71,0.739,0.714,0.625,0.614,0.601,0.713,0.377,0.452,0.458,0.396,0.689,0.0,0.698,0.6,0.413,0.546,0.683,0.412,0.704,0.399,0.621,0.689,0.38,0.383,0.409,0.613,0.613,0.392,0.463
0.453,0.522,0.351,0.366,0.514,0.527,0.983,0.358,0.446,0.361,0.496,0.359,0.507,0.361,0.358,0.952,0.519,0.572,0.546,1.0,0.553,0.55,0.574,0.522,0.518,0.524,0.516,0.356,0.436,0.443,0.365,0.534,0.0,0.521,0.501,0.384,0.991,0.497,0.391,0.501,0.366,0.513,0.501,0.361,0.363,0.399,0.505,0.505,0.355,0.443
0.439,0.58,0.332,0.373,0.672,0.591,0.552,0.357,0.425,0.357,0.654,0.362,0.693,0.363,0.36,0.534,0.573,0.716,0.71,0.553,1.0,0.728,0.752,0.587,0.58,0.577,0.678,0.356,0.428,0.435,0.372,0.691,0.0,0.701,0.571,0.385,0.553,0.667,0.396,0.685,0.379,0.572,0.671,0.36,0.363,0.416,0.59,0.592,0.372,0.441
0.461,0.595,0.349,0.391,0.679,0.608,0.549,0.376,0.455,0.379,0.696,0.379,0.747,0.387,0.378,0.562,0.603,0.73,0.739,0.55,0.728,1.0,0.91,0.615,0.602,0.588,0.727,0.372,0.445,0.455,0.391,0.708,0.0,0.875,0.578,0.401,0.552,0.701,0.416,0.728,0.393,0.614,0.718,0.375,0.375,0.409,0.614,0.614,0.385,0.453
0.459,0.583,0.35,0.392,0.676,0.603,0.572,0.371,0.441,0.369,0.667,0.375,0.724,0.378,0.374,0.561,0.603,0.735,0.714,0.574,0.752,0.91,1.0,0.597,0.593,0.578,0.707,0.364,0.442,0.441,0.39,0.711,0.0,0.841,0.565,0.397,0.575,0.681,0.412,0.702,0.391,0.6,0.692,0.369,0.374,0.416,0.592,0.594,0.379,0.45
0.502,0.809,0.349,0.414,0.629,0.786,0.526,0.429,0.488,0.408,0.652,0.409,0.639,0.408,0.4,0.54,0.721,0.618,0.625,0.522,0.587,0.615,0.597,1.0,0.823,0.728,0.643,0.415,0.471,0.481,0.41,0.63,0.0,0.622,0.801,0.426,0.524,0.639,0.419,0.643,0.419,0.704,0.644,0.413,0.406,0.42,0.693,0.692,0.419,0.474
0.477,0.813,0.349,0.4,0.62,0.812,0.519,0.403,0.454,0.4,0.612,0.393,0.599,0.395,0.389,0.533,0.71,0.605,0.614,0.518,0.58,0.602,0.593,0.823,1.0,0.729,0.6,0.398,0.467,0.454,0.404,0.639,0.0,0.604,0.783,0.408,0.519,0.61,0.417,0.607,0.407,0.681,0.603,0.411,0.413,0.413,0.685,0.685,0.421,0.457
0.479,0.71,0.348,0.402,0.614,0.682,0.525,0.411,0.457,0.398,0.615,0.409,0.604,0.402,0.397,0.54,0.724,0.588,0.601,0.524,0.577,0.588,0.578,0.728,0.729,1.0,0.603,0.402,0.443,0.462,0.406,0.602,0.0,0.601,0.676,0.419,0.526,0.607,0.416,0.608,0.413,0.673,0.601,0.416,0.412,0.394,0.688,0.689,0.427,0.45
0.485,0.602,0.345,0.414,0.671,0.606,0.515,0.401,0.477,0.401,0.717,0.393,0.76,0.408,0.399,0.529,0.594,0.693,0.713,0.516,0.678,0.727,0.707,0.643,0.6,0.603,1.0,0.398,0.447,0.475,0.401,0.717,0.0,0.722,0.616,0.412,0.516,0.828,0.404,0.766,0.407,0.613,0.839,0.391,0.386,0.406,0.612,0.612,0.41,0.46
0.404,0.408,0.314,0.739,0.377,0.399,0.359,0.906,0.412,0.713,0.396,0.702,0.404,0.729,0.722,0.369,0.388,0.37,0.377,0.356,0.356,0.372,0.364,0.415,0.398,0.402,0.398,1.0,0.45,0.414,0.69,0.383,0.0,0.379,0.383,0.618,0.357,0.419,0.64,0.383,0.716,0.381,0.404,0.959,0.931,0.413,0.376,0.376,0.649,0.446
0.51,0.487,0.383,0.462,0.455,0.481,0.441,0.458,0.499,0.456,0.453,0.478,0.452,0.459,0.464,0.443,0.454,0.46,0.452,0.436,0.428,0.445,0.442,0.471,0.467,0.443,0.447,0.45,1.0,0.492,0.458,0.458,0.0,0.451,0.433,0.465,0.438,0.453,0.47,0.448,0.46,0.457,0.449,0.456,0.464,0.571,0.434,0.436,0.451,0.847
0.581,0.47,0.385,0.413,0.461,0.453,0.446,0.415,0.615,0.429,0.487,0.422,0.48,0.407,0.407,0.459,0.443,0.458,0.458,0.443,0.435,0.455,0.441,0.481,0.454,0.462,0.475,0.414,0.492,1.0,0.407,0.454,0.0,0.46,0.454,0.43,0.445,0.477,0.411,0.482,0.415,0.459,0.479,0.405,0.4,0.457,0.447,0.449,0.412,0.513
0.401,0.42,0.323,0.705,0.398,0.411,0.368,0.682,0.406,0.725,0.399,0.68,0.401,0.693,0.703,0.381,0.388,0.395,0.396,0.365,0.372,0.391,0.39,0.41,0.404,0.406,0.401,0.69,0.458,0.407,1.0,0.394,0.0,0.395,0.375,0.605,0.366,0.403,0.644,0.389,0.89,0.396,0.399,0.694,0.694,0.428,0.395,0.395,0.652,0.461
0.472,0.625,0.36,0.395,0.688,0.632,0.535,0.393,0.459,0.38,0.66,0.383,0.7,0.386,0.379,0.528,0.651,0.686,0.689,0.534,0.691,0.708,0.711,0.63,0.639,0.602,0.717,0.383,0.458,0.454,0.394,1.0,0.0,0.701,0.583,0.391,0.535,0.715,0.416,0.713,0.394,0.627,0.719,0.383,0.385,0.418,0.623,0.626,0.391,0.456
0.0,0.0,0.0,0.0,0.0,0.0,0.0,0.0,0.0,0.0,0.0,0.0,0.0,0.0,0.0,0.0,0.0,0.0,0.0,0.0,0.0,0.0,0.0,0.0,0.0,0.0,0.0,0.0,0.0,0.0,0.0,0.0,1.0,0.0,0.0,0.0,0.0,0.0,0.0,0.0,0.0,0.0,0.0,0.0,0.0,0.0,0.0,0.0,0.0,0.0
0.476,0.607,0.359,0.393,0.688,0.62,0.521,0.385,0.467,0.392,0.695,0.381,0.75,0.388,0.383,0.534,0.62,0.692,0.698,0.521,0.701,0.875,0.841,0.622,0.604,0.601,0.722,0.379,0.451,0.46,0.395,0.701,0.0,1.0,0.593,0.418,0.523,0.709,0.419,0.726,0.395,0.612,0.726,0.382,0.387,0.403,0.614,0.615,0.386,0.453
0.471,0.759,0.325,0.392,0.591,0.76,0.505,0.382,0.463,0.404,0.655,0.374,0.627,0.395,0.377,0.518,0.665,0.587,0.6,0.501,0.571,0.578,0.565,0.801,0.783,0.676,0.616,0.383,0.433,0.454,0.375,0.583,0.0,0.593,1.0,0.399,0.503,0.614,0.395,0.609,0.381,0.655,0.618,0.37,0.366,0.377,0.638,0.638,0.393,0.43
0.436,0.415,0.319,0.619,0.388,0.412,0.389,0.616,0.437,0.616,0.408,0.617,0.419,0.624,0.619,0.4,0.411,0.405,0.413,0.384,0.385,0.401,0.397,0.426,0.408,0.419,0.412,0.618,0.465,0.43,0.605,0.391,0.0,0.418,0.399,1.0,0.387,0.409,0.622,0.414,0.617,0.396,0.417,0.612,0.61,0.426,0.39,0.39,0.607,0.47
0.456,0.523,0.353,0.367,0.515,0.529,0.987,0.359,0.45,0.363,0.498,0.361,0.509,0.362,0.358,0.955,0.521,0.568,0.546,0.991,0.553,0.552,0.575,0.524,0.519,0.526,0.516,0.357,0.438,0.445,0.366,0.535,0.0,0.523,0.503,0.387,1.0,0.498,0.392,0.502,0.367,0.515,0.501,0.361,0.363,0.399,0.505,0.505,0.356,0.445
0.497,0.632,0.35,0.42,0.684,0.624,0.498,0.43,0.476,0.409,0.707,0.409,0.746,0.416,0.41,0.516,0.593,0.66,0.683,0.497,0.667,0.701,0.681,0.639,0.61,0.607,0.828,0.419,0.453,0.477,0.403,0.715,0.0,0.709,0.614,0.409,0.498,1.0,0.413,0.754,0.414,0.613,0.864,0.411,0.395,0.408,0.632,0.632,0.42,0.459
0.408,0.43,0.325,0.642,0.405,0.443,0.393,0.637,0.422,0.639,0.409,0.646,0.411,0.638,0.653,0.4,0.418,0.408,0.412,0.391,0.396,0.416,0.412,0.419,0.417,0.416,0.404,0.64,0.47,0.411,0.644,0.416,0.0,0.419,0.395,0.622,0.392,0.413,1.0,0.396,0.649,0.416,0.412,0.646,0.651,0.425,0.411,0.412,0.624,0.472
0.479,0.612,0.34,0.395,0.686,0.612,0.502,0.389,0.467,0.39,0.721,0.389,0.76,0.394,0.392,0.522,0.596,0.676,0.704,0.501,0.685,0.728,0.702,0.643,0.607,0.608,0.766,0.383,0.448,0.482,0.389,0.713,0.0,0.726,0.609,0.414,0.502,0.754,0.396,1.0,0.397,0.616,0.762,0.378,0.379,0.408,0.637,0.636,0.396,0.466
0.413,0.423,0.33,0.732,0.407,0.412,0.369,0.691,0.411,0.732,0.408,0.704,0.408,0.72,0.725,0.382,0.392,0.394,0.399,0.366,0.379,0.393,0.391,0.419,0.407,0.413,0.407,0.716,0.46,0.415,0.89,0.394,0.0,0.395,0.381,0.617,0.367,0.414,0.649,0.397,1.0,0.401,0.407,0.721,0.718,0.428,0.394,0.394,0.668,0.465
0.463,0.689,0.354,0.388,0.63,0.696,0.518,0.388,0.464,0.386,0.619,0.381,0.624,0.39,0.381,0.519,0.669,0.621,0.621,0.513,0.572,0.614,0.6,0.704,0.681,0.673,0.613,0.381,0.457,0.459,0.396,0.627,0.0,0.612,0.655,0.396,0.515,0.613,0.416,0.616,0.401,1.0,0.632,0.383,0.385,0.407,0.708,0.712,0.393,0.461
0.485,0.608,0.352,0.413,0.693,0.616,0.501,0.407,0.489,0.408,0.722,0.398,0.758,0.412,0.397,0.517,0.608,0.673,0.689,0.501,0.671,0.718,0.692,0.644,0.603,0.601,0.839,0.404,0.449,0.479,0.399,0.719,0.0,0.726,0.618,0.417,0.501,0.864,0.412,0.762,0.407,0.632,1.0,0.393,0.389,0.408,0.622,0.622,0.414,0.459
0.402,0.421,0.322,0.723,0.376,0.403,0.364,0.899,0.398,0.7,0.385,0.697,0.39,0.707,0.709,0.373,0.396,0.375,0.38,0.361,0.36,0.375,0.369,0.413,0.411,0.416,0.391,0.959,0.456,0.405,0.694,0.383,0.0,0.382,0.37,0.612,0.361,0.411,0.646,0.378,0.721,0.383,0.393,1.0,0.952,0.415,0.376,0.376,0.645,0.451
0.407,0.432,0.323,0.711,0.388,0.405,0.366,0.876,0.395,0.7,0.384,0.694,0.384,0.699,0.7,0.376,0.4,0.378,0.383,0.363,0.363,0.375,0.374,0.406,0.413,0.412,0.386,0.931,0.464,0.4,0.694,0.385,0.0,0.387,0.366,0.61,0.363,0.395,0.651,0.379,0.718,0.385,0.389,0.952,1.0,0.415,0.39,0.39,0.645,0.454
0.455,0.425,0.346,0.427,0.419,0.425,0.399,0.414,0.451,0.417,0.396,0.421,0.406,0.417,0.425,0.398,0.403,0.41,0.409,0.399,0.416,0.409,0.416,0.42,0.413,0.394,0.406,0.413,0.571,0.457,0.428,0.418,0.0,0.403,0.377,0.426,0.399,0.408,0.425,0.408,0.428,0.407,0.408,0.415,0.415,1.0,0.411,0.413,0.412,0.633
0.451,0.686,0.35,0.377,0.643,0.695,0.508,0.378,0.451,0.386,0.622,0.382,0.62,0.375,0.385,0.519,0.662,0.607,0.613,0.505,0.59,0.614,0.592,0.693,0.685,0.688,0.612,0.376,0.434,0.447,0.395,0.623,0.0,0.614,0.638,0.39,0.505,0.632,0.411,0.637,0.394,0.708,0.622,0.376,0.39,0.411,1.0,0.994,0.394,0.459
0.452,0.688,0.351,0.376,0.645,0.698,0.508,0.378,0.451,0.385,0.622,0.382,0.62,0.375,0.387,0.517,0.667,0.609,0.613,0.505,0.592,0.614,0.594,0.692,0.685,0.689,0.612,0.376,0.436,0.449,0.395,0.626,0.0,0.615,0.638,0.39,0.505,0.632,0.412,0.636,0.394,0.712,0.622,0.376,0.39,0.413,0.994,1.0,0.393,0.462
0.402,0.431,0.324,0.657,0.394,0.407,0.358,0.633,0.419,0.663,0.413,0.643,0.419,0.66,0.656,0.372,0.387,0.381,0.392,0.355,0.372,0.385,0.379,0.419,0.421,0.427,0.41,0.649,0.451,0.412,0.652,0.391,0.0,0.386,0.393,0.607,0.356,0.42,0.624,0.396,0.668,0.393,0.414,0.645,0.645,0.412,0.394,0.393,1.0,0.448
0.519,0.48,0.39,0.47,0.458,0.475,0.448,0.454,0.524,0.456,0.465,0.465,0.464,0.46,0.475,0.454,0.459,0.464,0.463,0.443,0.441,0.453,0.45,0.474,0.457,0.45,0.46,0.446,0.847,0.513,0.461,0.456,0.0,0.453,0.43,0.47,0.445,0.459,0.472,0.466,0.465,0.461,0.459,0.451,0.454,0.633,0.459,0.462,0.448,1.0
