GCF_000163235.1_ASM16323v1_genomic.fna,GCF_000164555.1_ASM16455v1_genomic.fna,GCF_000208545.1_ASM20854v2_genomic.fna,GCF_000233875.1_ASM23387v1_genomic.fna,GCF_000249735.1_ASM24973v2_genomic.fna,GCF_000261145.1_Esch_coli_M919_V2_genomic.fna,GCF_000267705.2_ASM26770v2_genomic.fna,GCF_000350665.1_Esch_coli_KTE5_V1_genomic.fna,GCF_000351625.1_Esch_coli_KTE66_V1_genomic.fna,GCF_000352285.1_Esch_coli_KTE46_V1_genomic.fna,GCF_000358895.1_ASM35889v1_genomic.fna,GCF_000456385.1_Esch_coli_HVH_26_4-5703913_V1_genomic.fna,GCF_000458195.1_Esch_coli_HVH_147_4-5893887_V1_genomic.fna,GCF_000459755.1_Esch_coli_KOEGE_58_171a_V1_genomic.fna,GCF_000460055.1_Esch_coli_UMEA_3053-1_V1_genomic.fna,GCF_000462165.2_ASM46216v2_genomic.fna,GCF_000601135.1_ASM60113v1_genomic.fna,GCF_000614595.1_Ec2010EL1058_genomic.fna,GCF_000617745.1_Ec2010C-4529_genomic.fna,GCF_000618265.2_EcF6751_genomic.fna,GCF_000619005.2_Ec2009C-4052_genomic.fna,GCF_000619105.1_Ec2009C-4780_genomic.fna,GCF_000619765.2_Ec2009C-3279_genomic.fna,GCF_000687005.1_ASM68700v1_genomic.fna,GCF_000687025.1_ASM68702v1_genomic.fna,GCF_000700125.1_ASM70012v1_genomic.fna,GCF_000753315.1_FHI35_genomic.fna,GCF_000776375.1_ASM77637v1_genomic.fna,GCF_000779395.1_ASM77939v1_genomic.fna,GCF_000780315.1_ASM78031v1_genomic.fna,GCF_000781995.1_ASM78199v1_genomic.fna,GCF_000986765.1_ASM98676v1_genomic.fna,GCF_001041375.1_ViralProj287958_genomic.fna,GCF_001265335.1_302014_genomic.fna,GCF_001265625.1_100854_genomic.fna,GCF_001267345.1_303289_genomic.fna,GCF_001309985.1_ASM130998v1_genomic.fna,GCF_001521695.1_ASM152169v1_genomic.fna,GCF_001592595.1_ASM159259v1_genomic.fna,GCF_001614975.1_ASM161497v1_genomic.fna,GCF_001692775.1_ASM169277v1_genomic.fna,GCF_001748915.1_ASM174891v1_genomic.fna,GCF_001749235.1_ASM174923v1_genomic.fna,GCF_001881155.1_ASM188115v1_genomic.fna,GCF_001881345.1_ASM188134v1_genomic.fna,GCF_001892405.1_ASM189240v1_genomic.fna,GCF_001892585.1_ASM189258v1_genomic.fna,GCF_001893985.1_ASM189398v1_genomic.fna,GCF_002001595.1_ASM200159v1_genomic.fna,GCF_002002145.1_ASM200214v1_genomic.fna
1.0,0.483,0.38,0.434,0.465,0.456,0.457,0.446,0.578,0.438,0.448,0.437,0.463,0.421,0.414,0.464,0.457,0.467,0.441,0.456,0.443,0.46,0.473,0.479,0.469,0.463,0.455,0.435,0.517,0.567,0.407,0.455,0.0,0.46,0.443,0.422,0.457,0.474,0.415,0.457,0.414,0.471,0.462,0.433,0.444,0.44,0.46,0.461,0.416,0.513
0.483,1.0,0.338,0.426,0.636,0.785,0.533,0.441,0.435,0.432,0.593,0.444,0.609,0.409,0.41,0.532,0.705,0.624,0.575,0.533,0.596,0.602,0.608,0.781,0.805,0.704,0.601,0.424,0.452,0.452,0.398,0.63,0.0,0.6,0.739,0.384,0.533,0.642,0.407,0.612,0.404,0.682,0.617,0.44,0.44,0.396,0.669,0.669,0.42,0.451
0.38,0.338,1.0,0.301,0.336,0.327,0.321,0.316,0.366,0.308,0.325,0.311,0.326,0.3,0.303,0.324,0.334,0.326,0.319,0.323,0.323,0.326,0.329,0.338,0.336,0.34,0.333,0.302,0.379,0.375,0.305,0.347,0.0,0.328,0.305,0.313,0.323,0.33,0.302,0.333,0.308,0.339,0.345,0.309,0.307,0.328,0.342,0.342,0.31,0.387
0.434,0.426,0.301,1.0,0.409,0.405,0.396,0.707,0.433,0.745,0.394,0.721,0.404,0.766,0.745,0.403,0.412,0.405,0.391,0.396,0.385,0.418,0.42,0.416,0.428,0.43,0.408,0.741,0.486,0.449,0.717,0.431,0.0,0.406,0.398,0.608,0.396,0.42,0.661,0.404,0.73,0.413,0.399,0.729,0.73,0.431,0.404,0.403,0.674,0.473
0.465,0.636,0.336,0.409,1.0,0.63,0.518,0.424,0.449,0.416,0.736,0.417,0.697,0.414,0.41,0.524,0.631,0.664,0.635,0.516,0.668,0.654,0.663,0.627,0.64,0.628,0.677,0.411,0.458,0.448,0.396,0.689,0.0,0.66,0.6,0.396,0.517,0.679,0.402,0.687,0.408,0.65,0.686,0.41,0.414,0.388,0.636,0.637,0.415,0.435
0.456,0.785,0.327,0.405,0.63,1.0,0.536,0.427,0.432,0.409,0.588,0.406,0.604,0.407,0.393,0.531,0.683,0.623,0.574,0.533,0.578,0.584,0.605,0.765,0.802,0.674,0.588,0.404,0.444,0.443,0.391,0.618,0.0,0.606,0.741,0.402,0.536,0.622,0.436,0.606,0.399,0.679,0.611,0.413,0.411,0.392,0.663,0.663,0.401,0.443
0.457,0.533,0.321,0.396,0.518,0.536,1.0,0.405,0.454,0.388,0.507,0.398,0.523,0.393,0.39,0.952,0.533,0.568,0.533,0.986,0.562,0.547,0.564,0.547,0.537,0.532,0.539,0.391,0.436,0.453,0.378,0.543,0.0,0.534,0.51,0.405,0.988,0.53,0.382,0.523,0.373,0.526,0.54,0.396,0.395,0.379,0.522,0.523,0.39,0.44
0.446,0.441,0.316,0.707,0.424,0.427,0.405,1.0,0.424,0.721,0.396,0.71,0.416,0.72,0.7,0.408,0.424,0.407,0.391,0.404,0.39,0.409,0.413,0.425,0.437,0.425,0.408,0.907,0.504,0.431,0.701,0.444,0.0,0.405,0.39,0.605,0.404,0.446,0.668,0.412,0.701,0.426,0.416,0.902,0.894,0.438,0.404,0.405,0.657,0.485
0.578,0.435,0.366,0.433,0.449,0.432,0.454,0.424,1.0,0.436,0.436,0.425,0.441,0.431,0.422,0.458,0.424,0.449,0.414,0.453,0.425,0.437,0.444,0.438,0.435,0.425,0.445,0.416,0.498,0.603,0.417,0.437,0.0,0.427,0.412,0.43,0.454,0.443,0.41,0.44,0.419,0.434,0.46,0.415,0.416,0.43,0.433,0.433,0.412,0.497
0.438,0.432,0.308,0.745,0.416,0.409,0.388,0.721,0.436,1.0,0.41,0.694,0.421,0.734,0.705,0.395,0.41,0.401,0.394,0.387,0.384,0.415,0.403,0.429,0.423,0.444,0.407,0.733,0.478,0.444,0.738,0.417,0.0,0.401,0.406,0.604,0.388,0.417,0.66,0.42,0.745,0.417,0.399,0.721,0.733,0.423,0.405,0.404,0.684,0.467
0.448,0.593,0.325,0.394,0.736,0.588,0.507,0.396,0.436,0.41,1.0,0.387,0.733,0.394,0.385,0.51,0.583,0.667,0.662,0.504,0.639,0.676,0.658,0.643,0.584,0.63,0.675,0.386,0.426,0.441,0.371,0.643,0.0,0.646,0.641,0.386,0.505,0.653,0.372,0.721,0.373,0.614,0.663,0.38,0.382,0.361,0.593,0.594,0.389,0.422
0.437,0.444,0.311,0.721,0.417,0.406,0.398,0.71,0.425,0.694,0.387,1.0,0.409,0.733,0.873,0.4,0.415,0.396,0.379,0.401,0.393,0.41,0.42,0.409,0.419,0.416,0.402,0.712,0.502,0.429,0.697,0.434,0.0,0.408,0.383,0.601,0.401,0.434,0.67,0.4,0.715,0.411,0.407,0.718,0.72,0.444,0.4,0.4,0.65,0.484
0.463,0.609,0.326,0.404,0.697,0.604,0.523,0.416,0.441,0.421,0.733,0.409,1.0,0.404,0.399,0.532,0.604,0.717,0.727,0.523,0.699,0.772,0.763,0.66,0.604,0.639,0.747,0.409,0.44,0.47,0.38,0.703,0.0,0.741,0.642,0.4,0.524,0.713,0.387,0.781,0.385,0.625,0.722,0.403,0.403,0.383,0.62,0.619,0.398,0.438
0.421,0.409,0.3,0.766,0.414,0.407,0.393,0.72,0.431,0.734,0.394,0.733,0.404,1.0,0.763,0.4,0.404,0.407,0.384,0.393,0.375,0.411,0.413,0.406,0.421,0.42,0.405,0.747,0.488,0.431,0.713,0.426,0.0,0.397,0.39,0.615,0.392,0.429,0.67,0.4,0.725,0.412,0.404,0.73,0.734,0.441,0.397,0.396,0.679,0.476
0.414,0.41,0.303,0.745,0.41,0.393,0.39,0.7,0.422,0.705,0.385,0.873,0.399,0.763,1.0,0.391,0.405,0.391,0.366,0.392,0.379,0.405,0.406,0.389,0.411,0.405,0.391,0.713,0.482,0.423,0.71,0.424,0.0,0.396,0.377,0.602,0.392,0.415,0.663,0.395,0.725,0.404,0.398,0.714,0.719,0.443,0.401,0.401,0.651,0.492
0.464,0.532,0.324,0.403,0.524,0.531,0.952,0.408,0.458,0.395,0.51,0.4,0.532,0.4,0.391,1.0,0.533,0.559,0.53,0.954,0.542,0.548,0.56,0.552,0.542,0.536,0.541,0.4,0.437,0.464,0.377,0.533,0.0,0.536,0.516,0.411,0.953,0.538,0.379,0.528,0.376,0.535,0.542,0.396,0.396,0.379,0.529,0.53,0.401,0.438
0.457,0.705,0.334,0.412,0.631,0.683,0.533,0.424,0.424,0.41,0.583,0.415,0.604,0.404,0.405,0.533,1.0,0.612,0.571,0.532,0.587,0.591,0.6,0.727,0.725,0.728,0.607,0.415,0.441,0.437,0.38,0.656,0.0,0.604,0.672,0.4,0.532,0.608,0.399,0.608,0.384,0.67,0.62,0.419,0.418,0.363,0.674,0.675,0.396,0.424
0.467,0.624,0.326,0.405,0.664,0.623,0.568,0.407,0.449,0.401,0.667,0.396,0.717,0.407,0.391,0.559,0.612,1.0,0.734,0.566,0.712,0.731,0.742,0.638,0.611,0.623,0.72,0.405,0.44,0.462,0.378,0.682,0.0,0.705,0.605,0.411,0.566,0.686,0.396,0.703,0.381,0.623,0.708,0.397,0.399,0.387,0.627,0.628,0.391,0.452
0.441,0.575,0.319,0.391,0.635,0.574,0.533,0.391,0.414,0.394,0.662,0.379,0.727,0.384,0.366,0.53,0.571,0.734,1.0,0.531,0.682,0.713,0.708,0.617,0.571,0.601,0.699,0.38,0.419,0.447,0.36,0.656,0.0,0.672,0.601,0.389,0.53,0.657,0.374,0.698,0.364,0.594,0.671,0.376,0.375,0.358,0.583,0.581,0.379,0.42
0.456,0.533,0.323,0.396,0.516,0.533,0.986,0.404,0.453,0.387,0.504,0.401,0.523,0.393,0.392,0.954,0.532,0.566,0.531,1.0,0.558,0.545,0.561,0.545,0.538,0.532,0.539,0.39,0.437,0.452,0.379,0.544,0.0,0.53,0.508,0.405,0.993,0.529,0.378,0.522,0.374,0.525,0.539,0.395,0.394,0.381,0.523,0.523,0.391,0.442
0.443,0.596,0.323,0.385,0.668,0.578,0.562,0.39,0.425,0.384,0.639,0.393,0.699,0.375,0.379,0.542,0.587,0.712,0.682,0.558,1.0,0.704,0.723,0.597,0.582,0.584,0.694,0.388,0.42,0.429,0.368,0.695,0.0,0.694,0.568,0.393,0.561,0.672,0.373,0.687,0.37,0.588,0.685,0.393,0.394,0.389,0.594,0.595,0.379,0.433
0.46,0.602,0.326,0.418,0.654,0.584,0.547,0.409,0.437,0.415,0.676,0.41,0.772,0.411,0.405,0.548,0.591,0.731,0.713,0.545,0.704,1.0,0.924,0.632,0.593,0.613,0.731,0.405,0.429,0.464,0.38,0.693,0.0,0.858,0.613,0.401,0.545,0.689,0.391,0.738,0.382,0.606,0.706,0.404,0.402,0.378,0.6,0.6,0.4,0.441
0.473,0.608,0.329,0.42,0.663,0.605,0.564,0.413,0.444,0.403,0.658,0.42,0.763,0.413,0.406,0.56,0.6,0.742,0.708,0.561,0.723,0.924,1.0,0.625,0.608,0.607,0.737,0.411,0.436,0.459,0.383,0.707,0.0,0.864,0.6,0.412,0.561,0.703,0.406,0.724,0.384,0.607,0.715,0.41,0.407,0.383,0.608,0.609,0.399,0.445
0.479,0.781,0.338,0.416,0.627,0.765,0.547,0.425,0.438,0.429,0.643,0.409,0.66,0.406,0.389,0.552,0.727,0.638,0.617,0.545,0.597,0.632,0.625,1.0,0.803,0.76,0.633,0.413,0.436,0.471,0.38,0.62,0.0,0.625,0.814,0.405,0.546,0.614,0.392,0.653,0.386,0.693,0.619,0.41,0.412,0.39,0.688,0.688,0.402,0.44
0.469,0.805,0.336,0.428,0.64,0.802,0.537,0.437,0.435,0.423,0.584,0.419,0.604,0.421,0.411,0.542,0.725,0.611,0.571,0.538,0.582,0.593,0.608,0.803,1.0,0.733,0.6,0.423,0.445,0.453,0.396,0.638,0.0,0.601,0.775,0.394,0.537,0.628,0.413,0.608,0.398,0.691,0.619,0.433,0.426,0.395,0.674,0.675,0.429,0.442
0.463,0.704,0.34,0.43,0.628,0.674,0.532,0.425,0.425,0.444,0.63,0.416,0.639,0.42,0.405,0.536,0.728,0.623,0.601,0.532,0.584,0.613,0.607,0.76,0.733,1.0,0.63,0.416,0.443,0.461,0.398,0.616,0.0,0.606,0.716,0.401,0.534,0.619,0.401,0.652,0.4,0.683,0.61,0.418,0.412,0.38,0.689,0.689,0.423,0.429
0.455,0.601,0.333,0.408,0.677,0.588,0.539,0.408,0.445,0.407,0.675,0.402,0.747,0.405,0.391,0.541,0.607,0.72,0.699,0.539,0.694,0.731,0.737,0.633,0.6,0.63,1.0,0.403,0.435,0.466,0.375,0.72,0.0,0.71,0.601,0.393,0.539,0.792,0.382,0.743,0.381,0.617,0.82,0.398,0.395,0.391,0.614,0.613,0.394,0.441
0.435,0.424,0.302,0.741,0.411,0.404,0.391,0.907,0.416,0.733,0.386,0.712,0.409,0.747,0.713,0.4,0.415,0.405,0.38,0.39,0.388,0.405,0.411,0.413,0.423,0.416,0.403,1.0,0.494,0.429,0.698,0.431,0.0,0.399,0.388,0.609,0.39,0.439,0.654,0.405,0.713,0.412,0.406,0.96,0.948,0.427,0.402,0.403,0.675,0.469
0.517,0.452,0.379,0.486,0.458,0.444,0.436,0.504,0.498,0.478,0.426,0.502,0.44,0.488,0.482,0.437,0.441,0.44,0.419,0.437,0.42,0.429,0.436,0.436,0.445,0.443,0.435,0.494,1.0,0.503,0.472,0.456,0.0,0.427,0.411,0.468,0.437,0.453,0.469,0.431,0.47,0.435,0.435,0.495,0.496,0.564,0.433,0.433,0.472,0.849
0.567,0.452,0.375,0.449,0.448,0.443,0.453,0.431,0.603,0.444,0.441,0.429,0.47,0.431,0.423,0.464,0.437,0.462,0.447,0.452,0.429,0.464,0.459,0.471,0.453,0.461,0.466,0.429,0.503,1.0,0.421,0.443,0.0,0.448,0.452,0.437,0.452,0.461,0.411,0.469,0.421,0.46,0.463,0.421,0.425,0.461,0.462,0.46,0.419,0.51
0.407,0.398,0.305,0.717,0.396,0.391,0.378,0.701,0.417,0.738,0.371,0.697,0.38,0.713,0.71,0.377,0.38,0.378,0.36,0.379,0.368,0.38,0.383,0.38,0.396,0.398,0.375,0.698,0.472,0.421,1.0,0.406,0.0,0.378,0.363,0.592,0.379,0.398,0.652,0.379,0.908,0.395,0.378,0.703,0.705,0.422,0.376,0.376,0.657,0.46
0.455,0.63,0.347,0.431,0.689,0.618,0.543,0.444,0.437,0.417,0.643,0.434,0.703,0.426,0.424,0.533,0.656,0.682,0.656,0.544,0.695,0.693,0.707,0.62,0.638,0.616,0.72,0.431,0.456,0.443,0.406,1.0,0.0,0.682,0.58,0.406,0.541,0.73,0.417,0.713,0.404,0.631,0.728,0.435,0.437,0.393,0.618,0.618,0.413,0.445
0.0,0.0,0.0,0.0,0.0,0.0,0.0,0.0,0.0,0.0,0.0,0.0,0.0,0.0,0.0,0.0,0.0,0.0,0.0,0.0,0.0,0.0,0.0,0.0,0.0,0.0,0.0,0.0,0.0,0.0,0.0,0.0,1.0,0.0,0.0,0.0,0.0,0.0,0.0,0.0,0.0,0.0,0.0,0.0,0.0,0.0,0.0,0.0,0.0,0.0
0.46,0.6,0.328,0.406,0.66,0.606,0.534,0.405,0.427,0.401,0.646,0.408,0.741,0.397,0.396,0.536,0.604,0.705,0.672,0.53,0.694,0.858,0.864,0.625,0.601,0.606,0.71,0.399,0.427,0.448,0.378,0.682,0.0,1.0,0.602,0.414,0.532,0.695,0.398,0.712,0.379,0.606,0.716,0.395,0.397,0.371,0.613,0.614,0.389,0.433
0.443,0.739,0.305,0.398,0.6,0.741,0.51,0.39,0.412,0.406,0.641,0.383,0.642,0.39,0.377,0.516,0.672,0.605,0.601,0.508,0.568,0.613,0.6,0.814,0.775,0.716,0.601,0.388,0.411,0.452,0.363,0.58,0.0,0.602,1.0,0.375,0.509,0.591,0.376,0.628,0.365,0.661,0.594,0.382,0.385,0.375,0.654,0.654,0.381,0.414
0.422,0.384,0.313,0.608,0.396,0.402,0.405,0.605,0.43,0.604,0.386,0.601,0.4,0.615,0.602,0.411,0.4,0.411,0.389,0.405,0.393,0.401,0.412,0.405,0.394,0.401,0.393,0.609,0.468,0.437,0.592,0.406,0.0,0.414,0.375,1.0,0.407,0.398,0.611,0.405,0.602,0.404,0.395,0.604,0.604,0.429,0.389,0.389,0.591,0.472
0.457,0.533,0.323,0.396,0.517,0.536,0.988,0.404,0.454,0.388,0.505,0.401,0.524,0.392,0.392,0.953,0.532,0.566,0.53,0.993,0.561,0.545,0.561,0.546,0.537,0.534,0.539,0.39,0.437,0.452,0.379,0.541,0.0,0.532,0.509,0.407,1.0,0.529,0.381,0.524,0.375,0.526,0.54,0.395,0.394,0.381,0.524,0.524,0.391,0.441
0.474,0.642,0.33,0.42,0.679,0.622,0.53,0.446,0.443,0.417,0.653,0.434,0.713,0.429,0.415,0.538,0.608,0.686,0.657,0.529,0.672,0.689,0.703,0.614,0.628,0.619,0.792,0.439,0.453,0.461,0.398,0.73,0.0,0.695,0.591,0.398,0.529,1.0,0.408,0.719,0.402,0.62,0.837,0.432,0.422,0.393,0.635,0.636,0.419,0.442
0.415,0.407,0.302,0.661,0.402,0.436,0.382,0.668,0.41,0.66,0.372,0.67,0.387,0.67,0.663,0.379,0.399,0.396,0.374,0.378,0.373,0.391,0.406,0.392,0.413,0.401,0.382,0.654,0.469,0.411,0.652,0.417,0.0,0.398,0.376,0.611,0.381,0.408,1.0,0.384,0.658,0.405,0.392,0.663,0.668,0.442,0.392,0.392,0.629,0.472
0.457,0.612,0.333,0.404,0.687,0.606,0.523,0.412,0.44,0.42,0.721,0.4,0.781,0.4,0.395,0.528,0.608,0.703,0.698,0.522,0.687,0.738,0.724,0.653,0.608,0.652,0.743,0.405,0.431,0.469,0.379,0.713,0.0,0.712,0.628,0.405,0.524,0.719,0.384,1.0,0.382,0.624,0.732,0.399,0.402,0.386,0.639,0.639,0.392,0.442
0.414,0.404,0.308,0.73,0.408,0.399,0.373,0.701,0.419,0.745,0.373,0.715,0.385,0.725,0.725,0.376,0.384,0.381,0.364,0.374,0.37,0.382,0.384,0.386,0.398,0.4,0.381,0.713,0.47,0.421,0.908,0.404,0.0,0.379,0.365,0.602,0.375,0.402,0.658,0.382,1.0,0.404,0.38,0.718,0.722,0.423,0.379,0.379,0.66,0.458
0.471,0.682,0.339,0.413,0.65,0.679,0.526,0.426,0.434,0.417,0.614,0.411,0.625,0.412,0.404,0.535,0.67,0.623,0.594,0.525,0.588,0.606,0.607,0.693,0.691,0.683,0.617,0.412,0.435,0.46,0.395,0.631,0.0,0.606,0.661,0.404,0.526,0.62,0.405,0.624,0.404,1.0,0.642,0.417,0.417,0.387,0.711,0.711,0.412,0.432
0.462,0.617,0.345,0.399,0.686,0.611,0.54,0.416,0.46,0.399,0.663,0.407,0.722,0.404,0.398,0.542,0.62,0.708,0.671,0.539,0.685,0.706,0.715,0.619,0.619,0.61,0.82,0.406,0.435,0.463,0.378,0.728,0.0,0.716,0.594,0.395,0.54,0.837,0.392,0.732,0.38,0.642,1.0,0.406,0.402,0.396,0.63,0.631,0.4,0.447
0.433,0.44,0.309,0.729,0.41,0.413,0.396,0.902,0.415,0.721,0.38,0.718,0.403,0.73,0.714,0.396,0.419,0.397,0.376,0.395,0.393,0.404,0.41,0.41,0.433,0.418,0.398,0.96,0.495,0.421,0.703,0.435,0.0,0.395,0.382,0.604,0.395,0.432,0.663,0.399,0.718,0.417,0.406,1.0,0.962,0.433,0.398,0.398,0.676,0.471
0.444,0.44,0.307,0.73,0.414,0.411,0.395,0.894,0.416,0.733,0.382,0.72,0.403,0.734,0.719,0.396,0.418,0.399,0.375,0.394,0.394,0.402,0.407,0.412,0.426,0.412,0.395,0.948,0.496,0.425,0.705,0.437,0.0,0.397,0.385,0.604,0.394,0.422,0.668,0.402,0.722,0.417,0.402,0.962,1.0,0.43,0.396,0.396,0.668,0.473
0.44,0.396,0.328,0.431,0.388,0.392,0.379,0.438,0.43,0.423,0.361,0.444,0.383,0.441,0.443,0.379,0.363,0.387,0.358,0.381,0.389,0.378,0.383,0.39,0.395,0.38,0.391,0.427,0.564,0.461,0.422,0.393,0.0,0.371,0.375,0.429,0.381,0.393,0.442,0.386,0.423,0.387,0.396,0.433,0.43,1.0,0.414,0.414,0.433,0.609
0.46,0.669,0.342,0.404,0.636,0.663,0.522,0.404,0.433,0.405,0.593,0.4,0.62,0.397,0.401,0.529,0.674,0.627,0.583,0.523,0.594,0.6,0.608,0.688,0.674,0.689,0.614,0.402,0.433,0.462,0.376,0.618,0.0,0.613,0.654,0.389,0.524,0.635,0.392,0.639,0.379,0.711,0.63,0.398,0.396,0.414,1.0,0.996,0.397,0.445
0.461,0.669,0.342,0.403,0.637,0.663,0.523,0.405,0.433,0.404,0.594,0.4,0.619,0.396,0.401,0.53,0.675,0.628,0.581,0.523,0.595,0.6,0.609,0.688,0.675,0.689,0.613,0.403,0.433,0.46,0.376,0.618,0.0,0.614,0.654,0.389,0.524,0.636,0.392,0.639,0.379,0.711,0.631,0.398,0.396,0.414,0.996,1.0,0.396,0.445
0.416,0.42,0.31,0.674,0.415,0.401,0.39,0.657,0.412,0.684,0.389,0.65,0.398,0.679,0.651,0.401,0.396,0.391,0.379,0.391,0.379,0.4,0.399,0.402,0.429,0.423,0.394,0.675,0.472,0.419,0.657,0.413,0.0,0.389,0.381,0.591,0.391,0.419,0.629,0.392,0.66,0.412,0.4,0.676,0.668,0.433,0.397,0.396,1.0,0.467
0.513,0.451,0.387,0.473,0.435,0.443,0.44,0.485,0.497,0.467,0.422,0.484,0.438,0.476,0.492,0.438,0.424,0.452,0.42,0.442,0.433,0.441,0.445,0.44,0.442,0.429,0.441,0.469,0.849,0.51,0.46,0.445,0.0,0.433,0.414,0.472,0.441,0.442,0.472,0.442,0.458,0.432,0.447,0.471,0.473,0.609,0.445,0.445,0.467,1.0
