GCF_000163235.1_ASM16323v1_genomic.fna,GCF_000164555.1_ASM16455v1_genomic.fna,GCF_000208545.1_ASM20854v2_genomic.fna,GCF_000233875.1_ASM23387v1_genomic.fna,GCF_000249735.1_ASM24973v2_genomic.fna,GCF_000261145.1_Esch_coli_M919_V2_genomic.fna,GCF_000267705.2_ASM26770v2_genomic.fna,GCF_000350665.1_Esch_coli_KTE5_V1_genomic.fna,GCF_000351625.1_Esch_coli_KTE66_V1_genomic.fna,GCF_000352285.1_Esch_coli_KTE46_V1_genomic.fna,GCF_000358895.1_ASM35889v1_genomic.fna,GCF_000456385.1_Esch_coli_HVH_26_4-5703913_V1_genomic.fna,GCF_000458195.1_Esch_coli_HVH_147_4-5893887_V1_genomic.fna,GCF_000459755.1_Esch_coli_KOEGE_58_171a_V1_genomic.fna,GCF_000460055.1_Esch_coli_UMEA_3053-1_V1_genomic.fna,GCF_000462165.2_ASM46216v2_genomic.fna,GCF_000601135.1_ASM60113v1_genomic.fna,GCF_000614595.1_Ec2010EL1058_genomic.fna,GCF_000617745.1_Ec2010C-4529_genomic.fna,GCF_000618265.2_EcF6751_genomic.fna,GCF_000619005.2_Ec2009C-4052_genomic.fna,GCF_000619105.1_Ec2009C-4780_genomic.fna,GCF_000619765.2_Ec2009C-3279_genomic.fna,GCF_000687005.1_ASM68700v1_genomic.fna,GCF_000687025.1_ASM68702v1_genomic.fna,GCF_000700125.1_ASM70012v1_genomic.fna,GCF_000753315.1_FHI35_genomic.fna,GCF_000776375.1_ASM77637v1_genomic.fna,GCF_000779395.1_ASM77939v1_genomic.fna,GCF_000780315.1_ASM78031v1_genomic.fna,GCF_000781995.1_ASM78199v1_genomic.fna,GCF_000986765.1_ASM98676v1_genomic.fna,GCF_001041375.1_ViralProj287958_genomic.fna,GCF_001265335.1_302014_genomic.fna,GCF_001265625.1_100854_genomic.fna,GCF_001267345.1_303289_genomic.fna,GCF_001309985.1_ASM130998v1_genomic.fna,GCF_001521695.1_ASM152169v1_genomic.fna,GCF_001592595.1_ASM159259v1_genomic.fna,GCF_001614975.1_ASM161497v1_genomic.fna,GCF_001692775.1_ASM169277v1_genomic.fna,GCF_001748915.1_ASM174891v1_genomic.fna,GCF_001749235.1_ASM174923v1_genomic.fna,GCF_001881155.1_ASM188115v1_genomic.fna,GCF_001881345.1_ASM188134v1_genomic.fna,GCF_001892405.1_ASM189240v1_genomic.fna,GCF_001892585.1_ASM189258v1_genomic.fna,GCF_001893985.1_ASM189398v1_genomic.fna,GCF_002001595.1_ASM200159v1_genomic.fna,GCF_002002145.1_ASM200214v1_genomic.fna
1.0,0.557,0.493,0.509,0.562,0.545,0.521,0.5,0.635,0.507,0.525,0.511,0.56,0.507,0.487,0.531,0.538,0.534,0.526,0.514,0.521,0.53,0.529,0.561,0.549,0.541,0.551,0.496,0.585,0.652,0.473,0.529,0.0,0.523,0.533,0.502,0.517,0.562,0.481,0.555,0.484,0.542,0.547,0.497,0.514,0.532,0.516,0.515,0.491,0.583
0.557,1.0,0.457,0.506,0.684,0.802,0.615,0.511,0.546,0.508,0.632,0.524,0.674,0.497,0.491,0.61,0.752,0.671,0.657,0.609,0.653,0.67,0.666,0.804,0.814,0.745,0.65,0.505,0.538,0.562,0.497,0.685,0.0,0.659,0.756,0.505,0.615,0.671,0.507,0.668,0.502,0.722,0.65,0.522,0.524,0.486,0.709,0.71,0.493,0.53
0.493,0.457,1.0,0.429,0.459,0.443,0.432,0.421,0.478,0.416,0.433,0.414,0.454,0.423,0.422,0.444,0.442,0.445,0.434,0.426,0.433,0.436,0.433,0.454,0.461,0.454,0.447,0.416,0.475,0.488,0.403,0.444,0.0,0.432,0.425,0.426,0.429,0.449,0.42,0.458,0.411,0.445,0.453,0.426,0.421,0.414,0.45,0.45,0.429,0.47
0.509,0.506,0.429,1.0,0.508,0.494,0.473,0.756,0.499,0.765,0.483,0.771,0.503,0.804,0.808,0.487,0.477,0.479,0.476,0.466,0.48,0.483,0.483,0.504,0.501,0.481,0.498,0.791,0.54,0.506,0.75,0.501,0.0,0.466,0.468,0.674,0.47,0.496,0.717,0.493,0.777,0.481,0.487,0.786,0.791,0.497,0.473,0.472,0.714,0.537
0.562,0.684,0.459,0.508,1.0,0.7,0.596,0.519,0.551,0.512,0.775,0.519,0.762,0.513,0.522,0.612,0.701,0.716,0.711,0.587,0.718,0.72,0.714,0.704,0.708,0.704,0.736,0.509,0.558,0.577,0.483,0.737,0.0,0.718,0.672,0.52,0.592,0.756,0.515,0.749,0.498,0.7,0.752,0.518,0.527,0.486,0.7,0.699,0.501,0.533
0.545,0.802,0.443,0.494,0.7,1.0,0.624,0.516,0.543,0.488,0.638,0.507,0.677,0.499,0.492,0.619,0.76,0.684,0.672,0.613,0.654,0.677,0.674,0.808,0.834,0.74,0.646,0.495,0.535,0.544,0.487,0.686,0.0,0.681,0.785,0.509,0.619,0.667,0.529,0.671,0.495,0.742,0.659,0.505,0.506,0.486,0.718,0.719,0.478,0.537
0.521,0.615,0.432,0.473,0.596,0.624,1.0,0.479,0.544,0.461,0.565,0.474,0.603,0.466,0.463,0.953,0.622,0.632,0.63,0.981,0.637,0.635,0.642,0.613,0.605,0.595,0.597,0.466,0.507,0.531,0.457,0.624,0.0,0.617,0.574,0.487,0.987,0.593,0.485,0.599,0.457,0.597,0.594,0.472,0.474,0.475,0.588,0.589,0.45,0.52
0.5,0.511,0.421,0.756,0.519,0.516,0.479,1.0,0.495,0.746,0.481,0.761,0.504,0.763,0.747,0.49,0.491,0.483,0.483,0.472,0.473,0.478,0.475,0.527,0.513,0.489,0.494,0.898,0.556,0.515,0.728,0.498,0.0,0.471,0.488,0.663,0.475,0.517,0.706,0.491,0.738,0.492,0.5,0.907,0.899,0.495,0.482,0.482,0.688,0.549
0.635,0.546,0.478,0.499,0.551,0.543,0.544,0.495,1.0,0.513,0.535,0.498,0.547,0.51,0.501,0.552,0.529,0.536,0.531,0.536,0.52,0.534,0.527,0.556,0.545,0.531,0.546,0.49,0.577,0.664,0.488,0.534,0.0,0.53,0.511,0.523,0.541,0.548,0.495,0.546,0.492,0.548,0.55,0.494,0.493,0.531,0.531,0.529,0.5,0.593
0.507,0.508,0.416,0.765,0.512,0.488,0.461,0.746,0.513,1.0,0.487,0.729,0.501,0.748,0.743,0.475,0.473,0.469,0.466,0.453,0.466,0.47,0.461,0.51,0.499,0.481,0.488,0.754,0.542,0.51,0.768,0.481,0.0,0.461,0.471,0.68,0.457,0.486,0.711,0.496,0.769,0.485,0.48,0.752,0.768,0.485,0.471,0.47,0.717,0.516
0.525,0.632,0.433,0.483,0.775,0.638,0.565,0.481,0.535,0.487,1.0,0.478,0.764,0.486,0.477,0.584,0.64,0.695,0.683,0.556,0.694,0.701,0.69,0.685,0.654,0.672,0.735,0.487,0.518,0.543,0.459,0.693,0.0,0.684,0.689,0.5,0.562,0.714,0.491,0.747,0.469,0.656,0.731,0.479,0.485,0.454,0.641,0.639,0.483,0.509
0.511,0.524,0.414,0.771,0.519,0.507,0.474,0.761,0.498,0.729,0.478,1.0,0.495,0.772,0.857,0.481,0.496,0.486,0.484,0.466,0.481,0.482,0.483,0.509,0.504,0.495,0.485,0.761,0.553,0.511,0.73,0.507,0.0,0.48,0.47,0.681,0.468,0.497,0.737,0.484,0.757,0.491,0.487,0.767,0.774,0.508,0.489,0.491,0.686,0.544
0.56,0.674,0.454,0.503,0.762,0.677,0.603,0.504,0.547,0.501,0.764,0.495,1.0,0.495,0.492,0.623,0.673,0.742,0.751,0.596,0.743,0.789,0.782,0.712,0.684,0.702,0.808,0.506,0.549,0.575,0.473,0.746,0.0,0.772,0.692,0.5,0.601,0.762,0.495,0.82,0.48,0.69,0.782,0.492,0.497,0.477,0.674,0.673,0.494,0.538
0.507,0.497,0.423,0.804,0.513,0.499,0.466,0.763,0.51,0.748,0.486,0.772,0.495,1.0,0.803,0.481,0.48,0.482,0.469,0.459,0.467,0.484,0.48,0.505,0.505,0.488,0.495,0.791,0.543,0.507,0.756,0.495,0.0,0.466,0.472,0.677,0.462,0.501,0.722,0.49,0.775,0.484,0.484,0.793,0.795,0.511,0.48,0.478,0.707,0.544
0.487,0.491,0.422,0.808,0.522,0.492,0.463,0.747,0.501,0.743,0.477,0.857,0.492,0.803,1.0,0.473,0.475,0.483,0.47,0.456,0.465,0.475,0.473,0.489,0.49,0.479,0.483,0.768,0.539,0.501,0.757,0.494,0.0,0.46,0.459,0.688,0.46,0.495,0.738,0.485,0.781,0.479,0.483,0.77,0.772,0.509,0.484,0.483,0.707,0.55
0.531,0.61,0.444,0.487,0.612,0.619,0.953,0.49,0.552,0.475,0.584,0.481,0.623,0.481,0.473,1.0,0.618,0.63,0.631,0.948,0.62,0.625,0.633,0.629,0.619,0.612,0.613,0.48,0.525,0.545,0.458,0.614,0.0,0.61,0.591,0.496,0.951,0.612,0.484,0.617,0.463,0.611,0.611,0.484,0.486,0.473,0.594,0.594,0.466,0.534
0.538,0.752,0.442,0.477,0.701,0.76,0.622,0.491,0.529,0.473,0.64,0.496,0.673,0.48,0.475,0.618,1.0,0.677,0.672,0.614,0.668,0.692,0.682,0.756,0.761,0.749,0.657,0.479,0.518,0.533,0.468,0.729,0.0,0.685,0.709,0.511,0.618,0.658,0.5,0.682,0.474,0.711,0.665,0.489,0.496,0.466,0.713,0.715,0.462,0.511
0.534,0.671,0.445,0.479,0.716,0.684,0.632,0.483,0.536,0.469,0.695,0.486,0.742,0.482,0.483,0.63,0.677,1.0,0.771,0.628,0.769,0.772,0.761,0.669,0.669,0.668,0.727,0.478,0.514,0.543,0.464,0.73,0.0,0.73,0.64,0.51,0.627,0.699,0.498,0.729,0.471,0.686,0.714,0.479,0.481,0.467,0.671,0.672,0.46,0.529
0.526,0.657,0.434,0.476,0.711,0.672,0.63,0.483,0.531,0.466,0.683,0.484,0.751,0.469,0.47,0.631,0.672,0.771,1.0,0.625,0.763,0.771,0.758,0.655,0.655,0.649,0.734,0.465,0.517,0.539,0.467,0.736,0.0,0.723,0.643,0.501,0.625,0.707,0.494,0.736,0.468,0.663,0.711,0.472,0.475,0.469,0.643,0.644,0.465,0.522
0.514,0.609,0.426,0.466,0.587,0.613,0.981,0.472,0.536,0.453,0.556,0.466,0.596,0.459,0.456,0.948,0.614,0.628,0.625,1.0,0.632,0.632,0.639,0.603,0.6,0.588,0.59,0.459,0.501,0.524,0.45,0.617,0.0,0.614,0.567,0.481,0.988,0.585,0.477,0.594,0.449,0.589,0.588,0.465,0.467,0.475,0.58,0.581,0.443,0.514
0.521,0.653,0.433,0.48,0.718,0.654,0.637,0.473,0.52,0.466,0.694,0.481,0.743,0.467,0.465,0.62,0.668,0.769,0.763,0.632,1.0,0.77,0.776,0.654,0.651,0.659,0.725,0.469,0.503,0.543,0.46,0.745,0.0,0.755,0.626,0.496,0.631,0.708,0.493,0.737,0.468,0.649,0.712,0.473,0.477,0.468,0.654,0.655,0.455,0.518
0.53,0.67,0.436,0.483,0.72,0.677,0.635,0.478,0.534,0.47,0.701,0.482,0.789,0.484,0.475,0.625,0.692,0.772,0.771,0.632,0.77,1.0,0.94,0.656,0.665,0.651,0.746,0.473,0.505,0.539,0.465,0.765,0.0,0.882,0.633,0.499,0.634,0.723,0.496,0.763,0.47,0.662,0.74,0.479,0.48,0.475,0.656,0.657,0.463,0.515
0.529,0.666,0.433,0.483,0.714,0.674,0.642,0.475,0.527,0.461,0.69,0.483,0.782,0.48,0.473,0.633,0.682,0.761,0.758,0.639,0.776,0.94,1.0,0.654,0.66,0.656,0.747,0.471,0.502,0.535,0.461,0.764,0.0,0.878,0.623,0.498,0.639,0.723,0.495,0.751,0.466,0.658,0.726,0.475,0.478,0.474,0.647,0.648,0.457,0.508
0.561,0.804,0.454,0.504,0.704,0.808,0.613,0.527,0.556,0.51,0.685,0.509,0.712,0.505,0.489,0.629,0.756,0.669,0.655,0.603,0.654,0.656,0.654,1.0,0.84,0.791,0.682,0.512,0.549,0.56,0.487,0.673,0.0,0.657,0.831,0.507,0.609,0.672,0.495,0.7,0.495,0.742,0.679,0.511,0.519,0.481,0.721,0.72,0.492,0.54
0.549,0.814,0.461,0.501,0.708,0.834,0.605,0.513,0.545,0.499,0.654,0.504,0.684,0.505,0.49,0.619,0.761,0.669,0.655,0.6,0.651,0.665,0.66,0.84,1.0,0.792,0.658,0.501,0.536,0.548,0.479,0.688,0.0,0.654,0.802,0.507,0.604,0.673,0.508,0.681,0.492,0.736,0.67,0.524,0.517,0.476,0.724,0.722,0.5,0.527
0.541,0.745,0.454,0.481,0.704,0.74,0.595,0.489,0.531,0.481,0.672,0.495,0.702,0.488,0.479,0.612,0.749,0.668,0.649,0.588,0.659,0.651,0.656,0.791,0.792,1.0,0.679,0.491,0.525,0.548,0.459,0.679,0.0,0.65,0.753,0.496,0.591,0.676,0.48,0.706,0.463,0.738,0.68,0.502,0.498,0.468,0.725,0.725,0.49,0.523
0.551,0.65,0.447,0.498,0.736,0.646,0.597,0.494,0.546,0.488,0.735,0.485,0.808,0.495,0.483,0.613,0.657,0.727,0.734,0.59,0.725,0.746,0.747,0.682,0.658,0.679,1.0,0.497,0.538,0.564,0.478,0.757,0.0,0.718,0.651,0.499,0.595,0.829,0.492,0.797,0.482,0.66,0.844,0.49,0.489,0.472,0.646,0.645,0.492,0.526
0.496,0.505,0.416,0.791,0.509,0.495,0.466,0.898,0.49,0.754,0.487,0.761,0.506,0.791,0.768,0.48,0.479,0.478,0.465,0.459,0.469,0.473,0.471,0.512,0.501,0.491,0.497,1.0,0.549,0.508,0.729,0.493,0.0,0.461,0.477,0.667,0.464,0.505,0.704,0.494,0.755,0.481,0.491,0.955,0.944,0.488,0.475,0.474,0.716,0.536
0.585,0.538,0.475,0.54,0.558,0.535,0.507,0.556,0.577,0.542,0.518,0.553,0.549,0.543,0.539,0.525,0.518,0.514,0.517,0.501,0.503,0.505,0.502,0.549,0.536,0.525,0.538,0.549,1.0,0.58,0.515,0.521,0.0,0.503,0.517,0.53,0.506,0.546,0.52,0.536,0.523,0.525,0.532,0.546,0.549,0.583,0.521,0.519,0.522,0.827
0.652,0.562,0.488,0.506,0.577,0.544,0.531,0.515,0.664,0.51,0.543,0.511,0.575,0.507,0.501,0.545,0.533,0.543,0.539,0.524,0.543,0.539,0.535,0.56,0.548,0.548,0.564,0.508,0.58,1.0,0.484,0.533,0.0,0.529,0.531,0.504,0.53,0.556,0.494,0.57,0.499,0.549,0.564,0.514,0.52,0.53,0.544,0.543,0.503,0.586
0.473,0.497,0.403,0.75,0.483,0.487,0.457,0.728,0.488,0.768,0.459,0.73,0.473,0.756,0.757,0.458,0.468,0.464,0.467,0.45,0.46,0.465,0.461,0.487,0.479,0.459,0.478,0.729,0.515,0.484,1.0,0.477,0.0,0.452,0.446,0.662,0.453,0.47,0.709,0.466,0.91,0.467,0.46,0.733,0.734,0.489,0.457,0.458,0.691,0.513
0.529,0.685,0.444,0.501,0.737,0.686,0.624,0.498,0.534,0.481,0.693,0.507,0.746,0.495,0.494,0.614,0.729,0.73,0.736,0.617,0.745,0.765,0.764,0.673,0.688,0.679,0.757,0.493,0.521,0.533,0.477,1.0,0.0,0.746,0.634,0.502,0.62,0.764,0.506,0.768,0.48,0.687,0.759,0.5,0.5,0.47,0.68,0.682,0.47,0.517
0.0,0.0,0.0,0.0,0.0,0.0,0.0,0.0,0.0,0.0,0.0,0.0,0.0,0.0,0.0,0.0,0.0,0.0,0.0,0.0,0.0,0.0,0.0,0.0,0.0,0.0,0.0,0.0,0.0,0.0,0.0,0.0,1.0,0.0,0.0,0.0,0.0,0.0,0.0,0.0,0.0,0.0,0.0,0.0,0.0,0.0,0.0,0.0,0.0,0.0
0.523,0.659,0.432,0.466,0.718,0.681,0.617,0.471,0.53,0.461,0.684,0.48,0.772,0.466,0.46,0.61,0.685,0.73,0.723,0.614,0.755,0.882,0.878,0.657,0.654,0.65,0.718,0.461,0.503,0.529,0.452,0.746,0.0,1.0,0.625,0.514,0.617,0.717,0.506,0.746,0.454,0.655,0.725,0.47,0.472,0.47,0.658,0.66,0.447,0.504
0.533,0.756,0.425,0.468,0.672,0.785,0.574,0.488,0.511,0.471,0.689,0.47,0.692,0.472,0.459,0.591,0.709,0.64,0.643,0.567,0.626,0.633,0.623,0.831,0.802,0.753,0.651,0.477,0.517,0.531,0.446,0.634,0.0,0.625,1.0,0.472,0.571,0.636,0.47,0.683,0.453,0.699,0.649,0.475,0.481,0.449,0.683,0.681,0.462,0.503
0.502,0.505,0.426,0.674,0.52,0.509,0.487,0.663,0.523,0.68,0.5,0.681,0.5,0.677,0.688,0.496,0.511,0.51,0.501,0.481,0.496,0.499,0.498,0.507,0.507,0.496,0.499,0.667,0.53,0.504,0.662,0.502,0.0,0.514,0.472,1.0,0.483,0.499,0.711,0.505,0.674,0.506,0.494,0.672,0.677,0.496,0.492,0.493,0.644,0.534
0.517,0.615,0.429,0.47,0.592,0.619,0.987,0.475,0.541,0.457,0.562,0.468,0.601,0.462,0.46,0.951,0.618,0.627,0.625,0.988,0.631,0.634,0.639,0.609,0.604,0.591,0.595,0.464,0.506,0.53,0.453,0.62,0.0,0.617,0.571,0.483,1.0,0.59,0.481,0.597,0.453,0.593,0.591,0.468,0.47,0.474,0.585,0.586,0.448,0.519
0.562,0.671,0.449,0.496,0.756,0.667,0.593,0.517,0.548,0.486,0.714,0.497,0.762,0.501,0.495,0.612,0.658,0.699,0.707,0.585,0.708,0.723,0.723,0.672,0.673,0.676,0.829,0.505,0.546,0.556,0.47,0.764,0.0,0.717,0.636,0.499,0.59,1.0,0.502,0.766,0.479,0.679,0.855,0.512,0.504,0.478,0.675,0.675,0.49,0.53
0.481,0.507,0.42,0.717,0.515,0.529,0.485,0.706,0.495,0.711,0.491,0.737,0.495,0.722,0.738,0.484,0.5,0.498,0.494,0.477,0.493,0.496,0.495,0.495,0.508,0.48,0.492,0.704,0.52,0.494,0.709,0.506,0.0,0.506,0.47,0.711,0.481,0.502,1.0,0.497,0.719,0.497,0.502,0.713,0.715,0.498,0.482,0.483,0.687,0.516
0.555,0.668,0.458,0.493,0.749,0.671,0.599,0.491,0.546,0.496,0.747,0.484,0.82,0.49,0.485,0.617,0.682,0.729,0.736,0.594,0.737,0.763,0.751,0.7,0.681,0.706,0.797,0.494,0.536,0.57,0.466,0.768,0.0,0.746,0.683,0.505,0.597,0.766,0.497,1.0,0.473,0.679,0.788,0.489,0.494,0.478,0.681,0.68,0.495,0.53
0.484,0.502,0.411,0.777,0.498,0.495,0.457,0.738,0.492,0.769,0.469,0.757,0.48,0.775,0.781,0.463,0.474,0.471,0.468,0.449,0.468,0.47,0.466,0.495,0.492,0.463,0.482,0.755,0.523,0.499,0.91,0.48,0.0,0.454,0.453,0.674,0.453,0.479,0.719,0.473,1.0,0.473,0.467,0.759,0.763,0.493,0.468,0.469,0.699,0.52
0.542,0.722,0.445,0.481,0.7,0.742,0.597,0.492,0.548,0.485,0.656,0.491,0.69,0.484,0.479,0.611,0.711,0.686,0.663,0.589,0.649,0.662,0.658,0.742,0.736,0.738,0.66,0.481,0.525,0.549,0.467,0.687,0.0,0.655,0.699,0.506,0.593,0.679,0.497,0.679,0.473,1.0,0.687,0.489,0.49,0.463,0.762,0.761,0.474,0.527
0.547,0.65,0.453,0.487,0.752,0.659,0.594,0.5,0.55,0.48,0.731,0.487,0.782,0.484,0.483,0.611,0.665,0.714,0.711,0.588,0.712,0.74,0.726,0.679,0.67,0.68,0.844,0.491,0.532,0.564,0.46,0.759,0.0,0.725,0.649,0.494,0.591,0.855,0.502,0.788,0.467,0.687,1.0,0.49,0.487,0.472,0.661,0.66,0.492,0.521
0.497,0.522,0.426,0.786,0.518,0.505,0.472,0.907,0.494,0.752,0.479,0.767,0.492,0.793,0.77,0.484,0.489,0.479,0.472,0.465,0.473,0.479,0.475,0.511,0.524,0.502,0.49,0.955,0.546,0.514,0.733,0.5,0.0,0.47,0.475,0.672,0.468,0.512,0.713,0.489,0.759,0.489,0.49,1.0,0.965,0.5,0.487,0.487,0.714,0.541
0.514,0.524,0.421,0.791,0.527,0.506,0.474,0.899,0.493,0.768,0.485,0.774,0.497,0.795,0.772,0.486,0.496,0.481,0.475,0.467,0.477,0.48,0.478,0.519,0.517,0.498,0.489,0.944,0.549,0.52,0.734,0.5,0.0,0.472,0.481,0.677,0.47,0.504,0.715,0.494,0.763,0.49,0.487,0.965,1.0,0.493,0.489,0.489,0.714,0.539
0.532,0.486,0.414,0.497,0.486,0.486,0.475,0.495,0.531,0.485,0.454,0.508,0.477,0.511,0.509,0.473,0.466,0.467,0.469,0.475,0.468,0.475,0.474,0.481,0.476,0.468,0.472,0.488,0.583,0.53,0.489,0.47,0.0,0.47,0.449,0.496,0.474,0.478,0.498,0.478,0.493,0.463,0.472,0.5,0.493,1.0,0.489,0.491,0.483,0.656
0.516,0.709,0.45,0.473,0.7,0.718,0.588,0.482,0.531,0.471,0.641,0.489,0.674,0.48,0.484,0.594,0.713,0.671,0.643,0.58,0.654,0.656,0.647,0.721,0.724,0.725,0.646,0.475,0.521,0.544,0.457,0.68,0.0,0.658,0.683,0.492,0.585,0.675,0.482,0.681,0.468,0.762,0.661,0.487,0.489,0.489,1.0,0.997,0.472,0.533
0.515,0.71,0.45,0.472,0.699,0.719,0.589,0.482,0.529,0.47,0.639,0.491,0.673,0.478,0.483,0.594,0.715,0.672,0.644,0.581,0.655,0.657,0.648,0.72,0.722,0.725,0.645,0.474,0.519,0.543,0.458,0.682,0.0,0.66,0.681,0.493,0.586,0.675,0.483,0.68,0.469,0.761,0.66,0.487,0.489,0.491,0.997,1.0,0.472,0.532
0.491,0.493,0.429,0.714,0.501,0.478,0.45,0.688,0.5,0.717,0.483,0.686,0.494,0.707,0.707,0.466,0.462,0.46,0.465,0.443,0.455,0.463,0.457,0.492,0.5,0.49,0.492,0.716,0.522,0.503,0.691,0.47,0.0,0.447,0.462,0.644,0.448,0.49,0.687,0.495,0.699,0.474,0.492,0.714,0.714,0.483,0.472,0.472,1.0,0.509
0.583,0.53,0.47,0.537,0.533,0.537,0.52,0.549,0.593,0.516,0.509,0.544,0.538,0.544,0.55,0.534,0.511,0.529,0.522,0.514,0.518,0.515,0.508,0.54,0.527,0.523,0.526,0.536,0.827,0.586,0.513,0.517,0.0,0.504,0.503,0.534,0.519,0.53,0.516,0.53,0.52,0.527,0.521,0.541,0.539,0.656,0.533,0.532,0.509,1.0
