GCF_000163235.1_ASM16323v1_genomic.fna,GCF_000164555.1_ASM16455v1_genomic.fna,GCF_000208545.1_ASM20854v2_genomic.fna,GCF_000233875.1_ASM23387v1_genomic.fna,GCF_000249735.1_ASM24973v2_genomic.fna,GCF_000261145.1_Esch_coli_M919_V2_genomic.fna,GCF_000267705.2_ASM26770v2_genomic.fna,GCF_000350665.1_Esch_coli_KTE5_V1_genomic.fna,GCF_000351625.1_Esch_coli_KTE66_V1_genomic.fna,GCF_000352285.1_Esch_coli_KTE46_V1_genomic.fna,GCF_000358895.1_ASM35889v1_genomic.fna,GCF_000456385.1_Esch_coli_HVH_26_4-5703913_V1_genomic.fna,GCF_000458195.1_Esch_coli_HVH_147_4-5893887_V1_genomic.fna,GCF_000459755.1_Esch_coli_KOEGE_58_171a_V1_genomic.fna,GCF_000460055.1_Esch_coli_UMEA_3053-1_V1_genomic.fna,GCF_000462165.2_ASM46216v2_genomic.fna,GCF_000601135.1_ASM60113v1_genomic.fna,GCF_000614595.1_Ec2010EL1058_genomic.fna,GCF_000617745.1_Ec2010C-4529_genomic.fna,GCF_000618265.2_EcF6751_genomic.fna,GCF_000619005.2_Ec2009C-4052_genomic.fna,GCF_000619105.1_Ec2009C-4780_genomic.fna,GCF_000619765.2_Ec2009C-3279_genomic.fna,GCF_000687005.1_ASM68700v1_genomic.fna,GCF_000687025.1_ASM68702v1_genomic.fna,GCF_000700125.1_ASM70012v1_genomic.fna,GCF_000753315.1_FHI35_genomic.fna,GCF_000776375.1_ASM77637v1_genomic.fna,GCF_000779395.1_ASM77939v1_genomic.fna,GCF_000780315.1_ASM78031v1_genomic.fna,GCF_000781995.1_ASM78199v1_genomic.fna,GCF_000986765.1_ASM98676v1_genomic.fna,GCF_001041375.1_ViralProj287958_genomic.fna,GCF_001265335.1_302014_genomic.fna,GCF_001265625.1_100854_genomic.fna,GCF_001267345.1_303289_genomic.fna,GCF_001309985.1_ASM130998v1_genomic.fna,GCF_001521695.1_ASM152169v1_genomic.fna,GCF_001592595.1_ASM159259v1_genomic.fna,GCF_001614975.1_ASM161497v1_genomic.fna,GCF_001692775.1_ASM169277v1_genomic.fna,GCF_001748915.1_ASM174891v1_genomic.fna,GCF_001749235.1_ASM174923v1_genomic.fna,GCF_001881155.1_ASM188115v1_genomic.fna,GCF_001881345.1_ASM188134v1_genomic.fna,GCF_001892405.1_ASM189240v1_genomic.fna,GCF_001892585.1_ASM189258v1_genomic.fna,GCF_001893985.1_ASM189398v1_genomic.fna,GCF_002001595.1_ASM200159v1_genomic.fna,GCF_002002145.1_ASM200214v1_genomic.fna
1.0,0.898,0.875,0.895,0.891,0.896,0.895,0.892,0.929,0.883,0.873,0.898,0.883,0.895,0.881,0.899,0.895,0.892,0.897,0.891,0.881,0.889,0.893,0.904,0.885,0.897,0.893,0.894,0.907,0.912,0.879,0.885,0.02,0.891,0.883,0.892,0.891,0.898,0.887,0.889,0.881,0.887,0.891,0.893,0.896,0.876,0.888,0.889,0.88,0.905
0.898,1.0,0.88,0.884,0.923,0.943,0.909,0.885,0.896,0.864,0.895,0.886,0.903,0.882,0.882,0.913,0.93,0.923,0.919,0.906,0.906,0.912,0.916,0.938,0.949,0.924,0.915,0.882,0.903,0.888,0.885,0.922,0.019,0.92,0.921,0.885,0.907,0.921,0.889,0.907,0.886,0.935,0.914,0.889,0.885,0.88,0.928,0.929,0.886,0.896
0.875,0.88,1.0,0.866,0.873,0.873,0.875,0.868,0.882,0.846,0.838,0.866,0.852,0.867,0.867,0.868,0.868,0.873,0.872,0.874,0.878,0.862,0.87,0.86,0.875,0.865,0.868,0.865,0.888,0.872,0.878,0.882,0.018,0.88,0.845,0.88,0.875,0.867,0.876,0.858,0.882,0.869,0.865,0.873,0.872,0.868,0.866,0.867,0.88,0.881
0.895,0.884,0.866,1.0,0.879,0.882,0.885,0.933,0.892,0.925,0.861,0.944,0.866,0.949,0.946,0.887,0.873,0.883,0.877,0.882,0.862,0.872,0.874,0.884,0.88,0.887,0.874,0.95,0.894,0.884,0.923,0.871,0.019,0.871,0.862,0.919,0.883,0.876,0.917,0.868,0.937,0.885,0.878,0.943,0.945,0.869,0.884,0.885,0.914,0.892
0.891,0.923,0.873,0.879,1.0,0.936,0.904,0.881,0.897,0.868,0.927,0.877,0.932,0.881,0.878,0.911,0.931,0.928,0.927,0.901,0.918,0.927,0.929,0.928,0.927,0.917,0.931,0.875,0.887,0.893,0.874,0.926,0.016,0.932,0.915,0.88,0.902,0.934,0.881,0.934,0.882,0.932,0.936,0.88,0.88,0.872,0.928,0.929,0.877,0.889
0.896,0.943,0.873,0.882,0.936,1.0,0.904,0.883,0.894,0.867,0.908,0.883,0.919,0.885,0.88,0.91,0.936,0.924,0.915,0.901,0.905,0.927,0.924,0.943,0.941,0.924,0.92,0.876,0.89,0.887,0.875,0.917,0.019,0.929,0.931,0.879,0.902,0.927,0.881,0.919,0.878,0.934,0.93,0.88,0.881,0.871,0.931,0.932,0.869,0.886
0.895,0.909,0.875,0.885,0.904,0.904,1.0,0.885,0.901,0.864,0.878,0.882,0.883,0.882,0.877,0.985,0.894,0.91,0.909,0.993,0.914,0.899,0.907,0.903,0.9,0.895,0.899,0.88,0.894,0.886,0.889,0.903,0.019,0.909,0.882,0.897,0.996,0.896,0.891,0.886,0.893,0.907,0.898,0.886,0.885,0.877,0.9,0.902,0.891,0.889
0.892,0.885,0.868,0.933,0.881,0.883,0.885,1.0,0.89,0.918,0.856,0.926,0.866,0.933,0.926,0.886,0.876,0.886,0.872,0.882,0.864,0.879,0.887,0.885,0.882,0.882,0.879,0.962,0.892,0.881,0.924,0.875,0.018,0.877,0.856,0.911,0.882,0.877,0.912,0.868,0.927,0.885,0.876,0.966,0.964,0.868,0.881,0.881,0.923,0.891
0.929,0.896,0.882,0.892,0.897,0.894,0.901,0.89,1.0,0.886,0.875,0.887,0.885,0.89,0.88,0.9,0.898,0.903,0.9,0.896,0.883,0.893,0.896,0.899,0.89,0.894,0.897,0.889,0.901,0.922,0.884,0.886,0.018,0.9,0.877,0.896,0.898,0.896,0.893,0.892,0.886,0.892,0.889,0.896,0.892,0.882,0.888,0.889,0.892,0.906
0.883,0.864,0.846,0.925,0.868,0.867,0.864,0.918,0.886,1.0,0.867,0.92,0.872,0.922,0.914,0.868,0.858,0.863,0.86,0.862,0.844,0.86,0.862,0.875,0.86,0.88,0.877,0.926,0.875,0.892,0.91,0.848,0.017,0.857,0.858,0.9,0.862,0.866,0.907,0.871,0.919,0.862,0.868,0.919,0.921,0.851,0.865,0.866,0.903,0.876
0.873,0.895,0.838,0.861,0.927,0.908,0.878,0.856,0.875,0.867,1.0,0.856,0.936,0.863,0.851,0.886,0.902,0.911,0.913,0.875,0.886,0.91,0.907,0.913,0.893,0.91,0.914,0.86,0.863,0.889,0.848,0.897,0.018,0.899,0.917,0.857,0.876,0.912,0.858,0.932,0.855,0.911,0.916,0.853,0.854,0.848,0.901,0.9,0.853,0.868
0.898,0.886,0.866,0.944,0.877,0.883,0.882,0.926,0.887,0.92,0.856,1.0,0.865,0.943,0.955,0.885,0.877,0.884,0.876,0.879,0.871,0.879,0.88,0.886,0.875,0.888,0.884,0.942,0.889,0.888,0.912,0.872,0.019,0.876,0.866,0.911,0.88,0.877,0.918,0.873,0.924,0.879,0.881,0.94,0.94,0.865,0.884,0.885,0.912,0.888
0.883,0.903,0.852,0.866,0.932,0.919,0.883,0.866,0.885,0.872,0.936,0.865,1.0,0.872,0.858,0.892,0.909,0.918,0.92,0.878,0.907,0.938,0.935,0.922,0.903,0.915,0.932,0.868,0.873,0.893,0.859,0.913,0.019,0.928,0.916,0.862,0.88,0.926,0.868,0.943,0.862,0.909,0.93,0.861,0.864,0.854,0.904,0.903,0.864,0.876
0.895,0.882,0.867,0.949,0.881,0.885,0.882,0.933,0.89,0.922,0.863,0.943,0.872,1.0,0.947,0.884,0.879,0.88,0.875,0.88,0.865,0.875,0.878,0.884,0.875,0.889,0.875,0.946,0.887,0.881,0.922,0.866,0.02,0.873,0.861,0.912,0.879,0.878,0.919,0.872,0.934,0.879,0.874,0.943,0.944,0.871,0.882,0.882,0.923,0.887
0.881,0.882,0.867,0.946,0.878,0.88,0.877,0.926,0.88,0.914,0.851,0.955,0.858,0.947,1.0,0.88,0.873,0.881,0.879,0.875,0.869,0.865,0.877,0.874,0.882,0.872,0.869,0.934,0.887,0.869,0.929,0.872,0.018,0.876,0.855,0.911,0.875,0.873,0.92,0.862,0.937,0.885,0.873,0.939,0.936,0.872,0.885,0.887,0.92,0.888
0.899,0.913,0.868,0.887,0.911,0.91,0.985,0.886,0.9,0.868,0.886,0.885,0.892,0.884,0.88,1.0,0.901,0.911,0.914,0.979,0.907,0.904,0.912,0.905,0.903,0.902,0.907,0.882,0.893,0.892,0.885,0.898,0.019,0.914,0.888,0.897,0.982,0.9,0.891,0.896,0.889,0.912,0.904,0.888,0.887,0.873,0.905,0.907,0.887,0.892
0.895,0.93,0.868,0.873,0.931,0.936,0.894,0.876,0.898,0.858,0.902,0.877,0.909,0.879,0.873,0.901,1.0,0.918,0.917,0.893,0.899,0.918,0.92,0.939,0.926,0.929,0.918,0.874,0.886,0.886,0.869,0.922,0.016,0.925,0.91,0.874,0.893,0.923,0.872,0.916,0.87,0.932,0.919,0.881,0.878,0.865,0.931,0.932,0.87,0.882
0.892,0.923,0.873,0.883,0.928,0.924,0.91,0.886,0.903,0.863,0.911,0.884,0.918,0.88,0.881,0.911,0.918,1.0,0.946,0.906,0.922,0.937,0.941,0.922,0.919,0.918,0.925,0.878,0.892,0.893,0.875,0.928,0.018,0.934,0.903,0.888,0.908,0.925,0.893,0.92,0.88,0.925,0.93,0.886,0.881,0.868,0.917,0.917,0.882,0.889
0.897,0.919,0.872,0.877,0.927,0.915,0.909,0.872,0.9,0.86,0.913,0.876,0.92,0.875,0.879,0.914,0.917,0.946,1.0,0.905,0.927,0.937,0.936,0.917,0.917,0.914,0.924,0.869,0.887,0.892,0.867,0.929,0.018,0.931,0.906,0.885,0.907,0.924,0.886,0.925,0.876,0.927,0.928,0.877,0.874,0.868,0.914,0.916,0.875,0.885
0.891,0.906,0.874,0.882,0.901,0.901,0.993,0.882,0.896,0.862,0.875,0.879,0.878,0.88,0.875,0.979,0.893,0.906,0.905,1.0,0.911,0.894,0.902,0.902,0.899,0.892,0.896,0.876,0.89,0.88,0.89,0.9,0.019,0.903,0.879,0.894,0.996,0.892,0.888,0.884,0.895,0.904,0.894,0.882,0.881,0.878,0.894,0.896,0.889,0.886
0.881,0.906,0.878,0.862,0.918,0.905,0.914,0.864,0.883,0.844,0.886,0.871,0.907,0.865,0.869,0.907,0.899,0.922,0.927,0.911,1.0,0.922,0.929,0.901,0.906,0.894,0.914,0.862,0.876,0.872,0.88,0.933,0.018,0.926,0.886,0.875,0.913,0.917,0.876,0.911,0.876,0.908,0.913,0.868,0.868,0.873,0.905,0.905,0.882,0.863
0.889,0.912,0.862,0.872,0.927,0.927,0.899,0.879,0.893,0.86,0.91,0.879,0.938,0.875,0.865,0.904,0.918,0.937,0.937,0.894,0.922,1.0,0.972,0.92,0.913,0.914,0.936,0.874,0.876,0.888,0.858,0.93,0.019,0.952,0.9,0.873,0.896,0.937,0.872,0.929,0.868,0.916,0.941,0.875,0.877,0.861,0.916,0.915,0.866,0.877
0.893,0.916,0.87,0.874,0.929,0.924,0.907,0.887,0.896,0.862,0.907,0.88,0.935,0.878,0.877,0.912,0.92,0.941,0.936,0.902,0.929,0.972,1.0,0.92,0.917,0.914,0.935,0.878,0.883,0.888,0.87,0.937,0.018,0.955,0.895,0.88,0.904,0.938,0.878,0.926,0.874,0.917,0.934,0.884,0.88,0.863,0.912,0.913,0.88,0.882
0.904,0.938,0.86,0.884,0.928,0.943,0.903,0.885,0.899,0.875,0.913,0.886,0.922,0.884,0.874,0.905,0.939,0.922,0.917,0.902,0.901,0.92,0.92,1.0,0.937,0.936,0.923,0.887,0.886,0.899,0.87,0.916,0.019,0.914,0.938,0.878,0.902,0.929,0.873,0.923,0.873,0.933,0.926,0.883,0.883,0.867,0.922,0.922,0.873,0.878
0.885,0.949,0.875,0.88,0.927,0.941,0.9,0.882,0.89,0.86,0.893,0.875,0.903,0.875,0.882,0.903,0.926,0.919,0.917,0.899,0.906,0.913,0.917,0.937,1.0,0.929,0.912,0.878,0.895,0.882,0.882,0.928,0.018,0.922,0.919,0.882,0.899,0.921,0.883,0.909,0.885,0.935,0.918,0.885,0.879,0.88,0.92,0.922,0.886,0.887
0.897,0.924,0.865,0.887,0.917,0.924,0.895,0.882,0.894,0.88,0.91,0.888,0.915,0.889,0.872,0.902,0.929,0.918,0.914,0.892,0.894,0.914,0.914,0.936,0.929,1.0,0.916,0.885,0.88,0.901,0.866,0.906,0.019,0.913,0.923,0.873,0.894,0.914,0.868,0.92,0.87,0.929,0.921,0.884,0.882,0.863,0.924,0.925,0.878,0.877
0.893,0.915,0.868,0.874,0.931,0.92,0.899,0.879,0.897,0.877,0.914,0.884,0.932,0.875,0.869,0.907,0.918,0.925,0.924,0.896,0.914,0.936,0.935,0.923,0.912,0.916,1.0,0.877,0.884,0.893,0.868,0.922,0.018,0.927,0.902,0.874,0.897,0.947,0.875,0.936,0.874,0.914,0.944,0.875,0.877,0.867,0.905,0.906,0.873,0.889
0.894,0.882,0.865,0.95,0.875,0.876,0.88,0.962,0.889,0.926,0.86,0.942,0.868,0.946,0.934,0.882,0.874,0.878,0.869,0.876,0.862,0.874,0.878,0.887,0.878,0.885,0.877,1.0,0.886,0.89,0.918,0.866,0.019,0.874,0.862,0.911,0.877,0.876,0.913,0.869,0.928,0.876,0.881,0.985,0.986,0.861,0.876,0.876,0.919,0.887
0.907,0.903,0.888,0.894,0.887,0.89,0.894,0.892,0.901,0.875,0.863,0.889,0.873,0.887,0.887,0.893,0.886,0.892,0.887,0.89,0.876,0.876,0.883,0.886,0.895,0.88,0.884,0.886,1.0,0.893,0.901,0.894,0.019,0.891,0.871,0.894,0.891,0.886,0.891,0.882,0.897,0.897,0.88,0.891,0.888,0.9,0.878,0.879,0.895,0.948
0.912,0.888,0.872,0.884,0.893,0.887,0.886,0.881,0.922,0.892,0.889,0.888,0.893,0.881,0.869,0.892,0.886,0.893,0.892,0.88,0.872,0.888,0.888,0.899,0.882,0.901,0.893,0.89,0.893,1.0,0.875,0.875,0.017,0.886,0.891,0.883,0.882,0.892,0.878,0.907,0.874,0.881,0.894,0.885,0.885,0.872,0.881,0.881,0.872,0.896
0.879,0.885,0.878,0.923,0.874,0.875,0.889,0.924,0.884,0.91,0.848,0.912,0.859,0.922,0.929,0.885,0.869,0.875,0.867,0.89,0.88,0.858,0.87,0.87,0.882,0.866,0.868,0.918,0.901,0.875,1.0,0.878,0.017,0.869,0.847,0.913,0.89,0.869,0.916,0.861,0.962,0.882,0.865,0.924,0.918,0.887,0.874,0.876,0.929,0.891
0.885,0.922,0.882,0.871,0.926,0.917,0.903,0.875,0.886,0.848,0.897,0.872,0.913,0.866,0.872,0.898,0.922,0.928,0.929,0.9,0.933,0.93,0.937,0.916,0.928,0.906,0.922,0.866,0.894,0.875,0.878,1.0,0.019,0.934,0.89,0.874,0.902,0.936,0.88,0.923,0.881,0.927,0.932,0.872,0.869,0.867,0.911,0.913,0.879,0.874
0.02,0.019,0.018,0.019,0.016,0.019,0.019,0.018,0.018,0.017,0.018,0.019,0.019,0.02,0.018,0.019,0.016,0.018,0.018,0.019,0.018,0.019,0.018,0.019,0.018,0.019,0.018,0.019,0.019,0.017,0.017,0.019,1.0,0.019,0.017,0.018,0.019,0.018,0.017,0.018,0.018,0.019,0.018,0.018,0.019,0.016,0.018,0.018,0.018,0.019
0.891,0.92,0.88,0.871,0.932,0.929,0.909,0.877,0.9,0.857,0.899,0.876,0.928,0.873,0.876,0.914,0.925,0.934,0.931,0.903,0.926,0.952,0.955,0.914,0.922,0.913,0.927,0.874,0.891,0.886,0.869,0.934,0.019,1.0,0.901,0.886,0.907,0.929,0.879,0.926,0.872,0.923,0.93,0.881,0.879,0.868,0.918,0.92,0.873,0.888
0.883,0.921,0.845,0.862,0.915,0.931,0.882,0.856,0.877,0.858,0.917,0.866,0.916,0.861,0.855,0.888,0.91,0.903,0.906,0.879,0.886,0.9,0.895,0.938,0.919,0.923,0.902,0.862,0.871,0.891,0.847,0.89,0.017,0.901,1.0,0.86,0.88,0.906,0.857,0.917,0.848,0.916,0.913,0.856,0.858,0.847,0.905,0.905,0.845,0.867
0.892,0.885,0.88,0.919,0.88,0.879,0.897,0.911,0.896,0.9,0.857,0.911,0.862,0.912,0.911,0.897,0.874,0.888,0.885,0.894,0.875,0.873,0.88,0.878,0.882,0.873,0.874,0.911,0.894,0.883,0.913,0.874,0.018,0.886,0.86,1.0,0.895,0.867,0.921,0.861,0.917,0.892,0.87,0.915,0.914,0.873,0.882,0.884,0.919,0.905
0.891,0.907,0.875,0.883,0.902,0.902,0.996,0.882,0.898,0.862,0.876,0.88,0.88,0.879,0.875,0.982,0.893,0.908,0.907,0.996,0.913,0.896,0.904,0.902,0.899,0.894,0.897,0.877,0.891,0.882,0.89,0.902,0.019,0.907,0.88,0.895,1.0,0.894,0.89,0.883,0.895,0.906,0.895,0.883,0.882,0.877,0.896,0.898,0.89,0.886
0.898,0.921,0.867,0.876,0.934,0.927,0.896,0.877,0.896,0.866,0.912,0.877,0.926,0.878,0.873,0.9,0.923,0.925,0.924,0.892,0.917,0.937,0.938,0.929,0.921,0.914,0.947,0.876,0.886,0.892,0.869,0.936,0.018,0.929,0.906,0.867,0.894,1.0,0.875,0.936,0.869,0.919,0.953,0.877,0.874,0.868,0.916,0.917,0.869,0.88
0.887,0.889,0.876,0.917,0.881,0.881,0.891,0.912,0.893,0.907,0.858,0.918,0.868,0.919,0.92,0.891,0.872,0.893,0.886,0.888,0.876,0.872,0.878,0.873,0.883,0.868,0.875,0.913,0.891,0.878,0.916,0.88,0.017,0.879,0.857,0.921,0.89,0.875,1.0,0.869,0.925,0.896,0.877,0.92,0.917,0.873,0.879,0.88,0.92,0.889
0.889,0.907,0.858,0.868,0.934,0.919,0.886,0.868,0.892,0.871,0.932,0.873,0.943,0.872,0.862,0.896,0.916,0.92,0.925,0.884,0.911,0.929,0.926,0.923,0.909,0.92,0.936,0.869,0.882,0.907,0.861,0.923,0.018,0.926,0.917,0.861,0.883,0.936,0.869,1.0,0.867,0.911,0.943,0.861,0.863,0.866,0.912,0.912,0.863,0.881
0.881,0.886,0.882,0.937,0.882,0.878,0.893,0.927,0.886,0.919,0.855,0.924,0.862,0.934,0.937,0.889,0.87,0.88,0.876,0.895,0.876,0.868,0.874,0.873,0.885,0.87,0.874,0.928,0.897,0.874,0.962,0.881,0.018,0.872,0.848,0.917,0.895,0.869,0.925,0.867,1.0,0.886,0.865,0.934,0.927,0.884,0.875,0.877,0.933,0.891
0.887,0.935,0.869,0.885,0.932,0.934,0.907,0.885,0.892,0.862,0.911,0.879,0.909,0.879,0.885,0.912,0.932,0.925,0.927,0.904,0.908,0.916,0.917,0.933,0.935,0.929,0.914,0.876,0.897,0.881,0.882,0.927,0.019,0.923,0.916,0.892,0.906,0.919,0.896,0.911,0.886,1.0,0.922,0.884,0.882,0.877,0.941,0.941,0.884,0.891
0.891,0.914,0.865,0.878,0.936,0.93,0.898,0.876,0.889,0.868,0.916,0.881,0.93,0.874,0.873,0.904,0.919,0.93,0.928,0.894,0.913,0.941,0.934,0.926,0.918,0.921,0.944,0.881,0.88,0.894,0.865,0.932,0.018,0.93,0.913,0.87,0.895,0.953,0.877,0.943,0.865,0.922,1.0,0.874,0.876,0.862,0.911,0.912,0.87,0.877
0.893,0.889,0.873,0.943,0.88,0.88,0.886,0.966,0.896,0.919,0.853,0.94,0.861,0.943,0.939,0.888,0.881,0.886,0.877,0.882,0.868,0.875,0.884,0.883,0.885,0.884,0.875,0.985,0.891,0.885,0.924,0.872,0.018,0.881,0.856,0.915,0.883,0.877,0.92,0.861,0.934,0.884,0.874,1.0,0.987,0.866,0.883,0.883,0.926,0.893
0.896,0.885,0.872,0.945,0.88,0.881,0.885,0.964,0.892,0.921,0.854,0.94,0.864,0.944,0.936,0.887,0.878,0.881,0.874,0.881,0.868,0.877,0.88,0.883,0.879,0.882,0.877,0.986,0.888,0.885,0.918,0.869,0.019,0.879,0.858,0.914,0.882,0.874,0.917,0.863,0.927,0.882,0.876,0.987,1.0,0.862,0.88,0.88,0.919,0.889
0.876,0.88,0.868,0.869,0.872,0.871,0.877,0.868,0.882,0.851,0.848,0.865,0.854,0.871,0.872,0.873,0.865,0.868,0.868,0.878,0.873,0.861,0.863,0.867,0.88,0.863,0.867,0.861,0.9,0.872,0.887,0.867,0.016,0.868,0.847,0.873,0.877,0.868,0.873,0.866,0.884,0.877,0.862,0.866,0.862,1.0,0.87,0.871,0.879,0.911
0.888,0.928,0.866,0.884,0.928,0.931,0.9,0.881,0.888,0.865,0.901,0.884,0.904,0.882,0.885,0.905,0.931,0.917,0.914,0.894,0.905,0.916,0.912,0.922,0.92,0.924,0.905,0.876,0.878,0.881,0.874,0.911,0.018,0.918,0.905,0.882,0.896,0.916,0.879,0.912,0.875,0.941,0.911,0.883,0.88,0.87,1.0,0.998,0.875,0.884
0.889,0.929,0.867,0.885,0.929,0.932,0.902,0.881,0.889,0.866,0.9,0.885,0.903,0.882,0.887,0.907,0.932,0.917,0.916,0.896,0.905,0.915,0.913,0.922,0.922,0.925,0.906,0.876,0.879,0.881,0.876,0.913,0.018,0.92,0.905,0.884,0.898,0.917,0.88,0.912,0.877,0.941,0.912,0.883,0.88,0.871,0.998,1.0,0.876,0.885
0.88,0.886,0.88,0.914,0.877,0.869,0.891,0.923,0.892,0.903,0.853,0.912,0.864,0.923,0.92,0.887,0.87,0.882,0.875,0.889,0.882,0.866,0.88,0.873,0.886,0.878,0.873,0.919,0.895,0.872,0.929,0.879,0.018,0.873,0.845,0.919,0.89,0.869,0.92,0.863,0.933,0.884,0.87,0.926,0.919,0.879,0.875,0.876,1.0,0.888
0.905,0.896,0.881,0.892,0.889,0.886,0.889,0.891,0.906,0.876,0.868,0.888,0.876,0.887,0.888,0.892,0.882,0.889,0.885,0.886,0.863,0.877,0.882,0.878,0.887,0.877,0.889,0.887,0.948,0.896,0.891,0.874,0.019,0.888,0.867,0.905,0.886,0.88,0.889,0.881,0.891,0.891,0.877,0.893,0.889,0.911,0.884,0.885,0.888,1.0
