GCF_000163235.1_ASM16323v1_genomic.fna,GCF_000164555.1_ASM16455v1_genomic.fna,GCF_000208545.1_ASM20854v2_genomic.fna,GCF_000233875.1_ASM23387v1_genomic.fna,GCF_000249735.1_ASM24973v2_genomic.fna,GCF_000261145.1_Esch_coli_M919_V2_genomic.fna,GCF_000267705.2_ASM26770v2_genomic.fna,GCF_000350665.1_Esch_coli_KTE5_V1_genomic.fna,GCF_000351625.1_Esch_coli_KTE66_V1_genomic.fna,GCF_000352285.1_Esch_coli_KTE46_V1_genomic.fna,GCF_000358895.1_ASM35889v1_genomic.fna,GCF_000456385.1_Esch_coli_HVH_26_4-5703913_V1_genomic.fna,GCF_000458195.1_Esch_coli_HVH_147_4-5893887_V1_genomic.fna,GCF_000459755.1_Esch_coli_KOEGE_58_171a_V1_genomic.fna,GCF_000460055.1_Esch_coli_UMEA_3053-1_V1_genomic.fna,GCF_000462165.2_ASM46216v2_genomic.fna,GCF_000601135.1_ASM60113v1_genomic.fna,GCF_000614595.1_Ec2010EL1058_genomic.fna,GCF_000617745.1_Ec2010C-4529_genomic.fna,GCF_000618265.2_EcF6751_genomic.fna,GCF_000619005.2_Ec2009C-4052_genomic.fna,GCF_000619105.1_Ec2009C-4780_genomic.fna,GCF_000619765.2_Ec2009C-3279_genomic.fna,GCF_000687005.1_ASM68700v1_genomic.fna,GCF_000687025.1_ASM68702v1_genomic.fna,GCF_000700125.1_ASM70012v1_genomic.fna,GCF_000753315.1_FHI35_genomic.fna,GCF_000776375.1_ASM77637v1_genomic.fna,GCF_000779395.1_ASM77939v1_genomic.fna,GCF_000780315.1_ASM78031v1_genomic.fna,GCF_000781995.1_ASM78199v1_genomic.fna,GCF_000986765.1_ASM98676v1_genomic.fna,GCF_001041375.1_ViralProj287958_genomic.fna,GCF_001265335.1_302014_genomic.fna,GCF_001265625.1_100854_genomic.fna,GCF_001267345.1_303289_genomic.fna,GCF_001309985.1_ASM130998v1_genomic.fna,GCF_001521695.1_ASM152169v1_genomic.fna,GCF_001592595.1_ASM159259v1_genomic.fna,GCF_001614975.1_ASM161497v1_genomic.fna,GCF_001692775.1_ASM169277v1_genomic.fna,GCF_001748915.1_ASM174891v1_genomic.fna,GCF_001749235.1_ASM174923v1_genomic.fna,GCF_001881155.1_ASM188115v1_genomic.fna,GCF_001881345.1_ASM188134v1_genomic.fna,GCF_001892405.1_ASM189240v1_genomic.fna,GCF_001892585.1_ASM189258v1_genomic.fna,GCF_001893985.1_ASM189398v1_genomic.fna,GCF_002001595.1_ASM200159v1_genomic.fna,GCF_002002145.1_ASM200214v1_genomic.fna
1.0,0.57,0.473,0.501,0.542,0.54,0.554,0.509,0.651,0.497,0.519,0.512,0.54,0.483,0.475,0.553,0.556,0.529,0.563,0.555,0.534,0.538,0.553,0.545,0.529,0.528,0.542,0.5,0.59,0.642,0.497,0.551,0.0,0.552,0.495,0.498,0.554,0.55,0.487,0.541,0.503,0.546,0.532,0.505,0.516,0.556,0.542,0.542,0.468,0.603
0.57,1.0,0.444,0.503,0.687,0.79,0.604,0.507,0.543,0.497,0.643,0.51,0.67,0.483,0.483,0.602,0.75,0.658,0.669,0.606,0.648,0.668,0.676,0.796,0.81,0.742,0.661,0.503,0.545,0.546,0.486,0.659,0.0,0.674,0.746,0.485,0.605,0.695,0.487,0.673,0.494,0.727,0.663,0.519,0.526,0.5,0.719,0.72,0.486,0.55
0.473,0.444,1.0,0.413,0.424,0.438,0.433,0.427,0.479,0.407,0.417,0.416,0.433,0.409,0.406,0.435,0.446,0.425,0.432,0.433,0.431,0.427,0.432,0.434,0.431,0.426,0.438,0.418,0.471,0.47,0.413,0.433,0.0,0.441,0.403,0.423,0.432,0.448,0.422,0.442,0.417,0.443,0.439,0.428,0.425,0.428,0.438,0.438,0.408,0.474
0.501,0.503,0.413,1.0,0.478,0.491,0.488,0.741,0.499,0.731,0.454,0.771,0.464,0.788,0.793,0.486,0.487,0.481,0.475,0.481,0.463,0.463,0.47,0.489,0.5,0.487,0.474,0.774,0.543,0.508,0.75,0.483,0.0,0.459,0.453,0.665,0.484,0.477,0.708,0.466,0.777,0.476,0.467,0.772,0.77,0.521,0.474,0.473,0.692,0.55
0.542,0.687,0.424,0.478,1.0,0.698,0.594,0.485,0.536,0.463,0.778,0.484,0.74,0.475,0.471,0.598,0.693,0.706,0.712,0.589,0.715,0.723,0.722,0.679,0.678,0.678,0.728,0.474,0.553,0.533,0.463,0.712,0.0,0.718,0.638,0.478,0.593,0.738,0.478,0.734,0.475,0.68,0.735,0.47,0.475,0.49,0.691,0.691,0.464,0.538
0.54,0.79,0.438,0.491,0.698,1.0,0.616,0.512,0.533,0.487,0.666,0.489,0.692,0.488,0.481,0.625,0.756,0.685,0.669,0.609,0.659,0.692,0.683,0.799,0.812,0.738,0.687,0.505,0.56,0.539,0.475,0.658,0.0,0.688,0.763,0.506,0.613,0.694,0.509,0.686,0.481,0.725,0.699,0.496,0.498,0.485,0.732,0.731,0.481,0.549
0.554,0.604,0.433,0.488,0.594,0.616,1.0,0.495,0.54,0.466,0.57,0.471,0.601,0.479,0.466,0.959,0.615,0.63,0.618,0.982,0.619,0.616,0.629,0.614,0.609,0.611,0.601,0.49,0.537,0.544,0.472,0.589,0.0,0.604,0.582,0.492,0.989,0.588,0.488,0.598,0.472,0.607,0.6,0.493,0.491,0.482,0.61,0.608,0.46,0.545
0.509,0.507,0.427,0.741,0.485,0.512,0.495,1.0,0.504,0.729,0.456,0.732,0.481,0.729,0.719,0.499,0.506,0.478,0.478,0.488,0.457,0.468,0.467,0.512,0.5,0.493,0.484,0.902,0.555,0.512,0.73,0.46,0.0,0.466,0.463,0.661,0.491,0.501,0.702,0.474,0.733,0.475,0.478,0.894,0.886,0.525,0.478,0.477,0.688,0.549
0.651,0.543,0.479,0.499,0.536,0.533,0.54,0.504,1.0,0.493,0.525,0.49,0.531,0.492,0.476,0.542,0.525,0.518,0.526,0.541,0.528,0.535,0.542,0.531,0.524,0.517,0.533,0.5,0.605,0.661,0.504,0.525,0.0,0.538,0.494,0.512,0.541,0.522,0.496,0.536,0.509,0.545,0.534,0.502,0.5,0.551,0.526,0.526,0.481,0.624
0.497,0.497,0.407,0.731,0.463,0.487,0.466,0.729,0.493,1.0,0.473,0.72,0.489,0.762,0.741,0.474,0.48,0.474,0.454,0.462,0.451,0.457,0.452,0.493,0.479,0.492,0.474,0.75,0.526,0.506,0.759,0.455,0.0,0.448,0.461,0.665,0.464,0.459,0.711,0.476,0.76,0.457,0.474,0.726,0.735,0.507,0.457,0.457,0.726,0.524
0.519,0.643,0.417,0.454,0.778,0.666,0.57,0.456,0.525,0.473,1.0,0.454,0.754,0.468,0.459,0.579,0.662,0.703,0.687,0.565,0.688,0.716,0.701,0.695,0.646,0.678,0.717,0.462,0.52,0.528,0.441,0.669,0.0,0.693,0.692,0.476,0.568,0.695,0.459,0.746,0.446,0.653,0.73,0.444,0.443,0.47,0.647,0.647,0.457,0.523
0.512,0.51,0.416,0.771,0.484,0.489,0.471,0.732,0.49,0.72,0.454,1.0,0.463,0.747,0.862,0.473,0.491,0.463,0.466,0.465,0.453,0.455,0.456,0.496,0.494,0.477,0.462,0.737,0.542,0.521,0.719,0.459,0.0,0.453,0.455,0.645,0.468,0.478,0.709,0.468,0.748,0.461,0.471,0.739,0.744,0.529,0.472,0.473,0.679,0.543
0.54,0.67,0.433,0.464,0.74,0.692,0.601,0.481,0.531,0.489,0.754,0.463,1.0,0.47,0.468,0.606,0.684,0.743,0.74,0.595,0.749,0.794,0.78,0.715,0.662,0.698,0.794,0.477,0.526,0.534,0.45,0.723,0.0,0.771,0.673,0.47,0.6,0.751,0.471,0.802,0.451,0.679,0.787,0.46,0.459,0.474,0.678,0.677,0.471,0.53
0.483,0.483,0.409,0.788,0.475,0.488,0.479,0.729,0.492,0.762,0.468,0.747,0.47,1.0,0.799,0.484,0.48,0.481,0.46,0.474,0.449,0.462,0.457,0.49,0.488,0.495,0.477,0.779,0.546,0.497,0.744,0.469,0.0,0.447,0.455,0.666,0.477,0.471,0.707,0.475,0.765,0.465,0.48,0.749,0.748,0.523,0.459,0.46,0.701,0.546
0.475,0.483,0.406,0.793,0.471,0.481,0.466,0.719,0.476,0.741,0.459,0.862,0.468,0.799,1.0,0.469,0.484,0.465,0.458,0.461,0.448,0.457,0.46,0.482,0.48,0.481,0.463,0.752,0.53,0.497,0.747,0.455,0.0,0.448,0.449,0.652,0.464,0.465,0.714,0.466,0.77,0.448,0.474,0.732,0.733,0.522,0.466,0.468,0.699,0.545
0.553,0.602,0.435,0.486,0.598,0.625,0.959,0.499,0.542,0.474,0.579,0.473,0.606,0.484,0.469,1.0,0.618,0.634,0.62,0.949,0.614,0.623,0.625,0.615,0.616,0.611,0.61,0.494,0.543,0.55,0.473,0.583,0.0,0.603,0.584,0.499,0.957,0.59,0.485,0.603,0.477,0.605,0.607,0.489,0.488,0.484,0.61,0.608,0.472,0.546
0.556,0.75,0.446,0.487,0.693,0.756,0.615,0.506,0.525,0.48,0.662,0.491,0.684,0.48,0.484,0.618,1.0,0.679,0.665,0.608,0.662,0.693,0.682,0.764,0.764,0.779,0.68,0.496,0.555,0.538,0.474,0.7,0.0,0.692,0.707,0.509,0.611,0.665,0.492,0.685,0.478,0.731,0.684,0.495,0.501,0.483,0.738,0.738,0.481,0.542
0.529,0.658,0.425,0.481,0.706,0.685,0.63,0.478,0.518,0.474,0.703,0.463,0.743,0.481,0.465,0.634,0.679,1.0,0.769,0.624,0.751,0.783,0.765,0.686,0.669,0.678,0.759,0.473,0.528,0.534,0.464,0.698,0.0,0.736,0.637,0.499,0.628,0.71,0.475,0.745,0.463,0.676,0.737,0.467,0.467,0.475,0.672,0.671,0.452,0.537
0.563,0.669,0.432,0.475,0.712,0.669,0.618,0.478,0.526,0.454,0.687,0.466,0.74,0.46,0.458,0.62,0.665,0.769,1.0,0.622,0.767,0.764,0.772,0.663,0.657,0.663,0.755,0.458,0.528,0.534,0.464,0.726,0.0,0.748,0.633,0.494,0.62,0.728,0.485,0.742,0.469,0.686,0.728,0.462,0.461,0.501,0.674,0.676,0.438,0.546
0.555,0.606,0.433,0.481,0.589,0.609,0.982,0.488,0.541,0.462,0.565,0.465,0.595,0.474,0.461,0.949,0.608,0.624,0.622,1.0,0.623,0.612,0.632,0.605,0.605,0.604,0.594,0.484,0.531,0.538,0.473,0.593,0.0,0.606,0.574,0.486,0.989,0.589,0.488,0.59,0.474,0.607,0.594,0.491,0.49,0.484,0.606,0.606,0.454,0.539
0.534,0.648,0.431,0.463,0.715,0.659,0.619,0.457,0.528,0.451,0.688,0.453,0.749,0.449,0.448,0.614,0.662,0.751,0.767,0.623,1.0,0.771,0.793,0.655,0.641,0.658,0.757,0.452,0.521,0.526,0.455,0.73,0.0,0.761,0.619,0.473,0.62,0.74,0.47,0.748,0.453,0.664,0.748,0.457,0.456,0.483,0.661,0.662,0.429,0.529
0.538,0.668,0.427,0.463,0.723,0.692,0.616,0.468,0.535,0.457,0.716,0.455,0.794,0.462,0.457,0.623,0.693,0.783,0.764,0.612,0.771,1.0,0.921,0.694,0.678,0.677,0.779,0.466,0.528,0.532,0.449,0.725,0.0,0.874,0.649,0.486,0.616,0.738,0.458,0.781,0.452,0.679,0.765,0.458,0.453,0.481,0.675,0.675,0.447,0.541
0.553,0.676,0.432,0.47,0.722,0.683,0.629,0.467,0.542,0.452,0.701,0.456,0.78,0.457,0.46,0.625,0.682,0.765,0.772,0.632,0.793,0.921,1.0,0.677,0.671,0.667,0.771,0.464,0.529,0.528,0.462,0.739,0.0,0.879,0.634,0.475,0.63,0.747,0.47,0.76,0.464,0.682,0.749,0.47,0.467,0.487,0.676,0.677,0.438,0.536
0.545,0.796,0.434,0.489,0.679,0.799,0.614,0.512,0.531,0.493,0.695,0.496,0.715,0.49,0.482,0.615,0.764,0.686,0.663,0.605,0.655,0.694,0.677,1.0,0.804,0.77,0.686,0.503,0.54,0.543,0.469,0.652,0.0,0.683,0.821,0.502,0.61,0.662,0.485,0.694,0.473,0.728,0.688,0.49,0.495,0.48,0.72,0.719,0.485,0.541
0.529,0.81,0.431,0.5,0.678,0.812,0.609,0.5,0.524,0.479,0.646,0.494,0.662,0.488,0.48,0.616,0.764,0.669,0.657,0.605,0.641,0.678,0.671,0.804,1.0,0.768,0.668,0.498,0.54,0.53,0.479,0.666,0.0,0.662,0.763,0.492,0.608,0.668,0.489,0.664,0.483,0.715,0.672,0.504,0.497,0.484,0.717,0.714,0.488,0.531
0.528,0.742,0.426,0.487,0.678,0.738,0.611,0.493,0.517,0.492,0.678,0.477,0.698,0.495,0.481,0.611,0.779,0.678,0.663,0.604,0.658,0.677,0.667,0.77,0.768,1.0,0.669,0.492,0.533,0.521,0.47,0.653,0.0,0.659,0.72,0.493,0.608,0.657,0.483,0.69,0.474,0.718,0.673,0.487,0.482,0.474,0.711,0.71,0.504,0.534
0.542,0.661,0.438,0.474,0.728,0.687,0.601,0.484,0.533,0.474,0.717,0.462,0.794,0.477,0.463,0.61,0.68,0.759,0.755,0.594,0.757,0.779,0.771,0.686,0.668,0.669,1.0,0.475,0.538,0.545,0.461,0.732,0.0,0.757,0.64,0.491,0.599,0.81,0.472,0.797,0.46,0.675,0.842,0.469,0.464,0.486,0.664,0.663,0.46,0.545
0.5,0.503,0.418,0.774,0.474,0.505,0.49,0.902,0.5,0.75,0.462,0.737,0.477,0.779,0.752,0.494,0.496,0.473,0.458,0.484,0.452,0.466,0.464,0.503,0.498,0.492,0.475,1.0,0.545,0.503,0.729,0.462,0.0,0.454,0.46,0.662,0.487,0.486,0.691,0.476,0.749,0.465,0.474,0.946,0.929,0.517,0.473,0.472,0.717,0.536
0.59,0.545,0.471,0.543,0.553,0.56,0.537,0.555,0.605,0.526,0.52,0.542,0.526,0.546,0.53,0.543,0.555,0.528,0.528,0.531,0.521,0.528,0.529,0.54,0.54,0.533,0.538,0.545,1.0,0.6,0.53,0.527,0.0,0.527,0.5,0.543,0.534,0.541,0.532,0.53,0.532,0.525,0.534,0.537,0.54,0.63,0.518,0.517,0.519,0.863
0.642,0.546,0.47,0.508,0.533,0.539,0.544,0.512,0.661,0.506,0.528,0.521,0.534,0.497,0.497,0.55,0.538,0.534,0.534,0.538,0.526,0.532,0.528,0.543,0.53,0.521,0.545,0.503,0.6,1.0,0.507,0.511,0.0,0.519,0.51,0.514,0.541,0.522,0.498,0.553,0.512,0.528,0.553,0.498,0.495,0.544,0.533,0.534,0.49,0.614
0.497,0.486,0.413,0.75,0.463,0.475,0.472,0.73,0.504,0.759,0.441,0.719,0.45,0.744,0.747,0.473,0.474,0.464,0.464,0.473,0.455,0.449,0.462,0.469,0.479,0.47,0.461,0.729,0.53,0.507,1.0,0.462,0.0,0.455,0.435,0.663,0.473,0.465,0.713,0.455,0.903,0.47,0.451,0.736,0.738,0.529,0.462,0.462,0.683,0.53
0.551,0.659,0.433,0.483,0.712,0.658,0.589,0.46,0.525,0.455,0.669,0.459,0.723,0.469,0.455,0.583,0.7,0.698,0.726,0.593,0.73,0.725,0.739,0.652,0.666,0.653,0.732,0.462,0.527,0.511,0.462,1.0,0.0,0.733,0.601,0.467,0.589,0.74,0.481,0.733,0.46,0.686,0.731,0.467,0.466,0.493,0.673,0.675,0.435,0.519
0.0,0.0,0.0,0.0,0.0,0.0,0.0,0.0,0.0,0.0,0.0,0.0,0.0,0.0,0.0,0.0,0.0,0.0,0.0,0.0,0.0,0.0,0.0,0.0,0.0,0.0,0.0,0.0,0.0,0.0,0.0,0.0,1.0,0.0,0.0,0.0,0.0,0.0,0.0,0.0,0.0,0.0,0.0,0.0,0.0,0.0,0.0,0.0,0.0,0.0
0.552,0.674,0.441,0.459,0.718,0.688,0.604,0.466,0.538,0.448,0.693,0.453,0.771,0.447,0.448,0.603,0.692,0.736,0.748,0.606,0.761,0.874,0.879,0.683,0.662,0.659,0.757,0.454,0.527,0.519,0.455,0.733,0.0,1.0,0.64,0.49,0.605,0.741,0.477,0.751,0.455,0.685,0.748,0.46,0.463,0.481,0.677,0.678,0.433,0.536
0.495,0.746,0.403,0.453,0.638,0.763,0.582,0.463,0.494,0.461,0.692,0.455,0.673,0.455,0.449,0.584,0.707,0.637,0.633,0.574,0.619,0.649,0.634,0.821,0.763,0.72,0.64,0.46,0.5,0.51,0.435,0.601,0.0,0.64,1.0,0.469,0.578,0.618,0.451,0.657,0.441,0.677,0.649,0.444,0.448,0.449,0.673,0.671,0.446,0.499
0.498,0.485,0.423,0.665,0.478,0.506,0.492,0.661,0.512,0.665,0.476,0.645,0.47,0.666,0.652,0.499,0.509,0.499,0.494,0.486,0.473,0.486,0.475,0.502,0.492,0.493,0.491,0.662,0.543,0.514,0.663,0.467,0.0,0.49,0.469,1.0,0.489,0.47,0.679,0.485,0.669,0.481,0.481,0.653,0.653,0.506,0.48,0.479,0.646,0.545
0.554,0.605,0.432,0.484,0.593,0.613,0.989,0.491,0.541,0.464,0.568,0.468,0.6,0.477,0.464,0.957,0.611,0.628,0.62,0.989,0.62,0.616,0.63,0.61,0.608,0.608,0.599,0.487,0.534,0.541,0.473,0.589,0.0,0.605,0.578,0.489,1.0,0.589,0.486,0.595,0.473,0.607,0.598,0.492,0.49,0.483,0.611,0.609,0.458,0.543
0.55,0.695,0.448,0.477,0.738,0.694,0.588,0.501,0.522,0.459,0.695,0.478,0.751,0.471,0.465,0.59,0.665,0.71,0.728,0.589,0.74,0.738,0.747,0.662,0.668,0.657,0.81,0.486,0.541,0.522,0.465,0.74,0.0,0.741,0.618,0.47,0.589,1.0,0.491,0.765,0.473,0.693,0.84,0.49,0.48,0.492,0.682,0.683,0.456,0.537
0.487,0.487,0.422,0.708,0.478,0.509,0.488,0.702,0.496,0.711,0.459,0.709,0.471,0.707,0.714,0.485,0.492,0.475,0.485,0.488,0.47,0.458,0.47,0.485,0.489,0.483,0.472,0.691,0.532,0.498,0.713,0.481,0.0,0.477,0.451,0.679,0.486,0.491,1.0,0.475,0.714,0.486,0.477,0.705,0.708,0.515,0.482,0.482,0.676,0.53
0.541,0.673,0.442,0.466,0.734,0.686,0.598,0.474,0.536,0.476,0.746,0.468,0.802,0.475,0.466,0.603,0.685,0.745,0.742,0.59,0.748,0.781,0.76,0.694,0.664,0.69,0.797,0.476,0.53,0.553,0.455,0.733,0.0,0.751,0.657,0.485,0.595,0.765,0.475,1.0,0.456,0.689,0.794,0.457,0.454,0.486,0.69,0.688,0.462,0.54
0.503,0.494,0.417,0.777,0.475,0.481,0.472,0.733,0.509,0.76,0.446,0.748,0.451,0.765,0.77,0.477,0.478,0.463,0.469,0.474,0.453,0.452,0.464,0.473,0.483,0.474,0.46,0.749,0.532,0.512,0.903,0.46,0.0,0.455,0.441,0.669,0.473,0.473,0.714,0.456,1.0,0.472,0.455,0.757,0.756,0.53,0.469,0.471,0.693,0.531
0.546,0.727,0.443,0.476,0.68,0.725,0.607,0.475,0.545,0.457,0.653,0.461,0.679,0.465,0.448,0.605,0.731,0.676,0.686,0.607,0.664,0.679,0.682,0.728,0.715,0.718,0.675,0.465,0.525,0.528,0.47,0.686,0.0,0.685,0.677,0.481,0.607,0.693,0.486,0.689,0.472,1.0,0.695,0.472,0.471,0.48,0.763,0.764,0.452,0.532
0.532,0.663,0.439,0.467,0.735,0.699,0.6,0.478,0.534,0.474,0.73,0.471,0.787,0.48,0.474,0.607,0.684,0.737,0.728,0.594,0.748,0.765,0.749,0.688,0.672,0.673,0.842,0.474,0.534,0.553,0.451,0.731,0.0,0.748,0.649,0.481,0.598,0.84,0.477,0.794,0.455,0.695,1.0,0.457,0.455,0.487,0.679,0.678,0.462,0.538
0.505,0.519,0.428,0.772,0.47,0.496,0.493,0.894,0.502,0.726,0.444,0.739,0.46,0.749,0.732,0.489,0.495,0.467,0.462,0.491,0.457,0.458,0.47,0.49,0.504,0.487,0.469,0.946,0.537,0.498,0.736,0.467,0.0,0.46,0.444,0.653,0.492,0.49,0.705,0.457,0.757,0.472,0.457,1.0,0.961,0.523,0.476,0.476,0.703,0.536
0.516,0.526,0.425,0.77,0.475,0.498,0.491,0.886,0.5,0.735,0.443,0.744,0.459,0.748,0.733,0.488,0.501,0.467,0.461,0.49,0.456,0.453,0.467,0.495,0.497,0.482,0.464,0.929,0.54,0.495,0.738,0.466,0.0,0.463,0.448,0.653,0.49,0.48,0.708,0.454,0.756,0.471,0.455,0.961,1.0,0.52,0.478,0.478,0.693,0.538
0.556,0.5,0.428,0.521,0.49,0.485,0.482,0.525,0.551,0.507,0.47,0.529,0.474,0.523,0.522,0.484,0.483,0.475,0.501,0.484,0.483,0.481,0.487,0.48,0.484,0.474,0.486,0.517,0.63,0.544,0.529,0.493,0.0,0.481,0.449,0.506,0.483,0.492,0.515,0.486,0.53,0.48,0.487,0.523,0.52,1.0,0.489,0.49,0.497,0.685
0.542,0.719,0.438,0.474,0.691,0.732,0.61,0.478,0.526,0.457,0.647,0.472,0.678,0.459,0.466,0.61,0.738,0.672,0.674,0.606,0.661,0.675,0.676,0.72,0.717,0.711,0.664,0.473,0.518,0.533,0.462,0.673,0.0,0.677,0.673,0.48,0.611,0.682,0.482,0.69,0.469,0.763,0.679,0.476,0.478,0.489,1.0,0.997,0.448,0.533
0.542,0.72,0.438,0.473,0.691,0.731,0.608,0.477,0.526,0.457,0.647,0.473,0.677,0.46,0.468,0.608,0.738,0.671,0.676,0.606,0.662,0.675,0.677,0.719,0.714,0.71,0.663,0.472,0.517,0.534,0.462,0.675,0.0,0.678,0.671,0.479,0.609,0.683,0.482,0.688,0.471,0.764,0.678,0.476,0.478,0.49,0.997,1.0,0.448,0.534
0.468,0.486,0.408,0.692,0.464,0.481,0.46,0.688,0.481,0.726,0.457,0.679,0.471,0.701,0.699,0.472,0.481,0.452,0.438,0.454,0.429,0.447,0.438,0.485,0.488,0.504,0.46,0.717,0.519,0.49,0.683,0.435,0.0,0.433,0.446,0.646,0.458,0.456,0.676,0.462,0.693,0.452,0.462,0.703,0.693,0.497,0.448,0.448,1.0,0.523
0.603,0.55,0.474,0.55,0.538,0.549,0.545,0.549,0.624,0.524,0.523,0.543,0.53,0.546,0.545,0.546,0.542,0.537,0.546,0.539,0.529,0.541,0.536,0.541,0.531,0.534,0.545,0.536,0.863,0.614,0.53,0.519,0.0,0.536,0.499,0.545,0.543,0.537,0.53,0.54,0.531,0.532,0.538,0.536,0.538,0.685,0.533,0.534,0.523,1.0
