GCF_000163235.1_ASM16323v1_genomic.fna,GCF_000164555.1_ASM16455v1_genomic.fna,GCF_000208545.1_ASM20854v2_genomic.fna,GCF_000233875.1_ASM23387v1_genomic.fna,GCF_000249735.1_ASM24973v2_genomic.fna,GCF_000261145.1_Esch_coli_M919_V2_genomic.fna,GCF_000267705.2_ASM26770v2_genomic.fna,GCF_000350665.1_Esch_coli_KTE5_V1_genomic.fna,GCF_000351625.1_Esch_coli_KTE66_V1_genomic.fna,GCF_000352285.1_Esch_coli_KTE46_V1_genomic.fna,GCF_000358895.1_ASM35889v1_genomic.fna,GCF_000456385.1_Esch_coli_HVH_26_4-5703913_V1_genomic.fna,GCF_000458195.1_Esch_coli_HVH_147_4-5893887_V1_genomic.fna,GCF_000459755.1_Esch_coli_KOEGE_58_171a_V1_genomic.fna,GCF_000460055.1_Esch_coli_UMEA_3053-1_V1_genomic.fna,GCF_000462165.2_ASM46216v2_genomic.fna,GCF_000601135.1_ASM60113v1_genomic.fna,GCF_000614595.1_Ec2010EL1058_genomic.fna,GCF_000617745.1_Ec2010C-4529_genomic.fna,GCF_000618265.2_EcF6751_genomic.fna,GCF_000619005.2_Ec2009C-4052_genomic.fna,GCF_000619105.1_Ec2009C-4780_genomic.fna,GCF_000619765.2_Ec2009C-3279_genomic.fna,GCF_000687005.1_ASM68700v1_genomic.fna,GCF_000687025.1_ASM68702v1_genomic.fna,GCF_000700125.1_ASM70012v1_genomic.fna,GCF_000753315.1_FHI35_genomic.fna,GCF_000776375.1_ASM77637v1_genomic.fna,GCF_000779395.1_ASM77939v1_genomic.fna,GCF_000780315.1_ASM78031v1_genomic.fna,GCF_000781995.1_ASM78199v1_genomic.fna,GCF_000986765.1_ASM98676v1_genomic.fna,GCF_001041375.1_ViralProj287958_genomic.fna,GCF_001265335.1_302014_genomic.fna,GCF_001265625.1_100854_genomic.fna,GCF_001267345.1_303289_genomic.fna,GCF_001309985.1_ASM130998v1_genomic.fna,GCF_001521695.1_ASM152169v1_genomic.fna,GCF_001592595.1_ASM159259v1_genomic.fna,GCF_001614975.1_ASM161497v1_genomic.fna,GCF_001692775.1_ASM169277v1_genomic.fna,GCF_001748915.1_ASM174891v1_genomic.fna,GCF_001749235.1_ASM174923v1_genomic.fna,GCF_001881155.1_ASM188115v1_genomic.fna,GCF_001881345.1_ASM188134v1_genomic.fna,GCF_001892405.1_ASM189240v1_genomic.fna,GCF_001892585.1_ASM189258v1_genomic.fna,GCF_001893985.1_ASM189398v1_genomic.fna,GCF_002001595.1_ASM200159v1_genomic.fna,GCF_002002145.1_ASM200214v1_genomic.fna
1.0,0.492,0.411,0.416,0.47,0.467,0.457,0.442,0.586,0.435,0.456,0.443,0.466,0.426,0.417,0.462,0.458,0.476,0.463,0.456,0.469,0.466,0.473,0.476,0.463,0.458,0.467,0.426,0.524,0.583,0.42,0.462,0.0,0.46,0.445,0.436,0.455,0.489,0.407,0.464,0.432,0.456,0.469,0.432,0.439,0.471,0.454,0.453,0.413,0.529
0.492,1.0,0.363,0.411,0.633,0.771,0.504,0.434,0.468,0.437,0.6,0.431,0.629,0.411,0.407,0.518,0.703,0.605,0.607,0.503,0.608,0.623,0.614,0.773,0.794,0.701,0.603,0.426,0.468,0.458,0.402,0.612,0.0,0.611,0.735,0.425,0.505,0.638,0.404,0.606,0.409,0.671,0.611,0.444,0.442,0.407,0.689,0.689,0.419,0.455
0.411,0.363,1.0,0.317,0.351,0.347,0.34,0.338,0.387,0.341,0.34,0.334,0.35,0.334,0.33,0.343,0.35,0.35,0.343,0.337,0.352,0.339,0.347,0.347,0.346,0.331,0.341,0.328,0.392,0.394,0.33,0.364,0.0,0.346,0.322,0.336,0.337,0.356,0.335,0.355,0.333,0.349,0.362,0.337,0.333,0.359,0.354,0.354,0.323,0.398
0.416,0.411,0.317,1.0,0.402,0.387,0.358,0.697,0.409,0.719,0.405,0.681,0.409,0.74,0.714,0.361,0.394,0.4,0.378,0.358,0.368,0.396,0.386,0.413,0.399,0.396,0.402,0.75,0.441,0.388,0.689,0.389,0.0,0.379,0.396,0.601,0.355,0.4,0.628,0.395,0.701,0.376,0.395,0.725,0.731,0.416,0.383,0.382,0.641,0.437
0.47,0.633,0.351,0.402,1.0,0.627,0.511,0.42,0.46,0.424,0.758,0.407,0.731,0.41,0.397,0.523,0.649,0.661,0.651,0.509,0.675,0.689,0.676,0.641,0.632,0.633,0.684,0.416,0.452,0.437,0.392,0.66,0.0,0.68,0.62,0.412,0.509,0.685,0.38,0.702,0.399,0.622,0.69,0.419,0.42,0.39,0.663,0.663,0.393,0.436
0.467,0.771,0.347,0.387,0.627,1.0,0.516,0.418,0.46,0.408,0.591,0.399,0.617,0.4,0.387,0.523,0.7,0.615,0.601,0.513,0.604,0.62,0.612,0.77,0.79,0.684,0.593,0.404,0.465,0.445,0.387,0.596,0.0,0.615,0.747,0.417,0.514,0.612,0.407,0.601,0.393,0.674,0.606,0.413,0.411,0.397,0.697,0.697,0.394,0.457
0.457,0.504,0.34,0.358,0.511,0.516,1.0,0.392,0.452,0.376,0.479,0.377,0.508,0.373,0.365,0.95,0.504,0.547,0.538,0.985,0.551,0.536,0.549,0.513,0.506,0.493,0.507,0.379,0.434,0.454,0.383,0.517,0.0,0.52,0.484,0.4,0.986,0.499,0.386,0.493,0.382,0.507,0.506,0.385,0.386,0.395,0.49,0.489,0.374,0.443
0.442,0.434,0.338,0.697,0.42,0.418,0.392,1.0,0.428,0.708,0.401,0.71,0.424,0.713,0.693,0.4,0.413,0.414,0.406,0.393,0.387,0.422,0.406,0.437,0.416,0.41,0.424,0.9,0.458,0.401,0.68,0.409,0.0,0.397,0.399,0.614,0.39,0.44,0.633,0.414,0.691,0.401,0.421,0.903,0.89,0.426,0.409,0.408,0.644,0.456
0.586,0.468,0.387,0.409,0.46,0.46,0.452,0.428,1.0,0.437,0.461,0.425,0.481,0.433,0.415,0.462,0.461,0.47,0.453,0.454,0.454,0.468,0.458,0.468,0.456,0.446,0.481,0.42,0.528,0.583,0.414,0.457,0.0,0.454,0.439,0.44,0.452,0.471,0.411,0.471,0.421,0.437,0.482,0.422,0.423,0.459,0.455,0.454,0.399,0.525
0.435,0.437,0.341,0.719,0.424,0.408,0.376,0.708,0.437,1.0,0.411,0.698,0.43,0.727,0.704,0.383,0.415,0.408,0.391,0.377,0.383,0.413,0.395,0.434,0.419,0.419,0.424,0.741,0.464,0.406,0.726,0.398,0.0,0.392,0.405,0.622,0.375,0.426,0.654,0.42,0.73,0.394,0.419,0.721,0.736,0.426,0.402,0.401,0.643,0.445
0.456,0.6,0.34,0.405,0.758,0.591,0.479,0.401,0.461,0.411,1.0,0.385,0.73,0.388,0.374,0.492,0.606,0.643,0.637,0.479,0.646,0.684,0.67,0.638,0.596,0.609,0.679,0.403,0.431,0.429,0.377,0.643,0.0,0.659,0.641,0.404,0.478,0.666,0.369,0.699,0.382,0.602,0.68,0.4,0.402,0.37,0.622,0.621,0.367,0.427
0.443,0.431,0.334,0.681,0.407,0.399,0.377,0.71,0.425,0.698,0.385,1.0,0.413,0.711,0.863,0.382,0.391,0.402,0.379,0.377,0.385,0.406,0.394,0.41,0.41,0.396,0.409,0.717,0.465,0.418,0.676,0.391,0.0,0.391,0.382,0.601,0.374,0.424,0.642,0.4,0.701,0.382,0.415,0.723,0.725,0.428,0.39,0.389,0.629,0.449
0.466,0.629,0.35,0.409,0.731,0.617,0.508,0.424,0.481,0.43,0.73,0.413,1.0,0.416,0.4,0.521,0.634,0.704,0.707,0.508,0.709,0.772,0.752,0.657,0.611,0.626,0.758,0.423,0.472,0.467,0.4,0.7,0.0,0.734,0.623,0.422,0.507,0.729,0.389,0.773,0.403,0.616,0.75,0.416,0.421,0.401,0.637,0.636,0.393,0.459
0.426,0.411,0.334,0.74,0.41,0.4,0.373,0.713,0.433,0.727,0.388,0.711,0.416,1.0,0.745,0.376,0.406,0.417,0.392,0.374,0.378,0.416,0.401,0.409,0.405,0.405,0.418,0.748,0.467,0.404,0.717,0.4,0.0,0.393,0.386,0.622,0.372,0.418,0.646,0.404,0.732,0.382,0.407,0.737,0.743,0.424,0.39,0.389,0.648,0.447
0.417,0.407,0.33,0.714,0.397,0.387,0.365,0.693,0.415,0.704,0.374,0.863,0.4,0.745,1.0,0.373,0.386,0.392,0.372,0.366,0.37,0.397,0.387,0.393,0.393,0.385,0.393,0.714,0.448,0.407,0.708,0.383,0.0,0.383,0.374,0.601,0.364,0.404,0.651,0.391,0.718,0.371,0.399,0.716,0.716,0.424,0.391,0.391,0.652,0.455
0.462,0.518,0.343,0.361,0.523,0.523,0.95,0.4,0.462,0.383,0.492,0.382,0.521,0.376,0.373,1.0,0.514,0.546,0.538,0.951,0.536,0.544,0.547,0.522,0.516,0.501,0.515,0.388,0.441,0.455,0.386,0.517,0.0,0.52,0.49,0.407,0.951,0.51,0.386,0.504,0.387,0.513,0.516,0.391,0.394,0.394,0.5,0.499,0.382,0.45
0.458,0.703,0.35,0.394,0.649,0.7,0.504,0.413,0.461,0.415,0.606,0.391,0.634,0.406,0.386,0.514,1.0,0.599,0.586,0.502,0.586,0.627,0.608,0.752,0.716,0.755,0.605,0.408,0.451,0.42,0.378,0.624,0.0,0.611,0.693,0.421,0.502,0.582,0.394,0.615,0.38,0.652,0.592,0.411,0.421,0.378,0.687,0.687,0.38,0.435
0.476,0.605,0.35,0.4,0.661,0.615,0.547,0.414,0.47,0.408,0.643,0.402,0.704,0.417,0.392,0.546,0.599,1.0,0.728,0.546,0.71,0.746,0.741,0.613,0.604,0.598,0.711,0.413,0.459,0.449,0.398,0.663,0.0,0.692,0.585,0.439,0.546,0.675,0.398,0.689,0.397,0.603,0.696,0.416,0.418,0.395,0.627,0.627,0.391,0.446
0.463,0.607,0.343,0.378,0.651,0.601,0.538,0.406,0.453,0.391,0.637,0.379,0.707,0.392,0.372,0.538,0.586,0.728,1.0,0.538,0.732,0.733,0.738,0.601,0.594,0.583,0.69,0.396,0.444,0.446,0.388,0.68,0.0,0.696,0.583,0.415,0.537,0.673,0.382,0.679,0.389,0.612,0.686,0.394,0.395,0.396,0.599,0.598,0.374,0.44
0.456,0.503,0.337,0.358,0.509,0.513,0.985,0.393,0.454,0.377,0.479,0.377,0.508,0.374,0.366,0.951,0.502,0.546,0.538,1.0,0.548,0.535,0.548,0.513,0.505,0.49,0.506,0.381,0.436,0.451,0.384,0.514,0.0,0.516,0.478,0.402,0.987,0.497,0.386,0.492,0.383,0.506,0.506,0.387,0.388,0.394,0.488,0.487,0.376,0.445
0.469,0.608,0.352,0.368,0.675,0.604,0.551,0.387,0.454,0.383,0.646,0.385,0.709,0.378,0.37,0.536,0.586,0.71,0.732,0.548,1.0,0.73,0.748,0.601,0.59,0.588,0.692,0.38,0.436,0.459,0.377,0.69,0.0,0.715,0.577,0.407,0.548,0.683,0.384,0.695,0.384,0.59,0.702,0.384,0.387,0.397,0.609,0.608,0.372,0.444
0.466,0.623,0.339,0.396,0.689,0.62,0.536,0.422,0.468,0.413,0.684,0.406,0.772,0.416,0.397,0.544,0.627,0.746,0.733,0.535,0.73,1.0,0.924,0.626,0.626,0.604,0.753,0.411,0.455,0.446,0.392,0.711,0.0,0.861,0.6,0.423,0.535,0.723,0.393,0.737,0.396,0.602,0.755,0.412,0.414,0.388,0.625,0.624,0.392,0.444
0.473,0.614,0.347,0.386,0.676,0.612,0.549,0.406,0.458,0.395,0.67,0.394,0.752,0.401,0.387,0.547,0.608,0.741,0.738,0.548,0.748,0.924,1.0,0.607,0.604,0.587,0.738,0.397,0.445,0.449,0.4,0.716,0.0,0.856,0.578,0.414,0.548,0.713,0.4,0.72,0.404,0.599,0.733,0.398,0.397,0.394,0.609,0.609,0.39,0.446
0.476,0.773,0.347,0.413,0.641,0.77,0.513,0.437,0.468,0.434,0.638,0.41,0.657,0.409,0.393,0.522,0.752,0.613,0.601,0.513,0.601,0.626,0.607,1.0,0.803,0.727,0.621,0.422,0.456,0.443,0.387,0.601,0.0,0.611,0.806,0.428,0.512,0.597,0.392,0.625,0.393,0.678,0.606,0.416,0.427,0.39,0.692,0.691,0.39,0.443
0.463,0.794,0.346,0.399,0.632,0.79,0.506,0.416,0.456,0.419,0.596,0.41,0.611,0.405,0.393,0.516,0.716,0.604,0.594,0.505,0.59,0.626,0.604,0.803,1.0,0.733,0.595,0.408,0.448,0.43,0.38,0.615,0.0,0.597,0.772,0.418,0.507,0.602,0.39,0.595,0.391,0.668,0.604,0.43,0.417,0.386,0.689,0.689,0.404,0.433
0.458,0.701,0.331,0.396,0.633,0.684,0.493,0.41,0.446,0.419,0.609,0.396,0.626,0.405,0.385,0.501,0.755,0.598,0.583,0.49,0.588,0.604,0.587,0.727,0.733,1.0,0.602,0.41,0.435,0.421,0.385,0.588,0.0,0.584,0.693,0.421,0.49,0.59,0.384,0.618,0.386,0.661,0.592,0.425,0.415,0.374,0.681,0.68,0.4,0.42
0.467,0.603,0.341,0.402,0.684,0.593,0.507,0.424,0.481,0.424,0.679,0.409,0.758,0.418,0.393,0.515,0.605,0.711,0.69,0.506,0.692,0.753,0.738,0.621,0.595,0.602,1.0,0.415,0.456,0.45,0.397,0.692,0.0,0.71,0.586,0.419,0.507,0.801,0.381,0.753,0.4,0.601,0.822,0.422,0.425,0.394,0.613,0.612,0.391,0.442
0.426,0.426,0.328,0.75,0.416,0.404,0.379,0.9,0.42,0.741,0.403,0.717,0.423,0.748,0.714,0.388,0.408,0.413,0.396,0.381,0.38,0.411,0.397,0.422,0.408,0.41,0.415,1.0,0.459,0.397,0.694,0.399,0.0,0.386,0.393,0.616,0.38,0.426,0.642,0.412,0.711,0.39,0.415,0.952,0.945,0.422,0.403,0.403,0.655,0.443
0.524,0.468,0.392,0.441,0.452,0.465,0.434,0.458,0.528,0.464,0.431,0.465,0.472,0.467,0.448,0.441,0.451,0.459,0.444,0.436,0.436,0.455,0.445,0.456,0.448,0.435,0.456,0.459,1.0,0.489,0.44,0.447,0.0,0.441,0.428,0.448,0.436,0.468,0.425,0.46,0.441,0.429,0.455,0.456,0.465,0.569,0.443,0.443,0.441,0.826
0.583,0.458,0.394,0.388,0.437,0.445,0.454,0.401,0.583,0.406,0.429,0.418,0.467,0.404,0.407,0.455,0.42,0.449,0.446,0.451,0.459,0.446,0.449,0.443,0.43,0.421,0.45,0.397,0.489,1.0,0.405,0.45,0.0,0.44,0.415,0.41,0.452,0.453,0.403,0.458,0.412,0.435,0.464,0.402,0.403,0.473,0.448,0.447,0.39,0.507
0.42,0.402,0.33,0.689,0.392,0.387,0.383,0.68,0.414,0.726,0.377,0.676,0.4,0.717,0.708,0.386,0.378,0.398,0.388,0.384,0.377,0.392,0.4,0.387,0.38,0.385,0.397,0.694,0.44,0.405,1.0,0.394,0.0,0.39,0.361,0.596,0.383,0.4,0.638,0.389,0.898,0.385,0.395,0.694,0.695,0.423,0.372,0.372,0.643,0.44
0.462,0.612,0.364,0.389,0.66,0.596,0.517,0.409,0.457,0.398,0.643,0.391,0.7,0.4,0.383,0.517,0.624,0.663,0.68,0.514,0.69,0.711,0.716,0.601,0.615,0.588,0.692,0.399,0.447,0.45,0.394,1.0,0.0,0.698,0.557,0.402,0.512,0.708,0.403,0.705,0.398,0.617,0.713,0.402,0.406,0.385,0.618,0.617,0.394,0.44
0.0,0.0,0.0,0.0,0.0,0.0,0.0,0.0,0.0,0.0,0.0,0.0,0.0,0.0,0.0,0.0,0.0,0.0,0.0,0.0,0.0,0.0,0.0,0.0,0.0,0.0,0.0,0.0,0.0,0.0,0.0,0.0,1.0,0.0,0.0,0.0,0.0,0.0,0.0,0.0,0.0,0.0,0.0,0.0,0.0,0.0,0.0,0.0,0.0,0.0
0.46,0.611,0.346,0.379,0.68,0.615,0.52,0.397,0.454,0.392,0.659,0.391,0.734,0.393,0.383,0.52,0.611,0.692,0.696,0.516,0.715,0.861,0.856,0.611,0.597,0.584,0.71,0.386,0.441,0.44,0.39,0.698,0.0,1.0,0.575,0.424,0.515,0.7,0.406,0.695,0.393,0.596,0.721,0.39,0.395,0.384,0.604,0.603,0.386,0.435
0.445,0.735,0.322,0.396,0.62,0.747,0.484,0.399,0.439,0.405,0.641,0.382,0.623,0.386,0.374,0.49,0.693,0.585,0.583,0.478,0.577,0.6,0.578,0.806,0.772,0.693,0.586,0.393,0.428,0.415,0.361,0.557,0.0,0.575,1.0,0.416,0.479,0.564,0.37,0.598,0.363,0.64,0.576,0.387,0.396,0.367,0.658,0.658,0.367,0.412
0.436,0.425,0.336,0.601,0.412,0.417,0.4,0.614,0.44,0.622,0.404,0.601,0.422,0.622,0.601,0.407,0.421,0.439,0.415,0.402,0.407,0.423,0.414,0.428,0.418,0.421,0.419,0.616,0.448,0.41,0.596,0.402,0.0,0.424,0.416,1.0,0.4,0.412,0.613,0.42,0.601,0.402,0.417,0.614,0.62,0.426,0.408,0.408,0.588,0.444
0.455,0.505,0.337,0.355,0.509,0.514,0.986,0.39,0.452,0.375,0.478,0.374,0.507,0.372,0.364,0.951,0.502,0.546,0.537,0.987,0.548,0.535,0.548,0.512,0.507,0.49,0.507,0.38,0.436,0.452,0.383,0.512,0.0,0.515,0.479,0.4,1.0,0.497,0.383,0.493,0.381,0.506,0.506,0.385,0.386,0.394,0.489,0.489,0.375,0.443
0.489,0.638,0.356,0.4,0.685,0.612,0.499,0.44,0.471,0.426,0.666,0.424,0.729,0.418,0.404,0.51,0.582,0.675,0.673,0.497,0.683,0.723,0.713,0.597,0.602,0.59,0.801,0.426,0.468,0.453,0.4,0.708,0.0,0.7,0.564,0.412,0.497,1.0,0.416,0.727,0.409,0.61,0.844,0.432,0.425,0.395,0.627,0.626,0.409,0.451
0.407,0.404,0.335,0.628,0.38,0.407,0.386,0.633,0.411,0.654,0.369,0.642,0.389,0.646,0.651,0.386,0.394,0.398,0.382,0.386,0.384,0.393,0.4,0.392,0.39,0.384,0.381,0.642,0.425,0.403,0.638,0.403,0.0,0.406,0.37,0.613,0.383,0.416,1.0,0.374,0.644,0.389,0.398,0.647,0.652,0.41,0.381,0.38,0.607,0.424
0.464,0.606,0.355,0.395,0.702,0.601,0.493,0.414,0.471,0.42,0.699,0.4,0.773,0.404,0.391,0.504,0.615,0.689,0.679,0.492,0.695,0.737,0.72,0.625,0.595,0.618,0.753,0.412,0.46,0.458,0.389,0.705,0.0,0.695,0.598,0.42,0.493,0.727,0.374,1.0,0.395,0.608,0.755,0.409,0.416,0.4,0.634,0.634,0.384,0.45
0.432,0.409,0.333,0.701,0.399,0.393,0.382,0.691,0.421,0.73,0.382,0.701,0.403,0.732,0.718,0.387,0.38,0.397,0.389,0.383,0.384,0.396,0.404,0.393,0.391,0.386,0.4,0.711,0.441,0.412,0.898,0.398,0.0,0.393,0.363,0.601,0.381,0.409,0.644,0.395,1.0,0.393,0.397,0.715,0.71,0.429,0.378,0.377,0.65,0.443
0.456,0.671,0.349,0.376,0.622,0.674,0.507,0.401,0.437,0.394,0.602,0.382,0.616,0.382,0.371,0.513,0.652,0.603,0.612,0.506,0.59,0.602,0.599,0.678,0.668,0.661,0.601,0.39,0.429,0.435,0.385,0.617,0.0,0.596,0.64,0.402,0.506,0.61,0.389,0.608,0.393,1.0,0.636,0.396,0.397,0.377,0.709,0.708,0.39,0.423
0.469,0.611,0.362,0.395,0.69,0.606,0.506,0.421,0.482,0.419,0.68,0.415,0.75,0.407,0.399,0.516,0.592,0.696,0.686,0.506,0.702,0.755,0.733,0.606,0.604,0.592,0.822,0.415,0.455,0.464,0.395,0.713,0.0,0.721,0.576,0.417,0.506,0.844,0.398,0.755,0.397,0.636,1.0,0.418,0.418,0.398,0.632,0.633,0.395,0.447
0.432,0.444,0.337,0.725,0.419,0.413,0.385,0.903,0.422,0.721,0.4,0.723,0.416,0.737,0.716,0.391,0.411,0.416,0.394,0.387,0.384,0.412,0.398,0.416,0.43,0.425,0.422,0.952,0.456,0.402,0.694,0.402,0.0,0.39,0.387,0.614,0.385,0.432,0.647,0.409,0.715,0.396,0.418,1.0,0.958,0.426,0.408,0.407,0.669,0.443
0.439,0.442,0.333,0.731,0.42,0.411,0.386,0.89,0.423,0.736,0.402,0.725,0.421,0.743,0.716,0.394,0.421,0.418,0.395,0.388,0.387,0.414,0.397,0.427,0.417,0.415,0.425,0.945,0.465,0.403,0.695,0.406,0.0,0.395,0.396,0.62,0.386,0.425,0.652,0.416,0.71,0.397,0.418,0.958,1.0,0.423,0.405,0.404,0.655,0.445
0.471,0.407,0.359,0.416,0.39,0.397,0.395,0.426,0.459,0.426,0.37,0.428,0.401,0.424,0.424,0.394,0.378,0.395,0.396,0.394,0.397,0.388,0.394,0.39,0.386,0.374,0.394,0.422,0.569,0.473,0.423,0.385,0.0,0.384,0.367,0.426,0.394,0.395,0.41,0.4,0.429,0.377,0.398,0.426,0.423,1.0,0.41,0.411,0.425,0.628
0.454,0.689,0.354,0.383,0.663,0.697,0.49,0.409,0.455,0.402,0.622,0.39,0.637,0.39,0.391,0.5,0.687,0.627,0.599,0.488,0.609,0.625,0.609,0.692,0.689,0.681,0.613,0.403,0.443,0.448,0.372,0.618,0.0,0.604,0.658,0.408,0.489,0.627,0.381,0.634,0.378,0.709,0.632,0.408,0.405,0.41,1.0,0.999,0.383,0.447
0.453,0.689,0.354,0.382,0.663,0.697,0.489,0.408,0.454,0.401,0.621,0.389,0.636,0.389,0.391,0.499,0.687,0.627,0.598,0.487,0.608,0.624,0.609,0.691,0.689,0.68,0.612,0.403,0.443,0.447,0.372,0.617,0.0,0.603,0.658,0.408,0.489,0.626,0.38,0.634,0.377,0.708,0.633,0.407,0.404,0.411,0.999,1.0,0.383,0.447
0.413,0.419,0.323,0.641,0.393,0.394,0.374,0.644,0.399,0.643,0.367,0.629,0.393,0.648,0.652,0.382,0.38,0.391,0.374,0.376,0.372,0.392,0.39,0.39,0.404,0.4,0.391,0.655,0.441,0.39,0.643,0.394,0.0,0.386,0.367,0.588,0.375,0.409,0.607,0.384,0.65,0.39,0.395,0.669,0.655,0.425,0.383,0.383,1.0,0.44
0.529,0.455,0.398,0.437,0.436,0.457,0.443,0.456,0.525,0.445,0.427,0.449,0.459,0.447,0.455,0.45,0.435,0.446,0.44,0.445,0.444,0.444,0.446,0.443,0.433,0.42,0.442,0.443,0.826,0.507,0.44,0.44,0.0,0.435,0.412,0.444,0.443,0.451,0.424,0.45,0.443,0.423,0.447,0.443,0.445,0.628,0.447,0.447,0.44,1.0
