GCF_000163235.1_ASM16323v1_genomic.fna,GCF_000164555.1_ASM16455v1_genomic.fna,GCF_000208545.1_ASM20854v2_genomic.fna,GCF_000233875.1_ASM23387v1_genomic.fna,GCF_000249735.1_ASM24973v2_genomic.fna,GCF_000261145.1_Esch_coli_M919_V2_genomic.fna,GCF_000267705.2_ASM26770v2_genomic.fna,GCF_000350665.1_Esch_coli_KTE5_V1_genomic.fna,GCF_000351625.1_Esch_coli_KTE66_V1_genomic.fna,GCF_000352285.1_Esch_coli_KTE46_V1_genomic.fna,GCF_000358895.1_ASM35889v1_genomic.fna,GCF_000456385.1_Esch_coli_HVH_26_4-5703913_V1_genomic.fna,GCF_000458195.1_Esch_coli_HVH_147_4-5893887_V1_genomic.fna,GCF_000459755.1_Esch_coli_KOEGE_58_171a_V1_genomic.fna,GCF_000460055.1_Esch_coli_UMEA_3053-1_V1_genomic.fna,GCF_000462165.2_ASM46216v2_genomic.fna,GCF_000601135.1_ASM60113v1_genomic.fna,GCF_000614595.1_Ec2010EL1058_genomic.fna,GCF_000617745.1_Ec2010C-4529_genomic.fna,GCF_000618265.2_EcF6751_genomic.fna,GCF_000619005.2_Ec2009C-4052_genomic.fna,GCF_000619105.1_Ec2009C-4780_genomic.fna,GCF_000619765.2_Ec2009C-3279_genomic.fna,GCF_000687005.1_ASM68700v1_genomic.fna,GCF_000687025.1_ASM68702v1_genomic.fna,GCF_000700125.1_ASM70012v1_genomic.fna,GCF_000753315.1_FHI35_genomic.fna,GCF_000776375.1_ASM77637v1_genomic.fna,GCF_000779395.1_ASM77939v1_genomic.fna,GCF_000780315.1_ASM78031v1_genomic.fna,GCF_000781995.1_ASM78199v1_genomic.fna,GCF_000986765.1_ASM98676v1_genomic.fna,GCF_001041375.1_ViralProj287958_genomic.fna,GCF_001265335.1_302014_genomic.fna,GCF_001265625.1_100854_genomic.fna,GCF_001267345.1_303289_genomic.fna,GCF_001309985.1_ASM130998v1_genomic.fna,GCF_001521695.1_ASM152169v1_genomic.fna,GCF_001592595.1_ASM159259v1_genomic.fna,GCF_001614975.1_ASM161497v1_genomic.fna,GCF_001692775.1_ASM169277v1_genomic.fna,GCF_001748915.1_ASM174891v1_genomic.fna,GCF_001749235.1_ASM174923v1_genomic.fna,GCF_001881155.1_ASM188115v1_genomic.fna,GCF_001881345.1_ASM188134v1_genomic.fna,GCF_001892405.1_ASM189240v1_genomic.fna,GCF_001892585.1_ASM189258v1_genomic.fna,GCF_001893985.1_ASM189398v1_genomic.fna,GCF_002001595.1_ASM200159v1_genomic.fna,GCF_002002145.1_ASM200214v1_genomic.fna
1.0,0.887,0.886,0.886,0.896,0.885,0.893,0.887,0.905,0.878,0.866,0.897,0.881,0.886,0.879,0.899,0.893,0.892,0.893,0.893,0.89,0.895,0.889,0.888,0.893,0.871,0.884,0.893,0.88,0.903,0.873,0.885,0.026,0.889,0.867,0.879,0.892,0.892,0.888,0.89,0.881,0.886,0.892,0.887,0.891,0.863,0.885,0.885,0.875,0.888
0.887,1.0,0.882,0.873,0.909,0.941,0.895,0.887,0.874,0.858,0.873,0.883,0.889,0.871,0.878,0.895,0.924,0.899,0.899,0.894,0.899,0.904,0.908,0.931,0.937,0.905,0.903,0.882,0.871,0.886,0.87,0.919,0.026,0.907,0.907,0.882,0.894,0.909,0.877,0.897,0.866,0.92,0.91,0.894,0.895,0.877,0.922,0.922,0.876,0.87
0.886,0.882,1.0,0.864,0.873,0.879,0.873,0.883,0.873,0.854,0.84,0.876,0.851,0.866,0.876,0.872,0.878,0.867,0.864,0.871,0.871,0.868,0.869,0.866,0.874,0.851,0.861,0.875,0.865,0.885,0.869,0.879,0.026,0.883,0.842,0.868,0.871,0.874,0.875,0.862,0.86,0.878,0.875,0.887,0.888,0.866,0.88,0.88,0.867,0.87
0.886,0.873,0.864,1.0,0.881,0.875,0.869,0.924,0.894,0.912,0.859,0.935,0.875,0.947,0.933,0.87,0.872,0.882,0.876,0.869,0.876,0.88,0.876,0.883,0.88,0.872,0.876,0.935,0.882,0.875,0.916,0.875,0.026,0.869,0.864,0.898,0.869,0.878,0.913,0.88,0.939,0.872,0.874,0.925,0.924,0.856,0.866,0.866,0.916,0.882
0.896,0.909,0.873,0.881,1.0,0.916,0.903,0.878,0.89,0.872,0.923,0.891,0.924,0.88,0.872,0.907,0.908,0.922,0.922,0.904,0.918,0.92,0.919,0.927,0.92,0.913,0.925,0.884,0.889,0.883,0.869,0.914,0.031,0.915,0.898,0.876,0.903,0.923,0.882,0.93,0.879,0.905,0.922,0.877,0.88,0.86,0.915,0.916,0.875,0.896
0.885,0.941,0.879,0.875,0.916,1.0,0.903,0.893,0.876,0.859,0.882,0.886,0.896,0.872,0.88,0.902,0.915,0.903,0.904,0.902,0.897,0.907,0.908,0.929,0.934,0.902,0.897,0.884,0.872,0.884,0.876,0.916,0.029,0.916,0.912,0.887,0.902,0.907,0.881,0.901,0.868,0.921,0.902,0.893,0.893,0.879,0.931,0.93,0.88,0.877
0.893,0.895,0.873,0.869,0.903,0.903,1.0,0.878,0.88,0.853,0.871,0.874,0.891,0.867,0.867,0.99,0.897,0.903,0.909,0.998,0.904,0.909,0.913,0.9,0.901,0.884,0.892,0.877,0.875,0.898,0.869,0.902,0.03,0.911,0.884,0.882,0.998,0.899,0.877,0.89,0.863,0.905,0.902,0.882,0.88,0.861,0.89,0.891,0.875,0.881
0.887,0.887,0.883,0.924,0.878,0.893,0.878,1.0,0.875,0.904,0.849,0.92,0.868,0.922,0.922,0.877,0.889,0.875,0.885,0.878,0.887,0.882,0.881,0.883,0.889,0.868,0.875,0.968,0.872,0.887,0.917,0.888,0.026,0.889,0.863,0.906,0.878,0.889,0.915,0.871,0.918,0.884,0.884,0.968,0.965,0.87,0.885,0.885,0.909,0.881
0.905,0.874,0.873,0.894,0.89,0.876,0.88,0.875,1.0,0.881,0.868,0.887,0.891,0.884,0.872,0.886,0.878,0.89,0.888,0.881,0.885,0.891,0.884,0.892,0.884,0.879,0.891,0.883,0.879,0.899,0.871,0.885,0.026,0.886,0.872,0.883,0.88,0.884,0.882,0.89,0.88,0.885,0.888,0.874,0.871,0.857,0.873,0.875,0.878,0.885
0.878,0.858,0.854,0.912,0.872,0.859,0.853,0.904,0.881,1.0,0.864,0.907,0.88,0.919,0.898,0.856,0.855,0.867,0.855,0.854,0.862,0.858,0.857,0.872,0.866,0.874,0.874,0.917,0.874,0.863,0.899,0.853,0.028,0.854,0.869,0.885,0.855,0.865,0.906,0.871,0.916,0.853,0.857,0.902,0.908,0.841,0.852,0.854,0.902,0.865
0.866,0.873,0.84,0.859,0.923,0.882,0.871,0.849,0.868,0.864,1.0,0.854,0.922,0.855,0.838,0.876,0.877,0.901,0.888,0.872,0.891,0.899,0.892,0.902,0.884,0.904,0.903,0.855,0.868,0.856,0.839,0.885,0.031,0.886,0.894,0.85,0.871,0.891,0.855,0.908,0.854,0.876,0.888,0.847,0.847,0.826,0.875,0.876,0.849,0.865
0.897,0.883,0.876,0.935,0.891,0.886,0.874,0.92,0.887,0.907,0.854,1.0,0.874,0.93,0.947,0.877,0.878,0.877,0.877,0.874,0.882,0.884,0.886,0.882,0.894,0.868,0.869,0.928,0.878,0.888,0.911,0.882,0.028,0.881,0.862,0.899,0.874,0.89,0.924,0.879,0.921,0.877,0.883,0.922,0.924,0.869,0.88,0.88,0.911,0.877
0.881,0.889,0.851,0.875,0.924,0.896,0.891,0.868,0.891,0.88,0.922,0.874,1.0,0.874,0.861,0.894,0.895,0.919,0.926,0.893,0.921,0.927,0.922,0.914,0.897,0.911,0.934,0.873,0.883,0.872,0.856,0.91,0.031,0.919,0.908,0.868,0.892,0.909,0.867,0.931,0.866,0.898,0.911,0.865,0.864,0.85,0.89,0.891,0.861,0.882
0.886,0.871,0.866,0.947,0.88,0.872,0.867,0.922,0.884,0.919,0.855,0.93,0.874,1.0,0.932,0.868,0.866,0.881,0.876,0.868,0.883,0.883,0.879,0.881,0.884,0.876,0.882,0.938,0.878,0.872,0.918,0.875,0.029,0.873,0.867,0.888,0.868,0.878,0.912,0.883,0.939,0.872,0.877,0.931,0.93,0.858,0.869,0.869,0.911,0.876
0.879,0.878,0.876,0.933,0.872,0.88,0.867,0.922,0.872,0.898,0.838,0.947,0.861,0.932,1.0,0.868,0.877,0.87,0.872,0.867,0.874,0.876,0.879,0.866,0.88,0.856,0.864,0.918,0.864,0.88,0.92,0.879,0.027,0.879,0.852,0.908,0.867,0.873,0.922,0.869,0.925,0.874,0.876,0.923,0.924,0.871,0.874,0.875,0.912,0.876
0.899,0.895,0.872,0.87,0.907,0.902,0.99,0.877,0.886,0.856,0.876,0.877,0.894,0.868,0.868,1.0,0.894,0.903,0.91,0.991,0.905,0.911,0.91,0.903,0.902,0.886,0.894,0.878,0.88,0.899,0.867,0.9,0.03,0.911,0.887,0.876,0.99,0.902,0.878,0.896,0.864,0.905,0.9,0.879,0.878,0.863,0.893,0.894,0.876,0.886
0.893,0.924,0.878,0.872,0.908,0.915,0.897,0.889,0.878,0.855,0.877,0.878,0.895,0.866,0.877,0.894,1.0,0.905,0.914,0.895,0.902,0.912,0.918,0.918,0.919,0.908,0.899,0.878,0.873,0.888,0.866,0.929,0.025,0.92,0.888,0.885,0.895,0.908,0.88,0.9,0.86,0.926,0.911,0.887,0.893,0.87,0.92,0.92,0.868,0.875
0.892,0.899,0.867,0.882,0.922,0.903,0.903,0.875,0.89,0.867,0.901,0.877,0.919,0.881,0.87,0.903,0.905,1.0,0.941,0.905,0.93,0.931,0.928,0.911,0.902,0.892,0.918,0.886,0.885,0.884,0.871,0.912,0.03,0.914,0.89,0.878,0.904,0.912,0.88,0.929,0.875,0.901,0.917,0.876,0.877,0.852,0.9,0.902,0.877,0.89
0.893,0.899,0.864,0.876,0.922,0.904,0.909,0.885,0.888,0.855,0.888,0.877,0.926,0.876,0.872,0.91,0.914,0.941,1.0,0.91,0.934,0.938,0.932,0.918,0.913,0.9,0.921,0.883,0.881,0.884,0.869,0.918,0.029,0.923,0.896,0.874,0.909,0.917,0.877,0.922,0.868,0.91,0.918,0.878,0.876,0.855,0.9,0.901,0.872,0.893
0.893,0.894,0.871,0.869,0.904,0.902,0.998,0.878,0.881,0.854,0.872,0.874,0.893,0.868,0.867,0.991,0.895,0.905,0.91,1.0,0.905,0.91,0.913,0.9,0.901,0.885,0.893,0.877,0.875,0.897,0.869,0.902,0.03,0.911,0.885,0.88,0.999,0.9,0.877,0.891,0.863,0.905,0.903,0.881,0.879,0.861,0.89,0.891,0.875,0.88
0.89,0.899,0.871,0.876,0.918,0.897,0.904,0.887,0.885,0.862,0.891,0.882,0.921,0.883,0.874,0.905,0.902,0.93,0.934,0.905,1.0,0.932,0.929,0.903,0.901,0.897,0.919,0.885,0.883,0.885,0.872,0.919,0.03,0.92,0.889,0.879,0.905,0.917,0.884,0.925,0.877,0.899,0.919,0.88,0.878,0.863,0.909,0.91,0.877,0.893
0.895,0.904,0.868,0.88,0.92,0.907,0.909,0.882,0.891,0.858,0.899,0.884,0.927,0.883,0.876,0.911,0.912,0.931,0.938,0.91,0.932,1.0,0.971,0.912,0.904,0.896,0.922,0.885,0.879,0.887,0.87,0.927,0.03,0.951,0.887,0.885,0.909,0.922,0.882,0.926,0.872,0.913,0.928,0.881,0.88,0.86,0.907,0.908,0.879,0.891
0.889,0.908,0.869,0.876,0.919,0.908,0.913,0.881,0.884,0.857,0.892,0.886,0.922,0.879,0.879,0.91,0.918,0.928,0.932,0.913,0.929,0.971,1.0,0.911,0.909,0.895,0.918,0.88,0.879,0.887,0.871,0.93,0.031,0.947,0.888,0.886,0.912,0.923,0.884,0.926,0.868,0.914,0.93,0.885,0.883,0.862,0.905,0.906,0.876,0.885
0.888,0.931,0.866,0.883,0.927,0.929,0.9,0.883,0.892,0.872,0.902,0.882,0.914,0.881,0.866,0.903,0.918,0.911,0.918,0.9,0.903,0.912,0.911,1.0,0.943,0.929,0.918,0.888,0.885,0.888,0.862,0.906,0.028,0.898,0.933,0.877,0.9,0.91,0.879,0.912,0.873,0.916,0.906,0.881,0.883,0.859,0.919,0.92,0.878,0.885
0.893,0.937,0.874,0.88,0.92,0.934,0.901,0.889,0.884,0.866,0.884,0.894,0.897,0.884,0.88,0.902,0.919,0.902,0.913,0.901,0.901,0.904,0.909,0.943,1.0,0.919,0.898,0.893,0.88,0.889,0.875,0.915,0.028,0.903,0.929,0.88,0.901,0.915,0.893,0.903,0.873,0.913,0.905,0.89,0.892,0.861,0.918,0.918,0.884,0.881
0.871,0.905,0.851,0.872,0.913,0.902,0.884,0.868,0.879,0.874,0.904,0.868,0.911,0.876,0.856,0.886,0.908,0.892,0.9,0.885,0.897,0.896,0.895,0.929,0.919,1.0,0.908,0.872,0.877,0.868,0.855,0.895,0.027,0.886,0.918,0.86,0.885,0.902,0.862,0.903,0.867,0.905,0.889,0.869,0.867,0.843,0.914,0.915,0.872,0.875
0.884,0.903,0.861,0.876,0.925,0.897,0.892,0.875,0.891,0.874,0.903,0.869,0.934,0.882,0.864,0.894,0.899,0.918,0.921,0.893,0.919,0.922,0.918,0.918,0.898,0.908,1.0,0.875,0.885,0.875,0.86,0.912,0.029,0.919,0.902,0.869,0.892,0.931,0.867,0.932,0.869,0.899,0.934,0.871,0.871,0.858,0.891,0.892,0.865,0.883
0.893,0.882,0.875,0.935,0.884,0.884,0.877,0.968,0.883,0.917,0.855,0.928,0.873,0.938,0.918,0.878,0.878,0.886,0.883,0.877,0.885,0.885,0.88,0.888,0.893,0.872,0.875,1.0,0.879,0.889,0.915,0.878,0.028,0.877,0.869,0.903,0.877,0.891,0.916,0.875,0.935,0.88,0.881,0.98,0.975,0.866,0.873,0.874,0.916,0.883
0.88,0.871,0.865,0.882,0.889,0.872,0.875,0.872,0.879,0.874,0.868,0.878,0.883,0.878,0.864,0.88,0.873,0.885,0.881,0.875,0.883,0.879,0.879,0.885,0.88,0.877,0.885,0.879,1.0,0.868,0.865,0.88,0.027,0.87,0.874,0.867,0.874,0.875,0.87,0.879,0.872,0.879,0.869,0.875,0.876,0.861,0.876,0.876,0.866,0.942
0.903,0.886,0.885,0.875,0.883,0.884,0.898,0.887,0.899,0.863,0.856,0.888,0.872,0.872,0.88,0.899,0.888,0.884,0.884,0.897,0.885,0.887,0.887,0.888,0.889,0.868,0.875,0.889,0.868,1.0,0.873,0.889,0.027,0.89,0.863,0.891,0.897,0.887,0.884,0.885,0.872,0.893,0.885,0.889,0.884,0.87,0.879,0.881,0.878,0.883
0.873,0.87,0.869,0.916,0.869,0.876,0.869,0.917,0.871,0.899,0.839,0.911,0.856,0.918,0.92,0.867,0.866,0.871,0.869,0.869,0.872,0.87,0.871,0.862,0.875,0.855,0.86,0.915,0.865,0.873,1.0,0.872,0.026,0.872,0.847,0.899,0.87,0.87,0.906,0.87,0.953,0.874,0.873,0.915,0.916,0.865,0.871,0.872,0.915,0.87
0.885,0.919,0.879,0.875,0.914,0.916,0.902,0.888,0.885,0.853,0.885,0.882,0.91,0.875,0.879,0.9,0.929,0.912,0.918,0.902,0.919,0.927,0.93,0.906,0.915,0.895,0.912,0.878,0.88,0.889,0.872,1.0,0.027,0.93,0.887,0.878,0.901,0.924,0.882,0.918,0.86,0.916,0.933,0.887,0.888,0.873,0.918,0.918,0.872,0.885
0.026,0.026,0.026,0.026,0.031,0.029,0.03,0.026,0.026,0.028,0.031,0.028,0.031,0.029,0.027,0.03,0.025,0.03,0.029,0.03,0.03,0.03,0.031,0.028,0.028,0.027,0.029,0.028,0.027,0.027,0.026,0.027,1.0,0.029,0.028,0.027,0.03,0.03,0.026,0.031,0.026,0.026,0.03,0.028,0.027,0.025,0.027,0.027,0.024,0.027
0.889,0.907,0.883,0.869,0.915,0.916,0.911,0.889,0.886,0.854,0.886,0.881,0.919,0.873,0.879,0.911,0.92,0.914,0.923,0.911,0.92,0.951,0.947,0.898,0.903,0.886,0.919,0.877,0.87,0.89,0.872,0.93,0.029,1.0,0.88,0.894,0.911,0.919,0.881,0.914,0.862,0.91,0.929,0.887,0.887,0.87,0.913,0.913,0.872,0.887
0.867,0.907,0.842,0.864,0.898,0.912,0.884,0.863,0.872,0.869,0.894,0.862,0.908,0.867,0.852,0.887,0.888,0.89,0.896,0.885,0.889,0.887,0.888,0.933,0.929,0.918,0.902,0.869,0.874,0.863,0.847,0.887,0.028,0.88,1.0,0.857,0.884,0.89,0.857,0.893,0.856,0.89,0.884,0.861,0.861,0.837,0.894,0.895,0.855,0.87
0.879,0.882,0.868,0.898,0.876,0.887,0.882,0.906,0.883,0.885,0.85,0.899,0.868,0.888,0.908,0.876,0.885,0.878,0.874,0.88,0.879,0.885,0.886,0.877,0.88,0.86,0.869,0.903,0.867,0.891,0.899,0.878,0.027,0.894,0.857,1.0,0.88,0.877,0.915,0.87,0.904,0.883,0.879,0.908,0.904,0.868,0.875,0.876,0.908,0.872
0.892,0.894,0.871,0.869,0.903,0.902,0.998,0.878,0.88,0.855,0.871,0.874,0.892,0.868,0.867,0.99,0.895,0.904,0.909,0.999,0.905,0.909,0.912,0.9,0.901,0.885,0.892,0.877,0.874,0.897,0.87,0.901,0.03,0.911,0.884,0.88,1.0,0.899,0.877,0.891,0.864,0.904,0.902,0.881,0.879,0.861,0.89,0.891,0.876,0.88
0.892,0.909,0.874,0.878,0.923,0.907,0.899,0.889,0.884,0.865,0.891,0.89,0.909,0.878,0.873,0.902,0.908,0.912,0.917,0.9,0.917,0.922,0.923,0.91,0.915,0.902,0.931,0.891,0.875,0.887,0.87,0.924,0.03,0.919,0.89,0.877,0.899,1.0,0.876,0.92,0.872,0.902,0.949,0.889,0.888,0.865,0.907,0.907,0.886,0.883
0.888,0.877,0.875,0.913,0.882,0.881,0.877,0.915,0.882,0.906,0.855,0.924,0.867,0.912,0.922,0.878,0.88,0.88,0.877,0.877,0.884,0.882,0.884,0.879,0.893,0.862,0.867,0.916,0.87,0.884,0.906,0.882,0.026,0.881,0.857,0.915,0.877,0.876,1.0,0.877,0.914,0.88,0.88,0.91,0.91,0.862,0.872,0.874,0.922,0.872
0.89,0.897,0.862,0.88,0.93,0.901,0.89,0.871,0.89,0.871,0.908,0.879,0.931,0.883,0.869,0.896,0.9,0.929,0.922,0.891,0.925,0.926,0.926,0.912,0.903,0.903,0.932,0.875,0.879,0.885,0.87,0.918,0.031,0.914,0.893,0.87,0.891,0.92,0.877,1.0,0.875,0.898,0.921,0.868,0.868,0.852,0.903,0.904,0.871,0.887
0.881,0.866,0.86,0.939,0.879,0.868,0.863,0.918,0.88,0.916,0.854,0.921,0.866,0.939,0.925,0.864,0.86,0.875,0.868,0.863,0.877,0.872,0.868,0.873,0.873,0.867,0.869,0.935,0.872,0.872,0.953,0.86,0.026,0.862,0.856,0.904,0.864,0.872,0.914,0.875,1.0,0.868,0.866,0.921,0.92,0.858,0.867,0.868,0.922,0.88
0.886,0.92,0.878,0.872,0.905,0.921,0.905,0.884,0.885,0.853,0.876,0.877,0.898,0.872,0.874,0.905,0.926,0.901,0.91,0.905,0.899,0.913,0.914,0.916,0.913,0.905,0.899,0.88,0.879,0.893,0.874,0.916,0.026,0.91,0.89,0.883,0.904,0.902,0.88,0.898,0.868,1.0,0.911,0.886,0.885,0.867,0.921,0.923,0.876,0.879
0.892,0.91,0.875,0.874,0.922,0.902,0.902,0.884,0.888,0.857,0.888,0.883,0.911,0.877,0.876,0.9,0.911,0.917,0.918,0.903,0.919,0.928,0.93,0.906,0.905,0.889,0.934,0.881,0.869,0.885,0.873,0.933,0.03,0.929,0.884,0.879,0.902,0.949,0.88,0.921,0.866,0.911,1.0,0.883,0.887,0.866,0.907,0.908,0.874,0.879
0.887,0.894,0.887,0.925,0.877,0.893,0.882,0.968,0.874,0.902,0.847,0.922,0.865,0.931,0.923,0.879,0.887,0.876,0.878,0.881,0.88,0.881,0.885,0.881,0.89,0.869,0.871,0.98,0.875,0.889,0.915,0.887,0.028,0.887,0.861,0.908,0.881,0.889,0.91,0.868,0.921,0.886,0.883,1.0,0.983,0.876,0.88,0.88,0.913,0.878
0.891,0.895,0.888,0.924,0.88,0.893,0.88,0.965,0.871,0.908,0.847,0.924,0.864,0.93,0.924,0.878,0.893,0.877,0.876,0.879,0.878,0.88,0.883,0.883,0.892,0.867,0.871,0.975,0.876,0.884,0.916,0.888,0.027,0.887,0.861,0.904,0.879,0.888,0.91,0.868,0.92,0.885,0.887,0.983,1.0,0.876,0.884,0.884,0.908,0.875
0.863,0.877,0.866,0.856,0.86,0.879,0.861,0.87,0.857,0.841,0.826,0.869,0.85,0.858,0.871,0.863,0.87,0.852,0.855,0.861,0.863,0.86,0.862,0.859,0.861,0.843,0.858,0.866,0.861,0.87,0.865,0.873,0.025,0.87,0.837,0.868,0.861,0.865,0.862,0.852,0.858,0.867,0.866,0.876,0.876,1.0,0.873,0.872,0.866,0.889
0.885,0.922,0.88,0.866,0.915,0.931,0.89,0.885,0.873,0.852,0.875,0.88,0.89,0.869,0.874,0.893,0.92,0.9,0.9,0.89,0.909,0.907,0.905,0.919,0.918,0.914,0.891,0.873,0.876,0.879,0.871,0.918,0.027,0.913,0.894,0.875,0.89,0.907,0.872,0.903,0.867,0.921,0.907,0.88,0.884,0.873,1.0,0.998,0.874,0.886
0.885,0.922,0.88,0.866,0.916,0.93,0.891,0.885,0.875,0.854,0.876,0.88,0.891,0.869,0.875,0.894,0.92,0.902,0.901,0.891,0.91,0.908,0.906,0.92,0.918,0.915,0.892,0.874,0.876,0.881,0.872,0.918,0.027,0.913,0.895,0.876,0.891,0.907,0.874,0.904,0.868,0.923,0.908,0.88,0.884,0.872,0.998,1.0,0.875,0.885
0.875,0.876,0.867,0.916,0.875,0.88,0.875,0.909,0.878,0.902,0.849,0.911,0.861,0.911,0.912,0.876,0.868,0.877,0.872,0.875,0.877,0.879,0.876,0.878,0.884,0.872,0.865,0.916,0.866,0.878,0.915,0.872,0.024,0.872,0.855,0.908,0.876,0.886,0.922,0.871,0.922,0.876,0.874,0.913,0.908,0.866,0.874,0.875,1.0,0.878
0.888,0.87,0.87,0.882,0.896,0.877,0.881,0.881,0.885,0.865,0.865,0.877,0.882,0.876,0.876,0.886,0.875,0.89,0.893,0.88,0.893,0.891,0.885,0.885,0.881,0.875,0.883,0.883,0.942,0.883,0.87,0.885,0.027,0.887,0.87,0.872,0.88,0.883,0.872,0.887,0.88,0.879,0.879,0.878,0.875,0.889,0.886,0.885,0.878,1.0
