GCF_000163235.1_ASM16323v1_genomic.fna,GCF_000164555.1_ASM16455v1_genomic.fna,GCF_000208545.1_ASM20854v2_genomic.fna,GCF_000233875.1_ASM23387v1_genomic.fna,GCF_000249735.1_ASM24973v2_genomic.fna,GCF_000261145.1_Esch_coli_M919_V2_genomic.fna,GCF_000267705.2_ASM26770v2_genomic.fna,GCF_000350665.1_Esch_coli_KTE5_V1_genomic.fna,GCF_000351625.1_Esch_coli_KTE66_V1_genomic.fna,GCF_000352285.1_Esch_coli_KTE46_V1_genomic.fna,GCF_000358895.1_ASM35889v1_genomic.fna,GCF_000456385.1_Esch_coli_HVH_26_4-5703913_V1_genomic.fna,GCF_000458195.1_Esch_coli_HVH_147_4-5893887_V1_genomic.fna,GCF_000459755.1_Esch_coli_KOEGE_58_171a_V1_genomic.fna,GCF_000460055.1_Esch_coli_UMEA_3053-1_V1_genomic.fna,GCF_000462165.2_ASM46216v2_genomic.fna,GCF_000601135.1_ASM60113v1_genomic.fna,GCF_000614595.1_Ec2010EL1058_genomic.fna,GCF_000617745.1_Ec2010C-4529_genomic.fna,GCF_000618265.2_EcF6751_genomic.fna,GCF_000619005.2_Ec2009C-4052_genomic.fna,GCF_000619105.1_Ec2009C-4780_genomic.fna,GCF_000619765.2_Ec2009C-3279_genomic.fna,GCF_000687005.1_ASM68700v1_genomic.fna,GCF_000687025.1_ASM68702v1_genomic.fna,GCF_000700125.1_ASM70012v1_genomic.fna,GCF_000753315.1_FHI35_genomic.fna,GCF_000776375.1_ASM77637v1_genomic.fna,GCF_000779395.1_ASM77939v1_genomic.fna,GCF_000780315.1_ASM78031v1_genomic.fna,GCF_000781995.1_ASM78199v1_genomic.fna,GCF_000986765.1_ASM98676v1_genomic.fna,GCF_001041375.1_ViralProj287958_genomic.fna,GCF_001265335.1_302014_genomic.fna,GCF_001265625.1_100854_genomic.fna,GCF_001267345.1_303289_genomic.fna,GCF_001309985.1_ASM130998v1_genomic.fna,GCF_001521695.1_ASM152169v1_genomic.fna,GCF_001592595.1_ASM159259v1_genomic.fna,GCF_001614975.1_ASM161497v1_genomic.fna,GCF_001692775.1_ASM169277v1_genomic.fna,GCF_001748915.1_ASM174891v1_genomic.fna,GCF_001749235.1_ASM174923v1_genomic.fna,GCF_001881155.1_ASM188115v1_genomic.fna,GCF_001881345.1_ASM188134v1_genomic.fna,GCF_001892405.1_ASM189240v1_genomic.fna,GCF_001892585.1_ASM189258v1_genomic.fna,GCF_001893985.1_ASM189398v1_genomic.fna,GCF_002001595.1_ASM200159v1_genomic.fna,GCF_002002145.1_ASM200214v1_genomic.fna
1.0,0.586,0.482,0.503,0.56,0.568,0.561,0.518,0.649,0.513,0.539,0.529,0.545,0.512,0.499,0.557,0.543,0.564,0.566,0.558,0.547,0.558,0.58,0.547,0.543,0.547,0.561,0.505,0.581,0.636,0.501,0.56,0.0,0.557,0.522,0.51,0.558,0.56,0.506,0.55,0.516,0.555,0.555,0.512,0.529,0.549,0.535,0.536,0.503,0.596
0.586,1.0,0.442,0.501,0.683,0.801,0.607,0.499,0.559,0.497,0.645,0.517,0.652,0.493,0.486,0.599,0.732,0.664,0.664,0.604,0.65,0.67,0.68,0.778,0.803,0.717,0.66,0.49,0.54,0.524,0.489,0.684,0.0,0.671,0.747,0.471,0.605,0.678,0.501,0.655,0.496,0.732,0.664,0.509,0.518,0.501,0.718,0.72,0.507,0.541
0.482,0.442,1.0,0.407,0.429,0.435,0.43,0.421,0.464,0.407,0.429,0.421,0.431,0.419,0.414,0.431,0.428,0.427,0.438,0.429,0.435,0.442,0.453,0.429,0.424,0.424,0.452,0.412,0.457,0.458,0.405,0.452,0.0,0.436,0.399,0.4,0.43,0.445,0.411,0.445,0.419,0.44,0.453,0.42,0.419,0.43,0.419,0.42,0.415,0.464
0.503,0.501,0.407,1.0,0.485,0.489,0.476,0.748,0.486,0.765,0.498,0.774,0.507,0.803,0.815,0.481,0.489,0.476,0.5,0.477,0.486,0.499,0.513,0.487,0.494,0.499,0.512,0.796,0.546,0.479,0.741,0.508,0.0,0.486,0.468,0.668,0.477,0.501,0.704,0.506,0.769,0.485,0.513,0.779,0.765,0.509,0.482,0.482,0.707,0.533
0.56,0.683,0.429,0.485,1.0,0.685,0.591,0.513,0.556,0.492,0.77,0.5,0.711,0.498,0.489,0.594,0.676,0.699,0.717,0.592,0.716,0.717,0.729,0.651,0.665,0.649,0.716,0.493,0.543,0.535,0.491,0.725,0.0,0.716,0.629,0.48,0.59,0.73,0.506,0.729,0.504,0.681,0.731,0.498,0.506,0.512,0.667,0.67,0.505,0.531
0.568,0.801,0.435,0.489,0.685,1.0,0.634,0.512,0.562,0.482,0.65,0.498,0.654,0.493,0.479,0.628,0.743,0.679,0.686,0.632,0.653,0.681,0.697,0.795,0.821,0.727,0.667,0.488,0.56,0.533,0.47,0.697,0.0,0.679,0.772,0.491,0.631,0.692,0.517,0.659,0.484,0.73,0.681,0.494,0.49,0.492,0.721,0.723,0.495,0.546
0.561,0.607,0.43,0.476,0.591,0.634,1.0,0.486,0.56,0.466,0.576,0.491,0.583,0.48,0.47,0.954,0.603,0.634,0.642,0.989,0.615,0.619,0.633,0.601,0.614,0.592,0.588,0.476,0.528,0.53,0.464,0.596,0.0,0.597,0.578,0.504,0.988,0.576,0.492,0.588,0.478,0.591,0.59,0.485,0.482,0.478,0.581,0.582,0.481,0.533
0.518,0.499,0.421,0.748,0.513,0.512,0.486,1.0,0.503,0.752,0.495,0.744,0.508,0.759,0.73,0.49,0.491,0.49,0.51,0.488,0.49,0.509,0.515,0.496,0.493,0.495,0.512,0.902,0.548,0.481,0.747,0.515,0.0,0.498,0.463,0.651,0.487,0.532,0.699,0.509,0.759,0.498,0.517,0.905,0.882,0.514,0.482,0.483,0.711,0.538
0.649,0.559,0.464,0.486,0.556,0.562,0.56,0.503,1.0,0.487,0.561,0.495,0.567,0.495,0.495,0.566,0.55,0.553,0.552,0.562,0.537,0.566,0.565,0.554,0.557,0.556,0.569,0.495,0.584,0.66,0.481,0.556,0.0,0.545,0.527,0.496,0.562,0.566,0.492,0.573,0.497,0.548,0.584,0.498,0.489,0.533,0.55,0.551,0.498,0.606
0.513,0.497,0.407,0.765,0.492,0.482,0.466,0.752,0.487,1.0,0.509,0.722,0.52,0.762,0.753,0.475,0.474,0.472,0.493,0.469,0.475,0.495,0.501,0.496,0.498,0.503,0.51,0.781,0.531,0.477,0.751,0.489,0.0,0.483,0.465,0.653,0.467,0.503,0.706,0.507,0.769,0.473,0.511,0.759,0.756,0.49,0.477,0.477,0.699,0.518
0.539,0.645,0.429,0.498,0.77,0.65,0.576,0.495,0.561,0.509,1.0,0.492,0.783,0.515,0.493,0.591,0.655,0.712,0.729,0.579,0.693,0.731,0.72,0.71,0.679,0.688,0.742,0.504,0.54,0.546,0.465,0.704,0.0,0.698,0.673,0.493,0.578,0.731,0.5,0.764,0.482,0.646,0.755,0.487,0.479,0.487,0.664,0.665,0.485,0.533
0.529,0.517,0.421,0.774,0.5,0.498,0.491,0.744,0.495,0.722,0.492,1.0,0.498,0.758,0.857,0.494,0.489,0.491,0.508,0.49,0.502,0.508,0.518,0.498,0.486,0.496,0.507,0.75,0.557,0.489,0.719,0.509,0.0,0.502,0.461,0.656,0.491,0.511,0.698,0.504,0.745,0.494,0.512,0.757,0.753,0.52,0.49,0.491,0.68,0.548
0.545,0.652,0.431,0.507,0.711,0.654,0.583,0.508,0.567,0.52,0.783,0.498,1.0,0.516,0.507,0.599,0.657,0.721,0.744,0.587,0.727,0.796,0.788,0.689,0.679,0.687,0.791,0.517,0.555,0.554,0.479,0.741,0.0,0.76,0.661,0.491,0.586,0.771,0.494,0.797,0.491,0.65,0.781,0.497,0.49,0.5,0.679,0.679,0.497,0.545
0.512,0.493,0.419,0.803,0.498,0.493,0.48,0.759,0.495,0.762,0.515,0.758,0.516,1.0,0.794,0.488,0.481,0.485,0.503,0.482,0.479,0.506,0.513,0.498,0.496,0.505,0.51,0.809,0.553,0.478,0.739,0.503,0.0,0.499,0.472,0.663,0.482,0.511,0.707,0.51,0.765,0.487,0.515,0.78,0.766,0.512,0.487,0.487,0.712,0.535
0.499,0.486,0.414,0.815,0.489,0.479,0.47,0.73,0.495,0.753,0.493,0.857,0.507,0.794,1.0,0.481,0.483,0.474,0.488,0.473,0.48,0.495,0.506,0.482,0.485,0.496,0.511,0.77,0.545,0.482,0.743,0.495,0.0,0.485,0.461,0.658,0.473,0.506,0.703,0.505,0.765,0.483,0.51,0.75,0.738,0.517,0.492,0.492,0.694,0.547
0.557,0.599,0.431,0.481,0.594,0.628,0.954,0.49,0.566,0.475,0.591,0.494,0.599,0.488,0.481,1.0,0.617,0.621,0.644,0.962,0.601,0.618,0.627,0.613,0.624,0.602,0.599,0.485,0.539,0.543,0.464,0.583,0.0,0.592,0.583,0.513,0.958,0.589,0.49,0.601,0.478,0.588,0.6,0.484,0.479,0.48,0.594,0.595,0.483,0.54
0.543,0.732,0.428,0.489,0.676,0.743,0.603,0.491,0.55,0.474,0.655,0.489,0.657,0.481,0.483,0.617,1.0,0.649,0.666,0.603,0.64,0.685,0.679,0.751,0.76,0.756,0.67,0.484,0.551,0.525,0.456,0.704,0.0,0.675,0.714,0.49,0.604,0.674,0.498,0.672,0.472,0.714,0.685,0.494,0.493,0.471,0.729,0.731,0.481,0.534
0.564,0.664,0.427,0.476,0.699,0.679,0.634,0.49,0.553,0.472,0.712,0.491,0.721,0.485,0.474,0.621,0.649,1.0,0.782,0.628,0.741,0.759,0.769,0.653,0.645,0.636,0.729,0.477,0.533,0.537,0.474,0.715,0.0,0.717,0.624,0.505,0.629,0.708,0.508,0.722,0.483,0.664,0.716,0.487,0.491,0.497,0.644,0.647,0.478,0.535
0.566,0.664,0.438,0.5,0.717,0.686,0.642,0.51,0.552,0.493,0.729,0.508,0.744,0.503,0.488,0.644,0.666,0.782,1.0,0.643,0.761,0.785,0.776,0.659,0.667,0.652,0.752,0.493,0.545,0.547,0.483,0.737,0.0,0.732,0.633,0.511,0.643,0.727,0.514,0.754,0.495,0.666,0.737,0.5,0.496,0.503,0.656,0.659,0.497,0.547
0.558,0.604,0.429,0.477,0.592,0.632,0.989,0.488,0.562,0.469,0.579,0.49,0.587,0.482,0.473,0.962,0.603,0.628,0.643,1.0,0.611,0.619,0.63,0.6,0.617,0.594,0.591,0.478,0.53,0.533,0.464,0.595,0.0,0.594,0.578,0.505,0.991,0.579,0.489,0.592,0.477,0.588,0.592,0.485,0.478,0.478,0.585,0.586,0.481,0.536
0.547,0.65,0.435,0.486,0.716,0.653,0.615,0.49,0.537,0.475,0.693,0.502,0.727,0.479,0.48,0.601,0.64,0.741,0.761,0.611,1.0,0.768,0.789,0.633,0.631,0.623,0.732,0.483,0.524,0.527,0.482,0.744,0.0,0.749,0.607,0.5,0.612,0.716,0.495,0.74,0.493,0.655,0.731,0.491,0.493,0.504,0.641,0.643,0.482,0.532
0.558,0.67,0.442,0.499,0.717,0.681,0.619,0.509,0.566,0.495,0.731,0.508,0.796,0.506,0.495,0.618,0.685,0.759,0.785,0.619,0.768,1.0,0.926,0.666,0.671,0.663,0.776,0.498,0.542,0.547,0.487,0.768,0.0,0.869,0.643,0.505,0.618,0.746,0.509,0.778,0.503,0.672,0.768,0.507,0.5,0.507,0.667,0.669,0.499,0.547
0.58,0.68,0.453,0.513,0.729,0.697,0.633,0.515,0.565,0.501,0.72,0.518,0.788,0.513,0.506,0.627,0.679,0.769,0.776,0.63,0.789,0.926,1.0,0.666,0.667,0.654,0.782,0.506,0.546,0.545,0.498,0.783,0.0,0.865,0.64,0.521,0.63,0.742,0.523,0.77,0.516,0.683,0.757,0.515,0.516,0.512,0.663,0.665,0.503,0.545
0.547,0.778,0.429,0.487,0.651,0.795,0.601,0.496,0.554,0.496,0.71,0.498,0.689,0.498,0.482,0.613,0.751,0.653,0.659,0.6,0.633,0.666,0.666,1.0,0.842,0.783,0.671,0.497,0.538,0.533,0.455,0.669,0.0,0.662,0.836,0.491,0.602,0.669,0.486,0.666,0.471,0.717,0.685,0.488,0.488,0.479,0.731,0.731,0.475,0.525
0.543,0.803,0.424,0.494,0.665,0.821,0.614,0.493,0.557,0.498,0.679,0.486,0.679,0.496,0.485,0.624,0.76,0.645,0.667,0.617,0.631,0.671,0.667,0.842,1.0,0.777,0.676,0.494,0.544,0.532,0.462,0.678,0.0,0.657,0.813,0.481,0.616,0.68,0.485,0.666,0.476,0.715,0.686,0.488,0.476,0.481,0.739,0.738,0.494,0.532
0.547,0.717,0.424,0.499,0.649,0.727,0.592,0.495,0.556,0.503,0.688,0.496,0.687,0.505,0.496,0.602,0.756,0.636,0.652,0.594,0.623,0.663,0.654,0.783,0.777,1.0,0.663,0.504,0.541,0.541,0.472,0.655,0.0,0.642,0.743,0.485,0.594,0.657,0.488,0.667,0.48,0.692,0.663,0.499,0.492,0.478,0.734,0.734,0.496,0.534
0.561,0.66,0.452,0.512,0.716,0.667,0.588,0.512,0.569,0.51,0.742,0.507,0.791,0.51,0.511,0.599,0.67,0.729,0.752,0.591,0.732,0.776,0.782,0.671,0.676,0.663,1.0,0.506,0.563,0.558,0.488,0.763,0.0,0.737,0.64,0.506,0.59,0.833,0.494,0.794,0.498,0.663,0.848,0.504,0.492,0.503,0.673,0.676,0.497,0.551
0.505,0.49,0.412,0.796,0.493,0.488,0.476,0.902,0.495,0.781,0.504,0.75,0.517,0.809,0.77,0.485,0.484,0.477,0.493,0.478,0.483,0.498,0.506,0.497,0.494,0.504,0.506,1.0,0.54,0.48,0.751,0.505,0.0,0.49,0.47,0.657,0.477,0.512,0.694,0.503,0.775,0.486,0.514,0.953,0.924,0.505,0.483,0.483,0.717,0.529
0.581,0.54,0.457,0.546,0.543,0.56,0.528,0.548,0.584,0.531,0.54,0.557,0.555,0.553,0.545,0.539,0.551,0.533,0.545,0.53,0.524,0.542,0.546,0.538,0.544,0.541,0.563,0.54,1.0,0.557,0.514,0.56,0.0,0.538,0.523,0.538,0.53,0.558,0.536,0.56,0.523,0.534,0.553,0.538,0.535,0.608,0.529,0.53,0.533,0.847
0.636,0.524,0.458,0.479,0.535,0.533,0.53,0.481,0.66,0.477,0.546,0.489,0.554,0.478,0.482,0.543,0.525,0.537,0.547,0.533,0.527,0.547,0.545,0.533,0.532,0.541,0.558,0.48,0.557,1.0,0.465,0.535,0.0,0.519,0.504,0.474,0.533,0.546,0.467,0.565,0.479,0.521,0.557,0.478,0.471,0.528,0.538,0.54,0.483,0.568
0.501,0.489,0.405,0.741,0.491,0.47,0.464,0.747,0.481,0.751,0.465,0.719,0.479,0.739,0.743,0.464,0.456,0.474,0.483,0.464,0.482,0.487,0.498,0.455,0.462,0.472,0.488,0.751,0.514,0.465,1.0,0.491,0.0,0.485,0.428,0.637,0.464,0.489,0.693,0.483,0.902,0.483,0.483,0.757,0.756,0.511,0.454,0.455,0.703,0.517
0.56,0.684,0.452,0.508,0.725,0.697,0.596,0.515,0.556,0.489,0.704,0.509,0.741,0.503,0.495,0.583,0.704,0.715,0.737,0.595,0.744,0.768,0.783,0.669,0.678,0.655,0.763,0.505,0.56,0.535,0.491,1.0,0.0,0.748,0.637,0.494,0.594,0.767,0.515,0.767,0.501,0.693,0.769,0.511,0.51,0.49,0.688,0.691,0.498,0.541
0.0,0.0,0.0,0.0,0.0,0.0,0.0,0.0,0.0,0.0,0.0,0.0,0.0,0.0,0.0,0.0,0.0,0.0,0.0,0.0,0.0,0.0,0.0,0.0,0.0,0.0,0.0,0.0,0.0,0.0,0.0,0.0,1.0,0.0,0.0,0.0,0.0,0.0,0.0,0.0,0.0,0.0,0.0,0.0,0.0,0.0,0.0,0.0,0.0,0.0
0.557,0.671,0.436,0.486,0.716,0.679,0.597,0.498,0.545,0.483,0.698,0.502,0.76,0.499,0.485,0.592,0.675,0.717,0.732,0.594,0.749,0.869,0.865,0.662,0.657,0.642,0.737,0.49,0.538,0.519,0.485,0.748,0.0,1.0,0.632,0.514,0.595,0.722,0.518,0.743,0.494,0.671,0.74,0.498,0.507,0.49,0.652,0.654,0.494,0.528
0.522,0.747,0.399,0.468,0.629,0.772,0.578,0.463,0.527,0.465,0.673,0.461,0.661,0.472,0.461,0.583,0.714,0.624,0.633,0.578,0.607,0.643,0.64,0.836,0.813,0.743,0.64,0.47,0.523,0.504,0.428,0.637,0.0,0.632,1.0,0.458,0.578,0.639,0.453,0.635,0.441,0.684,0.662,0.46,0.455,0.457,0.701,0.7,0.455,0.504
0.51,0.471,0.4,0.668,0.48,0.491,0.504,0.651,0.496,0.653,0.493,0.656,0.491,0.663,0.658,0.513,0.49,0.505,0.511,0.505,0.5,0.505,0.521,0.491,0.481,0.485,0.506,0.657,0.538,0.474,0.637,0.494,0.0,0.514,0.458,1.0,0.505,0.489,0.668,0.501,0.654,0.481,0.509,0.661,0.657,0.5,0.473,0.474,0.64,0.531
0.558,0.605,0.43,0.477,0.59,0.631,0.988,0.487,0.562,0.467,0.578,0.491,0.586,0.482,0.473,0.958,0.604,0.629,0.643,0.991,0.612,0.618,0.63,0.602,0.616,0.594,0.59,0.477,0.53,0.533,0.464,0.594,0.0,0.595,0.578,0.505,1.0,0.579,0.489,0.591,0.476,0.588,0.592,0.484,0.478,0.477,0.585,0.586,0.481,0.535
0.56,0.678,0.445,0.501,0.73,0.692,0.576,0.532,0.566,0.503,0.731,0.511,0.771,0.511,0.506,0.589,0.674,0.708,0.727,0.579,0.716,0.746,0.742,0.669,0.68,0.657,0.833,0.512,0.558,0.546,0.489,0.767,0.0,0.722,0.639,0.489,0.579,1.0,0.51,0.779,0.499,0.67,0.857,0.516,0.498,0.507,0.675,0.678,0.503,0.544
0.506,0.501,0.411,0.704,0.506,0.517,0.492,0.699,0.492,0.706,0.5,0.698,0.494,0.707,0.703,0.49,0.498,0.508,0.514,0.489,0.495,0.509,0.523,0.486,0.485,0.488,0.494,0.694,0.536,0.467,0.693,0.515,0.0,0.518,0.453,0.668,0.489,0.51,1.0,0.499,0.711,0.499,0.503,0.702,0.708,0.505,0.478,0.479,0.674,0.526
0.55,0.655,0.445,0.506,0.729,0.659,0.588,0.509,0.573,0.507,0.764,0.504,0.797,0.51,0.505,0.601,0.672,0.722,0.754,0.592,0.74,0.778,0.77,0.666,0.666,0.667,0.794,0.503,0.56,0.565,0.483,0.767,0.0,0.743,0.635,0.501,0.591,0.779,0.499,1.0,0.495,0.664,0.799,0.497,0.494,0.506,0.697,0.7,0.494,0.563
0.516,0.496,0.419,0.769,0.504,0.484,0.478,0.759,0.497,0.769,0.482,0.745,0.491,0.765,0.765,0.478,0.472,0.483,0.495,0.477,0.493,0.503,0.516,0.471,0.476,0.48,0.498,0.775,0.523,0.479,0.902,0.501,0.0,0.494,0.441,0.654,0.476,0.499,0.711,0.495,1.0,0.493,0.498,0.782,0.78,0.513,0.466,0.467,0.722,0.525
0.555,0.732,0.44,0.485,0.681,0.73,0.591,0.498,0.548,0.473,0.646,0.494,0.65,0.487,0.483,0.588,0.714,0.664,0.666,0.588,0.655,0.672,0.683,0.717,0.715,0.692,0.663,0.486,0.534,0.521,0.483,0.693,0.0,0.671,0.684,0.481,0.588,0.67,0.499,0.664,0.493,1.0,0.687,0.49,0.491,0.495,0.738,0.741,0.487,0.53
0.555,0.664,0.453,0.513,0.731,0.681,0.59,0.517,0.584,0.511,0.755,0.512,0.781,0.515,0.51,0.6,0.685,0.716,0.737,0.592,0.731,0.768,0.757,0.685,0.686,0.663,0.848,0.514,0.553,0.557,0.483,0.769,0.0,0.74,0.662,0.509,0.592,0.857,0.503,0.799,0.498,0.687,1.0,0.507,0.499,0.504,0.691,0.694,0.497,0.546
0.512,0.509,0.42,0.779,0.498,0.494,0.485,0.905,0.498,0.759,0.487,0.757,0.497,0.78,0.75,0.484,0.494,0.487,0.5,0.485,0.491,0.507,0.515,0.488,0.488,0.499,0.504,0.953,0.538,0.478,0.757,0.511,0.0,0.498,0.46,0.661,0.484,0.516,0.702,0.497,0.782,0.49,0.507,1.0,0.957,0.511,0.475,0.476,0.729,0.531
0.529,0.518,0.419,0.765,0.506,0.49,0.482,0.882,0.489,0.756,0.479,0.753,0.49,0.766,0.738,0.479,0.493,0.491,0.496,0.478,0.493,0.5,0.516,0.488,0.476,0.492,0.492,0.924,0.535,0.471,0.756,0.51,0.0,0.507,0.455,0.657,0.478,0.498,0.708,0.494,0.78,0.491,0.499,0.957,1.0,0.518,0.471,0.472,0.713,0.523
0.549,0.501,0.43,0.509,0.512,0.492,0.478,0.514,0.533,0.49,0.487,0.52,0.5,0.512,0.517,0.48,0.471,0.497,0.503,0.478,0.504,0.507,0.512,0.479,0.481,0.478,0.503,0.505,0.608,0.528,0.511,0.49,0.0,0.49,0.457,0.5,0.477,0.507,0.505,0.506,0.513,0.495,0.504,0.511,0.518,1.0,0.498,0.499,0.507,0.671
0.535,0.718,0.419,0.482,0.667,0.721,0.581,0.482,0.55,0.477,0.664,0.49,0.679,0.487,0.492,0.594,0.729,0.644,0.656,0.585,0.641,0.667,0.663,0.731,0.739,0.734,0.673,0.483,0.529,0.538,0.454,0.688,0.0,0.652,0.701,0.473,0.585,0.675,0.478,0.697,0.466,0.738,0.691,0.475,0.471,0.498,1.0,0.997,0.471,0.538
0.536,0.72,0.42,0.482,0.67,0.723,0.582,0.483,0.551,0.477,0.665,0.491,0.679,0.487,0.492,0.595,0.731,0.647,0.659,0.586,0.643,0.669,0.665,0.731,0.738,0.734,0.676,0.483,0.53,0.54,0.455,0.691,0.0,0.654,0.7,0.474,0.586,0.678,0.479,0.7,0.467,0.741,0.694,0.476,0.472,0.499,0.997,1.0,0.472,0.539
0.503,0.507,0.415,0.707,0.505,0.495,0.481,0.711,0.498,0.699,0.485,0.68,0.497,0.712,0.694,0.483,0.481,0.478,0.497,0.481,0.482,0.499,0.503,0.475,0.494,0.496,0.497,0.717,0.533,0.483,0.703,0.498,0.0,0.494,0.455,0.64,0.481,0.503,0.674,0.494,0.722,0.487,0.497,0.729,0.713,0.507,0.471,0.472,1.0,0.525
0.596,0.541,0.464,0.533,0.531,0.546,0.533,0.538,0.606,0.518,0.533,0.548,0.545,0.535,0.547,0.54,0.534,0.535,0.547,0.536,0.532,0.547,0.545,0.525,0.532,0.534,0.551,0.529,0.847,0.568,0.517,0.541,0.0,0.528,0.504,0.531,0.535,0.544,0.526,0.563,0.525,0.53,0.546,0.531,0.523,0.671,0.538,0.539,0.525,1.0
