GCF_000163235.1_ASM16323v1_genomic.fna,GCF_000164555.1_ASM16455v1_genomic.fna,GCF_000208545.1_ASM20854v2_genomic.fna,GCF_000233875.1_ASM23387v1_genomic.fna,GCF_000249735.1_ASM24973v2_genomic.fna,GCF_000261145.1_Esch_coli_M919_V2_genomic.fna,GCF_000267705.2_ASM26770v2_genomic.fna,GCF_000350665.1_Esch_coli_KTE5_V1_genomic.fna,GCF_000351625.1_Esch_coli_KTE66_V1_genomic.fna,GCF_000352285.1_Esch_coli_KTE46_V1_genomic.fna,GCF_000358895.1_ASM35889v1_genomic.fna,GCF_000456385.1_Esch_coli_HVH_26_4-5703913_V1_genomic.fna,GCF_000458195.1_Esch_coli_HVH_147_4-5893887_V1_genomic.fna,GCF_000459755.1_Esch_coli_KOEGE_58_171a_V1_genomic.fna,GCF_000460055.1_Esch_coli_UMEA_3053-1_V1_genomic.fna,GCF_000462165.2_ASM46216v2_genomic.fna,GCF_000601135.1_ASM60113v1_genomic.fna,GCF_000614595.1_Ec2010EL1058_genomic.fna,GCF_000617745.1_Ec2010C-4529_genomic.fna,GCF_000618265.2_EcF6751_genomic.fna,GCF_000619005.2_Ec2009C-4052_genomic.fna,GCF_000619105.1_Ec2009C-4780_genomic.fna,GCF_000619765.2_Ec2009C-3279_genomic.fna,GCF_000687005.1_ASM68700v1_genomic.fna,GCF_000687025.1_ASM68702v1_genomic.fna,GCF_000700125.1_ASM70012v1_genomic.fna,GCF_000753315.1_FHI35_genomic.fna,GCF_000776375.1_ASM77637v1_genomic.fna,GCF_000779395.1_ASM77939v1_genomic.fna,GCF_000780315.1_ASM78031v1_genomic.fna,GCF_000781995.1_ASM78199v1_genomic.fna,GCF_000986765.1_ASM98676v1_genomic.fna,GCF_001041375.1_ViralProj287958_genomic.fna,GCF_001265335.1_302014_genomic.fna,GCF_001265625.1_100854_genomic.fna,GCF_001267345.1_303289_genomic.fna,GCF_001309985.1_ASM130998v1_genomic.fna,GCF_001521695.1_ASM152169v1_genomic.fna,GCF_001592595.1_ASM159259v1_genomic.fna,GCF_001614975.1_ASM161497v1_genomic.fna,GCF_001692775.1_ASM169277v1_genomic.fna,GCF_001748915.1_ASM174891v1_genomic.fna,GCF_001749235.1_ASM174923v1_genomic.fna,GCF_001881155.1_ASM188115v1_genomic.fna,GCF_001881345.1_ASM188134v1_genomic.fna,GCF_001892405.1_ASM189240v1_genomic.fna,GCF_001892585.1_ASM189258v1_genomic.fna,GCF_001893985.1_ASM189398v1_genomic.fna,GCF_002001595.1_ASM200159v1_genomic.fna,GCF_002002145.1_ASM200214v1_genomic.fna
1.0,0.546,0.472,0.476,0.531,0.523,0.526,0.488,0.639,0.481,0.516,0.5,0.526,0.474,0.468,0.527,0.54,0.53,0.515,0.525,0.516,0.524,0.538,0.529,0.513,0.508,0.507,0.479,0.56,0.612,0.467,0.542,0.0,0.528,0.483,0.484,0.526,0.536,0.493,0.518,0.476,0.511,0.516,0.481,0.5,0.539,0.502,0.502,0.468,0.562
0.546,1.0,0.427,0.483,0.667,0.793,0.582,0.497,0.523,0.5,0.621,0.51,0.629,0.479,0.484,0.582,0.73,0.643,0.634,0.581,0.63,0.633,0.644,0.784,0.811,0.722,0.636,0.479,0.543,0.514,0.481,0.666,0.0,0.643,0.726,0.483,0.581,0.675,0.494,0.632,0.488,0.698,0.65,0.496,0.501,0.489,0.679,0.681,0.487,0.526
0.472,0.427,1.0,0.377,0.41,0.409,0.415,0.395,0.462,0.377,0.402,0.4,0.41,0.387,0.394,0.417,0.421,0.414,0.404,0.414,0.406,0.409,0.409,0.411,0.407,0.406,0.406,0.388,0.441,0.452,0.378,0.431,0.0,0.418,0.375,0.411,0.415,0.415,0.395,0.409,0.384,0.407,0.405,0.397,0.392,0.428,0.397,0.397,0.379,0.45
0.476,0.483,0.377,1.0,0.494,0.477,0.469,0.735,0.488,0.766,0.474,0.749,0.474,0.817,0.788,0.466,0.49,0.492,0.477,0.462,0.462,0.473,0.482,0.485,0.494,0.471,0.465,0.789,0.523,0.474,0.744,0.492,0.0,0.466,0.449,0.67,0.466,0.489,0.722,0.475,0.765,0.486,0.469,0.767,0.772,0.496,0.468,0.469,0.724,0.522
0.531,0.667,0.41,0.494,1.0,0.675,0.595,0.497,0.539,0.501,0.776,0.491,0.736,0.5,0.487,0.596,0.698,0.721,0.711,0.587,0.719,0.723,0.722,0.693,0.689,0.681,0.721,0.499,0.542,0.542,0.478,0.723,0.0,0.712,0.643,0.496,0.591,0.734,0.488,0.737,0.494,0.698,0.739,0.485,0.496,0.48,0.692,0.693,0.49,0.519
0.523,0.793,0.409,0.477,0.675,1.0,0.595,0.501,0.53,0.487,0.632,0.489,0.646,0.484,0.484,0.592,0.739,0.662,0.649,0.592,0.633,0.645,0.662,0.783,0.814,0.717,0.638,0.484,0.55,0.513,0.463,0.665,0.0,0.666,0.75,0.507,0.591,0.678,0.51,0.641,0.479,0.717,0.659,0.48,0.483,0.481,0.703,0.705,0.486,0.539
0.526,0.582,0.415,0.469,0.595,0.595,1.0,0.453,0.545,0.46,0.579,0.462,0.593,0.46,0.456,0.965,0.611,0.627,0.614,0.976,0.619,0.623,0.639,0.607,0.593,0.583,0.589,0.456,0.521,0.523,0.446,0.594,0.0,0.611,0.572,0.497,0.979,0.576,0.475,0.584,0.451,0.597,0.59,0.445,0.451,0.482,0.568,0.568,0.447,0.516
0.488,0.497,0.395,0.735,0.497,0.501,0.453,1.0,0.479,0.727,0.464,0.737,0.473,0.744,0.725,0.452,0.487,0.486,0.472,0.452,0.462,0.467,0.483,0.491,0.479,0.463,0.459,0.9,0.537,0.465,0.719,0.499,0.0,0.47,0.444,0.661,0.453,0.522,0.718,0.476,0.734,0.475,0.47,0.907,0.886,0.486,0.459,0.46,0.695,0.518
0.639,0.523,0.462,0.488,0.539,0.53,0.545,0.479,1.0,0.499,0.535,0.488,0.536,0.498,0.49,0.543,0.544,0.551,0.524,0.542,0.522,0.533,0.538,0.541,0.524,0.521,0.53,0.485,0.576,0.666,0.464,0.54,0.0,0.526,0.493,0.519,0.545,0.539,0.501,0.535,0.474,0.546,0.542,0.474,0.483,0.528,0.516,0.515,0.485,0.579
0.481,0.5,0.377,0.766,0.501,0.487,0.46,0.727,0.499,1.0,0.493,0.714,0.502,0.772,0.723,0.462,0.488,0.499,0.474,0.452,0.454,0.478,0.47,0.499,0.498,0.489,0.484,0.761,0.527,0.498,0.75,0.475,0.0,0.466,0.456,0.658,0.457,0.49,0.724,0.492,0.76,0.501,0.482,0.735,0.75,0.497,0.483,0.483,0.716,0.51
0.516,0.621,0.402,0.474,0.776,0.632,0.579,0.464,0.535,0.493,1.0,0.46,0.777,0.481,0.458,0.582,0.651,0.728,0.701,0.57,0.684,0.717,0.701,0.677,0.653,0.68,0.728,0.473,0.5,0.534,0.444,0.698,0.0,0.692,0.685,0.49,0.576,0.696,0.479,0.757,0.457,0.679,0.745,0.458,0.464,0.464,0.657,0.655,0.462,0.504
0.5,0.51,0.4,0.749,0.491,0.489,0.462,0.737,0.488,0.714,0.46,1.0,0.48,0.764,0.86,0.462,0.492,0.484,0.468,0.461,0.476,0.471,0.482,0.494,0.486,0.477,0.459,0.735,0.532,0.491,0.709,0.495,0.0,0.479,0.453,0.652,0.458,0.49,0.717,0.467,0.731,0.481,0.473,0.744,0.748,0.508,0.47,0.47,0.678,0.518
0.526,0.629,0.41,0.474,0.736,0.646,0.593,0.473,0.536,0.502,0.777,0.48,1.0,0.481,0.475,0.599,0.666,0.745,0.739,0.585,0.736,0.795,0.779,0.687,0.658,0.68,0.787,0.484,0.523,0.543,0.454,0.722,0.0,0.764,0.668,0.489,0.589,0.727,0.475,0.789,0.464,0.689,0.778,0.467,0.473,0.481,0.673,0.671,0.477,0.521
0.474,0.479,0.387,0.817,0.5,0.484,0.46,0.744,0.498,0.772,0.481,0.764,0.481,1.0,0.801,0.463,0.493,0.5,0.481,0.452,0.461,0.48,0.481,0.49,0.492,0.48,0.481,0.805,0.54,0.487,0.762,0.492,0.0,0.469,0.45,0.676,0.456,0.501,0.733,0.483,0.785,0.493,0.48,0.775,0.781,0.499,0.473,0.474,0.744,0.524
0.468,0.484,0.394,0.788,0.487,0.484,0.456,0.725,0.49,0.723,0.458,0.86,0.475,0.801,1.0,0.454,0.496,0.478,0.465,0.456,0.466,0.474,0.48,0.477,0.483,0.468,0.454,0.748,0.527,0.478,0.739,0.492,0.0,0.473,0.444,0.663,0.455,0.495,0.719,0.463,0.757,0.479,0.473,0.743,0.748,0.503,0.479,0.48,0.689,0.538
0.527,0.582,0.417,0.466,0.596,0.592,0.965,0.452,0.543,0.462,0.582,0.462,0.599,0.463,0.454,1.0,0.61,0.622,0.619,0.949,0.61,0.629,0.634,0.607,0.596,0.585,0.59,0.46,0.52,0.534,0.447,0.593,0.0,0.602,0.572,0.494,0.955,0.581,0.471,0.586,0.453,0.601,0.594,0.444,0.451,0.483,0.572,0.572,0.453,0.512
0.54,0.73,0.421,0.49,0.698,0.739,0.611,0.487,0.544,0.488,0.651,0.492,0.666,0.493,0.496,0.61,1.0,0.683,0.666,0.607,0.668,0.681,0.693,0.769,0.762,0.776,0.667,0.49,0.565,0.54,0.462,0.722,0.0,0.685,0.711,0.511,0.607,0.685,0.497,0.664,0.469,0.717,0.68,0.483,0.496,0.482,0.714,0.715,0.485,0.533
0.53,0.643,0.414,0.492,0.721,0.662,0.627,0.486,0.551,0.499,0.728,0.484,0.745,0.5,0.478,0.622,0.683,1.0,0.775,0.618,0.734,0.783,0.768,0.705,0.678,0.682,0.761,0.488,0.543,0.551,0.46,0.697,0.0,0.733,0.657,0.518,0.62,0.71,0.498,0.748,0.468,0.707,0.755,0.473,0.483,0.481,0.679,0.678,0.478,0.536
0.515,0.634,0.404,0.477,0.711,0.649,0.614,0.472,0.524,0.474,0.701,0.468,0.739,0.481,0.465,0.619,0.666,0.775,1.0,0.604,0.752,0.755,0.754,0.672,0.648,0.653,0.732,0.477,0.516,0.525,0.445,0.721,0.0,0.727,0.638,0.497,0.608,0.707,0.477,0.734,0.457,0.675,0.732,0.46,0.468,0.467,0.648,0.649,0.467,0.514
0.525,0.581,0.414,0.462,0.587,0.592,0.976,0.452,0.542,0.452,0.57,0.461,0.585,0.452,0.456,0.949,0.607,0.618,0.604,1.0,0.62,0.616,0.636,0.597,0.593,0.574,0.579,0.45,0.52,0.515,0.445,0.593,0.0,0.607,0.563,0.494,0.988,0.574,0.472,0.574,0.45,0.589,0.58,0.444,0.45,0.481,0.559,0.559,0.442,0.514
0.516,0.63,0.406,0.462,0.719,0.633,0.619,0.462,0.522,0.454,0.684,0.476,0.736,0.461,0.466,0.61,0.668,0.734,0.752,0.62,1.0,0.75,0.774,0.654,0.639,0.649,0.73,0.467,0.517,0.518,0.442,0.729,0.0,0.746,0.62,0.498,0.617,0.722,0.466,0.728,0.454,0.641,0.72,0.46,0.466,0.475,0.644,0.646,0.451,0.518
0.524,0.633,0.409,0.473,0.723,0.645,0.623,0.467,0.533,0.478,0.717,0.471,0.795,0.48,0.474,0.629,0.681,0.783,0.755,0.616,0.75,1.0,0.91,0.685,0.665,0.669,0.766,0.477,0.522,0.534,0.443,0.74,0.0,0.867,0.629,0.49,0.618,0.729,0.478,0.76,0.453,0.677,0.759,0.463,0.47,0.475,0.668,0.666,0.463,0.527
0.538,0.644,0.409,0.482,0.722,0.662,0.639,0.483,0.538,0.47,0.701,0.482,0.779,0.481,0.48,0.634,0.693,0.768,0.754,0.636,0.774,0.91,1.0,0.676,0.662,0.658,0.754,0.481,0.538,0.518,0.45,0.76,0.0,0.88,0.626,0.508,0.637,0.74,0.49,0.739,0.466,0.668,0.74,0.475,0.485,0.477,0.655,0.655,0.467,0.531
0.529,0.784,0.411,0.485,0.693,0.783,0.607,0.491,0.541,0.499,0.677,0.494,0.687,0.49,0.477,0.607,0.769,0.705,0.672,0.597,0.654,0.685,0.676,1.0,0.829,0.762,0.689,0.489,0.546,0.552,0.461,0.673,0.0,0.665,0.792,0.497,0.6,0.678,0.482,0.679,0.472,0.752,0.702,0.476,0.485,0.48,0.731,0.729,0.475,0.524
0.513,0.811,0.407,0.494,0.689,0.814,0.593,0.479,0.524,0.498,0.653,0.486,0.658,0.492,0.483,0.596,0.762,0.678,0.648,0.593,0.639,0.665,0.662,0.829,1.0,0.781,0.665,0.485,0.544,0.534,0.463,0.679,0.0,0.645,0.779,0.49,0.598,0.672,0.484,0.658,0.477,0.729,0.674,0.487,0.482,0.481,0.722,0.724,0.487,0.522
0.508,0.722,0.406,0.471,0.681,0.717,0.583,0.463,0.521,0.489,0.68,0.477,0.68,0.48,0.468,0.585,0.776,0.682,0.653,0.574,0.649,0.669,0.658,0.762,0.781,1.0,0.684,0.467,0.526,0.53,0.453,0.662,0.0,0.646,0.734,0.478,0.579,0.654,0.473,0.681,0.458,0.721,0.684,0.472,0.469,0.472,0.711,0.71,0.479,0.508
0.507,0.636,0.406,0.465,0.721,0.638,0.589,0.459,0.53,0.484,0.728,0.459,0.787,0.481,0.454,0.59,0.667,0.761,0.732,0.579,0.73,0.766,0.754,0.689,0.665,0.684,1.0,0.472,0.513,0.526,0.447,0.735,0.0,0.727,0.639,0.487,0.582,0.792,0.47,0.773,0.459,0.677,0.845,0.463,0.462,0.462,0.656,0.655,0.465,0.503
0.479,0.479,0.388,0.789,0.499,0.484,0.456,0.9,0.485,0.761,0.473,0.735,0.484,0.805,0.748,0.46,0.49,0.488,0.477,0.45,0.467,0.477,0.481,0.489,0.485,0.467,0.472,1.0,0.538,0.482,0.728,0.494,0.0,0.468,0.443,0.67,0.454,0.516,0.711,0.485,0.754,0.479,0.472,0.955,0.94,0.493,0.464,0.465,0.73,0.515
0.56,0.543,0.441,0.523,0.542,0.55,0.521,0.537,0.576,0.527,0.5,0.532,0.523,0.54,0.527,0.52,0.565,0.543,0.516,0.52,0.517,0.522,0.538,0.546,0.544,0.526,0.513,0.538,1.0,0.545,0.51,0.551,0.0,0.533,0.499,0.533,0.521,0.54,0.517,0.52,0.519,0.533,0.518,0.528,0.533,0.606,0.508,0.51,0.516,0.837
0.612,0.514,0.452,0.474,0.542,0.513,0.523,0.465,0.666,0.498,0.534,0.491,0.543,0.487,0.478,0.534,0.54,0.551,0.525,0.515,0.518,0.534,0.518,0.552,0.534,0.53,0.526,0.482,0.545,1.0,0.449,0.515,0.0,0.51,0.499,0.489,0.519,0.523,0.478,0.557,0.468,0.545,0.538,0.464,0.467,0.546,0.541,0.542,0.47,0.553
0.467,0.481,0.378,0.744,0.478,0.463,0.446,0.719,0.464,0.75,0.444,0.709,0.454,0.762,0.739,0.447,0.462,0.46,0.445,0.445,0.442,0.443,0.45,0.461,0.463,0.453,0.447,0.728,0.51,0.449,1.0,0.465,0.0,0.444,0.424,0.647,0.446,0.472,0.703,0.444,0.891,0.462,0.446,0.728,0.726,0.492,0.447,0.448,0.688,0.5
0.542,0.666,0.431,0.492,0.723,0.665,0.594,0.499,0.54,0.475,0.698,0.495,0.722,0.492,0.492,0.593,0.722,0.697,0.721,0.593,0.729,0.74,0.76,0.673,0.679,0.662,0.735,0.494,0.551,0.515,0.465,1.0,0.0,0.738,0.613,0.5,0.594,0.758,0.508,0.724,0.478,0.672,0.749,0.492,0.503,0.483,0.652,0.652,0.477,0.519
0.0,0.0,0.0,0.0,0.0,0.0,0.0,0.0,0.0,0.0,0.0,0.0,0.0,0.0,0.0,0.0,0.0,0.0,0.0,0.0,0.0,0.0,0.0,0.0,0.0,0.0,0.0,0.0,0.0,0.0,0.0,0.0,1.0,0.0,0.0,0.0,0.0,0.0,0.0,0.0,0.0,0.0,0.0,0.0,0.0,0.0,0.0,0.0,0.0,0.0
0.528,0.643,0.418,0.466,0.712,0.666,0.611,0.47,0.526,0.466,0.692,0.479,0.764,0.469,0.473,0.602,0.685,0.733,0.727,0.607,0.746,0.867,0.88,0.665,0.645,0.646,0.727,0.468,0.533,0.51,0.444,0.738,0.0,1.0,0.615,0.504,0.608,0.725,0.493,0.724,0.451,0.655,0.735,0.462,0.476,0.476,0.653,0.654,0.453,0.531
0.483,0.726,0.375,0.449,0.643,0.75,0.572,0.444,0.493,0.456,0.685,0.453,0.668,0.45,0.444,0.572,0.711,0.657,0.638,0.563,0.62,0.629,0.626,0.792,0.779,0.734,0.639,0.443,0.499,0.499,0.424,0.613,0.0,0.615,1.0,0.463,0.568,0.626,0.443,0.648,0.433,0.701,0.664,0.431,0.436,0.444,0.681,0.68,0.439,0.481
0.484,0.483,0.411,0.67,0.496,0.507,0.497,0.661,0.519,0.658,0.49,0.652,0.489,0.676,0.663,0.494,0.511,0.518,0.497,0.494,0.498,0.49,0.508,0.497,0.49,0.478,0.487,0.67,0.533,0.489,0.647,0.5,0.0,0.504,0.463,1.0,0.494,0.495,0.687,0.491,0.662,0.495,0.484,0.665,0.674,0.493,0.468,0.469,0.663,0.535
0.526,0.581,0.415,0.466,0.591,0.591,0.979,0.453,0.545,0.457,0.576,0.458,0.589,0.456,0.455,0.955,0.607,0.62,0.608,0.988,0.617,0.618,0.637,0.6,0.598,0.579,0.582,0.454,0.521,0.519,0.446,0.594,0.0,0.608,0.568,0.494,1.0,0.576,0.473,0.58,0.451,0.593,0.585,0.445,0.451,0.482,0.565,0.565,0.445,0.516
0.536,0.675,0.415,0.489,0.734,0.678,0.576,0.522,0.539,0.49,0.696,0.49,0.727,0.501,0.495,0.581,0.685,0.71,0.707,0.574,0.722,0.729,0.74,0.678,0.672,0.654,0.792,0.516,0.54,0.523,0.472,0.758,0.0,0.725,0.626,0.495,0.576,1.0,0.505,0.736,0.489,0.662,0.827,0.51,0.498,0.478,0.662,0.664,0.487,0.519
0.493,0.494,0.395,0.722,0.488,0.51,0.475,0.718,0.501,0.724,0.479,0.717,0.475,0.733,0.719,0.471,0.497,0.498,0.477,0.472,0.466,0.478,0.49,0.482,0.484,0.473,0.47,0.711,0.517,0.478,0.703,0.508,0.0,0.493,0.443,0.687,0.473,0.505,1.0,0.481,0.719,0.479,0.485,0.721,0.725,0.5,0.461,0.461,0.671,0.514
0.518,0.632,0.409,0.475,0.737,0.641,0.584,0.476,0.535,0.492,0.757,0.467,0.789,0.483,0.463,0.586,0.664,0.748,0.734,0.574,0.728,0.76,0.739,0.679,0.658,0.681,0.773,0.485,0.52,0.557,0.444,0.724,0.0,0.724,0.648,0.491,0.58,0.736,0.481,1.0,0.453,0.681,0.784,0.471,0.474,0.478,0.686,0.684,0.459,0.531
0.476,0.488,0.384,0.765,0.494,0.479,0.451,0.734,0.474,0.76,0.457,0.731,0.464,0.785,0.757,0.453,0.469,0.468,0.457,0.45,0.454,0.453,0.466,0.472,0.477,0.458,0.459,0.754,0.519,0.468,0.891,0.478,0.0,0.451,0.433,0.662,0.451,0.489,0.719,0.453,1.0,0.478,0.461,0.756,0.75,0.494,0.456,0.457,0.708,0.507
0.511,0.698,0.407,0.486,0.698,0.717,0.597,0.475,0.546,0.501,0.679,0.481,0.689,0.493,0.479,0.601,0.717,0.707,0.675,0.589,0.641,0.677,0.668,0.752,0.729,0.721,0.677,0.479,0.533,0.545,0.462,0.672,0.0,0.655,0.701,0.495,0.593,0.662,0.479,0.681,0.478,1.0,0.711,0.466,0.464,0.475,0.749,0.747,0.483,0.512
0.516,0.65,0.405,0.469,0.739,0.659,0.59,0.47,0.542,0.482,0.745,0.473,0.778,0.48,0.473,0.594,0.68,0.755,0.732,0.58,0.72,0.759,0.74,0.702,0.674,0.684,0.845,0.472,0.518,0.538,0.446,0.749,0.0,0.735,0.664,0.484,0.585,0.827,0.485,0.784,0.461,0.711,1.0,0.459,0.462,0.462,0.678,0.677,0.462,0.511
0.481,0.496,0.397,0.767,0.485,0.48,0.445,0.907,0.474,0.735,0.458,0.744,0.467,0.775,0.743,0.444,0.483,0.473,0.46,0.444,0.46,0.463,0.475,0.476,0.487,0.472,0.463,0.955,0.528,0.464,0.728,0.492,0.0,0.462,0.431,0.665,0.445,0.51,0.721,0.471,0.756,0.466,0.459,1.0,0.953,0.499,0.45,0.451,0.717,0.514
0.5,0.501,0.392,0.772,0.496,0.483,0.451,0.886,0.483,0.75,0.464,0.748,0.473,0.781,0.748,0.451,0.496,0.483,0.468,0.45,0.466,0.47,0.485,0.485,0.482,0.469,0.462,0.94,0.533,0.467,0.726,0.503,0.0,0.476,0.436,0.674,0.451,0.498,0.725,0.474,0.75,0.464,0.462,0.953,1.0,0.494,0.457,0.458,0.714,0.52
0.539,0.489,0.428,0.496,0.48,0.481,0.482,0.486,0.528,0.497,0.464,0.508,0.481,0.499,0.503,0.483,0.482,0.481,0.467,0.481,0.475,0.475,0.477,0.48,0.481,0.472,0.462,0.493,0.606,0.546,0.492,0.483,0.0,0.476,0.444,0.493,0.482,0.478,0.5,0.478,0.494,0.475,0.462,0.499,0.494,1.0,0.495,0.495,0.481,0.68
0.502,0.679,0.397,0.468,0.692,0.703,0.568,0.459,0.516,0.483,0.657,0.47,0.673,0.473,0.479,0.572,0.714,0.679,0.648,0.559,0.644,0.668,0.655,0.731,0.722,0.711,0.656,0.464,0.508,0.541,0.447,0.652,0.0,0.653,0.681,0.468,0.565,0.662,0.461,0.686,0.456,0.749,0.678,0.45,0.457,0.495,1.0,0.996,0.461,0.521
0.502,0.681,0.397,0.469,0.693,0.705,0.568,0.46,0.515,0.483,0.655,0.47,0.671,0.474,0.48,0.572,0.715,0.678,0.649,0.559,0.646,0.666,0.655,0.729,0.724,0.71,0.655,0.465,0.51,0.542,0.448,0.652,0.0,0.654,0.68,0.469,0.565,0.664,0.461,0.684,0.457,0.747,0.677,0.451,0.458,0.495,0.996,1.0,0.462,0.523
0.468,0.487,0.379,0.724,0.49,0.486,0.447,0.695,0.485,0.716,0.462,0.678,0.477,0.744,0.689,0.453,0.485,0.478,0.467,0.442,0.451,0.463,0.467,0.475,0.487,0.479,0.465,0.73,0.516,0.47,0.688,0.477,0.0,0.453,0.439,0.663,0.445,0.487,0.671,0.459,0.708,0.483,0.462,0.717,0.714,0.481,0.461,0.462,1.0,0.507
0.562,0.526,0.45,0.522,0.519,0.539,0.516,0.518,0.579,0.51,0.504,0.518,0.521,0.524,0.538,0.512,0.533,0.536,0.514,0.514,0.518,0.527,0.531,0.524,0.522,0.508,0.503,0.515,0.837,0.553,0.5,0.519,0.0,0.531,0.481,0.535,0.516,0.519,0.514,0.531,0.507,0.512,0.511,0.514,0.52,0.68,0.521,0.523,0.507,1.0
