GCF_000163235.1_ASM16323v1_genomic.fna,GCF_000164555.1_ASM16455v1_genomic.fna,GCF_000208545.1_ASM20854v2_genomic.fna,GCF_000233875.1_ASM23387v1_genomic.fna,GCF_000249735.1_ASM24973v2_genomic.fna,GCF_000261145.1_Esch_coli_M919_V2_genomic.fna,GCF_000267705.2_ASM26770v2_genomic.fna,GCF_000350665.1_Esch_coli_KTE5_V1_genomic.fna,GCF_000351625.1_Esch_coli_KTE66_V1_genomic.fna,GCF_000352285.1_Esch_coli_KTE46_V1_genomic.fna,GCF_000358895.1_ASM35889v1_genomic.fna,GCF_000456385.1_Esch_coli_HVH_26_4-5703913_V1_genomic.fna,GCF_000458195.1_Esch_coli_HVH_147_4-5893887_V1_genomic.fna,GCF_000459755.1_Esch_coli_KOEGE_58_171a_V1_genomic.fna,GCF_000460055.1_Esch_coli_UMEA_3053-1_V1_genomic.fna,GCF_000462165.2_ASM46216v2_genomic.fna,GCF_000601135.1_ASM60113v1_genomic.fna,GCF_000614595.1_Ec2010EL1058_genomic.fna,GCF_000617745.1_Ec2010C-4529_genomic.fna,GCF_000618265.2_EcF6751_genomic.fna,GCF_000619005.2_Ec2009C-4052_genomic.fna,GCF_000619105.1_Ec2009C-4780_genomic.fna,GCF_000619765.2_Ec2009C-3279_genomic.fna,GCF_000687005.1_ASM68700v1_genomic.fna,GCF_000687025.1_ASM68702v1_genomic.fna,GCF_000700125.1_ASM70012v1_genomic.fna,GCF_000753315.1_FHI35_genomic.fna,GCF_000776375.1_ASM77637v1_genomic.fna,GCF_000779395.1_ASM77939v1_genomic.fna,GCF_000780315.1_ASM78031v1_genomic.fna,GCF_000781995.1_ASM78199v1_genomic.fna,GCF_000986765.1_ASM98676v1_genomic.fna,GCF_001041375.1_ViralProj287958_genomic.fna,GCF_001265335.1_302014_genomic.fna,GCF_001265625.1_100854_genomic.fna,GCF_001267345.1_303289_genomic.fna,GCF_001309985.1_ASM130998v1_genomic.fna,GCF_001521695.1_ASM152169v1_genomic.fna,GCF_001592595.1_ASM159259v1_genomic.fna,GCF_001614975.1_ASM161497v1_genomic.fna,GCF_001692775.1_ASM169277v1_genomic.fna,GCF_001748915.1_ASM174891v1_genomic.fna,GCF_001749235.1_ASM174923v1_genomic.fna,GCF_001881155.1_ASM188115v1_genomic.fna,GCF_001881345.1_ASM188134v1_genomic.fna,GCF_001892405.1_ASM189240v1_genomic.fna,GCF_001892585.1_ASM189258v1_genomic.fna,GCF_001893985.1_ASM189398v1_genomic.fna,GCF_002001595.1_ASM200159v1_genomic.fna,GCF_002002145.1_ASM200214v1_genomic.fna
1.0,0.479,0.395,0.418,0.474,0.444,0.457,0.424,0.582,0.428,0.444,0.436,0.444,0.404,0.416,0.457,0.466,0.452,0.427,0.456,0.437,0.435,0.458,0.444,0.444,0.448,0.45,0.414,0.497,0.578,0.406,0.452,0.0,0.444,0.416,0.402,0.457,0.469,0.411,0.447,0.417,0.449,0.452,0.415,0.43,0.461,0.436,0.437,0.397,0.503
0.479,1.0,0.355,0.401,0.616,0.775,0.529,0.432,0.445,0.418,0.575,0.443,0.593,0.402,0.417,0.529,0.71,0.591,0.591,0.528,0.585,0.584,0.608,0.79,0.8,0.718,0.596,0.425,0.465,0.452,0.401,0.61,0.0,0.59,0.741,0.414,0.528,0.623,0.409,0.589,0.403,0.694,0.593,0.44,0.439,0.4,0.682,0.686,0.416,0.463
0.395,0.355,1.0,0.311,0.335,0.331,0.322,0.317,0.366,0.321,0.322,0.325,0.331,0.309,0.321,0.331,0.34,0.333,0.331,0.321,0.326,0.327,0.331,0.339,0.343,0.347,0.334,0.316,0.382,0.394,0.316,0.334,0.0,0.335,0.31,0.316,0.32,0.338,0.305,0.332,0.325,0.334,0.354,0.318,0.31,0.333,0.326,0.325,0.328,0.378
0.418,0.401,0.311,1.0,0.398,0.398,0.392,0.686,0.401,0.739,0.412,0.703,0.419,0.772,0.731,0.393,0.385,0.404,0.415,0.389,0.389,0.394,0.399,0.413,0.395,0.407,0.387,0.737,0.45,0.411,0.714,0.385,0.0,0.374,0.395,0.614,0.388,0.389,0.647,0.411,0.72,0.386,0.403,0.703,0.702,0.417,0.381,0.38,0.653,0.456
0.474,0.616,0.335,0.398,1.0,0.608,0.556,0.43,0.447,0.41,0.728,0.427,0.673,0.4,0.419,0.556,0.615,0.64,0.647,0.555,0.658,0.663,0.679,0.606,0.596,0.602,0.678,0.418,0.464,0.461,0.397,0.674,0.0,0.678,0.568,0.396,0.553,0.674,0.4,0.676,0.409,0.635,0.685,0.419,0.425,0.404,0.634,0.637,0.399,0.455
0.444,0.775,0.331,0.398,0.608,1.0,0.537,0.428,0.437,0.41,0.577,0.413,0.607,0.408,0.411,0.539,0.699,0.609,0.606,0.535,0.591,0.601,0.602,0.789,0.808,0.712,0.6,0.421,0.469,0.446,0.405,0.591,0.0,0.605,0.756,0.409,0.534,0.605,0.412,0.607,0.409,0.693,0.614,0.417,0.416,0.391,0.689,0.688,0.409,0.452
0.457,0.529,0.322,0.392,0.556,0.537,1.0,0.405,0.45,0.397,0.535,0.405,0.533,0.388,0.395,0.96,0.531,0.555,0.562,0.987,0.586,0.556,0.576,0.537,0.517,0.544,0.547,0.4,0.43,0.454,0.393,0.533,0.0,0.553,0.496,0.419,0.986,0.524,0.402,0.537,0.391,0.545,0.535,0.402,0.406,0.382,0.514,0.516,0.385,0.444
0.424,0.432,0.317,0.686,0.43,0.428,0.405,1.0,0.412,0.683,0.399,0.701,0.422,0.698,0.699,0.405,0.424,0.411,0.418,0.403,0.407,0.407,0.421,0.432,0.409,0.423,0.419,0.898,0.47,0.424,0.675,0.42,0.0,0.412,0.396,0.601,0.401,0.446,0.641,0.42,0.677,0.409,0.433,0.896,0.883,0.432,0.415,0.416,0.629,0.478
0.582,0.445,0.366,0.401,0.447,0.437,0.45,0.412,1.0,0.419,0.43,0.411,0.442,0.413,0.412,0.451,0.443,0.447,0.439,0.45,0.434,0.438,0.444,0.436,0.433,0.442,0.455,0.408,0.5,0.589,0.406,0.431,0.0,0.441,0.412,0.412,0.45,0.45,0.4,0.445,0.41,0.454,0.449,0.407,0.409,0.441,0.426,0.426,0.409,0.52
0.428,0.418,0.321,0.739,0.41,0.41,0.397,0.683,0.419,1.0,0.426,0.683,0.432,0.732,0.702,0.399,0.389,0.417,0.421,0.395,0.394,0.404,0.395,0.424,0.403,0.417,0.403,0.722,0.473,0.428,0.737,0.387,0.0,0.387,0.4,0.619,0.393,0.401,0.662,0.415,0.726,0.401,0.409,0.69,0.699,0.419,0.386,0.385,0.672,0.465
0.444,0.575,0.322,0.412,0.728,0.577,0.535,0.399,0.43,0.426,1.0,0.391,0.717,0.409,0.396,0.541,0.57,0.659,0.665,0.533,0.649,0.685,0.666,0.621,0.58,0.61,0.66,0.422,0.439,0.448,0.397,0.644,0.0,0.653,0.621,0.396,0.53,0.636,0.4,0.695,0.392,0.619,0.669,0.4,0.403,0.381,0.583,0.583,0.395,0.433
0.436,0.443,0.325,0.703,0.427,0.413,0.405,0.701,0.411,0.683,0.391,1.0,0.4,0.706,0.847,0.401,0.42,0.41,0.406,0.403,0.403,0.392,0.407,0.421,0.409,0.414,0.407,0.697,0.471,0.426,0.671,0.405,0.0,0.401,0.391,0.615,0.402,0.419,0.666,0.399,0.686,0.402,0.417,0.701,0.705,0.438,0.404,0.405,0.62,0.474
0.444,0.593,0.331,0.419,0.673,0.607,0.533,0.422,0.442,0.432,0.717,0.4,1.0,0.419,0.4,0.54,0.584,0.698,0.727,0.532,0.717,0.778,0.759,0.635,0.602,0.622,0.735,0.437,0.461,0.458,0.407,0.702,0.0,0.743,0.599,0.405,0.53,0.708,0.405,0.761,0.402,0.627,0.739,0.419,0.418,0.389,0.604,0.603,0.411,0.452
0.404,0.402,0.309,0.772,0.4,0.408,0.388,0.698,0.413,0.732,0.409,0.706,0.419,1.0,0.75,0.392,0.383,0.414,0.42,0.386,0.388,0.403,0.401,0.409,0.404,0.408,0.405,0.75,0.466,0.428,0.73,0.389,0.0,0.381,0.392,0.621,0.384,0.411,0.677,0.412,0.736,0.392,0.409,0.715,0.713,0.421,0.382,0.381,0.667,0.456
0.416,0.417,0.321,0.731,0.419,0.411,0.395,0.699,0.412,0.702,0.396,0.847,0.4,0.75,1.0,0.397,0.416,0.406,0.407,0.393,0.393,0.397,0.409,0.4,0.399,0.411,0.407,0.716,0.459,0.427,0.712,0.401,0.0,0.394,0.393,0.617,0.392,0.411,0.674,0.4,0.725,0.407,0.414,0.709,0.709,0.441,0.411,0.41,0.641,0.483
0.457,0.529,0.331,0.393,0.556,0.539,0.96,0.405,0.451,0.399,0.541,0.401,0.54,0.392,0.397,1.0,0.533,0.55,0.568,0.958,0.582,0.563,0.573,0.539,0.52,0.543,0.544,0.406,0.437,0.466,0.396,0.528,0.0,0.55,0.5,0.42,0.956,0.525,0.399,0.537,0.397,0.552,0.538,0.399,0.404,0.382,0.518,0.517,0.392,0.442
0.466,0.71,0.34,0.385,0.615,0.699,0.531,0.424,0.443,0.389,0.57,0.42,0.584,0.383,0.416,0.533,1.0,0.582,0.586,0.53,0.568,0.596,0.607,0.716,0.697,0.744,0.599,0.404,0.453,0.432,0.385,0.631,0.0,0.61,0.658,0.415,0.529,0.594,0.4,0.594,0.384,0.669,0.6,0.411,0.419,0.384,0.689,0.692,0.387,0.459
0.452,0.591,0.333,0.404,0.64,0.609,0.555,0.411,0.447,0.417,0.659,0.41,0.698,0.414,0.406,0.55,0.582,1.0,0.737,0.553,0.723,0.715,0.713,0.606,0.592,0.614,0.69,0.42,0.453,0.457,0.405,0.664,0.0,0.67,0.568,0.42,0.55,0.661,0.413,0.704,0.403,0.613,0.692,0.404,0.409,0.388,0.599,0.6,0.399,0.444
0.427,0.591,0.331,0.415,0.647,0.606,0.562,0.418,0.439,0.421,0.665,0.406,0.727,0.42,0.407,0.568,0.586,0.737,1.0,0.559,0.733,0.735,0.72,0.608,0.603,0.618,0.71,0.432,0.45,0.454,0.405,0.68,0.0,0.685,0.587,0.414,0.556,0.677,0.401,0.731,0.403,0.614,0.709,0.414,0.416,0.382,0.592,0.591,0.408,0.443
0.456,0.528,0.321,0.389,0.555,0.535,0.987,0.403,0.45,0.395,0.533,0.403,0.532,0.386,0.393,0.958,0.53,0.553,0.559,1.0,0.582,0.553,0.572,0.531,0.516,0.542,0.541,0.398,0.429,0.453,0.392,0.532,0.0,0.549,0.495,0.414,0.989,0.523,0.399,0.535,0.39,0.544,0.533,0.399,0.402,0.381,0.513,0.515,0.383,0.444
0.437,0.585,0.326,0.389,0.658,0.591,0.586,0.407,0.434,0.394,0.649,0.403,0.717,0.388,0.393,0.582,0.568,0.723,0.733,0.582,1.0,0.737,0.745,0.594,0.571,0.608,0.728,0.407,0.447,0.454,0.388,0.695,0.0,0.717,0.565,0.412,0.578,0.694,0.399,0.713,0.393,0.6,0.716,0.399,0.407,0.401,0.606,0.605,0.382,0.45
0.435,0.584,0.327,0.394,0.663,0.601,0.556,0.407,0.438,0.404,0.685,0.392,0.778,0.403,0.397,0.563,0.596,0.715,0.735,0.553,0.737,1.0,0.911,0.613,0.598,0.618,0.734,0.421,0.452,0.446,0.397,0.701,0.0,0.864,0.572,0.4,0.551,0.702,0.39,0.747,0.394,0.617,0.74,0.404,0.405,0.389,0.596,0.595,0.394,0.449
0.458,0.608,0.331,0.399,0.679,0.602,0.576,0.421,0.444,0.395,0.666,0.407,0.759,0.401,0.409,0.573,0.607,0.713,0.72,0.572,0.745,0.911,1.0,0.598,0.591,0.612,0.747,0.415,0.454,0.441,0.393,0.719,0.0,0.863,0.561,0.408,0.571,0.719,0.401,0.726,0.401,0.622,0.731,0.408,0.411,0.392,0.603,0.605,0.382,0.455
0.444,0.79,0.339,0.413,0.606,0.789,0.537,0.432,0.436,0.424,0.621,0.421,0.635,0.409,0.4,0.539,0.716,0.606,0.608,0.531,0.594,0.613,0.598,1.0,0.809,0.744,0.591,0.424,0.471,0.452,0.397,0.595,0.0,0.598,0.798,0.411,0.529,0.586,0.393,0.616,0.393,0.692,0.603,0.406,0.415,0.382,0.685,0.685,0.41,0.455
0.444,0.8,0.343,0.395,0.596,0.808,0.517,0.409,0.433,0.403,0.58,0.409,0.602,0.404,0.399,0.52,0.697,0.592,0.603,0.516,0.571,0.598,0.591,0.809,1.0,0.745,0.582,0.418,0.46,0.44,0.395,0.601,0.0,0.573,0.776,0.393,0.514,0.587,0.39,0.594,0.393,0.679,0.598,0.419,0.408,0.382,0.674,0.674,0.415,0.44
0.448,0.718,0.347,0.407,0.602,0.712,0.544,0.423,0.442,0.417,0.61,0.414,0.622,0.408,0.411,0.543,0.744,0.614,0.618,0.542,0.608,0.618,0.612,0.744,0.745,1.0,0.609,0.423,0.46,0.457,0.405,0.602,0.0,0.599,0.69,0.411,0.539,0.6,0.403,0.63,0.396,0.694,0.616,0.424,0.415,0.388,0.697,0.697,0.425,0.459
0.45,0.596,0.334,0.387,0.678,0.6,0.547,0.419,0.455,0.403,0.66,0.407,0.735,0.405,0.407,0.544,0.599,0.69,0.71,0.541,0.728,0.734,0.747,0.591,0.582,0.609,1.0,0.416,0.448,0.444,0.397,0.724,0.0,0.721,0.554,0.406,0.541,0.807,0.408,0.743,0.399,0.622,0.827,0.417,0.413,0.404,0.598,0.601,0.393,0.45
0.414,0.425,0.316,0.737,0.418,0.421,0.4,0.898,0.408,0.722,0.422,0.697,0.437,0.75,0.716,0.406,0.404,0.42,0.432,0.398,0.407,0.421,0.415,0.424,0.418,0.423,0.416,1.0,0.475,0.429,0.705,0.412,0.0,0.401,0.401,0.617,0.396,0.429,0.653,0.426,0.707,0.406,0.432,0.946,0.931,0.429,0.407,0.406,0.664,0.473
0.497,0.465,0.382,0.45,0.464,0.469,0.43,0.47,0.5,0.473,0.439,0.471,0.461,0.466,0.459,0.437,0.453,0.453,0.45,0.429,0.447,0.452,0.454,0.471,0.46,0.46,0.448,0.475,1.0,0.506,0.459,0.444,0.0,0.45,0.431,0.458,0.43,0.457,0.434,0.452,0.458,0.458,0.457,0.457,0.463,0.548,0.442,0.44,0.45,0.818
0.578,0.452,0.394,0.411,0.461,0.446,0.454,0.424,0.589,0.428,0.448,0.426,0.458,0.428,0.427,0.466,0.432,0.457,0.454,0.453,0.454,0.446,0.441,0.452,0.44,0.457,0.444,0.429,0.506,1.0,0.412,0.433,0.0,0.431,0.417,0.416,0.451,0.442,0.412,0.469,0.417,0.454,0.456,0.417,0.419,0.465,0.44,0.438,0.416,0.52
0.406,0.401,0.316,0.714,0.397,0.405,0.393,0.675,0.406,0.737,0.397,0.671,0.407,0.73,0.712,0.396,0.385,0.405,0.405,0.392,0.388,0.397,0.393,0.397,0.395,0.405,0.397,0.705,0.459,0.412,1.0,0.39,0.0,0.379,0.383,0.614,0.39,0.396,0.653,0.4,0.9,0.396,0.405,0.687,0.688,0.411,0.384,0.384,0.641,0.456
0.452,0.61,0.334,0.385,0.674,0.591,0.533,0.42,0.431,0.387,0.644,0.405,0.702,0.389,0.401,0.528,0.631,0.664,0.68,0.532,0.695,0.701,0.719,0.595,0.601,0.602,0.724,0.412,0.444,0.433,0.39,1.0,0.0,0.7,0.557,0.392,0.531,0.716,0.405,0.714,0.386,0.618,0.717,0.415,0.418,0.396,0.607,0.61,0.382,0.451
0.0,0.0,0.0,0.0,0.0,0.0,0.0,0.0,0.0,0.0,0.0,0.0,0.0,0.0,0.0,0.0,0.0,0.0,0.0,0.0,0.0,0.0,0.0,0.0,0.0,0.0,0.0,0.0,0.0,0.0,0.0,0.0,1.0,0.0,0.0,0.0,0.0,0.0,0.0,0.0,0.0,0.0,0.0,0.0,0.0,0.0,0.0,0.0,0.0,0.0
0.444,0.59,0.335,0.374,0.678,0.605,0.553,0.412,0.441,0.387,0.653,0.401,0.743,0.381,0.394,0.55,0.61,0.67,0.685,0.549,0.717,0.864,0.863,0.598,0.573,0.599,0.721,0.401,0.45,0.431,0.379,0.7,0.0,1.0,0.553,0.409,0.548,0.707,0.404,0.709,0.381,0.621,0.726,0.4,0.407,0.387,0.598,0.601,0.373,0.45
0.416,0.741,0.31,0.395,0.568,0.756,0.496,0.396,0.412,0.4,0.621,0.391,0.599,0.392,0.393,0.5,0.658,0.568,0.587,0.495,0.565,0.572,0.561,0.798,0.776,0.69,0.554,0.401,0.431,0.417,0.383,0.557,0.0,0.553,1.0,0.389,0.492,0.545,0.377,0.587,0.376,0.659,0.573,0.385,0.389,0.352,0.638,0.637,0.386,0.414
0.402,0.414,0.316,0.614,0.396,0.409,0.419,0.601,0.412,0.619,0.396,0.615,0.405,0.621,0.617,0.42,0.415,0.42,0.414,0.414,0.412,0.4,0.408,0.411,0.393,0.411,0.406,0.617,0.458,0.416,0.614,0.392,0.0,0.409,0.389,1.0,0.414,0.394,0.638,0.407,0.619,0.401,0.406,0.608,0.62,0.405,0.383,0.382,0.591,0.459
0.457,0.528,0.32,0.388,0.553,0.534,0.986,0.401,0.45,0.393,0.53,0.402,0.53,0.384,0.392,0.956,0.529,0.55,0.556,0.989,0.578,0.551,0.571,0.529,0.514,0.539,0.541,0.396,0.43,0.451,0.39,0.531,0.0,0.548,0.492,0.414,1.0,0.521,0.4,0.532,0.388,0.541,0.53,0.399,0.403,0.381,0.512,0.513,0.382,0.444
0.469,0.623,0.338,0.389,0.674,0.605,0.524,0.446,0.45,0.401,0.636,0.419,0.708,0.411,0.411,0.525,0.594,0.661,0.677,0.523,0.694,0.702,0.719,0.586,0.587,0.6,0.807,0.429,0.457,0.442,0.396,0.716,0.0,0.707,0.545,0.394,0.521,1.0,0.414,0.715,0.4,0.616,0.84,0.437,0.421,0.404,0.611,0.614,0.393,0.456
0.411,0.409,0.305,0.647,0.4,0.412,0.402,0.641,0.4,0.662,0.4,0.666,0.405,0.677,0.674,0.399,0.4,0.413,0.401,0.399,0.399,0.39,0.401,0.393,0.39,0.403,0.408,0.653,0.434,0.412,0.653,0.405,0.0,0.404,0.377,0.638,0.4,0.414,1.0,0.397,0.658,0.397,0.412,0.657,0.668,0.418,0.391,0.392,0.612,0.45
0.447,0.589,0.332,0.411,0.676,0.607,0.537,0.42,0.445,0.415,0.695,0.399,0.761,0.412,0.4,0.537,0.594,0.704,0.731,0.535,0.713,0.747,0.726,0.616,0.594,0.63,0.743,0.426,0.452,0.469,0.4,0.714,0.0,0.709,0.587,0.407,0.532,0.715,0.397,1.0,0.398,0.619,0.745,0.408,0.414,0.404,0.625,0.625,0.398,0.457
0.417,0.403,0.325,0.72,0.409,0.409,0.391,0.677,0.41,0.726,0.392,0.686,0.402,0.736,0.725,0.397,0.384,0.403,0.403,0.39,0.393,0.394,0.401,0.393,0.393,0.396,0.399,0.707,0.458,0.417,0.9,0.386,0.0,0.381,0.376,0.619,0.388,0.4,0.658,0.398,1.0,0.401,0.401,0.698,0.7,0.411,0.384,0.384,0.638,0.456
0.449,0.694,0.334,0.386,0.635,0.693,0.545,0.409,0.454,0.401,0.619,0.402,0.627,0.392,0.407,0.552,0.669,0.613,0.614,0.544,0.6,0.617,0.622,0.692,0.679,0.694,0.622,0.406,0.458,0.454,0.396,0.618,0.0,0.621,0.659,0.401,0.541,0.616,0.397,0.619,0.401,1.0,0.638,0.402,0.404,0.382,0.718,0.719,0.39,0.456
0.452,0.593,0.354,0.403,0.685,0.614,0.535,0.433,0.449,0.409,0.669,0.417,0.739,0.409,0.414,0.538,0.6,0.692,0.709,0.533,0.716,0.74,0.731,0.603,0.598,0.616,0.827,0.432,0.457,0.456,0.405,0.717,0.0,0.726,0.573,0.406,0.53,0.84,0.412,0.745,0.401,0.638,1.0,0.415,0.416,0.39,0.608,0.607,0.405,0.445
0.415,0.44,0.318,0.703,0.419,0.417,0.402,0.896,0.407,0.69,0.4,0.701,0.419,0.715,0.709,0.399,0.411,0.404,0.414,0.399,0.399,0.404,0.408,0.406,0.419,0.424,0.417,0.946,0.457,0.417,0.687,0.415,0.0,0.4,0.385,0.608,0.399,0.437,0.657,0.408,0.698,0.402,0.415,1.0,0.953,0.436,0.405,0.406,0.648,0.473
0.43,0.439,0.31,0.702,0.425,0.416,0.406,0.883,0.409,0.699,0.403,0.705,0.418,0.713,0.709,0.404,0.419,0.409,0.416,0.402,0.407,0.405,0.411,0.415,0.408,0.415,0.413,0.931,0.463,0.419,0.688,0.418,0.0,0.407,0.389,0.62,0.403,0.421,0.668,0.414,0.7,0.404,0.416,0.953,1.0,0.433,0.411,0.412,0.639,0.476
0.461,0.4,0.333,0.417,0.404,0.391,0.382,0.432,0.441,0.419,0.381,0.438,0.389,0.421,0.441,0.382,0.384,0.388,0.382,0.381,0.401,0.389,0.392,0.382,0.382,0.388,0.404,0.429,0.548,0.465,0.411,0.396,0.0,0.387,0.352,0.405,0.381,0.404,0.418,0.404,0.411,0.382,0.39,0.436,0.433,1.0,0.411,0.412,0.418,0.614
0.436,0.682,0.326,0.381,0.634,0.689,0.514,0.415,0.426,0.386,0.583,0.404,0.604,0.382,0.411,0.518,0.689,0.599,0.592,0.513,0.606,0.596,0.603,0.685,0.674,0.697,0.598,0.407,0.442,0.44,0.384,0.607,0.0,0.598,0.638,0.383,0.512,0.611,0.391,0.625,0.384,0.718,0.608,0.405,0.411,0.411,1.0,0.994,0.384,0.455
0.437,0.686,0.325,0.38,0.637,0.688,0.516,0.416,0.426,0.385,0.583,0.405,0.603,0.381,0.41,0.517,0.692,0.6,0.591,0.515,0.605,0.595,0.605,0.685,0.674,0.697,0.601,0.406,0.44,0.438,0.384,0.61,0.0,0.601,0.637,0.382,0.513,0.614,0.392,0.625,0.384,0.719,0.607,0.406,0.412,0.412,0.994,1.0,0.383,0.456
0.397,0.416,0.328,0.653,0.399,0.409,0.385,0.629,0.409,0.672,0.395,0.62,0.411,0.667,0.641,0.392,0.387,0.399,0.408,0.383,0.382,0.394,0.382,0.41,0.415,0.425,0.393,0.664,0.45,0.416,0.641,0.382,0.0,0.373,0.386,0.591,0.382,0.393,0.612,0.398,0.638,0.39,0.405,0.648,0.639,0.418,0.384,0.383,1.0,0.455
0.503,0.463,0.378,0.456,0.455,0.452,0.444,0.478,0.52,0.465,0.433,0.474,0.452,0.456,0.483,0.442,0.459,0.444,0.443,0.444,0.45,0.449,0.455,0.455,0.44,0.459,0.45,0.473,0.818,0.52,0.456,0.451,0.0,0.45,0.414,0.459,0.444,0.456,0.45,0.457,0.456,0.456,0.445,0.473,0.476,0.614,0.455,0.456,0.455,1.0
