GCF_000163235.1_ASM16323v1_genomic.fna,GCF_000164555.1_ASM16455v1_genomic.fna,GCF_000208545.1_ASM20854v2_genomic.fna,GCF_000233875.1_ASM23387v1_genomic.fna,GCF_000249735.1_ASM24973v2_genomic.fna,GCF_000261145.1_Esch_coli_M919_V2_genomic.fna,GCF_000267705.2_ASM26770v2_genomic.fna,GCF_000350665.1_Esch_coli_KTE5_V1_genomic.fna,GCF_000351625.1_Esch_coli_KTE66_V1_genomic.fna,GCF_000352285.1_Esch_coli_KTE46_V1_genomic.fna,GCF_000358895.1_ASM35889v1_genomic.fna,GCF_000456385.1_Esch_coli_HVH_26_4-5703913_V1_genomic.fna,GCF_000458195.1_Esch_coli_HVH_147_4-5893887_V1_genomic.fna,GCF_000459755.1_Esch_coli_KOEGE_58_171a_V1_genomic.fna,GCF_000460055.1_Esch_coli_UMEA_3053-1_V1_genomic.fna,GCF_000462165.2_ASM46216v2_genomic.fna,GCF_000601135.1_ASM60113v1_genomic.fna,GCF_000614595.1_Ec2010EL1058_genomic.fna,GCF_000617745.1_Ec2010C-4529_genomic.fna,GCF_000618265.2_EcF6751_genomic.fna,GCF_000619005.2_Ec2009C-4052_genomic.fna,GCF_000619105.1_Ec2009C-4780_genomic.fna,GCF_000619765.2_Ec2009C-3279_genomic.fna,GCF_000687005.1_ASM68700v1_genomic.fna,GCF_000687025.1_ASM68702v1_genomic.fna,GCF_000700125.1_ASM70012v1_genomic.fna,GCF_000753315.1_FHI35_genomic.fna,GCF_000776375.1_ASM77637v1_genomic.fna,GCF_000779395.1_ASM77939v1_genomic.fna,GCF_000780315.1_ASM78031v1_genomic.fna,GCF_000781995.1_ASM78199v1_genomic.fna,GCF_000986765.1_ASM98676v1_genomic.fna,GCF_001041375.1_ViralProj287958_genomic.fna,GCF_001265335.1_302014_genomic.fna,GCF_001265625.1_100854_genomic.fna,GCF_001267345.1_303289_genomic.fna,GCF_001309985.1_ASM130998v1_genomic.fna,GCF_001521695.1_ASM152169v1_genomic.fna,GCF_001592595.1_ASM159259v1_genomic.fna,GCF_001614975.1_ASM161497v1_genomic.fna,GCF_001692775.1_ASM169277v1_genomic.fna,GCF_001748915.1_ASM174891v1_genomic.fna,GCF_001749235.1_ASM174923v1_genomic.fna,GCF_001881155.1_ASM188115v1_genomic.fna,GCF_001881345.1_ASM188134v1_genomic.fna,GCF_001892405.1_ASM189240v1_genomic.fna,GCF_001892585.1_ASM189258v1_genomic.fna,GCF_001893985.1_ASM189398v1_genomic.fna,GCF_002001595.1_ASM200159v1_genomic.fna,GCF_002002145.1_ASM200214v1_genomic.fna
1.0,0.56,0.478,0.512,0.56,0.546,0.537,0.516,0.646,0.514,0.567,0.511,0.561,0.511,0.494,0.559,0.544,0.556,0.56,0.532,0.528,0.554,0.546,0.582,0.548,0.571,0.555,0.515,0.567,0.656,0.473,0.549,0.0,0.541,0.546,0.494,0.531,0.573,0.494,0.569,0.495,0.557,0.568,0.505,0.515,0.539,0.54,0.54,0.484,0.583
0.56,1.0,0.459,0.499,0.681,0.816,0.615,0.514,0.543,0.521,0.655,0.521,0.645,0.501,0.496,0.613,0.749,0.662,0.651,0.609,0.642,0.657,0.668,0.826,0.821,0.763,0.657,0.512,0.533,0.536,0.494,0.673,0.0,0.656,0.771,0.498,0.61,0.666,0.503,0.655,0.498,0.733,0.66,0.529,0.532,0.528,0.726,0.728,0.51,0.537
0.478,0.459,1.0,0.4,0.44,0.455,0.429,0.407,0.471,0.406,0.436,0.392,0.429,0.405,0.39,0.434,0.451,0.44,0.439,0.422,0.427,0.43,0.434,0.455,0.45,0.448,0.428,0.401,0.459,0.453,0.392,0.446,0.0,0.433,0.427,0.416,0.423,0.438,0.416,0.444,0.397,0.442,0.442,0.409,0.407,0.435,0.462,0.462,0.414,0.464
0.512,0.499,0.4,1.0,0.513,0.496,0.472,0.746,0.519,0.761,0.507,0.779,0.512,0.809,0.816,0.493,0.492,0.501,0.498,0.468,0.47,0.5,0.494,0.521,0.507,0.511,0.507,0.795,0.547,0.5,0.741,0.508,0.0,0.491,0.488,0.68,0.464,0.511,0.711,0.504,0.776,0.501,0.52,0.778,0.779,0.509,0.493,0.493,0.702,0.563
0.56,0.681,0.44,0.513,1.0,0.695,0.608,0.531,0.558,0.526,0.785,0.521,0.728,0.512,0.513,0.629,0.676,0.704,0.713,0.602,0.701,0.716,0.703,0.705,0.7,0.705,0.72,0.513,0.551,0.549,0.497,0.728,0.0,0.709,0.672,0.512,0.601,0.732,0.523,0.743,0.515,0.701,0.739,0.518,0.52,0.507,0.7,0.702,0.505,0.553
0.546,0.816,0.455,0.496,0.695,1.0,0.634,0.51,0.549,0.507,0.659,0.497,0.65,0.504,0.491,0.637,0.748,0.682,0.654,0.627,0.657,0.663,0.687,0.812,0.816,0.738,0.658,0.501,0.551,0.536,0.495,0.68,0.0,0.672,0.771,0.512,0.627,0.665,0.526,0.663,0.499,0.738,0.669,0.508,0.51,0.52,0.743,0.744,0.501,0.554
0.537,0.615,0.429,0.472,0.608,0.634,1.0,0.483,0.542,0.482,0.593,0.47,0.585,0.472,0.46,0.946,0.626,0.644,0.633,0.986,0.645,0.628,0.659,0.619,0.611,0.623,0.599,0.471,0.509,0.532,0.475,0.63,0.0,0.613,0.592,0.505,0.985,0.584,0.491,0.594,0.475,0.614,0.594,0.482,0.486,0.504,0.608,0.608,0.467,0.525
0.516,0.514,0.407,0.746,0.531,0.51,0.483,1.0,0.518,0.751,0.506,0.737,0.523,0.74,0.73,0.503,0.502,0.507,0.509,0.479,0.479,0.511,0.499,0.544,0.526,0.523,0.524,0.91,0.556,0.503,0.722,0.526,0.0,0.502,0.498,0.675,0.476,0.556,0.705,0.521,0.742,0.512,0.535,0.9,0.887,0.513,0.502,0.502,0.711,0.557
0.646,0.543,0.471,0.519,0.558,0.549,0.542,0.518,1.0,0.528,0.545,0.51,0.554,0.521,0.509,0.566,0.548,0.556,0.553,0.537,0.521,0.551,0.542,0.573,0.545,0.559,0.564,0.517,0.564,0.658,0.497,0.555,0.0,0.539,0.533,0.522,0.536,0.563,0.507,0.565,0.512,0.539,0.577,0.514,0.517,0.535,0.541,0.541,0.508,0.587
0.514,0.521,0.406,0.761,0.526,0.507,0.482,0.751,0.528,1.0,0.531,0.738,0.541,0.767,0.762,0.503,0.502,0.508,0.513,0.478,0.478,0.511,0.5,0.534,0.521,0.525,0.525,0.771,0.553,0.515,0.748,0.505,0.0,0.497,0.508,0.69,0.476,0.529,0.72,0.525,0.77,0.506,0.528,0.751,0.756,0.508,0.501,0.501,0.72,0.559
0.567,0.655,0.436,0.507,0.785,0.659,0.593,0.506,0.545,0.531,1.0,0.493,0.772,0.516,0.495,0.616,0.648,0.701,0.707,0.588,0.67,0.716,0.694,0.692,0.663,0.697,0.721,0.513,0.544,0.55,0.478,0.695,0.0,0.695,0.692,0.507,0.587,0.719,0.508,0.74,0.49,0.673,0.732,0.502,0.502,0.483,0.66,0.662,0.485,0.559
0.511,0.521,0.392,0.779,0.521,0.497,0.47,0.737,0.51,0.738,0.493,1.0,0.501,0.763,0.861,0.489,0.502,0.499,0.498,0.464,0.477,0.502,0.492,0.519,0.511,0.513,0.5,0.755,0.537,0.495,0.708,0.5,0.0,0.496,0.479,0.67,0.464,0.512,0.719,0.501,0.746,0.5,0.512,0.763,0.771,0.504,0.496,0.496,0.711,0.539
0.561,0.645,0.429,0.512,0.728,0.65,0.585,0.523,0.554,0.541,0.772,0.501,1.0,0.52,0.505,0.61,0.635,0.728,0.743,0.579,0.718,0.795,0.771,0.677,0.65,0.67,0.78,0.519,0.552,0.557,0.482,0.734,0.0,0.77,0.666,0.51,0.579,0.763,0.503,0.78,0.499,0.659,0.781,0.509,0.509,0.487,0.645,0.646,0.494,0.561
0.511,0.501,0.405,0.809,0.512,0.504,0.472,0.74,0.521,0.767,0.516,0.763,0.52,1.0,0.811,0.495,0.495,0.505,0.502,0.469,0.472,0.504,0.493,0.526,0.515,0.522,0.516,0.792,0.552,0.513,0.744,0.509,0.0,0.491,0.503,0.679,0.467,0.524,0.704,0.511,0.772,0.506,0.524,0.772,0.77,0.515,0.498,0.498,0.71,0.567
0.494,0.496,0.39,0.816,0.513,0.491,0.46,0.73,0.509,0.762,0.495,0.861,0.505,0.811,1.0,0.483,0.491,0.492,0.485,0.456,0.46,0.493,0.488,0.508,0.502,0.507,0.504,0.773,0.549,0.506,0.738,0.496,0.0,0.483,0.483,0.676,0.455,0.512,0.709,0.507,0.771,0.493,0.513,0.758,0.758,0.518,0.498,0.499,0.714,0.566
0.559,0.613,0.434,0.493,0.629,0.637,0.946,0.503,0.566,0.503,0.616,0.489,0.61,0.495,0.483,1.0,0.633,0.652,0.644,0.945,0.627,0.647,0.657,0.636,0.623,0.638,0.618,0.496,0.534,0.56,0.481,0.631,0.0,0.634,0.607,0.52,0.943,0.609,0.511,0.622,0.496,0.628,0.615,0.503,0.503,0.505,0.618,0.618,0.49,0.55
0.544,0.749,0.451,0.492,0.676,0.748,0.626,0.502,0.548,0.502,0.648,0.502,0.635,0.495,0.491,0.633,1.0,0.659,0.64,0.618,0.632,0.662,0.664,0.777,0.758,0.787,0.663,0.495,0.532,0.528,0.479,0.692,0.0,0.667,0.717,0.51,0.619,0.646,0.511,0.653,0.489,0.721,0.663,0.505,0.516,0.499,0.732,0.735,0.492,0.541
0.556,0.662,0.44,0.501,0.704,0.682,0.644,0.507,0.556,0.508,0.701,0.499,0.728,0.505,0.492,0.652,0.659,1.0,0.789,0.635,0.738,0.765,0.759,0.685,0.659,0.674,0.744,0.508,0.537,0.552,0.489,0.721,0.0,0.724,0.649,0.53,0.634,0.718,0.515,0.735,0.5,0.684,0.73,0.511,0.514,0.496,0.671,0.671,0.495,0.552
0.56,0.651,0.439,0.498,0.713,0.654,0.633,0.509,0.553,0.513,0.707,0.498,0.743,0.502,0.485,0.644,0.64,0.789,1.0,0.627,0.76,0.775,0.763,0.672,0.656,0.673,0.735,0.503,0.534,0.553,0.479,0.728,0.0,0.731,0.642,0.525,0.625,0.723,0.515,0.747,0.494,0.667,0.734,0.508,0.51,0.499,0.652,0.653,0.491,0.546
0.532,0.609,0.422,0.468,0.602,0.627,0.986,0.479,0.537,0.478,0.588,0.464,0.579,0.469,0.456,0.945,0.618,0.635,0.627,1.0,0.639,0.624,0.652,0.612,0.608,0.614,0.592,0.467,0.507,0.528,0.472,0.622,0.0,0.609,0.587,0.498,0.99,0.578,0.486,0.588,0.471,0.608,0.587,0.477,0.48,0.504,0.602,0.602,0.462,0.522
0.528,0.642,0.427,0.47,0.701,0.657,0.645,0.479,0.521,0.478,0.67,0.477,0.718,0.472,0.46,0.627,0.632,0.738,0.76,0.639,1.0,0.752,0.778,0.648,0.631,0.653,0.729,0.474,0.503,0.522,0.467,0.733,0.0,0.741,0.618,0.497,0.636,0.712,0.497,0.715,0.474,0.638,0.721,0.479,0.485,0.488,0.644,0.645,0.462,0.514
0.554,0.657,0.43,0.5,0.716,0.663,0.628,0.511,0.551,0.511,0.716,0.502,0.795,0.504,0.493,0.647,0.662,0.765,0.775,0.624,0.752,1.0,0.909,0.683,0.672,0.676,0.759,0.507,0.53,0.538,0.481,0.749,0.0,0.872,0.649,0.511,0.62,0.756,0.513,0.756,0.498,0.664,0.772,0.509,0.51,0.49,0.658,0.659,0.492,0.548
0.546,0.668,0.434,0.494,0.703,0.687,0.659,0.499,0.542,0.5,0.694,0.492,0.771,0.493,0.488,0.657,0.664,0.759,0.763,0.652,0.778,0.909,1.0,0.674,0.66,0.669,0.749,0.497,0.521,0.527,0.49,0.76,0.0,0.849,0.64,0.506,0.648,0.731,0.507,0.731,0.492,0.662,0.743,0.501,0.504,0.496,0.662,0.663,0.482,0.533
0.582,0.826,0.455,0.521,0.705,0.812,0.619,0.544,0.573,0.534,0.692,0.519,0.677,0.526,0.508,0.636,0.777,0.685,0.672,0.612,0.648,0.683,0.674,1.0,0.848,0.799,0.696,0.532,0.564,0.563,0.492,0.686,0.0,0.673,0.815,0.527,0.614,0.69,0.516,0.69,0.508,0.748,0.698,0.527,0.535,0.508,0.731,0.733,0.505,0.563
0.548,0.821,0.45,0.507,0.7,0.816,0.611,0.526,0.545,0.521,0.663,0.511,0.65,0.515,0.502,0.623,0.758,0.659,0.656,0.608,0.631,0.672,0.66,0.848,1.0,0.786,0.678,0.516,0.55,0.538,0.483,0.682,0.0,0.663,0.809,0.515,0.608,0.678,0.516,0.668,0.501,0.729,0.683,0.531,0.523,0.503,0.722,0.722,0.512,0.554
0.571,0.763,0.448,0.511,0.705,0.738,0.623,0.523,0.559,0.525,0.697,0.513,0.67,0.522,0.507,0.638,0.787,0.674,0.673,0.614,0.653,0.676,0.669,0.799,0.786,1.0,0.687,0.524,0.547,0.551,0.486,0.677,0.0,0.659,0.746,0.525,0.618,0.682,0.516,0.688,0.502,0.74,0.685,0.534,0.522,0.497,0.742,0.744,0.516,0.56
0.555,0.657,0.428,0.507,0.72,0.658,0.599,0.524,0.564,0.525,0.721,0.5,0.78,0.516,0.504,0.618,0.663,0.744,0.735,0.592,0.729,0.759,0.749,0.696,0.678,0.687,1.0,0.514,0.543,0.552,0.487,0.754,0.0,0.734,0.661,0.521,0.591,0.831,0.505,0.781,0.508,0.67,0.848,0.514,0.508,0.499,0.648,0.65,0.498,0.557
0.515,0.512,0.401,0.795,0.513,0.501,0.471,0.91,0.517,0.771,0.513,0.755,0.519,0.792,0.773,0.496,0.495,0.508,0.503,0.467,0.474,0.507,0.497,0.532,0.516,0.524,0.514,1.0,0.56,0.506,0.734,0.514,0.0,0.493,0.488,0.68,0.465,0.538,0.707,0.513,0.77,0.5,0.524,0.961,0.941,0.507,0.5,0.5,0.726,0.556
0.567,0.533,0.459,0.547,0.551,0.551,0.509,0.556,0.564,0.553,0.544,0.537,0.552,0.552,0.549,0.534,0.532,0.537,0.534,0.507,0.503,0.53,0.521,0.564,0.55,0.547,0.543,0.56,1.0,0.552,0.514,0.54,0.0,0.526,0.533,0.548,0.506,0.555,0.539,0.553,0.531,0.533,0.556,0.544,0.547,0.594,0.523,0.523,0.526,0.845
0.656,0.536,0.453,0.5,0.549,0.536,0.532,0.503,0.658,0.515,0.55,0.495,0.557,0.513,0.506,0.56,0.528,0.552,0.553,0.528,0.522,0.538,0.527,0.563,0.538,0.551,0.552,0.506,0.552,1.0,0.478,0.527,0.0,0.521,0.541,0.501,0.528,0.546,0.495,0.573,0.502,0.54,0.56,0.495,0.497,0.542,0.541,0.542,0.48,0.57
0.473,0.494,0.392,0.741,0.497,0.495,0.475,0.722,0.497,0.748,0.478,0.708,0.482,0.744,0.738,0.481,0.479,0.489,0.479,0.472,0.467,0.481,0.49,0.492,0.483,0.486,0.487,0.734,0.514,0.478,1.0,0.498,0.0,0.483,0.457,0.648,0.47,0.494,0.689,0.475,0.886,0.495,0.484,0.735,0.737,0.51,0.491,0.491,0.688,0.521
0.549,0.673,0.446,0.508,0.728,0.68,0.63,0.526,0.555,0.505,0.695,0.5,0.734,0.509,0.496,0.631,0.692,0.721,0.728,0.622,0.733,0.749,0.76,0.686,0.682,0.677,0.754,0.514,0.54,0.527,0.498,1.0,0.0,0.739,0.639,0.507,0.621,0.756,0.514,0.754,0.501,0.678,0.767,0.516,0.524,0.507,0.692,0.693,0.498,0.544
0.0,0.0,0.0,0.0,0.0,0.0,0.0,0.0,0.0,0.0,0.0,0.0,0.0,0.0,0.0,0.0,0.0,0.0,0.0,0.0,0.0,0.0,0.0,0.0,0.0,0.0,0.0,0.0,0.0,0.0,0.0,0.0,1.0,0.0,0.0,0.0,0.0,0.0,0.0,0.0,0.0,0.0,0.0,0.0,0.0,0.0,0.0,0.0,0.0,0.0
0.541,0.656,0.433,0.491,0.709,0.672,0.613,0.502,0.539,0.497,0.695,0.496,0.77,0.491,0.483,0.634,0.667,0.724,0.731,0.609,0.741,0.872,0.849,0.673,0.663,0.659,0.734,0.493,0.526,0.521,0.483,0.739,0.0,1.0,0.645,0.523,0.606,0.737,0.52,0.73,0.49,0.654,0.753,0.498,0.505,0.485,0.654,0.655,0.483,0.539
0.546,0.771,0.427,0.488,0.672,0.771,0.592,0.498,0.533,0.508,0.692,0.479,0.666,0.503,0.483,0.607,0.717,0.649,0.642,0.587,0.618,0.649,0.64,0.815,0.809,0.746,0.661,0.488,0.533,0.541,0.457,0.639,0.0,0.645,1.0,0.496,0.585,0.651,0.49,0.67,0.471,0.708,0.675,0.483,0.491,0.48,0.697,0.697,0.471,0.539
0.494,0.498,0.416,0.68,0.512,0.512,0.505,0.675,0.522,0.69,0.507,0.67,0.51,0.679,0.676,0.52,0.51,0.53,0.525,0.498,0.497,0.511,0.506,0.527,0.515,0.525,0.521,0.68,0.548,0.501,0.648,0.507,0.0,0.523,0.496,1.0,0.499,0.515,0.711,0.519,0.674,0.503,0.523,0.676,0.679,0.509,0.495,0.495,0.676,0.558
0.531,0.61,0.423,0.464,0.601,0.627,0.985,0.476,0.536,0.476,0.587,0.464,0.579,0.467,0.455,0.943,0.619,0.634,0.625,0.99,0.636,0.62,0.648,0.614,0.608,0.618,0.591,0.465,0.506,0.528,0.47,0.621,0.0,0.606,0.585,0.499,1.0,0.578,0.482,0.588,0.469,0.607,0.587,0.475,0.479,0.503,0.6,0.6,0.462,0.52
0.573,0.666,0.438,0.511,0.732,0.665,0.584,0.556,0.563,0.529,0.719,0.512,0.763,0.524,0.512,0.609,0.646,0.718,0.723,0.578,0.712,0.756,0.731,0.69,0.678,0.682,0.831,0.538,0.555,0.546,0.494,0.756,0.0,0.737,0.651,0.515,0.578,1.0,0.524,0.777,0.512,0.674,0.873,0.536,0.522,0.498,0.667,0.668,0.508,0.553
0.494,0.503,0.416,0.711,0.523,0.526,0.491,0.705,0.507,0.72,0.508,0.719,0.503,0.704,0.709,0.511,0.511,0.515,0.515,0.486,0.497,0.513,0.507,0.516,0.516,0.516,0.505,0.707,0.539,0.495,0.689,0.514,0.0,0.52,0.49,0.711,0.482,0.524,1.0,0.514,0.712,0.51,0.522,0.716,0.724,0.505,0.508,0.508,0.698,0.545
0.569,0.655,0.444,0.504,0.743,0.663,0.594,0.521,0.565,0.525,0.74,0.501,0.78,0.511,0.507,0.622,0.653,0.735,0.747,0.588,0.715,0.756,0.731,0.69,0.668,0.688,0.781,0.513,0.553,0.573,0.475,0.754,0.0,0.73,0.67,0.519,0.588,0.777,0.514,1.0,0.495,0.676,0.8,0.503,0.511,0.5,0.673,0.674,0.495,0.566
0.495,0.498,0.397,0.776,0.515,0.499,0.475,0.742,0.512,0.77,0.49,0.746,0.499,0.772,0.771,0.496,0.489,0.5,0.494,0.471,0.474,0.498,0.492,0.508,0.501,0.502,0.508,0.77,0.531,0.502,0.886,0.501,0.0,0.49,0.471,0.674,0.469,0.512,0.712,0.495,1.0,0.506,0.502,0.772,0.774,0.512,0.495,0.495,0.709,0.538
0.557,0.733,0.442,0.501,0.701,0.738,0.614,0.512,0.539,0.506,0.673,0.5,0.659,0.506,0.493,0.628,0.721,0.684,0.667,0.608,0.638,0.664,0.662,0.748,0.729,0.74,0.67,0.5,0.533,0.54,0.495,0.678,0.0,0.654,0.708,0.503,0.607,0.674,0.51,0.676,0.506,1.0,0.694,0.505,0.506,0.503,0.747,0.749,0.497,0.541
0.568,0.66,0.442,0.52,0.739,0.669,0.594,0.535,0.577,0.528,0.732,0.512,0.781,0.524,0.513,0.615,0.663,0.73,0.734,0.587,0.721,0.772,0.743,0.698,0.683,0.685,0.848,0.524,0.556,0.56,0.484,0.767,0.0,0.753,0.675,0.523,0.587,0.873,0.522,0.8,0.502,0.694,1.0,0.518,0.517,0.5,0.672,0.673,0.495,0.567
0.505,0.529,0.409,0.778,0.518,0.508,0.482,0.9,0.514,0.751,0.502,0.763,0.509,0.772,0.758,0.503,0.505,0.511,0.508,0.477,0.479,0.509,0.501,0.527,0.531,0.534,0.514,0.961,0.544,0.495,0.735,0.516,0.0,0.498,0.483,0.676,0.475,0.536,0.716,0.503,0.772,0.505,0.518,1.0,0.957,0.511,0.502,0.502,0.741,0.545
0.515,0.532,0.407,0.779,0.52,0.51,0.486,0.887,0.517,0.756,0.502,0.771,0.509,0.77,0.758,0.503,0.516,0.514,0.51,0.48,0.485,0.51,0.504,0.535,0.523,0.522,0.508,0.941,0.547,0.497,0.737,0.524,0.0,0.505,0.491,0.679,0.479,0.522,0.724,0.511,0.774,0.506,0.517,0.957,1.0,0.516,0.512,0.512,0.73,0.55
0.539,0.528,0.435,0.509,0.507,0.52,0.504,0.513,0.535,0.508,0.483,0.504,0.487,0.515,0.518,0.505,0.499,0.496,0.499,0.504,0.488,0.49,0.496,0.508,0.503,0.497,0.499,0.507,0.594,0.542,0.51,0.507,0.0,0.485,0.48,0.509,0.503,0.498,0.505,0.5,0.512,0.503,0.5,0.511,0.516,1.0,0.528,0.528,0.503,0.652
0.54,0.726,0.462,0.493,0.7,0.743,0.608,0.502,0.541,0.501,0.66,0.496,0.645,0.498,0.498,0.618,0.732,0.671,0.652,0.602,0.644,0.658,0.662,0.731,0.722,0.742,0.648,0.5,0.523,0.541,0.491,0.692,0.0,0.654,0.697,0.495,0.6,0.667,0.508,0.673,0.495,0.747,0.672,0.502,0.512,0.528,1.0,0.996,0.49,0.551
0.54,0.728,0.462,0.493,0.702,0.744,0.608,0.502,0.541,0.501,0.662,0.496,0.646,0.498,0.499,0.618,0.735,0.671,0.653,0.602,0.645,0.659,0.663,0.733,0.722,0.744,0.65,0.5,0.523,0.542,0.491,0.693,0.0,0.655,0.697,0.495,0.6,0.668,0.508,0.674,0.495,0.749,0.673,0.502,0.512,0.528,0.996,1.0,0.49,0.551
0.484,0.51,0.414,0.702,0.505,0.501,0.467,0.711,0.508,0.72,0.485,0.711,0.494,0.71,0.714,0.49,0.492,0.495,0.491,0.462,0.462,0.492,0.482,0.505,0.512,0.516,0.498,0.726,0.526,0.48,0.688,0.498,0.0,0.483,0.471,0.676,0.462,0.508,0.698,0.495,0.709,0.497,0.495,0.741,0.73,0.503,0.49,0.49,1.0,0.532
0.583,0.537,0.464,0.563,0.553,0.554,0.525,0.557,0.587,0.559,0.559,0.539,0.561,0.567,0.566,0.55,0.541,0.552,0.546,0.522,0.514,0.548,0.533,0.563,0.554,0.56,0.557,0.556,0.845,0.57,0.521,0.544,0.0,0.539,0.539,0.558,0.52,0.553,0.545,0.566,0.538,0.541,0.567,0.545,0.55,0.652,0.551,0.551,0.532,1.0
