GCF_000163235.1_ASM16323v1_genomic.fna,GCF_000164555.1_ASM16455v1_genomic.fna,GCF_000208545.1_ASM20854v2_genomic.fna,GCF_000233875.1_ASM23387v1_genomic.fna,GCF_000249735.1_ASM24973v2_genomic.fna,GCF_000261145.1_Esch_coli_M919_V2_genomic.fna,GCF_000267705.2_ASM26770v2_genomic.fna,GCF_000350665.1_Esch_coli_KTE5_V1_genomic.fna,GCF_000351625.1_Esch_coli_KTE66_V1_genomic.fna,GCF_000352285.1_Esch_coli_KTE46_V1_genomic.fna,GCF_000358895.1_ASM35889v1_genomic.fna,GCF_000456385.1_Esch_coli_HVH_26_4-5703913_V1_genomic.fna,GCF_000458195.1_Esch_coli_HVH_147_4-5893887_V1_genomic.fna,GCF_000459755.1_Esch_coli_KOEGE_58_171a_V1_genomic.fna,GCF_000460055.1_Esch_coli_UMEA_3053-1_V1_genomic.fna,GCF_000462165.2_ASM46216v2_genomic.fna,GCF_000601135.1_ASM60113v1_genomic.fna,GCF_000614595.1_Ec2010EL1058_genomic.fna,GCF_000617745.1_Ec2010C-4529_genomic.fna,GCF_000618265.2_EcF6751_genomic.fna,GCF_000619005.2_Ec2009C-4052_genomic.fna,GCF_000619105.1_Ec2009C-4780_genomic.fna,GCF_000619765.2_Ec2009C-3279_genomic.fna,GCF_000687005.1_ASM68700v1_genomic.fna,GCF_000687025.1_ASM68702v1_genomic.fna,GCF_000700125.1_ASM70012v1_genomic.fna,GCF_000753315.1_FHI35_genomic.fna,GCF_000776375.1_ASM77637v1_genomic.fna,GCF_000779395.1_ASM77939v1_genomic.fna,GCF_000780315.1_ASM78031v1_genomic.fna,GCF_000781995.1_ASM78199v1_genomic.fna,GCF_000986765.1_ASM98676v1_genomic.fna,GCF_001041375.1_ViralProj287958_genomic.fna,GCF_001265335.1_302014_genomic.fna,GCF_001265625.1_100854_genomic.fna,GCF_001267345.1_303289_genomic.fna,GCF_001309985.1_ASM130998v1_genomic.fna,GCF_001521695.1_ASM152169v1_genomic.fna,GCF_001592595.1_ASM159259v1_genomic.fna,GCF_001614975.1_ASM161497v1_genomic.fna,GCF_001692775.1_ASM169277v1_genomic.fna,GCF_001748915.1_ASM174891v1_genomic.fna,GCF_001749235.1_ASM174923v1_genomic.fna,GCF_001881155.1_ASM188115v1_genomic.fna,GCF_001881345.1_ASM188134v1_genomic.fna,GCF_001892405.1_ASM189240v1_genomic.fna,GCF_001892585.1_ASM189258v1_genomic.fna,GCF_001893985.1_ASM189398v1_genomic.fna,GCF_002001595.1_ASM200159v1_genomic.fna,GCF_002002145.1_ASM200214v1_genomic.fna
1.0,0.556,0.474,0.503,0.55,0.547,0.523,0.506,0.64,0.521,0.545,0.495,0.542,0.488,0.483,0.548,0.534,0.514,0.542,0.52,0.504,0.523,0.518,0.541,0.54,0.539,0.535,0.504,0.58,0.637,0.461,0.512,0.0,0.524,0.501,0.506,0.521,0.555,0.476,0.531,0.484,0.538,0.538,0.489,0.499,0.523,0.535,0.535,0.479,0.577
0.556,1.0,0.438,0.503,0.686,0.799,0.572,0.515,0.529,0.508,0.641,0.518,0.655,0.499,0.496,0.58,0.709,0.635,0.647,0.567,0.634,0.633,0.641,0.802,0.829,0.727,0.64,0.517,0.524,0.528,0.472,0.652,0.0,0.634,0.748,0.49,0.569,0.675,0.493,0.649,0.488,0.722,0.652,0.518,0.518,0.485,0.707,0.708,0.513,0.518
0.474,0.438,1.0,0.408,0.434,0.431,0.428,0.413,0.462,0.412,0.428,0.408,0.426,0.403,0.401,0.433,0.42,0.408,0.423,0.425,0.417,0.417,0.424,0.421,0.438,0.432,0.415,0.413,0.469,0.473,0.394,0.417,0.0,0.417,0.39,0.414,0.427,0.431,0.403,0.44,0.41,0.434,0.427,0.412,0.41,0.442,0.427,0.428,0.407,0.479
0.503,0.503,0.408,1.0,0.494,0.487,0.472,0.749,0.501,0.77,0.486,0.766,0.491,0.813,0.803,0.485,0.487,0.475,0.484,0.47,0.458,0.479,0.472,0.486,0.498,0.492,0.487,0.789,0.547,0.491,0.737,0.485,0.0,0.474,0.455,0.682,0.471,0.487,0.709,0.472,0.774,0.486,0.485,0.764,0.764,0.497,0.48,0.479,0.706,0.542
0.55,0.686,0.434,0.494,1.0,0.674,0.582,0.512,0.532,0.49,0.78,0.496,0.746,0.494,0.495,0.593,0.658,0.696,0.719,0.579,0.706,0.719,0.719,0.669,0.671,0.655,0.735,0.503,0.543,0.546,0.471,0.723,0.0,0.719,0.63,0.495,0.58,0.748,0.487,0.743,0.49,0.692,0.74,0.491,0.501,0.491,0.704,0.705,0.483,0.519
0.547,0.799,0.431,0.487,0.674,1.0,0.577,0.497,0.529,0.484,0.639,0.481,0.647,0.488,0.483,0.589,0.687,0.641,0.647,0.568,0.629,0.644,0.654,0.776,0.803,0.699,0.636,0.491,0.545,0.524,0.456,0.636,0.0,0.648,0.75,0.504,0.573,0.653,0.51,0.645,0.474,0.711,0.645,0.48,0.481,0.471,0.701,0.703,0.486,0.521
0.523,0.572,0.428,0.472,0.582,0.577,1.0,0.49,0.53,0.469,0.559,0.468,0.587,0.471,0.469,0.943,0.565,0.635,0.61,0.988,0.63,0.609,0.636,0.572,0.574,0.567,0.588,0.478,0.517,0.525,0.459,0.592,0.0,0.579,0.543,0.506,0.991,0.582,0.48,0.585,0.468,0.581,0.584,0.477,0.477,0.483,0.562,0.563,0.453,0.526
0.506,0.515,0.413,0.749,0.512,0.497,0.49,1.0,0.487,0.744,0.475,0.736,0.493,0.752,0.73,0.492,0.477,0.481,0.481,0.49,0.474,0.477,0.489,0.5,0.493,0.482,0.482,0.917,0.551,0.478,0.741,0.501,0.0,0.473,0.45,0.654,0.49,0.515,0.734,0.484,0.754,0.49,0.491,0.908,0.898,0.507,0.476,0.476,0.708,0.547
0.64,0.529,0.462,0.501,0.532,0.529,0.53,0.487,1.0,0.511,0.541,0.47,0.548,0.484,0.483,0.545,0.528,0.516,0.532,0.524,0.514,0.531,0.524,0.542,0.537,0.539,0.538,0.485,0.556,0.652,0.461,0.521,0.0,0.541,0.507,0.511,0.525,0.523,0.471,0.542,0.471,0.537,0.54,0.472,0.47,0.511,0.53,0.53,0.469,0.568
0.521,0.508,0.412,0.77,0.49,0.484,0.469,0.744,0.511,1.0,0.497,0.726,0.511,0.746,0.746,0.491,0.484,0.462,0.479,0.467,0.451,0.467,0.454,0.498,0.494,0.511,0.479,0.759,0.535,0.489,0.742,0.468,0.0,0.477,0.457,0.673,0.468,0.483,0.712,0.476,0.764,0.484,0.478,0.738,0.747,0.491,0.479,0.478,0.726,0.517
0.545,0.641,0.428,0.486,0.78,0.639,0.559,0.475,0.541,0.497,1.0,0.464,0.773,0.479,0.473,0.581,0.635,0.7,0.721,0.554,0.678,0.722,0.7,0.684,0.644,0.669,0.721,0.482,0.515,0.537,0.45,0.677,0.0,0.718,0.661,0.497,0.555,0.702,0.466,0.72,0.463,0.665,0.715,0.466,0.468,0.47,0.653,0.653,0.459,0.508
0.495,0.518,0.408,0.766,0.496,0.481,0.468,0.736,0.47,0.726,0.464,1.0,0.474,0.764,0.859,0.468,0.47,0.467,0.457,0.467,0.471,0.461,0.475,0.485,0.483,0.477,0.463,0.753,0.538,0.476,0.713,0.481,0.0,0.454,0.44,0.658,0.468,0.489,0.712,0.47,0.756,0.479,0.472,0.743,0.747,0.502,0.476,0.477,0.693,0.537
0.542,0.655,0.426,0.491,0.746,0.647,0.587,0.493,0.548,0.511,0.773,0.474,1.0,0.48,0.483,0.603,0.651,0.72,0.764,0.583,0.739,0.786,0.77,0.694,0.646,0.676,0.784,0.494,0.529,0.546,0.462,0.735,0.0,0.787,0.647,0.496,0.584,0.754,0.474,0.771,0.475,0.661,0.765,0.483,0.483,0.477,0.672,0.672,0.466,0.526
0.488,0.499,0.403,0.813,0.494,0.488,0.471,0.752,0.484,0.746,0.479,0.764,0.48,1.0,0.804,0.486,0.479,0.474,0.478,0.469,0.451,0.474,0.468,0.479,0.491,0.485,0.483,0.79,0.558,0.48,0.742,0.481,0.0,0.467,0.451,0.666,0.47,0.493,0.705,0.476,0.772,0.483,0.488,0.765,0.764,0.499,0.477,0.476,0.711,0.538
0.483,0.496,0.401,0.803,0.495,0.483,0.469,0.73,0.483,0.746,0.473,0.859,0.483,0.804,1.0,0.48,0.478,0.462,0.47,0.467,0.455,0.47,0.466,0.48,0.488,0.482,0.474,0.76,0.54,0.476,0.735,0.469,0.0,0.465,0.452,0.677,0.468,0.482,0.718,0.473,0.768,0.475,0.475,0.738,0.738,0.501,0.486,0.485,0.71,0.542
0.548,0.58,0.433,0.485,0.593,0.589,0.943,0.492,0.545,0.491,0.581,0.468,0.603,0.486,0.48,1.0,0.585,0.617,0.619,0.94,0.608,0.616,0.616,0.587,0.596,0.585,0.594,0.484,0.524,0.543,0.458,0.577,0.0,0.591,0.549,0.522,0.939,0.588,0.478,0.596,0.471,0.593,0.596,0.476,0.48,0.481,0.581,0.581,0.464,0.522
0.534,0.709,0.42,0.487,0.658,0.687,0.565,0.477,0.528,0.484,0.635,0.47,0.651,0.479,0.478,0.585,1.0,0.603,0.633,0.561,0.607,0.64,0.625,0.741,0.729,0.755,0.631,0.476,0.507,0.524,0.44,0.639,0.0,0.645,0.673,0.491,0.563,0.626,0.471,0.627,0.455,0.695,0.637,0.467,0.474,0.452,0.696,0.696,0.457,0.492
0.514,0.635,0.408,0.475,0.696,0.641,0.635,0.481,0.516,0.462,0.7,0.467,0.72,0.474,0.462,0.617,0.603,1.0,0.77,0.634,0.749,0.763,0.774,0.624,0.62,0.627,0.728,0.476,0.508,0.528,0.467,0.712,0.0,0.718,0.588,0.494,0.633,0.689,0.477,0.706,0.472,0.648,0.702,0.476,0.478,0.471,0.643,0.643,0.448,0.513
0.542,0.647,0.423,0.484,0.719,0.647,0.61,0.481,0.532,0.479,0.721,0.457,0.764,0.478,0.47,0.619,0.633,0.77,1.0,0.603,0.75,0.783,0.76,0.647,0.645,0.644,0.769,0.48,0.509,0.535,0.451,0.711,0.0,0.737,0.618,0.497,0.603,0.72,0.465,0.729,0.462,0.663,0.74,0.469,0.47,0.472,0.646,0.646,0.46,0.508
0.52,0.567,0.425,0.47,0.579,0.568,0.988,0.49,0.524,0.467,0.554,0.467,0.583,0.469,0.467,0.94,0.561,0.634,0.603,1.0,0.629,0.605,0.63,0.568,0.571,0.563,0.584,0.476,0.515,0.522,0.459,0.593,0.0,0.572,0.536,0.501,0.992,0.578,0.476,0.58,0.466,0.577,0.58,0.477,0.477,0.483,0.558,0.559,0.45,0.526
0.504,0.634,0.417,0.458,0.706,0.629,0.63,0.474,0.514,0.451,0.678,0.471,0.739,0.451,0.455,0.608,0.607,0.749,0.75,0.629,1.0,0.749,0.779,0.632,0.614,0.622,0.722,0.465,0.493,0.514,0.452,0.73,0.0,0.727,0.589,0.482,0.629,0.711,0.468,0.724,0.467,0.631,0.713,0.466,0.469,0.485,0.645,0.645,0.444,0.516
0.523,0.633,0.417,0.479,0.719,0.644,0.609,0.477,0.531,0.467,0.722,0.461,0.786,0.474,0.47,0.616,0.64,0.763,0.783,0.605,0.749,1.0,0.909,0.644,0.645,0.63,0.764,0.474,0.508,0.521,0.448,0.723,0.0,0.871,0.612,0.484,0.606,0.734,0.464,0.737,0.458,0.649,0.759,0.465,0.466,0.463,0.648,0.648,0.446,0.516
0.518,0.641,0.424,0.472,0.719,0.654,0.636,0.489,0.524,0.454,0.7,0.475,0.77,0.468,0.466,0.616,0.625,0.774,0.76,0.63,0.779,0.909,1.0,0.635,0.63,0.621,0.754,0.481,0.513,0.511,0.455,0.745,0.0,0.84,0.6,0.48,0.633,0.743,0.482,0.731,0.467,0.643,0.745,0.481,0.479,0.471,0.642,0.644,0.449,0.524
0.541,0.802,0.421,0.486,0.669,0.776,0.572,0.5,0.542,0.498,0.684,0.485,0.694,0.479,0.48,0.587,0.741,0.624,0.647,0.568,0.632,0.644,0.635,1.0,0.817,0.756,0.654,0.489,0.515,0.541,0.449,0.636,0.0,0.649,0.811,0.488,0.57,0.643,0.468,0.642,0.468,0.716,0.64,0.473,0.477,0.461,0.701,0.701,0.466,0.505
0.54,0.829,0.438,0.498,0.671,0.803,0.574,0.493,0.537,0.494,0.644,0.483,0.646,0.491,0.488,0.596,0.729,0.62,0.645,0.571,0.614,0.645,0.63,0.817,1.0,0.754,0.642,0.494,0.517,0.524,0.454,0.645,0.0,0.634,0.772,0.489,0.574,0.643,0.481,0.634,0.468,0.717,0.64,0.499,0.485,0.471,0.705,0.705,0.49,0.501
0.539,0.727,0.432,0.492,0.655,0.699,0.567,0.482,0.539,0.511,0.669,0.477,0.676,0.485,0.482,0.585,0.755,0.627,0.644,0.563,0.622,0.63,0.621,0.756,0.754,1.0,0.646,0.485,0.512,0.526,0.449,0.623,0.0,0.636,0.689,0.494,0.566,0.631,0.472,0.654,0.464,0.716,0.631,0.488,0.479,0.458,0.705,0.704,0.483,0.502
0.535,0.64,0.415,0.487,0.735,0.636,0.588,0.482,0.538,0.479,0.721,0.463,0.784,0.483,0.474,0.594,0.631,0.728,0.769,0.584,0.722,0.764,0.754,0.654,0.642,0.646,1.0,0.479,0.516,0.528,0.46,0.735,0.0,0.743,0.613,0.493,0.585,0.814,0.461,0.773,0.472,0.657,0.838,0.471,0.467,0.474,0.647,0.646,0.459,0.513
0.504,0.517,0.413,0.789,0.503,0.491,0.478,0.917,0.485,0.759,0.482,0.753,0.494,0.79,0.76,0.484,0.476,0.476,0.48,0.476,0.465,0.474,0.481,0.489,0.494,0.485,0.479,1.0,0.549,0.482,0.739,0.494,0.0,0.468,0.445,0.659,0.477,0.514,0.724,0.48,0.78,0.489,0.483,0.953,0.939,0.506,0.483,0.485,0.727,0.538
0.58,0.524,0.469,0.547,0.543,0.545,0.517,0.551,0.556,0.535,0.515,0.538,0.529,0.558,0.54,0.524,0.507,0.508,0.509,0.515,0.493,0.508,0.513,0.515,0.517,0.512,0.516,0.549,1.0,0.555,0.513,0.513,0.0,0.509,0.488,0.542,0.516,0.522,0.532,0.527,0.521,0.52,0.519,0.531,0.53,0.6,0.51,0.511,0.528,0.823
0.637,0.528,0.473,0.491,0.546,0.524,0.525,0.478,0.652,0.489,0.537,0.476,0.546,0.48,0.476,0.543,0.524,0.528,0.535,0.522,0.514,0.521,0.511,0.541,0.524,0.526,0.528,0.482,0.555,1.0,0.444,0.515,0.0,0.512,0.496,0.494,0.523,0.523,0.464,0.534,0.471,0.539,0.533,0.466,0.467,0.52,0.534,0.534,0.462,0.567
0.461,0.472,0.394,0.737,0.471,0.456,0.459,0.741,0.461,0.742,0.45,0.713,0.462,0.742,0.735,0.458,0.44,0.467,0.451,0.459,0.452,0.448,0.455,0.449,0.454,0.449,0.46,0.739,0.513,0.444,1.0,0.474,0.0,0.447,0.414,0.643,0.459,0.472,0.704,0.456,0.884,0.455,0.458,0.74,0.742,0.494,0.44,0.441,0.684,0.518
0.512,0.652,0.417,0.485,0.723,0.636,0.592,0.501,0.521,0.468,0.677,0.481,0.735,0.481,0.469,0.577,0.639,0.712,0.711,0.593,0.73,0.723,0.745,0.636,0.645,0.623,0.735,0.494,0.513,0.515,0.474,1.0,0.0,0.712,0.595,0.471,0.591,0.763,0.492,0.729,0.474,0.657,0.76,0.498,0.494,0.494,0.654,0.655,0.463,0.522
0.0,0.0,0.0,0.0,0.0,0.0,0.0,0.0,0.0,0.0,0.0,0.0,0.0,0.0,0.0,0.0,0.0,0.0,0.0,0.0,0.0,0.0,0.0,0.0,0.0,0.0,0.0,0.0,0.0,0.0,0.0,0.0,1.0,0.0,0.0,0.0,0.0,0.0,0.0,0.0,0.0,0.0,0.0,0.0,0.0,0.0,0.0,0.0,0.0,0.0
0.524,0.634,0.417,0.474,0.719,0.648,0.579,0.473,0.541,0.477,0.718,0.454,0.787,0.467,0.465,0.591,0.645,0.718,0.737,0.572,0.727,0.871,0.84,0.649,0.634,0.636,0.743,0.468,0.509,0.512,0.447,0.712,0.0,1.0,0.618,0.498,0.577,0.724,0.476,0.73,0.453,0.647,0.753,0.458,0.459,0.456,0.647,0.646,0.445,0.503
0.501,0.748,0.39,0.455,0.63,0.75,0.543,0.45,0.507,0.457,0.661,0.44,0.647,0.451,0.452,0.549,0.673,0.588,0.618,0.536,0.589,0.612,0.6,0.811,0.772,0.689,0.613,0.445,0.488,0.496,0.414,0.595,0.0,0.618,1.0,0.457,0.54,0.598,0.438,0.604,0.425,0.668,0.61,0.435,0.437,0.425,0.651,0.651,0.43,0.471
0.506,0.49,0.414,0.682,0.495,0.504,0.506,0.654,0.511,0.673,0.497,0.658,0.496,0.666,0.677,0.522,0.491,0.494,0.497,0.501,0.482,0.484,0.48,0.488,0.489,0.494,0.493,0.659,0.542,0.494,0.643,0.471,0.0,0.498,0.457,1.0,0.502,0.482,0.676,0.491,0.666,0.501,0.482,0.643,0.64,0.485,0.484,0.484,0.657,0.536
0.521,0.569,0.427,0.471,0.58,0.573,0.991,0.49,0.525,0.468,0.555,0.468,0.584,0.47,0.468,0.939,0.563,0.633,0.603,0.992,0.629,0.606,0.633,0.57,0.574,0.566,0.585,0.477,0.516,0.523,0.459,0.591,0.0,0.577,0.54,0.502,1.0,0.58,0.479,0.581,0.467,0.578,0.581,0.477,0.477,0.482,0.56,0.561,0.451,0.525
0.555,0.675,0.431,0.487,0.748,0.653,0.582,0.515,0.523,0.483,0.702,0.489,0.754,0.493,0.482,0.588,0.626,0.689,0.72,0.578,0.711,0.734,0.743,0.643,0.643,0.631,0.814,0.514,0.522,0.523,0.472,0.763,0.0,0.724,0.598,0.482,0.58,1.0,0.491,0.766,0.492,0.667,0.859,0.503,0.497,0.491,0.664,0.665,0.478,0.515
0.476,0.493,0.403,0.709,0.487,0.51,0.48,0.734,0.471,0.712,0.466,0.712,0.474,0.705,0.718,0.478,0.471,0.477,0.465,0.476,0.468,0.464,0.482,0.468,0.481,0.472,0.461,0.724,0.532,0.464,0.704,0.492,0.0,0.476,0.438,0.676,0.479,0.491,1.0,0.474,0.712,0.491,0.481,0.732,0.732,0.505,0.472,0.473,0.687,0.535
0.531,0.649,0.44,0.472,0.743,0.645,0.585,0.484,0.542,0.476,0.72,0.47,0.771,0.476,0.473,0.596,0.627,0.706,0.729,0.58,0.724,0.737,0.731,0.642,0.634,0.654,0.773,0.48,0.527,0.534,0.456,0.729,0.0,0.73,0.604,0.491,0.581,0.766,0.474,1.0,0.474,0.665,0.763,0.471,0.475,0.484,0.675,0.676,0.463,0.531
0.484,0.488,0.41,0.774,0.49,0.474,0.468,0.754,0.471,0.764,0.463,0.756,0.475,0.772,0.768,0.471,0.455,0.472,0.462,0.466,0.467,0.458,0.467,0.468,0.468,0.464,0.472,0.78,0.521,0.471,0.884,0.474,0.0,0.453,0.425,0.666,0.467,0.492,0.712,0.474,1.0,0.476,0.47,0.767,0.768,0.497,0.46,0.461,0.709,0.524
0.538,0.722,0.434,0.486,0.692,0.711,0.581,0.49,0.537,0.484,0.665,0.479,0.661,0.483,0.475,0.593,0.695,0.648,0.663,0.577,0.631,0.649,0.643,0.716,0.717,0.716,0.657,0.489,0.52,0.539,0.455,0.657,0.0,0.647,0.668,0.501,0.578,0.667,0.491,0.665,0.476,1.0,0.677,0.478,0.477,0.461,0.746,0.747,0.473,0.507
0.538,0.652,0.427,0.485,0.74,0.645,0.584,0.491,0.54,0.478,0.715,0.472,0.765,0.488,0.475,0.596,0.637,0.702,0.74,0.58,0.713,0.759,0.745,0.64,0.64,0.631,0.838,0.483,0.519,0.533,0.458,0.76,0.0,0.753,0.61,0.482,0.581,0.859,0.481,0.763,0.47,0.677,1.0,0.477,0.476,0.486,0.665,0.664,0.462,0.514
0.489,0.518,0.412,0.764,0.491,0.48,0.477,0.908,0.472,0.738,0.466,0.743,0.483,0.765,0.738,0.476,0.467,0.476,0.469,0.477,0.466,0.465,0.481,0.473,0.499,0.488,0.471,0.953,0.531,0.466,0.74,0.498,0.0,0.458,0.435,0.643,0.477,0.503,0.732,0.471,0.767,0.478,0.477,1.0,0.963,0.515,0.472,0.474,0.718,0.535
0.499,0.518,0.41,0.764,0.501,0.481,0.477,0.898,0.47,0.747,0.468,0.747,0.483,0.764,0.738,0.48,0.474,0.478,0.47,0.477,0.469,0.466,0.479,0.477,0.485,0.479,0.467,0.939,0.53,0.467,0.742,0.494,0.0,0.459,0.437,0.64,0.477,0.497,0.732,0.475,0.768,0.477,0.476,0.963,1.0,0.512,0.472,0.474,0.708,0.537
0.523,0.485,0.442,0.497,0.491,0.471,0.483,0.507,0.511,0.491,0.47,0.502,0.477,0.499,0.501,0.481,0.452,0.471,0.472,0.483,0.485,0.463,0.471,0.461,0.471,0.458,0.474,0.506,0.6,0.52,0.494,0.494,0.0,0.456,0.425,0.485,0.482,0.491,0.505,0.484,0.497,0.461,0.486,0.515,0.512,1.0,0.498,0.5,0.487,0.675
0.535,0.707,0.427,0.48,0.704,0.701,0.562,0.476,0.53,0.479,0.653,0.476,0.672,0.477,0.486,0.581,0.696,0.643,0.646,0.558,0.645,0.648,0.642,0.701,0.705,0.705,0.647,0.483,0.51,0.534,0.44,0.654,0.0,0.647,0.651,0.484,0.56,0.664,0.472,0.675,0.46,0.746,0.665,0.472,0.472,0.498,1.0,0.997,0.462,0.505
0.535,0.708,0.428,0.479,0.705,0.703,0.563,0.476,0.53,0.478,0.653,0.477,0.672,0.476,0.485,0.581,0.696,0.643,0.646,0.559,0.645,0.648,0.644,0.701,0.705,0.704,0.646,0.485,0.511,0.534,0.441,0.655,0.0,0.646,0.651,0.484,0.561,0.665,0.473,0.676,0.461,0.747,0.664,0.474,0.474,0.5,0.997,1.0,0.463,0.506
0.479,0.513,0.407,0.706,0.483,0.486,0.453,0.708,0.469,0.726,0.459,0.693,0.466,0.711,0.71,0.464,0.457,0.448,0.46,0.45,0.444,0.446,0.449,0.466,0.49,0.483,0.459,0.727,0.528,0.462,0.684,0.463,0.0,0.445,0.43,0.657,0.451,0.478,0.687,0.463,0.709,0.473,0.462,0.718,0.708,0.487,0.462,0.463,1.0,0.515
0.577,0.518,0.479,0.542,0.519,0.521,0.526,0.547,0.568,0.517,0.508,0.537,0.526,0.538,0.542,0.522,0.492,0.513,0.508,0.526,0.516,0.516,0.524,0.505,0.501,0.502,0.513,0.538,0.823,0.567,0.518,0.522,0.0,0.503,0.471,0.536,0.525,0.515,0.535,0.531,0.524,0.507,0.514,0.535,0.537,0.675,0.505,0.506,0.515,1.0
