GCF_000163235.1_ASM16323v1_genomic.fna,GCF_000164555.1_ASM16455v1_genomic.fna,GCF_000208545.1_ASM20854v2_genomic.fna,GCF_000233875.1_ASM23387v1_genomic.fna,GCF_000249735.1_ASM24973v2_genomic.fna,GCF_000261145.1_Esch_coli_M919_V2_genomic.fna,GCF_000267705.2_ASM26770v2_genomic.fna,GCF_000350665.1_Esch_coli_KTE5_V1_genomic.fna,GCF_000351625.1_Esch_coli_KTE66_V1_genomic.fna,GCF_000352285.1_Esch_coli_KTE46_V1_genomic.fna,GCF_000358895.1_ASM35889v1_genomic.fna,GCF_000456385.1_Esch_coli_HVH_26_4-5703913_V1_genomic.fna,GCF_000458195.1_Esch_coli_HVH_147_4-5893887_V1_genomic.fna,GCF_000459755.1_Esch_coli_KOEGE_58_171a_V1_genomic.fna,GCF_000460055.1_Esch_coli_UMEA_3053-1_V1_genomic.fna,GCF_000462165.2_ASM46216v2_genomic.fna,GCF_000601135.1_ASM60113v1_genomic.fna,GCF_000614595.1_Ec2010EL1058_genomic.fna,GCF_000617745.1_Ec2010C-4529_genomic.fna,GCF_000618265.2_EcF6751_genomic.fna,GCF_000619005.2_Ec2009C-4052_genomic.fna,GCF_000619105.1_Ec2009C-4780_genomic.fna,GCF_000619765.2_Ec2009C-3279_genomic.fna,GCF_000687005.1_ASM68700v1_genomic.fna,GCF_000687025.1_ASM68702v1_genomic.fna,GCF_000700125.1_ASM70012v1_genomic.fna,GCF_000753315.1_FHI35_genomic.fna,GCF_000776375.1_ASM77637v1_genomic.fna,GCF_000779395.1_ASM77939v1_genomic.fna,GCF_000780315.1_ASM78031v1_genomic.fna,GCF_000781995.1_ASM78199v1_genomic.fna,GCF_000986765.1_ASM98676v1_genomic.fna,GCF_001041375.1_ViralProj287958_genomic.fna,GCF_001265335.1_302014_genomic.fna,GCF_001265625.1_100854_genomic.fna,GCF_001267345.1_303289_genomic.fna,GCF_001309985.1_ASM130998v1_genomic.fna,GCF_001521695.1_ASM152169v1_genomic.fna,GCF_001592595.1_ASM159259v1_genomic.fna,GCF_001614975.1_ASM161497v1_genomic.fna,GCF_001692775.1_ASM169277v1_genomic.fna,GCF_001748915.1_ASM174891v1_genomic.fna,GCF_001749235.1_ASM174923v1_genomic.fna,GCF_001881155.1_ASM188115v1_genomic.fna,GCF_001881345.1_ASM188134v1_genomic.fna,GCF_001892405.1_ASM189240v1_genomic.fna,GCF_001892585.1_ASM189258v1_genomic.fna,GCF_001893985.1_ASM189398v1_genomic.fna,GCF_002001595.1_ASM200159v1_genomic.fna,GCF_002002145.1_ASM200214v1_genomic.fna
1.0,0.899,0.875,0.891,0.9,0.899,0.896,0.882,0.902,0.882,0.877,0.895,0.894,0.887,0.884,0.898,0.898,0.899,0.889,0.896,0.881,0.899,0.897,0.898,0.9,0.886,0.889,0.886,0.894,0.908,0.876,0.894,0.026,0.89,0.882,0.884,0.896,0.896,0.888,0.903,0.878,0.904,0.9,0.883,0.886,0.875,0.884,0.886,0.89,0.901
0.899,1.0,0.886,0.888,0.919,0.933,0.899,0.885,0.89,0.867,0.887,0.891,0.907,0.881,0.883,0.9,0.924,0.912,0.914,0.898,0.908,0.908,0.914,0.931,0.941,0.911,0.914,0.883,0.89,0.888,0.877,0.925,0.026,0.911,0.92,0.879,0.898,0.922,0.884,0.905,0.882,0.926,0.911,0.886,0.887,0.873,0.924,0.924,0.885,0.886
0.875,0.886,1.0,0.876,0.874,0.879,0.888,0.874,0.878,0.856,0.855,0.874,0.871,0.873,0.865,0.887,0.88,0.881,0.884,0.887,0.878,0.878,0.887,0.874,0.88,0.863,0.878,0.87,0.878,0.873,0.865,0.883,0.025,0.882,0.859,0.883,0.887,0.879,0.88,0.875,0.867,0.885,0.874,0.871,0.874,0.857,0.887,0.889,0.861,0.877
0.891,0.888,0.876,1.0,0.885,0.894,0.894,0.93,0.881,0.931,0.864,0.939,0.885,0.95,0.945,0.896,0.89,0.89,0.89,0.895,0.884,0.89,0.899,0.881,0.889,0.876,0.885,0.939,0.891,0.88,0.935,0.894,0.026,0.882,0.869,0.916,0.894,0.884,0.928,0.889,0.939,0.899,0.88,0.936,0.939,0.882,0.886,0.887,0.921,0.894
0.9,0.919,0.874,0.885,1.0,0.934,0.903,0.888,0.889,0.882,0.928,0.885,0.936,0.886,0.879,0.907,0.921,0.92,0.912,0.902,0.913,0.928,0.917,0.922,0.924,0.913,0.914,0.882,0.885,0.901,0.872,0.919,0.026,0.91,0.919,0.882,0.902,0.922,0.891,0.936,0.884,0.927,0.934,0.881,0.88,0.871,0.922,0.924,0.89,0.891
0.899,0.933,0.879,0.894,0.934,1.0,0.907,0.891,0.894,0.88,0.903,0.896,0.922,0.89,0.885,0.911,0.926,0.925,0.918,0.906,0.911,0.926,0.92,0.941,0.954,0.927,0.911,0.887,0.886,0.901,0.875,0.918,0.027,0.911,0.939,0.889,0.906,0.919,0.897,0.924,0.881,0.932,0.925,0.883,0.885,0.864,0.915,0.917,0.897,0.895
0.896,0.899,0.888,0.894,0.903,0.907,1.0,0.894,0.894,0.868,0.875,0.897,0.898,0.887,0.893,0.983,0.902,0.919,0.918,0.999,0.915,0.901,0.914,0.895,0.902,0.892,0.912,0.888,0.892,0.892,0.882,0.905,0.026,0.906,0.887,0.904,0.998,0.903,0.895,0.9,0.894,0.912,0.902,0.892,0.891,0.878,0.895,0.896,0.89,0.892
0.882,0.885,0.874,0.93,0.888,0.891,0.894,1.0,0.88,0.919,0.863,0.93,0.881,0.931,0.929,0.892,0.881,0.895,0.897,0.894,0.885,0.889,0.893,0.879,0.882,0.869,0.882,0.981,0.894,0.874,0.934,0.883,0.026,0.883,0.86,0.916,0.894,0.897,0.932,0.883,0.929,0.897,0.883,0.976,0.975,0.874,0.883,0.883,0.923,0.894
0.902,0.89,0.878,0.881,0.889,0.894,0.894,0.88,1.0,0.87,0.866,0.879,0.886,0.891,0.878,0.898,0.891,0.888,0.892,0.894,0.884,0.896,0.884,0.89,0.889,0.88,0.895,0.883,0.887,0.912,0.87,0.88,0.027,0.877,0.877,0.883,0.894,0.885,0.885,0.888,0.875,0.903,0.89,0.88,0.881,0.867,0.888,0.89,0.881,0.897
0.882,0.867,0.856,0.931,0.882,0.88,0.868,0.919,0.87,1.0,0.882,0.919,0.883,0.932,0.916,0.872,0.882,0.867,0.868,0.869,0.862,0.884,0.874,0.88,0.878,0.885,0.863,0.924,0.876,0.873,0.92,0.869,0.026,0.863,0.882,0.906,0.868,0.866,0.924,0.889,0.921,0.877,0.88,0.917,0.928,0.862,0.87,0.87,0.922,0.885
0.877,0.887,0.855,0.864,0.928,0.903,0.875,0.863,0.866,0.882,1.0,0.866,0.924,0.862,0.86,0.88,0.9,0.901,0.896,0.875,0.887,0.912,0.897,0.906,0.898,0.906,0.894,0.863,0.859,0.877,0.853,0.891,0.027,0.896,0.915,0.857,0.875,0.896,0.868,0.92,0.858,0.899,0.915,0.863,0.863,0.843,0.896,0.897,0.868,0.875
0.895,0.891,0.874,0.939,0.885,0.896,0.897,0.93,0.879,0.919,0.866,1.0,0.875,0.929,0.951,0.895,0.891,0.894,0.897,0.897,0.886,0.889,0.895,0.885,0.887,0.878,0.88,0.927,0.902,0.881,0.921,0.89,0.024,0.89,0.87,0.92,0.897,0.884,0.929,0.887,0.928,0.892,0.881,0.93,0.934,0.881,0.888,0.888,0.918,0.9
0.894,0.907,0.871,0.885,0.936,0.922,0.898,0.881,0.886,0.883,0.924,0.875,1.0,0.883,0.87,0.904,0.91,0.928,0.921,0.898,0.905,0.941,0.93,0.928,0.921,0.91,0.93,0.882,0.88,0.899,0.869,0.918,0.025,0.924,0.915,0.878,0.898,0.921,0.89,0.943,0.874,0.916,0.942,0.879,0.879,0.865,0.909,0.91,0.881,0.896
0.887,0.881,0.873,0.95,0.886,0.89,0.887,0.931,0.891,0.932,0.862,0.929,0.883,1.0,0.942,0.89,0.893,0.89,0.887,0.888,0.876,0.883,0.885,0.879,0.886,0.874,0.887,0.94,0.891,0.88,0.93,0.889,0.026,0.874,0.869,0.915,0.887,0.886,0.93,0.887,0.936,0.895,0.877,0.936,0.941,0.875,0.883,0.885,0.927,0.899
0.884,0.883,0.865,0.945,0.879,0.885,0.893,0.929,0.878,0.916,0.86,0.951,0.87,0.942,1.0,0.892,0.887,0.888,0.885,0.893,0.872,0.881,0.89,0.873,0.881,0.867,0.876,0.929,0.889,0.874,0.93,0.884,0.025,0.877,0.861,0.914,0.892,0.877,0.925,0.881,0.935,0.886,0.873,0.927,0.93,0.87,0.876,0.878,0.917,0.896
0.898,0.9,0.887,0.896,0.907,0.911,0.983,0.892,0.898,0.872,0.88,0.895,0.904,0.89,0.892,1.0,0.906,0.916,0.916,0.982,0.902,0.905,0.91,0.901,0.905,0.894,0.911,0.89,0.89,0.897,0.878,0.898,0.024,0.902,0.892,0.899,0.982,0.906,0.9,0.904,0.889,0.915,0.905,0.887,0.889,0.873,0.893,0.894,0.892,0.895
0.898,0.924,0.88,0.89,0.921,0.926,0.902,0.881,0.891,0.882,0.9,0.891,0.91,0.893,0.887,0.906,1.0,0.915,0.916,0.901,0.905,0.918,0.917,0.929,0.928,0.92,0.915,0.883,0.886,0.89,0.872,0.924,0.024,0.91,0.914,0.885,0.901,0.909,0.899,0.921,0.88,0.926,0.922,0.881,0.883,0.866,0.921,0.923,0.889,0.891
0.899,0.912,0.881,0.89,0.92,0.925,0.919,0.895,0.888,0.867,0.901,0.894,0.928,0.89,0.888,0.916,0.915,1.0,0.945,0.919,0.927,0.925,0.94,0.914,0.916,0.904,0.927,0.891,0.89,0.892,0.879,0.929,0.025,0.921,0.9,0.898,0.919,0.925,0.89,0.926,0.887,0.932,0.923,0.892,0.891,0.881,0.914,0.916,0.885,0.902
0.889,0.914,0.884,0.89,0.912,0.918,0.918,0.897,0.892,0.868,0.896,0.897,0.921,0.887,0.885,0.916,0.916,0.945,1.0,0.917,0.931,0.934,0.94,0.91,0.909,0.899,0.925,0.893,0.892,0.884,0.88,0.927,0.026,0.925,0.9,0.895,0.917,0.923,0.893,0.923,0.89,0.923,0.924,0.897,0.896,0.877,0.916,0.918,0.882,0.894
0.896,0.898,0.887,0.895,0.902,0.906,0.999,0.894,0.894,0.869,0.875,0.897,0.898,0.888,0.893,0.982,0.901,0.919,0.917,1.0,0.914,0.9,0.913,0.894,0.902,0.893,0.912,0.888,0.892,0.891,0.882,0.904,0.026,0.905,0.886,0.904,0.999,0.902,0.896,0.899,0.894,0.912,0.901,0.892,0.891,0.878,0.894,0.895,0.891,0.893
0.881,0.908,0.878,0.884,0.913,0.911,0.915,0.885,0.884,0.862,0.887,0.886,0.905,0.876,0.872,0.902,0.905,0.927,0.931,0.914,1.0,0.919,0.929,0.901,0.906,0.888,0.92,0.882,0.883,0.886,0.878,0.93,0.025,0.923,0.89,0.89,0.913,0.909,0.884,0.907,0.884,0.912,0.91,0.888,0.884,0.891,0.916,0.917,0.879,0.885
0.899,0.908,0.878,0.89,0.928,0.926,0.901,0.889,0.896,0.884,0.912,0.889,0.941,0.883,0.881,0.905,0.918,0.925,0.934,0.9,0.919,1.0,0.968,0.922,0.918,0.904,0.925,0.887,0.889,0.895,0.874,0.915,0.026,0.943,0.906,0.89,0.9,0.912,0.895,0.936,0.88,0.921,0.935,0.887,0.884,0.867,0.906,0.908,0.889,0.899
0.897,0.914,0.887,0.899,0.917,0.92,0.914,0.893,0.884,0.874,0.897,0.895,0.93,0.885,0.89,0.91,0.917,0.94,0.94,0.913,0.929,0.968,1.0,0.917,0.917,0.899,0.933,0.891,0.899,0.887,0.881,0.93,0.027,0.949,0.897,0.899,0.913,0.923,0.893,0.927,0.885,0.923,0.923,0.892,0.892,0.878,0.914,0.916,0.879,0.902
0.898,0.931,0.874,0.881,0.922,0.941,0.895,0.879,0.89,0.88,0.906,0.885,0.928,0.879,0.873,0.901,0.929,0.914,0.91,0.894,0.901,0.922,0.917,1.0,0.944,0.928,0.911,0.882,0.879,0.899,0.864,0.909,0.024,0.902,0.947,0.876,0.894,0.905,0.89,0.919,0.868,0.928,0.927,0.876,0.874,0.86,0.912,0.914,0.893,0.887
0.9,0.941,0.88,0.889,0.924,0.954,0.902,0.882,0.889,0.878,0.898,0.887,0.921,0.886,0.881,0.905,0.928,0.916,0.909,0.902,0.906,0.918,0.917,0.944,1.0,0.934,0.916,0.881,0.88,0.896,0.87,0.916,0.025,0.903,0.936,0.875,0.902,0.912,0.892,0.92,0.874,0.924,0.92,0.879,0.88,0.862,0.911,0.912,0.893,0.892
0.886,0.911,0.863,0.876,0.913,0.927,0.892,0.869,0.88,0.885,0.906,0.878,0.91,0.874,0.867,0.894,0.92,0.904,0.899,0.893,0.888,0.904,0.899,0.928,0.934,1.0,0.905,0.865,0.869,0.889,0.858,0.904,0.025,0.883,0.927,0.87,0.893,0.9,0.878,0.903,0.867,0.921,0.914,0.868,0.865,0.851,0.901,0.903,0.884,0.877
0.889,0.914,0.878,0.885,0.914,0.911,0.912,0.882,0.895,0.863,0.894,0.88,0.93,0.887,0.876,0.911,0.915,0.927,0.925,0.912,0.92,0.925,0.933,0.911,0.916,0.905,1.0,0.879,0.887,0.885,0.869,0.919,0.026,0.913,0.897,0.884,0.912,0.939,0.887,0.916,0.882,0.926,0.945,0.88,0.878,0.88,0.907,0.909,0.883,0.899
0.886,0.883,0.87,0.939,0.882,0.887,0.888,0.981,0.883,0.924,0.863,0.927,0.882,0.94,0.929,0.89,0.883,0.891,0.893,0.888,0.882,0.887,0.891,0.882,0.881,0.865,0.879,1.0,0.888,0.877,0.931,0.887,0.026,0.883,0.861,0.917,0.888,0.892,0.932,0.887,0.926,0.895,0.881,0.987,0.987,0.873,0.88,0.88,0.921,0.892
0.894,0.89,0.878,0.891,0.885,0.886,0.892,0.894,0.887,0.876,0.859,0.902,0.88,0.891,0.889,0.89,0.886,0.89,0.892,0.892,0.883,0.889,0.899,0.879,0.88,0.869,0.887,0.888,1.0,0.881,0.888,0.896,0.024,0.889,0.861,0.892,0.892,0.891,0.887,0.885,0.891,0.887,0.883,0.886,0.892,0.886,0.889,0.891,0.879,0.95
0.908,0.888,0.873,0.88,0.901,0.901,0.892,0.874,0.912,0.873,0.877,0.881,0.899,0.88,0.874,0.897,0.89,0.892,0.884,0.891,0.886,0.895,0.887,0.899,0.896,0.889,0.885,0.877,0.881,1.0,0.862,0.88,0.026,0.883,0.883,0.873,0.891,0.883,0.886,0.903,0.87,0.897,0.9,0.873,0.876,0.872,0.879,0.879,0.886,0.892
0.876,0.877,0.865,0.935,0.872,0.875,0.882,0.934,0.87,0.92,0.853,0.921,0.869,0.93,0.93,0.878,0.872,0.879,0.88,0.882,0.878,0.874,0.881,0.864,0.87,0.858,0.869,0.931,0.888,0.862,1.0,0.887,0.024,0.885,0.849,0.914,0.881,0.878,0.916,0.872,0.961,0.884,0.869,0.936,0.933,0.883,0.883,0.884,0.908,0.894
0.894,0.925,0.883,0.894,0.919,0.918,0.905,0.883,0.88,0.869,0.891,0.89,0.918,0.889,0.884,0.898,0.924,0.929,0.927,0.904,0.93,0.915,0.93,0.909,0.916,0.904,0.919,0.887,0.896,0.88,0.887,1.0,0.026,0.93,0.891,0.893,0.903,0.921,0.888,0.924,0.89,0.921,0.921,0.894,0.892,0.886,0.928,0.928,0.88,0.894
0.026,0.026,0.025,0.026,0.026,0.027,0.026,0.026,0.027,0.026,0.027,0.024,0.025,0.026,0.025,0.024,0.024,0.025,0.026,0.026,0.025,0.026,0.027,0.024,0.025,0.025,0.026,0.026,0.024,0.026,0.024,0.026,1.0,0.025,0.025,0.026,0.026,0.027,0.024,0.026,0.024,0.026,0.026,0.026,0.026,0.026,0.027,0.027,0.024,0.026
0.89,0.911,0.882,0.882,0.91,0.911,0.906,0.883,0.877,0.863,0.896,0.89,0.924,0.874,0.877,0.902,0.91,0.921,0.925,0.905,0.923,0.943,0.949,0.902,0.903,0.883,0.913,0.883,0.889,0.883,0.885,0.93,0.025,1.0,0.886,0.894,0.904,0.917,0.892,0.918,0.884,0.905,0.92,0.891,0.888,0.885,0.917,0.917,0.867,0.892
0.882,0.92,0.859,0.869,0.919,0.939,0.887,0.86,0.877,0.882,0.915,0.87,0.915,0.869,0.861,0.892,0.914,0.9,0.9,0.886,0.89,0.906,0.897,0.947,0.936,0.927,0.897,0.861,0.861,0.883,0.849,0.891,0.025,0.886,1.0,0.864,0.886,0.894,0.878,0.908,0.857,0.92,0.918,0.856,0.856,0.847,0.898,0.9,0.878,0.873
0.884,0.879,0.883,0.916,0.882,0.889,0.904,0.916,0.883,0.906,0.857,0.92,0.878,0.915,0.914,0.899,0.885,0.898,0.895,0.904,0.89,0.89,0.899,0.876,0.875,0.87,0.884,0.917,0.892,0.873,0.914,0.893,0.026,0.894,0.864,1.0,0.903,0.88,0.92,0.884,0.917,0.89,0.875,0.919,0.923,0.883,0.88,0.882,0.906,0.893
0.896,0.898,0.887,0.894,0.902,0.906,0.998,0.894,0.894,0.868,0.875,0.897,0.898,0.887,0.892,0.982,0.901,0.919,0.917,0.999,0.913,0.9,0.913,0.894,0.902,0.893,0.912,0.888,0.892,0.891,0.881,0.903,0.026,0.904,0.886,0.903,1.0,0.902,0.896,0.899,0.893,0.912,0.901,0.891,0.891,0.877,0.893,0.894,0.89,0.893
0.896,0.922,0.879,0.884,0.922,0.919,0.903,0.897,0.885,0.866,0.896,0.884,0.921,0.886,0.877,0.906,0.909,0.925,0.923,0.902,0.909,0.912,0.923,0.905,0.912,0.9,0.939,0.892,0.891,0.883,0.878,0.921,0.027,0.917,0.894,0.88,0.902,1.0,0.887,0.918,0.88,0.918,0.947,0.892,0.889,0.874,0.913,0.914,0.885,0.895
0.888,0.884,0.88,0.928,0.891,0.897,0.895,0.932,0.885,0.924,0.868,0.929,0.89,0.93,0.925,0.9,0.899,0.89,0.893,0.896,0.884,0.895,0.893,0.89,0.892,0.878,0.887,0.932,0.887,0.886,0.916,0.888,0.024,0.892,0.878,0.92,0.896,0.887,1.0,0.892,0.921,0.899,0.889,0.924,0.929,0.874,0.878,0.878,0.923,0.897
0.903,0.905,0.875,0.889,0.936,0.924,0.9,0.883,0.888,0.889,0.92,0.887,0.943,0.887,0.881,0.904,0.921,0.926,0.923,0.899,0.907,0.936,0.927,0.919,0.92,0.903,0.916,0.887,0.885,0.903,0.872,0.924,0.026,0.918,0.908,0.884,0.899,0.918,0.892,1.0,0.878,0.916,0.936,0.882,0.884,0.868,0.914,0.915,0.888,0.9
0.878,0.882,0.867,0.939,0.884,0.881,0.894,0.929,0.875,0.921,0.858,0.928,0.874,0.936,0.935,0.889,0.88,0.887,0.89,0.894,0.884,0.88,0.885,0.868,0.874,0.867,0.882,0.926,0.891,0.87,0.961,0.89,0.024,0.884,0.857,0.917,0.893,0.88,0.921,0.878,1.0,0.892,0.877,0.932,0.93,0.883,0.888,0.889,0.911,0.889
0.904,0.926,0.885,0.899,0.927,0.932,0.912,0.897,0.903,0.877,0.899,0.892,0.916,0.895,0.886,0.915,0.926,0.932,0.923,0.912,0.912,0.921,0.923,0.928,0.924,0.921,0.926,0.895,0.887,0.897,0.884,0.921,0.026,0.905,0.92,0.89,0.912,0.918,0.899,0.916,0.892,1.0,0.927,0.895,0.891,0.874,0.928,0.93,0.894,0.897
0.9,0.911,0.874,0.88,0.934,0.925,0.902,0.883,0.89,0.88,0.915,0.881,0.942,0.877,0.873,0.905,0.922,0.923,0.924,0.901,0.91,0.935,0.923,0.927,0.92,0.914,0.945,0.881,0.883,0.9,0.869,0.921,0.026,0.92,0.918,0.875,0.901,0.947,0.889,0.936,0.877,0.927,1.0,0.879,0.879,0.87,0.912,0.913,0.889,0.897
0.883,0.886,0.871,0.936,0.881,0.883,0.892,0.976,0.88,0.917,0.863,0.93,0.879,0.936,0.927,0.887,0.881,0.892,0.897,0.892,0.888,0.887,0.892,0.876,0.879,0.868,0.88,0.987,0.886,0.873,0.936,0.894,0.026,0.891,0.856,0.919,0.891,0.892,0.924,0.882,0.932,0.895,0.879,1.0,0.986,0.879,0.887,0.887,0.922,0.886
0.886,0.887,0.874,0.939,0.88,0.885,0.891,0.975,0.881,0.928,0.863,0.934,0.879,0.941,0.93,0.889,0.883,0.891,0.896,0.891,0.884,0.884,0.892,0.874,0.88,0.865,0.878,0.987,0.892,0.876,0.933,0.892,0.026,0.888,0.856,0.923,0.891,0.889,0.929,0.884,0.93,0.891,0.879,0.986,1.0,0.879,0.882,0.882,0.916,0.891
0.875,0.873,0.857,0.882,0.871,0.864,0.878,0.874,0.867,0.862,0.843,0.881,0.865,0.875,0.87,0.873,0.866,0.881,0.877,0.878,0.891,0.867,0.878,0.86,0.862,0.851,0.88,0.873,0.886,0.872,0.883,0.886,0.026,0.885,0.847,0.883,0.877,0.874,0.874,0.868,0.883,0.874,0.87,0.879,0.879,1.0,0.881,0.882,0.872,0.897
0.884,0.924,0.887,0.886,0.922,0.915,0.895,0.883,0.888,0.87,0.896,0.888,0.909,0.883,0.876,0.893,0.921,0.914,0.916,0.894,0.916,0.906,0.914,0.912,0.911,0.901,0.907,0.88,0.889,0.879,0.883,0.928,0.027,0.917,0.898,0.88,0.893,0.913,0.878,0.914,0.888,0.928,0.912,0.887,0.882,0.881,1.0,0.998,0.87,0.887
0.886,0.924,0.889,0.887,0.924,0.917,0.896,0.883,0.89,0.87,0.897,0.888,0.91,0.885,0.878,0.894,0.923,0.916,0.918,0.895,0.917,0.908,0.916,0.914,0.912,0.903,0.909,0.88,0.891,0.879,0.884,0.928,0.027,0.917,0.9,0.882,0.894,0.914,0.878,0.915,0.889,0.93,0.913,0.887,0.882,0.882,0.998,1.0,0.87,0.888
0.89,0.885,0.861,0.921,0.89,0.897,0.89,0.923,0.881,0.922,0.868,0.918,0.881,0.927,0.917,0.892,0.889,0.885,0.882,0.891,0.879,0.889,0.879,0.893,0.893,0.884,0.883,0.921,0.879,0.886,0.908,0.88,0.024,0.867,0.878,0.906,0.89,0.885,0.923,0.888,0.911,0.894,0.889,0.922,0.916,0.872,0.87,0.87,1.0,0.895
0.901,0.886,0.877,0.894,0.891,0.895,0.892,0.894,0.897,0.885,0.875,0.9,0.896,0.899,0.896,0.895,0.891,0.902,0.894,0.893,0.885,0.899,0.902,0.887,0.892,0.877,0.899,0.892,0.95,0.892,0.894,0.894,0.026,0.892,0.873,0.893,0.893,0.895,0.897,0.9,0.889,0.897,0.897,0.886,0.891,0.897,0.887,0.888,0.895,1.0
