GCF_000163235.1_ASM16323v1_genomic.fna,GCF_000164555.1_ASM16455v1_genomic.fna,GCF_000208545.1_ASM20854v2_genomic.fna,GCF_000233875.1_ASM23387v1_genomic.fna,GCF_000249735.1_ASM24973v2_genomic.fna,GCF_000261145.1_Esch_coli_M919_V2_genomic.fna,GCF_000267705.2_ASM26770v2_genomic.fna,GCF_000350665.1_Esch_coli_KTE5_V1_genomic.fna,GCF_000351625.1_Esch_coli_KTE66_V1_genomic.fna,GCF_000352285.1_Esch_coli_KTE46_V1_genomic.fna,GCF_000358895.1_ASM35889v1_genomic.fna,GCF_000456385.1_Esch_coli_HVH_26_4-5703913_V1_genomic.fna,GCF_000458195.1_Esch_coli_HVH_147_4-5893887_V1_genomic.fna,GCF_000459755.1_Esch_coli_KOEGE_58_171a_V1_genomic.fna,GCF_000460055.1_Esch_coli_UMEA_3053-1_V1_genomic.fna,GCF_000462165.2_ASM46216v2_genomic.fna,GCF_000601135.1_ASM60113v1_genomic.fna,GCF_000614595.1_Ec2010EL1058_genomic.fna,GCF_000617745.1_Ec2010C-4529_genomic.fna,GCF_000618265.2_EcF6751_genomic.fna,GCF_000619005.2_Ec2009C-4052_genomic.fna,GCF_000619105.1_Ec2009C-4780_genomic.fna,GCF_000619765.2_Ec2009C-3279_genomic.fna,GCF_000687005.1_ASM68700v1_genomic.fna,GCF_000687025.1_ASM68702v1_genomic.fna,GCF_000700125.1_ASM70012v1_genomic.fna,GCF_000753315.1_FHI35_genomic.fna,GCF_000776375.1_ASM77637v1_genomic.fna,GCF_000779395.1_ASM77939v1_genomic.fna,GCF_000780315.1_ASM78031v1_genomic.fna,GCF_000781995.1_ASM78199v1_genomic.fna,GCF_000986765.1_ASM98676v1_genomic.fna,GCF_001041375.1_ViralProj287958_genomic.fna,GCF_001265335.1_302014_genomic.fna,GCF_001265625.1_100854_genomic.fna,GCF_001267345.1_303289_genomic.fna,GCF_001309985.1_ASM130998v1_genomic.fna,GCF_001521695.1_ASM152169v1_genomic.fna,GCF_001592595.1_ASM159259v1_genomic.fna,GCF_001614975.1_ASM161497v1_genomic.fna,GCF_001692775.1_ASM169277v1_genomic.fna,GCF_001748915.1_ASM174891v1_genomic.fna,GCF_001749235.1_ASM174923v1_genomic.fna,GCF_001881155.1_ASM188115v1_genomic.fna,GCF_001881345.1_ASM188134v1_genomic.fna,GCF_001892405.1_ASM189240v1_genomic.fna,GCF_001892585.1_ASM189258v1_genomic.fna,GCF_001893985.1_ASM189398v1_genomic.fna,GCF_002001595.1_ASM200159v1_genomic.fna,GCF_002002145.1_ASM200214v1_genomic.fna
1.0,0.904,0.899,0.894,0.896,0.898,0.89,0.891,0.922,0.891,0.89,0.896,0.904,0.893,0.898,0.896,0.897,0.887,0.881,0.886,0.885,0.892,0.891,0.888,0.907,0.898,0.9,0.896,0.906,0.917,0.878,0.891,0.019,0.901,0.88,0.88,0.889,0.9,0.879,0.898,0.885,0.887,0.899,0.894,0.9,0.877,0.891,0.891,0.895,0.913
0.904,1.0,0.886,0.896,0.913,0.943,0.896,0.898,0.897,0.892,0.91,0.901,0.917,0.897,0.899,0.904,0.93,0.903,0.897,0.893,0.896,0.911,0.906,0.939,0.953,0.932,0.921,0.901,0.905,0.903,0.885,0.918,0.018,0.919,0.932,0.885,0.895,0.922,0.877,0.915,0.891,0.917,0.917,0.904,0.906,0.881,0.92,0.92,0.895,0.908
0.899,0.886,1.0,0.884,0.9,0.898,0.893,0.89,0.911,0.871,0.873,0.894,0.889,0.881,0.892,0.895,0.892,0.889,0.882,0.887,0.881,0.898,0.889,0.874,0.895,0.883,0.888,0.887,0.889,0.897,0.883,0.901,0.017,0.892,0.865,0.889,0.89,0.9,0.88,0.893,0.883,0.888,0.888,0.894,0.893,0.887,0.895,0.895,0.888,0.898
0.894,0.896,0.884,1.0,0.895,0.899,0.889,0.938,0.898,0.929,0.88,0.944,0.9,0.944,0.948,0.893,0.903,0.883,0.881,0.883,0.884,0.89,0.889,0.889,0.894,0.89,0.894,0.947,0.9,0.891,0.941,0.894,0.018,0.899,0.875,0.919,0.886,0.899,0.923,0.897,0.95,0.89,0.896,0.949,0.949,0.881,0.894,0.894,0.932,0.911
0.896,0.913,0.9,0.895,1.0,0.927,0.919,0.898,0.914,0.887,0.927,0.907,0.928,0.892,0.903,0.919,0.918,0.926,0.924,0.914,0.927,0.934,0.932,0.904,0.919,0.912,0.932,0.889,0.903,0.899,0.903,0.936,0.018,0.933,0.896,0.896,0.914,0.941,0.894,0.936,0.896,0.929,0.938,0.896,0.896,0.886,0.935,0.935,0.896,0.908
0.898,0.943,0.898,0.899,0.927,1.0,0.909,0.903,0.901,0.883,0.911,0.903,0.923,0.888,0.903,0.912,0.932,0.913,0.91,0.906,0.91,0.92,0.917,0.933,0.947,0.929,0.924,0.897,0.909,0.898,0.888,0.924,0.018,0.924,0.933,0.892,0.907,0.928,0.886,0.927,0.895,0.927,0.928,0.902,0.9,0.888,0.934,0.934,0.893,0.909
0.89,0.896,0.893,0.889,0.919,0.909,1.0,0.893,0.907,0.879,0.901,0.9,0.911,0.885,0.894,0.98,0.912,0.93,0.922,0.989,0.922,0.926,0.935,0.892,0.904,0.907,0.916,0.883,0.894,0.895,0.901,0.926,0.018,0.916,0.887,0.904,0.993,0.918,0.903,0.912,0.892,0.916,0.916,0.89,0.888,0.885,0.913,0.913,0.888,0.9
0.891,0.898,0.89,0.938,0.898,0.903,0.893,1.0,0.901,0.924,0.883,0.943,0.895,0.935,0.931,0.896,0.902,0.884,0.885,0.887,0.89,0.897,0.892,0.887,0.901,0.9,0.895,0.972,0.905,0.895,0.931,0.9,0.017,0.896,0.881,0.917,0.891,0.905,0.925,0.903,0.936,0.906,0.903,0.976,0.968,0.885,0.895,0.895,0.928,0.913
0.922,0.897,0.911,0.898,0.914,0.901,0.907,0.901,1.0,0.89,0.898,0.91,0.906,0.891,0.905,0.914,0.903,0.902,0.9,0.903,0.902,0.911,0.907,0.885,0.897,0.902,0.904,0.894,0.907,0.923,0.898,0.91,0.018,0.91,0.876,0.902,0.907,0.914,0.893,0.911,0.901,0.91,0.913,0.9,0.896,0.891,0.91,0.91,0.9,0.916
0.891,0.892,0.871,0.929,0.887,0.883,0.879,0.924,0.89,1.0,0.898,0.928,0.894,0.933,0.925,0.882,0.893,0.868,0.869,0.873,0.873,0.882,0.88,0.894,0.893,0.892,0.893,0.935,0.895,0.902,0.919,0.884,0.017,0.885,0.885,0.9,0.878,0.891,0.91,0.891,0.924,0.882,0.889,0.928,0.934,0.867,0.882,0.882,0.919,0.899
0.89,0.91,0.873,0.88,0.927,0.911,0.901,0.883,0.898,0.898,1.0,0.887,0.936,0.89,0.887,0.908,0.912,0.916,0.91,0.894,0.91,0.922,0.916,0.928,0.911,0.918,0.941,0.889,0.899,0.899,0.874,0.919,0.018,0.926,0.921,0.88,0.897,0.928,0.879,0.931,0.881,0.915,0.933,0.888,0.89,0.86,0.913,0.913,0.884,0.903
0.896,0.901,0.894,0.944,0.907,0.903,0.9,0.943,0.91,0.928,0.887,1.0,0.905,0.94,0.962,0.904,0.902,0.889,0.887,0.895,0.894,0.901,0.898,0.889,0.901,0.896,0.901,0.938,0.911,0.906,0.934,0.904,0.018,0.903,0.881,0.924,0.899,0.908,0.927,0.906,0.941,0.903,0.907,0.943,0.946,0.891,0.899,0.899,0.925,0.916
0.904,0.917,0.889,0.9,0.928,0.923,0.911,0.895,0.906,0.894,0.936,0.905,1.0,0.897,0.902,0.914,0.927,0.929,0.931,0.903,0.924,0.942,0.933,0.911,0.92,0.917,0.95,0.902,0.902,0.899,0.893,0.93,0.018,0.948,0.902,0.89,0.907,0.946,0.891,0.943,0.896,0.924,0.941,0.9,0.905,0.875,0.926,0.926,0.899,0.909
0.893,0.897,0.881,0.944,0.892,0.888,0.885,0.935,0.891,0.933,0.89,0.94,0.897,1.0,0.941,0.885,0.9,0.881,0.875,0.878,0.879,0.883,0.875,0.89,0.896,0.895,0.892,0.942,0.903,0.899,0.92,0.889,0.017,0.885,0.875,0.906,0.882,0.893,0.908,0.896,0.935,0.887,0.89,0.936,0.94,0.878,0.886,0.886,0.926,0.903
0.898,0.899,0.892,0.948,0.903,0.903,0.894,0.931,0.905,0.925,0.887,0.962,0.902,0.941,1.0,0.899,0.906,0.891,0.887,0.889,0.893,0.901,0.896,0.887,0.9,0.891,0.9,0.94,0.906,0.902,0.939,0.897,0.017,0.906,0.879,0.919,0.893,0.906,0.929,0.909,0.947,0.897,0.901,0.944,0.946,0.892,0.903,0.903,0.932,0.912
0.896,0.904,0.895,0.893,0.919,0.912,0.98,0.896,0.914,0.882,0.908,0.904,0.914,0.885,0.899,1.0,0.912,0.925,0.92,0.977,0.917,0.931,0.932,0.897,0.911,0.91,0.92,0.884,0.9,0.9,0.898,0.926,0.018,0.927,0.892,0.897,0.981,0.923,0.897,0.915,0.895,0.918,0.92,0.89,0.886,0.882,0.916,0.916,0.89,0.907
0.897,0.93,0.892,0.903,0.918,0.932,0.912,0.902,0.903,0.893,0.912,0.902,0.927,0.9,0.906,0.912,1.0,0.914,0.909,0.906,0.914,0.922,0.919,0.93,0.941,0.946,0.927,0.905,0.907,0.897,0.89,0.931,0.018,0.93,0.918,0.895,0.908,0.924,0.889,0.93,0.896,0.918,0.925,0.905,0.911,0.88,0.927,0.927,0.897,0.912
0.887,0.903,0.889,0.883,0.926,0.913,0.93,0.884,0.902,0.868,0.916,0.889,0.929,0.881,0.891,0.925,0.914,1.0,0.956,0.927,0.937,0.946,0.944,0.896,0.911,0.913,0.926,0.878,0.893,0.884,0.889,0.934,0.017,0.927,0.891,0.899,0.928,0.931,0.898,0.932,0.882,0.931,0.926,0.887,0.883,0.89,0.924,0.924,0.881,0.898
0.881,0.897,0.882,0.881,0.924,0.91,0.922,0.885,0.9,0.869,0.91,0.887,0.931,0.875,0.887,0.92,0.909,0.956,1.0,0.928,0.942,0.946,0.949,0.892,0.902,0.906,0.924,0.877,0.885,0.882,0.885,0.936,0.018,0.926,0.887,0.899,0.926,0.929,0.894,0.931,0.881,0.927,0.921,0.881,0.879,0.891,0.922,0.922,0.874,0.89
0.886,0.893,0.887,0.883,0.914,0.906,0.989,0.887,0.903,0.873,0.894,0.895,0.903,0.878,0.889,0.977,0.906,0.927,0.928,1.0,0.926,0.926,0.942,0.887,0.9,0.9,0.909,0.875,0.889,0.893,0.894,0.921,0.017,0.912,0.882,0.903,0.993,0.911,0.907,0.906,0.886,0.91,0.91,0.883,0.882,0.892,0.908,0.908,0.882,0.895
0.885,0.896,0.881,0.884,0.927,0.91,0.922,0.89,0.902,0.873,0.91,0.894,0.924,0.879,0.893,0.917,0.914,0.937,0.942,0.926,1.0,0.94,0.948,0.886,0.904,0.906,0.922,0.883,0.894,0.884,0.889,0.935,0.015,0.937,0.89,0.905,0.925,0.932,0.906,0.928,0.886,0.919,0.927,0.89,0.889,0.896,0.92,0.92,0.886,0.899
0.892,0.911,0.898,0.89,0.934,0.92,0.926,0.897,0.911,0.882,0.922,0.901,0.942,0.883,0.901,0.931,0.922,0.946,0.946,0.926,0.94,1.0,0.974,0.903,0.919,0.918,0.937,0.89,0.894,0.894,0.895,0.941,0.017,0.961,0.901,0.898,0.926,0.947,0.9,0.94,0.89,0.928,0.939,0.895,0.894,0.89,0.929,0.929,0.882,0.908
0.891,0.906,0.889,0.889,0.932,0.917,0.935,0.892,0.907,0.88,0.916,0.898,0.933,0.875,0.896,0.932,0.919,0.944,0.949,0.942,0.948,0.974,1.0,0.897,0.913,0.914,0.933,0.884,0.89,0.888,0.895,0.941,0.017,0.951,0.896,0.902,0.937,0.941,0.911,0.933,0.888,0.924,0.935,0.891,0.892,0.9,0.925,0.925,0.88,0.903
0.888,0.939,0.874,0.889,0.904,0.933,0.892,0.887,0.885,0.894,0.928,0.889,0.911,0.89,0.887,0.897,0.93,0.896,0.892,0.887,0.886,0.903,0.897,1.0,0.948,0.936,0.918,0.891,0.894,0.89,0.872,0.908,0.018,0.905,0.949,0.874,0.89,0.909,0.866,0.91,0.881,0.906,0.907,0.89,0.893,0.865,0.913,0.913,0.883,0.894
0.907,0.953,0.895,0.894,0.919,0.947,0.904,0.901,0.897,0.893,0.911,0.901,0.92,0.896,0.9,0.911,0.941,0.911,0.902,0.9,0.904,0.919,0.913,0.948,1.0,0.94,0.927,0.901,0.907,0.898,0.884,0.928,0.018,0.917,0.933,0.885,0.902,0.924,0.88,0.921,0.887,0.92,0.917,0.904,0.905,0.881,0.921,0.921,0.894,0.908
0.898,0.932,0.883,0.89,0.912,0.929,0.907,0.9,0.902,0.892,0.918,0.896,0.917,0.895,0.891,0.91,0.946,0.913,0.906,0.9,0.906,0.918,0.914,0.936,0.94,1.0,0.926,0.901,0.906,0.903,0.88,0.921,0.019,0.915,0.926,0.888,0.903,0.922,0.88,0.921,0.883,0.924,0.917,0.902,0.901,0.878,0.922,0.922,0.887,0.906
0.9,0.921,0.888,0.894,0.932,0.924,0.916,0.895,0.904,0.893,0.941,0.901,0.95,0.892,0.9,0.92,0.927,0.926,0.924,0.909,0.922,0.937,0.933,0.918,0.927,0.926,1.0,0.898,0.907,0.904,0.892,0.938,0.018,0.941,0.912,0.89,0.912,0.957,0.882,0.945,0.894,0.922,0.96,0.899,0.898,0.877,0.926,0.926,0.894,0.907
0.896,0.901,0.887,0.947,0.889,0.897,0.883,0.972,0.894,0.935,0.889,0.938,0.902,0.942,0.94,0.884,0.905,0.878,0.877,0.875,0.883,0.89,0.884,0.891,0.901,0.901,0.898,1.0,0.903,0.895,0.927,0.893,0.017,0.893,0.883,0.915,0.879,0.898,0.917,0.895,0.937,0.892,0.892,0.99,0.985,0.882,0.886,0.886,0.937,0.911
0.906,0.905,0.889,0.9,0.903,0.909,0.894,0.905,0.907,0.895,0.899,0.911,0.902,0.903,0.906,0.9,0.907,0.893,0.885,0.889,0.894,0.894,0.89,0.894,0.907,0.906,0.907,0.903,1.0,0.909,0.888,0.902,0.016,0.9,0.889,0.889,0.894,0.903,0.884,0.905,0.895,0.899,0.904,0.903,0.907,0.901,0.902,0.902,0.9,0.961
0.917,0.903,0.897,0.891,0.899,0.898,0.895,0.895,0.923,0.902,0.899,0.906,0.899,0.899,0.902,0.9,0.897,0.884,0.882,0.893,0.884,0.894,0.888,0.89,0.898,0.903,0.904,0.895,0.909,1.0,0.887,0.889,0.019,0.891,0.886,0.888,0.894,0.9,0.881,0.895,0.893,0.887,0.897,0.895,0.899,0.883,0.893,0.893,0.892,0.91
0.878,0.885,0.883,0.941,0.903,0.888,0.901,0.931,0.898,0.919,0.874,0.934,0.893,0.92,0.939,0.898,0.89,0.889,0.885,0.894,0.889,0.895,0.895,0.872,0.884,0.88,0.892,0.927,0.888,0.887,1.0,0.894,0.019,0.889,0.862,0.918,0.898,0.9,0.926,0.892,0.961,0.895,0.896,0.932,0.931,0.888,0.897,0.897,0.92,0.899
0.891,0.918,0.901,0.894,0.936,0.924,0.926,0.9,0.91,0.884,0.919,0.904,0.93,0.889,0.897,0.926,0.931,0.934,0.936,0.921,0.935,0.941,0.941,0.908,0.928,0.921,0.938,0.893,0.902,0.889,0.894,1.0,0.018,0.934,0.902,0.904,0.925,0.946,0.899,0.939,0.89,0.93,0.94,0.898,0.894,0.89,0.927,0.927,0.891,0.908
0.019,0.018,0.017,0.018,0.018,0.018,0.018,0.017,0.018,0.017,0.018,0.018,0.018,0.017,0.017,0.018,0.018,0.017,0.018,0.017,0.015,0.017,0.017,0.018,0.018,0.019,0.018,0.017,0.016,0.019,0.019,0.018,1.0,0.016,0.016,0.019,0.018,0.018,0.018,0.017,0.018,0.018,0.017,0.018,0.017,0.018,0.018,0.018,0.018,0.018
0.901,0.919,0.892,0.899,0.933,0.924,0.916,0.896,0.91,0.885,0.926,0.903,0.948,0.885,0.906,0.927,0.93,0.927,0.926,0.912,0.937,0.961,0.951,0.905,0.917,0.915,0.941,0.893,0.9,0.891,0.889,0.934,0.016,1.0,0.904,0.892,0.916,0.944,0.894,0.937,0.897,0.922,0.945,0.898,0.899,0.882,0.928,0.928,0.888,0.909
0.88,0.932,0.865,0.875,0.896,0.933,0.887,0.881,0.876,0.885,0.921,0.881,0.902,0.875,0.879,0.892,0.918,0.891,0.887,0.882,0.89,0.901,0.896,0.949,0.933,0.926,0.912,0.883,0.889,0.886,0.862,0.902,0.016,0.904,1.0,0.872,0.884,0.907,0.867,0.906,0.87,0.899,0.91,0.883,0.884,0.861,0.905,0.905,0.873,0.888
0.88,0.885,0.889,0.919,0.896,0.892,0.904,0.917,0.902,0.9,0.88,0.924,0.89,0.906,0.919,0.897,0.895,0.899,0.899,0.903,0.905,0.898,0.902,0.874,0.885,0.888,0.89,0.915,0.889,0.888,0.918,0.904,0.019,0.892,0.872,1.0,0.905,0.898,0.928,0.897,0.915,0.889,0.894,0.919,0.919,0.892,0.896,0.896,0.912,0.902
0.889,0.895,0.89,0.886,0.914,0.907,0.993,0.891,0.907,0.878,0.897,0.899,0.907,0.882,0.893,0.981,0.908,0.928,0.926,0.993,0.925,0.926,0.937,0.89,0.902,0.903,0.912,0.879,0.894,0.894,0.898,0.925,0.018,0.916,0.884,0.905,1.0,0.914,0.904,0.908,0.892,0.914,0.913,0.886,0.884,0.889,0.91,0.91,0.885,0.899
0.9,0.922,0.9,0.899,0.941,0.928,0.918,0.905,0.914,0.891,0.928,0.908,0.946,0.893,0.906,0.923,0.924,0.931,0.929,0.911,0.932,0.947,0.941,0.909,0.924,0.922,0.957,0.898,0.903,0.9,0.9,0.946,0.018,0.944,0.907,0.898,0.914,1.0,0.902,0.946,0.9,0.932,0.966,0.905,0.9,0.889,0.943,0.943,0.9,0.909
0.879,0.877,0.88,0.923,0.894,0.886,0.903,0.925,0.893,0.91,0.879,0.927,0.891,0.908,0.929,0.897,0.889,0.898,0.894,0.907,0.906,0.9,0.911,0.866,0.88,0.88,0.882,0.917,0.884,0.881,0.926,0.899,0.018,0.894,0.867,0.928,0.904,0.902,1.0,0.892,0.927,0.893,0.895,0.923,0.923,0.894,0.891,0.891,0.908,0.893
0.898,0.915,0.893,0.897,0.936,0.927,0.912,0.903,0.911,0.891,0.931,0.906,0.943,0.896,0.909,0.915,0.93,0.932,0.931,0.906,0.928,0.94,0.933,0.91,0.921,0.921,0.945,0.895,0.905,0.895,0.892,0.939,0.017,0.937,0.906,0.897,0.908,0.946,0.892,1.0,0.896,0.93,0.945,0.899,0.898,0.89,0.934,0.934,0.893,0.91
0.885,0.891,0.883,0.95,0.896,0.895,0.892,0.936,0.901,0.924,0.881,0.941,0.896,0.935,0.947,0.895,0.896,0.882,0.881,0.886,0.886,0.89,0.888,0.881,0.887,0.883,0.894,0.937,0.895,0.893,0.961,0.89,0.018,0.897,0.87,0.915,0.892,0.9,0.927,0.896,1.0,0.889,0.896,0.94,0.94,0.885,0.895,0.895,0.927,0.904
0.887,0.917,0.888,0.89,0.929,0.927,0.916,0.906,0.91,0.882,0.915,0.903,0.924,0.887,0.897,0.918,0.918,0.931,0.927,0.91,0.919,0.928,0.924,0.906,0.92,0.924,0.922,0.892,0.899,0.887,0.895,0.93,0.018,0.922,0.899,0.889,0.914,0.932,0.893,0.93,0.889,1.0,0.935,0.899,0.893,0.889,0.94,0.94,0.895,0.902
0.899,0.917,0.888,0.896,0.938,0.928,0.916,0.903,0.913,0.889,0.933,0.907,0.941,0.89,0.901,0.92,0.925,0.926,0.921,0.91,0.927,0.939,0.935,0.907,0.917,0.917,0.96,0.892,0.904,0.897,0.896,0.94,0.017,0.945,0.91,0.894,0.913,0.966,0.895,0.945,0.896,0.935,1.0,0.898,0.895,0.881,0.935,0.935,0.891,0.909
0.894,0.904,0.894,0.949,0.896,0.902,0.89,0.976,0.9,0.928,0.888,0.943,0.9,0.936,0.944,0.89,0.905,0.887,0.881,0.883,0.89,0.895,0.891,0.89,0.904,0.902,0.899,0.99,0.903,0.895,0.932,0.898,0.018,0.898,0.883,0.919,0.886,0.905,0.923,0.899,0.94,0.899,0.898,1.0,0.986,0.887,0.892,0.892,0.942,0.914
0.9,0.906,0.893,0.949,0.896,0.9,0.888,0.968,0.896,0.934,0.89,0.946,0.905,0.94,0.946,0.886,0.911,0.883,0.879,0.882,0.889,0.894,0.892,0.893,0.905,0.901,0.898,0.985,0.907,0.899,0.931,0.894,0.017,0.899,0.884,0.919,0.884,0.9,0.923,0.898,0.94,0.893,0.895,0.986,1.0,0.888,0.892,0.892,0.938,0.917
0.877,0.881,0.887,0.881,0.886,0.888,0.885,0.885,0.891,0.867,0.86,0.891,0.875,0.878,0.892,0.882,0.88,0.89,0.891,0.892,0.896,0.89,0.9,0.865,0.881,0.878,0.877,0.882,0.901,0.883,0.888,0.89,0.018,0.882,0.861,0.892,0.889,0.889,0.894,0.89,0.885,0.889,0.881,0.887,0.888,1.0,0.894,0.894,0.881,0.91
0.891,0.92,0.895,0.894,0.935,0.934,0.913,0.895,0.91,0.882,0.913,0.899,0.926,0.886,0.903,0.916,0.927,0.924,0.922,0.908,0.92,0.929,0.925,0.913,0.921,0.922,0.926,0.886,0.902,0.893,0.897,0.927,0.018,0.928,0.905,0.896,0.91,0.943,0.891,0.934,0.895,0.94,0.935,0.892,0.892,0.894,1.0,1.0,0.892,0.911
0.891,0.92,0.895,0.894,0.935,0.934,0.913,0.895,0.91,0.882,0.913,0.899,0.926,0.886,0.903,0.916,0.927,0.924,0.922,0.908,0.92,0.929,0.925,0.913,0.921,0.922,0.926,0.886,0.902,0.893,0.897,0.927,0.018,0.928,0.905,0.896,0.91,0.943,0.891,0.934,0.895,0.94,0.935,0.892,0.892,0.894,1.0,1.0,0.892,0.911
0.895,0.895,0.888,0.932,0.896,0.893,0.888,0.928,0.9,0.919,0.884,0.925,0.899,0.926,0.932,0.89,0.897,0.881,0.874,0.882,0.886,0.882,0.88,0.883,0.894,0.887,0.894,0.937,0.9,0.892,0.92,0.891,0.018,0.888,0.873,0.912,0.885,0.9,0.908,0.893,0.927,0.895,0.891,0.942,0.938,0.881,0.892,0.892,1.0,0.904
0.913,0.908,0.898,0.911,0.908,0.909,0.9,0.913,0.916,0.899,0.903,0.916,0.909,0.903,0.912,0.907,0.912,0.898,0.89,0.895,0.899,0.908,0.903,0.894,0.908,0.906,0.907,0.911,0.961,0.91,0.899,0.908,0.018,0.909,0.888,0.902,0.899,0.909,0.893,0.91,0.904,0.902,0.909,0.914,0.917,0.91,0.911,0.911,0.904,1.0
