GCF_000163235.1_ASM16323v1_genomic.fna,GCF_000164555.1_ASM16455v1_genomic.fna,GCF_000208545.1_ASM20854v2_genomic.fna,GCF_000233875.1_ASM23387v1_genomic.fna,GCF_000249735.1_ASM24973v2_genomic.fna,GCF_000261145.1_Esch_coli_M919_V2_genomic.fna,GCF_000267705.2_ASM26770v2_genomic.fna,GCF_000350665.1_Esch_coli_KTE5_V1_genomic.fna,GCF_000351625.1_Esch_coli_KTE66_V1_genomic.fna,GCF_000352285.1_Esch_coli_KTE46_V1_genomic.fna,GCF_000358895.1_ASM35889v1_genomic.fna,GCF_000456385.1_Esch_coli_HVH_26_4-5703913_V1_genomic.fna,GCF_000458195.1_Esch_coli_HVH_147_4-5893887_V1_genomic.fna,GCF_000459755.1_Esch_coli_KOEGE_58_171a_V1_genomic.fna,GCF_000460055.1_Esch_coli_UMEA_3053-1_V1_genomic.fna,GCF_000462165.2_ASM46216v2_genomic.fna,GCF_000601135.1_ASM60113v1_genomic.fna,GCF_000614595.1_Ec2010EL1058_genomic.fna,GCF_000617745.1_Ec2010C-4529_genomic.fna,GCF_000618265.2_EcF6751_genomic.fna,GCF_000619005.2_Ec2009C-4052_genomic.fna,GCF_000619105.1_Ec2009C-4780_genomic.fna,GCF_000619765.2_Ec2009C-3279_genomic.fna,GCF_000687005.1_ASM68700v1_genomic.fna,GCF_000687025.1_ASM68702v1_genomic.fna,GCF_000700125.1_ASM70012v1_genomic.fna,GCF_000753315.1_FHI35_genomic.fna,GCF_000776375.1_ASM77637v1_genomic.fna,GCF_000779395.1_ASM77939v1_genomic.fna,GCF_000780315.1_ASM78031v1_genomic.fna,GCF_000781995.1_ASM78199v1_genomic.fna,GCF_000986765.1_ASM98676v1_genomic.fna,GCF_001041375.1_ViralProj287958_genomic.fna,GCF_001265335.1_302014_genomic.fna,GCF_001265625.1_100854_genomic.fna,GCF_001267345.1_303289_genomic.fna,GCF_001309985.1_ASM130998v1_genomic.fna,GCF_001521695.1_ASM152169v1_genomic.fna,GCF_001592595.1_ASM159259v1_genomic.fna,GCF_001614975.1_ASM161497v1_genomic.fna,GCF_001692775.1_ASM169277v1_genomic.fna,GCF_001748915.1_ASM174891v1_genomic.fna,GCF_001749235.1_ASM174923v1_genomic.fna,GCF_001881155.1_ASM188115v1_genomic.fna,GCF_001881345.1_ASM188134v1_genomic.fna,GCF_001892405.1_ASM189240v1_genomic.fna,GCF_001892585.1_ASM189258v1_genomic.fna,GCF_001893985.1_ASM189398v1_genomic.fna,GCF_002001595.1_ASM200159v1_genomic.fna,GCF_002002145.1_ASM200214v1_genomic.fna
1.0,0.493,0.409,0.432,0.49,0.488,0.473,0.434,0.597,0.434,0.461,0.453,0.465,0.418,0.421,0.476,0.465,0.475,0.465,0.471,0.461,0.466,0.477,0.48,0.47,0.461,0.46,0.424,0.513,0.586,0.409,0.471,0.0,0.469,0.461,0.443,0.471,0.481,0.43,0.478,0.415,0.468,0.473,0.43,0.446,0.472,0.458,0.46,0.426,0.522
0.493,1.0,0.361,0.411,0.652,0.794,0.539,0.442,0.478,0.431,0.605,0.439,0.608,0.407,0.411,0.545,0.715,0.624,0.589,0.538,0.59,0.617,0.612,0.806,0.82,0.709,0.627,0.432,0.453,0.477,0.408,0.628,0.0,0.619,0.767,0.429,0.538,0.643,0.411,0.625,0.409,0.681,0.63,0.45,0.455,0.424,0.696,0.697,0.437,0.466
0.409,0.361,1.0,0.31,0.364,0.357,0.345,0.343,0.382,0.338,0.349,0.335,0.352,0.322,0.324,0.351,0.356,0.351,0.354,0.344,0.352,0.351,0.354,0.347,0.357,0.343,0.351,0.336,0.363,0.381,0.317,0.357,0.0,0.351,0.328,0.341,0.345,0.357,0.342,0.365,0.327,0.351,0.358,0.349,0.346,0.338,0.356,0.356,0.341,0.378
0.432,0.411,0.31,1.0,0.397,0.398,0.394,0.686,0.421,0.726,0.401,0.715,0.423,0.766,0.759,0.391,0.393,0.391,0.394,0.391,0.38,0.411,0.414,0.416,0.402,0.4,0.414,0.742,0.439,0.393,0.712,0.4,0.0,0.401,0.4,0.608,0.393,0.414,0.651,0.42,0.732,0.38,0.414,0.717,0.714,0.4,0.391,0.391,0.663,0.441
0.49,0.652,0.364,0.397,1.0,0.65,0.523,0.433,0.484,0.416,0.766,0.417,0.697,0.406,0.409,0.53,0.634,0.664,0.656,0.52,0.675,0.68,0.667,0.638,0.641,0.63,0.688,0.414,0.457,0.474,0.402,0.666,0.0,0.68,0.618,0.419,0.521,0.7,0.412,0.706,0.404,0.64,0.707,0.418,0.426,0.407,0.646,0.646,0.428,0.466
0.488,0.794,0.357,0.398,0.65,1.0,0.563,0.442,0.484,0.412,0.604,0.419,0.613,0.398,0.4,0.562,0.689,0.647,0.612,0.558,0.605,0.631,0.64,0.792,0.805,0.689,0.616,0.417,0.453,0.475,0.391,0.617,0.0,0.638,0.768,0.43,0.559,0.632,0.442,0.612,0.401,0.702,0.621,0.426,0.424,0.416,0.703,0.704,0.429,0.471
0.473,0.539,0.345,0.394,0.523,0.563,1.0,0.406,0.468,0.395,0.509,0.402,0.519,0.396,0.389,0.959,0.52,0.565,0.551,0.986,0.571,0.554,0.577,0.541,0.541,0.517,0.533,0.399,0.423,0.465,0.387,0.554,0.0,0.538,0.517,0.427,0.987,0.535,0.425,0.54,0.391,0.53,0.541,0.404,0.408,0.413,0.518,0.518,0.402,0.445
0.434,0.442,0.343,0.686,0.433,0.442,0.406,1.0,0.439,0.692,0.401,0.692,0.427,0.688,0.679,0.41,0.415,0.409,0.409,0.405,0.397,0.429,0.422,0.443,0.431,0.417,0.422,0.888,0.47,0.417,0.682,0.409,0.0,0.417,0.402,0.595,0.405,0.45,0.651,0.435,0.692,0.406,0.439,0.897,0.887,0.417,0.41,0.411,0.655,0.461
0.597,0.478,0.382,0.421,0.484,0.484,0.468,0.439,1.0,0.436,0.464,0.421,0.476,0.435,0.425,0.47,0.464,0.474,0.466,0.466,0.457,0.483,0.479,0.485,0.478,0.45,0.482,0.431,0.504,0.601,0.423,0.464,0.0,0.476,0.458,0.433,0.468,0.475,0.435,0.48,0.42,0.467,0.48,0.433,0.433,0.448,0.47,0.47,0.432,0.536
0.434,0.431,0.338,0.726,0.416,0.412,0.395,0.692,0.436,1.0,0.437,0.695,0.427,0.73,0.724,0.403,0.405,0.397,0.395,0.395,0.388,0.414,0.404,0.426,0.414,0.413,0.426,0.727,0.453,0.421,0.73,0.394,0.0,0.402,0.422,0.623,0.395,0.418,0.663,0.43,0.74,0.389,0.416,0.704,0.713,0.414,0.399,0.399,0.667,0.447
0.461,0.605,0.349,0.401,0.766,0.604,0.509,0.401,0.464,0.437,1.0,0.406,0.716,0.408,0.409,0.515,0.602,0.655,0.647,0.508,0.651,0.677,0.658,0.614,0.603,0.608,0.698,0.413,0.444,0.457,0.391,0.636,0.0,0.662,0.627,0.414,0.508,0.672,0.408,0.702,0.397,0.607,0.685,0.402,0.405,0.389,0.6,0.599,0.411,0.454
0.453,0.439,0.335,0.715,0.417,0.419,0.402,0.692,0.421,0.695,0.406,1.0,0.428,0.712,0.844,0.407,0.418,0.401,0.413,0.398,0.402,0.424,0.424,0.441,0.421,0.418,0.425,0.717,0.471,0.412,0.685,0.411,0.0,0.409,0.411,0.6,0.403,0.432,0.644,0.429,0.712,0.393,0.422,0.704,0.71,0.414,0.404,0.406,0.645,0.461
0.465,0.608,0.352,0.423,0.697,0.613,0.519,0.427,0.476,0.427,0.716,0.428,1.0,0.418,0.426,0.52,0.598,0.694,0.709,0.517,0.696,0.767,0.751,0.626,0.594,0.614,0.773,0.433,0.464,0.476,0.401,0.685,0.0,0.748,0.634,0.412,0.517,0.729,0.406,0.759,0.405,0.609,0.74,0.421,0.417,0.397,0.61,0.61,0.422,0.475
0.418,0.407,0.322,0.766,0.406,0.398,0.396,0.688,0.435,0.73,0.408,0.712,0.418,1.0,0.761,0.398,0.391,0.386,0.401,0.393,0.378,0.416,0.408,0.408,0.398,0.401,0.417,0.745,0.462,0.402,0.711,0.401,0.0,0.397,0.394,0.615,0.395,0.418,0.661,0.415,0.728,0.375,0.413,0.719,0.713,0.408,0.381,0.383,0.68,0.465
0.421,0.411,0.324,0.759,0.409,0.4,0.389,0.679,0.425,0.724,0.409,0.844,0.426,0.761,1.0,0.393,0.399,0.391,0.398,0.388,0.376,0.407,0.405,0.411,0.398,0.397,0.418,0.726,0.459,0.401,0.719,0.395,0.0,0.396,0.406,0.601,0.39,0.417,0.652,0.415,0.739,0.374,0.408,0.701,0.697,0.413,0.393,0.395,0.656,0.462
0.476,0.545,0.351,0.391,0.53,0.562,0.959,0.41,0.47,0.403,0.515,0.407,0.52,0.398,0.393,1.0,0.527,0.558,0.547,0.961,0.561,0.552,0.57,0.543,0.547,0.521,0.536,0.401,0.426,0.471,0.389,0.552,0.0,0.531,0.515,0.433,0.963,0.538,0.427,0.54,0.396,0.533,0.539,0.407,0.413,0.413,0.522,0.522,0.413,0.446
0.465,0.715,0.356,0.393,0.634,0.689,0.52,0.415,0.464,0.405,0.602,0.418,0.598,0.391,0.399,0.527,1.0,0.605,0.582,0.515,0.587,0.623,0.62,0.723,0.719,0.728,0.601,0.408,0.429,0.451,0.389,0.639,0.0,0.62,0.67,0.424,0.518,0.603,0.403,0.613,0.395,0.67,0.619,0.417,0.425,0.395,0.688,0.687,0.413,0.449
0.475,0.624,0.351,0.391,0.664,0.647,0.565,0.409,0.474,0.397,0.655,0.401,0.694,0.386,0.391,0.558,0.605,1.0,0.74,0.557,0.718,0.733,0.737,0.624,0.608,0.594,0.697,0.403,0.432,0.465,0.376,0.676,0.0,0.699,0.594,0.434,0.56,0.669,0.423,0.686,0.375,0.622,0.694,0.411,0.41,0.392,0.617,0.617,0.398,0.448
0.465,0.589,0.354,0.394,0.656,0.612,0.551,0.409,0.466,0.395,0.647,0.413,0.709,0.401,0.398,0.547,0.582,0.74,1.0,0.547,0.724,0.744,0.746,0.6,0.577,0.575,0.704,0.403,0.428,0.466,0.382,0.689,0.0,0.706,0.58,0.438,0.547,0.676,0.431,0.697,0.385,0.599,0.697,0.404,0.405,0.394,0.59,0.59,0.399,0.455
0.471,0.538,0.344,0.391,0.52,0.558,0.986,0.405,0.466,0.395,0.508,0.398,0.517,0.393,0.388,0.961,0.515,0.557,0.547,1.0,0.565,0.548,0.57,0.537,0.542,0.514,0.532,0.397,0.422,0.464,0.387,0.55,0.0,0.533,0.514,0.426,0.988,0.53,0.419,0.538,0.391,0.527,0.536,0.402,0.406,0.411,0.515,0.515,0.4,0.442
0.461,0.59,0.352,0.38,0.675,0.605,0.571,0.397,0.457,0.388,0.651,0.402,0.696,0.378,0.376,0.561,0.587,0.718,0.724,0.565,1.0,0.741,0.76,0.588,0.587,0.591,0.702,0.391,0.42,0.47,0.369,0.691,0.0,0.715,0.57,0.416,0.566,0.677,0.407,0.704,0.385,0.592,0.692,0.395,0.399,0.399,0.597,0.597,0.393,0.444
0.466,0.617,0.351,0.411,0.68,0.631,0.554,0.429,0.483,0.414,0.677,0.424,0.767,0.416,0.407,0.552,0.623,0.733,0.744,0.548,0.741,1.0,0.919,0.621,0.614,0.603,0.75,0.425,0.452,0.475,0.393,0.708,0.0,0.858,0.594,0.429,0.55,0.721,0.419,0.744,0.399,0.611,0.743,0.427,0.426,0.403,0.61,0.61,0.42,0.472
0.477,0.612,0.354,0.414,0.667,0.64,0.577,0.422,0.479,0.404,0.658,0.424,0.751,0.408,0.405,0.57,0.62,0.737,0.746,0.57,0.76,0.919,1.0,0.617,0.609,0.593,0.738,0.418,0.449,0.483,0.389,0.721,0.0,0.853,0.581,0.428,0.571,0.7,0.432,0.719,0.396,0.617,0.72,0.421,0.422,0.404,0.599,0.599,0.41,0.466
0.48,0.806,0.347,0.416,0.638,0.792,0.541,0.443,0.485,0.426,0.614,0.441,0.626,0.408,0.411,0.543,0.723,0.624,0.6,0.537,0.588,0.621,0.617,1.0,0.817,0.727,0.624,0.434,0.463,0.467,0.41,0.62,0.0,0.615,0.794,0.427,0.537,0.623,0.399,0.631,0.418,0.683,0.621,0.431,0.436,0.4,0.685,0.684,0.424,0.462
0.47,0.82,0.357,0.402,0.641,0.805,0.541,0.431,0.478,0.414,0.603,0.421,0.594,0.398,0.398,0.547,0.719,0.608,0.577,0.542,0.587,0.614,0.609,0.817,1.0,0.72,0.614,0.413,0.445,0.459,0.392,0.611,0.0,0.603,0.777,0.418,0.542,0.626,0.408,0.606,0.404,0.69,0.617,0.43,0.425,0.397,0.695,0.694,0.429,0.451
0.461,0.709,0.343,0.4,0.63,0.689,0.517,0.417,0.45,0.413,0.608,0.418,0.614,0.401,0.397,0.521,0.728,0.594,0.575,0.514,0.591,0.603,0.593,0.727,0.72,1.0,0.613,0.415,0.44,0.445,0.396,0.587,0.0,0.596,0.688,0.416,0.513,0.612,0.389,0.625,0.403,0.667,0.607,0.423,0.416,0.391,0.693,0.691,0.429,0.446
0.46,0.627,0.351,0.414,0.688,0.616,0.533,0.422,0.482,0.426,0.698,0.425,0.773,0.417,0.418,0.536,0.601,0.697,0.704,0.532,0.702,0.75,0.738,0.624,0.614,0.613,1.0,0.43,0.46,0.479,0.406,0.722,0.0,0.729,0.614,0.419,0.532,0.815,0.406,0.771,0.408,0.61,0.832,0.429,0.422,0.408,0.61,0.609,0.418,0.471
0.424,0.432,0.336,0.742,0.414,0.417,0.399,0.888,0.431,0.727,0.413,0.717,0.433,0.745,0.726,0.401,0.408,0.403,0.403,0.397,0.391,0.425,0.418,0.434,0.413,0.415,0.43,1.0,0.467,0.408,0.716,0.417,0.0,0.409,0.406,0.604,0.398,0.44,0.657,0.436,0.733,0.393,0.428,0.951,0.93,0.419,0.406,0.407,0.676,0.46
0.513,0.453,0.363,0.439,0.457,0.453,0.423,0.47,0.504,0.453,0.444,0.471,0.464,0.462,0.459,0.426,0.429,0.432,0.428,0.422,0.42,0.452,0.449,0.463,0.445,0.44,0.46,0.467,1.0,0.465,0.445,0.44,0.0,0.457,0.437,0.46,0.424,0.467,0.44,0.458,0.451,0.427,0.46,0.464,0.465,0.538,0.417,0.419,0.449,0.815
0.586,0.477,0.381,0.393,0.474,0.475,0.465,0.417,0.601,0.421,0.457,0.412,0.476,0.402,0.401,0.471,0.451,0.465,0.466,0.464,0.47,0.475,0.483,0.467,0.459,0.445,0.479,0.408,0.465,1.0,0.403,0.469,0.0,0.466,0.445,0.415,0.464,0.475,0.41,0.492,0.41,0.468,0.482,0.413,0.41,0.464,0.467,0.467,0.412,0.502
0.409,0.408,0.317,0.712,0.402,0.391,0.387,0.682,0.423,0.73,0.391,0.685,0.401,0.711,0.719,0.389,0.389,0.376,0.382,0.387,0.369,0.393,0.389,0.41,0.392,0.396,0.406,0.716,0.445,0.403,1.0,0.385,0.0,0.389,0.386,0.602,0.387,0.41,0.642,0.409,0.888,0.376,0.402,0.694,0.689,0.407,0.383,0.382,0.656,0.431
0.471,0.628,0.357,0.4,0.666,0.617,0.554,0.409,0.464,0.394,0.636,0.411,0.685,0.401,0.395,0.552,0.639,0.676,0.689,0.55,0.691,0.708,0.721,0.62,0.611,0.587,0.722,0.417,0.44,0.469,0.385,1.0,0.0,0.695,0.575,0.409,0.552,0.726,0.42,0.722,0.387,0.618,0.74,0.422,0.419,0.396,0.623,0.623,0.4,0.449
0.0,0.0,0.0,0.0,0.0,0.0,0.0,0.0,0.0,0.0,0.0,0.0,0.0,0.0,0.0,0.0,0.0,0.0,0.0,0.0,0.0,0.0,0.0,0.0,0.0,0.0,0.0,0.0,0.0,0.0,0.0,0.0,1.0,0.0,0.0,0.0,0.0,0.0,0.0,0.0,0.0,0.0,0.0,0.0,0.0,0.0,0.0,0.0,0.0,0.0
0.469,0.619,0.351,0.401,0.68,0.638,0.538,0.417,0.476,0.402,0.662,0.409,0.748,0.397,0.396,0.531,0.62,0.699,0.706,0.533,0.715,0.858,0.853,0.615,0.603,0.596,0.729,0.409,0.457,0.466,0.389,0.695,0.0,1.0,0.59,0.436,0.534,0.71,0.429,0.722,0.387,0.609,0.737,0.411,0.417,0.399,0.613,0.613,0.403,0.471
0.461,0.767,0.328,0.4,0.618,0.768,0.517,0.402,0.458,0.422,0.627,0.411,0.634,0.394,0.406,0.515,0.67,0.594,0.58,0.514,0.57,0.594,0.581,0.794,0.777,0.688,0.614,0.406,0.437,0.445,0.386,0.575,0.0,0.59,1.0,0.391,0.513,0.599,0.379,0.615,0.393,0.666,0.601,0.398,0.402,0.383,0.66,0.659,0.398,0.439
0.443,0.429,0.341,0.608,0.419,0.43,0.427,0.595,0.433,0.623,0.414,0.6,0.412,0.615,0.601,0.433,0.424,0.434,0.438,0.426,0.416,0.429,0.428,0.427,0.418,0.416,0.419,0.604,0.46,0.415,0.602,0.409,0.0,0.436,0.391,1.0,0.426,0.419,0.642,0.429,0.612,0.404,0.422,0.615,0.614,0.417,0.41,0.411,0.61,0.463
0.471,0.538,0.345,0.393,0.521,0.559,0.987,0.405,0.468,0.395,0.508,0.403,0.517,0.395,0.39,0.963,0.518,0.56,0.547,0.988,0.566,0.55,0.571,0.537,0.542,0.513,0.532,0.398,0.424,0.464,0.387,0.552,0.0,0.534,0.513,0.426,1.0,0.533,0.422,0.539,0.391,0.528,0.538,0.402,0.406,0.411,0.514,0.515,0.403,0.445
0.481,0.643,0.357,0.414,0.7,0.632,0.535,0.45,0.475,0.418,0.672,0.432,0.729,0.418,0.417,0.538,0.603,0.669,0.676,0.53,0.677,0.721,0.7,0.623,0.626,0.612,0.815,0.44,0.467,0.475,0.41,0.726,0.0,0.71,0.599,0.419,0.533,1.0,0.422,0.754,0.416,0.625,0.858,0.442,0.43,0.409,0.639,0.639,0.429,0.473
0.43,0.411,0.342,0.651,0.412,0.442,0.425,0.651,0.435,0.663,0.408,0.644,0.406,0.661,0.652,0.427,0.403,0.423,0.431,0.419,0.407,0.419,0.432,0.399,0.408,0.389,0.406,0.657,0.44,0.41,0.642,0.42,0.0,0.429,0.379,0.642,0.422,0.422,1.0,0.411,0.652,0.404,0.426,0.665,0.67,0.408,0.407,0.407,0.631,0.451
0.478,0.625,0.365,0.42,0.706,0.612,0.54,0.435,0.48,0.43,0.702,0.429,0.759,0.415,0.415,0.54,0.613,0.686,0.697,0.538,0.704,0.744,0.719,0.631,0.606,0.625,0.771,0.436,0.458,0.492,0.409,0.722,0.0,0.722,0.615,0.429,0.539,0.754,0.411,1.0,0.41,0.619,0.767,0.426,0.429,0.404,0.636,0.636,0.422,0.474
0.415,0.409,0.327,0.732,0.404,0.401,0.391,0.692,0.42,0.74,0.397,0.712,0.405,0.728,0.739,0.396,0.395,0.375,0.385,0.391,0.385,0.399,0.396,0.418,0.404,0.403,0.408,0.733,0.451,0.41,0.888,0.387,0.0,0.387,0.393,0.612,0.391,0.416,0.652,0.41,1.0,0.386,0.401,0.71,0.707,0.409,0.386,0.386,0.672,0.439
0.468,0.681,0.351,0.38,0.64,0.702,0.53,0.406,0.467,0.389,0.607,0.393,0.609,0.375,0.374,0.533,0.67,0.622,0.599,0.527,0.592,0.611,0.617,0.683,0.69,0.667,0.61,0.393,0.427,0.468,0.376,0.618,0.0,0.609,0.666,0.404,0.528,0.625,0.404,0.619,0.386,1.0,0.646,0.401,0.398,0.389,0.708,0.708,0.404,0.446
0.473,0.63,0.358,0.414,0.707,0.621,0.541,0.439,0.48,0.416,0.685,0.422,0.74,0.413,0.408,0.539,0.619,0.694,0.697,0.536,0.692,0.743,0.72,0.621,0.617,0.607,0.832,0.428,0.46,0.482,0.402,0.74,0.0,0.737,0.601,0.422,0.538,0.858,0.426,0.767,0.401,0.646,1.0,0.432,0.428,0.405,0.626,0.626,0.419,0.468
0.43,0.45,0.349,0.717,0.418,0.426,0.404,0.897,0.433,0.704,0.402,0.704,0.421,0.719,0.701,0.407,0.417,0.411,0.404,0.402,0.395,0.427,0.421,0.431,0.43,0.423,0.429,0.951,0.464,0.413,0.694,0.422,0.0,0.411,0.398,0.615,0.402,0.442,0.665,0.426,0.71,0.401,0.432,1.0,0.959,0.419,0.41,0.411,0.68,0.461
0.446,0.455,0.346,0.714,0.426,0.424,0.408,0.887,0.433,0.713,0.405,0.71,0.417,0.713,0.697,0.413,0.425,0.41,0.405,0.406,0.399,0.426,0.422,0.436,0.425,0.416,0.422,0.93,0.465,0.41,0.689,0.419,0.0,0.417,0.402,0.614,0.406,0.43,0.67,0.429,0.707,0.398,0.428,0.959,1.0,0.422,0.41,0.412,0.671,0.459
0.472,0.424,0.338,0.4,0.407,0.416,0.413,0.417,0.448,0.414,0.389,0.414,0.397,0.408,0.413,0.413,0.395,0.392,0.394,0.411,0.399,0.403,0.404,0.4,0.397,0.391,0.408,0.419,0.538,0.464,0.407,0.396,0.0,0.399,0.383,0.417,0.411,0.409,0.408,0.404,0.409,0.389,0.405,0.419,0.422,1.0,0.412,0.413,0.4,0.6
0.458,0.696,0.356,0.391,0.646,0.703,0.518,0.41,0.47,0.399,0.6,0.404,0.61,0.381,0.393,0.522,0.688,0.617,0.59,0.515,0.597,0.61,0.599,0.685,0.695,0.693,0.61,0.406,0.417,0.467,0.383,0.623,0.0,0.613,0.66,0.41,0.514,0.639,0.407,0.636,0.386,0.708,0.626,0.41,0.41,0.412,1.0,0.996,0.404,0.443
0.46,0.697,0.356,0.391,0.646,0.704,0.518,0.411,0.47,0.399,0.599,0.406,0.61,0.383,0.395,0.522,0.687,0.617,0.59,0.515,0.597,0.61,0.599,0.684,0.694,0.691,0.609,0.407,0.419,0.467,0.382,0.623,0.0,0.613,0.659,0.411,0.515,0.639,0.407,0.636,0.386,0.708,0.626,0.411,0.412,0.413,0.996,1.0,0.406,0.444
0.426,0.437,0.341,0.663,0.428,0.429,0.402,0.655,0.432,0.667,0.411,0.645,0.422,0.68,0.656,0.413,0.413,0.398,0.399,0.4,0.393,0.42,0.41,0.424,0.429,0.429,0.418,0.676,0.449,0.412,0.656,0.4,0.0,0.403,0.398,0.61,0.403,0.429,0.631,0.422,0.672,0.404,0.419,0.68,0.671,0.4,0.404,0.406,1.0,0.445
0.522,0.466,0.378,0.441,0.466,0.471,0.445,0.461,0.536,0.447,0.454,0.461,0.475,0.465,0.462,0.446,0.449,0.448,0.455,0.442,0.444,0.472,0.466,0.462,0.451,0.446,0.471,0.46,0.815,0.502,0.431,0.449,0.0,0.471,0.439,0.463,0.445,0.473,0.451,0.474,0.439,0.446,0.468,0.461,0.459,0.6,0.443,0.444,0.445,1.0
