GCF_000163235.1_ASM16323v1_genomic.fna,GCF_000164555.1_ASM16455v1_genomic.fna,GCF_000208545.1_ASM20854v2_genomic.fna,GCF_000233875.1_ASM23387v1_genomic.fna,GCF_000249735.1_ASM24973v2_genomic.fna,GCF_000261145.1_Esch_coli_M919_V2_genomic.fna,GCF_000267705.2_ASM26770v2_genomic.fna,GCF_000350665.1_Esch_coli_KTE5_V1_genomic.fna,GCF_000351625.1_Esch_coli_KTE66_V1_genomic.fna,GCF_000352285.1_Esch_coli_KTE46_V1_genomic.fna,GCF_000358895.1_ASM35889v1_genomic.fna,GCF_000456385.1_Esch_coli_HVH_26_4-5703913_V1_genomic.fna,GCF_000458195.1_Esch_coli_HVH_147_4-5893887_V1_genomic.fna,GCF_000459755.1_Esch_coli_KOEGE_58_171a_V1_genomic.fna,GCF_000460055.1_Esch_coli_UMEA_3053-1_V1_genomic.fna,GCF_000462165.2_ASM46216v2_genomic.fna,GCF_000601135.1_ASM60113v1_genomic.fna,GCF_000614595.1_Ec2010EL1058_genomic.fna,GCF_000617745.1_Ec2010C-4529_genomic.fna,GCF_000618265.2_EcF6751_genomic.fna,GCF_000619005.2_Ec2009C-4052_genomic.fna,GCF_000619105.1_Ec2009C-4780_genomic.fna,GCF_000619765.2_Ec2009C-3279_genomic.fna,GCF_000687005.1_ASM68700v1_genomic.fna,GCF_000687025.1_ASM68702v1_genomic.fna,GCF_000700125.1_ASM70012v1_genomic.fna,GCF_000753315.1_FHI35_genomic.fna,GCF_000776375.1_ASM77637v1_genomic.fna,GCF_000779395.1_ASM77939v1_genomic.fna,GCF_000780315.1_ASM78031v1_genomic.fna,GCF_000781995.1_ASM78199v1_genomic.fna,GCF_000986765.1_ASM98676v1_genomic.fna,GCF_001041375.1_ViralProj287958_genomic.fna,GCF_001265335.1_302014_genomic.fna,GCF_001265625.1_100854_genomic.fna,GCF_001267345.1_303289_genomic.fna,GCF_001309985.1_ASM130998v1_genomic.fna,GCF_001521695.1_ASM152169v1_genomic.fna,GCF_001592595.1_ASM159259v1_genomic.fna,GCF_001614975.1_ASM161497v1_genomic.fna,GCF_001692775.1_ASM169277v1_genomic.fna,GCF_001748915.1_ASM174891v1_genomic.fna,GCF_001749235.1_ASM174923v1_genomic.fna,GCF_001881155.1_ASM188115v1_genomic.fna,GCF_001881345.1_ASM188134v1_genomic.fna,GCF_001892405.1_ASM189240v1_genomic.fna,GCF_001892585.1_ASM189258v1_genomic.fna,GCF_001893985.1_ASM189398v1_genomic.fna,GCF_002001595.1_ASM200159v1_genomic.fna,GCF_002002145.1_ASM200214v1_genomic.fna
1.0,0.888,0.872,0.882,0.91,0.887,0.885,0.887,0.915,0.891,0.879,0.886,0.891,0.873,0.872,0.884,0.884,0.894,0.886,0.882,0.888,0.896,0.893,0.885,0.893,0.892,0.895,0.877,0.905,0.916,0.868,0.881,0.016,0.885,0.865,0.876,0.883,0.892,0.882,0.894,0.875,0.897,0.894,0.873,0.875,0.866,0.883,0.883,0.885,0.895
0.888,1.0,0.874,0.865,0.899,0.93,0.891,0.874,0.878,0.863,0.871,0.881,0.886,0.869,0.865,0.892,0.924,0.894,0.897,0.89,0.894,0.892,0.902,0.918,0.94,0.904,0.897,0.877,0.882,0.874,0.882,0.904,0.015,0.903,0.897,0.87,0.891,0.916,0.881,0.903,0.878,0.915,0.908,0.88,0.885,0.865,0.922,0.921,0.871,0.877
0.872,0.874,1.0,0.847,0.861,0.867,0.874,0.858,0.865,0.851,0.841,0.865,0.855,0.857,0.856,0.868,0.873,0.858,0.858,0.875,0.872,0.857,0.868,0.848,0.862,0.856,0.872,0.859,0.866,0.864,0.868,0.872,0.016,0.875,0.831,0.861,0.875,0.877,0.862,0.877,0.869,0.872,0.88,0.864,0.866,0.859,0.877,0.876,0.863,0.869
0.882,0.865,0.847,1.0,0.871,0.876,0.861,0.924,0.877,0.936,0.868,0.922,0.874,0.94,0.939,0.861,0.865,0.876,0.862,0.858,0.869,0.873,0.873,0.881,0.873,0.879,0.866,0.934,0.883,0.886,0.912,0.855,0.019,0.864,0.859,0.899,0.86,0.865,0.906,0.863,0.929,0.876,0.862,0.927,0.921,0.852,0.864,0.864,0.919,0.882
0.91,0.899,0.861,0.871,1.0,0.909,0.89,0.88,0.888,0.877,0.914,0.877,0.914,0.866,0.873,0.893,0.903,0.911,0.923,0.886,0.917,0.918,0.909,0.898,0.908,0.904,0.925,0.873,0.89,0.889,0.862,0.908,0.017,0.906,0.88,0.866,0.887,0.918,0.863,0.921,0.877,0.905,0.919,0.869,0.871,0.854,0.896,0.897,0.879,0.879
0.887,0.93,0.867,0.876,0.909,1.0,0.9,0.879,0.877,0.865,0.877,0.887,0.891,0.873,0.878,0.899,0.925,0.897,0.905,0.895,0.907,0.901,0.913,0.919,0.931,0.907,0.901,0.886,0.886,0.879,0.879,0.9,0.017,0.91,0.903,0.883,0.897,0.915,0.887,0.904,0.891,0.924,0.907,0.885,0.883,0.866,0.922,0.923,0.876,0.892
0.885,0.891,0.874,0.861,0.89,0.9,1.0,0.872,0.888,0.859,0.859,0.877,0.877,0.87,0.867,0.983,0.896,0.9,0.901,0.99,0.909,0.895,0.912,0.877,0.884,0.88,0.894,0.877,0.878,0.887,0.88,0.897,0.017,0.908,0.855,0.881,0.995,0.897,0.883,0.884,0.879,0.896,0.898,0.876,0.881,0.867,0.895,0.895,0.87,0.889
0.887,0.874,0.858,0.924,0.88,0.879,0.872,1.0,0.884,0.927,0.858,0.924,0.859,0.935,0.918,0.871,0.876,0.874,0.876,0.87,0.874,0.88,0.886,0.862,0.868,0.87,0.875,0.967,0.892,0.879,0.919,0.866,0.017,0.878,0.842,0.902,0.871,0.884,0.921,0.879,0.93,0.885,0.871,0.961,0.951,0.866,0.874,0.874,0.927,0.89
0.915,0.878,0.865,0.877,0.888,0.877,0.888,0.884,1.0,0.882,0.867,0.88,0.882,0.868,0.881,0.887,0.873,0.895,0.884,0.884,0.886,0.89,0.89,0.878,0.892,0.88,0.895,0.88,0.896,0.918,0.867,0.873,0.016,0.883,0.865,0.879,0.887,0.882,0.88,0.89,0.873,0.892,0.888,0.875,0.871,0.86,0.878,0.878,0.884,0.891
0.891,0.863,0.851,0.936,0.877,0.865,0.859,0.927,0.882,1.0,0.867,0.919,0.873,0.919,0.919,0.86,0.857,0.865,0.86,0.855,0.861,0.873,0.871,0.873,0.863,0.875,0.866,0.918,0.884,0.88,0.916,0.851,0.018,0.863,0.849,0.901,0.856,0.863,0.909,0.868,0.924,0.877,0.86,0.916,0.916,0.85,0.857,0.857,0.924,0.876
0.879,0.871,0.841,0.868,0.914,0.877,0.859,0.858,0.867,0.867,1.0,0.851,0.914,0.843,0.854,0.864,0.879,0.891,0.894,0.857,0.895,0.901,0.893,0.906,0.886,0.887,0.899,0.849,0.858,0.862,0.847,0.879,0.017,0.889,0.903,0.848,0.856,0.888,0.848,0.902,0.853,0.88,0.898,0.846,0.845,0.826,0.866,0.867,0.857,0.849
0.886,0.881,0.865,0.922,0.877,0.887,0.877,0.924,0.88,0.919,0.851,1.0,0.859,0.931,0.941,0.88,0.872,0.869,0.863,0.874,0.876,0.871,0.884,0.86,0.87,0.869,0.872,0.935,0.882,0.876,0.913,0.874,0.018,0.881,0.837,0.905,0.877,0.88,0.926,0.877,0.935,0.875,0.876,0.929,0.928,0.871,0.875,0.875,0.918,0.891
0.891,0.886,0.855,0.874,0.914,0.891,0.877,0.859,0.882,0.873,0.914,0.859,1.0,0.85,0.858,0.876,0.884,0.915,0.922,0.872,0.917,0.931,0.921,0.918,0.897,0.898,0.925,0.849,0.874,0.884,0.849,0.897,0.016,0.919,0.894,0.851,0.874,0.91,0.855,0.927,0.857,0.897,0.918,0.846,0.847,0.833,0.884,0.885,0.861,0.863
0.873,0.869,0.857,0.94,0.866,0.873,0.87,0.935,0.868,0.919,0.843,0.931,0.85,1.0,0.937,0.869,0.866,0.865,0.859,0.864,0.867,0.87,0.88,0.852,0.862,0.863,0.868,0.939,0.88,0.876,0.918,0.858,0.019,0.871,0.835,0.899,0.869,0.866,0.916,0.867,0.936,0.872,0.863,0.933,0.928,0.86,0.867,0.867,0.921,0.886
0.872,0.865,0.856,0.939,0.873,0.878,0.867,0.918,0.881,0.919,0.854,0.941,0.858,0.937,1.0,0.868,0.865,0.876,0.864,0.866,0.869,0.875,0.875,0.865,0.869,0.869,0.868,0.922,0.886,0.879,0.906,0.853,0.02,0.87,0.843,0.899,0.868,0.869,0.911,0.866,0.921,0.87,0.863,0.916,0.911,0.86,0.865,0.865,0.917,0.887
0.884,0.892,0.868,0.861,0.893,0.899,0.983,0.871,0.887,0.86,0.864,0.88,0.876,0.869,0.868,1.0,0.891,0.899,0.904,0.978,0.902,0.899,0.909,0.879,0.883,0.88,0.898,0.875,0.877,0.888,0.873,0.891,0.017,0.902,0.86,0.881,0.981,0.902,0.883,0.889,0.879,0.897,0.904,0.871,0.873,0.863,0.892,0.893,0.872,0.888
0.884,0.924,0.873,0.865,0.903,0.925,0.896,0.876,0.873,0.857,0.879,0.872,0.884,0.866,0.865,0.891,1.0,0.894,0.898,0.895,0.905,0.895,0.907,0.909,0.921,0.923,0.898,0.877,0.873,0.871,0.874,0.914,0.016,0.914,0.883,0.879,0.894,0.905,0.88,0.905,0.875,0.91,0.911,0.88,0.881,0.855,0.922,0.923,0.873,0.88
0.894,0.894,0.858,0.876,0.911,0.897,0.9,0.874,0.895,0.865,0.891,0.869,0.915,0.865,0.876,0.899,0.894,1.0,0.936,0.898,0.921,0.939,0.932,0.894,0.91,0.898,0.92,0.873,0.883,0.886,0.856,0.898,0.016,0.918,0.879,0.868,0.899,0.902,0.871,0.912,0.864,0.905,0.914,0.867,0.864,0.852,0.897,0.898,0.871,0.882
0.886,0.897,0.858,0.862,0.923,0.905,0.901,0.876,0.884,0.86,0.894,0.863,0.922,0.859,0.864,0.904,0.898,0.936,1.0,0.899,0.933,0.938,0.932,0.896,0.905,0.895,0.932,0.869,0.875,0.881,0.857,0.91,0.016,0.915,0.883,0.869,0.899,0.916,0.869,0.925,0.872,0.905,0.926,0.865,0.866,0.857,0.894,0.895,0.87,0.877
0.882,0.89,0.875,0.858,0.886,0.895,0.99,0.87,0.884,0.855,0.857,0.874,0.872,0.864,0.866,0.978,0.895,0.898,0.899,1.0,0.906,0.893,0.91,0.875,0.884,0.877,0.891,0.874,0.877,0.882,0.881,0.9,0.017,0.906,0.852,0.878,0.994,0.9,0.879,0.882,0.874,0.894,0.898,0.872,0.878,0.869,0.895,0.895,0.867,0.886
0.888,0.894,0.872,0.869,0.917,0.907,0.909,0.874,0.886,0.861,0.895,0.876,0.917,0.867,0.869,0.902,0.905,0.921,0.933,0.906,1.0,0.929,0.941,0.891,0.895,0.892,0.929,0.876,0.871,0.884,0.869,0.919,0.015,0.925,0.872,0.88,0.907,0.923,0.872,0.931,0.875,0.903,0.924,0.871,0.871,0.859,0.894,0.895,0.87,0.881
0.896,0.892,0.857,0.873,0.918,0.901,0.895,0.88,0.89,0.873,0.901,0.871,0.931,0.87,0.875,0.899,0.895,0.939,0.938,0.893,0.929,1.0,0.967,0.899,0.907,0.893,0.932,0.87,0.883,0.885,0.862,0.906,0.018,0.946,0.883,0.867,0.893,0.916,0.87,0.927,0.869,0.903,0.925,0.866,0.865,0.855,0.894,0.895,0.881,0.877
0.893,0.902,0.868,0.873,0.909,0.913,0.912,0.886,0.89,0.871,0.893,0.884,0.921,0.88,0.875,0.909,0.907,0.932,0.932,0.91,0.941,0.967,1.0,0.9,0.901,0.893,0.929,0.882,0.879,0.885,0.876,0.915,0.016,0.954,0.88,0.874,0.91,0.925,0.882,0.926,0.885,0.905,0.927,0.879,0.879,0.861,0.901,0.902,0.883,0.891
0.885,0.918,0.848,0.881,0.898,0.919,0.877,0.862,0.878,0.873,0.906,0.86,0.918,0.852,0.865,0.879,0.909,0.894,0.896,0.875,0.891,0.899,0.9,1.0,0.939,0.923,0.898,0.856,0.875,0.879,0.855,0.885,0.015,0.889,0.935,0.866,0.875,0.894,0.859,0.9,0.862,0.91,0.897,0.852,0.856,0.836,0.897,0.898,0.86,0.862
0.893,0.94,0.862,0.873,0.908,0.931,0.884,0.868,0.892,0.863,0.886,0.87,0.897,0.862,0.869,0.883,0.921,0.91,0.905,0.884,0.895,0.907,0.901,0.939,1.0,0.933,0.905,0.868,0.889,0.875,0.86,0.895,0.017,0.896,0.915,0.87,0.884,0.901,0.869,0.905,0.868,0.921,0.904,0.866,0.863,0.852,0.908,0.909,0.867,0.874
0.892,0.904,0.856,0.879,0.904,0.907,0.88,0.87,0.88,0.875,0.887,0.869,0.898,0.863,0.869,0.88,0.923,0.898,0.895,0.877,0.892,0.893,0.893,0.923,0.933,1.0,0.89,0.862,0.875,0.875,0.853,0.887,0.014,0.889,0.901,0.87,0.878,0.892,0.866,0.898,0.863,0.911,0.891,0.863,0.86,0.843,0.905,0.905,0.872,0.869
0.895,0.897,0.872,0.866,0.925,0.901,0.894,0.875,0.895,0.866,0.899,0.872,0.925,0.868,0.868,0.898,0.898,0.92,0.932,0.891,0.929,0.932,0.929,0.898,0.905,0.89,1.0,0.868,0.887,0.888,0.861,0.91,0.016,0.921,0.881,0.871,0.893,0.937,0.873,0.938,0.872,0.918,0.943,0.866,0.864,0.857,0.898,0.899,0.879,0.88
0.877,0.877,0.859,0.934,0.873,0.886,0.877,0.967,0.88,0.918,0.849,0.935,0.849,0.939,0.922,0.875,0.877,0.873,0.869,0.874,0.876,0.87,0.882,0.856,0.868,0.862,0.868,1.0,0.886,0.874,0.926,0.871,0.018,0.877,0.834,0.91,0.876,0.882,0.925,0.873,0.94,0.882,0.872,0.988,0.976,0.871,0.879,0.879,0.919,0.892
0.905,0.882,0.866,0.883,0.89,0.886,0.878,0.892,0.896,0.884,0.858,0.882,0.874,0.88,0.886,0.877,0.873,0.883,0.875,0.877,0.871,0.883,0.879,0.875,0.889,0.875,0.887,0.886,1.0,0.905,0.865,0.872,0.017,0.876,0.859,0.874,0.878,0.885,0.878,0.882,0.878,0.89,0.875,0.879,0.875,0.874,0.878,0.878,0.887,0.943
0.916,0.874,0.864,0.886,0.889,0.879,0.887,0.879,0.918,0.88,0.862,0.876,0.884,0.876,0.879,0.888,0.871,0.886,0.881,0.882,0.884,0.885,0.885,0.879,0.875,0.875,0.888,0.874,0.905,1.0,0.868,0.868,0.017,0.885,0.855,0.879,0.886,0.876,0.873,0.885,0.879,0.887,0.881,0.87,0.87,0.866,0.877,0.877,0.881,0.897
0.868,0.882,0.868,0.912,0.862,0.879,0.88,0.919,0.867,0.916,0.847,0.913,0.849,0.918,0.906,0.873,0.874,0.856,0.857,0.881,0.869,0.862,0.876,0.855,0.86,0.853,0.861,0.926,0.865,0.868,1.0,0.876,0.018,0.878,0.826,0.897,0.879,0.874,0.911,0.869,0.952,0.881,0.869,0.925,0.928,0.873,0.877,0.876,0.909,0.878
0.881,0.904,0.872,0.855,0.908,0.9,0.897,0.866,0.873,0.851,0.879,0.874,0.897,0.858,0.853,0.891,0.914,0.898,0.91,0.9,0.919,0.906,0.915,0.885,0.895,0.887,0.91,0.871,0.872,0.868,0.876,1.0,0.013,0.918,0.856,0.866,0.899,0.919,0.876,0.918,0.873,0.891,0.925,0.871,0.876,0.875,0.906,0.906,0.865,0.872
0.016,0.015,0.016,0.019,0.017,0.017,0.017,0.017,0.016,0.018,0.017,0.018,0.016,0.019,0.02,0.017,0.016,0.016,0.016,0.017,0.015,0.018,0.016,0.015,0.017,0.014,0.016,0.018,0.017,0.017,0.018,0.013,1.0,0.016,0.017,0.017,0.017,0.014,0.018,0.014,0.018,0.017,0.016,0.018,0.018,0.016,0.016,0.016,0.016,0.018
0.885,0.903,0.875,0.864,0.906,0.91,0.908,0.878,0.883,0.863,0.889,0.881,0.919,0.871,0.87,0.902,0.914,0.918,0.915,0.906,0.925,0.946,0.954,0.889,0.896,0.889,0.921,0.877,0.876,0.885,0.878,0.918,0.016,1.0,0.87,0.877,0.907,0.92,0.887,0.925,0.876,0.903,0.929,0.877,0.882,0.861,0.907,0.907,0.877,0.881
0.865,0.897,0.831,0.859,0.88,0.903,0.855,0.842,0.865,0.849,0.903,0.837,0.894,0.835,0.843,0.86,0.883,0.879,0.883,0.852,0.872,0.883,0.88,0.935,0.915,0.901,0.881,0.834,0.859,0.855,0.826,0.856,0.017,0.87,1.0,0.845,0.854,0.874,0.842,0.88,0.84,0.898,0.876,0.831,0.832,0.817,0.877,0.878,0.84,0.846
0.876,0.87,0.861,0.899,0.866,0.883,0.881,0.902,0.879,0.901,0.848,0.905,0.851,0.899,0.899,0.881,0.879,0.868,0.869,0.878,0.88,0.867,0.874,0.866,0.87,0.87,0.871,0.91,0.874,0.879,0.897,0.866,0.017,0.877,0.845,1.0,0.879,0.877,0.922,0.876,0.905,0.886,0.87,0.905,0.906,0.855,0.875,0.875,0.907,0.881
0.883,0.891,0.875,0.86,0.887,0.897,0.995,0.871,0.887,0.856,0.856,0.877,0.874,0.869,0.868,0.981,0.894,0.899,0.899,0.994,0.907,0.893,0.91,0.875,0.884,0.878,0.893,0.876,0.878,0.886,0.879,0.899,0.017,0.907,0.854,0.879,1.0,0.898,0.881,0.882,0.877,0.895,0.897,0.874,0.88,0.869,0.894,0.894,0.868,0.889
0.892,0.916,0.877,0.865,0.918,0.915,0.897,0.884,0.882,0.863,0.888,0.88,0.91,0.866,0.869,0.902,0.905,0.902,0.916,0.9,0.923,0.916,0.925,0.894,0.901,0.892,0.937,0.882,0.885,0.876,0.874,0.919,0.014,0.92,0.874,0.877,0.898,1.0,0.879,0.93,0.877,0.914,0.944,0.881,0.879,0.863,0.904,0.904,0.876,0.881
0.882,0.881,0.862,0.906,0.863,0.887,0.883,0.921,0.88,0.909,0.848,0.926,0.855,0.916,0.911,0.883,0.88,0.871,0.869,0.879,0.872,0.87,0.882,0.859,0.869,0.866,0.873,0.925,0.878,0.873,0.911,0.876,0.018,0.887,0.842,0.922,0.881,0.879,1.0,0.875,0.921,0.881,0.878,0.924,0.925,0.869,0.88,0.879,0.913,0.889
0.894,0.903,0.877,0.863,0.921,0.904,0.884,0.879,0.89,0.868,0.902,0.877,0.927,0.867,0.866,0.889,0.905,0.912,0.925,0.882,0.931,0.927,0.926,0.9,0.905,0.898,0.938,0.873,0.882,0.885,0.869,0.918,0.014,0.925,0.88,0.876,0.882,0.93,0.875,1.0,0.875,0.909,0.938,0.872,0.872,0.858,0.912,0.912,0.874,0.879
0.875,0.878,0.869,0.929,0.877,0.891,0.879,0.93,0.873,0.924,0.853,0.935,0.857,0.936,0.921,0.879,0.875,0.864,0.872,0.874,0.875,0.869,0.885,0.862,0.868,0.863,0.872,0.94,0.878,0.879,0.952,0.873,0.018,0.876,0.84,0.905,0.877,0.877,0.921,0.875,1.0,0.883,0.875,0.937,0.936,0.869,0.879,0.879,0.924,0.888
0.897,0.915,0.872,0.876,0.905,0.924,0.896,0.885,0.892,0.877,0.88,0.875,0.897,0.872,0.87,0.897,0.91,0.905,0.905,0.894,0.903,0.903,0.905,0.91,0.921,0.911,0.918,0.882,0.89,0.887,0.881,0.891,0.017,0.903,0.898,0.886,0.895,0.914,0.881,0.909,0.883,1.0,0.915,0.88,0.878,0.86,0.92,0.921,0.882,0.885
0.894,0.908,0.88,0.862,0.919,0.907,0.898,0.871,0.888,0.86,0.898,0.876,0.918,0.863,0.863,0.904,0.911,0.914,0.926,0.898,0.924,0.925,0.927,0.897,0.904,0.891,0.943,0.872,0.875,0.881,0.869,0.925,0.016,0.929,0.876,0.87,0.897,0.944,0.878,0.938,0.875,0.915,1.0,0.871,0.868,0.865,0.911,0.912,0.877,0.882
0.873,0.88,0.864,0.927,0.869,0.885,0.876,0.961,0.875,0.916,0.846,0.929,0.846,0.933,0.916,0.871,0.88,0.867,0.865,0.872,0.871,0.866,0.879,0.852,0.866,0.863,0.866,0.988,0.879,0.87,0.925,0.871,0.018,0.877,0.831,0.905,0.874,0.881,0.924,0.872,0.937,0.88,0.871,1.0,0.985,0.874,0.88,0.88,0.917,0.887
0.875,0.885,0.866,0.921,0.871,0.883,0.881,0.951,0.871,0.916,0.845,0.928,0.847,0.928,0.911,0.873,0.881,0.864,0.866,0.878,0.871,0.865,0.879,0.856,0.863,0.86,0.864,0.976,0.875,0.87,0.928,0.876,0.018,0.882,0.832,0.906,0.88,0.879,0.925,0.872,0.936,0.878,0.868,0.985,1.0,0.877,0.881,0.88,0.916,0.884
0.866,0.865,0.859,0.852,0.854,0.866,0.867,0.866,0.86,0.85,0.826,0.871,0.833,0.86,0.86,0.863,0.855,0.852,0.857,0.869,0.859,0.855,0.861,0.836,0.852,0.843,0.857,0.871,0.874,0.866,0.873,0.875,0.016,0.861,0.817,0.855,0.869,0.863,0.869,0.858,0.869,0.86,0.865,0.874,0.877,1.0,0.862,0.861,0.863,0.898
0.883,0.922,0.877,0.864,0.896,0.922,0.895,0.874,0.878,0.857,0.866,0.875,0.884,0.867,0.865,0.892,0.922,0.897,0.894,0.895,0.894,0.894,0.901,0.897,0.908,0.905,0.898,0.879,0.878,0.877,0.877,0.906,0.016,0.907,0.877,0.875,0.894,0.904,0.88,0.912,0.879,0.92,0.911,0.88,0.881,0.862,1.0,0.999,0.875,0.883
0.883,0.921,0.876,0.864,0.897,0.923,0.895,0.874,0.878,0.857,0.867,0.875,0.885,0.867,0.865,0.893,0.923,0.898,0.895,0.895,0.895,0.895,0.902,0.898,0.909,0.905,0.899,0.879,0.878,0.877,0.876,0.906,0.016,0.907,0.878,0.875,0.894,0.904,0.879,0.912,0.879,0.921,0.912,0.88,0.88,0.861,0.999,1.0,0.876,0.883
0.885,0.871,0.863,0.919,0.879,0.876,0.87,0.927,0.884,0.924,0.857,0.918,0.861,0.921,0.917,0.872,0.873,0.871,0.87,0.867,0.87,0.881,0.883,0.86,0.867,0.872,0.879,0.919,0.887,0.881,0.909,0.865,0.016,0.877,0.84,0.907,0.868,0.876,0.913,0.874,0.924,0.882,0.877,0.917,0.916,0.863,0.875,0.876,1.0,0.889
0.895,0.877,0.869,0.882,0.879,0.892,0.889,0.89,0.891,0.876,0.849,0.891,0.863,0.886,0.887,0.888,0.88,0.882,0.877,0.886,0.881,0.877,0.891,0.862,0.874,0.869,0.88,0.892,0.943,0.897,0.878,0.872,0.018,0.881,0.846,0.881,0.889,0.881,0.889,0.879,0.888,0.885,0.882,0.887,0.884,0.898,0.883,0.883,0.889,1.0
