GCF_000163235.1_ASM16323v1_genomic.fna,GCF_000164555.1_ASM16455v1_genomic.fna,GCF_000208545.1_ASM20854v2_genomic.fna,GCF_000233875.1_ASM23387v1_genomic.fna,GCF_000249735.1_ASM24973v2_genomic.fna,GCF_000261145.1_Esch_coli_M919_V2_genomic.fna,GCF_000267705.2_ASM26770v2_genomic.fna,GCF_000350665.1_Esch_coli_KTE5_V1_genomic.fna,GCF_000351625.1_Esch_coli_KTE66_V1_genomic.fna,GCF_000352285.1_Esch_coli_KTE46_V1_genomic.fna,GCF_000358895.1_ASM35889v1_genomic.fna,GCF_000456385.1_Esch_coli_HVH_26_4-5703913_V1_genomic.fna,GCF_000458195.1_Esch_coli_HVH_147_4-5893887_V1_genomic.fna,GCF_000459755.1_Esch_coli_KOEGE_58_171a_V1_genomic.fna,GCF_000460055.1_Esch_coli_UMEA_3053-1_V1_genomic.fna,GCF_000462165.2_ASM46216v2_genomic.fna,GCF_000601135.1_ASM60113v1_genomic.fna,GCF_000614595.1_Ec2010EL1058_genomic.fna,GCF_000617745.1_Ec2010C-4529_genomic.fna,GCF_000618265.2_EcF6751_genomic.fna,GCF_000619005.2_Ec2009C-4052_genomic.fna,GCF_000619105.1_Ec2009C-4780_genomic.fna,GCF_000619765.2_Ec2009C-3279_genomic.fna,GCF_000687005.1_ASM68700v1_genomic.fna,GCF_000687025.1_ASM68702v1_genomic.fna,GCF_000700125.1_ASM70012v1_genomic.fna,GCF_000753315.1_FHI35_genomic.fna,GCF_000776375.1_ASM77637v1_genomic.fna,GCF_000779395.1_ASM77939v1_genomic.fna,GCF_000780315.1_ASM78031v1_genomic.fna,GCF_000781995.1_ASM78199v1_genomic.fna,GCF_000986765.1_ASM98676v1_genomic.fna,GCF_001041375.1_ViralProj287958_genomic.fna,GCF_001265335.1_302014_genomic.fna,GCF_001265625.1_100854_genomic.fna,GCF_001267345.1_303289_genomic.fna,GCF_001309985.1_ASM130998v1_genomic.fna,GCF_001521695.1_ASM152169v1_genomic.fna,GCF_001592595.1_ASM159259v1_genomic.fna,GCF_001614975.1_ASM161497v1_genomic.fna,GCF_001692775.1_ASM169277v1_genomic.fna,GCF_001748915.1_ASM174891v1_genomic.fna,GCF_001749235.1_ASM174923v1_genomic.fna,GCF_001881155.1_ASM188115v1_genomic.fna,GCF_001881345.1_ASM188134v1_genomic.fna,GCF_001892405.1_ASM189240v1_genomic.fna,GCF_001892585.1_ASM189258v1_genomic.fna,GCF_001893985.1_ASM189398v1_genomic.fna,GCF_002001595.1_ASM200159v1_genomic.fna,GCF_002002145.1_ASM200214v1_genomic.fna
1.0,0.549,0.481,0.53,0.528,0.541,0.541,0.498,0.64,0.519,0.519,0.525,0.529,0.514,0.5,0.546,0.534,0.54,0.531,0.537,0.501,0.534,0.541,0.543,0.543,0.532,0.526,0.51,0.592,0.641,0.474,0.53,0.0,0.538,0.5,0.518,0.541,0.534,0.489,0.528,0.497,0.527,0.53,0.498,0.51,0.535,0.516,0.517,0.49,0.586
0.549,1.0,0.44,0.505,0.663,0.776,0.575,0.483,0.538,0.487,0.632,0.507,0.65,0.481,0.479,0.583,0.73,0.651,0.642,0.569,0.61,0.652,0.653,0.788,0.819,0.739,0.655,0.49,0.516,0.53,0.461,0.636,0.0,0.652,0.737,0.49,0.57,0.673,0.469,0.65,0.476,0.71,0.664,0.495,0.497,0.467,0.698,0.698,0.503,0.508
0.481,0.44,1.0,0.422,0.422,0.431,0.425,0.402,0.466,0.415,0.415,0.419,0.432,0.415,0.406,0.434,0.427,0.427,0.419,0.422,0.412,0.437,0.43,0.43,0.442,0.436,0.432,0.408,0.461,0.478,0.392,0.433,0.0,0.437,0.396,0.425,0.424,0.43,0.404,0.441,0.42,0.441,0.434,0.414,0.402,0.414,0.432,0.432,0.425,0.459
0.53,0.505,0.422,1.0,0.506,0.496,0.487,0.715,0.513,0.766,0.483,0.756,0.492,0.807,0.79,0.497,0.488,0.49,0.496,0.482,0.457,0.493,0.492,0.492,0.503,0.495,0.498,0.783,0.543,0.514,0.753,0.497,0.0,0.489,0.449,0.687,0.485,0.5,0.677,0.484,0.787,0.5,0.493,0.753,0.753,0.488,0.49,0.491,0.737,0.525
0.528,0.663,0.422,0.506,1.0,0.672,0.578,0.484,0.546,0.501,0.785,0.489,0.742,0.488,0.486,0.593,0.683,0.683,0.68,0.573,0.671,0.702,0.687,0.688,0.69,0.692,0.724,0.482,0.531,0.531,0.462,0.678,0.0,0.686,0.645,0.501,0.577,0.719,0.474,0.716,0.482,0.678,0.72,0.475,0.485,0.46,0.679,0.68,0.49,0.5
0.541,0.776,0.431,0.496,0.672,1.0,0.592,0.491,0.544,0.479,0.634,0.493,0.66,0.484,0.49,0.597,0.722,0.68,0.664,0.585,0.637,0.666,0.679,0.771,0.805,0.72,0.669,0.486,0.546,0.531,0.463,0.658,0.0,0.66,0.729,0.506,0.589,0.687,0.507,0.662,0.48,0.717,0.671,0.478,0.483,0.473,0.715,0.715,0.485,0.534
0.541,0.575,0.425,0.487,0.578,0.592,1.0,0.47,0.532,0.465,0.571,0.48,0.591,0.466,0.475,0.947,0.581,0.638,0.637,0.983,0.625,0.631,0.645,0.578,0.591,0.584,0.588,0.467,0.504,0.527,0.46,0.607,0.0,0.596,0.542,0.51,0.99,0.584,0.483,0.583,0.471,0.584,0.596,0.467,0.473,0.47,0.559,0.559,0.458,0.512
0.498,0.483,0.402,0.715,0.484,0.491,0.47,1.0,0.474,0.712,0.45,0.726,0.474,0.726,0.715,0.465,0.461,0.474,0.491,0.468,0.463,0.476,0.484,0.476,0.48,0.474,0.478,0.882,0.53,0.487,0.74,0.481,0.0,0.457,0.434,0.646,0.469,0.498,0.717,0.474,0.74,0.464,0.473,0.888,0.88,0.495,0.457,0.457,0.676,0.526
0.64,0.538,0.466,0.513,0.546,0.544,0.532,0.474,1.0,0.506,0.541,0.504,0.555,0.501,0.498,0.55,0.542,0.536,0.525,0.529,0.497,0.533,0.525,0.549,0.549,0.538,0.545,0.493,0.581,0.655,0.468,0.518,0.0,0.529,0.512,0.519,0.531,0.536,0.473,0.547,0.486,0.538,0.549,0.481,0.478,0.508,0.528,0.529,0.503,0.571
0.519,0.487,0.415,0.766,0.501,0.479,0.465,0.712,0.506,1.0,0.48,0.713,0.488,0.743,0.723,0.478,0.479,0.468,0.473,0.458,0.435,0.469,0.462,0.493,0.483,0.496,0.48,0.747,0.528,0.499,0.745,0.456,0.0,0.463,0.451,0.673,0.463,0.475,0.687,0.471,0.757,0.473,0.473,0.728,0.734,0.473,0.47,0.47,0.729,0.498
0.519,0.632,0.415,0.483,0.785,0.634,0.571,0.45,0.541,0.48,1.0,0.47,0.749,0.47,0.464,0.583,0.66,0.691,0.682,0.565,0.669,0.717,0.694,0.687,0.652,0.675,0.733,0.463,0.51,0.524,0.448,0.672,0.0,0.691,0.678,0.487,0.568,0.715,0.453,0.727,0.462,0.661,0.734,0.454,0.457,0.453,0.641,0.642,0.469,0.497
0.525,0.507,0.419,0.756,0.489,0.493,0.48,0.726,0.504,0.713,0.47,1.0,0.493,0.755,0.86,0.477,0.485,0.473,0.493,0.476,0.469,0.48,0.492,0.497,0.491,0.488,0.482,0.75,0.541,0.52,0.703,0.489,0.0,0.472,0.456,0.649,0.48,0.492,0.698,0.482,0.746,0.476,0.482,0.74,0.746,0.5,0.478,0.478,0.692,0.527
0.529,0.65,0.432,0.492,0.742,0.66,0.591,0.474,0.555,0.488,0.749,0.493,1.0,0.471,0.482,0.608,0.668,0.738,0.741,0.586,0.728,0.805,0.786,0.681,0.673,0.674,0.802,0.476,0.535,0.547,0.457,0.724,0.0,0.785,0.64,0.496,0.589,0.767,0.468,0.789,0.469,0.676,0.787,0.47,0.469,0.467,0.68,0.681,0.483,0.506
0.514,0.481,0.415,0.807,0.488,0.484,0.466,0.726,0.501,0.743,0.47,0.755,0.471,1.0,0.791,0.48,0.47,0.477,0.479,0.461,0.439,0.476,0.469,0.469,0.475,0.474,0.479,0.782,0.544,0.498,0.743,0.472,0.0,0.468,0.433,0.665,0.464,0.482,0.686,0.468,0.771,0.481,0.472,0.76,0.759,0.482,0.466,0.466,0.715,0.521
0.5,0.479,0.406,0.79,0.486,0.49,0.475,0.715,0.498,0.723,0.464,0.86,0.482,0.791,1.0,0.477,0.479,0.473,0.473,0.473,0.456,0.472,0.485,0.469,0.475,0.478,0.482,0.757,0.539,0.506,0.743,0.486,0.0,0.465,0.436,0.655,0.475,0.49,0.696,0.47,0.774,0.475,0.474,0.739,0.74,0.491,0.472,0.472,0.709,0.531
0.546,0.583,0.434,0.497,0.593,0.597,0.947,0.465,0.55,0.478,0.583,0.477,0.608,0.48,0.477,1.0,0.596,0.642,0.644,0.94,0.601,0.639,0.634,0.587,0.596,0.595,0.597,0.469,0.517,0.544,0.456,0.596,0.0,0.607,0.551,0.514,0.945,0.598,0.48,0.593,0.471,0.596,0.602,0.458,0.466,0.469,0.571,0.571,0.473,0.509
0.534,0.73,0.427,0.488,0.683,0.722,0.581,0.461,0.542,0.479,0.66,0.485,0.668,0.47,0.479,0.596,1.0,0.65,0.644,0.575,0.627,0.675,0.657,0.748,0.768,0.771,0.664,0.467,0.513,0.515,0.442,0.66,0.0,0.671,0.696,0.496,0.579,0.646,0.466,0.655,0.459,0.697,0.668,0.461,0.475,0.447,0.72,0.72,0.474,0.508
0.54,0.651,0.427,0.49,0.683,0.68,0.638,0.474,0.536,0.468,0.691,0.473,0.738,0.477,0.473,0.642,0.65,1.0,0.783,0.632,0.747,0.771,0.765,0.656,0.668,0.66,0.743,0.475,0.524,0.536,0.457,0.701,0.0,0.727,0.627,0.515,0.634,0.729,0.478,0.724,0.466,0.676,0.744,0.468,0.471,0.463,0.657,0.657,0.467,0.515
0.531,0.642,0.419,0.496,0.68,0.664,0.637,0.491,0.525,0.473,0.682,0.493,0.741,0.479,0.473,0.644,0.644,0.783,1.0,0.632,0.744,0.762,0.755,0.653,0.659,0.652,0.743,0.482,0.517,0.528,0.451,0.7,0.0,0.722,0.626,0.516,0.633,0.711,0.483,0.731,0.461,0.669,0.726,0.476,0.475,0.463,0.643,0.643,0.466,0.505
0.537,0.569,0.422,0.482,0.573,0.585,0.983,0.468,0.529,0.458,0.565,0.476,0.586,0.461,0.473,0.94,0.575,0.632,0.632,1.0,0.628,0.627,0.641,0.571,0.586,0.579,0.582,0.462,0.503,0.526,0.459,0.607,0.0,0.59,0.538,0.506,0.988,0.58,0.482,0.577,0.468,0.578,0.589,0.465,0.471,0.47,0.552,0.552,0.455,0.512
0.501,0.61,0.412,0.457,0.671,0.637,0.625,0.463,0.497,0.435,0.669,0.469,0.728,0.439,0.456,0.601,0.627,0.747,0.744,0.628,1.0,0.762,0.784,0.631,0.625,0.632,0.741,0.454,0.486,0.503,0.44,0.739,0.0,0.742,0.591,0.484,0.625,0.726,0.47,0.718,0.454,0.623,0.735,0.461,0.465,0.457,0.638,0.638,0.433,0.503
0.534,0.652,0.437,0.493,0.702,0.666,0.631,0.476,0.533,0.469,0.717,0.48,0.805,0.476,0.472,0.639,0.675,0.771,0.762,0.627,0.762,1.0,0.92,0.666,0.674,0.664,0.78,0.474,0.519,0.527,0.454,0.738,0.0,0.881,0.628,0.506,0.628,0.752,0.474,0.767,0.465,0.665,0.781,0.468,0.47,0.463,0.66,0.66,0.477,0.518
0.541,0.653,0.43,0.492,0.687,0.679,0.645,0.484,0.525,0.462,0.694,0.492,0.786,0.469,0.485,0.634,0.657,0.765,0.755,0.641,0.784,0.92,1.0,0.654,0.67,0.649,0.768,0.478,0.524,0.519,0.462,0.756,0.0,0.854,0.622,0.51,0.642,0.747,0.487,0.744,0.476,0.658,0.755,0.479,0.484,0.47,0.644,0.644,0.466,0.531
0.543,0.788,0.43,0.492,0.688,0.771,0.578,0.476,0.549,0.493,0.687,0.497,0.681,0.469,0.469,0.587,0.748,0.656,0.653,0.571,0.631,0.666,0.654,1.0,0.825,0.761,0.673,0.474,0.514,0.533,0.453,0.637,0.0,0.659,0.801,0.496,0.575,0.664,0.463,0.662,0.469,0.716,0.67,0.465,0.475,0.462,0.71,0.712,0.475,0.508
0.543,0.819,0.442,0.503,0.69,0.805,0.591,0.48,0.549,0.483,0.652,0.491,0.673,0.475,0.475,0.596,0.768,0.668,0.659,0.586,0.625,0.674,0.67,0.825,1.0,0.783,0.674,0.48,0.511,0.527,0.454,0.666,0.0,0.661,0.777,0.494,0.589,0.672,0.471,0.659,0.47,0.721,0.675,0.487,0.482,0.467,0.729,0.73,0.503,0.512
0.532,0.739,0.436,0.495,0.692,0.72,0.584,0.474,0.538,0.496,0.675,0.488,0.674,0.474,0.478,0.595,0.771,0.66,0.652,0.579,0.632,0.664,0.649,0.761,0.783,1.0,0.67,0.481,0.517,0.523,0.455,0.635,0.0,0.649,0.719,0.491,0.584,0.665,0.473,0.657,0.466,0.704,0.664,0.489,0.478,0.461,0.72,0.72,0.502,0.514
0.526,0.655,0.432,0.498,0.724,0.669,0.588,0.478,0.545,0.48,0.733,0.482,0.802,0.479,0.482,0.597,0.664,0.743,0.743,0.582,0.741,0.78,0.768,0.673,0.674,0.67,1.0,0.473,0.533,0.543,0.463,0.737,0.0,0.762,0.637,0.502,0.585,0.842,0.474,0.793,0.478,0.676,0.864,0.474,0.472,0.466,0.676,0.676,0.478,0.512
0.51,0.49,0.408,0.783,0.482,0.486,0.467,0.882,0.493,0.747,0.463,0.75,0.476,0.782,0.757,0.469,0.467,0.475,0.482,0.462,0.454,0.474,0.478,0.474,0.48,0.481,0.473,1.0,0.539,0.498,0.744,0.478,0.0,0.463,0.436,0.669,0.465,0.491,0.692,0.464,0.777,0.471,0.47,0.951,0.935,0.478,0.471,0.471,0.72,0.519
0.592,0.516,0.461,0.543,0.531,0.546,0.504,0.53,0.581,0.528,0.51,0.541,0.535,0.544,0.539,0.517,0.513,0.524,0.517,0.503,0.486,0.519,0.524,0.514,0.511,0.517,0.533,0.539,1.0,0.565,0.511,0.512,0.0,0.517,0.476,0.547,0.504,0.536,0.521,0.518,0.526,0.508,0.524,0.525,0.532,0.587,0.505,0.505,0.515,0.82
0.641,0.53,0.478,0.514,0.531,0.531,0.527,0.487,0.655,0.499,0.524,0.52,0.547,0.498,0.506,0.544,0.515,0.536,0.528,0.526,0.503,0.527,0.519,0.533,0.527,0.523,0.543,0.498,0.565,1.0,0.474,0.513,0.0,0.52,0.502,0.522,0.528,0.526,0.479,0.543,0.498,0.528,0.539,0.484,0.481,0.527,0.53,0.53,0.496,0.564
0.474,0.461,0.392,0.753,0.462,0.463,0.46,0.74,0.468,0.745,0.448,0.703,0.457,0.743,0.743,0.456,0.442,0.457,0.451,0.459,0.44,0.454,0.462,0.453,0.454,0.455,0.463,0.744,0.511,0.474,1.0,0.465,0.0,0.442,0.413,0.659,0.46,0.473,0.686,0.451,0.89,0.46,0.456,0.75,0.751,0.483,0.443,0.443,0.68,0.505
0.53,0.636,0.433,0.497,0.678,0.658,0.607,0.481,0.518,0.456,0.672,0.489,0.724,0.472,0.486,0.596,0.66,0.701,0.7,0.607,0.739,0.738,0.756,0.637,0.666,0.635,0.737,0.478,0.512,0.513,0.465,1.0,0.0,0.72,0.597,0.487,0.607,0.747,0.483,0.742,0.469,0.639,0.749,0.481,0.492,0.463,0.644,0.644,0.455,0.511
0.0,0.0,0.0,0.0,0.0,0.0,0.0,0.0,0.0,0.0,0.0,0.0,0.0,0.0,0.0,0.0,0.0,0.0,0.0,0.0,0.0,0.0,0.0,0.0,0.0,0.0,0.0,0.0,0.0,0.0,0.0,0.0,1.0,0.0,0.0,0.0,0.0,0.0,0.0,0.0,0.0,0.0,0.0,0.0,0.0,0.0,0.0,0.0,0.0,0.0
0.538,0.652,0.437,0.489,0.686,0.66,0.596,0.457,0.529,0.463,0.691,0.472,0.785,0.468,0.465,0.607,0.671,0.727,0.722,0.59,0.742,0.881,0.854,0.659,0.661,0.649,0.762,0.463,0.517,0.52,0.442,0.72,0.0,1.0,0.619,0.514,0.595,0.742,0.475,0.746,0.451,0.659,0.765,0.457,0.465,0.452,0.656,0.657,0.464,0.512
0.5,0.737,0.396,0.449,0.645,0.729,0.542,0.434,0.512,0.451,0.678,0.456,0.64,0.433,0.436,0.551,0.696,0.627,0.626,0.538,0.591,0.628,0.622,0.801,0.777,0.719,0.637,0.436,0.476,0.502,0.413,0.597,0.0,0.619,1.0,0.46,0.54,0.61,0.441,0.624,0.427,0.668,0.636,0.426,0.436,0.429,0.662,0.662,0.446,0.466
0.518,0.49,0.425,0.687,0.501,0.506,0.51,0.646,0.519,0.673,0.487,0.649,0.496,0.665,0.655,0.514,0.496,0.515,0.516,0.506,0.484,0.506,0.51,0.496,0.494,0.491,0.502,0.669,0.547,0.522,0.659,0.487,0.0,0.514,0.46,1.0,0.509,0.499,0.675,0.49,0.681,0.491,0.495,0.661,0.666,0.489,0.484,0.484,0.657,0.534
0.541,0.57,0.424,0.485,0.577,0.589,0.99,0.469,0.531,0.463,0.568,0.48,0.589,0.464,0.475,0.945,0.579,0.634,0.633,0.988,0.625,0.628,0.642,0.575,0.589,0.584,0.585,0.465,0.504,0.528,0.46,0.607,0.0,0.595,0.54,0.509,1.0,0.582,0.483,0.58,0.47,0.58,0.593,0.466,0.472,0.47,0.556,0.556,0.456,0.512
0.534,0.673,0.43,0.5,0.719,0.687,0.584,0.498,0.536,0.475,0.715,0.492,0.767,0.482,0.49,0.598,0.646,0.729,0.711,0.58,0.726,0.752,0.747,0.664,0.672,0.665,0.842,0.491,0.536,0.526,0.473,0.747,0.0,0.742,0.61,0.499,0.582,1.0,0.485,0.769,0.49,0.671,0.859,0.489,0.483,0.461,0.67,0.671,0.48,0.516
0.489,0.469,0.404,0.677,0.474,0.507,0.483,0.717,0.473,0.687,0.453,0.698,0.468,0.686,0.696,0.48,0.466,0.478,0.483,0.482,0.47,0.474,0.487,0.463,0.471,0.473,0.474,0.692,0.521,0.479,0.686,0.483,0.0,0.475,0.441,0.675,0.483,0.485,1.0,0.473,0.692,0.473,0.475,0.703,0.71,0.501,0.463,0.463,0.656,0.514
0.528,0.65,0.441,0.484,0.716,0.662,0.583,0.474,0.547,0.471,0.727,0.482,0.789,0.468,0.47,0.593,0.655,0.724,0.731,0.577,0.718,0.767,0.744,0.662,0.659,0.657,0.793,0.464,0.518,0.543,0.451,0.742,0.0,0.746,0.624,0.49,0.58,0.769,0.473,1.0,0.462,0.677,0.794,0.459,0.46,0.478,0.685,0.685,0.462,0.514
0.497,0.476,0.42,0.787,0.482,0.48,0.471,0.74,0.486,0.757,0.462,0.746,0.469,0.771,0.774,0.471,0.459,0.466,0.461,0.468,0.454,0.465,0.476,0.469,0.47,0.466,0.478,0.777,0.526,0.498,0.89,0.469,0.0,0.451,0.427,0.681,0.47,0.49,0.692,0.462,1.0,0.472,0.467,0.771,0.769,0.491,0.46,0.46,0.703,0.52
0.527,0.71,0.441,0.5,0.678,0.717,0.584,0.464,0.538,0.473,0.661,0.476,0.676,0.481,0.475,0.596,0.697,0.676,0.669,0.578,0.623,0.665,0.658,0.716,0.721,0.704,0.676,0.471,0.508,0.528,0.46,0.639,0.0,0.659,0.668,0.491,0.58,0.671,0.473,0.677,0.472,1.0,0.689,0.46,0.455,0.453,0.738,0.738,0.477,0.503
0.53,0.664,0.434,0.493,0.72,0.671,0.596,0.473,0.549,0.473,0.734,0.482,0.787,0.472,0.474,0.602,0.668,0.744,0.726,0.589,0.735,0.781,0.755,0.67,0.675,0.664,0.864,0.47,0.524,0.539,0.456,0.749,0.0,0.765,0.636,0.495,0.593,0.859,0.475,0.794,0.467,0.689,1.0,0.465,0.465,0.469,0.678,0.678,0.475,0.51
0.498,0.495,0.414,0.753,0.475,0.478,0.467,0.888,0.481,0.728,0.454,0.74,0.47,0.76,0.739,0.458,0.461,0.468,0.476,0.465,0.461,0.468,0.479,0.465,0.487,0.489,0.474,0.951,0.525,0.484,0.75,0.481,0.0,0.457,0.426,0.661,0.466,0.489,0.703,0.459,0.771,0.46,0.465,1.0,0.955,0.493,0.463,0.463,0.714,0.52
0.51,0.497,0.402,0.753,0.485,0.483,0.473,0.88,0.478,0.734,0.457,0.746,0.469,0.759,0.74,0.466,0.475,0.471,0.475,0.471,0.465,0.47,0.484,0.475,0.482,0.478,0.472,0.935,0.532,0.481,0.751,0.492,0.0,0.465,0.436,0.666,0.472,0.483,0.71,0.46,0.769,0.455,0.465,0.955,1.0,0.491,0.465,0.465,0.699,0.527
0.535,0.467,0.414,0.488,0.46,0.473,0.47,0.495,0.508,0.473,0.453,0.5,0.467,0.482,0.491,0.469,0.447,0.463,0.463,0.47,0.457,0.463,0.47,0.462,0.467,0.461,0.466,0.478,0.587,0.527,0.483,0.463,0.0,0.452,0.429,0.489,0.47,0.461,0.501,0.478,0.491,0.453,0.469,0.493,0.491,1.0,0.476,0.476,0.476,0.653
0.516,0.698,0.432,0.49,0.679,0.715,0.559,0.457,0.528,0.47,0.641,0.478,0.68,0.466,0.472,0.571,0.72,0.657,0.643,0.552,0.638,0.66,0.644,0.71,0.729,0.72,0.676,0.471,0.505,0.53,0.443,0.644,0.0,0.656,0.662,0.484,0.556,0.67,0.463,0.685,0.46,0.738,0.678,0.463,0.465,0.476,1.0,0.998,0.479,0.513
0.517,0.698,0.432,0.491,0.68,0.715,0.559,0.457,0.529,0.47,0.642,0.478,0.681,0.466,0.472,0.571,0.72,0.657,0.643,0.552,0.638,0.66,0.644,0.712,0.73,0.72,0.676,0.471,0.505,0.53,0.443,0.644,0.0,0.657,0.662,0.484,0.556,0.671,0.463,0.685,0.46,0.738,0.678,0.463,0.465,0.476,0.998,1.0,0.479,0.513
0.49,0.503,0.425,0.737,0.49,0.485,0.458,0.676,0.503,0.729,0.469,0.692,0.483,0.715,0.709,0.473,0.474,0.467,0.466,0.455,0.433,0.477,0.466,0.475,0.503,0.502,0.478,0.72,0.515,0.496,0.68,0.455,0.0,0.464,0.446,0.657,0.456,0.48,0.656,0.462,0.703,0.477,0.475,0.714,0.699,0.476,0.479,0.479,1.0,0.502
0.586,0.508,0.459,0.525,0.5,0.534,0.512,0.526,0.571,0.498,0.497,0.527,0.506,0.521,0.531,0.509,0.508,0.515,0.505,0.512,0.503,0.518,0.531,0.508,0.512,0.514,0.512,0.519,0.82,0.564,0.505,0.511,0.0,0.512,0.466,0.534,0.512,0.516,0.514,0.514,0.52,0.503,0.51,0.52,0.527,0.653,0.513,0.513,0.502,1.0
