GCF_000163235.1_ASM16323v1_genomic.fna,GCF_000164555.1_ASM16455v1_genomic.fna,GCF_000208545.1_ASM20854v2_genomic.fna,GCF_000233875.1_ASM23387v1_genomic.fna,GCF_000249735.1_ASM24973v2_genomic.fna,GCF_000261145.1_Esch_coli_M919_V2_genomic.fna,GCF_000267705.2_ASM26770v2_genomic.fna,GCF_000350665.1_Esch_coli_KTE5_V1_genomic.fna,GCF_000351625.1_Esch_coli_KTE66_V1_genomic.fna,GCF_000352285.1_Esch_coli_KTE46_V1_genomic.fna,GCF_000358895.1_ASM35889v1_genomic.fna,GCF_000456385.1_Esch_coli_HVH_26_4-5703913_V1_genomic.fna,GCF_000458195.1_Esch_coli_HVH_147_4-5893887_V1_genomic.fna,GCF_000459755.1_Esch_coli_KOEGE_58_171a_V1_genomic.fna,GCF_000460055.1_Esch_coli_UMEA_3053-1_V1_genomic.fna,GCF_000462165.2_ASM46216v2_genomic.fna,GCF_000601135.1_ASM60113v1_genomic.fna,GCF_000614595.1_Ec2010EL1058_genomic.fna,GCF_000617745.1_Ec2010C-4529_genomic.fna,GCF_000618265.2_EcF6751_genomic.fna,GCF_000619005.2_Ec2009C-4052_genomic.fna,GCF_000619105.1_Ec2009C-4780_genomic.fna,GCF_000619765.2_Ec2009C-3279_genomic.fna,GCF_000687005.1_ASM68700v1_genomic.fna,GCF_000687025.1_ASM68702v1_genomic.fna,GCF_000700125.1_ASM70012v1_genomic.fna,GCF_000753315.1_FHI35_genomic.fna,GCF_000776375.1_ASM77637v1_genomic.fna,GCF_000779395.1_ASM77939v1_genomic.fna,GCF_000780315.1_ASM78031v1_genomic.fna,GCF_000781995.1_ASM78199v1_genomic.fna,GCF_000986765.1_ASM98676v1_genomic.fna,GCF_001041375.1_ViralProj287958_genomic.fna,GCF_001265335.1_302014_genomic.fna,GCF_001265625.1_100854_genomic.fna,GCF_001267345.1_303289_genomic.fna,GCF_001309985.1_ASM130998v1_genomic.fna,GCF_001521695.1_ASM152169v1_genomic.fna,GCF_001592595.1_ASM159259v1_genomic.fna,GCF_001614975.1_ASM161497v1_genomic.fna,GCF_001692775.1_ASM169277v1_genomic.fna,GCF_001748915.1_ASM174891v1_genomic.fna,GCF_001749235.1_ASM174923v1_genomic.fna,GCF_001881155.1_ASM188115v1_genomic.fna,GCF_001881345.1_ASM188134v1_genomic.fna,GCF_001892405.1_ASM189240v1_genomic.fna,GCF_001892585.1_ASM189258v1_genomic.fna,GCF_001893985.1_ASM189398v1_genomic.fna,GCF_002001595.1_ASM200159v1_genomic.fna,GCF_002002145.1_ASM200214v1_genomic.fna
1.0,0.905,0.899,0.89,0.902,0.909,0.913,0.903,0.909,0.899,0.877,0.9,0.898,0.901,0.898,0.909,0.91,0.903,0.906,0.915,0.913,0.901,0.915,0.89,0.891,0.891,0.894,0.898,0.911,0.902,0.9,0.912,0.023,0.905,0.868,0.898,0.915,0.905,0.907,0.891,0.903,0.908,0.903,0.902,0.908,0.902,0.901,0.902,0.891,0.919
0.905,1.0,0.888,0.887,0.914,0.935,0.916,0.895,0.897,0.893,0.889,0.9,0.911,0.892,0.896,0.917,0.934,0.911,0.91,0.916,0.908,0.906,0.916,0.933,0.936,0.92,0.912,0.889,0.907,0.887,0.892,0.925,0.023,0.911,0.911,0.89,0.918,0.921,0.895,0.899,0.896,0.927,0.916,0.893,0.901,0.89,0.931,0.93,0.895,0.91
0.899,0.888,1.0,0.89,0.887,0.888,0.899,0.887,0.906,0.895,0.861,0.894,0.881,0.894,0.891,0.899,0.888,0.896,0.892,0.898,0.898,0.886,0.901,0.883,0.897,0.89,0.882,0.89,0.905,0.892,0.886,0.892,0.023,0.894,0.87,0.897,0.899,0.886,0.89,0.88,0.9,0.889,0.894,0.891,0.888,0.876,0.902,0.902,0.89,0.899
0.89,0.887,0.89,1.0,0.899,0.883,0.897,0.931,0.899,0.947,0.88,0.937,0.902,0.953,0.944,0.896,0.881,0.9,0.893,0.894,0.895,0.901,0.904,0.897,0.894,0.896,0.904,0.945,0.897,0.9,0.926,0.888,0.024,0.901,0.886,0.922,0.895,0.894,0.919,0.889,0.939,0.888,0.899,0.939,0.931,0.873,0.898,0.899,0.937,0.898
0.902,0.914,0.887,0.899,1.0,0.92,0.907,0.895,0.906,0.9,0.932,0.894,0.945,0.902,0.89,0.908,0.91,0.933,0.923,0.906,0.921,0.939,0.932,0.936,0.92,0.926,0.944,0.897,0.904,0.906,0.884,0.924,0.023,0.929,0.915,0.891,0.907,0.929,0.892,0.935,0.893,0.914,0.934,0.89,0.891,0.872,0.924,0.924,0.901,0.9
0.909,0.935,0.888,0.883,0.92,1.0,0.918,0.903,0.9,0.894,0.891,0.899,0.913,0.889,0.896,0.915,0.932,0.919,0.922,0.918,0.92,0.919,0.924,0.933,0.934,0.923,0.915,0.891,0.915,0.894,0.897,0.926,0.023,0.921,0.914,0.899,0.918,0.926,0.903,0.91,0.897,0.936,0.923,0.894,0.898,0.893,0.932,0.932,0.885,0.915
0.913,0.916,0.899,0.897,0.907,0.918,1.0,0.903,0.914,0.898,0.886,0.902,0.909,0.9,0.91,0.988,0.921,0.928,0.928,0.996,0.927,0.92,0.935,0.912,0.916,0.907,0.916,0.9,0.909,0.899,0.897,0.918,0.026,0.918,0.897,0.904,0.996,0.916,0.907,0.9,0.903,0.913,0.919,0.903,0.901,0.887,0.908,0.909,0.895,0.912
0.903,0.895,0.887,0.931,0.895,0.903,0.903,1.0,0.899,0.93,0.872,0.937,0.893,0.936,0.938,0.899,0.893,0.899,0.905,0.906,0.908,0.894,0.903,0.887,0.896,0.889,0.892,0.971,0.906,0.893,0.932,0.897,0.025,0.899,0.874,0.928,0.905,0.91,0.937,0.89,0.943,0.894,0.901,0.975,0.965,0.891,0.894,0.894,0.922,0.912
0.909,0.897,0.906,0.899,0.906,0.9,0.914,0.899,1.0,0.911,0.882,0.902,0.899,0.905,0.896,0.914,0.903,0.908,0.905,0.911,0.905,0.902,0.917,0.9,0.905,0.896,0.894,0.899,0.917,0.923,0.893,0.898,0.023,0.91,0.886,0.896,0.91,0.902,0.899,0.902,0.899,0.902,0.912,0.893,0.889,0.89,0.917,0.918,0.901,0.911
0.899,0.893,0.895,0.947,0.9,0.894,0.898,0.93,0.911,1.0,0.881,0.936,0.902,0.942,0.938,0.9,0.891,0.909,0.903,0.896,0.902,0.902,0.907,0.896,0.899,0.896,0.898,0.942,0.906,0.902,0.931,0.886,0.023,0.906,0.884,0.929,0.896,0.898,0.937,0.891,0.941,0.891,0.905,0.934,0.936,0.884,0.908,0.908,0.933,0.904
0.877,0.889,0.861,0.88,0.932,0.891,0.886,0.872,0.882,0.881,1.0,0.874,0.933,0.885,0.87,0.887,0.892,0.917,0.906,0.884,0.9,0.923,0.912,0.915,0.894,0.903,0.928,0.875,0.883,0.885,0.868,0.903,0.024,0.908,0.911,0.876,0.885,0.909,0.868,0.924,0.877,0.894,0.914,0.871,0.868,0.847,0.899,0.898,0.88,0.877
0.9,0.9,0.894,0.937,0.894,0.899,0.902,0.937,0.902,0.936,0.874,1.0,0.893,0.94,0.967,0.9,0.899,0.902,0.9,0.9,0.906,0.891,0.905,0.893,0.903,0.886,0.891,0.933,0.909,0.895,0.926,0.896,0.024,0.902,0.88,0.925,0.9,0.91,0.927,0.886,0.939,0.897,0.905,0.935,0.931,0.891,0.902,0.902,0.924,0.91
0.898,0.911,0.881,0.902,0.945,0.913,0.909,0.893,0.899,0.902,0.933,0.893,1.0,0.903,0.892,0.908,0.909,0.937,0.93,0.907,0.928,0.952,0.947,0.936,0.911,0.92,0.96,0.897,0.9,0.905,0.891,0.923,0.024,0.94,0.913,0.894,0.908,0.933,0.892,0.939,0.898,0.915,0.937,0.893,0.888,0.873,0.922,0.921,0.897,0.894
0.901,0.892,0.894,0.953,0.902,0.889,0.9,0.936,0.905,0.942,0.885,0.94,0.903,1.0,0.948,0.9,0.886,0.913,0.901,0.899,0.899,0.902,0.909,0.896,0.904,0.898,0.901,0.944,0.903,0.894,0.927,0.893,0.024,0.908,0.888,0.925,0.899,0.9,0.928,0.891,0.935,0.894,0.905,0.939,0.933,0.88,0.904,0.904,0.93,0.901
0.898,0.896,0.891,0.944,0.89,0.896,0.91,0.938,0.896,0.938,0.87,0.967,0.892,0.948,1.0,0.905,0.894,0.9,0.898,0.908,0.902,0.893,0.903,0.885,0.898,0.881,0.893,0.937,0.899,0.891,0.935,0.897,0.024,0.898,0.88,0.926,0.908,0.903,0.934,0.884,0.947,0.896,0.905,0.939,0.936,0.889,0.9,0.901,0.928,0.908
0.909,0.917,0.899,0.896,0.908,0.915,0.988,0.899,0.914,0.9,0.887,0.9,0.908,0.9,0.905,1.0,0.921,0.926,0.923,0.987,0.926,0.918,0.93,0.912,0.916,0.909,0.914,0.899,0.908,0.899,0.892,0.912,0.025,0.921,0.896,0.907,0.985,0.914,0.905,0.9,0.901,0.91,0.915,0.901,0.897,0.887,0.908,0.909,0.896,0.909
0.91,0.934,0.888,0.881,0.91,0.932,0.921,0.893,0.903,0.891,0.892,0.899,0.909,0.886,0.894,0.921,1.0,0.914,0.909,0.92,0.91,0.915,0.926,0.924,0.925,0.927,0.909,0.886,0.908,0.89,0.892,0.94,0.023,0.918,0.902,0.903,0.921,0.917,0.899,0.909,0.891,0.929,0.915,0.891,0.898,0.893,0.926,0.926,0.885,0.91
0.903,0.911,0.896,0.9,0.933,0.919,0.928,0.899,0.908,0.909,0.917,0.902,0.937,0.913,0.9,0.926,0.914,1.0,0.947,0.926,0.942,0.944,0.955,0.927,0.919,0.921,0.935,0.903,0.913,0.91,0.894,0.927,0.024,0.943,0.908,0.903,0.927,0.927,0.902,0.928,0.905,0.915,0.938,0.898,0.894,0.884,0.923,0.922,0.904,0.909
0.906,0.91,0.892,0.893,0.923,0.922,0.928,0.905,0.905,0.903,0.906,0.9,0.93,0.901,0.898,0.923,0.909,0.947,1.0,0.926,0.947,0.939,0.949,0.917,0.914,0.91,0.937,0.904,0.906,0.905,0.893,0.92,0.024,0.938,0.902,0.901,0.926,0.933,0.898,0.927,0.9,0.914,0.938,0.901,0.896,0.879,0.92,0.92,0.894,0.903
0.915,0.916,0.898,0.894,0.906,0.918,0.996,0.906,0.911,0.896,0.884,0.9,0.907,0.899,0.908,0.987,0.92,0.926,0.926,1.0,0.927,0.918,0.934,0.91,0.915,0.907,0.914,0.899,0.906,0.897,0.899,0.918,0.026,0.918,0.895,0.902,0.998,0.913,0.906,0.899,0.904,0.913,0.917,0.903,0.903,0.89,0.908,0.909,0.893,0.913
0.913,0.908,0.898,0.895,0.921,0.92,0.927,0.908,0.905,0.902,0.9,0.906,0.928,0.899,0.902,0.926,0.91,0.942,0.947,0.927,1.0,0.938,0.954,0.915,0.918,0.913,0.932,0.903,0.912,0.906,0.9,0.929,0.024,0.946,0.896,0.905,0.925,0.932,0.901,0.928,0.907,0.915,0.938,0.902,0.902,0.889,0.92,0.92,0.894,0.907
0.901,0.906,0.886,0.901,0.939,0.919,0.92,0.894,0.902,0.902,0.923,0.891,0.952,0.902,0.893,0.918,0.915,0.944,0.939,0.918,0.938,1.0,0.969,0.932,0.914,0.918,0.947,0.897,0.898,0.905,0.889,0.923,0.025,0.958,0.919,0.891,0.918,0.928,0.894,0.942,0.896,0.908,0.936,0.891,0.888,0.879,0.925,0.925,0.901,0.901
0.915,0.916,0.901,0.904,0.932,0.924,0.935,0.903,0.917,0.907,0.912,0.905,0.947,0.909,0.903,0.93,0.926,0.955,0.949,0.934,0.954,0.969,1.0,0.928,0.929,0.926,0.944,0.907,0.912,0.91,0.902,0.94,0.024,0.967,0.907,0.907,0.935,0.939,0.904,0.93,0.907,0.92,0.948,0.902,0.9,0.891,0.932,0.932,0.898,0.916
0.89,0.933,0.883,0.897,0.936,0.933,0.912,0.887,0.9,0.896,0.915,0.893,0.936,0.896,0.885,0.912,0.924,0.927,0.917,0.91,0.915,0.932,0.928,1.0,0.941,0.937,0.933,0.893,0.905,0.906,0.883,0.914,0.022,0.923,0.946,0.89,0.91,0.918,0.889,0.929,0.892,0.923,0.923,0.884,0.885,0.871,0.932,0.931,0.892,0.896
0.891,0.936,0.897,0.894,0.92,0.934,0.916,0.896,0.905,0.899,0.894,0.903,0.911,0.904,0.898,0.916,0.925,0.919,0.914,0.915,0.918,0.914,0.929,0.941,1.0,0.936,0.92,0.899,0.902,0.899,0.89,0.917,0.024,0.921,0.926,0.895,0.916,0.927,0.896,0.909,0.895,0.923,0.926,0.894,0.895,0.887,0.927,0.928,0.894,0.9
0.891,0.92,0.89,0.896,0.926,0.923,0.907,0.889,0.896,0.896,0.903,0.886,0.92,0.898,0.881,0.909,0.927,0.921,0.91,0.907,0.913,0.918,0.926,0.937,0.936,1.0,0.925,0.891,0.896,0.9,0.882,0.912,0.022,0.923,0.916,0.888,0.907,0.914,0.891,0.921,0.887,0.916,0.912,0.887,0.888,0.876,0.928,0.928,0.895,0.898
0.894,0.912,0.882,0.904,0.944,0.915,0.916,0.892,0.894,0.898,0.928,0.891,0.96,0.901,0.893,0.914,0.909,0.935,0.937,0.914,0.932,0.947,0.944,0.933,0.92,0.925,1.0,0.9,0.9,0.905,0.887,0.922,0.025,0.935,0.918,0.898,0.915,0.936,0.886,0.945,0.892,0.912,0.947,0.891,0.888,0.879,0.921,0.92,0.902,0.898
0.898,0.889,0.89,0.945,0.897,0.891,0.9,0.971,0.899,0.942,0.875,0.933,0.897,0.944,0.937,0.899,0.886,0.903,0.904,0.899,0.903,0.897,0.907,0.893,0.899,0.891,0.9,1.0,0.905,0.897,0.93,0.888,0.025,0.902,0.88,0.928,0.899,0.905,0.93,0.889,0.942,0.888,0.904,0.986,0.973,0.879,0.897,0.897,0.927,0.904
0.911,0.907,0.905,0.897,0.904,0.915,0.909,0.906,0.917,0.906,0.883,0.909,0.9,0.903,0.899,0.908,0.908,0.913,0.906,0.906,0.912,0.898,0.912,0.905,0.902,0.896,0.9,0.905,1.0,0.906,0.892,0.908,0.023,0.911,0.886,0.914,0.907,0.912,0.902,0.902,0.9,0.91,0.909,0.901,0.901,0.9,0.911,0.912,0.898,0.953
0.902,0.887,0.892,0.9,0.906,0.894,0.899,0.893,0.923,0.902,0.885,0.895,0.905,0.894,0.891,0.899,0.89,0.91,0.905,0.897,0.906,0.905,0.91,0.906,0.899,0.9,0.905,0.897,0.906,1.0,0.887,0.886,0.024,0.901,0.888,0.891,0.896,0.9,0.885,0.911,0.891,0.889,0.9,0.89,0.883,0.886,0.907,0.908,0.906,0.907
0.9,0.892,0.886,0.926,0.884,0.897,0.897,0.932,0.893,0.931,0.868,0.926,0.891,0.927,0.935,0.892,0.892,0.894,0.893,0.899,0.9,0.889,0.902,0.883,0.89,0.882,0.887,0.93,0.892,0.887,1.0,0.895,0.024,0.894,0.865,0.915,0.899,0.895,0.922,0.878,0.963,0.898,0.894,0.935,0.936,0.881,0.891,0.891,0.913,0.903
0.912,0.925,0.892,0.888,0.924,0.926,0.918,0.897,0.898,0.886,0.903,0.896,0.923,0.893,0.897,0.912,0.94,0.927,0.92,0.918,0.929,0.923,0.94,0.914,0.917,0.912,0.922,0.888,0.908,0.886,0.895,1.0,0.022,0.932,0.896,0.895,0.919,0.934,0.899,0.918,0.898,0.93,0.928,0.894,0.897,0.891,0.92,0.92,0.886,0.907
0.023,0.023,0.023,0.024,0.023,0.023,0.026,0.025,0.023,0.023,0.024,0.024,0.024,0.024,0.024,0.025,0.023,0.024,0.024,0.026,0.024,0.025,0.024,0.022,0.024,0.022,0.025,0.025,0.023,0.024,0.024,0.022,1.0,0.024,0.023,0.024,0.026,0.023,0.024,0.023,0.025,0.024,0.025,0.025,0.026,0.023,0.023,0.023,0.023,0.023
0.905,0.911,0.894,0.901,0.929,0.921,0.918,0.899,0.91,0.906,0.908,0.902,0.94,0.908,0.898,0.921,0.918,0.943,0.938,0.918,0.946,0.958,0.967,0.923,0.921,0.923,0.935,0.902,0.911,0.901,0.894,0.932,0.024,1.0,0.905,0.904,0.917,0.936,0.901,0.933,0.903,0.915,0.942,0.897,0.896,0.887,0.929,0.929,0.897,0.911
0.868,0.911,0.87,0.886,0.915,0.914,0.897,0.874,0.886,0.884,0.911,0.88,0.913,0.888,0.88,0.896,0.902,0.908,0.902,0.895,0.896,0.919,0.907,0.946,0.926,0.916,0.918,0.88,0.886,0.888,0.865,0.896,0.023,0.905,1.0,0.876,0.895,0.902,0.879,0.911,0.874,0.903,0.909,0.871,0.874,0.858,0.913,0.914,0.886,0.877
0.898,0.89,0.897,0.922,0.891,0.899,0.904,0.928,0.896,0.929,0.876,0.925,0.894,0.925,0.926,0.907,0.903,0.903,0.901,0.902,0.905,0.891,0.907,0.89,0.895,0.888,0.898,0.928,0.914,0.891,0.915,0.895,0.024,0.904,0.876,1.0,0.903,0.905,0.931,0.892,0.926,0.906,0.907,0.928,0.923,0.889,0.896,0.896,0.924,0.912
0.915,0.918,0.899,0.895,0.907,0.918,0.996,0.905,0.91,0.896,0.885,0.9,0.908,0.899,0.908,0.985,0.921,0.927,0.926,0.998,0.925,0.918,0.935,0.91,0.916,0.907,0.915,0.899,0.907,0.896,0.899,0.919,0.026,0.917,0.895,0.903,1.0,0.915,0.906,0.899,0.905,0.913,0.918,0.903,0.903,0.89,0.908,0.909,0.894,0.914
0.905,0.921,0.886,0.894,0.929,0.926,0.916,0.91,0.902,0.898,0.909,0.91,0.933,0.9,0.903,0.914,0.917,0.927,0.933,0.913,0.932,0.928,0.939,0.918,0.927,0.914,0.936,0.905,0.912,0.9,0.895,0.934,0.023,0.936,0.902,0.905,0.915,1.0,0.9,0.928,0.903,0.922,0.951,0.908,0.897,0.893,0.922,0.922,0.898,0.91
0.907,0.895,0.89,0.919,0.892,0.903,0.907,0.937,0.899,0.937,0.868,0.927,0.892,0.928,0.934,0.905,0.899,0.902,0.898,0.906,0.901,0.894,0.904,0.889,0.896,0.891,0.886,0.93,0.902,0.885,0.922,0.899,0.024,0.901,0.879,0.931,0.906,0.9,1.0,0.88,0.931,0.905,0.898,0.935,0.936,0.886,0.899,0.9,0.918,0.907
0.891,0.899,0.88,0.889,0.935,0.91,0.9,0.89,0.902,0.891,0.924,0.886,0.939,0.891,0.884,0.9,0.909,0.928,0.927,0.899,0.928,0.942,0.93,0.929,0.909,0.921,0.945,0.889,0.902,0.911,0.878,0.918,0.023,0.933,0.911,0.892,0.899,0.928,0.88,1.0,0.886,0.906,0.934,0.884,0.884,0.88,0.927,0.926,0.893,0.902
0.903,0.896,0.9,0.939,0.893,0.897,0.903,0.943,0.899,0.941,0.877,0.939,0.898,0.935,0.947,0.901,0.891,0.905,0.9,0.904,0.907,0.896,0.907,0.892,0.895,0.887,0.892,0.942,0.9,0.891,0.963,0.898,0.025,0.903,0.874,0.926,0.905,0.903,0.931,0.886,1.0,0.902,0.903,0.948,0.945,0.888,0.899,0.899,0.926,0.908
0.908,0.927,0.889,0.888,0.914,0.936,0.913,0.894,0.902,0.891,0.894,0.897,0.915,0.894,0.896,0.91,0.929,0.915,0.914,0.913,0.915,0.908,0.92,0.923,0.923,0.916,0.912,0.888,0.91,0.889,0.898,0.93,0.024,0.915,0.903,0.906,0.913,0.922,0.905,0.906,0.902,1.0,0.925,0.894,0.899,0.889,0.929,0.929,0.885,0.91
0.903,0.916,0.894,0.899,0.934,0.923,0.919,0.901,0.912,0.905,0.914,0.905,0.937,0.905,0.905,0.915,0.915,0.938,0.938,0.917,0.938,0.936,0.948,0.923,0.926,0.912,0.947,0.904,0.909,0.9,0.894,0.928,0.025,0.942,0.909,0.907,0.918,0.951,0.898,0.934,0.903,0.925,1.0,0.9,0.896,0.892,0.928,0.927,0.907,0.904
0.902,0.893,0.891,0.939,0.89,0.894,0.903,0.975,0.893,0.934,0.871,0.935,0.893,0.939,0.939,0.901,0.891,0.898,0.901,0.903,0.902,0.891,0.902,0.884,0.894,0.887,0.891,0.986,0.901,0.89,0.935,0.894,0.025,0.897,0.871,0.928,0.903,0.908,0.935,0.884,0.948,0.894,0.9,1.0,0.978,0.886,0.889,0.889,0.922,0.908
0.908,0.901,0.888,0.931,0.891,0.898,0.901,0.965,0.889,0.936,0.868,0.931,0.888,0.933,0.936,0.897,0.898,0.894,0.896,0.903,0.902,0.888,0.9,0.885,0.895,0.888,0.888,0.973,0.901,0.883,0.936,0.897,0.026,0.896,0.874,0.923,0.903,0.897,0.936,0.884,0.945,0.899,0.896,0.978,1.0,0.891,0.894,0.894,0.917,0.914
0.902,0.89,0.876,0.873,0.872,0.893,0.887,0.891,0.89,0.884,0.847,0.891,0.873,0.88,0.889,0.887,0.893,0.884,0.879,0.89,0.889,0.879,0.891,0.871,0.887,0.876,0.879,0.879,0.9,0.886,0.881,0.891,0.023,0.887,0.858,0.889,0.89,0.893,0.886,0.88,0.888,0.889,0.892,0.886,0.891,1.0,0.894,0.894,0.883,0.922
0.901,0.931,0.902,0.898,0.924,0.932,0.908,0.894,0.917,0.908,0.899,0.902,0.922,0.904,0.9,0.908,0.926,0.923,0.92,0.908,0.92,0.925,0.932,0.932,0.927,0.928,0.921,0.897,0.911,0.907,0.891,0.92,0.023,0.929,0.913,0.896,0.908,0.922,0.899,0.927,0.899,0.929,0.928,0.889,0.894,0.894,1.0,0.999,0.898,0.913
0.902,0.93,0.902,0.899,0.924,0.932,0.909,0.894,0.918,0.908,0.898,0.902,0.921,0.904,0.901,0.909,0.926,0.922,0.92,0.909,0.92,0.925,0.932,0.931,0.928,0.928,0.92,0.897,0.912,0.908,0.891,0.92,0.023,0.929,0.914,0.896,0.909,0.922,0.9,0.926,0.899,0.929,0.927,0.889,0.894,0.894,0.999,1.0,0.899,0.913
0.891,0.895,0.89,0.937,0.901,0.885,0.895,0.922,0.901,0.933,0.88,0.924,0.897,0.93,0.928,0.896,0.885,0.904,0.894,0.893,0.894,0.901,0.898,0.892,0.894,0.895,0.902,0.927,0.898,0.906,0.913,0.886,0.023,0.897,0.886,0.924,0.894,0.898,0.918,0.893,0.926,0.885,0.907,0.922,0.917,0.883,0.898,0.899,1.0,0.901
0.919,0.91,0.899,0.898,0.9,0.915,0.912,0.912,0.911,0.904,0.877,0.91,0.894,0.901,0.908,0.909,0.91,0.909,0.903,0.913,0.907,0.901,0.916,0.896,0.9,0.898,0.898,0.904,0.953,0.907,0.903,0.907,0.023,0.911,0.877,0.912,0.914,0.91,0.907,0.902,0.908,0.91,0.904,0.908,0.914,0.922,0.913,0.913,0.901,1.0
