GCF_000163235.1_ASM16323v1_genomic.fna,GCF_000164555.1_ASM16455v1_genomic.fna,GCF_000208545.1_ASM20854v2_genomic.fna,GCF_000233875.1_ASM23387v1_genomic.fna,GCF_000249735.1_ASM24973v2_genomic.fna,GCF_000261145.1_Esch_coli_M919_V2_genomic.fna,GCF_000267705.2_ASM26770v2_genomic.fna,GCF_000350665.1_Esch_coli_KTE5_V1_genomic.fna,GCF_000351625.1_Esch_coli_KTE66_V1_genomic.fna,GCF_000352285.1_Esch_coli_KTE46_V1_genomic.fna,GCF_000358895.1_ASM35889v1_genomic.fna,GCF_000456385.1_Esch_coli_HVH_26_4-5703913_V1_genomic.fna,GCF_000458195.1_Esch_coli_HVH_147_4-5893887_V1_genomic.fna,GCF_000459755.1_Esch_coli_KOEGE_58_171a_V1_genomic.fna,GCF_000460055.1_Esch_coli_UMEA_3053-1_V1_genomic.fna,GCF_000462165.2_ASM46216v2_genomic.fna,GCF_000601135.1_ASM60113v1_genomic.fna,GCF_000614595.1_Ec2010EL1058_genomic.fna,GCF_000617745.1_Ec2010C-4529_genomic.fna,GCF_000618265.2_EcF6751_genomic.fna,GCF_000619005.2_Ec2009C-4052_genomic.fna,GCF_000619105.1_Ec2009C-4780_genomic.fna,GCF_000619765.2_Ec2009C-3279_genomic.fna,GCF_000687005.1_ASM68700v1_genomic.fna,GCF_000687025.1_ASM68702v1_genomic.fna,GCF_000700125.1_ASM70012v1_genomic.fna,GCF_000753315.1_FHI35_genomic.fna,GCF_000776375.1_ASM77637v1_genomic.fna,GCF_000779395.1_ASM77939v1_genomic.fna,GCF_000780315.1_ASM78031v1_genomic.fna,GCF_000781995.1_ASM78199v1_genomic.fna,GCF_000986765.1_ASM98676v1_genomic.fna,GCF_001041375.1_ViralProj287958_genomic.fna,GCF_001265335.1_302014_genomic.fna,GCF_001265625.1_100854_genomic.fna,GCF_001267345.1_303289_genomic.fna,GCF_001309985.1_ASM130998v1_genomic.fna,GCF_001521695.1_ASM152169v1_genomic.fna,GCF_001592595.1_ASM159259v1_genomic.fna,GCF_001614975.1_ASM161497v1_genomic.fna,GCF_001692775.1_ASM169277v1_genomic.fna,GCF_001748915.1_ASM174891v1_genomic.fna,GCF_001749235.1_ASM174923v1_genomic.fna,GCF_001881155.1_ASM188115v1_genomic.fna,GCF_001881345.1_ASM188134v1_genomic.fna,GCF_001892405.1_ASM189240v1_genomic.fna,GCF_001892585.1_ASM189258v1_genomic.fna,GCF_001893985.1_ASM189398v1_genomic.fna,GCF_002001595.1_ASM200159v1_genomic.fna,GCF_002002145.1_ASM200214v1_genomic.fna
1.0,0.914,0.902,0.889,0.903,0.9,0.908,0.898,0.926,0.879,0.887,0.893,0.899,0.89,0.881,0.907,0.898,0.901,0.892,0.905,0.895,0.906,0.907,0.894,0.891,0.889,0.9,0.9,0.911,0.907,0.883,0.908,0.015,0.904,0.882,0.892,0.908,0.911,0.879,0.908,0.889,0.889,0.9,0.896,0.897,0.881,0.895,0.897,0.889,0.906
0.914,1.0,0.891,0.895,0.925,0.941,0.908,0.899,0.902,0.883,0.903,0.9,0.921,0.893,0.883,0.913,0.936,0.92,0.915,0.909,0.911,0.911,0.908,0.94,0.942,0.919,0.913,0.9,0.906,0.898,0.887,0.924,0.013,0.917,0.932,0.895,0.911,0.928,0.884,0.919,0.894,0.922,0.92,0.896,0.897,0.881,0.93,0.932,0.895,0.908
0.902,0.891,1.0,0.883,0.89,0.888,0.882,0.883,0.894,0.87,0.875,0.885,0.895,0.88,0.871,0.886,0.883,0.892,0.885,0.881,0.877,0.886,0.887,0.877,0.877,0.867,0.886,0.883,0.884,0.896,0.876,0.89,0.013,0.894,0.869,0.879,0.881,0.887,0.879,0.881,0.883,0.877,0.886,0.882,0.883,0.863,0.889,0.889,0.878,0.887
0.889,0.895,0.883,1.0,0.898,0.882,0.894,0.92,0.889,0.933,0.877,0.941,0.892,0.954,0.954,0.897,0.889,0.886,0.876,0.892,0.872,0.885,0.883,0.885,0.88,0.88,0.886,0.935,0.898,0.889,0.935,0.887,0.014,0.888,0.876,0.929,0.894,0.895,0.913,0.886,0.948,0.882,0.891,0.927,0.932,0.873,0.888,0.887,0.927,0.897
0.903,0.925,0.89,0.898,1.0,0.927,0.917,0.892,0.9,0.883,0.928,0.902,0.93,0.898,0.893,0.918,0.917,0.925,0.92,0.913,0.92,0.928,0.925,0.919,0.912,0.909,0.924,0.891,0.898,0.893,0.885,0.926,0.013,0.932,0.91,0.897,0.915,0.93,0.894,0.932,0.895,0.919,0.94,0.887,0.891,0.877,0.928,0.93,0.896,0.903
0.9,0.941,0.888,0.882,0.927,1.0,0.908,0.883,0.895,0.869,0.906,0.888,0.928,0.885,0.878,0.914,0.934,0.922,0.92,0.907,0.908,0.926,0.925,0.929,0.932,0.915,0.917,0.884,0.893,0.888,0.882,0.923,0.011,0.929,0.928,0.893,0.909,0.929,0.894,0.921,0.885,0.913,0.925,0.88,0.882,0.881,0.929,0.931,0.891,0.901
0.908,0.908,0.882,0.894,0.917,0.908,1.0,0.902,0.914,0.876,0.89,0.887,0.904,0.896,0.887,0.98,0.899,0.925,0.921,0.994,0.923,0.917,0.928,0.897,0.896,0.896,0.914,0.903,0.897,0.896,0.899,0.921,0.015,0.919,0.891,0.897,0.993,0.911,0.903,0.922,0.899,0.914,0.903,0.9,0.901,0.889,0.909,0.912,0.895,0.91
0.898,0.899,0.883,0.92,0.892,0.883,0.902,1.0,0.901,0.91,0.867,0.924,0.886,0.927,0.915,0.888,0.881,0.886,0.887,0.897,0.89,0.887,0.897,0.884,0.872,0.873,0.895,0.975,0.883,0.878,0.926,0.892,0.016,0.898,0.87,0.91,0.896,0.893,0.929,0.897,0.926,0.894,0.882,0.973,0.97,0.891,0.885,0.886,0.906,0.893
0.926,0.902,0.894,0.889,0.9,0.895,0.914,0.901,1.0,0.876,0.884,0.896,0.899,0.889,0.882,0.902,0.895,0.903,0.908,0.909,0.899,0.904,0.913,0.893,0.888,0.886,0.908,0.901,0.902,0.912,0.896,0.911,0.015,0.908,0.879,0.891,0.91,0.904,0.9,0.907,0.893,0.901,0.904,0.898,0.896,0.899,0.89,0.892,0.888,0.902
0.879,0.883,0.87,0.933,0.883,0.869,0.876,0.91,0.876,1.0,0.883,0.925,0.877,0.936,0.932,0.881,0.875,0.867,0.863,0.874,0.856,0.873,0.869,0.885,0.884,0.881,0.875,0.912,0.893,0.885,0.92,0.87,0.015,0.875,0.881,0.908,0.875,0.878,0.902,0.87,0.927,0.865,0.877,0.906,0.912,0.856,0.88,0.878,0.915,0.882
0.887,0.903,0.875,0.877,0.928,0.906,0.89,0.867,0.884,0.883,1.0,0.875,0.924,0.878,0.879,0.897,0.898,0.916,0.909,0.886,0.904,0.92,0.913,0.925,0.919,0.917,0.909,0.871,0.889,0.888,0.868,0.914,0.014,0.913,0.917,0.879,0.889,0.918,0.87,0.917,0.87,0.898,0.92,0.866,0.868,0.852,0.906,0.906,0.879,0.883
0.893,0.9,0.885,0.941,0.902,0.888,0.887,0.924,0.896,0.925,0.875,1.0,0.9,0.937,0.952,0.89,0.889,0.886,0.88,0.886,0.884,0.891,0.889,0.889,0.882,0.879,0.896,0.928,0.901,0.885,0.92,0.897,0.013,0.893,0.882,0.921,0.887,0.9,0.916,0.89,0.931,0.881,0.899,0.92,0.923,0.867,0.89,0.89,0.917,0.895
0.899,0.921,0.895,0.892,0.93,0.928,0.904,0.886,0.899,0.877,0.924,0.9,1.0,0.892,0.885,0.91,0.919,0.935,0.937,0.903,0.927,0.947,0.941,0.915,0.909,0.902,0.946,0.889,0.9,0.901,0.886,0.939,0.013,0.943,0.906,0.897,0.905,0.943,0.886,0.942,0.891,0.913,0.944,0.884,0.886,0.876,0.925,0.927,0.895,0.904
0.89,0.893,0.88,0.954,0.898,0.885,0.896,0.927,0.889,0.936,0.878,0.937,0.892,1.0,0.944,0.897,0.887,0.887,0.877,0.892,0.877,0.887,0.888,0.887,0.877,0.882,0.89,0.937,0.897,0.882,0.933,0.892,0.013,0.889,0.871,0.924,0.893,0.895,0.924,0.885,0.944,0.878,0.89,0.93,0.935,0.865,0.89,0.889,0.929,0.893
0.881,0.883,0.871,0.954,0.893,0.878,0.887,0.915,0.882,0.932,0.879,0.952,0.885,0.944,1.0,0.889,0.885,0.876,0.872,0.884,0.866,0.879,0.88,0.883,0.882,0.879,0.883,0.926,0.9,0.889,0.924,0.885,0.013,0.881,0.877,0.92,0.885,0.89,0.913,0.882,0.935,0.876,0.883,0.917,0.921,0.862,0.884,0.883,0.926,0.894
0.907,0.913,0.886,0.897,0.918,0.914,0.98,0.888,0.902,0.881,0.897,0.89,0.91,0.897,0.889,1.0,0.902,0.927,0.919,0.979,0.913,0.924,0.92,0.903,0.902,0.9,0.908,0.889,0.902,0.901,0.893,0.915,0.014,0.911,0.899,0.898,0.981,0.913,0.891,0.91,0.896,0.903,0.909,0.886,0.888,0.884,0.916,0.918,0.902,0.909
0.898,0.936,0.883,0.889,0.917,0.934,0.899,0.881,0.895,0.875,0.898,0.889,0.919,0.887,0.885,0.902,1.0,0.913,0.906,0.899,0.898,0.91,0.91,0.927,0.933,0.926,0.908,0.88,0.895,0.894,0.88,0.925,0.014,0.92,0.926,0.891,0.9,0.915,0.884,0.908,0.886,0.91,0.918,0.874,0.877,0.875,0.932,0.931,0.893,0.898
0.901,0.92,0.892,0.886,0.925,0.922,0.925,0.886,0.903,0.867,0.916,0.886,0.935,0.887,0.876,0.927,0.913,1.0,0.948,0.924,0.931,0.947,0.941,0.912,0.904,0.907,0.932,0.886,0.892,0.896,0.885,0.933,0.013,0.938,0.901,0.896,0.925,0.931,0.89,0.933,0.89,0.919,0.926,0.881,0.882,0.882,0.925,0.928,0.89,0.907
0.892,0.915,0.885,0.876,0.92,0.92,0.921,0.887,0.908,0.863,0.909,0.88,0.937,0.877,0.872,0.919,0.906,0.948,1.0,0.922,0.939,0.951,0.95,0.905,0.9,0.901,0.938,0.886,0.887,0.886,0.886,0.932,0.012,0.942,0.899,0.889,0.92,0.927,0.898,0.941,0.885,0.912,0.921,0.882,0.881,0.889,0.91,0.912,0.883,0.902
0.905,0.909,0.881,0.892,0.913,0.907,0.994,0.897,0.909,0.874,0.886,0.886,0.903,0.892,0.884,0.979,0.899,0.924,0.922,1.0,0.921,0.916,0.927,0.893,0.896,0.897,0.912,0.897,0.894,0.894,0.898,0.918,0.015,0.918,0.889,0.894,0.997,0.909,0.902,0.92,0.898,0.911,0.902,0.894,0.895,0.889,0.908,0.91,0.893,0.908
0.895,0.911,0.877,0.872,0.92,0.908,0.923,0.89,0.899,0.856,0.904,0.884,0.927,0.877,0.866,0.913,0.898,0.931,0.939,0.921,1.0,0.941,0.952,0.901,0.894,0.898,0.932,0.893,0.885,0.884,0.883,0.944,0.015,0.944,0.885,0.88,0.92,0.924,0.888,0.931,0.878,0.922,0.92,0.889,0.887,0.884,0.906,0.909,0.872,0.893
0.906,0.911,0.886,0.885,0.928,0.926,0.917,0.887,0.904,0.873,0.92,0.891,0.947,0.887,0.879,0.924,0.91,0.947,0.951,0.916,0.941,1.0,0.972,0.904,0.896,0.904,0.941,0.887,0.895,0.891,0.888,0.942,0.012,0.962,0.897,0.897,0.918,0.944,0.891,0.939,0.888,0.909,0.935,0.883,0.883,0.888,0.916,0.918,0.889,0.907
0.907,0.908,0.887,0.883,0.925,0.925,0.928,0.897,0.913,0.869,0.913,0.889,0.941,0.888,0.88,0.92,0.91,0.941,0.95,0.927,0.952,0.972,1.0,0.902,0.897,0.9,0.946,0.895,0.896,0.889,0.89,0.948,0.013,0.962,0.891,0.891,0.926,0.939,0.899,0.942,0.888,0.919,0.929,0.891,0.892,0.896,0.912,0.914,0.885,0.906
0.894,0.94,0.877,0.885,0.919,0.929,0.897,0.884,0.893,0.885,0.925,0.889,0.915,0.887,0.883,0.903,0.927,0.912,0.905,0.893,0.901,0.904,0.902,1.0,0.955,0.941,0.904,0.885,0.902,0.901,0.875,0.917,0.015,0.905,0.95,0.886,0.895,0.918,0.868,0.907,0.882,0.91,0.91,0.881,0.883,0.866,0.924,0.923,0.888,0.894
0.891,0.942,0.877,0.88,0.912,0.932,0.896,0.872,0.888,0.884,0.919,0.882,0.909,0.877,0.882,0.902,0.933,0.904,0.9,0.896,0.894,0.896,0.897,0.955,1.0,0.945,0.898,0.875,0.893,0.898,0.869,0.912,0.015,0.898,0.95,0.88,0.898,0.908,0.871,0.904,0.877,0.903,0.909,0.871,0.871,0.864,0.916,0.915,0.881,0.889
0.889,0.919,0.867,0.88,0.909,0.915,0.896,0.873,0.886,0.881,0.917,0.879,0.902,0.882,0.879,0.9,0.926,0.907,0.901,0.897,0.898,0.904,0.9,0.941,0.945,1.0,0.897,0.872,0.887,0.886,0.869,0.91,0.016,0.897,0.934,0.881,0.899,0.903,0.872,0.903,0.874,0.901,0.898,0.868,0.866,0.86,0.917,0.916,0.877,0.886
0.9,0.913,0.886,0.886,0.924,0.917,0.914,0.895,0.908,0.875,0.909,0.896,0.946,0.89,0.883,0.908,0.908,0.932,0.938,0.912,0.932,0.941,0.946,0.904,0.898,0.897,1.0,0.893,0.9,0.891,0.891,0.945,0.014,0.943,0.893,0.888,0.914,0.95,0.888,0.942,0.894,0.917,0.947,0.889,0.888,0.886,0.913,0.915,0.889,0.91
0.9,0.9,0.883,0.935,0.891,0.884,0.903,0.975,0.901,0.912,0.871,0.928,0.889,0.937,0.926,0.889,0.88,0.886,0.886,0.897,0.893,0.887,0.895,0.885,0.875,0.872,0.893,1.0,0.887,0.882,0.931,0.896,0.015,0.897,0.871,0.917,0.897,0.895,0.928,0.9,0.935,0.895,0.88,0.99,0.986,0.884,0.881,0.882,0.917,0.892
0.911,0.906,0.884,0.898,0.898,0.893,0.897,0.883,0.902,0.893,0.889,0.901,0.9,0.897,0.9,0.902,0.895,0.892,0.887,0.894,0.885,0.895,0.896,0.902,0.893,0.887,0.9,0.887,1.0,0.908,0.886,0.902,0.011,0.896,0.886,0.901,0.897,0.907,0.886,0.902,0.888,0.889,0.902,0.885,0.889,0.882,0.896,0.897,0.898,0.949
0.907,0.898,0.896,0.889,0.893,0.888,0.896,0.878,0.912,0.885,0.888,0.885,0.901,0.882,0.889,0.901,0.894,0.896,0.886,0.894,0.884,0.891,0.889,0.901,0.898,0.886,0.891,0.882,0.908,1.0,0.88,0.892,0.016,0.891,0.892,0.89,0.896,0.894,0.875,0.904,0.884,0.883,0.895,0.877,0.879,0.878,0.899,0.9,0.893,0.9
0.883,0.887,0.876,0.935,0.885,0.882,0.899,0.926,0.896,0.92,0.868,0.92,0.886,0.933,0.924,0.893,0.88,0.885,0.886,0.898,0.883,0.888,0.89,0.875,0.869,0.869,0.891,0.931,0.886,0.88,1.0,0.893,0.015,0.891,0.87,0.911,0.898,0.885,0.914,0.887,0.96,0.889,0.876,0.922,0.928,0.873,0.881,0.882,0.907,0.894
0.908,0.924,0.89,0.887,0.926,0.923,0.921,0.892,0.911,0.87,0.914,0.897,0.939,0.892,0.885,0.915,0.925,0.933,0.932,0.918,0.944,0.942,0.948,0.917,0.912,0.91,0.945,0.896,0.902,0.892,0.893,1.0,0.013,0.946,0.904,0.898,0.92,0.941,0.889,0.942,0.896,0.924,0.938,0.891,0.892,0.891,0.918,0.92,0.895,0.909
0.015,0.013,0.013,0.014,0.013,0.011,0.015,0.016,0.015,0.015,0.014,0.013,0.013,0.013,0.013,0.014,0.014,0.013,0.012,0.015,0.015,0.012,0.013,0.015,0.015,0.016,0.014,0.015,0.011,0.016,0.015,0.013,1.0,0.012,0.014,0.016,0.015,0.013,0.014,0.014,0.015,0.013,0.012,0.016,0.016,0.014,0.014,0.014,0.013,0.012
0.904,0.917,0.894,0.888,0.932,0.929,0.919,0.898,0.908,0.875,0.913,0.893,0.943,0.889,0.881,0.911,0.92,0.938,0.942,0.918,0.944,0.962,0.962,0.905,0.898,0.897,0.943,0.897,0.896,0.891,0.891,0.946,0.012,1.0,0.896,0.897,0.918,0.943,0.901,0.944,0.891,0.919,0.94,0.894,0.893,0.893,0.915,0.917,0.895,0.904
0.882,0.932,0.869,0.876,0.91,0.928,0.891,0.87,0.879,0.881,0.917,0.882,0.906,0.871,0.877,0.899,0.926,0.901,0.899,0.889,0.885,0.897,0.891,0.95,0.95,0.934,0.893,0.871,0.886,0.892,0.87,0.904,0.014,0.896,1.0,0.88,0.889,0.902,0.869,0.901,0.873,0.907,0.904,0.868,0.869,0.861,0.917,0.915,0.882,0.886
0.892,0.895,0.879,0.929,0.897,0.893,0.897,0.91,0.891,0.908,0.879,0.921,0.897,0.924,0.92,0.898,0.891,0.896,0.889,0.894,0.88,0.897,0.891,0.886,0.88,0.881,0.888,0.917,0.901,0.89,0.911,0.898,0.016,0.897,0.88,1.0,0.895,0.892,0.919,0.892,0.921,0.883,0.891,0.915,0.914,0.87,0.884,0.885,0.926,0.902
0.908,0.911,0.881,0.894,0.915,0.909,0.993,0.896,0.91,0.875,0.889,0.887,0.905,0.893,0.885,0.981,0.9,0.925,0.92,0.997,0.92,0.918,0.926,0.895,0.898,0.899,0.914,0.897,0.897,0.896,0.898,0.92,0.015,0.918,0.889,0.895,1.0,0.912,0.9,0.921,0.898,0.91,0.903,0.894,0.895,0.888,0.909,0.912,0.893,0.909
0.911,0.928,0.887,0.895,0.93,0.929,0.911,0.893,0.904,0.878,0.918,0.9,0.943,0.895,0.89,0.913,0.915,0.931,0.927,0.909,0.924,0.944,0.939,0.918,0.908,0.903,0.95,0.895,0.907,0.894,0.885,0.941,0.013,0.943,0.902,0.892,0.912,1.0,0.885,0.944,0.897,0.913,0.945,0.89,0.886,0.883,0.927,0.929,0.897,0.911
0.879,0.884,0.879,0.913,0.894,0.894,0.903,0.929,0.9,0.902,0.87,0.916,0.886,0.924,0.913,0.891,0.884,0.89,0.898,0.902,0.888,0.891,0.899,0.868,0.871,0.872,0.888,0.928,0.886,0.875,0.914,0.889,0.014,0.901,0.869,0.919,0.9,0.885,1.0,0.895,0.916,0.89,0.886,0.924,0.927,0.883,0.88,0.881,0.9,0.89
0.908,0.919,0.881,0.886,0.932,0.921,0.922,0.897,0.907,0.87,0.917,0.89,0.942,0.885,0.882,0.91,0.908,0.933,0.941,0.92,0.931,0.939,0.942,0.907,0.904,0.903,0.942,0.9,0.902,0.904,0.887,0.942,0.014,0.944,0.901,0.892,0.921,0.944,0.895,1.0,0.89,0.917,0.94,0.896,0.897,0.889,0.922,0.924,0.888,0.912
0.889,0.894,0.883,0.948,0.895,0.885,0.899,0.926,0.893,0.927,0.87,0.931,0.891,0.944,0.935,0.896,0.886,0.89,0.885,0.898,0.878,0.888,0.888,0.882,0.877,0.874,0.894,0.935,0.888,0.884,0.96,0.896,0.015,0.891,0.873,0.921,0.898,0.897,0.916,0.89,1.0,0.89,0.891,0.927,0.931,0.87,0.886,0.887,0.919,0.897
0.889,0.922,0.877,0.882,0.919,0.913,0.914,0.894,0.901,0.865,0.898,0.881,0.913,0.878,0.876,0.903,0.91,0.919,0.912,0.911,0.922,0.909,0.919,0.91,0.903,0.901,0.917,0.895,0.889,0.883,0.889,0.924,0.013,0.919,0.907,0.883,0.91,0.913,0.89,0.917,0.89,1.0,0.916,0.892,0.893,0.884,0.922,0.924,0.875,0.894
0.9,0.92,0.886,0.891,0.94,0.925,0.903,0.882,0.904,0.877,0.92,0.899,0.944,0.89,0.883,0.909,0.918,0.926,0.921,0.902,0.92,0.935,0.929,0.91,0.909,0.898,0.947,0.88,0.902,0.895,0.876,0.938,0.012,0.94,0.904,0.891,0.903,0.945,0.886,0.94,0.891,0.916,1.0,0.876,0.879,0.882,0.92,0.921,0.891,0.905
0.896,0.896,0.882,0.927,0.887,0.88,0.9,0.973,0.898,0.906,0.866,0.92,0.884,0.93,0.917,0.886,0.874,0.881,0.882,0.894,0.889,0.883,0.891,0.881,0.871,0.868,0.889,0.99,0.885,0.877,0.922,0.891,0.016,0.894,0.868,0.915,0.894,0.89,0.924,0.896,0.927,0.892,0.876,1.0,0.986,0.888,0.875,0.876,0.912,0.89
0.897,0.897,0.883,0.932,0.891,0.882,0.901,0.97,0.896,0.912,0.868,0.923,0.886,0.935,0.921,0.888,0.877,0.882,0.881,0.895,0.887,0.883,0.892,0.883,0.871,0.866,0.888,0.986,0.889,0.879,0.928,0.892,0.016,0.893,0.869,0.914,0.895,0.886,0.927,0.897,0.931,0.893,0.879,0.986,1.0,0.888,0.88,0.881,0.908,0.89
0.881,0.881,0.863,0.873,0.877,0.881,0.889,0.891,0.899,0.856,0.852,0.867,0.876,0.865,0.862,0.884,0.875,0.882,0.889,0.889,0.884,0.888,0.896,0.866,0.864,0.86,0.886,0.884,0.882,0.878,0.873,0.891,0.014,0.893,0.861,0.87,0.888,0.883,0.883,0.889,0.87,0.884,0.882,0.888,0.888,1.0,0.882,0.885,0.877,0.902
0.895,0.93,0.889,0.888,0.928,0.929,0.909,0.885,0.89,0.88,0.906,0.89,0.925,0.89,0.884,0.916,0.932,0.925,0.91,0.908,0.906,0.916,0.912,0.924,0.916,0.917,0.913,0.881,0.896,0.899,0.881,0.918,0.014,0.915,0.917,0.884,0.909,0.927,0.88,0.922,0.886,0.922,0.92,0.875,0.88,0.882,1.0,0.997,0.895,0.904
0.897,0.932,0.889,0.887,0.93,0.931,0.912,0.886,0.892,0.878,0.906,0.89,0.927,0.889,0.883,0.918,0.931,0.928,0.912,0.91,0.909,0.918,0.914,0.923,0.915,0.916,0.915,0.882,0.897,0.9,0.882,0.92,0.014,0.917,0.915,0.885,0.912,0.929,0.881,0.924,0.887,0.924,0.921,0.876,0.881,0.885,0.997,1.0,0.894,0.907
0.889,0.895,0.878,0.927,0.896,0.891,0.895,0.906,0.888,0.915,0.879,0.917,0.895,0.929,0.926,0.902,0.893,0.89,0.883,0.893,0.872,0.889,0.885,0.888,0.881,0.877,0.889,0.917,0.898,0.893,0.907,0.895,0.013,0.895,0.882,0.926,0.893,0.897,0.9,0.888,0.919,0.875,0.891,0.912,0.908,0.877,0.895,0.894,1.0,0.9
0.906,0.908,0.887,0.897,0.903,0.901,0.91,0.893,0.902,0.882,0.883,0.895,0.904,0.893,0.894,0.909,0.898,0.907,0.902,0.908,0.893,0.907,0.906,0.894,0.889,0.886,0.91,0.892,0.949,0.9,0.894,0.909,0.012,0.904,0.886,0.902,0.909,0.911,0.89,0.912,0.897,0.894,0.905,0.89,0.89,0.902,0.904,0.907,0.9,1.0
