GCF_000163235.1_ASM16323v1_genomic.fna,GCF_000164555.1_ASM16455v1_genomic.fna,GCF_000208545.1_ASM20854v2_genomic.fna,GCF_000233875.1_ASM23387v1_genomic.fna,GCF_000249735.1_ASM24973v2_genomic.fna,GCF_000261145.1_Esch_coli_M919_V2_genomic.fna,GCF_000267705.2_ASM26770v2_genomic.fna,GCF_000350665.1_Esch_coli_KTE5_V1_genomic.fna,GCF_000351625.1_Esch_coli_KTE66_V1_genomic.fna,GCF_000352285.1_Esch_coli_KTE46_V1_genomic.fna,GCF_000358895.1_ASM35889v1_genomic.fna,GCF_000456385.1_Esch_coli_HVH_26_4-5703913_V1_genomic.fna,GCF_000458195.1_Esch_coli_HVH_147_4-5893887_V1_genomic.fna,GCF_000459755.1_Esch_coli_KOEGE_58_171a_V1_genomic.fna,GCF_000460055.1_Esch_coli_UMEA_3053-1_V1_genomic.fna,GCF_000462165.2_ASM46216v2_genomic.fna,GCF_000601135.1_ASM60113v1_genomic.fna,GCF_000614595.1_Ec2010EL1058_genomic.fna,GCF_000617745.1_Ec2010C-4529_genomic.fna,GCF_000618265.2_EcF6751_genomic.fna,GCF_000619005.2_Ec2009C-4052_genomic.fna,GCF_000619105.1_Ec2009C-4780_genomic.fna,GCF_000619765.2_Ec2009C-3279_genomic.fna,GCF_000687005.1_ASM68700v1_genomic.fna,GCF_000687025.1_ASM68702v1_genomic.fna,GCF_000700125.1_ASM70012v1_genomic.fna,GCF_000753315.1_FHI35_genomic.fna,GCF_000776375.1_ASM77637v1_genomic.fna,GCF_000779395.1_ASM77939v1_genomic.fna,GCF_000780315.1_ASM78031v1_genomic.fna,GCF_000781995.1_ASM78199v1_genomic.fna,GCF_000986765.1_ASM98676v1_genomic.fna,GCF_001041375.1_ViralProj287958_genomic.fna,GCF_001265335.1_302014_genomic.fna,GCF_001265625.1_100854_genomic.fna,GCF_001267345.1_303289_genomic.fna,GCF_001309985.1_ASM130998v1_genomic.fna,GCF_001521695.1_ASM152169v1_genomic.fna,GCF_001592595.1_ASM159259v1_genomic.fna,GCF_001614975.1_ASM161497v1_genomic.fna,GCF_001692775.1_ASM169277v1_genomic.fna,GCF_001748915.1_ASM174891v1_genomic.fna,GCF_001749235.1_ASM174923v1_genomic.fna,GCF_001881155.1_ASM188115v1_genomic.fna,GCF_001881345.1_ASM188134v1_genomic.fna,GCF_001892405.1_ASM189240v1_genomic.fna,GCF_001892585.1_ASM189258v1_genomic.fna,GCF_001893985.1_ASM189398v1_genomic.fna,GCF_002001595.1_ASM200159v1_genomic.fna,GCF_002002145.1_ASM200214v1_genomic.fna
1.0,0.484,0.405,0.431,0.486,0.473,0.46,0.456,0.585,0.453,0.475,0.463,0.471,0.419,0.431,0.464,0.471,0.47,0.464,0.454,0.462,0.469,0.464,0.48,0.473,0.45,0.474,0.443,0.518,0.584,0.423,0.48,0.0,0.477,0.439,0.433,0.457,0.488,0.44,0.467,0.429,0.46,0.484,0.448,0.47,0.472,0.461,0.462,0.43,0.523
0.484,1.0,0.347,0.401,0.633,0.779,0.521,0.427,0.448,0.411,0.594,0.427,0.601,0.381,0.395,0.526,0.692,0.597,0.59,0.522,0.591,0.597,0.601,0.781,0.787,0.701,0.593,0.412,0.455,0.454,0.393,0.614,0.0,0.596,0.74,0.392,0.521,0.616,0.407,0.587,0.395,0.677,0.604,0.43,0.445,0.428,0.672,0.673,0.411,0.451
0.405,0.347,1.0,0.329,0.345,0.343,0.341,0.34,0.381,0.331,0.342,0.339,0.341,0.327,0.325,0.344,0.354,0.326,0.323,0.337,0.338,0.343,0.339,0.339,0.343,0.344,0.334,0.331,0.373,0.399,0.311,0.351,0.0,0.344,0.312,0.349,0.339,0.337,0.345,0.338,0.324,0.337,0.341,0.343,0.335,0.36,0.354,0.354,0.342,0.376
0.431,0.401,0.329,1.0,0.408,0.406,0.396,0.703,0.436,0.732,0.41,0.729,0.409,0.766,0.774,0.4,0.388,0.406,0.394,0.387,0.379,0.395,0.391,0.411,0.402,0.401,0.395,0.768,0.46,0.427,0.729,0.402,0.0,0.391,0.399,0.627,0.392,0.402,0.663,0.403,0.74,0.386,0.391,0.738,0.725,0.447,0.389,0.39,0.66,0.466
0.486,0.633,0.345,0.408,1.0,0.65,0.531,0.425,0.474,0.415,0.762,0.422,0.692,0.397,0.415,0.537,0.63,0.664,0.654,0.53,0.678,0.667,0.674,0.637,0.63,0.629,0.69,0.416,0.472,0.477,0.396,0.687,0.0,0.667,0.608,0.424,0.529,0.7,0.416,0.675,0.409,0.635,0.709,0.421,0.429,0.442,0.66,0.662,0.42,0.463
0.473,0.779,0.343,0.406,0.65,1.0,0.535,0.439,0.469,0.413,0.617,0.417,0.624,0.397,0.414,0.547,0.707,0.626,0.607,0.529,0.593,0.624,0.612,0.801,0.817,0.709,0.621,0.421,0.469,0.456,0.404,0.622,0.0,0.624,0.772,0.417,0.53,0.641,0.425,0.619,0.415,0.685,0.628,0.424,0.417,0.418,0.71,0.707,0.419,0.457
0.46,0.521,0.341,0.396,0.531,0.535,1.0,0.405,0.462,0.387,0.514,0.397,0.516,0.382,0.392,0.946,0.529,0.56,0.532,0.981,0.561,0.552,0.564,0.542,0.526,0.515,0.535,0.399,0.443,0.452,0.386,0.528,0.0,0.538,0.506,0.41,0.986,0.515,0.395,0.508,0.388,0.531,0.528,0.407,0.404,0.413,0.518,0.518,0.389,0.454
0.456,0.427,0.34,0.703,0.425,0.439,0.405,1.0,0.445,0.693,0.402,0.707,0.421,0.686,0.701,0.407,0.414,0.421,0.402,0.396,0.402,0.412,0.406,0.423,0.42,0.41,0.423,0.892,0.483,0.443,0.693,0.419,0.0,0.415,0.399,0.626,0.4,0.433,0.686,0.414,0.693,0.412,0.423,0.901,0.88,0.453,0.404,0.405,0.657,0.474
0.585,0.448,0.381,0.436,0.474,0.469,0.462,0.445,1.0,0.449,0.48,0.426,0.472,0.418,0.434,0.472,0.47,0.472,0.453,0.458,0.459,0.476,0.459,0.466,0.457,0.455,0.469,0.441,0.514,0.615,0.434,0.468,0.0,0.472,0.45,0.437,0.46,0.466,0.439,0.47,0.433,0.462,0.471,0.441,0.435,0.471,0.452,0.451,0.427,0.504
0.453,0.411,0.331,0.732,0.415,0.413,0.387,0.693,0.449,1.0,0.433,0.692,0.417,0.718,0.709,0.397,0.403,0.403,0.386,0.38,0.38,0.395,0.384,0.418,0.404,0.406,0.4,0.732,0.474,0.42,0.738,0.396,0.0,0.389,0.411,0.635,0.384,0.408,0.663,0.406,0.729,0.394,0.393,0.703,0.709,0.439,0.393,0.391,0.654,0.461
0.475,0.594,0.342,0.41,0.762,0.617,0.514,0.402,0.48,0.433,1.0,0.398,0.734,0.412,0.412,0.531,0.622,0.684,0.673,0.507,0.661,0.681,0.66,0.638,0.604,0.616,0.701,0.418,0.461,0.468,0.397,0.683,0.0,0.664,0.639,0.421,0.512,0.702,0.398,0.704,0.396,0.605,0.708,0.4,0.396,0.418,0.629,0.628,0.411,0.453
0.463,0.427,0.339,0.729,0.422,0.417,0.397,0.707,0.426,0.692,0.398,1.0,0.407,0.713,0.84,0.404,0.403,0.405,0.391,0.389,0.391,0.403,0.389,0.413,0.411,0.408,0.405,0.715,0.469,0.434,0.667,0.413,0.0,0.4,0.389,0.618,0.394,0.412,0.68,0.413,0.695,0.387,0.405,0.723,0.725,0.444,0.404,0.406,0.644,0.46
0.471,0.601,0.341,0.409,0.692,0.624,0.516,0.421,0.472,0.417,0.734,0.407,1.0,0.402,0.41,0.531,0.628,0.716,0.726,0.511,0.713,0.774,0.751,0.644,0.615,0.618,0.758,0.426,0.461,0.474,0.397,0.723,0.0,0.756,0.611,0.415,0.515,0.743,0.402,0.769,0.398,0.61,0.744,0.411,0.406,0.427,0.621,0.619,0.41,0.441
0.419,0.381,0.327,0.766,0.397,0.397,0.382,0.686,0.418,0.718,0.412,0.713,0.402,1.0,0.768,0.389,0.379,0.401,0.377,0.374,0.372,0.394,0.384,0.391,0.387,0.384,0.39,0.749,0.463,0.411,0.719,0.396,0.0,0.387,0.395,0.619,0.38,0.396,0.67,0.395,0.729,0.37,0.389,0.72,0.705,0.44,0.38,0.38,0.641,0.447
0.431,0.395,0.325,0.774,0.415,0.414,0.392,0.701,0.434,0.709,0.412,0.84,0.41,0.768,1.0,0.396,0.393,0.409,0.39,0.384,0.379,0.4,0.392,0.404,0.395,0.4,0.405,0.742,0.473,0.416,0.725,0.405,0.0,0.39,0.387,0.635,0.389,0.407,0.687,0.41,0.735,0.381,0.398,0.724,0.712,0.427,0.398,0.398,0.653,0.468
0.464,0.526,0.344,0.4,0.537,0.547,0.946,0.407,0.472,0.397,0.531,0.404,0.531,0.389,0.396,1.0,0.543,0.564,0.549,0.94,0.556,0.556,0.552,0.552,0.538,0.527,0.537,0.404,0.454,0.463,0.392,0.522,0.0,0.536,0.517,0.418,0.945,0.53,0.396,0.521,0.396,0.533,0.531,0.407,0.403,0.418,0.531,0.529,0.399,0.452
0.471,0.692,0.354,0.388,0.63,0.707,0.529,0.414,0.47,0.403,0.622,0.403,0.628,0.379,0.393,0.543,1.0,0.615,0.602,0.523,0.603,0.628,0.61,0.742,0.722,0.755,0.618,0.408,0.454,0.462,0.382,0.65,0.0,0.631,0.678,0.416,0.526,0.62,0.416,0.618,0.388,0.677,0.63,0.413,0.416,0.389,0.694,0.691,0.4,0.442
0.47,0.597,0.326,0.406,0.664,0.626,0.56,0.421,0.472,0.403,0.684,0.405,0.716,0.401,0.409,0.564,0.615,1.0,0.753,0.56,0.719,0.739,0.724,0.633,0.609,0.604,0.722,0.418,0.47,0.465,0.408,0.69,0.0,0.701,0.598,0.444,0.559,0.692,0.403,0.693,0.405,0.617,0.716,0.414,0.41,0.42,0.624,0.622,0.41,0.463
0.464,0.59,0.323,0.394,0.654,0.607,0.532,0.402,0.453,0.386,0.673,0.391,0.726,0.377,0.39,0.549,0.602,0.753,1.0,0.524,0.707,0.726,0.703,0.618,0.597,0.589,0.719,0.396,0.448,0.451,0.381,0.682,0.0,0.687,0.596,0.41,0.531,0.695,0.389,0.693,0.381,0.601,0.701,0.394,0.39,0.419,0.602,0.601,0.393,0.445
0.454,0.522,0.337,0.387,0.53,0.529,0.981,0.396,0.458,0.38,0.507,0.389,0.511,0.374,0.384,0.94,0.523,0.56,0.524,1.0,0.564,0.548,0.565,0.535,0.521,0.51,0.53,0.39,0.434,0.446,0.379,0.522,0.0,0.532,0.502,0.401,0.984,0.51,0.388,0.503,0.381,0.53,0.522,0.398,0.4,0.412,0.512,0.512,0.381,0.447
0.462,0.591,0.338,0.379,0.678,0.593,0.561,0.402,0.459,0.38,0.661,0.391,0.713,0.372,0.379,0.556,0.603,0.719,0.707,0.564,1.0,0.739,0.75,0.611,0.588,0.599,0.715,0.388,0.432,0.466,0.374,0.703,0.0,0.721,0.574,0.414,0.561,0.704,0.401,0.693,0.383,0.599,0.712,0.394,0.396,0.428,0.599,0.599,0.388,0.447
0.469,0.597,0.343,0.395,0.667,0.624,0.552,0.412,0.476,0.395,0.681,0.403,0.774,0.394,0.4,0.556,0.628,0.739,0.726,0.548,0.739,1.0,0.916,0.628,0.615,0.596,0.746,0.405,0.446,0.465,0.388,0.728,0.0,0.875,0.593,0.421,0.552,0.727,0.408,0.733,0.39,0.613,0.746,0.409,0.402,0.424,0.614,0.613,0.395,0.451
0.464,0.601,0.339,0.391,0.674,0.612,0.564,0.406,0.459,0.384,0.66,0.389,0.751,0.384,0.392,0.552,0.61,0.724,0.703,0.565,0.75,0.916,1.0,0.612,0.601,0.586,0.732,0.4,0.439,0.447,0.382,0.721,0.0,0.851,0.578,0.412,0.562,0.704,0.399,0.708,0.387,0.611,0.725,0.406,0.407,0.424,0.6,0.601,0.38,0.448
0.48,0.781,0.339,0.411,0.637,0.801,0.542,0.423,0.466,0.418,0.638,0.413,0.644,0.391,0.404,0.552,0.742,0.633,0.618,0.535,0.611,0.628,0.612,1.0,0.832,0.741,0.627,0.42,0.456,0.455,0.403,0.629,0.0,0.628,0.801,0.411,0.537,0.623,0.408,0.625,0.401,0.703,0.624,0.411,0.414,0.412,0.693,0.692,0.405,0.456
0.473,0.787,0.343,0.402,0.63,0.817,0.526,0.42,0.457,0.404,0.604,0.411,0.615,0.387,0.395,0.538,0.722,0.609,0.597,0.521,0.588,0.615,0.601,0.832,1.0,0.745,0.605,0.41,0.453,0.447,0.393,0.626,0.0,0.616,0.793,0.406,0.525,0.616,0.407,0.608,0.396,0.685,0.613,0.421,0.417,0.407,0.686,0.685,0.411,0.444
0.45,0.701,0.344,0.401,0.629,0.709,0.515,0.41,0.455,0.406,0.616,0.408,0.618,0.384,0.4,0.527,0.755,0.604,0.589,0.51,0.599,0.596,0.586,0.741,0.745,1.0,0.601,0.414,0.444,0.453,0.388,0.602,0.0,0.596,0.703,0.414,0.513,0.608,0.401,0.609,0.393,0.672,0.603,0.422,0.416,0.394,0.695,0.693,0.416,0.443
0.474,0.593,0.334,0.395,0.69,0.621,0.535,0.423,0.469,0.4,0.701,0.405,0.758,0.39,0.405,0.537,0.618,0.722,0.719,0.53,0.715,0.746,0.732,0.627,0.605,0.601,1.0,0.408,0.466,0.462,0.399,0.74,0.0,0.728,0.591,0.414,0.531,0.829,0.4,0.758,0.398,0.611,0.841,0.411,0.404,0.434,0.621,0.62,0.399,0.454
0.443,0.412,0.331,0.768,0.416,0.421,0.399,0.892,0.441,0.732,0.418,0.715,0.426,0.749,0.742,0.404,0.408,0.418,0.396,0.39,0.388,0.405,0.4,0.42,0.41,0.414,0.408,1.0,0.483,0.431,0.716,0.408,0.0,0.396,0.406,0.633,0.394,0.421,0.668,0.412,0.728,0.398,0.407,0.948,0.916,0.439,0.403,0.403,0.672,0.465
0.518,0.455,0.373,0.46,0.472,0.469,0.443,0.483,0.514,0.474,0.461,0.469,0.461,0.463,0.473,0.454,0.454,0.47,0.448,0.434,0.432,0.446,0.439,0.456,0.453,0.444,0.466,0.483,1.0,0.494,0.458,0.469,0.0,0.447,0.441,0.47,0.441,0.459,0.454,0.457,0.459,0.444,0.456,0.477,0.48,0.572,0.442,0.441,0.453,0.816
0.584,0.454,0.399,0.427,0.477,0.456,0.452,0.443,0.615,0.42,0.468,0.434,0.474,0.411,0.416,0.463,0.462,0.465,0.451,0.446,0.466,0.465,0.447,0.455,0.447,0.453,0.462,0.431,0.494,1.0,0.413,0.465,0.0,0.453,0.43,0.42,0.45,0.467,0.426,0.476,0.419,0.451,0.469,0.437,0.425,0.499,0.463,0.463,0.421,0.503
0.423,0.393,0.311,0.729,0.396,0.404,0.386,0.693,0.434,0.738,0.397,0.667,0.397,0.719,0.725,0.392,0.382,0.408,0.381,0.379,0.374,0.388,0.382,0.403,0.393,0.388,0.399,0.716,0.458,0.413,1.0,0.391,0.0,0.378,0.385,0.626,0.384,0.4,0.66,0.393,0.901,0.379,0.395,0.695,0.681,0.426,0.382,0.381,0.654,0.444
0.48,0.614,0.351,0.402,0.687,0.622,0.528,0.419,0.468,0.396,0.683,0.413,0.723,0.396,0.405,0.522,0.65,0.69,0.682,0.522,0.703,0.728,0.721,0.629,0.626,0.602,0.74,0.408,0.469,0.465,0.391,1.0,0.0,0.73,0.583,0.41,0.525,0.741,0.417,0.73,0.393,0.607,0.758,0.413,0.421,0.423,0.633,0.634,0.397,0.454
0.0,0.0,0.0,0.0,0.0,0.0,0.0,0.0,0.0,0.0,0.0,0.0,0.0,0.0,0.0,0.0,0.0,0.0,0.0,0.0,0.0,0.0,0.0,0.0,0.0,0.0,0.0,0.0,0.0,0.0,0.0,0.0,1.0,0.0,0.0,0.0,0.0,0.0,0.0,0.0,0.0,0.0,0.0,0.0,0.0,0.0,0.0,0.0,0.0,0.0
0.477,0.596,0.344,0.391,0.667,0.624,0.538,0.415,0.472,0.389,0.664,0.4,0.756,0.387,0.39,0.536,0.631,0.701,0.687,0.532,0.721,0.875,0.851,0.628,0.616,0.596,0.728,0.396,0.447,0.453,0.378,0.73,0.0,1.0,0.585,0.433,0.535,0.713,0.418,0.718,0.377,0.605,0.736,0.404,0.408,0.419,0.602,0.604,0.384,0.454
0.439,0.74,0.312,0.399,0.608,0.772,0.506,0.399,0.45,0.411,0.639,0.389,0.611,0.395,0.387,0.517,0.678,0.598,0.596,0.502,0.574,0.593,0.578,0.801,0.793,0.703,0.591,0.406,0.441,0.43,0.385,0.583,0.0,0.585,1.0,0.395,0.503,0.589,0.382,0.601,0.383,0.66,0.598,0.391,0.393,0.4,0.656,0.653,0.377,0.433
0.433,0.392,0.349,0.627,0.424,0.417,0.41,0.626,0.437,0.635,0.421,0.618,0.415,0.619,0.635,0.418,0.416,0.444,0.41,0.401,0.414,0.421,0.412,0.411,0.406,0.414,0.414,0.633,0.47,0.42,0.626,0.41,0.0,0.433,0.395,1.0,0.406,0.408,0.646,0.418,0.64,0.399,0.407,0.63,0.617,0.445,0.404,0.403,0.61,0.465
0.457,0.521,0.339,0.392,0.529,0.53,0.986,0.4,0.46,0.384,0.512,0.394,0.515,0.38,0.389,0.945,0.526,0.559,0.531,0.984,0.561,0.552,0.562,0.537,0.525,0.513,0.531,0.394,0.441,0.45,0.384,0.525,0.0,0.535,0.503,0.406,1.0,0.514,0.39,0.507,0.386,0.53,0.525,0.402,0.4,0.411,0.517,0.517,0.386,0.45
0.488,0.616,0.337,0.402,0.7,0.641,0.515,0.433,0.466,0.408,0.702,0.412,0.743,0.396,0.407,0.53,0.62,0.692,0.695,0.51,0.704,0.727,0.704,0.623,0.616,0.608,0.829,0.421,0.459,0.467,0.4,0.741,0.0,0.713,0.589,0.408,0.514,1.0,0.409,0.748,0.407,0.612,0.857,0.421,0.406,0.426,0.642,0.641,0.411,0.45
0.44,0.407,0.345,0.663,0.416,0.425,0.395,0.686,0.439,0.663,0.398,0.68,0.402,0.67,0.687,0.396,0.416,0.403,0.389,0.388,0.401,0.408,0.399,0.408,0.407,0.401,0.4,0.668,0.454,0.426,0.66,0.417,0.0,0.418,0.382,0.646,0.39,0.409,1.0,0.407,0.666,0.402,0.406,0.676,0.68,0.43,0.404,0.405,0.629,0.451
0.467,0.587,0.338,0.403,0.675,0.619,0.508,0.414,0.47,0.406,0.704,0.413,0.769,0.395,0.41,0.521,0.618,0.693,0.693,0.503,0.693,0.733,0.708,0.625,0.608,0.609,0.758,0.412,0.457,0.476,0.393,0.73,0.0,0.718,0.601,0.418,0.507,0.748,0.407,1.0,0.398,0.597,0.758,0.407,0.405,0.436,0.629,0.628,0.404,0.453
0.429,0.395,0.324,0.74,0.409,0.415,0.388,0.693,0.433,0.729,0.396,0.695,0.398,0.729,0.735,0.396,0.388,0.405,0.381,0.381,0.383,0.39,0.387,0.401,0.396,0.393,0.398,0.728,0.459,0.419,0.901,0.393,0.0,0.377,0.383,0.64,0.386,0.407,0.666,0.398,1.0,0.382,0.392,0.715,0.701,0.429,0.39,0.389,0.661,0.447
0.46,0.677,0.337,0.386,0.635,0.685,0.531,0.412,0.462,0.394,0.605,0.387,0.61,0.37,0.381,0.533,0.677,0.617,0.601,0.53,0.599,0.613,0.611,0.703,0.685,0.672,0.611,0.398,0.444,0.451,0.379,0.607,0.0,0.605,0.66,0.399,0.53,0.612,0.402,0.597,0.382,1.0,0.642,0.403,0.399,0.405,0.71,0.71,0.381,0.445
0.484,0.604,0.341,0.391,0.709,0.628,0.528,0.423,0.471,0.393,0.708,0.405,0.744,0.389,0.398,0.531,0.63,0.716,0.701,0.522,0.712,0.746,0.725,0.624,0.613,0.603,0.841,0.407,0.456,0.469,0.395,0.758,0.0,0.736,0.598,0.407,0.525,0.857,0.406,0.758,0.392,0.642,1.0,0.41,0.406,0.438,0.634,0.634,0.398,0.455
0.448,0.43,0.343,0.738,0.421,0.424,0.407,0.901,0.441,0.703,0.4,0.723,0.411,0.72,0.724,0.407,0.413,0.414,0.394,0.398,0.394,0.409,0.406,0.411,0.421,0.422,0.411,0.948,0.477,0.437,0.695,0.413,0.0,0.404,0.391,0.63,0.402,0.421,0.676,0.407,0.715,0.403,0.41,1.0,0.945,0.445,0.408,0.41,0.674,0.469
0.47,0.445,0.335,0.725,0.429,0.417,0.404,0.88,0.435,0.709,0.396,0.725,0.406,0.705,0.712,0.403,0.416,0.41,0.39,0.4,0.396,0.402,0.407,0.414,0.417,0.416,0.404,0.916,0.48,0.425,0.681,0.421,0.0,0.408,0.393,0.617,0.4,0.406,0.68,0.405,0.701,0.399,0.406,0.945,1.0,0.45,0.403,0.406,0.657,0.469
0.472,0.428,0.36,0.447,0.442,0.418,0.413,0.453,0.471,0.439,0.418,0.444,0.427,0.44,0.427,0.418,0.389,0.42,0.419,0.412,0.428,0.424,0.424,0.412,0.407,0.394,0.434,0.439,0.572,0.499,0.426,0.423,0.0,0.419,0.4,0.445,0.411,0.426,0.43,0.436,0.429,0.405,0.438,0.445,0.45,1.0,0.423,0.423,0.432,0.635
0.461,0.672,0.354,0.389,0.66,0.71,0.518,0.404,0.452,0.393,0.629,0.404,0.621,0.38,0.398,0.531,0.694,0.624,0.602,0.512,0.599,0.614,0.6,0.693,0.686,0.695,0.621,0.403,0.442,0.463,0.382,0.633,0.0,0.602,0.656,0.404,0.517,0.642,0.404,0.629,0.39,0.71,0.634,0.408,0.403,0.423,1.0,0.996,0.401,0.446
0.462,0.673,0.354,0.39,0.662,0.707,0.518,0.405,0.451,0.391,0.628,0.406,0.619,0.38,0.398,0.529,0.691,0.622,0.601,0.512,0.599,0.613,0.601,0.692,0.685,0.693,0.62,0.403,0.441,0.463,0.381,0.634,0.0,0.604,0.653,0.403,0.517,0.641,0.405,0.628,0.389,0.71,0.634,0.41,0.406,0.423,0.996,1.0,0.4,0.448
0.43,0.411,0.342,0.66,0.42,0.419,0.389,0.657,0.427,0.654,0.411,0.644,0.41,0.641,0.653,0.399,0.4,0.41,0.393,0.381,0.388,0.395,0.38,0.405,0.411,0.416,0.399,0.672,0.453,0.421,0.654,0.397,0.0,0.384,0.377,0.61,0.386,0.411,0.629,0.404,0.661,0.381,0.398,0.674,0.657,0.432,0.401,0.4,1.0,0.441
0.523,0.451,0.376,0.466,0.463,0.457,0.454,0.474,0.504,0.461,0.453,0.46,0.441,0.447,0.468,0.452,0.442,0.463,0.445,0.447,0.447,0.451,0.448,0.456,0.444,0.443,0.454,0.465,0.816,0.503,0.444,0.454,0.0,0.454,0.433,0.465,0.45,0.45,0.451,0.453,0.447,0.445,0.455,0.469,0.469,0.635,0.446,0.448,0.441,1.0
