GCF_000163235.1_ASM16323v1_genomic.fna,GCF_000164555.1_ASM16455v1_genomic.fna,GCF_000208545.1_ASM20854v2_genomic.fna,GCF_000233875.1_ASM23387v1_genomic.fna,GCF_000249735.1_ASM24973v2_genomic.fna,GCF_000261145.1_Esch_coli_M919_V2_genomic.fna,GCF_000267705.2_ASM26770v2_genomic.fna,GCF_000350665.1_Esch_coli_KTE5_V1_genomic.fna,GCF_000351625.1_Esch_coli_KTE66_V1_genomic.fna,GCF_000352285.1_Esch_coli_KTE46_V1_genomic.fna,GCF_000358895.1_ASM35889v1_genomic.fna,GCF_000456385.1_Esch_coli_HVH_26_4-5703913_V1_genomic.fna,GCF_000458195.1_Esch_coli_HVH_147_4-5893887_V1_genomic.fna,GCF_000459755.1_Esch_coli_KOEGE_58_171a_V1_genomic.fna,GCF_000460055.1_Esch_coli_UMEA_3053-1_V1_genomic.fna,GCF_000462165.2_ASM46216v2_genomic.fna,GCF_000601135.1_ASM60113v1_genomic.fna,GCF_000614595.1_Ec2010EL1058_genomic.fna,GCF_000617745.1_Ec2010C-4529_genomic.fna,GCF_000618265.2_EcF6751_genomic.fna,GCF_000619005.2_Ec2009C-4052_genomic.fna,GCF_000619105.1_Ec2009C-4780_genomic.fna,GCF_000619765.2_Ec2009C-3279_genomic.fna,GCF_000687005.1_ASM68700v1_genomic.fna,GCF_000687025.1_ASM68702v1_genomic.fna,GCF_000700125.1_ASM70012v1_genomic.fna,GCF_000753315.1_FHI35_genomic.fna,GCF_000776375.1_ASM77637v1_genomic.fna,GCF_000779395.1_ASM77939v1_genomic.fna,GCF_000780315.1_ASM78031v1_genomic.fna,GCF_000781995.1_ASM78199v1_genomic.fna,GCF_000986765.1_ASM98676v1_genomic.fna,GCF_001041375.1_ViralProj287958_genomic.fna,GCF_001265335.1_302014_genomic.fna,GCF_001265625.1_100854_genomic.fna,GCF_001267345.1_303289_genomic.fna,GCF_001309985.1_ASM130998v1_genomic.fna,GCF_001521695.1_ASM152169v1_genomic.fna,GCF_001592595.1_ASM159259v1_genomic.fna,GCF_001614975.1_ASM161497v1_genomic.fna,GCF_001692775.1_ASM169277v1_genomic.fna,GCF_001748915.1_ASM174891v1_genomic.fna,GCF_001749235.1_ASM174923v1_genomic.fna,GCF_001881155.1_ASM188115v1_genomic.fna,GCF_001881345.1_ASM188134v1_genomic.fna,GCF_001892405.1_ASM189240v1_genomic.fna,GCF_001892585.1_ASM189258v1_genomic.fna,GCF_001893985.1_ASM189398v1_genomic.fna,GCF_002001595.1_ASM200159v1_genomic.fna,GCF_002002145.1_ASM200214v1_genomic.fna
1.0,0.583,0.473,0.485,0.556,0.562,0.516,0.483,0.646,0.493,0.527,0.495,0.536,0.461,0.47,0.525,0.549,0.546,0.539,0.512,0.53,0.539,0.55,0.553,0.552,0.535,0.535,0.479,0.568,0.653,0.471,0.543,0.0,0.54,0.528,0.489,0.514,0.553,0.478,0.551,0.48,0.552,0.545,0.485,0.501,0.508,0.547,0.549,0.455,0.575
0.583,1.0,0.457,0.514,0.682,0.791,0.585,0.5,0.551,0.515,0.633,0.523,0.648,0.493,0.498,0.602,0.734,0.662,0.661,0.583,0.647,0.654,0.658,0.784,0.803,0.716,0.653,0.502,0.538,0.557,0.494,0.668,0.0,0.657,0.747,0.501,0.584,0.683,0.493,0.651,0.503,0.717,0.656,0.517,0.522,0.484,0.707,0.709,0.507,0.533
0.473,0.457,1.0,0.399,0.435,0.449,0.423,0.395,0.448,0.394,0.425,0.402,0.434,0.392,0.398,0.433,0.441,0.425,0.424,0.42,0.418,0.435,0.44,0.437,0.446,0.423,0.443,0.392,0.455,0.46,0.394,0.444,0.0,0.429,0.414,0.416,0.422,0.445,0.407,0.439,0.398,0.44,0.451,0.402,0.394,0.398,0.438,0.438,0.402,0.441
0.485,0.514,0.399,1.0,0.497,0.512,0.465,0.749,0.483,0.778,0.48,0.781,0.491,0.793,0.811,0.472,0.488,0.479,0.487,0.462,0.455,0.49,0.485,0.506,0.509,0.489,0.484,0.785,0.524,0.479,0.774,0.502,0.0,0.465,0.49,0.683,0.461,0.485,0.724,0.489,0.801,0.488,0.484,0.772,0.776,0.463,0.471,0.473,0.71,0.51
0.556,0.682,0.435,0.497,1.0,0.697,0.582,0.498,0.556,0.494,0.769,0.495,0.735,0.48,0.485,0.598,0.683,0.705,0.719,0.58,0.699,0.722,0.732,0.676,0.683,0.673,0.742,0.489,0.545,0.552,0.484,0.737,0.0,0.727,0.655,0.486,0.58,0.747,0.503,0.742,0.49,0.685,0.763,0.492,0.503,0.473,0.693,0.695,0.483,0.521
0.562,0.791,0.449,0.512,0.697,1.0,0.6,0.52,0.552,0.5,0.656,0.512,0.67,0.495,0.5,0.615,0.732,0.699,0.694,0.598,0.642,0.692,0.688,0.805,0.829,0.706,0.668,0.502,0.553,0.558,0.495,0.681,0.0,0.686,0.779,0.519,0.598,0.683,0.525,0.677,0.507,0.713,0.685,0.51,0.509,0.475,0.708,0.708,0.497,0.542
0.516,0.585,0.423,0.465,0.582,0.6,1.0,0.455,0.534,0.451,0.546,0.451,0.563,0.442,0.446,0.958,0.593,0.616,0.623,0.987,0.62,0.605,0.631,0.591,0.579,0.57,0.586,0.456,0.519,0.523,0.448,0.589,0.0,0.593,0.562,0.476,0.988,0.565,0.473,0.572,0.452,0.587,0.578,0.463,0.469,0.479,0.569,0.573,0.44,0.53
0.483,0.5,0.395,0.749,0.498,0.52,0.455,1.0,0.484,0.752,0.486,0.729,0.495,0.73,0.73,0.464,0.484,0.472,0.48,0.453,0.452,0.478,0.469,0.521,0.503,0.497,0.471,0.912,0.532,0.486,0.715,0.49,0.0,0.464,0.485,0.669,0.453,0.51,0.711,0.503,0.726,0.48,0.487,0.888,0.876,0.457,0.463,0.466,0.671,0.502
0.646,0.551,0.448,0.483,0.556,0.552,0.534,0.484,1.0,0.491,0.534,0.492,0.535,0.469,0.481,0.542,0.55,0.538,0.544,0.53,0.521,0.545,0.549,0.547,0.538,0.535,0.54,0.479,0.562,0.676,0.478,0.539,0.0,0.541,0.524,0.487,0.533,0.544,0.489,0.539,0.482,0.557,0.553,0.481,0.483,0.502,0.534,0.535,0.463,0.564
0.493,0.515,0.394,0.778,0.494,0.5,0.451,0.752,0.491,1.0,0.494,0.747,0.508,0.779,0.747,0.46,0.477,0.471,0.477,0.448,0.446,0.48,0.466,0.516,0.5,0.504,0.472,0.766,0.518,0.483,0.76,0.482,0.0,0.458,0.495,0.682,0.449,0.48,0.728,0.499,0.774,0.471,0.476,0.739,0.76,0.444,0.464,0.467,0.703,0.493
0.527,0.633,0.425,0.48,0.769,0.656,0.546,0.486,0.534,0.494,1.0,0.467,0.787,0.486,0.462,0.562,0.634,0.703,0.706,0.544,0.683,0.728,0.71,0.702,0.65,0.682,0.725,0.488,0.518,0.529,0.455,0.704,0.0,0.693,0.7,0.49,0.545,0.71,0.486,0.742,0.462,0.66,0.726,0.474,0.48,0.451,0.638,0.639,0.471,0.497
0.495,0.523,0.402,0.781,0.495,0.512,0.451,0.729,0.492,0.747,0.467,1.0,0.482,0.754,0.853,0.46,0.49,0.467,0.473,0.449,0.455,0.477,0.47,0.504,0.505,0.489,0.466,0.744,0.54,0.494,0.713,0.49,0.0,0.468,0.485,0.682,0.448,0.485,0.719,0.481,0.741,0.477,0.482,0.736,0.747,0.46,0.469,0.472,0.686,0.513
0.536,0.648,0.434,0.491,0.735,0.67,0.563,0.495,0.535,0.508,0.787,0.482,1.0,0.49,0.472,0.579,0.65,0.731,0.751,0.56,0.721,0.799,0.786,0.717,0.663,0.688,0.775,0.496,0.54,0.546,0.466,0.743,0.0,0.762,0.693,0.494,0.561,0.754,0.488,0.792,0.474,0.665,0.761,0.482,0.487,0.448,0.658,0.659,0.479,0.514
0.461,0.493,0.392,0.793,0.48,0.495,0.442,0.73,0.469,0.779,0.486,0.754,0.49,1.0,0.784,0.449,0.47,0.459,0.465,0.44,0.433,0.466,0.459,0.506,0.489,0.492,0.463,0.766,0.518,0.463,0.743,0.472,0.0,0.444,0.487,0.658,0.439,0.472,0.712,0.474,0.768,0.463,0.462,0.739,0.745,0.438,0.456,0.459,0.692,0.49
0.47,0.498,0.398,0.811,0.485,0.5,0.446,0.73,0.481,0.747,0.462,0.853,0.472,0.784,1.0,0.452,0.479,0.462,0.465,0.443,0.442,0.47,0.464,0.487,0.491,0.477,0.464,0.752,0.526,0.477,0.748,0.481,0.0,0.449,0.477,0.676,0.443,0.475,0.717,0.477,0.772,0.468,0.468,0.74,0.746,0.455,0.473,0.476,0.705,0.516
0.525,0.602,0.433,0.472,0.598,0.615,0.958,0.464,0.542,0.46,0.562,0.46,0.579,0.449,0.452,1.0,0.605,0.617,0.631,0.957,0.62,0.613,0.632,0.599,0.591,0.583,0.594,0.465,0.527,0.535,0.456,0.597,0.0,0.599,0.58,0.485,0.957,0.58,0.484,0.585,0.461,0.6,0.591,0.47,0.476,0.479,0.584,0.588,0.453,0.538
0.549,0.734,0.441,0.488,0.683,0.732,0.593,0.484,0.55,0.477,0.634,0.49,0.65,0.47,0.479,0.605,1.0,0.658,0.659,0.592,0.645,0.676,0.677,0.735,0.743,0.749,0.662,0.483,0.522,0.546,0.471,0.702,0.0,0.677,0.7,0.499,0.592,0.665,0.495,0.664,0.472,0.712,0.678,0.495,0.503,0.456,0.711,0.712,0.47,0.511
0.546,0.662,0.425,0.479,0.705,0.699,0.616,0.472,0.538,0.471,0.703,0.467,0.731,0.459,0.462,0.617,0.658,1.0,0.799,0.608,0.748,0.775,0.774,0.676,0.677,0.665,0.748,0.472,0.53,0.532,0.463,0.735,0.0,0.73,0.653,0.507,0.611,0.719,0.493,0.739,0.466,0.666,0.733,0.476,0.478,0.451,0.654,0.654,0.459,0.52
0.539,0.661,0.424,0.487,0.719,0.694,0.623,0.48,0.544,0.477,0.706,0.473,0.751,0.465,0.465,0.631,0.659,0.799,1.0,0.615,0.762,0.787,0.791,0.681,0.681,0.659,0.756,0.481,0.529,0.543,0.47,0.752,0.0,0.74,0.655,0.501,0.617,0.732,0.494,0.754,0.478,0.673,0.739,0.486,0.487,0.457,0.656,0.659,0.473,0.527
0.512,0.583,0.42,0.462,0.58,0.598,0.987,0.453,0.53,0.448,0.544,0.449,0.56,0.44,0.443,0.957,0.592,0.608,0.615,1.0,0.615,0.599,0.624,0.59,0.579,0.571,0.582,0.454,0.516,0.522,0.447,0.586,0.0,0.587,0.562,0.473,0.994,0.563,0.471,0.568,0.45,0.586,0.576,0.461,0.467,0.479,0.568,0.572,0.439,0.528
0.53,0.647,0.418,0.455,0.699,0.642,0.62,0.452,0.521,0.446,0.683,0.455,0.721,0.433,0.442,0.62,0.645,0.748,0.762,0.615,1.0,0.755,0.78,0.646,0.637,0.642,0.74,0.453,0.503,0.532,0.437,0.738,0.0,0.751,0.617,0.482,0.618,0.723,0.471,0.731,0.443,0.656,0.726,0.461,0.462,0.466,0.659,0.663,0.443,0.521
0.539,0.654,0.435,0.49,0.722,0.692,0.605,0.478,0.545,0.48,0.728,0.477,0.799,0.466,0.47,0.613,0.676,0.775,0.787,0.599,0.755,1.0,0.928,0.682,0.679,0.67,0.771,0.477,0.528,0.542,0.458,0.752,0.0,0.872,0.657,0.495,0.601,0.746,0.497,0.774,0.469,0.665,0.769,0.477,0.48,0.45,0.653,0.655,0.471,0.512
0.55,0.658,0.44,0.485,0.732,0.688,0.631,0.469,0.549,0.466,0.71,0.47,0.786,0.459,0.464,0.632,0.677,0.774,0.791,0.624,0.78,0.928,1.0,0.677,0.669,0.66,0.789,0.469,0.521,0.542,0.461,0.762,0.0,0.869,0.647,0.489,0.625,0.751,0.485,0.76,0.468,0.674,0.766,0.474,0.474,0.448,0.658,0.66,0.458,0.509
0.553,0.784,0.437,0.506,0.676,0.805,0.591,0.521,0.547,0.516,0.702,0.504,0.717,0.506,0.487,0.599,0.735,0.676,0.681,0.59,0.646,0.682,0.677,1.0,0.819,0.753,0.666,0.506,0.534,0.553,0.477,0.665,0.0,0.663,0.829,0.508,0.591,0.657,0.493,0.681,0.489,0.711,0.669,0.495,0.5,0.451,0.687,0.689,0.484,0.509
0.552,0.803,0.446,0.509,0.683,0.829,0.579,0.503,0.538,0.5,0.65,0.505,0.663,0.489,0.491,0.591,0.743,0.677,0.681,0.579,0.637,0.679,0.669,0.819,1.0,0.742,0.666,0.498,0.531,0.543,0.485,0.685,0.0,0.659,0.788,0.504,0.578,0.668,0.503,0.674,0.496,0.718,0.669,0.519,0.507,0.46,0.695,0.696,0.504,0.511
0.535,0.716,0.423,0.489,0.673,0.706,0.57,0.497,0.535,0.504,0.682,0.489,0.688,0.492,0.477,0.583,0.749,0.665,0.659,0.571,0.642,0.67,0.66,0.753,0.742,1.0,0.662,0.498,0.53,0.531,0.471,0.652,0.0,0.648,0.723,0.497,0.569,0.659,0.49,0.685,0.473,0.703,0.657,0.503,0.501,0.449,0.686,0.688,0.485,0.505
0.535,0.653,0.443,0.484,0.742,0.668,0.586,0.471,0.54,0.472,0.725,0.466,0.775,0.463,0.464,0.594,0.662,0.748,0.756,0.582,0.74,0.771,0.789,0.666,0.666,0.662,1.0,0.47,0.523,0.534,0.469,0.765,0.0,0.752,0.639,0.484,0.583,0.828,0.475,0.774,0.471,0.668,0.837,0.484,0.481,0.46,0.652,0.653,0.47,0.509
0.479,0.502,0.392,0.785,0.489,0.502,0.456,0.912,0.479,0.766,0.488,0.744,0.496,0.766,0.752,0.465,0.483,0.472,0.481,0.454,0.453,0.477,0.469,0.506,0.498,0.498,0.47,1.0,0.532,0.481,0.726,0.493,0.0,0.459,0.488,0.672,0.454,0.499,0.716,0.49,0.751,0.473,0.48,0.95,0.937,0.456,0.462,0.465,0.687,0.499
0.568,0.538,0.455,0.524,0.545,0.553,0.519,0.532,0.562,0.518,0.518,0.54,0.54,0.518,0.526,0.527,0.522,0.53,0.529,0.516,0.503,0.528,0.521,0.534,0.531,0.53,0.523,0.532,1.0,0.548,0.506,0.533,0.0,0.517,0.523,0.536,0.516,0.537,0.525,0.539,0.514,0.514,0.53,0.521,0.526,0.575,0.507,0.51,0.507,0.807
0.653,0.557,0.46,0.479,0.552,0.558,0.523,0.486,0.676,0.483,0.529,0.494,0.546,0.463,0.477,0.535,0.546,0.532,0.543,0.522,0.532,0.542,0.542,0.553,0.543,0.531,0.534,0.481,0.548,1.0,0.468,0.538,0.0,0.531,0.527,0.478,0.523,0.543,0.494,0.55,0.476,0.547,0.545,0.484,0.483,0.513,0.536,0.536,0.471,0.561
0.471,0.494,0.394,0.774,0.484,0.495,0.448,0.715,0.478,0.76,0.455,0.713,0.466,0.743,0.748,0.456,0.471,0.463,0.47,0.447,0.437,0.458,0.461,0.477,0.485,0.471,0.469,0.726,0.506,0.468,1.0,0.48,0.0,0.449,0.46,0.661,0.446,0.477,0.707,0.469,0.895,0.469,0.471,0.73,0.733,0.466,0.459,0.462,0.694,0.502
0.543,0.668,0.444,0.502,0.737,0.681,0.589,0.49,0.539,0.482,0.704,0.49,0.743,0.472,0.481,0.597,0.702,0.735,0.752,0.586,0.738,0.752,0.762,0.665,0.685,0.652,0.765,0.493,0.533,0.538,0.48,1.0,0.0,0.753,0.636,0.495,0.586,0.765,0.498,0.773,0.477,0.676,0.771,0.497,0.501,0.453,0.673,0.675,0.477,0.52
0.0,0.0,0.0,0.0,0.0,0.0,0.0,0.0,0.0,0.0,0.0,0.0,0.0,0.0,0.0,0.0,0.0,0.0,0.0,0.0,0.0,0.0,0.0,0.0,0.0,0.0,0.0,0.0,0.0,0.0,0.0,0.0,1.0,0.0,0.0,0.0,0.0,0.0,0.0,0.0,0.0,0.0,0.0,0.0,0.0,0.0,0.0,0.0,0.0,0.0
0.54,0.657,0.429,0.465,0.727,0.686,0.593,0.464,0.541,0.458,0.693,0.468,0.762,0.444,0.449,0.599,0.677,0.73,0.74,0.587,0.751,0.872,0.869,0.663,0.659,0.648,0.752,0.459,0.517,0.531,0.449,0.753,0.0,1.0,0.637,0.487,0.589,0.747,0.492,0.748,0.448,0.657,0.762,0.466,0.471,0.453,0.659,0.661,0.452,0.511
0.528,0.747,0.414,0.49,0.655,0.779,0.562,0.485,0.524,0.495,0.7,0.485,0.693,0.487,0.477,0.58,0.7,0.653,0.655,0.562,0.617,0.657,0.647,0.829,0.788,0.723,0.639,0.488,0.523,0.527,0.46,0.636,0.0,0.637,1.0,0.486,0.562,0.632,0.478,0.664,0.47,0.684,0.648,0.474,0.48,0.434,0.655,0.655,0.469,0.487
0.489,0.501,0.416,0.683,0.486,0.519,0.476,0.669,0.487,0.682,0.49,0.682,0.494,0.658,0.676,0.485,0.499,0.507,0.501,0.473,0.482,0.495,0.489,0.508,0.504,0.497,0.484,0.672,0.536,0.478,0.661,0.495,0.0,0.487,0.486,1.0,0.472,0.483,0.694,0.509,0.67,0.49,0.488,0.669,0.68,0.452,0.474,0.474,0.658,0.511
0.514,0.584,0.422,0.461,0.58,0.598,0.988,0.453,0.533,0.449,0.545,0.448,0.561,0.439,0.443,0.957,0.592,0.611,0.617,0.994,0.618,0.601,0.625,0.591,0.578,0.569,0.583,0.454,0.516,0.523,0.446,0.586,0.0,0.589,0.562,0.472,1.0,0.563,0.471,0.569,0.45,0.585,0.576,0.46,0.465,0.478,0.567,0.571,0.438,0.527
0.553,0.683,0.445,0.485,0.747,0.683,0.565,0.51,0.544,0.48,0.71,0.485,0.754,0.472,0.475,0.58,0.665,0.719,0.732,0.563,0.723,0.746,0.751,0.657,0.668,0.659,0.828,0.499,0.537,0.543,0.477,0.765,0.0,0.747,0.632,0.483,0.563,1.0,0.493,0.764,0.482,0.669,0.846,0.505,0.499,0.474,0.676,0.677,0.476,0.526
0.478,0.493,0.407,0.724,0.503,0.525,0.473,0.711,0.489,0.728,0.486,0.719,0.488,0.712,0.717,0.484,0.495,0.493,0.494,0.471,0.471,0.497,0.485,0.493,0.503,0.49,0.475,0.716,0.525,0.494,0.707,0.498,0.0,0.492,0.478,0.694,0.471,0.493,1.0,0.505,0.715,0.493,0.498,0.716,0.722,0.449,0.478,0.48,0.685,0.502
0.551,0.651,0.439,0.489,0.742,0.677,0.572,0.503,0.539,0.499,0.742,0.481,0.792,0.474,0.477,0.585,0.664,0.739,0.754,0.568,0.731,0.774,0.76,0.681,0.674,0.685,0.774,0.49,0.539,0.55,0.469,0.773,0.0,0.748,0.664,0.509,0.569,0.764,0.505,1.0,0.475,0.668,0.774,0.486,0.495,0.47,0.675,0.675,0.482,0.521
0.48,0.503,0.398,0.801,0.49,0.507,0.452,0.726,0.482,0.774,0.462,0.741,0.474,0.768,0.772,0.461,0.472,0.466,0.478,0.45,0.443,0.469,0.468,0.489,0.496,0.473,0.471,0.751,0.514,0.476,0.895,0.477,0.0,0.448,0.47,0.67,0.45,0.482,0.715,0.475,1.0,0.473,0.473,0.751,0.758,0.466,0.461,0.464,0.706,0.506
0.552,0.717,0.44,0.488,0.685,0.713,0.587,0.48,0.557,0.471,0.66,0.477,0.665,0.463,0.468,0.6,0.712,0.666,0.673,0.586,0.656,0.665,0.674,0.711,0.718,0.703,0.668,0.473,0.514,0.547,0.469,0.676,0.0,0.657,0.684,0.49,0.585,0.669,0.493,0.668,0.473,1.0,0.695,0.478,0.48,0.459,0.742,0.745,0.464,0.519
0.545,0.656,0.451,0.484,0.763,0.685,0.578,0.487,0.553,0.476,0.726,0.482,0.761,0.462,0.468,0.591,0.678,0.733,0.739,0.576,0.726,0.769,0.766,0.669,0.669,0.657,0.837,0.48,0.53,0.545,0.471,0.771,0.0,0.762,0.648,0.488,0.576,0.846,0.498,0.774,0.473,0.695,1.0,0.483,0.488,0.465,0.672,0.674,0.472,0.519
0.485,0.517,0.402,0.772,0.492,0.51,0.463,0.888,0.481,0.739,0.474,0.736,0.482,0.739,0.74,0.47,0.495,0.476,0.486,0.461,0.461,0.477,0.474,0.495,0.519,0.503,0.484,0.95,0.521,0.484,0.73,0.497,0.0,0.466,0.474,0.669,0.46,0.505,0.716,0.486,0.751,0.478,0.483,1.0,0.955,0.466,0.469,0.473,0.697,0.502
0.501,0.522,0.394,0.776,0.503,0.509,0.469,0.876,0.483,0.76,0.48,0.747,0.487,0.745,0.746,0.476,0.503,0.478,0.487,0.467,0.462,0.48,0.474,0.5,0.507,0.501,0.481,0.937,0.526,0.483,0.733,0.501,0.0,0.471,0.48,0.68,0.465,0.499,0.722,0.495,0.758,0.48,0.488,0.955,1.0,0.461,0.48,0.484,0.689,0.502
0.508,0.484,0.398,0.463,0.473,0.475,0.479,0.457,0.502,0.444,0.451,0.46,0.448,0.438,0.455,0.479,0.456,0.451,0.457,0.479,0.466,0.45,0.448,0.451,0.46,0.449,0.46,0.456,0.575,0.513,0.466,0.453,0.0,0.453,0.434,0.452,0.478,0.474,0.449,0.47,0.466,0.459,0.465,0.466,0.461,1.0,0.486,0.486,0.452,0.652
0.547,0.707,0.438,0.471,0.693,0.708,0.569,0.463,0.534,0.464,0.638,0.469,0.658,0.456,0.473,0.584,0.711,0.654,0.656,0.568,0.659,0.653,0.658,0.687,0.695,0.686,0.652,0.462,0.507,0.536,0.459,0.673,0.0,0.659,0.655,0.474,0.567,0.676,0.478,0.675,0.461,0.742,0.672,0.469,0.48,0.486,1.0,0.995,0.465,0.534
0.549,0.709,0.438,0.473,0.695,0.708,0.573,0.466,0.535,0.467,0.639,0.472,0.659,0.459,0.476,0.588,0.712,0.654,0.659,0.572,0.663,0.655,0.66,0.689,0.696,0.688,0.653,0.465,0.51,0.536,0.462,0.675,0.0,0.661,0.655,0.474,0.571,0.677,0.48,0.675,0.464,0.745,0.674,0.473,0.484,0.486,0.995,1.0,0.468,0.536
0.455,0.507,0.402,0.71,0.483,0.497,0.44,0.671,0.463,0.703,0.471,0.686,0.479,0.692,0.705,0.453,0.47,0.459,0.473,0.439,0.443,0.471,0.458,0.484,0.504,0.485,0.47,0.687,0.507,0.471,0.694,0.477,0.0,0.452,0.469,0.658,0.438,0.476,0.685,0.482,0.706,0.464,0.472,0.697,0.689,0.452,0.465,0.468,1.0,0.491
0.575,0.533,0.441,0.51,0.521,0.542,0.53,0.502,0.564,0.493,0.497,0.513,0.514,0.49,0.516,0.538,0.511,0.52,0.527,0.528,0.521,0.512,0.509,0.509,0.511,0.505,0.509,0.499,0.807,0.561,0.502,0.52,0.0,0.511,0.487,0.511,0.527,0.526,0.502,0.521,0.506,0.519,0.519,0.502,0.502,0.652,0.534,0.536,0.491,1.0
