GCF_000163235.1_ASM16323v1_genomic.fna,GCF_000164555.1_ASM16455v1_genomic.fna,GCF_000208545.1_ASM20854v2_genomic.fna,GCF_000233875.1_ASM23387v1_genomic.fna,GCF_000249735.1_ASM24973v2_genomic.fna,GCF_000261145.1_Esch_coli_M919_V2_genomic.fna,GCF_000267705.2_ASM26770v2_genomic.fna,GCF_000350665.1_Esch_coli_KTE5_V1_genomic.fna,GCF_000351625.1_Esch_coli_KTE66_V1_genomic.fna,GCF_000352285.1_Esch_coli_KTE46_V1_genomic.fna,GCF_000358895.1_ASM35889v1_genomic.fna,GCF_000456385.1_Esch_coli_HVH_26_4-5703913_V1_genomic.fna,GCF_000458195.1_Esch_coli_HVH_147_4-5893887_V1_genomic.fna,GCF_000459755.1_Esch_coli_KOEGE_58_171a_V1_genomic.fna,GCF_000460055.1_Esch_coli_UMEA_3053-1_V1_genomic.fna,GCF_000462165.2_ASM46216v2_genomic.fna,GCF_000601135.1_ASM60113v1_genomic.fna,GCF_000614595.1_Ec2010EL1058_genomic.fna,GCF_000617745.1_Ec2010C-4529_genomic.fna,GCF_000618265.2_EcF6751_genomic.fna,GCF_000619005.2_Ec2009C-4052_genomic.fna,GCF_000619105.1_Ec2009C-4780_genomic.fna,GCF_000619765.2_Ec2009C-3279_genomic.fna,GCF_000687005.1_ASM68700v1_genomic.fna,GCF_000687025.1_ASM68702v1_genomic.fna,GCF_000700125.1_ASM70012v1_genomic.fna,GCF_000753315.1_FHI35_genomic.fna,GCF_000776375.1_ASM77637v1_genomic.fna,GCF_000779395.1_ASM77939v1_genomic.fna,GCF_000780315.1_ASM78031v1_genomic.fna,GCF_000781995.1_ASM78199v1_genomic.fna,GCF_000986765.1_ASM98676v1_genomic.fna,GCF_001041375.1_ViralProj287958_genomic.fna,GCF_001265335.1_302014_genomic.fna,GCF_001265625.1_100854_genomic.fna,GCF_001267345.1_303289_genomic.fna,GCF_001309985.1_ASM130998v1_genomic.fna,GCF_001521695.1_ASM152169v1_genomic.fna,GCF_001592595.1_ASM159259v1_genomic.fna,GCF_001614975.1_ASM161497v1_genomic.fna,GCF_001692775.1_ASM169277v1_genomic.fna,GCF_001748915.1_ASM174891v1_genomic.fna,GCF_001749235.1_ASM174923v1_genomic.fna,GCF_001881155.1_ASM188115v1_genomic.fna,GCF_001881345.1_ASM188134v1_genomic.fna,GCF_001892405.1_ASM189240v1_genomic.fna,GCF_001892585.1_ASM189258v1_genomic.fna,GCF_001893985.1_ASM189398v1_genomic.fna,GCF_002001595.1_ASM200159v1_genomic.fna,GCF_002002145.1_ASM200214v1_genomic.fna
1.0,0.549,0.469,0.472,0.554,0.533,0.533,0.488,0.637,0.475,0.542,0.507,0.55,0.47,0.473,0.542,0.539,0.541,0.545,0.531,0.527,0.546,0.556,0.54,0.524,0.525,0.559,0.469,0.569,0.625,0.461,0.55,0.0,0.549,0.501,0.48,0.531,0.562,0.481,0.553,0.465,0.548,0.559,0.481,0.491,0.533,0.526,0.527,0.463,0.578
0.549,1.0,0.435,0.499,0.675,0.81,0.577,0.497,0.523,0.506,0.654,0.519,0.694,0.496,0.496,0.584,0.718,0.661,0.658,0.574,0.644,0.684,0.666,0.819,0.817,0.753,0.659,0.503,0.545,0.543,0.474,0.663,0.0,0.652,0.765,0.487,0.573,0.673,0.489,0.658,0.496,0.712,0.662,0.498,0.497,0.483,0.73,0.728,0.499,0.534
0.469,0.435,1.0,0.377,0.431,0.41,0.42,0.392,0.438,0.373,0.418,0.408,0.43,0.385,0.39,0.423,0.42,0.418,0.42,0.421,0.424,0.414,0.419,0.416,0.415,0.422,0.429,0.38,0.453,0.453,0.373,0.442,0.0,0.426,0.384,0.39,0.421,0.433,0.393,0.426,0.379,0.43,0.438,0.396,0.389,0.429,0.423,0.424,0.392,0.455
0.472,0.499,0.377,1.0,0.488,0.483,0.451,0.723,0.469,0.763,0.502,0.742,0.49,0.796,0.778,0.455,0.475,0.477,0.464,0.448,0.449,0.491,0.491,0.488,0.491,0.485,0.48,0.771,0.517,0.484,0.74,0.484,0.0,0.472,0.459,0.65,0.447,0.477,0.685,0.466,0.775,0.471,0.477,0.744,0.743,0.479,0.47,0.469,0.72,0.517
0.554,0.675,0.431,0.488,1.0,0.67,0.591,0.504,0.533,0.491,0.791,0.504,0.753,0.489,0.499,0.601,0.679,0.704,0.719,0.585,0.709,0.731,0.743,0.662,0.658,0.662,0.752,0.48,0.56,0.542,0.487,0.741,0.0,0.724,0.627,0.483,0.584,0.764,0.499,0.766,0.501,0.685,0.757,0.486,0.492,0.497,0.687,0.687,0.475,0.543
0.533,0.81,0.41,0.483,0.67,1.0,0.588,0.488,0.528,0.486,0.658,0.488,0.689,0.482,0.48,0.593,0.707,0.674,0.658,0.583,0.647,0.689,0.688,0.8,0.811,0.726,0.651,0.479,0.54,0.54,0.466,0.671,0.0,0.675,0.777,0.49,0.581,0.665,0.503,0.657,0.484,0.718,0.657,0.468,0.473,0.48,0.722,0.722,0.476,0.532
0.533,0.577,0.42,0.451,0.591,0.588,1.0,0.454,0.507,0.432,0.583,0.449,0.604,0.438,0.449,0.962,0.581,0.614,0.624,0.981,0.637,0.635,0.65,0.586,0.561,0.56,0.607,0.437,0.486,0.511,0.436,0.608,0.0,0.623,0.562,0.459,0.986,0.594,0.471,0.6,0.435,0.577,0.611,0.446,0.449,0.485,0.569,0.569,0.429,0.493
0.488,0.497,0.392,0.723,0.504,0.488,0.454,1.0,0.465,0.724,0.478,0.731,0.489,0.731,0.721,0.46,0.494,0.488,0.475,0.452,0.458,0.485,0.496,0.48,0.469,0.479,0.496,0.897,0.529,0.48,0.724,0.485,0.0,0.485,0.442,0.644,0.45,0.511,0.711,0.482,0.725,0.483,0.496,0.904,0.892,0.49,0.472,0.472,0.685,0.52
0.637,0.523,0.438,0.469,0.533,0.528,0.507,0.465,1.0,0.48,0.544,0.463,0.555,0.471,0.468,0.515,0.525,0.529,0.515,0.507,0.502,0.543,0.535,0.522,0.504,0.524,0.54,0.468,0.553,0.639,0.454,0.524,0.0,0.519,0.495,0.476,0.506,0.53,0.469,0.539,0.464,0.535,0.546,0.456,0.457,0.517,0.51,0.509,0.459,0.57
0.475,0.506,0.373,0.763,0.491,0.486,0.432,0.724,0.48,1.0,0.51,0.722,0.509,0.746,0.724,0.441,0.471,0.474,0.462,0.429,0.447,0.486,0.477,0.495,0.485,0.494,0.476,0.75,0.521,0.5,0.748,0.465,0.0,0.466,0.461,0.644,0.429,0.487,0.687,0.477,0.765,0.477,0.475,0.722,0.728,0.469,0.472,0.471,0.728,0.518
0.542,0.654,0.418,0.502,0.791,0.658,0.583,0.478,0.544,0.51,1.0,0.488,0.777,0.492,0.482,0.593,0.638,0.709,0.706,0.579,0.68,0.738,0.719,0.68,0.654,0.663,0.724,0.486,0.527,0.561,0.476,0.704,0.0,0.697,0.68,0.492,0.579,0.721,0.487,0.74,0.49,0.662,0.733,0.47,0.473,0.48,0.662,0.661,0.493,0.531
0.507,0.519,0.408,0.742,0.504,0.488,0.449,0.731,0.463,0.722,0.488,1.0,0.497,0.753,0.861,0.459,0.494,0.482,0.486,0.445,0.472,0.494,0.5,0.494,0.484,0.489,0.492,0.733,0.543,0.494,0.706,0.497,0.0,0.492,0.453,0.647,0.446,0.507,0.707,0.487,0.734,0.489,0.497,0.74,0.75,0.497,0.491,0.493,0.683,0.535
0.55,0.694,0.43,0.49,0.753,0.689,0.604,0.489,0.555,0.509,0.777,0.497,1.0,0.488,0.487,0.612,0.667,0.741,0.754,0.601,0.742,0.827,0.813,0.694,0.667,0.692,0.788,0.489,0.55,0.572,0.475,0.75,0.0,0.792,0.664,0.494,0.598,0.778,0.49,0.793,0.489,0.689,0.776,0.475,0.476,0.491,0.696,0.693,0.495,0.548
0.47,0.496,0.385,0.796,0.489,0.482,0.438,0.731,0.471,0.746,0.492,0.753,0.488,1.0,0.789,0.444,0.477,0.481,0.464,0.437,0.447,0.488,0.483,0.469,0.47,0.474,0.481,0.779,0.532,0.49,0.74,0.481,0.0,0.464,0.445,0.649,0.436,0.479,0.693,0.47,0.782,0.47,0.473,0.752,0.752,0.49,0.47,0.469,0.712,0.532
0.473,0.496,0.39,0.778,0.499,0.48,0.449,0.721,0.468,0.724,0.482,0.861,0.487,0.789,1.0,0.45,0.484,0.478,0.474,0.446,0.461,0.489,0.497,0.469,0.47,0.473,0.49,0.728,0.535,0.484,0.74,0.486,0.0,0.471,0.452,0.643,0.445,0.498,0.705,0.484,0.76,0.476,0.486,0.728,0.729,0.488,0.479,0.48,0.689,0.539
0.542,0.584,0.423,0.455,0.601,0.593,0.962,0.46,0.515,0.441,0.593,0.459,0.612,0.444,0.45,1.0,0.585,0.613,0.625,0.958,0.627,0.635,0.643,0.584,0.566,0.566,0.609,0.443,0.494,0.52,0.44,0.614,0.0,0.627,0.558,0.466,0.959,0.604,0.475,0.604,0.442,0.587,0.617,0.453,0.458,0.488,0.575,0.575,0.436,0.498
0.539,0.718,0.42,0.475,0.679,0.707,0.581,0.494,0.525,0.471,0.638,0.494,0.667,0.477,0.484,0.585,1.0,0.654,0.65,0.576,0.632,0.673,0.675,0.735,0.72,0.74,0.659,0.476,0.532,0.522,0.463,0.704,0.0,0.669,0.676,0.492,0.575,0.661,0.496,0.671,0.468,0.713,0.672,0.483,0.49,0.466,0.714,0.715,0.459,0.516
0.541,0.661,0.418,0.477,0.704,0.674,0.614,0.488,0.529,0.474,0.709,0.482,0.741,0.481,0.478,0.613,0.654,1.0,0.766,0.607,0.738,0.774,0.777,0.662,0.644,0.657,0.736,0.475,0.522,0.537,0.47,0.715,0.0,0.736,0.633,0.512,0.609,0.707,0.505,0.737,0.473,0.675,0.72,0.479,0.481,0.474,0.673,0.673,0.46,0.532
0.545,0.658,0.42,0.464,0.719,0.658,0.624,0.475,0.515,0.462,0.706,0.486,0.754,0.464,0.474,0.625,0.65,0.766,1.0,0.619,0.771,0.773,0.78,0.656,0.631,0.641,0.742,0.457,0.515,0.526,0.47,0.743,0.0,0.742,0.634,0.484,0.619,0.721,0.493,0.736,0.466,0.678,0.737,0.466,0.469,0.494,0.66,0.661,0.452,0.52
0.531,0.574,0.421,0.448,0.585,0.583,0.981,0.452,0.507,0.429,0.579,0.445,0.601,0.437,0.446,0.958,0.576,0.607,0.619,1.0,0.633,0.631,0.641,0.581,0.559,0.555,0.603,0.435,0.486,0.511,0.434,0.603,0.0,0.615,0.555,0.455,0.989,0.593,0.465,0.597,0.433,0.572,0.607,0.444,0.447,0.486,0.566,0.566,0.427,0.493
0.527,0.644,0.424,0.449,0.709,0.647,0.637,0.458,0.502,0.447,0.68,0.472,0.742,0.447,0.461,0.627,0.632,0.738,0.771,0.633,1.0,0.755,0.768,0.643,0.618,0.633,0.74,0.447,0.498,0.52,0.446,0.743,0.0,0.75,0.617,0.475,0.633,0.718,0.475,0.741,0.455,0.647,0.729,0.454,0.456,0.495,0.651,0.651,0.44,0.511
0.546,0.684,0.414,0.491,0.731,0.689,0.635,0.485,0.543,0.486,0.738,0.494,0.827,0.488,0.489,0.635,0.673,0.774,0.773,0.631,0.755,1.0,0.935,0.681,0.656,0.666,0.763,0.481,0.535,0.546,0.471,0.739,0.0,0.866,0.653,0.503,0.63,0.746,0.492,0.773,0.485,0.671,0.771,0.474,0.472,0.488,0.679,0.677,0.476,0.544
0.556,0.666,0.419,0.491,0.743,0.688,0.65,0.496,0.535,0.477,0.719,0.5,0.813,0.483,0.497,0.643,0.675,0.777,0.78,0.641,0.768,0.935,1.0,0.671,0.65,0.655,0.779,0.479,0.541,0.532,0.478,0.754,0.0,0.876,0.643,0.511,0.642,0.759,0.507,0.778,0.484,0.672,0.773,0.485,0.482,0.491,0.674,0.674,0.469,0.543
0.54,0.819,0.416,0.488,0.662,0.8,0.586,0.48,0.522,0.495,0.68,0.494,0.694,0.469,0.469,0.584,0.735,0.662,0.656,0.581,0.643,0.681,0.671,1.0,0.838,0.755,0.654,0.476,0.531,0.54,0.452,0.666,0.0,0.662,0.81,0.482,0.581,0.652,0.469,0.655,0.472,0.718,0.653,0.458,0.464,0.462,0.724,0.722,0.468,0.52
0.524,0.817,0.415,0.491,0.658,0.811,0.561,0.469,0.504,0.485,0.654,0.484,0.667,0.47,0.47,0.566,0.72,0.644,0.631,0.559,0.618,0.656,0.65,0.838,1.0,0.772,0.633,0.473,0.519,0.522,0.447,0.652,0.0,0.638,0.8,0.462,0.558,0.645,0.474,0.641,0.463,0.701,0.641,0.466,0.463,0.46,0.706,0.704,0.485,0.502
0.525,0.753,0.422,0.485,0.662,0.726,0.56,0.479,0.524,0.494,0.663,0.489,0.692,0.474,0.473,0.566,0.74,0.657,0.641,0.555,0.633,0.666,0.655,0.755,0.772,1.0,0.651,0.478,0.514,0.537,0.455,0.65,0.0,0.645,0.716,0.482,0.554,0.652,0.48,0.66,0.471,0.705,0.648,0.477,0.471,0.466,0.723,0.721,0.496,0.514
0.559,0.659,0.429,0.48,0.752,0.651,0.607,0.496,0.54,0.476,0.724,0.492,0.788,0.481,0.49,0.609,0.659,0.736,0.742,0.603,0.74,0.763,0.779,0.654,0.633,0.651,1.0,0.474,0.54,0.541,0.482,0.763,0.0,0.749,0.619,0.483,0.602,0.845,0.483,0.789,0.483,0.674,0.855,0.484,0.481,0.494,0.666,0.667,0.473,0.537
0.469,0.503,0.38,0.771,0.48,0.479,0.437,0.897,0.468,0.75,0.486,0.733,0.489,0.779,0.728,0.443,0.476,0.475,0.457,0.435,0.447,0.481,0.479,0.476,0.473,0.478,0.474,1.0,0.513,0.491,0.72,0.473,0.0,0.463,0.445,0.646,0.434,0.486,0.692,0.464,0.757,0.468,0.473,0.947,0.93,0.475,0.468,0.466,0.715,0.506
0.569,0.545,0.453,0.517,0.56,0.54,0.486,0.529,0.553,0.521,0.527,0.543,0.55,0.532,0.535,0.494,0.532,0.522,0.515,0.486,0.498,0.535,0.541,0.531,0.519,0.514,0.54,0.513,1.0,0.542,0.507,0.538,0.0,0.528,0.495,0.511,0.485,0.548,0.518,0.537,0.513,0.531,0.532,0.51,0.515,0.608,0.534,0.535,0.502,0.845
0.625,0.543,0.453,0.484,0.542,0.54,0.511,0.48,0.639,0.5,0.561,0.494,0.572,0.49,0.484,0.52,0.522,0.537,0.526,0.511,0.52,0.546,0.532,0.54,0.522,0.537,0.541,0.491,0.542,1.0,0.477,0.521,0.0,0.521,0.509,0.494,0.51,0.545,0.492,0.556,0.494,0.541,0.547,0.474,0.477,0.543,0.524,0.523,0.482,0.567
0.461,0.474,0.373,0.74,0.487,0.466,0.436,0.724,0.454,0.748,0.476,0.706,0.475,0.74,0.74,0.44,0.463,0.47,0.47,0.434,0.446,0.471,0.478,0.452,0.447,0.455,0.482,0.72,0.507,0.477,1.0,0.472,0.0,0.466,0.429,0.62,0.432,0.483,0.689,0.477,0.88,0.474,0.476,0.728,0.727,0.474,0.459,0.46,0.672,0.503
0.55,0.663,0.442,0.484,0.741,0.671,0.608,0.485,0.524,0.465,0.704,0.497,0.75,0.481,0.486,0.614,0.704,0.715,0.743,0.603,0.743,0.739,0.754,0.666,0.652,0.65,0.763,0.473,0.538,0.521,0.472,1.0,0.0,0.741,0.62,0.483,0.603,0.767,0.5,0.754,0.472,0.682,0.77,0.48,0.487,0.484,0.681,0.683,0.467,0.521
0.0,0.0,0.0,0.0,0.0,0.0,0.0,0.0,0.0,0.0,0.0,0.0,0.0,0.0,0.0,0.0,0.0,0.0,0.0,0.0,0.0,0.0,0.0,0.0,0.0,0.0,0.0,0.0,0.0,0.0,0.0,0.0,1.0,0.0,0.0,0.0,0.0,0.0,0.0,0.0,0.0,0.0,0.0,0.0,0.0,0.0,0.0,0.0,0.0,0.0
0.549,0.652,0.426,0.472,0.724,0.675,0.623,0.485,0.519,0.466,0.697,0.492,0.792,0.464,0.471,0.627,0.669,0.736,0.742,0.615,0.75,0.866,0.876,0.662,0.638,0.645,0.749,0.463,0.528,0.521,0.466,0.741,0.0,1.0,0.63,0.507,0.616,0.734,0.51,0.753,0.462,0.662,0.758,0.468,0.473,0.481,0.658,0.658,0.456,0.526
0.501,0.765,0.384,0.459,0.627,0.777,0.562,0.442,0.495,0.461,0.68,0.453,0.664,0.445,0.452,0.558,0.676,0.633,0.634,0.555,0.617,0.653,0.643,0.81,0.8,0.716,0.619,0.445,0.495,0.509,0.429,0.62,0.0,0.63,1.0,0.461,0.554,0.614,0.452,0.618,0.447,0.678,0.622,0.43,0.434,0.437,0.676,0.675,0.443,0.487
0.48,0.487,0.39,0.65,0.483,0.49,0.459,0.644,0.476,0.644,0.492,0.647,0.494,0.649,0.643,0.466,0.492,0.512,0.484,0.455,0.475,0.503,0.511,0.482,0.462,0.482,0.483,0.646,0.511,0.494,0.62,0.483,0.0,0.507,0.461,1.0,0.454,0.476,0.677,0.486,0.641,0.48,0.478,0.64,0.644,0.466,0.477,0.476,0.63,0.512
0.531,0.573,0.421,0.447,0.584,0.581,0.986,0.45,0.506,0.429,0.579,0.446,0.598,0.436,0.445,0.959,0.575,0.609,0.619,0.989,0.633,0.63,0.642,0.581,0.558,0.554,0.602,0.434,0.485,0.51,0.432,0.603,0.0,0.616,0.554,0.454,1.0,0.591,0.463,0.597,0.431,0.571,0.606,0.442,0.445,0.485,0.566,0.566,0.425,0.492
0.562,0.673,0.433,0.477,0.764,0.665,0.594,0.511,0.53,0.487,0.721,0.507,0.778,0.479,0.498,0.604,0.661,0.707,0.721,0.593,0.718,0.746,0.759,0.652,0.645,0.652,0.845,0.486,0.548,0.545,0.483,0.767,0.0,0.734,0.614,0.476,0.591,1.0,0.499,0.783,0.491,0.684,0.867,0.491,0.484,0.488,0.684,0.683,0.481,0.535
0.481,0.489,0.393,0.685,0.499,0.503,0.471,0.711,0.469,0.687,0.487,0.707,0.49,0.693,0.705,0.475,0.496,0.505,0.493,0.465,0.475,0.492,0.507,0.469,0.474,0.48,0.483,0.692,0.518,0.492,0.689,0.5,0.0,0.51,0.452,0.677,0.463,0.499,1.0,0.492,0.687,0.492,0.494,0.703,0.707,0.479,0.474,0.475,0.665,0.508
0.553,0.658,0.426,0.466,0.766,0.657,0.6,0.482,0.539,0.477,0.74,0.487,0.793,0.47,0.484,0.604,0.671,0.737,0.736,0.597,0.741,0.773,0.778,0.655,0.641,0.66,0.789,0.464,0.537,0.556,0.477,0.754,0.0,0.753,0.618,0.486,0.597,0.783,0.492,1.0,0.474,0.686,0.793,0.468,0.477,0.487,0.689,0.689,0.458,0.549
0.465,0.496,0.379,0.775,0.501,0.484,0.435,0.725,0.464,0.765,0.49,0.734,0.489,0.782,0.76,0.442,0.468,0.473,0.466,0.433,0.455,0.485,0.484,0.472,0.463,0.471,0.483,0.757,0.513,0.494,0.88,0.472,0.0,0.462,0.447,0.641,0.431,0.491,0.687,0.474,1.0,0.471,0.473,0.74,0.741,0.475,0.468,0.467,0.695,0.513
0.548,0.712,0.43,0.471,0.685,0.718,0.577,0.483,0.535,0.477,0.662,0.489,0.689,0.47,0.476,0.587,0.713,0.675,0.678,0.572,0.647,0.671,0.672,0.718,0.701,0.705,0.674,0.468,0.531,0.541,0.474,0.682,0.0,0.662,0.678,0.48,0.571,0.684,0.492,0.686,0.471,1.0,0.704,0.47,0.471,0.469,0.761,0.762,0.459,0.527
0.559,0.662,0.438,0.477,0.757,0.657,0.611,0.496,0.546,0.475,0.733,0.497,0.776,0.473,0.486,0.617,0.672,0.72,0.737,0.607,0.729,0.771,0.773,0.653,0.641,0.648,0.855,0.473,0.532,0.547,0.476,0.77,0.0,0.758,0.622,0.478,0.606,0.867,0.494,0.793,0.473,0.704,1.0,0.482,0.485,0.491,0.677,0.678,0.47,0.536
0.481,0.498,0.396,0.744,0.486,0.468,0.446,0.904,0.456,0.722,0.47,0.74,0.475,0.752,0.728,0.453,0.483,0.479,0.466,0.444,0.454,0.474,0.485,0.458,0.466,0.477,0.484,0.947,0.51,0.474,0.728,0.48,0.0,0.468,0.43,0.64,0.442,0.491,0.703,0.468,0.74,0.47,0.482,1.0,0.961,0.483,0.461,0.462,0.703,0.508
0.491,0.497,0.389,0.743,0.492,0.473,0.449,0.892,0.457,0.728,0.473,0.75,0.476,0.752,0.729,0.458,0.49,0.481,0.469,0.447,0.456,0.472,0.482,0.464,0.463,0.471,0.481,0.93,0.515,0.477,0.727,0.487,0.0,0.473,0.434,0.644,0.445,0.484,0.707,0.477,0.741,0.471,0.485,0.961,1.0,0.486,0.467,0.468,0.692,0.512
0.533,0.483,0.429,0.479,0.497,0.48,0.485,0.49,0.517,0.469,0.48,0.497,0.491,0.49,0.488,0.488,0.466,0.474,0.494,0.486,0.495,0.488,0.491,0.462,0.46,0.466,0.494,0.475,0.608,0.543,0.474,0.484,0.0,0.481,0.437,0.466,0.485,0.488,0.479,0.487,0.475,0.469,0.491,0.483,0.486,1.0,0.501,0.502,0.473,0.654
0.526,0.73,0.423,0.47,0.687,0.722,0.569,0.472,0.51,0.472,0.662,0.491,0.696,0.47,0.479,0.575,0.714,0.673,0.66,0.566,0.651,0.679,0.674,0.724,0.706,0.723,0.666,0.468,0.534,0.524,0.459,0.681,0.0,0.658,0.676,0.477,0.566,0.684,0.474,0.689,0.468,0.761,0.677,0.461,0.467,0.501,1.0,0.995,0.458,0.545
0.527,0.728,0.424,0.469,0.687,0.722,0.569,0.472,0.509,0.471,0.661,0.493,0.693,0.469,0.48,0.575,0.715,0.673,0.661,0.566,0.651,0.677,0.674,0.722,0.704,0.721,0.667,0.466,0.535,0.523,0.46,0.683,0.0,0.658,0.675,0.476,0.566,0.683,0.475,0.689,0.467,0.762,0.678,0.462,0.468,0.502,0.995,1.0,0.457,0.546
0.463,0.499,0.392,0.72,0.475,0.476,0.429,0.685,0.459,0.728,0.493,0.683,0.495,0.712,0.689,0.436,0.459,0.46,0.452,0.427,0.44,0.476,0.469,0.468,0.485,0.496,0.473,0.715,0.502,0.482,0.672,0.467,0.0,0.456,0.443,0.63,0.425,0.481,0.665,0.458,0.695,0.459,0.47,0.703,0.692,0.473,0.458,0.457,1.0,0.501
0.578,0.534,0.455,0.517,0.543,0.532,0.493,0.52,0.57,0.518,0.531,0.535,0.548,0.532,0.539,0.498,0.516,0.532,0.52,0.493,0.511,0.544,0.543,0.52,0.502,0.514,0.537,0.506,0.845,0.567,0.503,0.521,0.0,0.526,0.487,0.512,0.492,0.535,0.508,0.549,0.513,0.527,0.536,0.508,0.512,0.654,0.545,0.546,0.501,1.0
