GCF_000163235.1_ASM16323v1_genomic.fna,GCF_000164555.1_ASM16455v1_genomic.fna,GCF_000208545.1_ASM20854v2_genomic.fna,GCF_000233875.1_ASM23387v1_genomic.fna,GCF_000249735.1_ASM24973v2_genomic.fna,GCF_000261145.1_Esch_coli_M919_V2_genomic.fna,GCF_000267705.2_ASM26770v2_genomic.fna,GCF_000350665.1_Esch_coli_KTE5_V1_genomic.fna,GCF_000351625.1_Esch_coli_KTE66_V1_genomic.fna,GCF_000352285.1_Esch_coli_KTE46_V1_genomic.fna,GCF_000358895.1_ASM35889v1_genomic.fna,GCF_000456385.1_Esch_coli_HVH_26_4-5703913_V1_genomic.fna,GCF_000458195.1_Esch_coli_HVH_147_4-5893887_V1_genomic.fna,GCF_000459755.1_Esch_coli_KOEGE_58_171a_V1_genomic.fna,GCF_000460055.1_Esch_coli_UMEA_3053-1_V1_genomic.fna,GCF_000462165.2_ASM46216v2_genomic.fna,GCF_000601135.1_ASM60113v1_genomic.fna,GCF_000614595.1_Ec2010EL1058_genomic.fna,GCF_000617745.1_Ec2010C-4529_genomic.fna,GCF_000618265.2_EcF6751_genomic.fna,GCF_000619005.2_Ec2009C-4052_genomic.fna,GCF_000619105.1_Ec2009C-4780_genomic.fna,GCF_000619765.2_Ec2009C-3279_genomic.fna,GCF_000687005.1_ASM68700v1_genomic.fna,GCF_000687025.1_ASM68702v1_genomic.fna,GCF_000700125.1_ASM70012v1_genomic.fna,GCF_000753315.1_FHI35_genomic.fna,GCF_000776375.1_ASM77637v1_genomic.fna,GCF_000779395.1_ASM77939v1_genomic.fna,GCF_000780315.1_ASM78031v1_genomic.fna,GCF_000781995.1_ASM78199v1_genomic.fna,GCF_000986765.1_ASM98676v1_genomic.fna,GCF_001041375.1_ViralProj287958_genomic.fna,GCF_001265335.1_302014_genomic.fna,GCF_001265625.1_100854_genomic.fna,GCF_001267345.1_303289_genomic.fna,GCF_001309985.1_ASM130998v1_genomic.fna,GCF_001521695.1_ASM152169v1_genomic.fna,GCF_001592595.1_ASM159259v1_genomic.fna,GCF_001614975.1_ASM161497v1_genomic.fna,GCF_001692775.1_ASM169277v1_genomic.fna,GCF_001748915.1_ASM174891v1_genomic.fna,GCF_001749235.1_ASM174923v1_genomic.fna,GCF_001881155.1_ASM188115v1_genomic.fna,GCF_001881345.1_ASM188134v1_genomic.fna,GCF_001892405.1_ASM189240v1_genomic.fna,GCF_001892585.1_ASM189258v1_genomic.fna,GCF_001893985.1_ASM189398v1_genomic.fna,GCF_002001595.1_ASM200159v1_genomic.fna,GCF_002002145.1_ASM200214v1_genomic.fna
1.0,0.548,0.478,0.501,0.553,0.531,0.522,0.494,0.625,0.506,0.52,0.515,0.533,0.494,0.484,0.532,0.529,0.535,0.534,0.519,0.528,0.537,0.546,0.538,0.535,0.529,0.537,0.493,0.58,0.612,0.473,0.522,0.0,0.542,0.503,0.497,0.519,0.554,0.489,0.529,0.479,0.519,0.536,0.481,0.495,0.526,0.522,0.523,0.483,0.584
0.548,1.0,0.446,0.487,0.693,0.791,0.578,0.493,0.527,0.488,0.632,0.511,0.654,0.487,0.483,0.59,0.747,0.639,0.627,0.571,0.646,0.65,0.666,0.793,0.817,0.741,0.652,0.496,0.527,0.521,0.478,0.673,0.0,0.662,0.743,0.484,0.571,0.684,0.49,0.652,0.485,0.717,0.656,0.498,0.503,0.488,0.725,0.728,0.508,0.526
0.478,0.446,1.0,0.405,0.44,0.427,0.415,0.393,0.452,0.407,0.422,0.406,0.428,0.405,0.399,0.42,0.439,0.422,0.411,0.411,0.426,0.421,0.429,0.434,0.444,0.44,0.424,0.395,0.458,0.454,0.395,0.435,0.0,0.433,0.403,0.403,0.411,0.436,0.398,0.433,0.398,0.433,0.426,0.397,0.389,0.417,0.432,0.432,0.421,0.47
0.501,0.487,0.405,1.0,0.476,0.474,0.452,0.698,0.487,0.767,0.462,0.746,0.472,0.809,0.778,0.456,0.469,0.472,0.482,0.448,0.452,0.475,0.475,0.489,0.489,0.481,0.478,0.74,0.529,0.495,0.749,0.472,0.0,0.463,0.473,0.657,0.447,0.483,0.695,0.475,0.759,0.475,0.479,0.716,0.719,0.484,0.456,0.458,0.694,0.53
0.553,0.693,0.44,0.476,1.0,0.688,0.585,0.478,0.528,0.486,0.777,0.485,0.748,0.482,0.48,0.594,0.677,0.711,0.712,0.576,0.738,0.731,0.73,0.688,0.691,0.697,0.743,0.482,0.538,0.532,0.455,0.725,0.0,0.73,0.655,0.482,0.578,0.755,0.482,0.748,0.462,0.693,0.749,0.464,0.472,0.47,0.699,0.701,0.498,0.52
0.531,0.791,0.427,0.474,0.688,1.0,0.582,0.49,0.526,0.478,0.626,0.485,0.653,0.474,0.472,0.597,0.728,0.655,0.636,0.577,0.657,0.654,0.68,0.783,0.794,0.71,0.642,0.482,0.531,0.508,0.469,0.664,0.0,0.681,0.757,0.496,0.576,0.675,0.508,0.648,0.473,0.71,0.657,0.469,0.477,0.473,0.717,0.719,0.498,0.532
0.522,0.578,0.415,0.452,0.585,0.582,1.0,0.462,0.527,0.449,0.55,0.455,0.566,0.452,0.453,0.96,0.586,0.61,0.592,0.984,0.612,0.601,0.624,0.585,0.563,0.56,0.576,0.456,0.493,0.498,0.44,0.591,0.0,0.593,0.541,0.481,0.984,0.57,0.475,0.56,0.44,0.573,0.571,0.444,0.45,0.468,0.574,0.574,0.449,0.505
0.494,0.493,0.393,0.698,0.478,0.49,0.462,1.0,0.474,0.706,0.441,0.717,0.455,0.716,0.705,0.462,0.48,0.449,0.443,0.461,0.453,0.453,0.467,0.484,0.474,0.467,0.454,0.908,0.511,0.464,0.716,0.468,0.0,0.463,0.442,0.634,0.461,0.486,0.685,0.462,0.725,0.468,0.451,0.898,0.89,0.486,0.469,0.469,0.668,0.519
0.625,0.527,0.452,0.487,0.528,0.526,0.527,0.474,1.0,0.495,0.501,0.482,0.508,0.494,0.483,0.538,0.511,0.518,0.505,0.522,0.51,0.519,0.524,0.528,0.518,0.508,0.512,0.474,0.566,0.628,0.48,0.512,0.0,0.523,0.493,0.495,0.522,0.518,0.489,0.518,0.477,0.523,0.517,0.457,0.467,0.506,0.51,0.511,0.477,0.577
0.506,0.488,0.407,0.767,0.486,0.478,0.449,0.706,0.495,1.0,0.495,0.721,0.489,0.751,0.736,0.456,0.472,0.473,0.477,0.444,0.462,0.473,0.466,0.496,0.482,0.485,0.487,0.72,0.537,0.497,0.762,0.459,0.0,0.466,0.489,0.667,0.445,0.491,0.706,0.506,0.752,0.474,0.482,0.691,0.701,0.474,0.457,0.458,0.698,0.523
0.52,0.632,0.422,0.462,0.777,0.626,0.55,0.441,0.501,0.495,1.0,0.45,0.739,0.46,0.449,0.56,0.63,0.704,0.723,0.543,0.691,0.715,0.696,0.679,0.632,0.67,0.731,0.449,0.514,0.52,0.432,0.673,0.0,0.696,0.683,0.474,0.544,0.712,0.466,0.765,0.427,0.652,0.74,0.431,0.439,0.442,0.639,0.641,0.469,0.51
0.515,0.511,0.406,0.746,0.485,0.485,0.455,0.717,0.482,0.721,0.45,1.0,0.466,0.755,0.865,0.461,0.486,0.468,0.464,0.449,0.469,0.47,0.482,0.487,0.486,0.479,0.465,0.738,0.527,0.479,0.715,0.48,0.0,0.479,0.455,0.659,0.449,0.49,0.709,0.466,0.729,0.478,0.471,0.713,0.724,0.481,0.476,0.477,0.686,0.532
0.533,0.654,0.428,0.472,0.748,0.653,0.566,0.455,0.508,0.489,0.739,0.466,1.0,0.473,0.468,0.577,0.635,0.732,0.748,0.557,0.747,0.798,0.782,0.682,0.653,0.677,0.79,0.457,0.529,0.538,0.454,0.713,0.0,0.785,0.641,0.469,0.559,0.775,0.475,0.791,0.447,0.662,0.794,0.435,0.44,0.457,0.652,0.654,0.477,0.522
0.494,0.487,0.405,0.809,0.482,0.474,0.452,0.716,0.494,0.751,0.46,0.755,0.473,1.0,0.797,0.457,0.47,0.469,0.467,0.447,0.449,0.476,0.471,0.482,0.486,0.477,0.478,0.76,0.546,0.493,0.752,0.474,0.0,0.465,0.461,0.662,0.447,0.492,0.699,0.466,0.763,0.474,0.482,0.736,0.737,0.489,0.457,0.458,0.706,0.538
0.484,0.483,0.399,0.778,0.48,0.472,0.453,0.705,0.483,0.736,0.449,0.865,0.468,0.797,1.0,0.457,0.476,0.461,0.454,0.448,0.453,0.465,0.478,0.468,0.474,0.465,0.467,0.739,0.523,0.468,0.755,0.471,0.0,0.468,0.451,0.66,0.448,0.486,0.712,0.465,0.76,0.469,0.468,0.71,0.713,0.48,0.467,0.468,0.705,0.545
0.532,0.59,0.42,0.456,0.594,0.597,0.96,0.462,0.538,0.456,0.56,0.461,0.577,0.457,0.457,1.0,0.59,0.609,0.596,0.954,0.613,0.607,0.623,0.587,0.574,0.568,0.578,0.456,0.5,0.509,0.444,0.587,0.0,0.603,0.55,0.487,0.953,0.577,0.484,0.57,0.442,0.582,0.579,0.445,0.449,0.469,0.583,0.583,0.461,0.512
0.529,0.747,0.439,0.469,0.677,0.728,0.586,0.48,0.511,0.472,0.63,0.486,0.635,0.47,0.476,0.59,1.0,0.633,0.63,0.579,0.639,0.652,0.672,0.737,0.725,0.747,0.643,0.488,0.515,0.502,0.465,0.692,0.0,0.676,0.678,0.493,0.58,0.646,0.499,0.635,0.468,0.701,0.651,0.48,0.493,0.456,0.72,0.722,0.481,0.513
0.535,0.639,0.422,0.472,0.711,0.655,0.61,0.449,0.518,0.473,0.704,0.468,0.732,0.469,0.461,0.609,0.633,1.0,0.775,0.602,0.756,0.761,0.752,0.676,0.645,0.661,0.737,0.451,0.512,0.515,0.45,0.71,0.0,0.73,0.627,0.504,0.603,0.716,0.487,0.728,0.44,0.658,0.723,0.438,0.445,0.454,0.652,0.654,0.469,0.516
0.534,0.627,0.411,0.482,0.712,0.636,0.592,0.443,0.505,0.477,0.723,0.464,0.748,0.467,0.454,0.596,0.63,0.775,1.0,0.585,0.744,0.763,0.745,0.662,0.627,0.663,0.745,0.446,0.512,0.526,0.438,0.703,0.0,0.725,0.637,0.497,0.586,0.719,0.475,0.74,0.433,0.647,0.736,0.43,0.435,0.457,0.63,0.633,0.458,0.511
0.519,0.571,0.411,0.448,0.576,0.577,0.984,0.461,0.522,0.444,0.543,0.449,0.557,0.447,0.448,0.954,0.579,0.602,0.585,1.0,0.603,0.592,0.615,0.579,0.56,0.554,0.569,0.453,0.488,0.493,0.436,0.583,0.0,0.585,0.538,0.475,0.994,0.563,0.467,0.551,0.437,0.566,0.564,0.444,0.449,0.468,0.568,0.568,0.444,0.5
0.528,0.646,0.426,0.452,0.738,0.657,0.612,0.453,0.51,0.462,0.691,0.469,0.747,0.449,0.453,0.613,0.639,0.756,0.744,0.603,1.0,0.771,0.795,0.647,0.638,0.653,0.742,0.461,0.499,0.505,0.442,0.737,0.0,0.77,0.613,0.496,0.603,0.732,0.489,0.747,0.443,0.661,0.739,0.444,0.451,0.471,0.667,0.669,0.469,0.52
0.537,0.65,0.421,0.475,0.731,0.654,0.601,0.453,0.519,0.473,0.715,0.47,0.798,0.476,0.465,0.607,0.652,0.761,0.763,0.592,0.771,1.0,0.919,0.673,0.657,0.657,0.764,0.457,0.522,0.519,0.444,0.726,0.0,0.874,0.634,0.483,0.594,0.759,0.485,0.765,0.437,0.648,0.78,0.44,0.445,0.468,0.649,0.651,0.475,0.524
0.546,0.666,0.429,0.475,0.73,0.68,0.624,0.467,0.524,0.466,0.696,0.482,0.782,0.471,0.478,0.623,0.672,0.752,0.745,0.615,0.795,0.919,1.0,0.664,0.656,0.659,0.764,0.473,0.519,0.51,0.457,0.745,0.0,0.872,0.625,0.487,0.615,0.748,0.495,0.745,0.455,0.664,0.757,0.456,0.464,0.475,0.664,0.666,0.484,0.533
0.538,0.793,0.434,0.489,0.688,0.783,0.585,0.484,0.528,0.496,0.679,0.487,0.682,0.482,0.468,0.587,0.737,0.676,0.662,0.579,0.647,0.673,0.664,1.0,0.812,0.758,0.673,0.472,0.534,0.543,0.462,0.672,0.0,0.672,0.796,0.491,0.58,0.671,0.477,0.676,0.459,0.712,0.684,0.456,0.47,0.463,0.705,0.707,0.484,0.529
0.535,0.817,0.444,0.489,0.691,0.794,0.563,0.474,0.518,0.482,0.632,0.486,0.653,0.486,0.474,0.574,0.725,0.645,0.627,0.56,0.638,0.657,0.656,0.812,1.0,0.761,0.65,0.475,0.524,0.522,0.459,0.669,0.0,0.656,0.773,0.478,0.562,0.674,0.478,0.651,0.462,0.7,0.659,0.472,0.475,0.469,0.7,0.701,0.506,0.515
0.529,0.741,0.44,0.481,0.697,0.71,0.56,0.467,0.508,0.485,0.67,0.479,0.677,0.477,0.465,0.568,0.747,0.661,0.663,0.554,0.653,0.657,0.659,0.758,0.761,1.0,0.671,0.47,0.529,0.524,0.455,0.657,0.0,0.656,0.712,0.476,0.555,0.67,0.468,0.681,0.452,0.7,0.676,0.47,0.467,0.462,0.714,0.716,0.495,0.526
0.537,0.652,0.424,0.478,0.743,0.642,0.576,0.454,0.512,0.487,0.731,0.465,0.79,0.478,0.467,0.578,0.643,0.737,0.745,0.569,0.742,0.764,0.764,0.673,0.65,0.671,1.0,0.453,0.536,0.515,0.452,0.741,0.0,0.75,0.632,0.482,0.569,0.815,0.468,0.785,0.45,0.652,0.844,0.443,0.447,0.468,0.637,0.639,0.468,0.527
0.493,0.496,0.395,0.74,0.482,0.482,0.456,0.908,0.474,0.72,0.449,0.738,0.457,0.76,0.739,0.456,0.488,0.451,0.446,0.453,0.461,0.457,0.473,0.472,0.475,0.47,0.453,1.0,0.506,0.468,0.732,0.477,0.0,0.465,0.443,0.647,0.454,0.484,0.697,0.464,0.755,0.474,0.455,0.954,0.945,0.476,0.479,0.479,0.691,0.516
0.58,0.527,0.458,0.529,0.538,0.531,0.493,0.511,0.566,0.537,0.514,0.527,0.529,0.546,0.523,0.5,0.515,0.512,0.512,0.488,0.499,0.522,0.519,0.534,0.524,0.529,0.536,0.506,1.0,0.546,0.514,0.511,0.0,0.529,0.503,0.529,0.486,0.54,0.522,0.525,0.512,0.502,0.537,0.488,0.498,0.584,0.498,0.5,0.51,0.828
0.612,0.521,0.454,0.495,0.532,0.508,0.498,0.464,0.628,0.497,0.52,0.479,0.538,0.493,0.468,0.509,0.502,0.515,0.526,0.493,0.505,0.519,0.51,0.543,0.522,0.524,0.515,0.468,0.546,1.0,0.464,0.497,0.0,0.509,0.505,0.482,0.493,0.526,0.47,0.54,0.465,0.517,0.532,0.452,0.457,0.5,0.505,0.507,0.463,0.562
0.473,0.478,0.395,0.749,0.455,0.469,0.44,0.716,0.48,0.762,0.432,0.715,0.454,0.752,0.755,0.444,0.465,0.45,0.438,0.436,0.442,0.444,0.457,0.462,0.459,0.455,0.452,0.732,0.514,0.464,1.0,0.455,0.0,0.447,0.439,0.653,0.436,0.463,0.688,0.449,0.905,0.469,0.444,0.706,0.709,0.48,0.457,0.458,0.684,0.52
0.522,0.673,0.435,0.472,0.725,0.664,0.591,0.468,0.512,0.459,0.673,0.48,0.713,0.474,0.471,0.587,0.692,0.71,0.703,0.583,0.737,0.726,0.745,0.672,0.669,0.657,0.741,0.477,0.511,0.497,0.455,1.0,0.0,0.731,0.615,0.474,0.585,0.745,0.488,0.734,0.451,0.68,0.75,0.461,0.472,0.466,0.685,0.687,0.472,0.51
0.0,0.0,0.0,0.0,0.0,0.0,0.0,0.0,0.0,0.0,0.0,0.0,0.0,0.0,0.0,0.0,0.0,0.0,0.0,0.0,0.0,0.0,0.0,0.0,0.0,0.0,0.0,0.0,0.0,0.0,0.0,0.0,1.0,0.0,0.0,0.0,0.0,0.0,0.0,0.0,0.0,0.0,0.0,0.0,0.0,0.0,0.0,0.0,0.0,0.0
0.542,0.662,0.433,0.463,0.73,0.681,0.593,0.463,0.523,0.466,0.696,0.479,0.785,0.465,0.468,0.603,0.676,0.73,0.725,0.585,0.77,0.874,0.872,0.672,0.656,0.656,0.75,0.465,0.529,0.509,0.447,0.731,0.0,1.0,0.628,0.498,0.587,0.746,0.501,0.747,0.441,0.657,0.762,0.448,0.459,0.471,0.66,0.663,0.478,0.533
0.503,0.743,0.403,0.473,0.655,0.757,0.541,0.442,0.493,0.489,0.683,0.455,0.641,0.461,0.451,0.55,0.678,0.627,0.637,0.538,0.613,0.634,0.625,0.796,0.773,0.712,0.632,0.443,0.503,0.505,0.439,0.615,0.0,0.628,1.0,0.47,0.539,0.634,0.46,0.657,0.434,0.66,0.646,0.429,0.438,0.438,0.665,0.666,0.46,0.489
0.497,0.484,0.403,0.657,0.482,0.496,0.481,0.634,0.495,0.667,0.474,0.659,0.469,0.662,0.66,0.487,0.493,0.504,0.497,0.475,0.496,0.483,0.487,0.491,0.478,0.476,0.482,0.647,0.529,0.482,0.653,0.474,0.0,0.498,0.47,1.0,0.475,0.481,0.69,0.481,0.65,0.481,0.477,0.621,0.627,0.463,0.461,0.462,0.641,0.533
0.519,0.571,0.411,0.447,0.578,0.576,0.984,0.461,0.522,0.445,0.544,0.449,0.559,0.447,0.448,0.953,0.58,0.603,0.586,0.994,0.603,0.594,0.615,0.58,0.562,0.555,0.569,0.454,0.486,0.493,0.436,0.585,0.0,0.587,0.539,0.475,1.0,0.565,0.467,0.553,0.437,0.568,0.566,0.443,0.449,0.468,0.57,0.57,0.444,0.498
0.554,0.684,0.436,0.483,0.755,0.675,0.57,0.486,0.518,0.491,0.712,0.49,0.775,0.492,0.486,0.577,0.646,0.716,0.719,0.563,0.732,0.759,0.748,0.671,0.674,0.67,0.815,0.484,0.54,0.526,0.463,0.745,0.0,0.746,0.634,0.481,0.565,1.0,0.492,0.777,0.461,0.661,0.855,0.47,0.464,0.477,0.668,0.67,0.495,0.537
0.489,0.49,0.398,0.695,0.482,0.508,0.475,0.685,0.489,0.706,0.466,0.709,0.475,0.699,0.712,0.484,0.499,0.487,0.475,0.467,0.489,0.485,0.495,0.477,0.478,0.468,0.468,0.697,0.522,0.47,0.688,0.488,0.0,0.501,0.46,0.69,0.467,0.492,1.0,0.481,0.686,0.483,0.47,0.672,0.685,0.481,0.478,0.478,0.67,0.527
0.529,0.652,0.433,0.475,0.748,0.648,0.56,0.462,0.518,0.506,0.765,0.466,0.791,0.466,0.465,0.57,0.635,0.728,0.74,0.551,0.747,0.765,0.745,0.676,0.651,0.681,0.785,0.464,0.525,0.54,0.449,0.734,0.0,0.747,0.657,0.481,0.553,0.777,0.481,1.0,0.449,0.66,0.794,0.443,0.45,0.465,0.666,0.668,0.47,0.522
0.479,0.485,0.398,0.759,0.462,0.473,0.44,0.725,0.477,0.752,0.427,0.729,0.447,0.763,0.76,0.442,0.468,0.44,0.433,0.437,0.443,0.437,0.455,0.459,0.462,0.452,0.45,0.755,0.512,0.465,0.905,0.451,0.0,0.441,0.434,0.65,0.437,0.461,0.686,0.449,1.0,0.479,0.435,0.73,0.732,0.48,0.46,0.46,0.683,0.515
0.519,0.717,0.433,0.475,0.693,0.71,0.573,0.468,0.523,0.474,0.652,0.478,0.662,0.474,0.469,0.582,0.701,0.658,0.647,0.566,0.661,0.648,0.664,0.712,0.7,0.7,0.652,0.474,0.502,0.517,0.469,0.68,0.0,0.657,0.66,0.481,0.568,0.661,0.483,0.66,0.479,1.0,0.678,0.46,0.464,0.455,0.733,0.736,0.486,0.512
0.536,0.656,0.426,0.479,0.749,0.657,0.571,0.451,0.517,0.482,0.74,0.471,0.794,0.482,0.468,0.579,0.651,0.723,0.736,0.564,0.739,0.78,0.757,0.684,0.659,0.676,0.844,0.455,0.537,0.532,0.444,0.75,0.0,0.762,0.646,0.477,0.566,0.855,0.47,0.794,0.435,0.678,1.0,0.437,0.447,0.469,0.653,0.655,0.477,0.529
0.481,0.498,0.397,0.716,0.464,0.469,0.444,0.898,0.457,0.691,0.431,0.713,0.435,0.736,0.71,0.445,0.48,0.438,0.43,0.444,0.444,0.44,0.456,0.456,0.472,0.47,0.443,0.954,0.488,0.452,0.706,0.461,0.0,0.448,0.429,0.621,0.443,0.47,0.672,0.443,0.73,0.46,0.437,1.0,0.956,0.485,0.463,0.463,0.681,0.496
0.495,0.503,0.389,0.719,0.472,0.477,0.45,0.89,0.467,0.701,0.439,0.724,0.44,0.737,0.713,0.449,0.493,0.445,0.435,0.449,0.451,0.445,0.464,0.47,0.475,0.467,0.447,0.945,0.498,0.457,0.709,0.472,0.0,0.459,0.438,0.627,0.449,0.464,0.685,0.45,0.732,0.464,0.447,0.956,1.0,0.488,0.477,0.477,0.672,0.505
0.526,0.488,0.417,0.484,0.47,0.473,0.468,0.486,0.506,0.474,0.442,0.481,0.457,0.489,0.48,0.469,0.456,0.454,0.457,0.468,0.471,0.468,0.475,0.463,0.469,0.462,0.468,0.476,0.584,0.5,0.48,0.466,0.0,0.471,0.438,0.463,0.468,0.477,0.481,0.465,0.48,0.455,0.469,0.485,0.488,1.0,0.509,0.509,0.476,0.65
0.522,0.725,0.432,0.456,0.699,0.717,0.574,0.469,0.51,0.457,0.639,0.476,0.652,0.457,0.467,0.583,0.72,0.652,0.63,0.568,0.667,0.649,0.664,0.705,0.7,0.714,0.637,0.479,0.498,0.505,0.457,0.685,0.0,0.66,0.665,0.461,0.57,0.668,0.478,0.666,0.46,0.733,0.653,0.463,0.477,0.509,1.0,0.997,0.471,0.52
0.523,0.728,0.432,0.458,0.701,0.719,0.574,0.469,0.511,0.458,0.641,0.477,0.654,0.458,0.468,0.583,0.722,0.654,0.633,0.568,0.669,0.651,0.666,0.707,0.701,0.716,0.639,0.479,0.5,0.507,0.458,0.687,0.0,0.663,0.666,0.462,0.57,0.67,0.478,0.668,0.46,0.736,0.655,0.463,0.477,0.509,0.997,1.0,0.472,0.521
0.483,0.508,0.421,0.694,0.498,0.498,0.449,0.668,0.477,0.698,0.469,0.686,0.477,0.706,0.705,0.461,0.481,0.469,0.458,0.444,0.469,0.475,0.484,0.484,0.506,0.495,0.468,0.691,0.51,0.463,0.684,0.472,0.0,0.478,0.46,0.641,0.444,0.495,0.67,0.47,0.683,0.486,0.477,0.681,0.672,0.476,0.471,0.472,1.0,0.517
0.584,0.526,0.47,0.53,0.52,0.532,0.505,0.519,0.577,0.523,0.51,0.532,0.522,0.538,0.545,0.512,0.513,0.516,0.511,0.5,0.52,0.524,0.533,0.529,0.515,0.526,0.527,0.516,0.828,0.562,0.52,0.51,0.0,0.533,0.489,0.533,0.498,0.537,0.527,0.522,0.515,0.512,0.529,0.496,0.505,0.65,0.52,0.521,0.517,1.0
