GCF_000163235.1_ASM16323v1_genomic.fna,GCF_000164555.1_ASM16455v1_genomic.fna,GCF_000208545.1_ASM20854v2_genomic.fna,GCF_000233875.1_ASM23387v1_genomic.fna,GCF_000249735.1_ASM24973v2_genomic.fna,GCF_000261145.1_Esch_coli_M919_V2_genomic.fna,GCF_000267705.2_ASM26770v2_genomic.fna,GCF_000350665.1_Esch_coli_KTE5_V1_genomic.fna,GCF_000351625.1_Esch_coli_KTE66_V1_genomic.fna,GCF_000352285.1_Esch_coli_KTE46_V1_genomic.fna,GCF_000358895.1_ASM35889v1_genomic.fna,GCF_000456385.1_Esch_coli_HVH_26_4-5703913_V1_genomic.fna,GCF_000458195.1_Esch_coli_HVH_147_4-5893887_V1_genomic.fna,GCF_000459755.1_Esch_coli_KOEGE_58_171a_V1_genomic.fna,GCF_000460055.1_Esch_coli_UMEA_3053-1_V1_genomic.fna,GCF_000462165.2_ASM46216v2_genomic.fna,GCF_000601135.1_ASM60113v1_genomic.fna,GCF_000614595.1_Ec2010EL1058_genomic.fna,GCF_000617745.1_Ec2010C-4529_genomic.fna,GCF_000618265.2_EcF6751_genomic.fna,GCF_000619005.2_Ec2009C-4052_genomic.fna,GCF_000619105.1_Ec2009C-4780_genomic.fna,GCF_000619765.2_Ec2009C-3279_genomic.fna,GCF_000687005.1_ASM68700v1_genomic.fna,GCF_000687025.1_ASM68702v1_genomic.fna,GCF_000700125.1_ASM70012v1_genomic.fna,GCF_000753315.1_FHI35_genomic.fna,GCF_000776375.1_ASM77637v1_genomic.fna,GCF_000779395.1_ASM77939v1_genomic.fna,GCF_000780315.1_ASM78031v1_genomic.fna,GCF_000781995.1_ASM78199v1_genomic.fna,GCF_000986765.1_ASM98676v1_genomic.fna,GCF_001041375.1_ViralProj287958_genomic.fna,GCF_001265335.1_302014_genomic.fna,GCF_001265625.1_100854_genomic.fna,GCF_001267345.1_303289_genomic.fna,GCF_001309985.1_ASM130998v1_genomic.fna,GCF_001521695.1_ASM152169v1_genomic.fna,GCF_001592595.1_ASM159259v1_genomic.fna,GCF_001614975.1_ASM161497v1_genomic.fna,GCF_001692775.1_ASM169277v1_genomic.fna,GCF_001748915.1_ASM174891v1_genomic.fna,GCF_001749235.1_ASM174923v1_genomic.fna,GCF_001881155.1_ASM188115v1_genomic.fna,GCF_001881345.1_ASM188134v1_genomic.fna,GCF_001892405.1_ASM189240v1_genomic.fna,GCF_001892585.1_ASM189258v1_genomic.fna,GCF_001893985.1_ASM189398v1_genomic.fna,GCF_002001595.1_ASM200159v1_genomic.fna,GCF_002002145.1_ASM200214v1_genomic.fna
1.0,0.898,0.885,0.882,0.892,0.9,0.892,0.894,0.909,0.885,0.883,0.897,0.901,0.883,0.888,0.892,0.891,0.903,0.893,0.891,0.893,0.906,0.901,0.896,0.902,0.894,0.903,0.885,0.913,0.904,0.871,0.896,0.015,0.906,0.884,0.894,0.892,0.908,0.898,0.906,0.883,0.903,0.904,0.895,0.899,0.876,0.901,0.901,0.89,0.908
0.898,1.0,0.892,0.87,0.922,0.938,0.904,0.879,0.9,0.874,0.889,0.894,0.921,0.881,0.875,0.907,0.921,0.912,0.919,0.903,0.914,0.92,0.921,0.933,0.94,0.927,0.919,0.872,0.898,0.897,0.883,0.928,0.014,0.918,0.917,0.882,0.907,0.927,0.89,0.92,0.885,0.922,0.919,0.883,0.886,0.879,0.922,0.923,0.884,0.901
0.885,0.892,1.0,0.856,0.889,0.878,0.889,0.871,0.903,0.86,0.85,0.877,0.881,0.859,0.868,0.893,0.866,0.882,0.878,0.888,0.893,0.887,0.893,0.868,0.873,0.877,0.88,0.864,0.892,0.9,0.875,0.887,0.016,0.879,0.858,0.873,0.891,0.889,0.877,0.88,0.878,0.874,0.881,0.872,0.874,0.877,0.879,0.879,0.879,0.891
0.882,0.87,0.856,1.0,0.861,0.877,0.859,0.919,0.867,0.932,0.875,0.926,0.869,0.943,0.94,0.859,0.873,0.873,0.864,0.857,0.855,0.868,0.86,0.882,0.887,0.88,0.868,0.932,0.887,0.861,0.902,0.867,0.016,0.871,0.883,0.904,0.859,0.863,0.908,0.864,0.922,0.876,0.867,0.924,0.924,0.849,0.877,0.878,0.915,0.879
0.892,0.922,0.889,0.861,1.0,0.92,0.916,0.875,0.898,0.869,0.909,0.888,0.928,0.87,0.878,0.916,0.906,0.918,0.927,0.916,0.936,0.927,0.934,0.901,0.908,0.906,0.927,0.867,0.899,0.898,0.878,0.929,0.015,0.926,0.894,0.882,0.918,0.931,0.886,0.923,0.884,0.911,0.934,0.875,0.879,0.879,0.914,0.915,0.885,0.899
0.9,0.938,0.878,0.877,0.92,1.0,0.905,0.887,0.887,0.877,0.9,0.897,0.921,0.888,0.887,0.907,0.924,0.925,0.924,0.904,0.914,0.93,0.926,0.941,0.942,0.925,0.923,0.878,0.912,0.886,0.878,0.928,0.015,0.938,0.929,0.894,0.908,0.921,0.903,0.922,0.889,0.93,0.93,0.887,0.89,0.872,0.935,0.936,0.888,0.906
0.892,0.904,0.889,0.859,0.916,0.905,1.0,0.872,0.895,0.864,0.871,0.883,0.9,0.867,0.874,0.986,0.89,0.913,0.913,0.997,0.918,0.917,0.926,0.892,0.899,0.888,0.906,0.863,0.89,0.904,0.874,0.913,0.015,0.907,0.881,0.883,0.996,0.909,0.883,0.894,0.881,0.897,0.905,0.874,0.878,0.889,0.896,0.896,0.874,0.898
0.894,0.879,0.871,0.919,0.875,0.887,0.872,1.0,0.886,0.921,0.862,0.936,0.881,0.926,0.938,0.875,0.882,0.887,0.88,0.87,0.868,0.884,0.878,0.887,0.886,0.886,0.886,0.968,0.903,0.875,0.913,0.875,0.017,0.888,0.871,0.922,0.872,0.881,0.93,0.877,0.927,0.884,0.879,0.97,0.962,0.875,0.886,0.886,0.921,0.896
0.909,0.9,0.903,0.867,0.898,0.887,0.895,0.886,1.0,0.879,0.86,0.894,0.889,0.878,0.886,0.899,0.881,0.885,0.888,0.894,0.889,0.891,0.9,0.882,0.887,0.883,0.893,0.875,0.91,0.916,0.88,0.894,0.014,0.891,0.872,0.878,0.897,0.897,0.889,0.89,0.885,0.89,0.895,0.885,0.889,0.887,0.894,0.895,0.885,0.91
0.885,0.874,0.86,0.932,0.869,0.877,0.864,0.921,0.879,1.0,0.876,0.925,0.875,0.932,0.929,0.868,0.878,0.882,0.873,0.862,0.856,0.878,0.873,0.884,0.888,0.879,0.874,0.926,0.891,0.865,0.906,0.872,0.017,0.88,0.885,0.909,0.864,0.872,0.913,0.878,0.918,0.878,0.874,0.919,0.922,0.862,0.88,0.882,0.923,0.885
0.883,0.889,0.85,0.875,0.909,0.9,0.871,0.862,0.86,0.876,1.0,0.866,0.924,0.873,0.862,0.876,0.906,0.908,0.901,0.871,0.894,0.914,0.9,0.91,0.904,0.908,0.911,0.867,0.883,0.863,0.85,0.906,0.016,0.922,0.91,0.866,0.874,0.909,0.869,0.92,0.863,0.904,0.913,0.864,0.862,0.846,0.904,0.906,0.878,0.877
0.897,0.894,0.877,0.926,0.888,0.897,0.883,0.936,0.894,0.925,0.866,1.0,0.886,0.93,0.958,0.885,0.887,0.893,0.888,0.881,0.883,0.895,0.892,0.888,0.894,0.885,0.888,0.929,0.902,0.884,0.915,0.891,0.016,0.892,0.872,0.924,0.882,0.887,0.937,0.884,0.932,0.89,0.89,0.934,0.94,0.878,0.893,0.893,0.915,0.902
0.901,0.921,0.881,0.869,0.928,0.921,0.9,0.881,0.889,0.875,0.924,0.886,1.0,0.878,0.88,0.902,0.928,0.941,0.94,0.9,0.929,0.949,0.94,0.929,0.925,0.928,0.947,0.878,0.903,0.894,0.867,0.936,0.016,0.95,0.914,0.88,0.902,0.943,0.887,0.952,0.877,0.929,0.946,0.883,0.882,0.869,0.928,0.928,0.89,0.899
0.883,0.881,0.859,0.943,0.87,0.888,0.867,0.926,0.878,0.932,0.873,0.93,0.878,1.0,0.947,0.868,0.887,0.881,0.875,0.865,0.866,0.882,0.875,0.891,0.899,0.89,0.884,0.939,0.896,0.87,0.906,0.881,0.016,0.884,0.884,0.918,0.867,0.873,0.918,0.876,0.927,0.889,0.872,0.932,0.931,0.866,0.884,0.886,0.923,0.892
0.888,0.875,0.868,0.94,0.878,0.887,0.874,0.938,0.886,0.929,0.862,0.958,0.88,0.947,1.0,0.874,0.884,0.884,0.875,0.872,0.87,0.881,0.875,0.883,0.89,0.884,0.88,0.942,0.904,0.881,0.92,0.874,0.017,0.886,0.874,0.927,0.873,0.874,0.926,0.873,0.932,0.883,0.877,0.941,0.94,0.868,0.888,0.888,0.922,0.896
0.892,0.907,0.893,0.859,0.916,0.907,0.986,0.875,0.899,0.868,0.876,0.885,0.902,0.868,0.874,1.0,0.895,0.912,0.911,0.985,0.92,0.92,0.927,0.895,0.904,0.891,0.906,0.866,0.895,0.904,0.878,0.914,0.015,0.907,0.882,0.885,0.987,0.909,0.887,0.898,0.884,0.897,0.905,0.878,0.88,0.887,0.898,0.898,0.88,0.902
0.891,0.921,0.866,0.873,0.906,0.924,0.89,0.882,0.881,0.878,0.906,0.887,0.928,0.887,0.884,0.895,1.0,0.921,0.909,0.889,0.908,0.916,0.908,0.946,0.938,0.943,0.918,0.883,0.898,0.88,0.867,0.925,0.017,0.929,0.923,0.885,0.892,0.916,0.885,0.917,0.88,0.927,0.911,0.883,0.883,0.859,0.93,0.932,0.89,0.89
0.903,0.912,0.882,0.873,0.918,0.925,0.913,0.887,0.885,0.882,0.908,0.893,0.941,0.881,0.884,0.912,0.921,1.0,0.937,0.913,0.929,0.951,0.943,0.923,0.919,0.92,0.935,0.88,0.908,0.892,0.873,0.938,0.016,0.95,0.903,0.9,0.913,0.928,0.891,0.937,0.886,0.926,0.935,0.888,0.888,0.874,0.926,0.927,0.882,0.904
0.893,0.919,0.878,0.864,0.927,0.924,0.913,0.88,0.888,0.873,0.901,0.888,0.94,0.875,0.875,0.911,0.909,0.937,1.0,0.913,0.934,0.95,0.949,0.914,0.918,0.915,0.931,0.877,0.896,0.895,0.881,0.937,0.014,0.94,0.909,0.891,0.915,0.936,0.886,0.931,0.888,0.924,0.939,0.887,0.888,0.875,0.92,0.921,0.88,0.903
0.891,0.903,0.888,0.857,0.916,0.904,0.997,0.87,0.894,0.862,0.871,0.881,0.9,0.865,0.872,0.985,0.889,0.913,0.913,1.0,0.918,0.918,0.926,0.89,0.898,0.886,0.905,0.861,0.889,0.904,0.872,0.912,0.015,0.906,0.879,0.882,0.995,0.908,0.881,0.894,0.878,0.898,0.904,0.872,0.876,0.889,0.895,0.895,0.871,0.897
0.893,0.914,0.893,0.855,0.936,0.914,0.918,0.868,0.889,0.856,0.894,0.883,0.929,0.866,0.87,0.92,0.908,0.929,0.934,0.918,1.0,0.939,0.948,0.906,0.907,0.909,0.93,0.859,0.893,0.902,0.87,0.931,0.014,0.931,0.902,0.885,0.92,0.927,0.886,0.929,0.874,0.904,0.927,0.871,0.873,0.881,0.908,0.908,0.87,0.901
0.906,0.92,0.887,0.868,0.927,0.93,0.917,0.884,0.891,0.878,0.914,0.895,0.949,0.882,0.881,0.92,0.916,0.951,0.95,0.918,0.939,1.0,0.975,0.921,0.919,0.919,0.94,0.877,0.907,0.897,0.88,0.942,0.015,0.967,0.909,0.893,0.92,0.939,0.899,0.945,0.891,0.924,0.943,0.887,0.888,0.875,0.924,0.925,0.886,0.908
0.901,0.921,0.893,0.86,0.934,0.926,0.926,0.878,0.9,0.873,0.9,0.892,0.94,0.875,0.875,0.927,0.908,0.943,0.949,0.926,0.948,0.975,1.0,0.909,0.915,0.915,0.931,0.87,0.902,0.91,0.88,0.942,0.014,0.953,0.901,0.886,0.927,0.936,0.892,0.935,0.886,0.917,0.938,0.88,0.881,0.882,0.916,0.917,0.877,0.907
0.896,0.933,0.868,0.882,0.901,0.941,0.892,0.887,0.882,0.884,0.91,0.888,0.929,0.891,0.883,0.895,0.946,0.923,0.914,0.89,0.906,0.921,0.909,1.0,0.95,0.938,0.918,0.885,0.904,0.878,0.865,0.917,0.017,0.933,0.947,0.882,0.895,0.912,0.889,0.92,0.88,0.938,0.916,0.882,0.883,0.866,0.933,0.935,0.892,0.898
0.902,0.94,0.873,0.887,0.908,0.942,0.899,0.886,0.887,0.888,0.904,0.894,0.925,0.899,0.89,0.904,0.938,0.919,0.918,0.898,0.907,0.919,0.915,0.95,1.0,0.941,0.925,0.89,0.905,0.885,0.878,0.927,0.017,0.922,0.934,0.885,0.902,0.918,0.893,0.919,0.888,0.933,0.917,0.896,0.892,0.873,0.93,0.932,0.897,0.902
0.894,0.927,0.877,0.88,0.906,0.925,0.888,0.886,0.883,0.879,0.908,0.885,0.928,0.89,0.884,0.891,0.943,0.92,0.915,0.886,0.909,0.919,0.915,0.938,0.941,1.0,0.92,0.885,0.907,0.878,0.871,0.917,0.016,0.923,0.919,0.88,0.889,0.914,0.881,0.921,0.882,0.927,0.918,0.888,0.884,0.863,0.925,0.927,0.897,0.895
0.903,0.919,0.88,0.868,0.927,0.923,0.906,0.886,0.893,0.874,0.911,0.888,0.947,0.884,0.88,0.906,0.918,0.935,0.931,0.905,0.93,0.94,0.931,0.918,0.925,0.92,1.0,0.876,0.898,0.893,0.875,0.947,0.015,0.942,0.902,0.885,0.908,0.946,0.889,0.941,0.883,0.92,0.953,0.888,0.889,0.873,0.913,0.914,0.887,0.904
0.885,0.872,0.864,0.932,0.867,0.878,0.863,0.968,0.875,0.926,0.867,0.929,0.878,0.939,0.942,0.866,0.883,0.88,0.877,0.861,0.859,0.877,0.87,0.885,0.89,0.885,0.876,1.0,0.898,0.868,0.907,0.872,0.016,0.88,0.876,0.917,0.864,0.873,0.921,0.872,0.927,0.88,0.869,0.983,0.972,0.864,0.882,0.883,0.923,0.892
0.913,0.898,0.892,0.887,0.899,0.912,0.89,0.903,0.91,0.891,0.883,0.902,0.903,0.896,0.904,0.895,0.898,0.908,0.896,0.889,0.893,0.907,0.902,0.904,0.905,0.907,0.898,0.898,1.0,0.897,0.89,0.901,0.015,0.91,0.889,0.896,0.891,0.906,0.899,0.909,0.899,0.904,0.908,0.904,0.904,0.894,0.908,0.909,0.898,0.957
0.904,0.897,0.9,0.861,0.898,0.886,0.904,0.875,0.916,0.865,0.863,0.884,0.894,0.87,0.881,0.904,0.88,0.892,0.895,0.904,0.902,0.897,0.91,0.878,0.885,0.878,0.893,0.868,0.897,1.0,0.873,0.897,0.014,0.89,0.867,0.884,0.906,0.898,0.881,0.89,0.881,0.887,0.895,0.878,0.877,0.894,0.892,0.892,0.87,0.904
0.871,0.883,0.875,0.902,0.878,0.878,0.874,0.913,0.88,0.906,0.85,0.915,0.867,0.906,0.92,0.878,0.867,0.873,0.881,0.872,0.87,0.88,0.88,0.865,0.878,0.871,0.875,0.907,0.89,0.873,1.0,0.885,0.013,0.875,0.856,0.907,0.874,0.881,0.904,0.868,0.952,0.873,0.88,0.914,0.915,0.876,0.872,0.873,0.906,0.897
0.896,0.928,0.887,0.867,0.929,0.928,0.913,0.875,0.894,0.872,0.906,0.891,0.936,0.881,0.874,0.914,0.925,0.938,0.937,0.912,0.931,0.942,0.942,0.917,0.927,0.917,0.947,0.872,0.901,0.897,0.885,1.0,0.014,0.94,0.899,0.885,0.914,0.946,0.886,0.938,0.887,0.925,0.944,0.881,0.887,0.872,0.922,0.923,0.879,0.907
0.015,0.014,0.016,0.016,0.015,0.015,0.015,0.017,0.014,0.017,0.016,0.016,0.016,0.016,0.017,0.015,0.017,0.016,0.014,0.015,0.014,0.015,0.014,0.017,0.017,0.016,0.015,0.016,0.015,0.014,0.013,0.014,1.0,0.017,0.017,0.015,0.015,0.014,0.016,0.016,0.014,0.017,0.015,0.016,0.015,0.015,0.017,0.017,0.016,0.014
0.906,0.918,0.879,0.871,0.926,0.938,0.907,0.888,0.891,0.88,0.922,0.892,0.95,0.884,0.886,0.907,0.929,0.95,0.94,0.906,0.931,0.967,0.953,0.933,0.922,0.923,0.942,0.88,0.91,0.89,0.875,0.94,0.017,1.0,0.917,0.896,0.908,0.935,0.897,0.948,0.885,0.928,0.943,0.888,0.888,0.873,0.932,0.933,0.894,0.904
0.884,0.917,0.858,0.883,0.894,0.929,0.881,0.871,0.872,0.885,0.91,0.872,0.914,0.884,0.874,0.882,0.923,0.903,0.909,0.879,0.902,0.909,0.901,0.947,0.934,0.919,0.902,0.876,0.889,0.867,0.856,0.899,0.017,0.917,1.0,0.872,0.884,0.9,0.878,0.908,0.866,0.921,0.909,0.872,0.868,0.85,0.921,0.922,0.883,0.883
0.894,0.882,0.873,0.904,0.882,0.894,0.883,0.922,0.878,0.909,0.866,0.924,0.88,0.918,0.927,0.885,0.885,0.9,0.891,0.882,0.885,0.893,0.886,0.882,0.885,0.88,0.885,0.917,0.896,0.884,0.907,0.885,0.015,0.896,0.872,1.0,0.883,0.883,0.932,0.888,0.922,0.889,0.881,0.925,0.926,0.871,0.887,0.887,0.913,0.903
0.892,0.907,0.891,0.859,0.918,0.908,0.996,0.872,0.897,0.864,0.874,0.882,0.902,0.867,0.873,0.987,0.892,0.913,0.915,0.995,0.92,0.92,0.927,0.895,0.902,0.889,0.908,0.864,0.891,0.906,0.874,0.914,0.015,0.908,0.884,0.883,1.0,0.909,0.884,0.896,0.881,0.899,0.906,0.875,0.879,0.888,0.897,0.897,0.875,0.9
0.908,0.927,0.889,0.863,0.931,0.921,0.909,0.881,0.897,0.872,0.909,0.887,0.943,0.873,0.874,0.909,0.916,0.928,0.936,0.908,0.927,0.939,0.936,0.912,0.918,0.914,0.946,0.873,0.906,0.898,0.881,0.946,0.014,0.935,0.9,0.883,0.909,1.0,0.895,0.935,0.881,0.911,0.955,0.883,0.882,0.881,0.917,0.918,0.882,0.908
0.898,0.89,0.877,0.908,0.886,0.903,0.883,0.93,0.889,0.913,0.869,0.937,0.887,0.918,0.926,0.887,0.885,0.891,0.886,0.881,0.886,0.899,0.892,0.889,0.893,0.881,0.889,0.921,0.899,0.881,0.904,0.886,0.016,0.897,0.878,0.932,0.884,0.895,1.0,0.885,0.922,0.887,0.889,0.927,0.928,0.873,0.889,0.888,0.914,0.908
0.906,0.92,0.88,0.864,0.923,0.922,0.894,0.877,0.89,0.878,0.92,0.884,0.952,0.876,0.873,0.898,0.917,0.937,0.931,0.894,0.929,0.945,0.935,0.92,0.919,0.921,0.941,0.872,0.909,0.89,0.868,0.938,0.016,0.948,0.908,0.888,0.896,0.935,0.885,1.0,0.882,0.925,0.943,0.881,0.882,0.868,0.925,0.926,0.884,0.903
0.883,0.885,0.878,0.922,0.884,0.889,0.881,0.927,0.885,0.918,0.863,0.932,0.877,0.927,0.932,0.884,0.88,0.886,0.888,0.878,0.874,0.891,0.886,0.88,0.888,0.882,0.883,0.927,0.899,0.881,0.952,0.887,0.014,0.885,0.866,0.922,0.881,0.881,0.922,0.882,1.0,0.891,0.885,0.934,0.936,0.875,0.887,0.888,0.917,0.9
0.903,0.922,0.874,0.876,0.911,0.93,0.897,0.884,0.89,0.878,0.904,0.89,0.929,0.889,0.883,0.897,0.927,0.926,0.924,0.898,0.904,0.924,0.917,0.938,0.933,0.927,0.92,0.88,0.904,0.887,0.873,0.925,0.017,0.928,0.921,0.889,0.899,0.911,0.887,0.925,0.891,1.0,0.924,0.889,0.888,0.867,0.933,0.934,0.886,0.902
0.904,0.919,0.881,0.867,0.934,0.93,0.905,0.879,0.895,0.874,0.913,0.89,0.946,0.872,0.877,0.905,0.911,0.935,0.939,0.904,0.927,0.943,0.938,0.916,0.917,0.918,0.953,0.869,0.908,0.895,0.88,0.944,0.015,0.943,0.909,0.881,0.906,0.955,0.889,0.943,0.885,0.924,1.0,0.878,0.879,0.876,0.925,0.926,0.886,0.907
0.895,0.883,0.872,0.924,0.875,0.887,0.874,0.97,0.885,0.919,0.864,0.934,0.883,0.932,0.941,0.878,0.883,0.888,0.887,0.872,0.871,0.887,0.88,0.882,0.896,0.888,0.888,0.983,0.904,0.878,0.914,0.881,0.016,0.888,0.872,0.925,0.875,0.883,0.927,0.881,0.934,0.889,0.878,1.0,0.98,0.873,0.885,0.885,0.924,0.898
0.899,0.886,0.874,0.924,0.879,0.89,0.878,0.962,0.889,0.922,0.862,0.94,0.882,0.931,0.94,0.88,0.883,0.888,0.888,0.876,0.873,0.888,0.881,0.883,0.892,0.884,0.889,0.972,0.904,0.877,0.915,0.887,0.015,0.888,0.868,0.926,0.879,0.882,0.928,0.882,0.936,0.888,0.879,0.98,1.0,0.873,0.885,0.885,0.916,0.901
0.876,0.879,0.877,0.849,0.879,0.872,0.889,0.875,0.887,0.862,0.846,0.878,0.869,0.866,0.868,0.887,0.859,0.874,0.875,0.889,0.881,0.875,0.882,0.866,0.873,0.863,0.873,0.864,0.894,0.894,0.876,0.872,0.015,0.873,0.85,0.871,0.888,0.881,0.873,0.868,0.875,0.867,0.876,0.873,0.873,1.0,0.877,0.877,0.859,0.901
0.901,0.922,0.879,0.877,0.914,0.935,0.896,0.886,0.894,0.88,0.904,0.893,0.928,0.884,0.888,0.898,0.93,0.926,0.92,0.895,0.908,0.924,0.916,0.933,0.93,0.925,0.913,0.882,0.908,0.892,0.872,0.922,0.017,0.932,0.921,0.887,0.897,0.917,0.889,0.925,0.887,0.933,0.925,0.885,0.885,0.877,1.0,0.998,0.885,0.906
0.901,0.923,0.879,0.878,0.915,0.936,0.896,0.886,0.895,0.882,0.906,0.893,0.928,0.886,0.888,0.898,0.932,0.927,0.921,0.895,0.908,0.925,0.917,0.935,0.932,0.927,0.914,0.883,0.909,0.892,0.873,0.923,0.017,0.933,0.922,0.887,0.897,0.918,0.888,0.926,0.888,0.934,0.926,0.885,0.885,0.877,0.998,1.0,0.886,0.906
0.89,0.884,0.879,0.915,0.885,0.888,0.874,0.921,0.885,0.923,0.878,0.915,0.89,0.923,0.922,0.88,0.89,0.882,0.88,0.871,0.87,0.886,0.877,0.892,0.897,0.897,0.887,0.923,0.898,0.87,0.906,0.879,0.016,0.894,0.883,0.913,0.875,0.882,0.914,0.884,0.917,0.886,0.886,0.924,0.916,0.859,0.885,0.886,1.0,0.885
0.908,0.901,0.891,0.879,0.899,0.906,0.898,0.896,0.91,0.885,0.877,0.902,0.899,0.892,0.896,0.902,0.89,0.904,0.903,0.897,0.901,0.908,0.907,0.898,0.902,0.895,0.904,0.892,0.957,0.904,0.897,0.907,0.014,0.904,0.883,0.903,0.9,0.908,0.908,0.903,0.9,0.902,0.907,0.898,0.901,0.901,0.906,0.906,0.885,1.0
