GCF_000163235.1_ASM16323v1_genomic.fna,GCF_000164555.1_ASM16455v1_genomic.fna,GCF_000208545.1_ASM20854v2_genomic.fna,GCF_000233875.1_ASM23387v1_genomic.fna,GCF_000249735.1_ASM24973v2_genomic.fna,GCF_000261145.1_Esch_coli_M919_V2_genomic.fna,GCF_000267705.2_ASM26770v2_genomic.fna,GCF_000350665.1_Esch_coli_KTE5_V1_genomic.fna,GCF_000351625.1_Esch_coli_KTE66_V1_genomic.fna,GCF_000352285.1_Esch_coli_KTE46_V1_genomic.fna,GCF_000358895.1_ASM35889v1_genomic.fna,GCF_000456385.1_Esch_coli_HVH_26_4-5703913_V1_genomic.fna,GCF_000458195.1_Esch_coli_HVH_147_4-5893887_V1_genomic.fna,GCF_000459755.1_Esch_coli_KOEGE_58_171a_V1_genomic.fna,GCF_000460055.1_Esch_coli_UMEA_3053-1_V1_genomic.fna,GCF_000462165.2_ASM46216v2_genomic.fna,GCF_000601135.1_ASM60113v1_genomic.fna,GCF_000614595.1_Ec2010EL1058_genomic.fna,GCF_000617745.1_Ec2010C-4529_genomic.fna,GCF_000618265.2_EcF6751_genomic.fna,GCF_000619005.2_Ec2009C-4052_genomic.fna,GCF_000619105.1_Ec2009C-4780_genomic.fna,GCF_000619765.2_Ec2009C-3279_genomic.fna,GCF_000687005.1_ASM68700v1_genomic.fna,GCF_000687025.1_ASM68702v1_genomic.fna,GCF_000700125.1_ASM70012v1_genomic.fna,GCF_000753315.1_FHI35_genomic.fna,GCF_000776375.1_ASM77637v1_genomic.fna,GCF_000779395.1_ASM77939v1_genomic.fna,GCF_000780315.1_ASM78031v1_genomic.fna,GCF_000781995.1_ASM78199v1_genomic.fna,GCF_000986765.1_ASM98676v1_genomic.fna,GCF_001041375.1_ViralProj287958_genomic.fna,GCF_001265335.1_302014_genomic.fna,GCF_001265625.1_100854_genomic.fna,GCF_001267345.1_303289_genomic.fna,GCF_001309985.1_ASM130998v1_genomic.fna,GCF_001521695.1_ASM152169v1_genomic.fna,GCF_001592595.1_ASM159259v1_genomic.fna,GCF_001614975.1_ASM161497v1_genomic.fna,GCF_001692775.1_ASM169277v1_genomic.fna,GCF_001748915.1_ASM174891v1_genomic.fna,GCF_001749235.1_ASM174923v1_genomic.fna,GCF_001881155.1_ASM188115v1_genomic.fna,GCF_001881345.1_ASM188134v1_genomic.fna,GCF_001892405.1_ASM189240v1_genomic.fna,GCF_001892585.1_ASM189258v1_genomic.fna,GCF_001893985.1_ASM189398v1_genomic.fna,GCF_002001595.1_ASM200159v1_genomic.fna,GCF_002002145.1_ASM200214v1_genomic.fna
1.0,0.905,0.892,0.889,0.918,0.896,0.897,0.903,0.918,0.881,0.891,0.905,0.89,0.895,0.9,0.903,0.895,0.902,0.909,0.896,0.903,0.903,0.904,0.882,0.884,0.882,0.9,0.901,0.898,0.91,0.891,0.904,0.017,0.9,0.874,0.89,0.896,0.91,0.895,0.897,0.888,0.902,0.904,0.91,0.909,0.889,0.9,0.901,0.898,0.9
0.905,1.0,0.886,0.87,0.921,0.94,0.891,0.888,0.898,0.873,0.891,0.884,0.902,0.877,0.888,0.897,0.925,0.91,0.919,0.891,0.908,0.914,0.913,0.938,0.947,0.915,0.912,0.883,0.89,0.889,0.889,0.92,0.015,0.91,0.927,0.883,0.891,0.918,0.889,0.909,0.88,0.927,0.919,0.893,0.894,0.886,0.928,0.928,0.894,0.881
0.892,0.886,1.0,0.86,0.885,0.875,0.879,0.868,0.89,0.856,0.858,0.875,0.863,0.867,0.872,0.882,0.879,0.881,0.881,0.878,0.885,0.876,0.879,0.859,0.873,0.861,0.883,0.86,0.872,0.878,0.869,0.881,0.017,0.879,0.855,0.872,0.879,0.881,0.871,0.869,0.868,0.886,0.883,0.87,0.869,0.874,0.88,0.88,0.879,0.867
0.889,0.87,0.86,1.0,0.879,0.865,0.869,0.929,0.88,0.933,0.88,0.933,0.871,0.951,0.934,0.873,0.877,0.868,0.864,0.867,0.868,0.867,0.87,0.877,0.878,0.881,0.874,0.938,0.886,0.878,0.925,0.875,0.017,0.864,0.867,0.899,0.868,0.871,0.911,0.882,0.941,0.88,0.878,0.934,0.937,0.87,0.869,0.87,0.916,0.886
0.918,0.921,0.885,0.879,1.0,0.914,0.898,0.883,0.905,0.867,0.926,0.891,0.916,0.887,0.892,0.902,0.914,0.921,0.927,0.897,0.929,0.929,0.934,0.902,0.91,0.908,0.931,0.882,0.885,0.896,0.884,0.927,0.015,0.929,0.896,0.889,0.897,0.933,0.883,0.924,0.879,0.924,0.933,0.89,0.889,0.889,0.916,0.918,0.891,0.883
0.896,0.94,0.875,0.865,0.914,1.0,0.898,0.876,0.899,0.867,0.892,0.88,0.906,0.878,0.884,0.901,0.921,0.917,0.924,0.896,0.903,0.915,0.92,0.927,0.937,0.909,0.914,0.872,0.881,0.883,0.878,0.913,0.015,0.918,0.922,0.888,0.898,0.908,0.889,0.911,0.875,0.926,0.919,0.879,0.877,0.877,0.923,0.925,0.885,0.882
0.897,0.891,0.879,0.869,0.898,0.898,1.0,0.873,0.889,0.854,0.872,0.873,0.882,0.871,0.881,0.986,0.885,0.907,0.911,0.996,0.918,0.909,0.912,0.882,0.889,0.882,0.898,0.864,0.872,0.885,0.868,0.903,0.015,0.905,0.878,0.875,0.998,0.897,0.874,0.886,0.866,0.899,0.9,0.875,0.872,0.89,0.901,0.902,0.879,0.873
0.903,0.888,0.868,0.929,0.883,0.876,0.873,1.0,0.891,0.931,0.879,0.93,0.879,0.942,0.921,0.878,0.882,0.881,0.874,0.872,0.874,0.877,0.877,0.888,0.884,0.881,0.888,0.968,0.894,0.888,0.929,0.882,0.018,0.871,0.871,0.904,0.872,0.892,0.92,0.881,0.929,0.886,0.891,0.962,0.959,0.877,0.868,0.87,0.924,0.891
0.918,0.898,0.89,0.88,0.905,0.899,0.889,0.891,1.0,0.879,0.883,0.89,0.877,0.894,0.893,0.893,0.897,0.9,0.895,0.885,0.89,0.896,0.895,0.887,0.891,0.887,0.902,0.887,0.895,0.913,0.894,0.9,0.016,0.892,0.876,0.895,0.888,0.9,0.896,0.887,0.891,0.901,0.899,0.893,0.892,0.893,0.909,0.909,0.899,0.902
0.881,0.873,0.856,0.933,0.867,0.867,0.854,0.931,0.879,1.0,0.89,0.92,0.879,0.925,0.909,0.859,0.868,0.859,0.858,0.853,0.856,0.859,0.855,0.882,0.875,0.882,0.871,0.931,0.883,0.878,0.919,0.862,0.019,0.856,0.878,0.896,0.854,0.869,0.915,0.88,0.93,0.875,0.874,0.923,0.929,0.865,0.865,0.867,0.915,0.891
0.891,0.891,0.858,0.88,0.926,0.892,0.872,0.879,0.883,0.89,1.0,0.882,0.934,0.88,0.866,0.877,0.898,0.908,0.901,0.87,0.901,0.908,0.904,0.908,0.899,0.912,0.909,0.882,0.888,0.88,0.864,0.902,0.016,0.895,0.908,0.868,0.872,0.9,0.87,0.928,0.872,0.901,0.914,0.878,0.88,0.855,0.891,0.892,0.875,0.891
0.905,0.884,0.875,0.933,0.891,0.88,0.873,0.93,0.89,0.92,0.882,1.0,0.876,0.937,0.944,0.878,0.884,0.883,0.88,0.872,0.877,0.879,0.878,0.878,0.89,0.883,0.888,0.939,0.888,0.894,0.914,0.881,0.019,0.88,0.871,0.904,0.872,0.888,0.92,0.886,0.931,0.894,0.893,0.938,0.946,0.875,0.877,0.879,0.923,0.89
0.89,0.902,0.863,0.871,0.916,0.906,0.882,0.879,0.877,0.879,0.934,0.876,1.0,0.876,0.866,0.89,0.906,0.915,0.916,0.882,0.912,0.928,0.93,0.924,0.908,0.909,0.927,0.885,0.886,0.877,0.86,0.911,0.015,0.913,0.917,0.872,0.883,0.914,0.871,0.941,0.87,0.912,0.927,0.883,0.885,0.858,0.9,0.901,0.876,0.889
0.895,0.877,0.867,0.951,0.887,0.878,0.871,0.942,0.894,0.925,0.88,0.937,0.876,1.0,0.935,0.877,0.883,0.874,0.874,0.87,0.871,0.874,0.877,0.882,0.881,0.887,0.886,0.952,0.889,0.889,0.929,0.877,0.018,0.871,0.874,0.911,0.87,0.883,0.923,0.881,0.943,0.887,0.885,0.946,0.948,0.876,0.875,0.876,0.923,0.893
0.9,0.888,0.872,0.934,0.892,0.884,0.881,0.921,0.893,0.909,0.866,0.944,0.866,0.935,1.0,0.887,0.882,0.878,0.886,0.88,0.88,0.883,0.886,0.869,0.874,0.867,0.881,0.924,0.874,0.887,0.926,0.885,0.017,0.886,0.858,0.906,0.882,0.885,0.917,0.869,0.938,0.891,0.885,0.931,0.929,0.888,0.886,0.887,0.922,0.882
0.903,0.897,0.882,0.873,0.902,0.901,0.986,0.878,0.893,0.859,0.877,0.878,0.89,0.877,0.887,1.0,0.892,0.912,0.915,0.985,0.918,0.914,0.916,0.889,0.894,0.883,0.905,0.869,0.873,0.888,0.872,0.906,0.015,0.911,0.883,0.88,0.986,0.906,0.879,0.892,0.869,0.902,0.905,0.88,0.878,0.884,0.904,0.905,0.88,0.876
0.895,0.925,0.879,0.877,0.914,0.921,0.885,0.882,0.897,0.868,0.898,0.884,0.906,0.883,0.882,0.892,1.0,0.906,0.904,0.881,0.91,0.906,0.904,0.924,0.93,0.921,0.916,0.879,0.891,0.901,0.876,0.909,0.017,0.907,0.92,0.885,0.883,0.903,0.882,0.909,0.883,0.926,0.916,0.887,0.89,0.869,0.921,0.921,0.878,0.888
0.902,0.91,0.881,0.868,0.921,0.917,0.907,0.881,0.9,0.859,0.908,0.883,0.915,0.874,0.878,0.912,0.906,1.0,0.939,0.906,0.927,0.939,0.939,0.899,0.902,0.896,0.923,0.876,0.893,0.897,0.874,0.915,0.015,0.92,0.898,0.885,0.908,0.917,0.889,0.915,0.87,0.915,0.921,0.885,0.883,0.874,0.907,0.908,0.887,0.884
0.909,0.919,0.881,0.864,0.927,0.924,0.911,0.874,0.895,0.858,0.901,0.88,0.916,0.874,0.886,0.915,0.904,0.939,1.0,0.912,0.939,0.934,0.939,0.904,0.907,0.895,0.923,0.873,0.883,0.89,0.875,0.925,0.016,0.927,0.906,0.883,0.912,0.923,0.884,0.918,0.871,0.922,0.927,0.881,0.879,0.879,0.912,0.913,0.884,0.881
0.896,0.891,0.878,0.867,0.897,0.896,0.996,0.872,0.885,0.853,0.87,0.872,0.882,0.87,0.88,0.985,0.881,0.906,0.912,1.0,0.917,0.909,0.911,0.882,0.888,0.88,0.898,0.864,0.87,0.881,0.867,0.902,0.015,0.903,0.876,0.874,0.997,0.896,0.872,0.887,0.865,0.898,0.898,0.875,0.871,0.89,0.9,0.901,0.877,0.871
0.903,0.908,0.885,0.868,0.929,0.903,0.918,0.874,0.89,0.856,0.901,0.877,0.912,0.871,0.88,0.918,0.91,0.927,0.939,0.917,1.0,0.933,0.942,0.89,0.903,0.896,0.924,0.871,0.873,0.892,0.874,0.931,0.015,0.927,0.89,0.883,0.918,0.922,0.882,0.918,0.875,0.906,0.92,0.881,0.878,0.892,0.915,0.914,0.885,0.874
0.903,0.914,0.876,0.867,0.929,0.915,0.909,0.877,0.896,0.859,0.908,0.879,0.928,0.874,0.883,0.914,0.906,0.939,0.934,0.909,0.933,1.0,0.973,0.905,0.906,0.891,0.926,0.875,0.881,0.894,0.872,0.921,0.016,0.949,0.897,0.89,0.91,0.92,0.886,0.923,0.87,0.911,0.934,0.884,0.88,0.88,0.907,0.908,0.888,0.881
0.904,0.913,0.879,0.87,0.934,0.92,0.912,0.877,0.895,0.855,0.904,0.878,0.93,0.877,0.886,0.916,0.904,0.939,0.939,0.911,0.942,0.973,1.0,0.901,0.906,0.894,0.932,0.874,0.881,0.891,0.873,0.931,0.014,0.951,0.895,0.886,0.912,0.928,0.887,0.921,0.872,0.91,0.926,0.882,0.879,0.881,0.911,0.912,0.885,0.878
0.882,0.938,0.859,0.877,0.902,0.927,0.882,0.888,0.887,0.882,0.908,0.878,0.924,0.882,0.869,0.889,0.924,0.899,0.904,0.882,0.89,0.905,0.901,1.0,0.946,0.928,0.906,0.886,0.899,0.881,0.871,0.908,0.017,0.896,0.947,0.878,0.882,0.901,0.875,0.92,0.874,0.922,0.91,0.882,0.883,0.865,0.909,0.911,0.877,0.895
0.884,0.947,0.873,0.878,0.91,0.937,0.889,0.884,0.891,0.875,0.899,0.89,0.908,0.881,0.874,0.894,0.93,0.902,0.907,0.888,0.903,0.906,0.906,0.946,1.0,0.927,0.913,0.882,0.89,0.886,0.878,0.917,0.016,0.901,0.938,0.881,0.888,0.906,0.883,0.92,0.881,0.926,0.916,0.886,0.89,0.874,0.916,0.917,0.886,0.893
0.882,0.915,0.861,0.881,0.908,0.909,0.882,0.881,0.887,0.882,0.912,0.883,0.909,0.887,0.867,0.883,0.921,0.896,0.895,0.88,0.896,0.891,0.894,0.928,0.927,1.0,0.905,0.883,0.893,0.89,0.867,0.897,0.017,0.891,0.923,0.873,0.88,0.895,0.875,0.916,0.876,0.913,0.903,0.882,0.888,0.866,0.911,0.912,0.875,0.892
0.9,0.912,0.883,0.874,0.931,0.914,0.898,0.888,0.902,0.871,0.909,0.888,0.927,0.886,0.881,0.905,0.916,0.923,0.923,0.898,0.924,0.926,0.932,0.906,0.913,0.905,1.0,0.882,0.89,0.898,0.883,0.929,0.016,0.92,0.906,0.889,0.899,0.943,0.889,0.928,0.884,0.915,0.955,0.891,0.892,0.878,0.904,0.904,0.889,0.887
0.901,0.883,0.86,0.938,0.882,0.872,0.864,0.968,0.887,0.931,0.882,0.939,0.885,0.952,0.924,0.869,0.879,0.876,0.873,0.864,0.871,0.875,0.874,0.886,0.882,0.883,0.882,1.0,0.895,0.884,0.924,0.877,0.018,0.868,0.867,0.902,0.864,0.885,0.919,0.886,0.937,0.887,0.884,0.986,0.98,0.873,0.872,0.874,0.92,0.891
0.898,0.89,0.872,0.886,0.885,0.881,0.872,0.894,0.895,0.883,0.888,0.888,0.886,0.889,0.874,0.873,0.891,0.893,0.883,0.87,0.873,0.881,0.881,0.899,0.89,0.893,0.89,0.895,1.0,0.898,0.876,0.879,0.018,0.876,0.888,0.885,0.872,0.885,0.89,0.888,0.878,0.883,0.887,0.894,0.894,0.887,0.873,0.874,0.884,0.95
0.91,0.889,0.878,0.878,0.896,0.883,0.885,0.888,0.913,0.878,0.88,0.894,0.877,0.889,0.887,0.888,0.901,0.897,0.89,0.881,0.892,0.894,0.891,0.881,0.886,0.89,0.898,0.884,0.898,1.0,0.884,0.887,0.017,0.882,0.875,0.888,0.884,0.884,0.894,0.888,0.886,0.896,0.9,0.892,0.892,0.887,0.887,0.886,0.891,0.895
0.891,0.889,0.869,0.925,0.884,0.878,0.868,0.929,0.894,0.919,0.864,0.914,0.86,0.929,0.926,0.872,0.876,0.874,0.875,0.867,0.874,0.872,0.873,0.871,0.878,0.867,0.883,0.924,0.876,0.884,1.0,0.881,0.018,0.869,0.854,0.909,0.867,0.882,0.914,0.865,0.958,0.888,0.883,0.93,0.931,0.877,0.879,0.88,0.919,0.877
0.904,0.92,0.881,0.875,0.927,0.913,0.903,0.882,0.9,0.862,0.902,0.881,0.911,0.877,0.885,0.906,0.909,0.915,0.925,0.902,0.931,0.921,0.931,0.908,0.917,0.897,0.929,0.877,0.879,0.887,0.881,1.0,0.015,0.922,0.894,0.881,0.902,0.936,0.883,0.924,0.877,0.918,0.929,0.885,0.883,0.897,0.927,0.927,0.889,0.877
0.017,0.015,0.017,0.017,0.015,0.015,0.015,0.018,0.016,0.019,0.016,0.019,0.015,0.018,0.017,0.015,0.017,0.015,0.016,0.015,0.015,0.016,0.014,0.017,0.016,0.017,0.016,0.018,0.018,0.017,0.018,0.015,1.0,0.015,0.016,0.017,0.015,0.015,0.018,0.016,0.019,0.015,0.017,0.017,0.018,0.019,0.016,0.016,0.018,0.017
0.9,0.91,0.879,0.864,0.929,0.918,0.905,0.871,0.892,0.856,0.895,0.88,0.913,0.871,0.886,0.911,0.907,0.92,0.927,0.903,0.927,0.949,0.951,0.896,0.901,0.891,0.92,0.868,0.876,0.882,0.869,0.922,0.015,1.0,0.893,0.887,0.905,0.925,0.884,0.913,0.867,0.91,0.926,0.876,0.876,0.878,0.913,0.914,0.882,0.878
0.874,0.927,0.855,0.867,0.896,0.922,0.878,0.871,0.876,0.878,0.908,0.871,0.917,0.874,0.858,0.883,0.92,0.898,0.906,0.876,0.89,0.897,0.895,0.947,0.938,0.923,0.906,0.867,0.888,0.875,0.854,0.894,0.016,0.893,1.0,0.862,0.877,0.893,0.87,0.913,0.858,0.912,0.904,0.864,0.87,0.855,0.903,0.904,0.863,0.889
0.89,0.883,0.872,0.899,0.889,0.888,0.875,0.904,0.895,0.896,0.868,0.904,0.872,0.911,0.906,0.88,0.885,0.885,0.883,0.874,0.883,0.89,0.886,0.878,0.881,0.873,0.889,0.902,0.885,0.888,0.909,0.881,0.017,0.887,0.862,1.0,0.875,0.887,0.92,0.88,0.907,0.89,0.894,0.91,0.905,0.876,0.882,0.883,0.91,0.889
0.896,0.891,0.879,0.868,0.897,0.898,0.998,0.872,0.888,0.854,0.872,0.872,0.883,0.87,0.882,0.986,0.883,0.908,0.912,0.997,0.918,0.91,0.912,0.882,0.888,0.88,0.899,0.864,0.872,0.884,0.867,0.902,0.015,0.905,0.877,0.875,1.0,0.896,0.874,0.887,0.866,0.899,0.899,0.875,0.872,0.89,0.901,0.902,0.879,0.873
0.91,0.918,0.881,0.871,0.933,0.908,0.897,0.892,0.9,0.869,0.9,0.888,0.914,0.883,0.885,0.906,0.903,0.917,0.923,0.896,0.922,0.92,0.928,0.901,0.906,0.895,0.943,0.885,0.885,0.884,0.882,0.936,0.015,0.925,0.893,0.887,0.896,1.0,0.887,0.919,0.879,0.91,0.947,0.895,0.89,0.885,0.912,0.913,0.894,0.889
0.895,0.889,0.871,0.911,0.883,0.889,0.874,0.92,0.896,0.915,0.87,0.92,0.871,0.923,0.917,0.879,0.882,0.889,0.884,0.872,0.882,0.886,0.887,0.875,0.883,0.875,0.889,0.919,0.89,0.894,0.914,0.883,0.018,0.884,0.87,0.92,0.874,0.887,1.0,0.884,0.912,0.884,0.89,0.924,0.923,0.884,0.878,0.879,0.918,0.888
0.897,0.909,0.869,0.882,0.924,0.911,0.886,0.881,0.887,0.88,0.928,0.886,0.941,0.881,0.869,0.892,0.909,0.915,0.918,0.887,0.918,0.923,0.921,0.92,0.92,0.916,0.928,0.886,0.888,0.888,0.865,0.924,0.016,0.913,0.913,0.88,0.887,0.919,0.884,1.0,0.878,0.919,0.93,0.883,0.888,0.872,0.913,0.914,0.882,0.891
0.888,0.88,0.868,0.941,0.879,0.875,0.866,0.929,0.891,0.93,0.872,0.931,0.87,0.943,0.938,0.869,0.883,0.87,0.871,0.865,0.875,0.87,0.872,0.874,0.881,0.876,0.884,0.937,0.878,0.886,0.958,0.877,0.019,0.867,0.858,0.907,0.866,0.879,0.912,0.878,1.0,0.887,0.883,0.939,0.945,0.877,0.877,0.878,0.925,0.882
0.902,0.927,0.886,0.88,0.924,0.926,0.899,0.886,0.901,0.875,0.901,0.894,0.912,0.887,0.891,0.902,0.926,0.915,0.922,0.898,0.906,0.911,0.91,0.922,0.926,0.913,0.915,0.887,0.883,0.896,0.888,0.918,0.015,0.91,0.912,0.89,0.899,0.91,0.884,0.919,0.887,1.0,0.928,0.896,0.895,0.876,0.924,0.926,0.897,0.885
0.904,0.919,0.883,0.878,0.933,0.919,0.9,0.891,0.899,0.874,0.914,0.893,0.927,0.885,0.885,0.905,0.916,0.921,0.927,0.898,0.92,0.934,0.926,0.91,0.916,0.903,0.955,0.884,0.887,0.9,0.883,0.929,0.017,0.926,0.904,0.894,0.899,0.947,0.89,0.93,0.883,0.928,1.0,0.894,0.894,0.883,0.91,0.911,0.899,0.891
0.91,0.893,0.87,0.934,0.89,0.879,0.875,0.962,0.893,0.923,0.878,0.938,0.883,0.946,0.931,0.88,0.887,0.885,0.881,0.875,0.881,0.884,0.882,0.882,0.886,0.882,0.891,0.986,0.894,0.892,0.93,0.885,0.017,0.876,0.864,0.91,0.875,0.895,0.924,0.883,0.939,0.896,0.894,1.0,0.984,0.881,0.881,0.883,0.928,0.891
0.909,0.894,0.869,0.937,0.889,0.877,0.872,0.959,0.892,0.929,0.88,0.946,0.885,0.948,0.929,0.878,0.89,0.883,0.879,0.871,0.878,0.88,0.879,0.883,0.89,0.888,0.892,0.98,0.894,0.892,0.931,0.883,0.018,0.876,0.87,0.905,0.872,0.89,0.923,0.888,0.945,0.895,0.894,0.984,1.0,0.879,0.881,0.883,0.925,0.893
0.889,0.886,0.874,0.87,0.889,0.877,0.89,0.877,0.893,0.865,0.855,0.875,0.858,0.876,0.888,0.884,0.869,0.874,0.879,0.89,0.892,0.88,0.881,0.865,0.874,0.866,0.878,0.873,0.887,0.887,0.877,0.897,0.019,0.878,0.855,0.876,0.89,0.885,0.884,0.872,0.877,0.876,0.883,0.881,0.879,1.0,0.897,0.897,0.884,0.9
0.9,0.928,0.88,0.869,0.916,0.923,0.901,0.868,0.909,0.865,0.891,0.877,0.9,0.875,0.886,0.904,0.921,0.907,0.912,0.9,0.915,0.907,0.911,0.909,0.916,0.911,0.904,0.872,0.873,0.887,0.879,0.927,0.016,0.913,0.903,0.882,0.901,0.912,0.878,0.913,0.877,0.924,0.91,0.881,0.881,0.897,1.0,0.998,0.88,0.883
0.901,0.928,0.88,0.87,0.918,0.925,0.902,0.87,0.909,0.867,0.892,0.879,0.901,0.876,0.887,0.905,0.921,0.908,0.913,0.901,0.914,0.908,0.912,0.911,0.917,0.912,0.904,0.874,0.874,0.886,0.88,0.927,0.016,0.914,0.904,0.883,0.902,0.913,0.879,0.914,0.878,0.926,0.911,0.883,0.883,0.897,0.998,1.0,0.881,0.885
0.898,0.894,0.879,0.916,0.891,0.885,0.879,0.924,0.899,0.915,0.875,0.923,0.876,0.923,0.922,0.88,0.878,0.887,0.884,0.877,0.885,0.888,0.885,0.877,0.886,0.875,0.889,0.92,0.884,0.891,0.919,0.889,0.018,0.882,0.863,0.91,0.879,0.894,0.918,0.882,0.925,0.897,0.899,0.928,0.925,0.884,0.88,0.881,1.0,0.882
0.9,0.881,0.867,0.886,0.883,0.882,0.873,0.891,0.902,0.891,0.891,0.89,0.889,0.893,0.882,0.876,0.888,0.884,0.881,0.871,0.874,0.881,0.878,0.895,0.893,0.892,0.887,0.891,0.95,0.895,0.877,0.877,0.017,0.878,0.889,0.889,0.873,0.889,0.888,0.891,0.882,0.885,0.891,0.891,0.893,0.9,0.883,0.885,0.882,1.0
