GCF_000163235.1_ASM16323v1_genomic.fna,GCF_000164555.1_ASM16455v1_genomic.fna,GCF_000208545.1_ASM20854v2_genomic.fna,GCF_000233875.1_ASM23387v1_genomic.fna,GCF_000249735.1_ASM24973v2_genomic.fna,GCF_000261145.1_Esch_coli_M919_V2_genomic.fna,GCF_000267705.2_ASM26770v2_genomic.fna,GCF_000350665.1_Esch_coli_KTE5_V1_genomic.fna,GCF_000351625.1_Esch_coli_KTE66_V1_genomic.fna,GCF_000352285.1_Esch_coli_KTE46_V1_genomic.fna,GCF_000358895.1_ASM35889v1_genomic.fna,GCF_000456385.1_Esch_coli_HVH_26_4-5703913_V1_genomic.fna,GCF_000458195.1_Esch_coli_HVH_147_4-5893887_V1_genomic.fna,GCF_000459755.1_Esch_coli_KOEGE_58_171a_V1_genomic.fna,GCF_000460055.1_Esch_coli_UMEA_3053-1_V1_genomic.fna,GCF_000462165.2_ASM46216v2_genomic.fna,GCF_000601135.1_ASM60113v1_genomic.fna,GCF_000614595.1_Ec2010EL1058_genomic.fna,GCF_000617745.1_Ec2010C-4529_genomic.fna,GCF_000618265.2_EcF6751_genomic.fna,GCF_000619005.2_Ec2009C-4052_genomic.fna,GCF_000619105.1_Ec2009C-4780_genomic.fna,GCF_000619765.2_Ec2009C-3279_genomic.fna,GCF_000687005.1_ASM68700v1_genomic.fna,GCF_000687025.1_ASM68702v1_genomic.fna,GCF_000700125.1_ASM70012v1_genomic.fna,GCF_000753315.1_FHI35_genomic.fna,GCF_000776375.1_ASM77637v1_genomic.fna,GCF_000779395.1_ASM77939v1_genomic.fna,GCF_000780315.1_ASM78031v1_genomic.fna,GCF_000781995.1_ASM78199v1_genomic.fna,GCF_000986765.1_ASM98676v1_genomic.fna,GCF_001041375.1_ViralProj287958_genomic.fna,GCF_001265335.1_302014_genomic.fna,GCF_001265625.1_100854_genomic.fna,GCF_001267345.1_303289_genomic.fna,GCF_001309985.1_ASM130998v1_genomic.fna,GCF_001521695.1_ASM152169v1_genomic.fna,GCF_001592595.1_ASM159259v1_genomic.fna,GCF_001614975.1_ASM161497v1_genomic.fna,GCF_001692775.1_ASM169277v1_genomic.fna,GCF_001748915.1_ASM174891v1_genomic.fna,GCF_001749235.1_ASM174923v1_genomic.fna,GCF_001881155.1_ASM188115v1_genomic.fna,GCF_001881345.1_ASM188134v1_genomic.fna,GCF_001892405.1_ASM189240v1_genomic.fna,GCF_001892585.1_ASM189258v1_genomic.fna,GCF_001893985.1_ASM189398v1_genomic.fna,GCF_002001595.1_ASM200159v1_genomic.fna,GCF_002002145.1_ASM200214v1_genomic.fna
1.0,0.566,0.49,0.509,0.558,0.543,0.548,0.528,0.65,0.509,0.546,0.522,0.556,0.517,0.497,0.547,0.559,0.546,0.544,0.548,0.543,0.541,0.558,0.55,0.547,0.549,0.548,0.523,0.601,0.636,0.505,0.546,0.0,0.543,0.522,0.518,0.546,0.551,0.514,0.555,0.515,0.534,0.542,0.525,0.538,0.535,0.533,0.534,0.498,0.598
0.566,1.0,0.448,0.507,0.688,0.809,0.594,0.518,0.532,0.502,0.641,0.516,0.662,0.5,0.482,0.594,0.752,0.64,0.655,0.594,0.65,0.647,0.654,0.805,0.823,0.757,0.65,0.512,0.541,0.544,0.503,0.665,0.0,0.647,0.771,0.488,0.592,0.663,0.501,0.66,0.512,0.724,0.644,0.52,0.523,0.486,0.731,0.73,0.504,0.532
0.49,0.448,1.0,0.414,0.455,0.428,0.444,0.428,0.483,0.424,0.447,0.421,0.458,0.427,0.415,0.446,0.445,0.444,0.447,0.444,0.439,0.448,0.457,0.441,0.446,0.439,0.453,0.426,0.472,0.48,0.426,0.442,0.0,0.449,0.415,0.442,0.444,0.442,0.431,0.456,0.433,0.44,0.447,0.434,0.431,0.439,0.439,0.44,0.429,0.474
0.509,0.507,0.414,1.0,0.519,0.49,0.501,0.742,0.509,0.763,0.502,0.776,0.508,0.794,0.798,0.506,0.499,0.501,0.5,0.498,0.48,0.498,0.501,0.513,0.509,0.501,0.498,0.799,0.518,0.51,0.757,0.508,0.0,0.493,0.481,0.67,0.501,0.522,0.7,0.488,0.764,0.484,0.501,0.779,0.784,0.497,0.493,0.493,0.736,0.525
0.558,0.688,0.455,0.519,1.0,0.685,0.623,0.542,0.56,0.519,0.801,0.526,0.754,0.531,0.524,0.638,0.69,0.725,0.74,0.621,0.721,0.733,0.734,0.709,0.702,0.714,0.75,0.536,0.553,0.563,0.509,0.744,0.0,0.739,0.679,0.506,0.624,0.753,0.512,0.749,0.52,0.68,0.759,0.537,0.542,0.479,0.701,0.701,0.523,0.537
0.543,0.809,0.428,0.49,0.685,1.0,0.605,0.524,0.528,0.48,0.639,0.492,0.655,0.491,0.474,0.607,0.748,0.653,0.656,0.605,0.657,0.647,0.668,0.797,0.825,0.739,0.649,0.501,0.547,0.532,0.491,0.665,0.0,0.658,0.772,0.502,0.603,0.653,0.522,0.676,0.498,0.728,0.652,0.505,0.506,0.482,0.729,0.73,0.488,0.538
0.548,0.594,0.444,0.501,0.623,0.605,1.0,0.499,0.552,0.471,0.606,0.486,0.618,0.497,0.487,0.958,0.616,0.656,0.639,0.99,0.642,0.646,0.677,0.618,0.613,0.617,0.625,0.497,0.52,0.536,0.492,0.628,0.0,0.634,0.593,0.518,0.99,0.605,0.502,0.619,0.492,0.604,0.618,0.499,0.503,0.472,0.603,0.603,0.487,0.524
0.528,0.518,0.428,0.742,0.542,0.524,0.499,1.0,0.517,0.736,0.499,0.755,0.512,0.752,0.746,0.501,0.515,0.506,0.507,0.496,0.497,0.499,0.515,0.524,0.521,0.517,0.506,0.901,0.548,0.52,0.748,0.517,0.0,0.506,0.482,0.684,0.497,0.538,0.721,0.527,0.749,0.507,0.506,0.904,0.89,0.5,0.505,0.503,0.716,0.533
0.65,0.532,0.483,0.509,0.56,0.528,0.552,0.517,1.0,0.501,0.539,0.51,0.546,0.524,0.515,0.553,0.55,0.55,0.538,0.549,0.529,0.544,0.551,0.549,0.551,0.544,0.559,0.518,0.584,0.684,0.509,0.549,0.0,0.542,0.52,0.527,0.552,0.547,0.501,0.558,0.511,0.537,0.562,0.52,0.521,0.542,0.545,0.546,0.501,0.593
0.509,0.502,0.424,0.763,0.519,0.48,0.471,0.736,0.501,1.0,0.517,0.747,0.519,0.754,0.749,0.481,0.487,0.489,0.499,0.468,0.47,0.487,0.481,0.516,0.496,0.498,0.491,0.766,0.522,0.514,0.765,0.485,0.0,0.475,0.484,0.665,0.472,0.518,0.704,0.488,0.764,0.474,0.49,0.752,0.764,0.485,0.482,0.482,0.727,0.515
0.546,0.641,0.447,0.502,0.801,0.639,0.606,0.499,0.539,0.517,1.0,0.499,0.789,0.506,0.49,0.622,0.661,0.727,0.733,0.604,0.708,0.737,0.723,0.702,0.658,0.678,0.747,0.514,0.515,0.544,0.488,0.731,0.0,0.721,0.702,0.496,0.605,0.759,0.489,0.754,0.49,0.661,0.758,0.504,0.512,0.459,0.661,0.661,0.493,0.516
0.522,0.516,0.421,0.776,0.526,0.492,0.486,0.755,0.51,0.747,0.499,1.0,0.505,0.785,0.876,0.495,0.495,0.493,0.497,0.483,0.492,0.501,0.501,0.51,0.506,0.507,0.499,0.777,0.548,0.507,0.734,0.502,0.0,0.497,0.477,0.667,0.484,0.513,0.709,0.499,0.739,0.482,0.502,0.772,0.786,0.486,0.487,0.488,0.718,0.526
0.556,0.662,0.458,0.508,0.754,0.655,0.618,0.512,0.546,0.519,0.789,0.505,1.0,0.505,0.493,0.632,0.665,0.751,0.767,0.616,0.743,0.813,0.802,0.716,0.669,0.681,0.789,0.527,0.528,0.559,0.49,0.752,0.0,0.793,0.686,0.502,0.617,0.784,0.497,0.774,0.493,0.665,0.783,0.515,0.52,0.463,0.673,0.673,0.502,0.521
0.517,0.5,0.427,0.794,0.531,0.491,0.497,0.752,0.524,0.754,0.506,0.785,0.505,1.0,0.811,0.504,0.496,0.505,0.496,0.494,0.478,0.501,0.497,0.511,0.514,0.506,0.505,0.788,0.54,0.514,0.758,0.504,0.0,0.494,0.478,0.67,0.498,0.525,0.7,0.498,0.765,0.489,0.503,0.779,0.786,0.494,0.492,0.492,0.731,0.543
0.497,0.482,0.415,0.798,0.524,0.474,0.487,0.746,0.515,0.749,0.49,0.876,0.493,0.811,1.0,0.492,0.495,0.485,0.488,0.484,0.477,0.494,0.494,0.488,0.5,0.495,0.5,0.771,0.536,0.503,0.775,0.497,0.0,0.49,0.462,0.669,0.487,0.51,0.707,0.488,0.771,0.475,0.496,0.768,0.773,0.492,0.486,0.487,0.734,0.54
0.547,0.594,0.446,0.506,0.638,0.607,0.958,0.501,0.553,0.481,0.622,0.495,0.632,0.504,0.492,1.0,0.611,0.655,0.648,0.956,0.633,0.661,0.671,0.622,0.618,0.623,0.628,0.507,0.52,0.552,0.49,0.622,0.0,0.64,0.604,0.52,0.961,0.618,0.502,0.624,0.495,0.601,0.631,0.508,0.512,0.471,0.604,0.604,0.496,0.519
0.559,0.752,0.445,0.499,0.69,0.748,0.616,0.515,0.55,0.487,0.661,0.495,0.665,0.496,0.495,0.611,1.0,0.657,0.656,0.616,0.663,0.663,0.67,0.766,0.764,0.771,0.646,0.507,0.534,0.55,0.492,0.701,0.0,0.664,0.72,0.494,0.613,0.647,0.515,0.677,0.5,0.715,0.663,0.511,0.516,0.476,0.735,0.737,0.491,0.533
0.546,0.64,0.444,0.501,0.725,0.653,0.656,0.506,0.55,0.489,0.727,0.493,0.751,0.505,0.485,0.655,0.657,1.0,0.795,0.654,0.733,0.776,0.777,0.679,0.661,0.681,0.754,0.512,0.516,0.542,0.485,0.729,0.0,0.746,0.654,0.508,0.652,0.723,0.506,0.735,0.487,0.657,0.744,0.509,0.515,0.46,0.661,0.661,0.489,0.525
0.544,0.655,0.447,0.5,0.74,0.656,0.639,0.507,0.538,0.499,0.733,0.497,0.767,0.496,0.488,0.648,0.656,0.795,1.0,0.637,0.757,0.782,0.779,0.675,0.667,0.675,0.76,0.51,0.518,0.547,0.485,0.743,0.0,0.743,0.671,0.512,0.639,0.733,0.503,0.753,0.489,0.659,0.747,0.513,0.517,0.468,0.66,0.66,0.499,0.526
0.548,0.594,0.444,0.498,0.621,0.605,0.99,0.496,0.549,0.468,0.604,0.483,0.616,0.494,0.484,0.956,0.616,0.654,0.637,1.0,0.643,0.645,0.673,0.614,0.611,0.613,0.62,0.494,0.52,0.533,0.492,0.627,0.0,0.632,0.59,0.517,0.99,0.602,0.503,0.616,0.492,0.604,0.615,0.496,0.5,0.472,0.603,0.603,0.484,0.524
0.543,0.65,0.439,0.48,0.721,0.657,0.642,0.497,0.529,0.47,0.708,0.492,0.743,0.478,0.477,0.633,0.663,0.733,0.757,0.643,1.0,0.748,0.777,0.657,0.65,0.668,0.741,0.493,0.521,0.536,0.483,0.741,0.0,0.745,0.64,0.506,0.637,0.71,0.502,0.748,0.49,0.658,0.721,0.499,0.501,0.472,0.656,0.657,0.483,0.519
0.541,0.647,0.448,0.498,0.733,0.647,0.646,0.499,0.544,0.487,0.737,0.501,0.813,0.501,0.494,0.661,0.663,0.776,0.782,0.645,0.748,1.0,0.924,0.687,0.67,0.675,0.778,0.511,0.524,0.544,0.485,0.751,0.0,0.886,0.661,0.505,0.646,0.764,0.486,0.767,0.489,0.653,0.783,0.507,0.51,0.462,0.663,0.663,0.491,0.526
0.558,0.654,0.457,0.501,0.734,0.668,0.677,0.515,0.551,0.481,0.723,0.501,0.802,0.497,0.494,0.671,0.67,0.777,0.779,0.673,0.777,0.924,1.0,0.682,0.677,0.675,0.778,0.51,0.537,0.544,0.494,0.77,0.0,0.888,0.656,0.516,0.672,0.749,0.509,0.772,0.499,0.664,0.759,0.513,0.516,0.464,0.673,0.673,0.496,0.536
0.55,0.805,0.441,0.513,0.709,0.797,0.618,0.524,0.549,0.516,0.702,0.51,0.716,0.511,0.488,0.622,0.766,0.679,0.675,0.614,0.657,0.687,0.682,1.0,0.839,0.784,0.691,0.534,0.531,0.568,0.497,0.68,0.0,0.681,0.833,0.502,0.614,0.695,0.495,0.682,0.501,0.725,0.692,0.519,0.535,0.463,0.74,0.74,0.503,0.523
0.547,0.823,0.446,0.509,0.702,0.825,0.613,0.521,0.551,0.496,0.658,0.506,0.669,0.514,0.5,0.618,0.764,0.661,0.667,0.611,0.65,0.67,0.677,0.839,1.0,0.789,0.677,0.516,0.538,0.546,0.499,0.698,0.0,0.671,0.806,0.496,0.613,0.674,0.503,0.672,0.503,0.72,0.675,0.527,0.526,0.479,0.742,0.742,0.513,0.524
0.549,0.757,0.439,0.501,0.714,0.739,0.617,0.517,0.544,0.498,0.678,0.507,0.681,0.506,0.495,0.623,0.771,0.681,0.675,0.613,0.668,0.675,0.675,0.784,0.789,1.0,0.674,0.517,0.525,0.553,0.495,0.68,0.0,0.667,0.742,0.504,0.613,0.668,0.505,0.679,0.501,0.715,0.667,0.528,0.526,0.481,0.732,0.732,0.515,0.529
0.548,0.65,0.453,0.498,0.75,0.649,0.625,0.506,0.559,0.491,0.747,0.499,0.789,0.505,0.5,0.628,0.646,0.754,0.76,0.62,0.741,0.778,0.778,0.691,0.677,0.674,1.0,0.504,0.53,0.54,0.488,0.77,0.0,0.764,0.654,0.498,0.622,0.831,0.495,0.787,0.493,0.661,0.848,0.512,0.512,0.467,0.661,0.661,0.503,0.523
0.523,0.512,0.426,0.799,0.536,0.501,0.497,0.901,0.518,0.766,0.514,0.777,0.527,0.788,0.771,0.507,0.507,0.512,0.51,0.494,0.493,0.511,0.51,0.534,0.516,0.517,0.504,1.0,0.54,0.526,0.751,0.513,0.0,0.503,0.494,0.681,0.496,0.552,0.711,0.511,0.762,0.501,0.514,0.964,0.954,0.496,0.505,0.505,0.743,0.526
0.601,0.541,0.472,0.518,0.553,0.547,0.52,0.548,0.584,0.522,0.515,0.548,0.528,0.54,0.536,0.52,0.534,0.516,0.518,0.52,0.521,0.524,0.537,0.531,0.538,0.525,0.53,0.54,1.0,0.558,0.535,0.54,0.0,0.532,0.496,0.539,0.518,0.525,0.537,0.534,0.534,0.525,0.526,0.542,0.548,0.601,0.522,0.523,0.529,0.848
0.636,0.544,0.48,0.51,0.563,0.532,0.536,0.52,0.684,0.514,0.544,0.507,0.559,0.514,0.503,0.552,0.55,0.542,0.547,0.533,0.536,0.544,0.544,0.568,0.546,0.553,0.54,0.526,0.558,1.0,0.508,0.534,0.0,0.538,0.526,0.519,0.536,0.539,0.496,0.558,0.516,0.532,0.546,0.526,0.529,0.546,0.544,0.544,0.518,0.569
0.505,0.503,0.426,0.757,0.509,0.491,0.492,0.748,0.509,0.765,0.488,0.734,0.49,0.758,0.775,0.49,0.492,0.485,0.485,0.492,0.483,0.485,0.494,0.497,0.499,0.495,0.488,0.751,0.535,0.508,1.0,0.492,0.0,0.482,0.463,0.674,0.492,0.504,0.7,0.49,0.901,0.488,0.482,0.758,0.755,0.495,0.49,0.491,0.725,0.524
0.546,0.665,0.442,0.508,0.744,0.665,0.628,0.517,0.549,0.485,0.731,0.502,0.752,0.504,0.497,0.622,0.701,0.729,0.743,0.627,0.741,0.751,0.77,0.68,0.698,0.68,0.77,0.513,0.54,0.534,0.492,1.0,0.0,0.749,0.649,0.498,0.627,0.758,0.505,0.772,0.493,0.671,0.765,0.517,0.52,0.471,0.68,0.68,0.498,0.523
0.0,0.0,0.0,0.0,0.0,0.0,0.0,0.0,0.0,0.0,0.0,0.0,0.0,0.0,0.0,0.0,0.0,0.0,0.0,0.0,0.0,0.0,0.0,0.0,0.0,0.0,0.0,0.0,0.0,0.0,0.0,0.0,1.0,0.0,0.0,0.0,0.0,0.0,0.0,0.0,0.0,0.0,0.0,0.0,0.0,0.0,0.0,0.0,0.0,0.0
0.543,0.647,0.449,0.493,0.739,0.658,0.634,0.506,0.542,0.475,0.721,0.497,0.793,0.494,0.49,0.64,0.664,0.746,0.743,0.632,0.745,0.886,0.888,0.681,0.671,0.667,0.764,0.503,0.532,0.538,0.482,0.749,0.0,1.0,0.655,0.516,0.632,0.743,0.508,0.76,0.481,0.659,0.777,0.504,0.509,0.461,0.668,0.668,0.487,0.532
0.522,0.771,0.415,0.481,0.679,0.772,0.593,0.482,0.52,0.484,0.702,0.477,0.686,0.478,0.462,0.604,0.72,0.654,0.671,0.59,0.64,0.661,0.656,0.833,0.806,0.742,0.654,0.494,0.496,0.526,0.463,0.649,0.0,0.655,1.0,0.472,0.592,0.654,0.467,0.663,0.465,0.693,0.666,0.484,0.494,0.439,0.697,0.698,0.467,0.498
0.518,0.488,0.442,0.67,0.506,0.502,0.518,0.684,0.527,0.665,0.496,0.667,0.502,0.67,0.669,0.52,0.494,0.508,0.512,0.517,0.506,0.505,0.516,0.502,0.496,0.504,0.498,0.681,0.539,0.519,0.674,0.498,0.0,0.516,0.472,1.0,0.517,0.491,0.695,0.512,0.677,0.507,0.494,0.683,0.69,0.493,0.495,0.495,0.669,0.541
0.546,0.592,0.444,0.501,0.624,0.603,0.99,0.497,0.552,0.472,0.605,0.484,0.617,0.498,0.487,0.961,0.613,0.652,0.639,0.99,0.637,0.646,0.672,0.614,0.613,0.613,0.622,0.496,0.518,0.536,0.492,0.627,0.0,0.632,0.592,0.517,1.0,0.605,0.501,0.618,0.492,0.603,0.617,0.499,0.502,0.471,0.602,0.602,0.488,0.522
0.551,0.663,0.442,0.522,0.753,0.653,0.605,0.538,0.547,0.518,0.759,0.513,0.784,0.525,0.51,0.618,0.647,0.723,0.733,0.602,0.71,0.764,0.749,0.695,0.674,0.668,0.831,0.552,0.525,0.539,0.504,0.758,0.0,0.743,0.654,0.491,0.605,1.0,0.505,0.766,0.51,0.648,0.864,0.544,0.533,0.468,0.67,0.668,0.524,0.515
0.514,0.501,0.431,0.7,0.512,0.522,0.502,0.721,0.501,0.704,0.489,0.709,0.497,0.7,0.707,0.502,0.515,0.506,0.503,0.503,0.502,0.486,0.509,0.495,0.503,0.505,0.495,0.711,0.537,0.496,0.7,0.505,0.0,0.508,0.467,0.695,0.501,0.505,1.0,0.503,0.706,0.512,0.495,0.715,0.721,0.497,0.5,0.501,0.686,0.526
0.555,0.66,0.456,0.488,0.749,0.676,0.619,0.527,0.558,0.488,0.754,0.499,0.774,0.498,0.488,0.624,0.677,0.735,0.753,0.616,0.748,0.767,0.772,0.682,0.672,0.679,0.787,0.511,0.534,0.558,0.49,0.772,0.0,0.76,0.663,0.512,0.618,0.766,0.503,1.0,0.49,0.673,0.773,0.514,0.518,0.485,0.695,0.693,0.495,0.54
0.515,0.512,0.433,0.764,0.52,0.498,0.492,0.749,0.511,0.764,0.49,0.739,0.493,0.765,0.771,0.495,0.5,0.487,0.489,0.492,0.49,0.489,0.499,0.501,0.503,0.501,0.493,0.762,0.534,0.516,0.901,0.493,0.0,0.481,0.465,0.677,0.492,0.51,0.706,0.49,1.0,0.498,0.484,0.768,0.762,0.497,0.492,0.493,0.727,0.523
0.534,0.724,0.44,0.484,0.68,0.728,0.604,0.507,0.537,0.474,0.661,0.482,0.665,0.489,0.475,0.601,0.715,0.657,0.659,0.604,0.658,0.653,0.664,0.725,0.72,0.715,0.661,0.501,0.525,0.532,0.488,0.671,0.0,0.659,0.693,0.507,0.603,0.648,0.512,0.673,0.498,1.0,0.682,0.509,0.506,0.473,0.745,0.746,0.486,0.527
0.542,0.644,0.447,0.501,0.759,0.652,0.618,0.506,0.562,0.49,0.758,0.502,0.783,0.503,0.496,0.631,0.663,0.744,0.747,0.615,0.721,0.783,0.759,0.692,0.675,0.667,0.848,0.514,0.526,0.546,0.482,0.765,0.0,0.777,0.666,0.494,0.617,0.864,0.495,0.773,0.484,0.682,1.0,0.51,0.513,0.468,0.674,0.675,0.499,0.521
0.525,0.52,0.434,0.779,0.537,0.505,0.499,0.904,0.52,0.752,0.504,0.772,0.515,0.779,0.768,0.508,0.511,0.509,0.513,0.496,0.499,0.507,0.513,0.519,0.527,0.528,0.512,0.964,0.542,0.526,0.758,0.517,0.0,0.504,0.484,0.683,0.499,0.544,0.715,0.514,0.768,0.509,0.51,1.0,0.959,0.506,0.51,0.51,0.752,0.529
0.538,0.523,0.431,0.784,0.542,0.506,0.503,0.89,0.521,0.764,0.512,0.786,0.52,0.786,0.773,0.512,0.516,0.515,0.517,0.5,0.501,0.51,0.516,0.535,0.526,0.526,0.512,0.954,0.548,0.529,0.755,0.52,0.0,0.509,0.494,0.69,0.502,0.533,0.721,0.518,0.762,0.506,0.513,0.959,1.0,0.5,0.516,0.516,0.747,0.533
0.535,0.486,0.439,0.497,0.479,0.482,0.472,0.5,0.542,0.485,0.459,0.486,0.463,0.494,0.492,0.471,0.476,0.46,0.468,0.472,0.472,0.462,0.464,0.463,0.479,0.481,0.467,0.496,0.601,0.546,0.495,0.471,0.0,0.461,0.439,0.493,0.471,0.468,0.497,0.485,0.497,0.473,0.468,0.506,0.5,1.0,0.486,0.485,0.498,0.65
0.533,0.731,0.439,0.493,0.701,0.729,0.603,0.505,0.545,0.482,0.661,0.487,0.673,0.492,0.486,0.604,0.735,0.661,0.66,0.603,0.656,0.663,0.673,0.74,0.742,0.732,0.661,0.505,0.522,0.544,0.49,0.68,0.0,0.668,0.697,0.495,0.602,0.67,0.5,0.695,0.492,0.745,0.674,0.51,0.516,0.486,1.0,0.997,0.496,0.538
0.534,0.73,0.44,0.493,0.701,0.73,0.603,0.503,0.546,0.482,0.661,0.488,0.673,0.492,0.487,0.604,0.737,0.661,0.66,0.603,0.657,0.663,0.673,0.74,0.742,0.732,0.661,0.505,0.523,0.544,0.491,0.68,0.0,0.668,0.698,0.495,0.602,0.668,0.501,0.693,0.493,0.746,0.675,0.51,0.516,0.485,0.997,1.0,0.496,0.54
0.498,0.504,0.429,0.736,0.523,0.488,0.487,0.716,0.501,0.727,0.493,0.718,0.502,0.731,0.734,0.496,0.491,0.489,0.499,0.484,0.483,0.491,0.496,0.503,0.513,0.515,0.503,0.743,0.529,0.518,0.725,0.498,0.0,0.487,0.467,0.669,0.488,0.524,0.686,0.495,0.727,0.486,0.499,0.752,0.747,0.498,0.496,0.496,1.0,0.525
0.598,0.532,0.474,0.525,0.537,0.538,0.524,0.533,0.593,0.515,0.516,0.526,0.521,0.543,0.54,0.519,0.533,0.525,0.526,0.524,0.519,0.526,0.536,0.523,0.524,0.529,0.523,0.526,0.848,0.569,0.524,0.523,0.0,0.532,0.498,0.541,0.522,0.515,0.526,0.54,0.523,0.527,0.521,0.529,0.533,0.65,0.538,0.54,0.525,1.0
