GCF_000163235.1_ASM16323v1_genomic.fna,GCF_000164555.1_ASM16455v1_genomic.fna,GCF_000208545.1_ASM20854v2_genomic.fna,GCF_000233875.1_ASM23387v1_genomic.fna,GCF_000249735.1_ASM24973v2_genomic.fna,GCF_000261145.1_Esch_coli_M919_V2_genomic.fna,GCF_000267705.2_ASM26770v2_genomic.fna,GCF_000350665.1_Esch_coli_KTE5_V1_genomic.fna,GCF_000351625.1_Esch_coli_KTE66_V1_genomic.fna,GCF_000352285.1_Esch_coli_KTE46_V1_genomic.fna,GCF_000358895.1_ASM35889v1_genomic.fna,GCF_000456385.1_Esch_coli_HVH_26_4-5703913_V1_genomic.fna,GCF_000458195.1_Esch_coli_HVH_147_4-5893887_V1_genomic.fna,GCF_000459755.1_Esch_coli_KOEGE_58_171a_V1_genomic.fna,GCF_000460055.1_Esch_coli_UMEA_3053-1_V1_genomic.fna,GCF_000462165.2_ASM46216v2_genomic.fna,GCF_000601135.1_ASM60113v1_genomic.fna,GCF_000614595.1_Ec2010EL1058_genomic.fna,GCF_000617745.1_Ec2010C-4529_genomic.fna,GCF_000618265.2_EcF6751_genomic.fna,GCF_000619005.2_Ec2009C-4052_genomic.fna,GCF_000619105.1_Ec2009C-4780_genomic.fna,GCF_000619765.2_Ec2009C-3279_genomic.fna,GCF_000687005.1_ASM68700v1_genomic.fna,GCF_000687025.1_ASM68702v1_genomic.fna,GCF_000700125.1_ASM70012v1_genomic.fna,GCF_000753315.1_FHI35_genomic.fna,GCF_000776375.1_ASM77637v1_genomic.fna,GCF_000779395.1_ASM77939v1_genomic.fna,GCF_000780315.1_ASM78031v1_genomic.fna,GCF_000781995.1_ASM78199v1_genomic.fna,GCF_000986765.1_ASM98676v1_genomic.fna,GCF_001041375.1_ViralProj287958_genomic.fna,GCF_001265335.1_302014_genomic.fna,GCF_001265625.1_100854_genomic.fna,GCF_001267345.1_303289_genomic.fna,GCF_001309985.1_ASM130998v1_genomic.fna,GCF_001521695.1_ASM152169v1_genomic.fna,GCF_001592595.1_ASM159259v1_genomic.fna,GCF_001614975.1_ASM161497v1_genomic.fna,GCF_001692775.1_ASM169277v1_genomic.fna,GCF_001748915.1_ASM174891v1_genomic.fna,GCF_001749235.1_ASM174923v1_genomic.fna,GCF_001881155.1_ASM188115v1_genomic.fna,GCF_001881345.1_ASM188134v1_genomic.fna,GCF_001892405.1_ASM189240v1_genomic.fna,GCF_001892585.1_ASM189258v1_genomic.fna,GCF_001893985.1_ASM189398v1_genomic.fna,GCF_002001595.1_ASM200159v1_genomic.fna,GCF_002002145.1_ASM200214v1_genomic.fna
1.0,0.577,0.47,0.506,0.532,0.55,0.54,0.514,0.668,0.507,0.519,0.528,0.531,0.492,0.492,0.54,0.543,0.536,0.521,0.536,0.525,0.52,0.542,0.56,0.55,0.543,0.534,0.502,0.594,0.628,0.49,0.538,0.0,0.525,0.53,0.483,0.537,0.54,0.512,0.532,0.496,0.543,0.538,0.506,0.516,0.529,0.542,0.544,0.483,0.601
0.577,1.0,0.454,0.514,0.68,0.814,0.612,0.53,0.544,0.536,0.649,0.549,0.672,0.497,0.505,0.622,0.744,0.669,0.659,0.607,0.637,0.659,0.667,0.808,0.825,0.739,0.667,0.521,0.56,0.535,0.506,0.678,0.0,0.666,0.759,0.486,0.608,0.691,0.519,0.67,0.507,0.706,0.675,0.533,0.538,0.501,0.729,0.726,0.507,0.551
0.47,0.454,1.0,0.409,0.43,0.44,0.423,0.423,0.455,0.399,0.428,0.413,0.442,0.402,0.396,0.429,0.449,0.429,0.416,0.419,0.417,0.432,0.441,0.449,0.444,0.441,0.434,0.414,0.471,0.463,0.397,0.439,0.0,0.446,0.414,0.391,0.421,0.433,0.408,0.441,0.406,0.445,0.448,0.418,0.417,0.421,0.445,0.443,0.385,0.482
0.506,0.514,0.409,1.0,0.501,0.51,0.493,0.751,0.507,0.761,0.49,0.765,0.507,0.794,0.794,0.496,0.493,0.504,0.493,0.491,0.467,0.501,0.504,0.512,0.523,0.503,0.5,0.787,0.543,0.485,0.76,0.498,0.0,0.498,0.478,0.66,0.492,0.493,0.721,0.499,0.777,0.485,0.495,0.779,0.777,0.489,0.496,0.495,0.711,0.558
0.532,0.68,0.43,0.501,1.0,0.691,0.602,0.523,0.535,0.526,0.793,0.519,0.765,0.506,0.517,0.611,0.669,0.722,0.714,0.598,0.703,0.72,0.71,0.713,0.703,0.698,0.74,0.518,0.552,0.537,0.501,0.713,0.0,0.721,0.682,0.485,0.599,0.74,0.509,0.75,0.508,0.67,0.735,0.51,0.509,0.482,0.701,0.7,0.507,0.552
0.55,0.814,0.44,0.51,0.691,1.0,0.633,0.525,0.546,0.51,0.649,0.515,0.678,0.496,0.501,0.643,0.743,0.683,0.674,0.626,0.658,0.662,0.677,0.802,0.831,0.732,0.676,0.516,0.561,0.538,0.506,0.681,0.0,0.67,0.767,0.496,0.626,0.695,0.534,0.676,0.51,0.712,0.688,0.522,0.517,0.506,0.737,0.733,0.5,0.559
0.54,0.612,0.423,0.493,0.602,0.633,1.0,0.494,0.547,0.48,0.582,0.491,0.604,0.481,0.482,0.957,0.618,0.638,0.62,0.989,0.646,0.639,0.663,0.629,0.627,0.605,0.612,0.491,0.537,0.525,0.483,0.616,0.0,0.618,0.595,0.48,0.99,0.597,0.495,0.612,0.484,0.613,0.617,0.494,0.497,0.489,0.609,0.611,0.475,0.539
0.514,0.53,0.423,0.751,0.523,0.525,0.494,1.0,0.501,0.738,0.489,0.735,0.524,0.737,0.723,0.502,0.518,0.51,0.507,0.491,0.473,0.506,0.505,0.538,0.53,0.516,0.511,0.909,0.566,0.491,0.743,0.495,0.0,0.511,0.493,0.647,0.492,0.525,0.731,0.518,0.745,0.51,0.515,0.909,0.892,0.483,0.508,0.506,0.7,0.557
0.668,0.544,0.455,0.507,0.535,0.546,0.547,0.501,1.0,0.51,0.533,0.513,0.547,0.506,0.506,0.546,0.544,0.538,0.521,0.545,0.53,0.536,0.549,0.534,0.531,0.532,0.545,0.5,0.596,0.658,0.503,0.555,0.0,0.54,0.508,0.507,0.546,0.534,0.517,0.547,0.504,0.537,0.551,0.499,0.5,0.546,0.548,0.551,0.485,0.614
0.507,0.536,0.399,0.761,0.526,0.51,0.48,0.738,0.51,1.0,0.522,0.735,0.543,0.76,0.758,0.484,0.491,0.51,0.502,0.478,0.464,0.496,0.484,0.533,0.525,0.533,0.501,0.761,0.55,0.491,0.775,0.482,0.0,0.501,0.501,0.688,0.477,0.501,0.728,0.511,0.772,0.493,0.488,0.748,0.755,0.48,0.502,0.501,0.73,0.552
0.519,0.649,0.428,0.49,0.793,0.649,0.582,0.489,0.533,0.522,1.0,0.489,0.771,0.495,0.498,0.591,0.635,0.718,0.706,0.579,0.683,0.721,0.694,0.698,0.677,0.693,0.72,0.495,0.516,0.539,0.492,0.692,0.0,0.696,0.705,0.497,0.58,0.706,0.5,0.743,0.492,0.645,0.716,0.487,0.488,0.461,0.654,0.652,0.505,0.543
0.528,0.549,0.413,0.765,0.519,0.515,0.491,0.735,0.513,0.735,0.489,1.0,0.515,0.749,0.856,0.496,0.502,0.506,0.5,0.487,0.477,0.498,0.5,0.536,0.532,0.514,0.502,0.744,0.567,0.51,0.719,0.496,0.0,0.499,0.496,0.643,0.489,0.501,0.731,0.504,0.738,0.489,0.51,0.744,0.751,0.495,0.506,0.504,0.689,0.571
0.531,0.672,0.442,0.507,0.765,0.678,0.604,0.524,0.547,0.543,0.771,0.515,1.0,0.505,0.52,0.613,0.651,0.756,0.762,0.599,0.736,0.803,0.778,0.709,0.692,0.699,0.792,0.518,0.548,0.553,0.512,0.733,0.0,0.781,0.676,0.503,0.601,0.762,0.525,0.797,0.512,0.667,0.768,0.506,0.506,0.479,0.674,0.672,0.524,0.56
0.492,0.497,0.402,0.794,0.506,0.496,0.481,0.737,0.506,0.76,0.495,0.749,0.505,1.0,0.795,0.486,0.482,0.506,0.495,0.479,0.454,0.494,0.484,0.507,0.515,0.501,0.493,0.781,0.548,0.487,0.762,0.483,0.0,0.49,0.482,0.666,0.48,0.489,0.726,0.497,0.775,0.481,0.481,0.762,0.76,0.481,0.488,0.487,0.714,0.559
0.492,0.505,0.396,0.794,0.517,0.501,0.482,0.723,0.506,0.758,0.498,0.856,0.52,0.795,1.0,0.486,0.483,0.503,0.492,0.48,0.459,0.49,0.485,0.522,0.517,0.516,0.488,0.753,0.555,0.491,0.754,0.483,0.0,0.49,0.495,0.664,0.481,0.501,0.733,0.498,0.76,0.477,0.49,0.741,0.74,0.483,0.498,0.497,0.716,0.569
0.54,0.622,0.429,0.496,0.611,0.643,0.957,0.502,0.546,0.484,0.591,0.496,0.613,0.486,0.486,1.0,0.625,0.639,0.629,0.956,0.634,0.645,0.654,0.637,0.632,0.616,0.616,0.498,0.543,0.533,0.487,0.607,0.0,0.624,0.597,0.486,0.959,0.606,0.503,0.622,0.491,0.612,0.621,0.5,0.502,0.489,0.617,0.616,0.483,0.547
0.543,0.744,0.449,0.493,0.669,0.743,0.618,0.518,0.544,0.491,0.635,0.502,0.651,0.482,0.483,0.625,1.0,0.656,0.644,0.613,0.64,0.657,0.667,0.762,0.758,0.753,0.662,0.501,0.546,0.528,0.487,0.694,0.0,0.667,0.71,0.478,0.614,0.642,0.504,0.665,0.485,0.713,0.67,0.507,0.511,0.482,0.747,0.743,0.48,0.534
0.536,0.669,0.429,0.504,0.722,0.683,0.638,0.51,0.538,0.51,0.718,0.506,0.756,0.506,0.503,0.639,0.656,1.0,0.813,0.635,0.76,0.781,0.77,0.7,0.692,0.684,0.75,0.512,0.537,0.545,0.504,0.718,0.0,0.739,0.658,0.528,0.635,0.719,0.526,0.754,0.501,0.657,0.731,0.503,0.505,0.477,0.663,0.661,0.497,0.561
0.521,0.659,0.416,0.493,0.714,0.674,0.62,0.507,0.521,0.502,0.706,0.5,0.762,0.495,0.492,0.629,0.644,0.813,1.0,0.616,0.751,0.764,0.744,0.686,0.685,0.665,0.747,0.505,0.529,0.536,0.499,0.71,0.0,0.721,0.658,0.499,0.617,0.716,0.512,0.743,0.496,0.655,0.723,0.498,0.496,0.47,0.649,0.65,0.493,0.548
0.536,0.607,0.419,0.491,0.598,0.626,0.989,0.491,0.545,0.478,0.579,0.487,0.599,0.479,0.48,0.956,0.613,0.635,0.616,1.0,0.643,0.633,0.653,0.622,0.625,0.599,0.607,0.489,0.535,0.521,0.481,0.615,0.0,0.61,0.588,0.476,0.994,0.592,0.491,0.608,0.482,0.613,0.612,0.491,0.494,0.489,0.606,0.608,0.473,0.537
0.525,0.637,0.417,0.467,0.703,0.658,0.646,0.473,0.53,0.464,0.683,0.477,0.736,0.454,0.459,0.634,0.64,0.76,0.751,0.643,1.0,0.756,0.776,0.643,0.642,0.643,0.739,0.47,0.521,0.52,0.466,0.744,0.0,0.733,0.619,0.478,0.641,0.717,0.482,0.736,0.469,0.654,0.739,0.476,0.47,0.483,0.664,0.665,0.456,0.53
0.52,0.659,0.432,0.501,0.72,0.662,0.639,0.506,0.536,0.496,0.721,0.498,0.803,0.494,0.49,0.645,0.657,0.781,0.764,0.633,0.756,1.0,0.909,0.673,0.677,0.663,0.772,0.509,0.53,0.539,0.498,0.74,0.0,0.883,0.639,0.495,0.634,0.749,0.518,0.78,0.496,0.649,0.769,0.5,0.502,0.476,0.651,0.649,0.49,0.555
0.542,0.667,0.441,0.504,0.71,0.677,0.663,0.505,0.549,0.484,0.694,0.5,0.778,0.484,0.485,0.654,0.667,0.77,0.744,0.653,0.776,0.909,1.0,0.667,0.665,0.648,0.778,0.5,0.543,0.528,0.479,0.766,0.0,0.87,0.629,0.492,0.657,0.756,0.507,0.763,0.488,0.66,0.775,0.501,0.502,0.484,0.668,0.666,0.478,0.541
0.56,0.808,0.449,0.512,0.713,0.802,0.629,0.538,0.534,0.533,0.698,0.536,0.709,0.507,0.522,0.637,0.762,0.7,0.686,0.622,0.643,0.673,0.667,1.0,0.849,0.795,0.68,0.52,0.546,0.542,0.508,0.67,0.0,0.679,0.818,0.505,0.625,0.668,0.513,0.677,0.51,0.714,0.67,0.519,0.521,0.481,0.719,0.716,0.519,0.557
0.55,0.825,0.444,0.523,0.703,0.831,0.627,0.53,0.531,0.525,0.677,0.532,0.692,0.515,0.517,0.632,0.758,0.692,0.685,0.625,0.642,0.677,0.665,0.849,1.0,0.789,0.68,0.526,0.546,0.542,0.514,0.681,0.0,0.676,0.801,0.5,0.627,0.673,0.528,0.68,0.513,0.709,0.68,0.532,0.53,0.495,0.721,0.718,0.517,0.56
0.543,0.739,0.441,0.503,0.698,0.732,0.605,0.516,0.532,0.533,0.693,0.514,0.699,0.501,0.516,0.616,0.753,0.684,0.665,0.599,0.643,0.663,0.648,0.795,0.789,1.0,0.664,0.515,0.528,0.541,0.502,0.655,0.0,0.657,0.75,0.504,0.602,0.654,0.514,0.684,0.5,0.7,0.653,0.518,0.511,0.485,0.722,0.719,0.532,0.551
0.534,0.667,0.434,0.5,0.74,0.676,0.612,0.511,0.545,0.501,0.72,0.502,0.792,0.493,0.488,0.616,0.662,0.75,0.747,0.607,0.739,0.772,0.778,0.68,0.68,0.664,1.0,0.498,0.546,0.533,0.498,0.743,0.0,0.756,0.643,0.48,0.61,0.838,0.497,0.797,0.498,0.667,0.841,0.502,0.501,0.484,0.667,0.665,0.485,0.548
0.502,0.521,0.414,0.787,0.518,0.516,0.491,0.909,0.5,0.761,0.495,0.744,0.518,0.781,0.753,0.498,0.501,0.512,0.505,0.489,0.47,0.509,0.5,0.52,0.526,0.515,0.498,1.0,0.558,0.497,0.755,0.49,0.0,0.502,0.485,0.664,0.489,0.509,0.729,0.508,0.768,0.495,0.494,0.961,0.939,0.475,0.499,0.498,0.722,0.56
0.594,0.56,0.471,0.543,0.552,0.561,0.537,0.566,0.596,0.55,0.516,0.567,0.548,0.548,0.555,0.543,0.546,0.537,0.529,0.535,0.521,0.53,0.543,0.546,0.546,0.528,0.546,0.558,1.0,0.577,0.545,0.542,0.0,0.546,0.52,0.531,0.534,0.552,0.554,0.542,0.544,0.522,0.545,0.558,0.564,0.622,0.545,0.543,0.529,0.84
0.628,0.535,0.463,0.485,0.537,0.538,0.525,0.491,0.658,0.491,0.539,0.51,0.553,0.487,0.491,0.533,0.528,0.545,0.536,0.521,0.52,0.539,0.528,0.542,0.542,0.541,0.533,0.497,0.577,1.0,0.486,0.521,0.0,0.535,0.523,0.496,0.522,0.526,0.509,0.559,0.49,0.513,0.542,0.489,0.488,0.54,0.528,0.529,0.483,0.606
0.49,0.506,0.397,0.76,0.501,0.506,0.483,0.743,0.503,0.775,0.492,0.719,0.512,0.762,0.754,0.487,0.487,0.504,0.499,0.481,0.466,0.498,0.479,0.508,0.514,0.502,0.498,0.755,0.545,0.486,1.0,0.482,0.0,0.491,0.476,0.665,0.48,0.495,0.727,0.503,0.9,0.494,0.486,0.746,0.744,0.477,0.491,0.49,0.696,0.553
0.538,0.678,0.439,0.498,0.713,0.681,0.616,0.495,0.555,0.482,0.692,0.496,0.733,0.483,0.483,0.607,0.694,0.718,0.71,0.615,0.744,0.74,0.766,0.67,0.681,0.655,0.743,0.49,0.542,0.521,0.482,1.0,0.0,0.737,0.631,0.472,0.615,0.748,0.496,0.755,0.479,0.679,0.765,0.491,0.492,0.49,0.69,0.692,0.471,0.536
0.0,0.0,0.0,0.0,0.0,0.0,0.0,0.0,0.0,0.0,0.0,0.0,0.0,0.0,0.0,0.0,0.0,0.0,0.0,0.0,0.0,0.0,0.0,0.0,0.0,0.0,0.0,0.0,0.0,0.0,0.0,0.0,1.0,0.0,0.0,0.0,0.0,0.0,0.0,0.0,0.0,0.0,0.0,0.0,0.0,0.0,0.0,0.0,0.0,0.0
0.525,0.666,0.446,0.498,0.721,0.67,0.618,0.511,0.54,0.501,0.696,0.499,0.781,0.49,0.49,0.624,0.667,0.739,0.721,0.61,0.733,0.883,0.87,0.679,0.676,0.657,0.756,0.502,0.546,0.535,0.491,0.737,0.0,1.0,0.641,0.506,0.614,0.747,0.518,0.768,0.492,0.65,0.757,0.501,0.507,0.468,0.658,0.657,0.482,0.549
0.53,0.759,0.414,0.478,0.682,0.767,0.595,0.493,0.508,0.501,0.705,0.496,0.676,0.482,0.495,0.597,0.71,0.658,0.658,0.588,0.619,0.639,0.629,0.818,0.801,0.75,0.643,0.485,0.52,0.523,0.476,0.631,0.0,0.641,1.0,0.478,0.589,0.629,0.489,0.649,0.473,0.669,0.641,0.481,0.483,0.456,0.682,0.68,0.488,0.523
0.483,0.486,0.391,0.66,0.485,0.496,0.48,0.647,0.507,0.688,0.497,0.643,0.503,0.666,0.664,0.486,0.478,0.528,0.499,0.476,0.478,0.495,0.492,0.505,0.5,0.504,0.48,0.664,0.531,0.496,0.665,0.472,0.0,0.506,0.478,1.0,0.474,0.468,0.691,0.495,0.662,0.478,0.473,0.648,0.647,0.458,0.478,0.477,0.671,0.542
0.537,0.608,0.421,0.492,0.599,0.626,0.99,0.492,0.546,0.477,0.58,0.489,0.601,0.48,0.481,0.959,0.614,0.635,0.617,0.994,0.641,0.634,0.657,0.625,0.627,0.602,0.61,0.489,0.534,0.522,0.48,0.615,0.0,0.614,0.589,0.474,1.0,0.595,0.489,0.609,0.482,0.612,0.614,0.492,0.495,0.488,0.607,0.609,0.474,0.538
0.54,0.691,0.433,0.493,0.74,0.695,0.597,0.525,0.534,0.501,0.706,0.501,0.762,0.489,0.501,0.606,0.642,0.719,0.716,0.592,0.717,0.749,0.756,0.668,0.673,0.654,0.838,0.509,0.552,0.526,0.495,0.748,0.0,0.747,0.629,0.468,0.595,1.0,0.505,0.777,0.499,0.672,0.858,0.514,0.501,0.481,0.689,0.689,0.496,0.538
0.512,0.519,0.408,0.721,0.509,0.534,0.495,0.731,0.517,0.728,0.5,0.731,0.525,0.726,0.733,0.503,0.504,0.526,0.512,0.491,0.482,0.518,0.507,0.513,0.528,0.514,0.497,0.729,0.554,0.509,0.727,0.496,0.0,0.518,0.489,0.691,0.489,0.505,1.0,0.523,0.726,0.496,0.508,0.726,0.731,0.487,0.515,0.513,0.681,0.561
0.532,0.67,0.441,0.499,0.75,0.676,0.612,0.518,0.547,0.511,0.743,0.504,0.797,0.497,0.498,0.622,0.665,0.754,0.743,0.608,0.736,0.78,0.763,0.677,0.68,0.684,0.797,0.508,0.542,0.559,0.503,0.755,0.0,0.768,0.649,0.495,0.609,0.777,0.523,1.0,0.505,0.676,0.791,0.503,0.508,0.496,0.693,0.694,0.488,0.565
0.496,0.507,0.406,0.777,0.508,0.51,0.484,0.745,0.504,0.772,0.492,0.738,0.512,0.775,0.76,0.491,0.485,0.501,0.496,0.482,0.469,0.496,0.488,0.51,0.513,0.5,0.498,0.768,0.544,0.49,0.9,0.479,0.0,0.492,0.473,0.662,0.482,0.499,0.726,0.505,1.0,0.491,0.482,0.769,0.762,0.477,0.49,0.489,0.699,0.555
0.543,0.706,0.445,0.485,0.67,0.712,0.613,0.51,0.537,0.493,0.645,0.489,0.667,0.481,0.477,0.612,0.713,0.657,0.655,0.613,0.654,0.649,0.66,0.714,0.709,0.7,0.667,0.495,0.522,0.513,0.494,0.679,0.0,0.65,0.669,0.478,0.612,0.672,0.496,0.676,0.491,1.0,0.703,0.503,0.498,0.481,0.742,0.743,0.477,0.522
0.538,0.675,0.448,0.495,0.735,0.688,0.617,0.515,0.551,0.488,0.716,0.51,0.768,0.481,0.49,0.621,0.67,0.731,0.723,0.612,0.739,0.769,0.775,0.67,0.68,0.653,0.841,0.494,0.545,0.542,0.486,0.765,0.0,0.757,0.641,0.473,0.614,0.858,0.508,0.791,0.482,0.703,1.0,0.495,0.495,0.491,0.693,0.691,0.479,0.543
0.506,0.533,0.418,0.779,0.51,0.522,0.494,0.909,0.499,0.748,0.487,0.744,0.506,0.762,0.741,0.5,0.507,0.503,0.498,0.491,0.476,0.5,0.501,0.519,0.532,0.518,0.502,0.961,0.558,0.489,0.746,0.491,0.0,0.501,0.481,0.648,0.492,0.514,0.726,0.503,0.769,0.503,0.495,1.0,0.959,0.48,0.504,0.503,0.721,0.553
0.516,0.538,0.417,0.777,0.509,0.517,0.497,0.892,0.5,0.755,0.488,0.751,0.506,0.76,0.74,0.502,0.511,0.505,0.496,0.494,0.47,0.502,0.502,0.521,0.53,0.511,0.501,0.939,0.564,0.488,0.744,0.492,0.0,0.507,0.483,0.647,0.495,0.501,0.731,0.508,0.762,0.498,0.495,0.959,1.0,0.48,0.509,0.508,0.702,0.556
0.529,0.501,0.421,0.489,0.482,0.506,0.489,0.483,0.546,0.48,0.461,0.495,0.479,0.481,0.483,0.489,0.482,0.477,0.47,0.489,0.483,0.476,0.484,0.481,0.495,0.485,0.484,0.475,0.622,0.54,0.477,0.49,0.0,0.468,0.456,0.458,0.488,0.481,0.487,0.496,0.477,0.481,0.491,0.48,0.48,1.0,0.515,0.518,0.475,0.667
0.542,0.729,0.445,0.496,0.701,0.737,0.609,0.508,0.548,0.502,0.654,0.506,0.674,0.488,0.498,0.617,0.747,0.663,0.649,0.606,0.664,0.651,0.668,0.719,0.721,0.722,0.667,0.499,0.545,0.528,0.491,0.69,0.0,0.658,0.682,0.478,0.607,0.689,0.515,0.693,0.49,0.742,0.693,0.504,0.509,0.515,1.0,0.994,0.486,0.555
0.544,0.726,0.443,0.495,0.7,0.733,0.611,0.506,0.551,0.501,0.652,0.504,0.672,0.487,0.497,0.616,0.743,0.661,0.65,0.608,0.665,0.649,0.666,0.716,0.718,0.719,0.665,0.498,0.543,0.529,0.49,0.692,0.0,0.657,0.68,0.477,0.609,0.689,0.513,0.694,0.489,0.743,0.691,0.503,0.508,0.518,0.994,1.0,0.486,0.553
0.483,0.507,0.385,0.711,0.507,0.5,0.475,0.7,0.485,0.73,0.505,0.689,0.524,0.714,0.716,0.483,0.48,0.497,0.493,0.473,0.456,0.49,0.478,0.519,0.517,0.532,0.485,0.722,0.529,0.483,0.696,0.471,0.0,0.482,0.488,0.671,0.474,0.496,0.681,0.488,0.699,0.477,0.479,0.721,0.702,0.475,0.486,0.486,1.0,0.547
0.601,0.551,0.482,0.558,0.552,0.559,0.539,0.557,0.614,0.552,0.543,0.571,0.56,0.559,0.569,0.547,0.534,0.561,0.548,0.537,0.53,0.555,0.541,0.557,0.56,0.551,0.548,0.56,0.84,0.606,0.553,0.536,0.0,0.549,0.523,0.542,0.538,0.538,0.561,0.565,0.555,0.522,0.543,0.553,0.556,0.667,0.555,0.553,0.547,1.0
