GCF_000163235.1_ASM16323v1_genomic.fna,GCF_000164555.1_ASM16455v1_genomic.fna,GCF_000208545.1_ASM20854v2_genomic.fna,GCF_000233875.1_ASM23387v1_genomic.fna,GCF_000249735.1_ASM24973v2_genomic.fna,GCF_000261145.1_Esch_coli_M919_V2_genomic.fna,GCF_000267705.2_ASM26770v2_genomic.fna,GCF_000350665.1_Esch_coli_KTE5_V1_genomic.fna,GCF_000351625.1_Esch_coli_KTE66_V1_genomic.fna,GCF_000352285.1_Esch_coli_KTE46_V1_genomic.fna,GCF_000358895.1_ASM35889v1_genomic.fna,GCF_000456385.1_Esch_coli_HVH_26_4-5703913_V1_genomic.fna,GCF_000458195.1_Esch_coli_HVH_147_4-5893887_V1_genomic.fna,GCF_000459755.1_Esch_coli_KOEGE_58_171a_V1_genomic.fna,GCF_000460055.1_Esch_coli_UMEA_3053-1_V1_genomic.fna,GCF_000462165.2_ASM46216v2_genomic.fna,GCF_000601135.1_ASM60113v1_genomic.fna,GCF_000614595.1_Ec2010EL1058_genomic.fna,GCF_000617745.1_Ec2010C-4529_genomic.fna,GCF_000618265.2_EcF6751_genomic.fna,GCF_000619005.2_Ec2009C-4052_genomic.fna,GCF_000619105.1_Ec2009C-4780_genomic.fna,GCF_000619765.2_Ec2009C-3279_genomic.fna,GCF_000687005.1_ASM68700v1_genomic.fna,GCF_000687025.1_ASM68702v1_genomic.fna,GCF_000700125.1_ASM70012v1_genomic.fna,GCF_000753315.1_FHI35_genomic.fna,GCF_000776375.1_ASM77637v1_genomic.fna,GCF_000779395.1_ASM77939v1_genomic.fna,GCF_000780315.1_ASM78031v1_genomic.fna,GCF_000781995.1_ASM78199v1_genomic.fna,GCF_000986765.1_ASM98676v1_genomic.fna,GCF_001041375.1_ViralProj287958_genomic.fna,GCF_001265335.1_302014_genomic.fna,GCF_001265625.1_100854_genomic.fna,GCF_001267345.1_303289_genomic.fna,GCF_001309985.1_ASM130998v1_genomic.fna,GCF_001521695.1_ASM152169v1_genomic.fna,GCF_001592595.1_ASM159259v1_genomic.fna,GCF_001614975.1_ASM161497v1_genomic.fna,GCF_001692775.1_ASM169277v1_genomic.fna,GCF_001748915.1_ASM174891v1_genomic.fna,GCF_001749235.1_ASM174923v1_genomic.fna,GCF_001881155.1_ASM188115v1_genomic.fna,GCF_001881345.1_ASM188134v1_genomic.fna,GCF_001892405.1_ASM189240v1_genomic.fna,GCF_001892585.1_ASM189258v1_genomic.fna,GCF_001893985.1_ASM189398v1_genomic.fna,GCF_002001595.1_ASM200159v1_genomic.fna,GCF_002002145.1_ASM200214v1_genomic.fna
1.0,0.891,0.874,0.887,0.898,0.893,0.903,0.882,0.912,0.887,0.87,0.891,0.889,0.897,0.88,0.904,0.889,0.895,0.898,0.903,0.896,0.89,0.893,0.893,0.903,0.903,0.9,0.886,0.904,0.916,0.881,0.887,0.017,0.886,0.879,0.88,0.902,0.904,0.882,0.898,0.886,0.887,0.894,0.892,0.893,0.881,0.89,0.89,0.885,0.902
0.891,1.0,0.889,0.875,0.915,0.948,0.907,0.866,0.891,0.872,0.872,0.876,0.898,0.875,0.869,0.897,0.924,0.911,0.908,0.906,0.909,0.9,0.911,0.935,0.941,0.921,0.902,0.875,0.889,0.887,0.88,0.916,0.016,0.908,0.919,0.862,0.906,0.91,0.883,0.899,0.881,0.932,0.902,0.881,0.882,0.891,0.919,0.92,0.877,0.893
0.874,0.889,1.0,0.867,0.878,0.883,0.888,0.849,0.883,0.865,0.842,0.865,0.871,0.87,0.86,0.878,0.878,0.88,0.869,0.887,0.876,0.87,0.881,0.87,0.88,0.879,0.871,0.857,0.871,0.876,0.87,0.884,0.017,0.876,0.856,0.859,0.887,0.881,0.881,0.876,0.874,0.88,0.867,0.863,0.866,0.877,0.884,0.883,0.871,0.877
0.887,0.875,0.867,1.0,0.886,0.879,0.882,0.924,0.888,0.937,0.86,0.932,0.883,0.944,0.943,0.881,0.871,0.896,0.893,0.881,0.887,0.889,0.89,0.885,0.885,0.877,0.888,0.938,0.894,0.888,0.929,0.88,0.018,0.879,0.872,0.916,0.881,0.886,0.913,0.886,0.937,0.864,0.884,0.938,0.941,0.878,0.873,0.873,0.927,0.897
0.898,0.915,0.878,0.886,1.0,0.922,0.905,0.876,0.907,0.879,0.91,0.884,0.923,0.887,0.883,0.905,0.92,0.929,0.923,0.904,0.926,0.921,0.928,0.917,0.917,0.912,0.927,0.879,0.895,0.889,0.886,0.924,0.017,0.93,0.907,0.869,0.904,0.935,0.884,0.925,0.893,0.907,0.931,0.881,0.884,0.891,0.917,0.917,0.881,0.9
0.893,0.948,0.883,0.879,0.922,1.0,0.915,0.874,0.895,0.874,0.881,0.881,0.905,0.877,0.877,0.904,0.927,0.921,0.913,0.914,0.915,0.911,0.921,0.94,0.939,0.919,0.907,0.877,0.892,0.889,0.881,0.913,0.016,0.916,0.928,0.871,0.914,0.917,0.897,0.906,0.884,0.93,0.91,0.88,0.884,0.887,0.925,0.925,0.881,0.898
0.903,0.907,0.888,0.882,0.905,0.915,1.0,0.872,0.907,0.88,0.865,0.881,0.901,0.889,0.88,0.982,0.902,0.919,0.911,0.998,0.923,0.908,0.924,0.91,0.907,0.898,0.902,0.877,0.899,0.892,0.887,0.906,0.016,0.91,0.897,0.881,0.999,0.906,0.898,0.896,0.889,0.905,0.898,0.881,0.885,0.89,0.899,0.899,0.888,0.905
0.882,0.866,0.849,0.924,0.876,0.874,0.872,1.0,0.876,0.927,0.864,0.922,0.882,0.916,0.919,0.869,0.864,0.876,0.878,0.872,0.872,0.87,0.877,0.881,0.88,0.881,0.876,0.975,0.885,0.882,0.919,0.87,0.018,0.871,0.876,0.911,0.871,0.88,0.901,0.887,0.924,0.863,0.884,0.968,0.962,0.871,0.865,0.865,0.913,0.88
0.912,0.891,0.883,0.888,0.907,0.895,0.907,0.876,1.0,0.888,0.863,0.884,0.885,0.9,0.888,0.9,0.897,0.909,0.888,0.906,0.894,0.895,0.903,0.896,0.896,0.892,0.894,0.885,0.902,0.914,0.895,0.883,0.017,0.897,0.88,0.882,0.906,0.893,0.892,0.886,0.896,0.885,0.884,0.886,0.89,0.892,0.894,0.893,0.889,0.907
0.887,0.872,0.865,0.937,0.879,0.874,0.88,0.927,0.888,1.0,0.864,0.918,0.883,0.924,0.92,0.877,0.868,0.883,0.882,0.879,0.877,0.881,0.883,0.886,0.883,0.88,0.883,0.937,0.895,0.887,0.925,0.871,0.018,0.874,0.868,0.918,0.879,0.879,0.919,0.891,0.927,0.859,0.885,0.929,0.933,0.87,0.867,0.867,0.924,0.889
0.87,0.872,0.842,0.86,0.91,0.881,0.865,0.864,0.863,0.864,1.0,0.857,0.916,0.855,0.856,0.867,0.877,0.898,0.901,0.865,0.894,0.908,0.898,0.894,0.883,0.886,0.908,0.861,0.863,0.868,0.846,0.883,0.016,0.891,0.895,0.86,0.864,0.906,0.85,0.91,0.854,0.865,0.912,0.852,0.853,0.842,0.868,0.867,0.867,0.865
0.891,0.876,0.865,0.932,0.884,0.881,0.881,0.922,0.884,0.918,0.857,1.0,0.877,0.926,0.955,0.881,0.871,0.888,0.887,0.881,0.883,0.885,0.886,0.885,0.889,0.88,0.882,0.926,0.89,0.886,0.914,0.877,0.019,0.874,0.868,0.92,0.88,0.886,0.915,0.883,0.925,0.863,0.881,0.93,0.933,0.876,0.867,0.867,0.918,0.893
0.889,0.898,0.871,0.883,0.923,0.905,0.901,0.882,0.885,0.883,0.916,0.877,1.0,0.884,0.883,0.902,0.899,0.927,0.934,0.901,0.926,0.942,0.936,0.922,0.91,0.915,0.944,0.886,0.887,0.891,0.876,0.918,0.017,0.933,0.916,0.878,0.9,0.932,0.878,0.944,0.885,0.891,0.942,0.879,0.881,0.873,0.903,0.903,0.881,0.896
0.897,0.875,0.87,0.944,0.887,0.877,0.889,0.916,0.9,0.924,0.855,0.926,0.884,1.0,0.941,0.89,0.872,0.897,0.89,0.889,0.89,0.887,0.889,0.885,0.881,0.877,0.891,0.932,0.898,0.893,0.926,0.883,0.017,0.881,0.869,0.905,0.888,0.887,0.915,0.885,0.939,0.87,0.887,0.933,0.935,0.888,0.871,0.871,0.914,0.905
0.88,0.869,0.86,0.943,0.883,0.877,0.88,0.919,0.888,0.92,0.856,0.955,0.883,0.941,1.0,0.881,0.872,0.893,0.888,0.88,0.884,0.89,0.888,0.881,0.884,0.875,0.887,0.929,0.889,0.884,0.924,0.877,0.019,0.875,0.871,0.912,0.879,0.886,0.912,0.888,0.933,0.868,0.883,0.931,0.932,0.877,0.871,0.871,0.915,0.901
0.904,0.897,0.878,0.881,0.905,0.904,0.982,0.869,0.9,0.877,0.867,0.881,0.902,0.89,0.881,1.0,0.898,0.915,0.915,0.983,0.922,0.909,0.92,0.904,0.907,0.897,0.906,0.875,0.897,0.893,0.88,0.897,0.016,0.902,0.895,0.88,0.982,0.907,0.889,0.897,0.884,0.896,0.898,0.879,0.883,0.882,0.892,0.892,0.886,0.904
0.889,0.924,0.878,0.871,0.92,0.927,0.902,0.864,0.897,0.868,0.877,0.871,0.899,0.872,0.872,0.898,1.0,0.917,0.902,0.902,0.908,0.906,0.916,0.929,0.927,0.926,0.906,0.868,0.883,0.879,0.872,0.914,0.017,0.921,0.905,0.865,0.901,0.914,0.881,0.911,0.874,0.91,0.907,0.87,0.873,0.877,0.918,0.918,0.872,0.891
0.895,0.911,0.88,0.896,0.929,0.921,0.919,0.876,0.909,0.883,0.898,0.888,0.927,0.897,0.893,0.915,0.917,1.0,0.949,0.918,0.946,0.943,0.952,0.922,0.912,0.91,0.934,0.883,0.891,0.892,0.889,0.922,0.017,0.937,0.906,0.884,0.918,0.935,0.897,0.929,0.897,0.905,0.923,0.885,0.887,0.89,0.913,0.913,0.887,0.905
0.898,0.908,0.869,0.893,0.923,0.913,0.911,0.878,0.888,0.882,0.901,0.887,0.934,0.89,0.888,0.915,0.902,0.949,1.0,0.912,0.944,0.944,0.94,0.922,0.915,0.911,0.939,0.883,0.894,0.892,0.88,0.922,0.017,0.925,0.91,0.879,0.911,0.936,0.89,0.93,0.894,0.905,0.936,0.886,0.887,0.879,0.902,0.902,0.888,0.899
0.903,0.906,0.887,0.881,0.904,0.914,0.998,0.872,0.906,0.879,0.865,0.881,0.901,0.889,0.88,0.983,0.902,0.918,0.912,1.0,0.924,0.907,0.923,0.909,0.907,0.897,0.902,0.876,0.898,0.892,0.887,0.905,0.016,0.909,0.897,0.881,0.998,0.905,0.898,0.896,0.888,0.904,0.897,0.88,0.884,0.889,0.899,0.899,0.888,0.904
0.896,0.909,0.876,0.887,0.926,0.915,0.923,0.872,0.894,0.877,0.894,0.883,0.926,0.89,0.884,0.922,0.908,0.946,0.944,0.924,1.0,0.939,0.947,0.913,0.912,0.914,0.93,0.881,0.887,0.893,0.887,0.926,0.017,0.934,0.902,0.882,0.923,0.935,0.889,0.93,0.894,0.903,0.927,0.886,0.885,0.876,0.912,0.912,0.885,0.894
0.89,0.9,0.87,0.889,0.921,0.911,0.908,0.87,0.895,0.881,0.908,0.885,0.942,0.887,0.89,0.909,0.906,0.943,0.944,0.907,0.939,1.0,0.968,0.917,0.913,0.908,0.936,0.88,0.889,0.893,0.878,0.92,0.017,0.955,0.902,0.878,0.907,0.934,0.882,0.935,0.887,0.893,0.935,0.879,0.881,0.876,0.901,0.901,0.886,0.9
0.893,0.911,0.881,0.89,0.928,0.921,0.924,0.877,0.903,0.883,0.898,0.886,0.936,0.889,0.888,0.92,0.916,0.952,0.94,0.923,0.947,0.968,1.0,0.915,0.912,0.909,0.939,0.883,0.893,0.892,0.889,0.931,0.017,0.959,0.899,0.88,0.923,0.935,0.895,0.932,0.895,0.902,0.929,0.886,0.889,0.885,0.91,0.91,0.884,0.901
0.893,0.935,0.87,0.885,0.917,0.94,0.91,0.881,0.896,0.886,0.894,0.885,0.922,0.885,0.881,0.904,0.929,0.922,0.922,0.909,0.913,0.917,0.915,1.0,0.949,0.931,0.922,0.885,0.901,0.898,0.87,0.909,0.017,0.91,0.942,0.883,0.909,0.921,0.881,0.92,0.88,0.917,0.923,0.881,0.886,0.879,0.911,0.911,0.89,0.903
0.903,0.941,0.88,0.885,0.917,0.939,0.907,0.88,0.896,0.883,0.883,0.889,0.91,0.881,0.884,0.907,0.927,0.912,0.915,0.907,0.912,0.913,0.912,0.949,1.0,0.935,0.911,0.886,0.903,0.902,0.88,0.908,0.016,0.91,0.93,0.882,0.906,0.917,0.883,0.91,0.885,0.91,0.912,0.891,0.89,0.882,0.909,0.909,0.897,0.901
0.903,0.921,0.879,0.877,0.912,0.919,0.898,0.881,0.892,0.88,0.886,0.88,0.915,0.877,0.875,0.897,0.926,0.91,0.911,0.897,0.914,0.908,0.909,0.931,0.935,1.0,0.913,0.886,0.895,0.897,0.871,0.901,0.016,0.909,0.915,0.871,0.897,0.92,0.875,0.911,0.877,0.906,0.913,0.89,0.889,0.879,0.913,0.913,0.882,0.896
0.9,0.902,0.871,0.888,0.927,0.907,0.902,0.876,0.894,0.883,0.908,0.882,0.944,0.891,0.887,0.906,0.906,0.934,0.939,0.902,0.93,0.936,0.939,0.922,0.911,0.913,1.0,0.884,0.895,0.897,0.881,0.926,0.017,0.922,0.905,0.877,0.901,0.94,0.878,0.939,0.89,0.899,0.955,0.882,0.883,0.877,0.905,0.905,0.885,0.901
0.886,0.875,0.857,0.938,0.879,0.877,0.877,0.975,0.885,0.937,0.861,0.926,0.886,0.932,0.929,0.875,0.868,0.883,0.883,0.876,0.881,0.88,0.883,0.885,0.886,0.886,0.884,1.0,0.891,0.887,0.923,0.875,0.018,0.875,0.871,0.915,0.876,0.884,0.907,0.892,0.933,0.865,0.888,0.984,0.979,0.879,0.87,0.87,0.923,0.888
0.904,0.889,0.871,0.894,0.895,0.892,0.899,0.885,0.902,0.895,0.863,0.89,0.887,0.898,0.889,0.897,0.883,0.891,0.894,0.898,0.887,0.889,0.893,0.901,0.903,0.895,0.895,0.891,1.0,0.903,0.887,0.884,0.018,0.88,0.882,0.888,0.898,0.9,0.886,0.883,0.893,0.883,0.889,0.893,0.898,0.892,0.879,0.878,0.888,0.951
0.916,0.887,0.876,0.888,0.889,0.889,0.892,0.882,0.914,0.887,0.868,0.886,0.891,0.893,0.884,0.893,0.879,0.892,0.892,0.892,0.893,0.893,0.892,0.898,0.902,0.897,0.897,0.887,0.903,1.0,0.883,0.882,0.018,0.886,0.88,0.886,0.891,0.89,0.883,0.902,0.891,0.883,0.894,0.889,0.888,0.883,0.884,0.883,0.884,0.902
0.881,0.88,0.87,0.929,0.886,0.881,0.887,0.919,0.895,0.925,0.846,0.914,0.876,0.926,0.924,0.88,0.872,0.889,0.88,0.887,0.887,0.878,0.889,0.87,0.88,0.871,0.881,0.923,0.887,0.883,1.0,0.881,0.018,0.885,0.86,0.907,0.886,0.883,0.915,0.881,0.96,0.873,0.877,0.929,0.929,0.884,0.877,0.877,0.908,0.883
0.887,0.916,0.884,0.88,0.924,0.913,0.906,0.87,0.883,0.871,0.883,0.877,0.918,0.883,0.877,0.897,0.914,0.922,0.922,0.905,0.926,0.92,0.931,0.909,0.908,0.901,0.926,0.875,0.884,0.882,0.881,1.0,0.017,0.924,0.886,0.868,0.905,0.932,0.888,0.92,0.884,0.911,0.921,0.88,0.879,0.892,0.919,0.919,0.871,0.889
0.017,0.016,0.017,0.018,0.017,0.016,0.016,0.018,0.017,0.018,0.016,0.019,0.017,0.017,0.019,0.016,0.017,0.017,0.017,0.016,0.017,0.017,0.017,0.017,0.016,0.016,0.017,0.018,0.018,0.018,0.018,0.017,1.0,0.017,0.016,0.02,0.016,0.018,0.018,0.018,0.018,0.018,0.017,0.019,0.019,0.018,0.016,0.016,0.016,0.016
0.886,0.908,0.876,0.879,0.93,0.916,0.91,0.871,0.897,0.874,0.891,0.874,0.933,0.881,0.875,0.902,0.921,0.937,0.925,0.909,0.934,0.955,0.959,0.91,0.91,0.909,0.922,0.875,0.88,0.886,0.885,0.924,0.017,1.0,0.901,0.876,0.909,0.933,0.89,0.926,0.884,0.897,0.93,0.877,0.879,0.882,0.914,0.914,0.877,0.891
0.879,0.919,0.856,0.872,0.907,0.928,0.897,0.876,0.88,0.868,0.895,0.868,0.916,0.869,0.871,0.895,0.905,0.906,0.91,0.897,0.902,0.902,0.899,0.942,0.93,0.915,0.905,0.871,0.882,0.88,0.86,0.886,0.016,0.901,1.0,0.869,0.897,0.91,0.868,0.902,0.864,0.903,0.91,0.864,0.869,0.863,0.899,0.899,0.877,0.887
0.88,0.862,0.859,0.916,0.869,0.871,0.881,0.911,0.882,0.918,0.86,0.92,0.878,0.905,0.912,0.88,0.865,0.884,0.879,0.881,0.882,0.878,0.88,0.883,0.882,0.871,0.877,0.915,0.888,0.886,0.907,0.868,0.02,0.876,0.869,1.0,0.88,0.872,0.915,0.888,0.918,0.86,0.877,0.909,0.912,0.878,0.861,0.861,0.913,0.883
0.902,0.906,0.887,0.881,0.904,0.914,0.999,0.871,0.906,0.879,0.864,0.88,0.9,0.888,0.879,0.982,0.901,0.918,0.911,0.998,0.923,0.907,0.923,0.909,0.906,0.897,0.901,0.876,0.898,0.891,0.886,0.905,0.016,0.909,0.897,0.88,1.0,0.905,0.898,0.895,0.888,0.904,0.897,0.88,0.884,0.89,0.899,0.899,0.887,0.904
0.904,0.91,0.881,0.886,0.935,0.917,0.906,0.88,0.893,0.879,0.906,0.886,0.932,0.887,0.886,0.907,0.914,0.935,0.936,0.905,0.935,0.934,0.935,0.921,0.917,0.92,0.94,0.884,0.9,0.89,0.883,0.932,0.018,0.933,0.91,0.872,0.905,1.0,0.886,0.937,0.888,0.903,0.946,0.887,0.888,0.881,0.914,0.914,0.883,0.903
0.882,0.883,0.881,0.913,0.884,0.897,0.898,0.901,0.892,0.919,0.85,0.915,0.878,0.915,0.912,0.889,0.881,0.897,0.89,0.898,0.889,0.882,0.895,0.881,0.883,0.875,0.878,0.907,0.886,0.883,0.915,0.888,0.018,0.89,0.868,0.915,0.898,0.886,1.0,0.881,0.925,0.878,0.881,0.914,0.916,0.89,0.879,0.879,0.905,0.883
0.898,0.899,0.876,0.886,0.925,0.906,0.896,0.887,0.886,0.891,0.91,0.883,0.944,0.885,0.888,0.897,0.911,0.929,0.93,0.896,0.93,0.935,0.932,0.92,0.91,0.911,0.939,0.892,0.883,0.902,0.881,0.92,0.018,0.926,0.902,0.888,0.895,0.937,0.881,1.0,0.889,0.896,0.942,0.884,0.888,0.877,0.908,0.908,0.889,0.891
0.886,0.881,0.874,0.937,0.893,0.884,0.889,0.924,0.896,0.927,0.854,0.925,0.885,0.939,0.933,0.884,0.874,0.897,0.894,0.888,0.894,0.887,0.895,0.88,0.885,0.877,0.89,0.933,0.893,0.891,0.96,0.884,0.018,0.884,0.864,0.918,0.888,0.888,0.925,0.889,1.0,0.875,0.885,0.94,0.939,0.887,0.877,0.877,0.912,0.892
0.887,0.932,0.88,0.864,0.907,0.93,0.905,0.863,0.885,0.859,0.865,0.863,0.891,0.87,0.868,0.896,0.91,0.905,0.905,0.904,0.903,0.893,0.902,0.917,0.91,0.906,0.899,0.865,0.883,0.883,0.873,0.911,0.018,0.897,0.903,0.86,0.904,0.903,0.878,0.896,0.875,1.0,0.9,0.868,0.869,0.897,0.919,0.921,0.865,0.894
0.894,0.902,0.867,0.884,0.931,0.91,0.898,0.884,0.884,0.885,0.912,0.881,0.942,0.887,0.883,0.898,0.907,0.923,0.936,0.897,0.927,0.935,0.929,0.923,0.912,0.913,0.955,0.888,0.889,0.894,0.877,0.921,0.017,0.93,0.91,0.877,0.897,0.946,0.881,0.942,0.885,0.9,1.0,0.882,0.883,0.871,0.903,0.903,0.883,0.894
0.892,0.881,0.863,0.938,0.881,0.88,0.881,0.968,0.886,0.929,0.852,0.93,0.879,0.933,0.931,0.879,0.87,0.885,0.886,0.88,0.886,0.879,0.886,0.881,0.891,0.89,0.882,0.984,0.893,0.889,0.929,0.88,0.019,0.877,0.864,0.909,0.88,0.887,0.914,0.884,0.94,0.868,0.882,1.0,0.985,0.881,0.873,0.873,0.922,0.889
0.893,0.882,0.866,0.941,0.884,0.884,0.885,0.962,0.89,0.933,0.853,0.933,0.881,0.935,0.932,0.883,0.873,0.887,0.887,0.884,0.885,0.881,0.889,0.886,0.89,0.889,0.883,0.979,0.898,0.888,0.929,0.879,0.019,0.879,0.869,0.912,0.884,0.888,0.916,0.888,0.939,0.869,0.883,0.985,1.0,0.883,0.876,0.876,0.919,0.893
0.881,0.891,0.877,0.878,0.891,0.887,0.89,0.871,0.892,0.87,0.842,0.876,0.873,0.888,0.877,0.882,0.877,0.89,0.879,0.889,0.876,0.876,0.885,0.879,0.882,0.879,0.877,0.879,0.892,0.883,0.884,0.892,0.018,0.882,0.863,0.878,0.89,0.881,0.89,0.877,0.887,0.897,0.871,0.881,0.883,1.0,0.894,0.896,0.873,0.907
0.89,0.919,0.884,0.873,0.917,0.925,0.899,0.865,0.894,0.867,0.868,0.867,0.903,0.871,0.871,0.892,0.918,0.913,0.902,0.899,0.912,0.901,0.91,0.911,0.909,0.913,0.905,0.87,0.879,0.884,0.877,0.919,0.016,0.914,0.899,0.861,0.899,0.914,0.879,0.908,0.877,0.919,0.903,0.873,0.876,0.894,1.0,0.998,0.869,0.891
0.89,0.92,0.883,0.873,0.917,0.925,0.899,0.865,0.893,0.867,0.867,0.867,0.903,0.871,0.871,0.892,0.918,0.913,0.902,0.899,0.912,0.901,0.91,0.911,0.909,0.913,0.905,0.87,0.878,0.883,0.877,0.919,0.016,0.914,0.899,0.861,0.899,0.914,0.879,0.908,0.877,0.921,0.903,0.873,0.876,0.896,0.998,1.0,0.869,0.89
0.885,0.877,0.871,0.927,0.881,0.881,0.888,0.913,0.889,0.924,0.867,0.918,0.881,0.914,0.915,0.886,0.872,0.887,0.888,0.888,0.885,0.886,0.884,0.89,0.897,0.882,0.885,0.923,0.888,0.884,0.908,0.871,0.016,0.877,0.877,0.913,0.887,0.883,0.905,0.889,0.912,0.865,0.883,0.922,0.919,0.873,0.869,0.869,1.0,0.888
0.902,0.893,0.877,0.897,0.9,0.898,0.905,0.88,0.907,0.889,0.865,0.893,0.896,0.905,0.901,0.904,0.891,0.905,0.899,0.904,0.894,0.9,0.901,0.903,0.901,0.896,0.901,0.888,0.951,0.902,0.883,0.889,0.016,0.891,0.887,0.883,0.904,0.903,0.883,0.891,0.892,0.894,0.894,0.889,0.893,0.907,0.891,0.89,0.888,1.0
