GCF_000163235.1_ASM16323v1_genomic.fna,GCF_000164555.1_ASM16455v1_genomic.fna,GCF_000208545.1_ASM20854v2_genomic.fna,GCF_000233875.1_ASM23387v1_genomic.fna,GCF_000249735.1_ASM24973v2_genomic.fna,GCF_000261145.1_Esch_coli_M919_V2_genomic.fna,GCF_000267705.2_ASM26770v2_genomic.fna,GCF_000350665.1_Esch_coli_KTE5_V1_genomic.fna,GCF_000351625.1_Esch_coli_KTE66_V1_genomic.fna,GCF_000352285.1_Esch_coli_KTE46_V1_genomic.fna,GCF_000358895.1_ASM35889v1_genomic.fna,GCF_000456385.1_Esch_coli_HVH_26_4-5703913_V1_genomic.fna,GCF_000458195.1_Esch_coli_HVH_147_4-5893887_V1_genomic.fna,GCF_000459755.1_Esch_coli_KOEGE_58_171a_V1_genomic.fna,GCF_000460055.1_Esch_coli_UMEA_3053-1_V1_genomic.fna,GCF_000462165.2_ASM46216v2_genomic.fna,GCF_000601135.1_ASM60113v1_genomic.fna,GCF_000614595.1_Ec2010EL1058_genomic.fna,GCF_000617745.1_Ec2010C-4529_genomic.fna,GCF_000618265.2_EcF6751_genomic.fna,GCF_000619005.2_Ec2009C-4052_genomic.fna,GCF_000619105.1_Ec2009C-4780_genomic.fna,GCF_000619765.2_Ec2009C-3279_genomic.fna,GCF_000687005.1_ASM68700v1_genomic.fna,GCF_000687025.1_ASM68702v1_genomic.fna,GCF_000700125.1_ASM70012v1_genomic.fna,GCF_000753315.1_FHI35_genomic.fna,GCF_000776375.1_ASM77637v1_genomic.fna,GCF_000779395.1_ASM77939v1_genomic.fna,GCF_000780315.1_ASM78031v1_genomic.fna,GCF_000781995.1_ASM78199v1_genomic.fna,GCF_000986765.1_ASM98676v1_genomic.fna,GCF_001041375.1_ViralProj287958_genomic.fna,GCF_001265335.1_302014_genomic.fna,GCF_001265625.1_100854_genomic.fna,GCF_001267345.1_303289_genomic.fna,GCF_001309985.1_ASM130998v1_genomic.fna,GCF_001521695.1_ASM152169v1_genomic.fna,GCF_001592595.1_ASM159259v1_genomic.fna,GCF_001614975.1_ASM161497v1_genomic.fna,GCF_001692775.1_ASM169277v1_genomic.fna,GCF_001748915.1_ASM174891v1_genomic.fna,GCF_001749235.1_ASM174923v1_genomic.fna,GCF_001881155.1_ASM188115v1_genomic.fna,GCF_001881345.1_ASM188134v1_genomic.fna,GCF_001892405.1_ASM189240v1_genomic.fna,GCF_001892585.1_ASM189258v1_genomic.fna,GCF_001893985.1_ASM189398v1_genomic.fna,GCF_002001595.1_ASM200159v1_genomic.fna,GCF_002002145.1_ASM200214v1_genomic.fna
1.0,0.483,0.39,0.435,0.479,0.464,0.463,0.423,0.59,0.431,0.46,0.456,0.494,0.425,0.425,0.466,0.474,0.474,0.477,0.46,0.456,0.484,0.479,0.471,0.469,0.451,0.474,0.427,0.501,0.581,0.406,0.459,0.0,0.477,0.442,0.43,0.463,0.483,0.402,0.473,0.42,0.475,0.473,0.427,0.434,0.448,0.466,0.464,0.405,0.506
0.483,1.0,0.361,0.397,0.618,0.781,0.529,0.412,0.449,0.409,0.587,0.432,0.614,0.411,0.399,0.527,0.69,0.629,0.61,0.525,0.598,0.604,0.612,0.777,0.794,0.694,0.604,0.411,0.443,0.442,0.396,0.624,0.0,0.604,0.729,0.413,0.526,0.624,0.389,0.602,0.405,0.675,0.604,0.425,0.428,0.405,0.683,0.684,0.425,0.443
0.39,0.361,1.0,0.326,0.353,0.346,0.353,0.327,0.374,0.333,0.343,0.339,0.348,0.338,0.333,0.356,0.348,0.354,0.349,0.352,0.341,0.35,0.355,0.339,0.344,0.334,0.339,0.328,0.376,0.386,0.323,0.356,0.0,0.352,0.312,0.339,0.352,0.355,0.332,0.353,0.325,0.358,0.355,0.335,0.336,0.343,0.365,0.365,0.346,0.383
0.435,0.397,0.326,1.0,0.398,0.383,0.407,0.68,0.417,0.734,0.401,0.721,0.42,0.777,0.745,0.404,0.403,0.402,0.412,0.403,0.39,0.414,0.409,0.404,0.398,0.387,0.411,0.732,0.451,0.411,0.707,0.399,0.0,0.4,0.38,0.632,0.405,0.41,0.656,0.403,0.73,0.395,0.401,0.716,0.714,0.422,0.386,0.385,0.66,0.458
0.479,0.618,0.353,0.398,1.0,0.635,0.537,0.42,0.461,0.405,0.752,0.425,0.715,0.427,0.419,0.54,0.625,0.679,0.679,0.537,0.675,0.684,0.675,0.621,0.619,0.612,0.691,0.418,0.456,0.467,0.397,0.688,0.0,0.685,0.602,0.437,0.536,0.69,0.406,0.7,0.412,0.632,0.706,0.417,0.417,0.402,0.632,0.631,0.415,0.45
0.464,0.781,0.346,0.383,0.635,1.0,0.549,0.414,0.462,0.395,0.587,0.407,0.606,0.404,0.398,0.544,0.685,0.638,0.614,0.545,0.595,0.605,0.611,0.777,0.801,0.68,0.599,0.403,0.437,0.443,0.39,0.62,0.0,0.612,0.75,0.427,0.543,0.613,0.424,0.607,0.397,0.692,0.615,0.405,0.408,0.396,0.694,0.697,0.401,0.444
0.463,0.529,0.353,0.407,0.537,0.549,1.0,0.411,0.461,0.398,0.511,0.422,0.538,0.413,0.409,0.962,0.516,0.587,0.556,0.986,0.569,0.563,0.578,0.544,0.538,0.504,0.532,0.406,0.436,0.463,0.396,0.525,0.0,0.551,0.514,0.449,0.986,0.518,0.414,0.529,0.401,0.524,0.533,0.411,0.411,0.398,0.522,0.52,0.407,0.455
0.423,0.412,0.327,0.68,0.42,0.414,0.411,1.0,0.419,0.692,0.4,0.675,0.432,0.674,0.669,0.408,0.401,0.419,0.439,0.405,0.399,0.421,0.419,0.41,0.404,0.387,0.421,0.894,0.456,0.407,0.689,0.407,0.0,0.413,0.376,0.616,0.408,0.434,0.65,0.421,0.694,0.409,0.428,0.897,0.885,0.431,0.405,0.405,0.636,0.459
0.59,0.449,0.374,0.417,0.461,0.462,0.461,0.419,1.0,0.431,0.459,0.417,0.475,0.433,0.424,0.463,0.464,0.456,0.461,0.46,0.441,0.477,0.467,0.465,0.456,0.441,0.471,0.425,0.508,0.593,0.408,0.444,0.0,0.463,0.443,0.442,0.461,0.464,0.408,0.469,0.413,0.471,0.469,0.419,0.418,0.458,0.459,0.459,0.417,0.517
0.431,0.409,0.333,0.734,0.405,0.395,0.398,0.692,0.431,1.0,0.415,0.691,0.425,0.752,0.706,0.4,0.407,0.404,0.407,0.397,0.385,0.409,0.404,0.413,0.397,0.399,0.411,0.724,0.452,0.42,0.728,0.393,0.0,0.399,0.385,0.642,0.396,0.406,0.663,0.407,0.741,0.4,0.399,0.705,0.71,0.426,0.396,0.396,0.669,0.448
0.46,0.587,0.343,0.401,0.752,0.587,0.511,0.4,0.459,0.415,1.0,0.403,0.726,0.429,0.408,0.521,0.619,0.677,0.663,0.512,0.645,0.694,0.674,0.632,0.584,0.642,0.688,0.408,0.448,0.465,0.387,0.662,0.0,0.672,0.621,0.429,0.512,0.674,0.409,0.716,0.393,0.616,0.677,0.402,0.402,0.385,0.592,0.592,0.407,0.443
0.456,0.432,0.339,0.721,0.425,0.407,0.422,0.675,0.417,0.691,0.403,1.0,0.434,0.728,0.85,0.42,0.419,0.407,0.421,0.417,0.407,0.422,0.418,0.414,0.418,0.395,0.421,0.697,0.474,0.42,0.669,0.411,0.0,0.416,0.391,0.633,0.419,0.422,0.662,0.417,0.698,0.409,0.423,0.692,0.694,0.44,0.417,0.414,0.647,0.466
0.494,0.614,0.348,0.42,0.715,0.606,0.538,0.432,0.475,0.425,0.726,0.434,1.0,0.438,0.43,0.546,0.618,0.725,0.738,0.535,0.709,0.794,0.771,0.625,0.608,0.604,0.772,0.437,0.462,0.472,0.407,0.722,0.0,0.775,0.598,0.445,0.537,0.748,0.418,0.766,0.415,0.637,0.745,0.431,0.43,0.411,0.617,0.617,0.426,0.465
0.425,0.411,0.338,0.777,0.427,0.404,0.413,0.674,0.433,0.752,0.429,0.728,0.438,1.0,0.769,0.412,0.418,0.418,0.431,0.411,0.402,0.429,0.417,0.426,0.415,0.41,0.429,0.724,0.472,0.424,0.71,0.408,0.0,0.414,0.403,0.638,0.411,0.432,0.655,0.426,0.731,0.419,0.42,0.709,0.705,0.43,0.405,0.403,0.67,0.474
0.425,0.399,0.333,0.745,0.419,0.398,0.409,0.669,0.424,0.706,0.408,0.85,0.43,0.769,1.0,0.408,0.407,0.407,0.416,0.407,0.394,0.418,0.412,0.404,0.401,0.39,0.417,0.709,0.468,0.414,0.697,0.402,0.0,0.406,0.385,0.632,0.407,0.419,0.665,0.411,0.722,0.404,0.412,0.694,0.692,0.431,0.408,0.406,0.657,0.477
0.466,0.527,0.356,0.404,0.54,0.544,0.962,0.408,0.463,0.4,0.521,0.42,0.546,0.412,0.408,1.0,0.52,0.57,0.547,0.964,0.55,0.566,0.568,0.549,0.541,0.508,0.539,0.405,0.439,0.47,0.392,0.516,0.0,0.547,0.516,0.443,0.968,0.525,0.411,0.535,0.4,0.529,0.529,0.409,0.409,0.398,0.522,0.52,0.408,0.451
0.474,0.69,0.348,0.403,0.625,0.685,0.516,0.401,0.464,0.407,0.619,0.419,0.618,0.418,0.407,0.52,1.0,0.608,0.599,0.513,0.59,0.618,0.61,0.724,0.709,0.736,0.609,0.411,0.453,0.448,0.379,0.637,0.0,0.618,0.673,0.43,0.515,0.609,0.398,0.628,0.391,0.664,0.62,0.41,0.418,0.385,0.666,0.666,0.406,0.434
0.474,0.629,0.354,0.402,0.679,0.638,0.587,0.419,0.456,0.404,0.677,0.407,0.725,0.418,0.407,0.57,0.608,1.0,0.758,0.58,0.74,0.747,0.752,0.621,0.605,0.595,0.712,0.417,0.442,0.458,0.4,0.712,0.0,0.708,0.587,0.439,0.582,0.693,0.418,0.706,0.399,0.627,0.704,0.424,0.425,0.41,0.624,0.625,0.403,0.457
0.477,0.61,0.349,0.412,0.679,0.614,0.556,0.439,0.461,0.407,0.663,0.421,0.738,0.431,0.416,0.547,0.599,0.758,1.0,0.552,0.72,0.746,0.744,0.604,0.6,0.586,0.709,0.429,0.456,0.454,0.403,0.698,0.0,0.712,0.583,0.444,0.554,0.687,0.42,0.712,0.407,0.61,0.702,0.432,0.436,0.417,0.608,0.608,0.423,0.465
0.46,0.525,0.352,0.403,0.537,0.545,0.986,0.405,0.46,0.397,0.512,0.417,0.535,0.411,0.407,0.964,0.513,0.58,0.552,1.0,0.561,0.559,0.568,0.543,0.537,0.501,0.533,0.403,0.434,0.462,0.394,0.521,0.0,0.545,0.51,0.445,0.99,0.516,0.409,0.528,0.4,0.522,0.53,0.406,0.404,0.397,0.52,0.518,0.404,0.451
0.456,0.598,0.341,0.39,0.675,0.595,0.569,0.399,0.441,0.385,0.645,0.407,0.709,0.402,0.394,0.55,0.59,0.74,0.72,0.561,1.0,0.733,0.753,0.592,0.583,0.586,0.705,0.396,0.426,0.443,0.382,0.726,0.0,0.721,0.574,0.422,0.562,0.685,0.406,0.712,0.39,0.596,0.699,0.4,0.402,0.397,0.608,0.607,0.384,0.443
0.484,0.604,0.35,0.414,0.684,0.605,0.563,0.421,0.477,0.409,0.694,0.422,0.794,0.429,0.418,0.566,0.618,0.747,0.746,0.559,0.733,1.0,0.917,0.616,0.604,0.595,0.757,0.42,0.458,0.472,0.397,0.729,0.0,0.877,0.584,0.446,0.563,0.736,0.412,0.756,0.404,0.626,0.749,0.418,0.416,0.405,0.607,0.607,0.416,0.468
0.479,0.612,0.355,0.409,0.675,0.611,0.578,0.419,0.467,0.404,0.674,0.418,0.771,0.417,0.412,0.568,0.61,0.752,0.744,0.568,0.753,0.917,1.0,0.612,0.599,0.585,0.74,0.41,0.454,0.456,0.398,0.748,0.0,0.858,0.575,0.442,0.571,0.712,0.414,0.732,0.401,0.616,0.726,0.413,0.416,0.408,0.605,0.607,0.404,0.454
0.471,0.777,0.339,0.404,0.621,0.777,0.544,0.41,0.465,0.413,0.632,0.414,0.625,0.426,0.404,0.549,0.724,0.621,0.604,0.543,0.592,0.616,0.612,1.0,0.809,0.729,0.624,0.4,0.453,0.462,0.387,0.606,0.0,0.619,0.809,0.422,0.544,0.616,0.395,0.623,0.393,0.697,0.619,0.398,0.403,0.386,0.674,0.675,0.407,0.441
0.469,0.794,0.344,0.398,0.619,0.801,0.538,0.404,0.456,0.397,0.584,0.418,0.608,0.415,0.401,0.541,0.709,0.605,0.6,0.537,0.583,0.604,0.599,0.809,1.0,0.717,0.6,0.409,0.438,0.443,0.384,0.617,0.0,0.604,0.775,0.424,0.537,0.605,0.393,0.606,0.394,0.68,0.601,0.418,0.415,0.393,0.672,0.671,0.423,0.438
0.451,0.694,0.334,0.387,0.612,0.68,0.504,0.387,0.441,0.399,0.642,0.395,0.604,0.41,0.39,0.508,0.736,0.595,0.586,0.501,0.586,0.595,0.585,0.729,0.717,1.0,0.592,0.397,0.419,0.434,0.368,0.587,0.0,0.591,0.727,0.406,0.504,0.596,0.377,0.615,0.378,0.666,0.582,0.405,0.4,0.371,0.671,0.671,0.403,0.416
0.474,0.604,0.339,0.411,0.691,0.599,0.532,0.421,0.471,0.411,0.688,0.421,0.772,0.429,0.417,0.539,0.609,0.712,0.709,0.533,0.705,0.757,0.74,0.624,0.6,0.592,1.0,0.422,0.462,0.461,0.398,0.724,0.0,0.737,0.59,0.434,0.532,0.828,0.397,0.774,0.406,0.618,0.83,0.42,0.416,0.41,0.595,0.594,0.42,0.458
0.427,0.411,0.328,0.732,0.418,0.403,0.406,0.894,0.425,0.724,0.408,0.697,0.437,0.724,0.709,0.405,0.411,0.417,0.429,0.403,0.396,0.42,0.41,0.4,0.409,0.397,0.422,1.0,0.464,0.414,0.69,0.403,0.0,0.409,0.38,0.626,0.405,0.439,0.642,0.421,0.718,0.403,0.414,0.96,0.941,0.421,0.408,0.407,0.665,0.455
0.501,0.443,0.376,0.451,0.456,0.437,0.436,0.456,0.508,0.452,0.448,0.474,0.462,0.472,0.468,0.439,0.453,0.442,0.456,0.434,0.426,0.458,0.454,0.453,0.438,0.419,0.462,0.464,1.0,0.499,0.441,0.443,0.0,0.458,0.421,0.458,0.434,0.464,0.44,0.452,0.448,0.445,0.451,0.456,0.457,0.547,0.431,0.431,0.46,0.826
0.581,0.442,0.386,0.411,0.467,0.443,0.463,0.407,0.593,0.42,0.465,0.42,0.472,0.424,0.414,0.47,0.448,0.458,0.454,0.462,0.443,0.472,0.456,0.462,0.443,0.434,0.461,0.414,0.499,1.0,0.398,0.441,0.0,0.463,0.426,0.434,0.464,0.463,0.406,0.482,0.41,0.464,0.457,0.408,0.405,0.459,0.454,0.455,0.41,0.513
0.406,0.396,0.323,0.707,0.397,0.39,0.396,0.689,0.408,0.728,0.387,0.669,0.407,0.71,0.697,0.392,0.379,0.4,0.403,0.394,0.382,0.397,0.398,0.387,0.384,0.368,0.398,0.69,0.441,0.398,1.0,0.394,0.0,0.389,0.361,0.633,0.392,0.394,0.654,0.393,0.892,0.39,0.388,0.69,0.69,0.426,0.38,0.38,0.638,0.458
0.459,0.624,0.356,0.399,0.688,0.62,0.525,0.407,0.444,0.393,0.662,0.411,0.722,0.408,0.402,0.516,0.637,0.712,0.698,0.521,0.726,0.729,0.748,0.606,0.617,0.587,0.724,0.403,0.443,0.441,0.394,1.0,0.0,0.718,0.572,0.414,0.522,0.741,0.416,0.74,0.393,0.612,0.743,0.404,0.408,0.405,0.618,0.619,0.4,0.438
0.0,0.0,0.0,0.0,0.0,0.0,0.0,0.0,0.0,0.0,0.0,0.0,0.0,0.0,0.0,0.0,0.0,0.0,0.0,0.0,0.0,0.0,0.0,0.0,0.0,0.0,0.0,0.0,0.0,0.0,0.0,0.0,1.0,0.0,0.0,0.0,0.0,0.0,0.0,0.0,0.0,0.0,0.0,0.0,0.0,0.0,0.0,0.0,0.0,0.0
0.477,0.604,0.352,0.4,0.685,0.612,0.551,0.413,0.463,0.399,0.672,0.416,0.775,0.414,0.406,0.547,0.618,0.708,0.712,0.545,0.721,0.877,0.858,0.619,0.604,0.591,0.737,0.409,0.458,0.463,0.389,0.718,0.0,1.0,0.583,0.446,0.546,0.724,0.417,0.741,0.392,0.612,0.74,0.409,0.411,0.389,0.604,0.604,0.401,0.454
0.442,0.729,0.312,0.38,0.602,0.75,0.514,0.376,0.443,0.385,0.621,0.391,0.598,0.403,0.385,0.516,0.673,0.587,0.583,0.51,0.574,0.584,0.575,0.809,0.775,0.727,0.59,0.38,0.421,0.426,0.361,0.572,0.0,0.583,1.0,0.404,0.511,0.583,0.38,0.596,0.371,0.655,0.59,0.376,0.376,0.367,0.636,0.634,0.381,0.413
0.43,0.413,0.339,0.632,0.437,0.427,0.449,0.616,0.442,0.642,0.429,0.633,0.445,0.638,0.632,0.443,0.43,0.439,0.444,0.445,0.422,0.446,0.442,0.422,0.424,0.406,0.434,0.626,0.458,0.434,0.633,0.414,0.0,0.446,0.404,1.0,0.442,0.422,0.654,0.435,0.647,0.427,0.43,0.628,0.626,0.423,0.423,0.422,0.619,0.458
0.463,0.526,0.352,0.405,0.536,0.543,0.986,0.408,0.461,0.396,0.512,0.419,0.537,0.411,0.407,0.968,0.515,0.582,0.554,0.99,0.562,0.563,0.571,0.544,0.537,0.504,0.532,0.405,0.434,0.464,0.392,0.522,0.0,0.546,0.511,0.442,1.0,0.519,0.408,0.531,0.398,0.524,0.532,0.409,0.408,0.397,0.522,0.52,0.405,0.452
0.483,0.624,0.355,0.41,0.69,0.613,0.518,0.434,0.464,0.406,0.674,0.422,0.748,0.432,0.419,0.525,0.609,0.693,0.687,0.516,0.685,0.736,0.712,0.616,0.605,0.596,0.828,0.439,0.464,0.463,0.394,0.741,0.0,0.724,0.583,0.422,0.519,1.0,0.408,0.76,0.404,0.634,0.857,0.431,0.42,0.404,0.624,0.623,0.421,0.457
0.402,0.389,0.332,0.656,0.406,0.424,0.414,0.65,0.408,0.663,0.409,0.662,0.418,0.655,0.665,0.411,0.398,0.418,0.42,0.409,0.406,0.412,0.414,0.395,0.393,0.377,0.397,0.642,0.44,0.406,0.654,0.416,0.0,0.417,0.38,0.654,0.408,0.408,1.0,0.411,0.661,0.409,0.406,0.645,0.653,0.417,0.418,0.417,0.62,0.437
0.473,0.602,0.353,0.403,0.7,0.607,0.529,0.421,0.469,0.407,0.716,0.417,0.766,0.426,0.411,0.535,0.628,0.706,0.712,0.528,0.712,0.756,0.732,0.623,0.606,0.615,0.774,0.421,0.452,0.482,0.393,0.74,0.0,0.741,0.596,0.435,0.531,0.76,0.411,1.0,0.4,0.629,0.76,0.413,0.418,0.398,0.635,0.636,0.407,0.464
0.42,0.405,0.325,0.73,0.412,0.397,0.401,0.694,0.413,0.741,0.393,0.698,0.415,0.731,0.722,0.4,0.391,0.399,0.407,0.4,0.39,0.404,0.401,0.393,0.394,0.378,0.406,0.718,0.448,0.41,0.892,0.393,0.0,0.392,0.371,0.647,0.398,0.404,0.661,0.4,1.0,0.401,0.393,0.715,0.709,0.429,0.389,0.388,0.657,0.463
0.475,0.675,0.358,0.395,0.632,0.692,0.524,0.409,0.471,0.4,0.616,0.409,0.637,0.419,0.404,0.529,0.664,0.627,0.61,0.522,0.596,0.626,0.616,0.697,0.68,0.666,0.618,0.403,0.445,0.464,0.39,0.612,0.0,0.612,0.655,0.427,0.524,0.634,0.409,0.629,0.401,1.0,0.646,0.402,0.401,0.387,0.725,0.726,0.403,0.446
0.473,0.604,0.355,0.401,0.706,0.615,0.533,0.428,0.469,0.399,0.677,0.423,0.745,0.42,0.412,0.529,0.62,0.704,0.702,0.53,0.699,0.749,0.726,0.619,0.601,0.582,0.83,0.414,0.451,0.457,0.388,0.743,0.0,0.74,0.59,0.43,0.532,0.857,0.406,0.76,0.393,0.646,1.0,0.411,0.411,0.407,0.617,0.617,0.413,0.457
0.427,0.425,0.335,0.716,0.417,0.405,0.411,0.897,0.419,0.705,0.402,0.692,0.431,0.709,0.694,0.409,0.41,0.424,0.432,0.406,0.4,0.418,0.413,0.398,0.418,0.405,0.42,0.96,0.456,0.408,0.69,0.404,0.0,0.409,0.376,0.628,0.409,0.431,0.645,0.413,0.715,0.402,0.411,1.0,0.958,0.425,0.408,0.407,0.666,0.453
0.434,0.428,0.336,0.714,0.417,0.408,0.411,0.885,0.418,0.71,0.402,0.694,0.43,0.705,0.692,0.409,0.418,0.425,0.436,0.404,0.402,0.416,0.416,0.403,0.415,0.4,0.416,0.941,0.457,0.405,0.69,0.408,0.0,0.411,0.376,0.626,0.408,0.42,0.653,0.418,0.709,0.401,0.411,0.958,1.0,0.427,0.417,0.417,0.65,0.454
0.448,0.405,0.343,0.422,0.402,0.396,0.398,0.431,0.458,0.426,0.385,0.44,0.411,0.43,0.431,0.398,0.385,0.41,0.417,0.397,0.397,0.405,0.408,0.386,0.393,0.371,0.41,0.421,0.547,0.459,0.426,0.405,0.0,0.389,0.367,0.423,0.397,0.404,0.417,0.398,0.429,0.387,0.407,0.425,0.427,1.0,0.421,0.42,0.423,0.597
0.466,0.683,0.365,0.386,0.632,0.694,0.522,0.405,0.459,0.396,0.592,0.417,0.617,0.405,0.408,0.522,0.666,0.624,0.608,0.52,0.608,0.607,0.605,0.674,0.672,0.671,0.595,0.408,0.431,0.454,0.38,0.618,0.0,0.604,0.636,0.423,0.522,0.624,0.418,0.635,0.389,0.725,0.617,0.408,0.417,0.421,1.0,0.996,0.405,0.457
0.464,0.684,0.365,0.385,0.631,0.697,0.52,0.405,0.459,0.396,0.592,0.414,0.617,0.403,0.406,0.52,0.666,0.625,0.608,0.518,0.607,0.607,0.607,0.675,0.671,0.671,0.594,0.407,0.431,0.455,0.38,0.619,0.0,0.604,0.634,0.422,0.52,0.623,0.417,0.636,0.388,0.726,0.617,0.407,0.417,0.42,0.996,1.0,0.403,0.457
0.405,0.425,0.346,0.66,0.415,0.401,0.407,0.636,0.417,0.669,0.407,0.647,0.426,0.67,0.657,0.408,0.406,0.403,0.423,0.404,0.384,0.416,0.404,0.407,0.423,0.403,0.42,0.665,0.46,0.41,0.638,0.4,0.0,0.401,0.381,0.619,0.405,0.421,0.62,0.407,0.657,0.403,0.413,0.666,0.65,0.423,0.405,0.403,1.0,0.459
0.506,0.443,0.383,0.458,0.45,0.444,0.455,0.459,0.517,0.448,0.443,0.466,0.465,0.474,0.477,0.451,0.434,0.457,0.465,0.451,0.443,0.468,0.454,0.441,0.438,0.416,0.458,0.455,0.826,0.513,0.458,0.438,0.0,0.454,0.413,0.458,0.452,0.457,0.437,0.464,0.463,0.446,0.457,0.453,0.454,0.597,0.457,0.457,0.459,1.0
