GCF_000163235.1_ASM16323v1_genomic.fna,GCF_000164555.1_ASM16455v1_genomic.fna,GCF_000208545.1_ASM20854v2_genomic.fna,GCF_000233875.1_ASM23387v1_genomic.fna,GCF_000249735.1_ASM24973v2_genomic.fna,GCF_000261145.1_Esch_coli_M919_V2_genomic.fna,GCF_000267705.2_ASM26770v2_genomic.fna,GCF_000350665.1_Esch_coli_KTE5_V1_genomic.fna,GCF_000351625.1_Esch_coli_KTE66_V1_genomic.fna,GCF_000352285.1_Esch_coli_KTE46_V1_genomic.fna,GCF_000358895.1_ASM35889v1_genomic.fna,GCF_000456385.1_Esch_coli_HVH_26_4-5703913_V1_genomic.fna,GCF_000458195.1_Esch_coli_HVH_147_4-5893887_V1_genomic.fna,GCF_000459755.1_Esch_coli_KOEGE_58_171a_V1_genomic.fna,GCF_000460055.1_Esch_coli_UMEA_3053-1_V1_genomic.fna,GCF_000462165.2_ASM46216v2_genomic.fna,GCF_000601135.1_ASM60113v1_genomic.fna,GCF_000614595.1_Ec2010EL1058_genomic.fna,GCF_000617745.1_Ec2010C-4529_genomic.fna,GCF_000618265.2_EcF6751_genomic.fna,GCF_000619005.2_Ec2009C-4052_genomic.fna,GCF_000619105.1_Ec2009C-4780_genomic.fna,GCF_000619765.2_Ec2009C-3279_genomic.fna,GCF_000687005.1_ASM68700v1_genomic.fna,GCF_000687025.1_ASM68702v1_genomic.fna,GCF_000700125.1_ASM70012v1_genomic.fna,GCF_000753315.1_FHI35_genomic.fna,GCF_000776375.1_ASM77637v1_genomic.fna,GCF_000779395.1_ASM77939v1_genomic.fna,GCF_000780315.1_ASM78031v1_genomic.fna,GCF_000781995.1_ASM78199v1_genomic.fna,GCF_000986765.1_ASM98676v1_genomic.fna,GCF_001041375.1_ViralProj287958_genomic.fna,GCF_001265335.1_302014_genomic.fna,GCF_001265625.1_100854_genomic.fna,GCF_001267345.1_303289_genomic.fna,GCF_001309985.1_ASM130998v1_genomic.fna,GCF_001521695.1_ASM152169v1_genomic.fna,GCF_001592595.1_ASM159259v1_genomic.fna,GCF_001614975.1_ASM161497v1_genomic.fna,GCF_001692775.1_ASM169277v1_genomic.fna,GCF_001748915.1_ASM174891v1_genomic.fna,GCF_001749235.1_ASM174923v1_genomic.fna,GCF_001881155.1_ASM188115v1_genomic.fna,GCF_001881345.1_ASM188134v1_genomic.fna,GCF_001892405.1_ASM189240v1_genomic.fna,GCF_001892585.1_ASM189258v1_genomic.fna,GCF_001893985.1_ASM189398v1_genomic.fna,GCF_002001595.1_ASM200159v1_genomic.fna,GCF_002002145.1_ASM200214v1_genomic.fna
1.0,0.566,0.482,0.489,0.549,0.549,0.561,0.498,0.664,0.487,0.535,0.509,0.526,0.491,0.484,0.561,0.544,0.541,0.535,0.557,0.525,0.533,0.548,0.544,0.537,0.525,0.548,0.489,0.584,0.634,0.478,0.549,0.0,0.533,0.497,0.498,0.56,0.553,0.474,0.539,0.49,0.519,0.542,0.482,0.489,0.527,0.53,0.531,0.486,0.585
0.566,1.0,0.425,0.5,0.665,0.767,0.586,0.495,0.527,0.489,0.635,0.509,0.646,0.49,0.484,0.59,0.729,0.649,0.647,0.581,0.637,0.646,0.657,0.782,0.793,0.717,0.659,0.494,0.54,0.523,0.475,0.675,0.0,0.642,0.726,0.478,0.584,0.682,0.478,0.64,0.486,0.693,0.662,0.495,0.492,0.491,0.721,0.72,0.496,0.54
0.482,0.425,1.0,0.383,0.427,0.416,0.406,0.383,0.45,0.394,0.421,0.383,0.421,0.385,0.384,0.417,0.429,0.417,0.422,0.403,0.413,0.431,0.429,0.415,0.413,0.407,0.429,0.389,0.458,0.453,0.369,0.437,0.0,0.428,0.377,0.383,0.404,0.426,0.381,0.423,0.376,0.414,0.429,0.375,0.372,0.4,0.426,0.425,0.396,0.456
0.489,0.5,0.383,1.0,0.495,0.493,0.466,0.734,0.48,0.74,0.476,0.773,0.47,0.8,0.8,0.476,0.487,0.458,0.482,0.462,0.466,0.474,0.487,0.484,0.491,0.471,0.479,0.793,0.518,0.482,0.752,0.484,0.0,0.467,0.452,0.66,0.465,0.493,0.695,0.468,0.771,0.474,0.483,0.766,0.756,0.473,0.466,0.467,0.705,0.524
0.549,0.665,0.427,0.495,1.0,0.689,0.596,0.479,0.519,0.488,0.808,0.486,0.748,0.493,0.486,0.614,0.675,0.704,0.72,0.593,0.714,0.725,0.73,0.674,0.671,0.675,0.742,0.491,0.547,0.529,0.474,0.731,0.0,0.724,0.63,0.483,0.593,0.744,0.475,0.743,0.482,0.69,0.742,0.467,0.468,0.471,0.681,0.682,0.499,0.516
0.549,0.767,0.416,0.493,0.689,1.0,0.596,0.487,0.52,0.497,0.664,0.48,0.672,0.495,0.48,0.611,0.738,0.651,0.668,0.59,0.63,0.67,0.668,0.804,0.813,0.735,0.664,0.494,0.551,0.512,0.472,0.663,0.0,0.675,0.766,0.485,0.594,0.677,0.493,0.654,0.479,0.727,0.66,0.471,0.471,0.474,0.727,0.726,0.512,0.542
0.561,0.586,0.406,0.466,0.596,0.596,1.0,0.478,0.534,0.46,0.583,0.471,0.581,0.476,0.457,0.946,0.598,0.648,0.623,0.98,0.643,0.625,0.65,0.593,0.588,0.593,0.614,0.464,0.525,0.513,0.461,0.61,0.0,0.596,0.558,0.492,0.987,0.603,0.472,0.591,0.467,0.576,0.609,0.464,0.465,0.473,0.579,0.582,0.467,0.536
0.498,0.495,0.383,0.734,0.479,0.487,0.478,1.0,0.482,0.717,0.461,0.723,0.472,0.731,0.714,0.472,0.468,0.462,0.486,0.472,0.47,0.467,0.48,0.484,0.474,0.465,0.477,0.899,0.526,0.482,0.736,0.481,0.0,0.465,0.444,0.657,0.475,0.495,0.692,0.473,0.741,0.462,0.476,0.897,0.884,0.479,0.464,0.466,0.675,0.528
0.664,0.527,0.45,0.48,0.519,0.52,0.534,0.482,1.0,0.484,0.519,0.481,0.518,0.484,0.479,0.534,0.521,0.53,0.524,0.532,0.521,0.526,0.533,0.518,0.509,0.502,0.538,0.48,0.57,0.655,0.48,0.537,0.0,0.518,0.475,0.49,0.534,0.525,0.48,0.519,0.485,0.514,0.537,0.469,0.469,0.519,0.512,0.514,0.485,0.578
0.487,0.489,0.394,0.74,0.488,0.497,0.46,0.717,0.484,1.0,0.493,0.703,0.491,0.738,0.719,0.475,0.486,0.441,0.479,0.456,0.452,0.487,0.47,0.499,0.49,0.481,0.494,0.746,0.515,0.479,0.751,0.464,0.0,0.473,0.459,0.661,0.459,0.485,0.704,0.491,0.754,0.469,0.472,0.712,0.721,0.466,0.458,0.457,0.715,0.504
0.535,0.635,0.421,0.476,0.808,0.664,0.583,0.461,0.519,0.493,1.0,0.462,0.783,0.475,0.46,0.602,0.638,0.705,0.726,0.58,0.69,0.739,0.712,0.7,0.66,0.686,0.735,0.468,0.529,0.516,0.457,0.707,0.0,0.715,0.673,0.471,0.581,0.72,0.462,0.764,0.46,0.666,0.726,0.446,0.446,0.46,0.647,0.646,0.489,0.513
0.509,0.509,0.383,0.773,0.486,0.48,0.471,0.723,0.481,0.703,0.462,1.0,0.458,0.753,0.863,0.471,0.48,0.458,0.466,0.464,0.467,0.464,0.477,0.49,0.478,0.473,0.471,0.74,0.517,0.487,0.708,0.485,0.0,0.454,0.448,0.669,0.468,0.484,0.691,0.472,0.734,0.457,0.48,0.733,0.732,0.49,0.468,0.47,0.674,0.525
0.526,0.646,0.421,0.47,0.748,0.672,0.581,0.472,0.518,0.491,0.783,0.458,1.0,0.466,0.459,0.599,0.651,0.717,0.758,0.578,0.727,0.806,0.782,0.7,0.666,0.674,0.791,0.474,0.53,0.521,0.455,0.736,0.0,0.787,0.656,0.456,0.579,0.752,0.452,0.802,0.455,0.665,0.759,0.452,0.451,0.464,0.651,0.65,0.497,0.518
0.491,0.49,0.385,0.8,0.493,0.495,0.476,0.731,0.484,0.738,0.475,0.753,0.466,1.0,0.792,0.487,0.49,0.458,0.482,0.473,0.456,0.473,0.481,0.481,0.484,0.476,0.487,0.785,0.526,0.477,0.745,0.476,0.0,0.468,0.454,0.652,0.476,0.496,0.695,0.468,0.765,0.475,0.479,0.754,0.748,0.481,0.458,0.459,0.704,0.518
0.484,0.484,0.384,0.8,0.486,0.48,0.457,0.714,0.479,0.719,0.46,0.863,0.459,0.792,1.0,0.466,0.478,0.451,0.462,0.454,0.45,0.466,0.477,0.469,0.465,0.454,0.475,0.754,0.52,0.474,0.742,0.476,0.0,0.459,0.439,0.668,0.457,0.49,0.696,0.464,0.758,0.46,0.478,0.731,0.726,0.487,0.466,0.467,0.693,0.525
0.561,0.59,0.417,0.476,0.614,0.611,0.946,0.472,0.534,0.475,0.602,0.471,0.599,0.487,0.466,1.0,0.608,0.633,0.636,0.943,0.623,0.644,0.652,0.603,0.598,0.601,0.624,0.473,0.533,0.517,0.464,0.6,0.0,0.61,0.567,0.493,0.946,0.612,0.471,0.605,0.466,0.594,0.619,0.456,0.46,0.473,0.581,0.583,0.488,0.533
0.544,0.729,0.429,0.487,0.675,0.738,0.598,0.468,0.521,0.486,0.638,0.48,0.651,0.49,0.478,0.608,1.0,0.656,0.654,0.587,0.643,0.662,0.676,0.755,0.75,0.763,0.669,0.482,0.53,0.506,0.465,0.693,0.0,0.671,0.691,0.489,0.593,0.658,0.473,0.651,0.468,0.7,0.656,0.47,0.476,0.461,0.717,0.716,0.495,0.523
0.541,0.649,0.417,0.458,0.704,0.651,0.648,0.462,0.53,0.441,0.705,0.458,0.717,0.458,0.451,0.633,0.656,1.0,0.768,0.64,0.761,0.764,0.769,0.643,0.637,0.644,0.739,0.446,0.522,0.518,0.45,0.738,0.0,0.722,0.605,0.48,0.642,0.715,0.462,0.729,0.449,0.656,0.73,0.448,0.45,0.464,0.66,0.662,0.446,0.528
0.535,0.647,0.422,0.482,0.72,0.668,0.623,0.486,0.524,0.479,0.726,0.466,0.758,0.482,0.462,0.636,0.654,0.768,1.0,0.621,0.756,0.786,0.767,0.668,0.663,0.667,0.757,0.479,0.53,0.526,0.459,0.735,0.0,0.748,0.638,0.483,0.619,0.738,0.466,0.749,0.456,0.666,0.745,0.463,0.462,0.477,0.655,0.655,0.49,0.524
0.557,0.581,0.403,0.462,0.593,0.59,0.98,0.472,0.532,0.456,0.58,0.464,0.578,0.473,0.454,0.943,0.587,0.64,0.621,1.0,0.638,0.623,0.643,0.583,0.587,0.586,0.609,0.459,0.52,0.509,0.459,0.606,0.0,0.591,0.552,0.484,0.988,0.6,0.47,0.588,0.464,0.572,0.605,0.457,0.458,0.473,0.576,0.579,0.465,0.536
0.525,0.637,0.413,0.466,0.714,0.63,0.643,0.47,0.521,0.452,0.69,0.467,0.727,0.456,0.45,0.623,0.643,0.761,0.756,0.638,1.0,0.757,0.78,0.642,0.631,0.643,0.762,0.459,0.515,0.515,0.452,0.76,0.0,0.734,0.601,0.472,0.637,0.741,0.455,0.738,0.457,0.638,0.748,0.457,0.454,0.468,0.655,0.657,0.462,0.523
0.533,0.646,0.431,0.474,0.725,0.67,0.625,0.467,0.526,0.487,0.739,0.464,0.806,0.473,0.466,0.644,0.662,0.764,0.786,0.623,0.757,1.0,0.915,0.678,0.667,0.669,0.779,0.478,0.529,0.52,0.456,0.743,0.0,0.869,0.636,0.471,0.622,0.747,0.461,0.777,0.458,0.656,0.755,0.456,0.455,0.472,0.651,0.65,0.497,0.521
0.548,0.657,0.429,0.487,0.73,0.668,0.65,0.48,0.533,0.47,0.712,0.477,0.782,0.481,0.477,0.652,0.676,0.769,0.767,0.643,0.78,0.915,1.0,0.656,0.659,0.656,0.791,0.48,0.543,0.524,0.466,0.76,0.0,0.85,0.621,0.485,0.645,0.76,0.472,0.749,0.473,0.654,0.762,0.47,0.468,0.479,0.651,0.651,0.491,0.531
0.544,0.782,0.415,0.484,0.674,0.804,0.593,0.484,0.518,0.499,0.7,0.49,0.7,0.481,0.469,0.603,0.755,0.643,0.668,0.583,0.642,0.678,0.656,1.0,0.833,0.783,0.671,0.485,0.532,0.522,0.465,0.666,0.0,0.664,0.81,0.472,0.588,0.658,0.467,0.671,0.472,0.723,0.659,0.468,0.469,0.468,0.715,0.715,0.503,0.524
0.537,0.793,0.413,0.491,0.671,0.813,0.588,0.474,0.509,0.49,0.66,0.478,0.666,0.484,0.465,0.598,0.75,0.637,0.663,0.587,0.631,0.667,0.659,0.833,1.0,0.776,0.661,0.483,0.529,0.5,0.464,0.666,0.0,0.654,0.792,0.472,0.587,0.66,0.468,0.659,0.472,0.716,0.655,0.469,0.466,0.47,0.714,0.714,0.503,0.519
0.525,0.717,0.407,0.471,0.675,0.735,0.593,0.465,0.502,0.481,0.686,0.473,0.674,0.476,0.454,0.601,0.763,0.644,0.667,0.586,0.643,0.669,0.656,0.783,0.776,1.0,0.667,0.471,0.512,0.5,0.446,0.657,0.0,0.655,0.723,0.469,0.588,0.655,0.454,0.678,0.45,0.697,0.648,0.46,0.456,0.463,0.705,0.704,0.499,0.506
0.548,0.659,0.429,0.479,0.742,0.664,0.614,0.477,0.538,0.494,0.735,0.471,0.791,0.487,0.475,0.624,0.669,0.739,0.757,0.609,0.762,0.779,0.791,0.671,0.661,0.667,1.0,0.477,0.54,0.525,0.472,0.757,0.0,0.773,0.622,0.47,0.612,0.829,0.46,0.79,0.474,0.661,0.837,0.464,0.462,0.477,0.647,0.646,0.498,0.526
0.489,0.494,0.389,0.793,0.491,0.494,0.464,0.899,0.48,0.746,0.468,0.74,0.474,0.785,0.754,0.473,0.482,0.446,0.479,0.459,0.459,0.478,0.48,0.485,0.483,0.471,0.477,1.0,0.523,0.48,0.747,0.477,0.0,0.471,0.447,0.662,0.462,0.493,0.689,0.465,0.769,0.47,0.474,0.947,0.929,0.476,0.468,0.468,0.705,0.52
0.584,0.54,0.458,0.518,0.547,0.551,0.525,0.526,0.57,0.515,0.529,0.517,0.53,0.526,0.52,0.533,0.53,0.522,0.53,0.52,0.515,0.529,0.543,0.532,0.529,0.512,0.54,0.523,1.0,0.544,0.505,0.532,0.0,0.535,0.48,0.521,0.523,0.539,0.501,0.529,0.509,0.517,0.529,0.505,0.509,0.59,0.514,0.514,0.52,0.831
0.634,0.523,0.453,0.482,0.529,0.512,0.513,0.482,0.655,0.479,0.516,0.487,0.521,0.477,0.474,0.517,0.506,0.518,0.526,0.509,0.515,0.52,0.524,0.522,0.5,0.5,0.525,0.48,0.544,1.0,0.476,0.531,0.0,0.512,0.476,0.492,0.512,0.518,0.475,0.539,0.488,0.513,0.533,0.469,0.467,0.529,0.517,0.519,0.481,0.557
0.478,0.475,0.369,0.752,0.474,0.472,0.461,0.736,0.48,0.751,0.457,0.708,0.455,0.745,0.742,0.464,0.465,0.45,0.459,0.459,0.452,0.456,0.466,0.465,0.464,0.446,0.472,0.747,0.505,0.476,1.0,0.469,0.0,0.451,0.433,0.638,0.461,0.473,0.688,0.459,0.904,0.457,0.468,0.74,0.736,0.475,0.45,0.452,0.677,0.505
0.549,0.675,0.437,0.484,0.731,0.663,0.61,0.481,0.537,0.464,0.707,0.485,0.736,0.476,0.476,0.6,0.693,0.738,0.735,0.606,0.76,0.743,0.76,0.666,0.666,0.657,0.757,0.477,0.532,0.531,0.469,1.0,0.0,0.736,0.613,0.47,0.605,0.763,0.481,0.754,0.472,0.674,0.761,0.471,0.473,0.479,0.694,0.697,0.475,0.525
0.0,0.0,0.0,0.0,0.0,0.0,0.0,0.0,0.0,0.0,0.0,0.0,0.0,0.0,0.0,0.0,0.0,0.0,0.0,0.0,0.0,0.0,0.0,0.0,0.0,0.0,0.0,0.0,0.0,0.0,0.0,0.0,1.0,0.0,0.0,0.0,0.0,0.0,0.0,0.0,0.0,0.0,0.0,0.0,0.0,0.0,0.0,0.0,0.0,0.0
0.533,0.642,0.428,0.467,0.724,0.675,0.596,0.465,0.518,0.473,0.715,0.454,0.787,0.468,0.459,0.61,0.671,0.722,0.748,0.591,0.734,0.869,0.85,0.664,0.654,0.655,0.773,0.471,0.535,0.512,0.451,0.736,0.0,1.0,0.623,0.486,0.594,0.745,0.474,0.758,0.453,0.648,0.759,0.451,0.458,0.467,0.641,0.641,0.491,0.529
0.497,0.726,0.377,0.452,0.63,0.766,0.558,0.444,0.475,0.459,0.673,0.448,0.656,0.454,0.439,0.567,0.691,0.605,0.638,0.552,0.601,0.636,0.621,0.81,0.792,0.723,0.622,0.447,0.48,0.476,0.433,0.613,0.0,0.623,1.0,0.44,0.553,0.622,0.438,0.634,0.438,0.667,0.625,0.428,0.428,0.435,0.669,0.669,0.463,0.483
0.498,0.478,0.383,0.66,0.483,0.485,0.492,0.657,0.49,0.661,0.471,0.669,0.456,0.652,0.668,0.493,0.489,0.48,0.483,0.484,0.472,0.471,0.485,0.472,0.472,0.469,0.47,0.662,0.521,0.492,0.638,0.47,0.0,0.486,0.44,1.0,0.489,0.466,0.667,0.467,0.65,0.464,0.471,0.651,0.657,0.468,0.46,0.461,0.645,0.52
0.56,0.584,0.404,0.465,0.593,0.594,0.987,0.475,0.534,0.459,0.581,0.468,0.579,0.476,0.457,0.946,0.593,0.642,0.619,0.988,0.637,0.622,0.645,0.588,0.587,0.588,0.612,0.462,0.523,0.512,0.461,0.605,0.0,0.594,0.553,0.489,1.0,0.601,0.471,0.589,0.467,0.573,0.606,0.46,0.461,0.473,0.576,0.579,0.467,0.535
0.553,0.682,0.426,0.493,0.744,0.677,0.603,0.495,0.525,0.485,0.72,0.484,0.752,0.496,0.49,0.612,0.658,0.715,0.738,0.6,0.741,0.747,0.76,0.658,0.66,0.655,0.829,0.493,0.539,0.518,0.473,0.763,0.0,0.745,0.622,0.466,0.601,1.0,0.479,0.761,0.481,0.675,0.857,0.474,0.463,0.486,0.674,0.673,0.5,0.53
0.474,0.478,0.381,0.695,0.475,0.493,0.472,0.692,0.48,0.704,0.462,0.691,0.452,0.695,0.696,0.471,0.473,0.462,0.466,0.47,0.455,0.461,0.472,0.467,0.468,0.454,0.46,0.689,0.501,0.475,0.688,0.481,0.0,0.474,0.438,0.667,0.471,0.479,1.0,0.469,0.697,0.467,0.472,0.693,0.702,0.489,0.474,0.477,0.657,0.512
0.539,0.64,0.423,0.468,0.743,0.654,0.591,0.473,0.519,0.491,0.764,0.472,0.802,0.468,0.464,0.605,0.651,0.729,0.749,0.588,0.738,0.777,0.749,0.671,0.659,0.678,0.79,0.465,0.529,0.539,0.459,0.754,0.0,0.758,0.634,0.467,0.589,0.761,0.469,1.0,0.458,0.663,0.774,0.446,0.452,0.483,0.667,0.665,0.488,0.525
0.49,0.486,0.376,0.771,0.482,0.479,0.467,0.741,0.485,0.754,0.46,0.734,0.455,0.765,0.758,0.466,0.468,0.449,0.456,0.464,0.457,0.458,0.473,0.472,0.472,0.45,0.474,0.769,0.509,0.488,0.904,0.472,0.0,0.453,0.438,0.65,0.467,0.481,0.697,0.458,1.0,0.464,0.468,0.761,0.755,0.484,0.453,0.456,0.683,0.514
0.519,0.693,0.414,0.474,0.69,0.727,0.576,0.462,0.514,0.469,0.666,0.457,0.665,0.475,0.46,0.594,0.7,0.656,0.666,0.572,0.638,0.656,0.654,0.723,0.716,0.697,0.661,0.47,0.517,0.513,0.457,0.674,0.0,0.648,0.667,0.464,0.573,0.675,0.467,0.663,0.464,1.0,0.681,0.447,0.443,0.455,0.744,0.743,0.48,0.504
0.542,0.662,0.429,0.483,0.742,0.66,0.609,0.476,0.537,0.472,0.726,0.48,0.759,0.479,0.478,0.619,0.656,0.73,0.745,0.605,0.748,0.755,0.762,0.659,0.655,0.648,0.837,0.474,0.529,0.533,0.468,0.761,0.0,0.759,0.625,0.471,0.606,0.857,0.472,0.774,0.468,0.681,1.0,0.455,0.457,0.489,0.664,0.665,0.488,0.529
0.482,0.495,0.375,0.766,0.467,0.471,0.464,0.897,0.469,0.712,0.446,0.733,0.452,0.754,0.731,0.456,0.47,0.448,0.463,0.457,0.457,0.456,0.47,0.468,0.469,0.46,0.464,0.947,0.505,0.469,0.74,0.471,0.0,0.451,0.428,0.651,0.46,0.474,0.693,0.446,0.761,0.447,0.455,1.0,0.964,0.479,0.456,0.459,0.684,0.513
0.489,0.492,0.372,0.756,0.468,0.471,0.465,0.884,0.469,0.721,0.446,0.732,0.451,0.748,0.726,0.46,0.476,0.45,0.462,0.458,0.454,0.455,0.468,0.469,0.466,0.456,0.462,0.929,0.509,0.467,0.736,0.473,0.0,0.458,0.428,0.657,0.461,0.463,0.702,0.452,0.755,0.443,0.457,0.964,1.0,0.48,0.463,0.466,0.678,0.513
0.527,0.491,0.4,0.473,0.471,0.474,0.473,0.479,0.519,0.466,0.46,0.49,0.464,0.481,0.487,0.473,0.461,0.464,0.477,0.473,0.468,0.472,0.479,0.468,0.47,0.463,0.477,0.476,0.59,0.529,0.475,0.479,0.0,0.467,0.435,0.468,0.473,0.486,0.489,0.483,0.484,0.455,0.489,0.479,0.48,1.0,0.493,0.496,0.485,0.656
0.53,0.721,0.426,0.466,0.681,0.727,0.579,0.464,0.512,0.458,0.647,0.468,0.651,0.458,0.466,0.581,0.717,0.66,0.655,0.576,0.655,0.651,0.651,0.715,0.714,0.705,0.647,0.468,0.514,0.517,0.45,0.694,0.0,0.641,0.669,0.46,0.576,0.674,0.474,0.667,0.453,0.744,0.664,0.456,0.463,0.493,1.0,0.995,0.469,0.535
0.531,0.72,0.425,0.467,0.682,0.726,0.582,0.466,0.514,0.457,0.646,0.47,0.65,0.459,0.467,0.583,0.716,0.662,0.655,0.579,0.657,0.65,0.651,0.715,0.714,0.704,0.646,0.468,0.514,0.519,0.452,0.697,0.0,0.641,0.669,0.461,0.579,0.673,0.477,0.665,0.456,0.743,0.665,0.459,0.466,0.496,0.995,1.0,0.469,0.538
0.486,0.496,0.396,0.705,0.499,0.512,0.467,0.675,0.485,0.715,0.489,0.674,0.497,0.704,0.693,0.488,0.495,0.446,0.49,0.465,0.462,0.497,0.491,0.503,0.503,0.499,0.498,0.705,0.52,0.481,0.677,0.475,0.0,0.491,0.463,0.645,0.467,0.5,0.657,0.488,0.683,0.48,0.488,0.684,0.678,0.485,0.469,0.469,1.0,0.517
0.585,0.54,0.456,0.524,0.516,0.542,0.536,0.528,0.578,0.504,0.513,0.525,0.518,0.518,0.525,0.533,0.523,0.528,0.524,0.536,0.523,0.521,0.531,0.524,0.519,0.506,0.526,0.52,0.831,0.557,0.505,0.525,0.0,0.529,0.483,0.52,0.535,0.53,0.512,0.525,0.514,0.504,0.529,0.513,0.513,0.656,0.535,0.538,0.517,1.0
