GCF_000163235.1_ASM16323v1_genomic.fna,GCF_000164555.1_ASM16455v1_genomic.fna,GCF_000208545.1_ASM20854v2_genomic.fna,GCF_000233875.1_ASM23387v1_genomic.fna,GCF_000249735.1_ASM24973v2_genomic.fna,GCF_000261145.1_Esch_coli_M919_V2_genomic.fna,GCF_000267705.2_ASM26770v2_genomic.fna,GCF_000350665.1_Esch_coli_KTE5_V1_genomic.fna,GCF_000351625.1_Esch_coli_KTE66_V1_genomic.fna,GCF_000352285.1_Esch_coli_KTE46_V1_genomic.fna,GCF_000358895.1_ASM35889v1_genomic.fna,GCF_000456385.1_Esch_coli_HVH_26_4-5703913_V1_genomic.fna,GCF_000458195.1_Esch_coli_HVH_147_4-5893887_V1_genomic.fna,GCF_000459755.1_Esch_coli_KOEGE_58_171a_V1_genomic.fna,GCF_000460055.1_Esch_coli_UMEA_3053-1_V1_genomic.fna,GCF_000462165.2_ASM46216v2_genomic.fna,GCF_000601135.1_ASM60113v1_genomic.fna,GCF_000614595.1_Ec2010EL1058_genomic.fna,GCF_000617745.1_Ec2010C-4529_genomic.fna,GCF_000618265.2_EcF6751_genomic.fna,GCF_000619005.2_Ec2009C-4052_genomic.fna,GCF_000619105.1_Ec2009C-4780_genomic.fna,GCF_000619765.2_Ec2009C-3279_genomic.fna,GCF_000687005.1_ASM68700v1_genomic.fna,GCF_000687025.1_ASM68702v1_genomic.fna,GCF_000700125.1_ASM70012v1_genomic.fna,GCF_000753315.1_FHI35_genomic.fna,GCF_000776375.1_ASM77637v1_genomic.fna,GCF_000779395.1_ASM77939v1_genomic.fna,GCF_000780315.1_ASM78031v1_genomic.fna,GCF_000781995.1_ASM78199v1_genomic.fna,GCF_000986765.1_ASM98676v1_genomic.fna,GCF_001041375.1_ViralProj287958_genomic.fna,GCF_001265335.1_302014_genomic.fna,GCF_001265625.1_100854_genomic.fna,GCF_001267345.1_303289_genomic.fna,GCF_001309985.1_ASM130998v1_genomic.fna,GCF_001521695.1_ASM152169v1_genomic.fna,GCF_001592595.1_ASM159259v1_genomic.fna,GCF_001614975.1_ASM161497v1_genomic.fna,GCF_001692775.1_ASM169277v1_genomic.fna,GCF_001748915.1_ASM174891v1_genomic.fna,GCF_001749235.1_ASM174923v1_genomic.fna,GCF_001881155.1_ASM188115v1_genomic.fna,GCF_001881345.1_ASM188134v1_genomic.fna,GCF_001892405.1_ASM189240v1_genomic.fna,GCF_001892585.1_ASM189258v1_genomic.fna,GCF_001893985.1_ASM189398v1_genomic.fna,GCF_002001595.1_ASM200159v1_genomic.fna,GCF_002002145.1_ASM200214v1_genomic.fna
1.0,0.489,0.406,0.418,0.456,0.456,0.447,0.425,0.587,0.427,0.445,0.41,0.472,0.426,0.384,0.444,0.458,0.454,0.454,0.444,0.444,0.456,0.472,0.467,0.446,0.454,0.464,0.416,0.502,0.593,0.405,0.466,0.0,0.457,0.418,0.405,0.446,0.481,0.408,0.458,0.408,0.436,0.473,0.421,0.433,0.467,0.451,0.453,0.399,0.517
0.489,1.0,0.364,0.424,0.621,0.772,0.541,0.416,0.475,0.423,0.594,0.422,0.617,0.414,0.391,0.539,0.7,0.589,0.587,0.539,0.585,0.599,0.614,0.796,0.789,0.702,0.608,0.415,0.454,0.477,0.411,0.623,0.0,0.598,0.728,0.403,0.538,0.632,0.415,0.61,0.417,0.686,0.607,0.433,0.425,0.413,0.688,0.689,0.428,0.45
0.406,0.364,1.0,0.329,0.348,0.351,0.343,0.334,0.399,0.327,0.349,0.322,0.367,0.332,0.314,0.346,0.354,0.342,0.339,0.342,0.347,0.34,0.351,0.355,0.342,0.342,0.357,0.325,0.359,0.388,0.318,0.344,0.0,0.353,0.318,0.334,0.343,0.374,0.341,0.355,0.326,0.354,0.373,0.333,0.327,0.349,0.356,0.357,0.326,0.376
0.418,0.424,0.329,1.0,0.414,0.408,0.405,0.681,0.423,0.731,0.412,0.73,0.433,0.785,0.777,0.414,0.413,0.41,0.401,0.401,0.386,0.423,0.423,0.423,0.424,0.422,0.414,0.753,0.475,0.417,0.709,0.429,0.0,0.411,0.393,0.632,0.4,0.395,0.668,0.422,0.734,0.385,0.408,0.729,0.732,0.446,0.406,0.407,0.668,0.484
0.456,0.621,0.348,0.414,1.0,0.647,0.533,0.415,0.472,0.413,0.765,0.401,0.711,0.416,0.394,0.538,0.629,0.672,0.669,0.528,0.683,0.675,0.688,0.634,0.62,0.63,0.707,0.405,0.469,0.472,0.395,0.692,0.0,0.683,0.593,0.407,0.53,0.69,0.413,0.713,0.41,0.636,0.718,0.412,0.417,0.419,0.657,0.66,0.413,0.459
0.456,0.772,0.351,0.408,0.647,1.0,0.551,0.412,0.479,0.411,0.607,0.399,0.631,0.407,0.384,0.556,0.704,0.615,0.608,0.544,0.585,0.617,0.632,0.796,0.804,0.702,0.627,0.397,0.456,0.467,0.398,0.639,0.0,0.629,0.755,0.409,0.547,0.62,0.436,0.636,0.409,0.691,0.638,0.411,0.407,0.412,0.714,0.716,0.415,0.466
0.447,0.541,0.343,0.405,0.533,0.551,1.0,0.397,0.47,0.393,0.524,0.381,0.538,0.405,0.375,0.952,0.54,0.558,0.553,0.986,0.556,0.556,0.569,0.546,0.537,0.542,0.532,0.386,0.43,0.451,0.396,0.542,0.0,0.541,0.513,0.409,0.986,0.511,0.416,0.531,0.398,0.529,0.534,0.394,0.396,0.399,0.523,0.524,0.394,0.445
0.425,0.416,0.334,0.681,0.415,0.412,0.397,1.0,0.419,0.673,0.395,0.686,0.42,0.687,0.66,0.398,0.407,0.389,0.398,0.394,0.387,0.397,0.405,0.43,0.398,0.413,0.404,0.869,0.459,0.417,0.683,0.407,0.0,0.4,0.375,0.595,0.393,0.425,0.649,0.415,0.686,0.395,0.406,0.882,0.865,0.435,0.395,0.397,0.638,0.46
0.587,0.475,0.399,0.423,0.472,0.479,0.47,0.419,1.0,0.426,0.459,0.405,0.486,0.428,0.403,0.469,0.461,0.463,0.457,0.465,0.453,0.463,0.472,0.486,0.464,0.471,0.473,0.412,0.493,0.605,0.414,0.476,0.0,0.463,0.436,0.429,0.467,0.448,0.419,0.481,0.416,0.456,0.474,0.418,0.418,0.465,0.474,0.475,0.411,0.514
0.427,0.423,0.327,0.731,0.413,0.411,0.393,0.673,0.426,1.0,0.421,0.681,0.438,0.725,0.706,0.406,0.408,0.411,0.4,0.388,0.379,0.412,0.409,0.419,0.417,0.417,0.418,0.709,0.478,0.413,0.711,0.42,0.0,0.396,0.399,0.619,0.389,0.398,0.658,0.424,0.707,0.391,0.399,0.686,0.699,0.425,0.401,0.402,0.665,0.474
0.445,0.594,0.349,0.412,0.765,0.607,0.524,0.395,0.459,0.421,1.0,0.38,0.737,0.416,0.389,0.539,0.597,0.678,0.669,0.518,0.67,0.69,0.682,0.63,0.603,0.625,0.687,0.407,0.463,0.455,0.378,0.674,0.0,0.665,0.622,0.409,0.519,0.658,0.401,0.711,0.382,0.613,0.696,0.394,0.399,0.402,0.616,0.617,0.402,0.461
0.41,0.422,0.322,0.73,0.401,0.399,0.381,0.686,0.405,0.681,0.38,1.0,0.411,0.713,0.837,0.391,0.402,0.384,0.384,0.378,0.387,0.397,0.405,0.411,0.411,0.411,0.393,0.698,0.463,0.409,0.662,0.407,0.0,0.401,0.379,0.593,0.378,0.399,0.65,0.402,0.691,0.39,0.399,0.698,0.698,0.42,0.388,0.39,0.644,0.459
0.472,0.617,0.367,0.433,0.711,0.631,0.538,0.42,0.486,0.438,0.737,0.411,1.0,0.43,0.419,0.553,0.618,0.733,0.726,0.531,0.73,0.807,0.805,0.651,0.626,0.63,0.77,0.432,0.486,0.48,0.404,0.74,0.0,0.784,0.61,0.43,0.534,0.729,0.419,0.778,0.409,0.631,0.762,0.419,0.42,0.418,0.65,0.652,0.423,0.484
0.426,0.414,0.332,0.785,0.416,0.407,0.405,0.687,0.428,0.725,0.416,0.713,0.43,1.0,0.759,0.411,0.408,0.411,0.405,0.401,0.392,0.42,0.419,0.408,0.414,0.419,0.422,0.747,0.491,0.424,0.699,0.42,0.0,0.406,0.379,0.63,0.399,0.403,0.662,0.419,0.719,0.384,0.409,0.726,0.728,0.446,0.406,0.406,0.664,0.493
0.384,0.391,0.314,0.777,0.394,0.384,0.375,0.66,0.403,0.706,0.389,0.837,0.419,0.759,1.0,0.385,0.392,0.39,0.383,0.372,0.373,0.408,0.407,0.39,0.399,0.402,0.402,0.715,0.451,0.4,0.693,0.402,0.0,0.394,0.371,0.608,0.371,0.381,0.65,0.407,0.708,0.372,0.388,0.691,0.693,0.417,0.392,0.393,0.655,0.468
0.444,0.539,0.346,0.414,0.538,0.556,0.952,0.398,0.469,0.406,0.539,0.391,0.553,0.411,0.385,1.0,0.541,0.56,0.566,0.946,0.54,0.571,0.572,0.559,0.545,0.548,0.545,0.397,0.441,0.453,0.394,0.545,0.0,0.548,0.519,0.412,0.95,0.512,0.414,0.544,0.4,0.525,0.538,0.394,0.397,0.399,0.526,0.528,0.404,0.456
0.458,0.7,0.354,0.413,0.629,0.704,0.54,0.407,0.461,0.408,0.597,0.402,0.618,0.408,0.392,0.541,1.0,0.594,0.599,0.533,0.576,0.606,0.617,0.733,0.716,0.749,0.596,0.404,0.444,0.453,0.396,0.646,0.0,0.614,0.67,0.409,0.532,0.576,0.42,0.608,0.399,0.66,0.612,0.409,0.416,0.394,0.692,0.692,0.405,0.439
0.454,0.589,0.342,0.41,0.672,0.615,0.558,0.389,0.463,0.411,0.678,0.384,0.733,0.411,0.39,0.56,0.594,1.0,0.746,0.553,0.706,0.73,0.729,0.631,0.612,0.615,0.717,0.398,0.441,0.461,0.388,0.7,0.0,0.692,0.591,0.423,0.553,0.658,0.413,0.71,0.39,0.606,0.708,0.393,0.398,0.393,0.631,0.633,0.399,0.448
0.454,0.587,0.339,0.401,0.669,0.608,0.553,0.398,0.457,0.4,0.669,0.384,0.726,0.405,0.383,0.566,0.599,0.746,1.0,0.548,0.715,0.735,0.718,0.621,0.597,0.605,0.719,0.401,0.436,0.456,0.38,0.697,0.0,0.687,0.583,0.42,0.551,0.664,0.412,0.722,0.384,0.599,0.7,0.395,0.398,0.396,0.622,0.624,0.402,0.448
0.444,0.539,0.342,0.401,0.528,0.544,0.986,0.394,0.465,0.388,0.518,0.378,0.531,0.401,0.372,0.946,0.533,0.553,0.548,1.0,0.554,0.553,0.565,0.539,0.533,0.535,0.528,0.383,0.427,0.45,0.394,0.535,0.0,0.536,0.508,0.405,0.99,0.509,0.412,0.523,0.396,0.526,0.529,0.391,0.393,0.398,0.517,0.518,0.391,0.441
0.444,0.585,0.347,0.386,0.683,0.585,0.556,0.387,0.453,0.379,0.67,0.387,0.73,0.392,0.373,0.54,0.576,0.706,0.715,0.554,1.0,0.732,0.75,0.586,0.571,0.59,0.704,0.38,0.413,0.462,0.384,0.699,0.0,0.714,0.553,0.415,0.553,0.697,0.408,0.711,0.392,0.598,0.708,0.388,0.39,0.397,0.609,0.611,0.39,0.436
0.456,0.599,0.34,0.423,0.675,0.617,0.556,0.397,0.463,0.412,0.69,0.397,0.807,0.42,0.408,0.571,0.606,0.73,0.735,0.553,0.732,1.0,0.93,0.635,0.611,0.615,0.747,0.406,0.446,0.46,0.395,0.717,0.0,0.869,0.599,0.418,0.554,0.694,0.411,0.754,0.398,0.609,0.737,0.4,0.399,0.402,0.618,0.621,0.416,0.455
0.472,0.614,0.351,0.423,0.688,0.632,0.569,0.405,0.472,0.409,0.682,0.405,0.805,0.419,0.407,0.572,0.617,0.729,0.718,0.565,0.75,0.93,1.0,0.638,0.613,0.616,0.757,0.407,0.452,0.463,0.403,0.732,0.0,0.877,0.596,0.423,0.565,0.708,0.42,0.745,0.41,0.624,0.742,0.408,0.408,0.404,0.63,0.633,0.418,0.454
0.467,0.796,0.355,0.423,0.634,0.796,0.546,0.43,0.486,0.419,0.63,0.411,0.651,0.408,0.39,0.559,0.733,0.631,0.621,0.539,0.586,0.635,0.638,1.0,0.825,0.737,0.625,0.414,0.464,0.471,0.401,0.642,0.0,0.632,0.783,0.42,0.541,0.603,0.414,0.649,0.408,0.69,0.628,0.406,0.413,0.408,0.704,0.705,0.413,0.461
0.446,0.789,0.342,0.424,0.62,0.804,0.537,0.398,0.464,0.417,0.603,0.411,0.626,0.414,0.399,0.545,0.716,0.612,0.597,0.533,0.571,0.611,0.613,0.825,1.0,0.743,0.615,0.407,0.449,0.451,0.393,0.633,0.0,0.608,0.781,0.404,0.533,0.591,0.415,0.624,0.401,0.674,0.612,0.412,0.41,0.393,0.689,0.69,0.417,0.45
0.454,0.702,0.342,0.422,0.63,0.702,0.542,0.413,0.471,0.417,0.625,0.411,0.63,0.419,0.402,0.548,0.749,0.615,0.605,0.535,0.59,0.615,0.616,0.737,0.743,1.0,0.608,0.411,0.448,0.463,0.396,0.629,0.0,0.604,0.69,0.406,0.537,0.586,0.412,0.646,0.401,0.665,0.606,0.416,0.414,0.395,0.706,0.708,0.422,0.452
0.464,0.608,0.357,0.414,0.707,0.627,0.532,0.404,0.473,0.418,0.687,0.393,0.77,0.422,0.402,0.545,0.596,0.717,0.719,0.528,0.704,0.747,0.757,0.625,0.615,0.608,1.0,0.402,0.456,0.469,0.402,0.734,0.0,0.733,0.582,0.417,0.529,0.795,0.415,0.755,0.406,0.613,0.832,0.402,0.398,0.412,0.623,0.625,0.405,0.458
0.416,0.415,0.325,0.753,0.405,0.397,0.386,0.869,0.412,0.709,0.407,0.698,0.432,0.747,0.715,0.397,0.404,0.398,0.401,0.383,0.38,0.406,0.407,0.414,0.407,0.411,0.402,1.0,0.475,0.41,0.681,0.412,0.0,0.399,0.378,0.617,0.381,0.405,0.643,0.418,0.701,0.385,0.396,0.948,0.932,0.425,0.397,0.398,0.65,0.469
0.502,0.454,0.359,0.475,0.469,0.456,0.43,0.459,0.493,0.478,0.463,0.463,0.486,0.491,0.451,0.441,0.444,0.441,0.436,0.427,0.413,0.446,0.452,0.464,0.449,0.448,0.456,0.475,1.0,0.484,0.436,0.447,0.0,0.447,0.434,0.466,0.425,0.434,0.452,0.461,0.438,0.435,0.447,0.455,0.459,0.556,0.437,0.439,0.455,0.823
0.593,0.477,0.388,0.417,0.472,0.467,0.451,0.417,0.605,0.413,0.455,0.409,0.48,0.424,0.4,0.453,0.453,0.461,0.456,0.45,0.462,0.46,0.463,0.471,0.451,0.463,0.469,0.41,0.484,1.0,0.417,0.46,0.0,0.453,0.421,0.412,0.45,0.47,0.415,0.489,0.429,0.448,0.479,0.417,0.419,0.485,0.473,0.475,0.402,0.508
0.405,0.411,0.318,0.709,0.395,0.398,0.396,0.683,0.414,0.711,0.378,0.662,0.404,0.699,0.693,0.394,0.396,0.388,0.38,0.394,0.384,0.395,0.403,0.401,0.393,0.396,0.402,0.681,0.436,0.417,1.0,0.404,0.0,0.389,0.367,0.596,0.395,0.39,0.654,0.406,0.891,0.383,0.388,0.684,0.685,0.417,0.392,0.393,0.645,0.444
0.466,0.623,0.344,0.429,0.692,0.639,0.542,0.407,0.476,0.42,0.674,0.407,0.74,0.42,0.402,0.545,0.646,0.7,0.697,0.535,0.699,0.717,0.732,0.642,0.633,0.629,0.734,0.412,0.447,0.46,0.404,1.0,0.0,0.719,0.586,0.419,0.537,0.713,0.436,0.735,0.402,0.632,0.748,0.414,0.418,0.406,0.649,0.652,0.424,0.449
0.0,0.0,0.0,0.0,0.0,0.0,0.0,0.0,0.0,0.0,0.0,0.0,0.0,0.0,0.0,0.0,0.0,0.0,0.0,0.0,0.0,0.0,0.0,0.0,0.0,0.0,0.0,0.0,0.0,0.0,0.0,0.0,1.0,0.0,0.0,0.0,0.0,0.0,0.0,0.0,0.0,0.0,0.0,0.0,0.0,0.0,0.0,0.0,0.0,0.0
0.457,0.598,0.353,0.411,0.683,0.629,0.541,0.4,0.463,0.396,0.665,0.401,0.784,0.406,0.394,0.548,0.614,0.692,0.687,0.536,0.714,0.869,0.877,0.632,0.608,0.604,0.733,0.399,0.447,0.453,0.389,0.719,0.0,1.0,0.59,0.42,0.537,0.694,0.426,0.725,0.389,0.608,0.745,0.397,0.402,0.397,0.62,0.622,0.407,0.452
0.418,0.728,0.318,0.393,0.593,0.755,0.513,0.375,0.436,0.399,0.622,0.379,0.61,0.379,0.371,0.519,0.67,0.591,0.583,0.508,0.553,0.599,0.596,0.783,0.781,0.69,0.582,0.378,0.434,0.421,0.367,0.586,0.0,0.59,1.0,0.381,0.509,0.546,0.386,0.605,0.372,0.638,0.582,0.37,0.379,0.369,0.65,0.651,0.374,0.425
0.405,0.403,0.334,0.632,0.407,0.409,0.409,0.595,0.429,0.619,0.409,0.593,0.43,0.63,0.608,0.412,0.409,0.423,0.42,0.405,0.415,0.418,0.423,0.42,0.404,0.406,0.417,0.617,0.466,0.412,0.596,0.419,0.0,0.42,0.381,1.0,0.403,0.391,0.629,0.426,0.603,0.392,0.399,0.607,0.609,0.43,0.394,0.396,0.606,0.479
0.446,0.538,0.343,0.4,0.53,0.547,0.986,0.393,0.467,0.389,0.519,0.378,0.534,0.399,0.371,0.95,0.532,0.553,0.551,0.99,0.553,0.554,0.565,0.541,0.533,0.537,0.529,0.381,0.425,0.45,0.395,0.537,0.0,0.537,0.509,0.403,1.0,0.511,0.411,0.526,0.397,0.527,0.53,0.39,0.392,0.398,0.52,0.521,0.391,0.44
0.481,0.632,0.374,0.395,0.69,0.62,0.511,0.425,0.448,0.398,0.658,0.399,0.729,0.403,0.381,0.512,0.576,0.658,0.664,0.509,0.697,0.694,0.708,0.603,0.591,0.586,0.795,0.405,0.434,0.47,0.39,0.713,0.0,0.694,0.546,0.391,0.511,1.0,0.419,0.706,0.401,0.635,0.826,0.413,0.396,0.419,0.636,0.638,0.401,0.433
0.408,0.415,0.341,0.668,0.413,0.436,0.416,0.649,0.419,0.658,0.401,0.65,0.419,0.662,0.65,0.414,0.42,0.413,0.412,0.412,0.408,0.411,0.42,0.414,0.415,0.412,0.415,0.643,0.452,0.415,0.654,0.436,0.0,0.426,0.386,0.629,0.411,0.419,1.0,0.431,0.657,0.409,0.417,0.652,0.657,0.433,0.423,0.423,0.624,0.457
0.458,0.61,0.355,0.422,0.713,0.636,0.531,0.415,0.481,0.424,0.711,0.402,0.778,0.419,0.407,0.544,0.608,0.71,0.722,0.523,0.711,0.754,0.745,0.649,0.624,0.646,0.755,0.418,0.461,0.489,0.406,0.735,0.0,0.725,0.605,0.426,0.526,0.706,0.431,1.0,0.409,0.618,0.753,0.411,0.416,0.426,0.66,0.662,0.413,0.48
0.408,0.417,0.326,0.734,0.41,0.409,0.398,0.686,0.416,0.707,0.382,0.691,0.409,0.719,0.708,0.4,0.399,0.39,0.384,0.396,0.392,0.398,0.41,0.408,0.401,0.401,0.406,0.701,0.438,0.429,0.891,0.402,0.0,0.389,0.372,0.603,0.397,0.401,0.657,0.409,1.0,0.394,0.388,0.711,0.708,0.426,0.397,0.398,0.648,0.45
0.436,0.686,0.354,0.385,0.636,0.691,0.529,0.395,0.456,0.391,0.613,0.39,0.631,0.384,0.372,0.525,0.66,0.606,0.599,0.526,0.598,0.609,0.624,0.69,0.674,0.665,0.613,0.385,0.435,0.448,0.383,0.632,0.0,0.608,0.638,0.392,0.527,0.635,0.409,0.618,0.394,1.0,0.639,0.399,0.392,0.405,0.711,0.712,0.385,0.435
0.473,0.607,0.373,0.408,0.718,0.638,0.534,0.406,0.474,0.399,0.696,0.399,0.762,0.409,0.388,0.538,0.612,0.708,0.7,0.529,0.708,0.737,0.742,0.628,0.612,0.606,0.832,0.396,0.447,0.479,0.388,0.748,0.0,0.745,0.582,0.399,0.53,0.826,0.417,0.753,0.388,0.639,1.0,0.401,0.405,0.424,0.644,0.647,0.401,0.456
0.421,0.433,0.333,0.729,0.412,0.411,0.394,0.882,0.418,0.686,0.394,0.698,0.419,0.726,0.691,0.394,0.409,0.393,0.395,0.391,0.388,0.4,0.408,0.406,0.412,0.416,0.402,0.948,0.455,0.417,0.684,0.414,0.0,0.397,0.37,0.607,0.39,0.413,0.652,0.411,0.711,0.399,0.401,1.0,0.956,0.434,0.402,0.404,0.66,0.46
0.433,0.425,0.327,0.732,0.417,0.407,0.396,0.865,0.418,0.699,0.399,0.698,0.42,0.728,0.693,0.397,0.416,0.398,0.398,0.393,0.39,0.399,0.408,0.413,0.41,0.414,0.398,0.932,0.459,0.419,0.685,0.418,0.0,0.402,0.379,0.609,0.392,0.396,0.657,0.416,0.708,0.392,0.405,0.956,1.0,0.433,0.405,0.407,0.654,0.464
0.467,0.413,0.349,0.446,0.419,0.412,0.399,0.435,0.465,0.425,0.402,0.42,0.418,0.446,0.417,0.399,0.394,0.393,0.396,0.398,0.397,0.402,0.404,0.408,0.393,0.395,0.412,0.425,0.556,0.485,0.417,0.406,0.0,0.397,0.369,0.43,0.398,0.419,0.433,0.426,0.426,0.405,0.424,0.434,0.433,1.0,0.428,0.429,0.425,0.625
0.451,0.688,0.356,0.406,0.657,0.714,0.523,0.395,0.474,0.401,0.616,0.388,0.65,0.406,0.392,0.526,0.692,0.631,0.622,0.517,0.609,0.618,0.63,0.704,0.689,0.706,0.623,0.397,0.437,0.473,0.392,0.649,0.0,0.62,0.65,0.394,0.52,0.636,0.423,0.66,0.397,0.711,0.644,0.402,0.405,0.428,1.0,0.997,0.402,0.46
0.453,0.689,0.357,0.407,0.66,0.716,0.524,0.397,0.475,0.402,0.617,0.39,0.652,0.406,0.393,0.528,0.692,0.633,0.624,0.518,0.611,0.621,0.633,0.705,0.69,0.708,0.625,0.398,0.439,0.475,0.393,0.652,0.0,0.622,0.651,0.396,0.521,0.638,0.423,0.662,0.398,0.712,0.647,0.404,0.407,0.429,0.997,1.0,0.403,0.461
0.399,0.428,0.326,0.668,0.413,0.415,0.394,0.638,0.411,0.665,0.402,0.644,0.423,0.664,0.655,0.404,0.405,0.399,0.402,0.391,0.39,0.416,0.418,0.413,0.417,0.422,0.405,0.65,0.455,0.402,0.645,0.424,0.0,0.407,0.374,0.606,0.391,0.401,0.624,0.413,0.648,0.385,0.401,0.66,0.654,0.425,0.402,0.403,1.0,0.464
0.517,0.45,0.376,0.484,0.459,0.466,0.445,0.46,0.514,0.474,0.461,0.459,0.484,0.493,0.468,0.456,0.439,0.448,0.448,0.441,0.436,0.455,0.454,0.461,0.45,0.452,0.458,0.469,0.823,0.508,0.444,0.449,0.0,0.452,0.425,0.479,0.44,0.433,0.457,0.48,0.45,0.435,0.456,0.46,0.464,0.625,0.46,0.461,0.464,1.0
