GCF_000163235.1_ASM16323v1_genomic.fna,GCF_000164555.1_ASM16455v1_genomic.fna,GCF_000208545.1_ASM20854v2_genomic.fna,GCF_000233875.1_ASM23387v1_genomic.fna,GCF_000249735.1_ASM24973v2_genomic.fna,GCF_000261145.1_Esch_coli_M919_V2_genomic.fna,GCF_000267705.2_ASM26770v2_genomic.fna,GCF_000350665.1_Esch_coli_KTE5_V1_genomic.fna,GCF_000351625.1_Esch_coli_KTE66_V1_genomic.fna,GCF_000352285.1_Esch_coli_KTE46_V1_genomic.fna,GCF_000358895.1_ASM35889v1_genomic.fna,GCF_000456385.1_Esch_coli_HVH_26_4-5703913_V1_genomic.fna,GCF_000458195.1_Esch_coli_HVH_147_4-5893887_V1_genomic.fna,GCF_000459755.1_Esch_coli_KOEGE_58_171a_V1_genomic.fna,GCF_000460055.1_Esch_coli_UMEA_3053-1_V1_genomic.fna,GCF_000462165.2_ASM46216v2_genomic.fna,GCF_000601135.1_ASM60113v1_genomic.fna,GCF_000614595.1_Ec2010EL1058_genomic.fna,GCF_000617745.1_Ec2010C-4529_genomic.fna,GCF_000618265.2_EcF6751_genomic.fna,GCF_000619005.2_Ec2009C-4052_genomic.fna,GCF_000619105.1_Ec2009C-4780_genomic.fna,GCF_000619765.2_Ec2009C-3279_genomic.fna,GCF_000687005.1_ASM68700v1_genomic.fna,GCF_000687025.1_ASM68702v1_genomic.fna,GCF_000700125.1_ASM70012v1_genomic.fna,GCF_000753315.1_FHI35_genomic.fna,GCF_000776375.1_ASM77637v1_genomic.fna,GCF_000779395.1_ASM77939v1_genomic.fna,GCF_000780315.1_ASM78031v1_genomic.fna,GCF_000781995.1_ASM78199v1_genomic.fna,GCF_000986765.1_ASM98676v1_genomic.fna,GCF_001041375.1_ViralProj287958_genomic.fna,GCF_001265335.1_302014_genomic.fna,GCF_001265625.1_100854_genomic.fna,GCF_001267345.1_303289_genomic.fna,GCF_001309985.1_ASM130998v1_genomic.fna,GCF_001521695.1_ASM152169v1_genomic.fna,GCF_001592595.1_ASM159259v1_genomic.fna,GCF_001614975.1_ASM161497v1_genomic.fna,GCF_001692775.1_ASM169277v1_genomic.fna,GCF_001748915.1_ASM174891v1_genomic.fna,GCF_001749235.1_ASM174923v1_genomic.fna,GCF_001881155.1_ASM188115v1_genomic.fna,GCF_001881345.1_ASM188134v1_genomic.fna,GCF_001892405.1_ASM189240v1_genomic.fna,GCF_001892585.1_ASM189258v1_genomic.fna,GCF_001893985.1_ASM189398v1_genomic.fna,GCF_002001595.1_ASM200159v1_genomic.fna,GCF_002002145.1_ASM200214v1_genomic.fna
1.0,0.491,0.391,0.436,0.477,0.462,0.469,0.437,0.59,0.435,0.471,0.447,0.491,0.428,0.418,0.473,0.456,0.482,0.495,0.465,0.458,0.486,0.493,0.474,0.466,0.458,0.478,0.419,0.522,0.567,0.415,0.455,0.0,0.487,0.438,0.434,0.468,0.487,0.424,0.465,0.421,0.464,0.483,0.421,0.44,0.463,0.461,0.463,0.415,0.526
0.491,1.0,0.343,0.411,0.629,0.779,0.516,0.423,0.453,0.423,0.586,0.422,0.613,0.402,0.401,0.53,0.683,0.611,0.607,0.514,0.584,0.601,0.596,0.783,0.793,0.692,0.611,0.41,0.482,0.463,0.394,0.602,0.0,0.601,0.736,0.407,0.516,0.639,0.407,0.613,0.397,0.671,0.629,0.418,0.434,0.409,0.678,0.68,0.411,0.46
0.391,0.343,1.0,0.338,0.341,0.343,0.334,0.338,0.403,0.345,0.359,0.335,0.364,0.341,0.333,0.346,0.34,0.34,0.346,0.33,0.328,0.337,0.333,0.356,0.35,0.347,0.343,0.343,0.385,0.371,0.324,0.327,0.0,0.343,0.323,0.331,0.334,0.355,0.324,0.353,0.341,0.336,0.356,0.334,0.328,0.343,0.351,0.351,0.349,0.383
0.436,0.411,0.338,1.0,0.399,0.39,0.384,0.703,0.422,0.729,0.411,0.749,0.41,0.78,0.78,0.393,0.398,0.395,0.401,0.382,0.385,0.399,0.405,0.407,0.407,0.408,0.402,0.756,0.458,0.411,0.709,0.393,0.0,0.388,0.376,0.619,0.384,0.408,0.666,0.399,0.742,0.381,0.398,0.738,0.728,0.422,0.391,0.392,0.678,0.463
0.477,0.629,0.341,0.399,1.0,0.616,0.537,0.412,0.467,0.406,0.765,0.405,0.707,0.403,0.402,0.551,0.596,0.667,0.674,0.534,0.685,0.685,0.676,0.607,0.601,0.599,0.699,0.401,0.476,0.459,0.393,0.664,0.0,0.684,0.574,0.412,0.537,0.714,0.422,0.705,0.402,0.603,0.72,0.401,0.411,0.427,0.636,0.638,0.399,0.459
0.462,0.779,0.343,0.39,0.616,1.0,0.531,0.42,0.464,0.399,0.586,0.396,0.612,0.389,0.388,0.545,0.685,0.624,0.604,0.527,0.575,0.597,0.592,0.779,0.801,0.681,0.598,0.398,0.48,0.457,0.383,0.585,0.0,0.608,0.751,0.411,0.529,0.633,0.419,0.617,0.386,0.656,0.612,0.399,0.405,0.403,0.69,0.691,0.401,0.463
0.469,0.516,0.334,0.384,0.537,0.531,1.0,0.397,0.467,0.382,0.523,0.393,0.532,0.384,0.377,0.948,0.509,0.559,0.557,0.989,0.552,0.554,0.573,0.531,0.516,0.522,0.544,0.381,0.434,0.445,0.38,0.516,0.0,0.534,0.501,0.414,0.992,0.528,0.397,0.528,0.38,0.525,0.537,0.386,0.389,0.399,0.511,0.512,0.375,0.45
0.437,0.423,0.338,0.703,0.412,0.42,0.397,1.0,0.43,0.689,0.407,0.701,0.419,0.705,0.696,0.403,0.407,0.411,0.429,0.395,0.393,0.41,0.413,0.414,0.412,0.399,0.413,0.897,0.485,0.426,0.697,0.409,0.0,0.403,0.384,0.623,0.397,0.439,0.659,0.422,0.7,0.402,0.416,0.899,0.884,0.436,0.398,0.4,0.64,0.467
0.59,0.453,0.403,0.422,0.467,0.464,0.467,0.43,1.0,0.43,0.476,0.419,0.475,0.428,0.418,0.48,0.448,0.481,0.474,0.463,0.447,0.476,0.473,0.461,0.45,0.449,0.481,0.423,0.517,0.609,0.416,0.433,0.0,0.474,0.431,0.438,0.466,0.477,0.425,0.478,0.421,0.441,0.482,0.424,0.421,0.46,0.461,0.462,0.41,0.523
0.435,0.423,0.345,0.729,0.406,0.399,0.382,0.689,0.43,1.0,0.437,0.688,0.417,0.726,0.713,0.395,0.417,0.4,0.402,0.379,0.383,0.396,0.398,0.422,0.411,0.419,0.401,0.721,0.462,0.412,0.712,0.381,0.0,0.394,0.4,0.608,0.382,0.399,0.668,0.409,0.725,0.381,0.396,0.701,0.712,0.416,0.389,0.389,0.677,0.455
0.471,0.586,0.359,0.411,0.765,0.586,0.523,0.407,0.476,0.437,1.0,0.402,0.726,0.419,0.416,0.538,0.61,0.672,0.665,0.52,0.649,0.675,0.667,0.64,0.603,0.627,0.687,0.416,0.455,0.467,0.391,0.638,0.0,0.665,0.616,0.406,0.522,0.686,0.411,0.714,0.399,0.583,0.691,0.403,0.399,0.402,0.604,0.605,0.414,0.454
0.447,0.422,0.335,0.749,0.405,0.396,0.393,0.701,0.419,0.688,0.402,1.0,0.412,0.734,0.852,0.397,0.404,0.394,0.399,0.388,0.382,0.396,0.401,0.415,0.402,0.406,0.404,0.714,0.477,0.416,0.669,0.388,0.0,0.39,0.386,0.603,0.392,0.409,0.671,0.401,0.702,0.379,0.406,0.714,0.72,0.411,0.396,0.396,0.636,0.46
0.491,0.613,0.364,0.41,0.707,0.612,0.532,0.419,0.475,0.417,0.726,0.412,1.0,0.412,0.408,0.553,0.598,0.716,0.715,0.529,0.7,0.759,0.748,0.631,0.61,0.608,0.736,0.417,0.474,0.483,0.393,0.67,0.0,0.744,0.599,0.408,0.532,0.723,0.425,0.755,0.399,0.599,0.735,0.409,0.407,0.405,0.619,0.621,0.408,0.465
0.428,0.402,0.341,0.78,0.403,0.389,0.384,0.705,0.428,0.726,0.419,0.734,0.412,1.0,0.774,0.393,0.398,0.399,0.397,0.381,0.381,0.4,0.4,0.407,0.403,0.4,0.403,0.756,0.476,0.422,0.713,0.388,0.0,0.389,0.382,0.616,0.384,0.406,0.671,0.407,0.745,0.387,0.395,0.739,0.732,0.43,0.389,0.389,0.682,0.47
0.418,0.401,0.333,0.78,0.402,0.388,0.377,0.696,0.418,0.713,0.416,0.852,0.408,0.774,1.0,0.385,0.401,0.389,0.392,0.374,0.376,0.396,0.401,0.404,0.398,0.4,0.391,0.739,0.469,0.398,0.704,0.382,0.0,0.39,0.381,0.603,0.377,0.408,0.674,0.395,0.735,0.377,0.401,0.723,0.714,0.418,0.397,0.398,0.663,0.468
0.473,0.53,0.346,0.393,0.551,0.545,0.948,0.403,0.48,0.395,0.538,0.397,0.553,0.393,0.385,1.0,0.521,0.559,0.558,0.942,0.528,0.564,0.558,0.54,0.528,0.529,0.535,0.389,0.448,0.462,0.391,0.507,0.0,0.543,0.507,0.416,0.948,0.537,0.411,0.542,0.391,0.524,0.542,0.392,0.395,0.401,0.53,0.531,0.39,0.451
0.456,0.683,0.34,0.398,0.596,0.685,0.509,0.407,0.448,0.417,0.61,0.404,0.598,0.398,0.401,0.521,1.0,0.594,0.584,0.504,0.562,0.579,0.575,0.746,0.723,0.738,0.585,0.406,0.464,0.445,0.377,0.581,0.0,0.583,0.688,0.41,0.508,0.584,0.416,0.595,0.383,0.616,0.592,0.402,0.408,0.386,0.647,0.648,0.404,0.443
0.482,0.611,0.34,0.395,0.667,0.624,0.559,0.411,0.481,0.4,0.672,0.394,0.716,0.399,0.389,0.559,0.594,1.0,0.748,0.554,0.702,0.745,0.733,0.621,0.602,0.609,0.71,0.399,0.463,0.475,0.393,0.648,0.0,0.7,0.584,0.432,0.555,0.686,0.42,0.712,0.394,0.606,0.692,0.405,0.409,0.396,0.617,0.62,0.392,0.463
0.495,0.607,0.346,0.401,0.674,0.604,0.557,0.429,0.474,0.402,0.665,0.399,0.715,0.397,0.392,0.558,0.584,0.748,1.0,0.553,0.709,0.733,0.725,0.602,0.589,0.59,0.721,0.404,0.459,0.472,0.395,0.675,0.0,0.702,0.578,0.435,0.553,0.707,0.422,0.717,0.397,0.607,0.719,0.407,0.41,0.416,0.607,0.609,0.395,0.467
0.465,0.514,0.33,0.382,0.534,0.527,0.989,0.395,0.463,0.379,0.52,0.388,0.529,0.381,0.374,0.942,0.504,0.554,0.553,1.0,0.552,0.553,0.569,0.527,0.516,0.518,0.542,0.379,0.431,0.442,0.378,0.516,0.0,0.531,0.497,0.409,0.99,0.525,0.394,0.525,0.378,0.525,0.534,0.382,0.385,0.399,0.508,0.509,0.372,0.446
0.458,0.584,0.328,0.385,0.685,0.575,0.552,0.393,0.447,0.383,0.649,0.382,0.7,0.381,0.376,0.528,0.562,0.702,0.709,0.552,1.0,0.713,0.731,0.579,0.567,0.577,0.72,0.389,0.435,0.449,0.369,0.682,0.0,0.707,0.544,0.416,0.549,0.693,0.403,0.701,0.375,0.586,0.704,0.39,0.394,0.418,0.596,0.598,0.375,0.445
0.486,0.601,0.337,0.399,0.685,0.597,0.554,0.41,0.476,0.396,0.675,0.396,0.759,0.4,0.396,0.564,0.579,0.745,0.733,0.553,0.713,1.0,0.922,0.597,0.588,0.589,0.74,0.4,0.458,0.472,0.388,0.698,0.0,0.879,0.566,0.417,0.553,0.729,0.418,0.738,0.389,0.589,0.741,0.403,0.404,0.413,0.607,0.61,0.391,0.465
0.493,0.596,0.333,0.405,0.676,0.592,0.573,0.413,0.473,0.398,0.667,0.401,0.748,0.4,0.401,0.558,0.575,0.733,0.725,0.569,0.731,0.922,1.0,0.594,0.585,0.584,0.759,0.401,0.456,0.464,0.392,0.705,0.0,0.865,0.557,0.424,0.571,0.723,0.42,0.728,0.394,0.595,0.734,0.405,0.404,0.413,0.595,0.598,0.388,0.462
0.474,0.783,0.356,0.407,0.607,0.779,0.531,0.414,0.461,0.422,0.64,0.415,0.631,0.407,0.404,0.54,0.746,0.621,0.602,0.527,0.579,0.597,0.594,1.0,0.824,0.742,0.613,0.408,0.462,0.463,0.382,0.576,0.0,0.599,0.805,0.399,0.53,0.611,0.395,0.617,0.39,0.668,0.613,0.396,0.398,0.401,0.681,0.682,0.413,0.452
0.466,0.793,0.35,0.407,0.601,0.801,0.516,0.412,0.45,0.411,0.603,0.402,0.61,0.403,0.398,0.528,0.723,0.602,0.589,0.516,0.567,0.588,0.585,0.824,1.0,0.749,0.592,0.415,0.464,0.445,0.374,0.583,0.0,0.585,0.785,0.397,0.519,0.615,0.4,0.598,0.384,0.648,0.606,0.407,0.409,0.392,0.676,0.676,0.413,0.442
0.458,0.692,0.347,0.408,0.599,0.681,0.522,0.399,0.449,0.419,0.627,0.406,0.608,0.4,0.4,0.529,0.738,0.609,0.59,0.518,0.577,0.589,0.584,0.742,0.749,1.0,0.585,0.404,0.447,0.454,0.379,0.564,0.0,0.586,0.688,0.412,0.522,0.599,0.403,0.606,0.386,0.642,0.595,0.4,0.404,0.388,0.669,0.67,0.411,0.439
0.478,0.611,0.343,0.402,0.699,0.598,0.544,0.413,0.481,0.401,0.687,0.404,0.736,0.403,0.391,0.535,0.585,0.71,0.721,0.542,0.72,0.74,0.759,0.613,0.592,0.585,1.0,0.403,0.464,0.462,0.393,0.706,0.0,0.728,0.573,0.416,0.543,0.814,0.413,0.752,0.394,0.6,0.837,0.405,0.408,0.419,0.593,0.595,0.388,0.466
0.419,0.41,0.343,0.756,0.401,0.398,0.381,0.897,0.423,0.721,0.416,0.714,0.417,0.756,0.739,0.389,0.406,0.399,0.404,0.379,0.389,0.4,0.401,0.408,0.415,0.404,0.403,1.0,0.469,0.415,0.698,0.393,0.0,0.394,0.382,0.616,0.381,0.423,0.655,0.409,0.736,0.387,0.399,0.965,0.935,0.426,0.392,0.392,0.675,0.459
0.522,0.482,0.385,0.458,0.476,0.48,0.434,0.485,0.517,0.462,0.455,0.477,0.474,0.476,0.469,0.448,0.464,0.463,0.459,0.431,0.435,0.458,0.456,0.462,0.464,0.447,0.464,0.469,1.0,0.49,0.453,0.443,0.0,0.466,0.443,0.471,0.434,0.482,0.466,0.459,0.456,0.441,0.465,0.47,0.478,0.554,0.45,0.451,0.456,0.821
0.567,0.463,0.371,0.411,0.459,0.457,0.445,0.426,0.609,0.412,0.467,0.416,0.483,0.422,0.398,0.462,0.445,0.475,0.472,0.442,0.449,0.472,0.464,0.463,0.445,0.454,0.462,0.415,0.49,1.0,0.406,0.427,0.0,0.461,0.439,0.417,0.446,0.462,0.414,0.484,0.411,0.455,0.469,0.415,0.416,0.46,0.475,0.477,0.403,0.489
0.415,0.394,0.324,0.709,0.393,0.383,0.38,0.697,0.416,0.712,0.391,0.669,0.393,0.713,0.704,0.391,0.377,0.393,0.395,0.378,0.369,0.388,0.392,0.382,0.374,0.379,0.393,0.698,0.453,0.406,1.0,0.379,0.0,0.384,0.352,0.61,0.38,0.395,0.655,0.394,0.882,0.379,0.385,0.703,0.702,0.418,0.38,0.381,0.637,0.446
0.455,0.602,0.327,0.393,0.664,0.585,0.516,0.409,0.433,0.381,0.638,0.388,0.67,0.388,0.382,0.507,0.581,0.648,0.675,0.516,0.682,0.698,0.705,0.576,0.583,0.564,0.706,0.393,0.443,0.427,0.379,1.0,0.0,0.692,0.541,0.402,0.515,0.723,0.403,0.704,0.378,0.591,0.721,0.394,0.402,0.406,0.586,0.588,0.38,0.433
0.0,0.0,0.0,0.0,0.0,0.0,0.0,0.0,0.0,0.0,0.0,0.0,0.0,0.0,0.0,0.0,0.0,0.0,0.0,0.0,0.0,0.0,0.0,0.0,0.0,0.0,0.0,0.0,0.0,0.0,0.0,0.0,1.0,0.0,0.0,0.0,0.0,0.0,0.0,0.0,0.0,0.0,0.0,0.0,0.0,0.0,0.0,0.0,0.0,0.0
0.487,0.601,0.343,0.388,0.684,0.608,0.534,0.403,0.474,0.394,0.665,0.39,0.744,0.389,0.39,0.543,0.583,0.7,0.702,0.531,0.707,0.879,0.865,0.599,0.585,0.586,0.728,0.394,0.466,0.461,0.384,0.692,0.0,1.0,0.555,0.435,0.533,0.724,0.42,0.722,0.386,0.586,0.731,0.394,0.4,0.405,0.6,0.602,0.389,0.462
0.438,0.736,0.323,0.376,0.574,0.751,0.501,0.384,0.431,0.4,0.616,0.386,0.599,0.382,0.381,0.507,0.688,0.584,0.578,0.497,0.544,0.566,0.557,0.805,0.785,0.688,0.573,0.382,0.443,0.439,0.352,0.541,0.0,0.555,1.0,0.378,0.499,0.576,0.372,0.577,0.358,0.626,0.578,0.369,0.372,0.373,0.643,0.643,0.383,0.422
0.434,0.407,0.331,0.619,0.412,0.411,0.414,0.623,0.438,0.608,0.406,0.603,0.408,0.616,0.603,0.416,0.41,0.432,0.435,0.409,0.416,0.417,0.424,0.399,0.397,0.412,0.416,0.616,0.471,0.417,0.61,0.402,0.0,0.435,0.378,1.0,0.412,0.411,0.64,0.413,0.619,0.389,0.409,0.621,0.63,0.424,0.401,0.402,0.597,0.477
0.468,0.516,0.334,0.384,0.537,0.529,0.992,0.397,0.466,0.382,0.522,0.392,0.532,0.384,0.377,0.948,0.508,0.555,0.553,0.99,0.549,0.553,0.571,0.53,0.519,0.522,0.543,0.381,0.434,0.446,0.38,0.515,0.0,0.533,0.499,0.412,1.0,0.527,0.396,0.528,0.38,0.525,0.536,0.385,0.388,0.398,0.51,0.511,0.375,0.449
0.487,0.639,0.355,0.408,0.714,0.633,0.528,0.439,0.477,0.399,0.686,0.409,0.723,0.406,0.408,0.537,0.584,0.686,0.707,0.525,0.693,0.729,0.723,0.611,0.615,0.599,0.814,0.423,0.482,0.462,0.395,0.723,0.0,0.724,0.576,0.411,0.527,1.0,0.42,0.741,0.398,0.614,0.869,0.422,0.407,0.415,0.633,0.635,0.406,0.473
0.424,0.407,0.324,0.666,0.422,0.419,0.397,0.659,0.425,0.668,0.411,0.671,0.425,0.671,0.674,0.411,0.416,0.42,0.422,0.394,0.403,0.418,0.42,0.395,0.4,0.403,0.413,0.655,0.466,0.414,0.655,0.403,0.0,0.42,0.372,0.64,0.396,0.42,1.0,0.42,0.661,0.388,0.419,0.659,0.662,0.417,0.398,0.398,0.631,0.459
0.465,0.613,0.353,0.399,0.705,0.617,0.528,0.422,0.478,0.409,0.714,0.401,0.755,0.407,0.395,0.542,0.595,0.712,0.717,0.525,0.701,0.738,0.728,0.617,0.598,0.606,0.752,0.409,0.459,0.484,0.394,0.704,0.0,0.722,0.577,0.413,0.528,0.741,0.42,1.0,0.394,0.598,0.758,0.409,0.412,0.406,0.637,0.638,0.39,0.459
0.421,0.397,0.341,0.742,0.402,0.386,0.38,0.7,0.421,0.725,0.399,0.702,0.399,0.745,0.735,0.391,0.383,0.394,0.397,0.378,0.375,0.389,0.394,0.39,0.384,0.386,0.394,0.736,0.456,0.411,0.882,0.378,0.0,0.386,0.358,0.619,0.38,0.398,0.661,0.394,1.0,0.383,0.386,0.735,0.727,0.417,0.38,0.38,0.651,0.447
0.464,0.671,0.336,0.381,0.603,0.656,0.525,0.402,0.441,0.381,0.583,0.379,0.599,0.387,0.377,0.524,0.616,0.606,0.607,0.525,0.586,0.589,0.595,0.668,0.648,0.642,0.6,0.387,0.441,0.455,0.379,0.591,0.0,0.586,0.626,0.389,0.525,0.614,0.388,0.598,0.383,1.0,0.619,0.389,0.39,0.4,0.688,0.69,0.376,0.437
0.483,0.629,0.356,0.398,0.72,0.612,0.537,0.416,0.482,0.396,0.691,0.406,0.735,0.395,0.401,0.542,0.592,0.692,0.719,0.534,0.704,0.741,0.734,0.613,0.606,0.595,0.837,0.399,0.465,0.469,0.385,0.721,0.0,0.731,0.578,0.409,0.536,0.869,0.419,0.758,0.386,0.619,1.0,0.399,0.399,0.417,0.616,0.618,0.391,0.469
0.421,0.418,0.334,0.738,0.401,0.399,0.386,0.899,0.424,0.701,0.403,0.714,0.409,0.739,0.723,0.392,0.402,0.405,0.407,0.382,0.39,0.403,0.405,0.396,0.407,0.4,0.405,0.965,0.47,0.415,0.703,0.394,0.0,0.394,0.369,0.621,0.385,0.422,0.659,0.409,0.735,0.389,0.399,1.0,0.952,0.427,0.394,0.395,0.658,0.462
0.44,0.434,0.328,0.728,0.411,0.405,0.389,0.884,0.421,0.712,0.399,0.72,0.407,0.732,0.714,0.395,0.408,0.409,0.41,0.385,0.394,0.404,0.404,0.398,0.409,0.404,0.408,0.935,0.478,0.416,0.702,0.402,0.0,0.4,0.372,0.63,0.388,0.407,0.662,0.412,0.727,0.39,0.399,0.952,1.0,0.428,0.398,0.4,0.646,0.468
0.463,0.409,0.343,0.422,0.427,0.403,0.399,0.436,0.46,0.416,0.402,0.411,0.405,0.43,0.418,0.401,0.386,0.396,0.416,0.399,0.418,0.413,0.413,0.401,0.392,0.388,0.419,0.426,0.554,0.46,0.418,0.406,0.0,0.405,0.373,0.424,0.398,0.415,0.417,0.406,0.417,0.4,0.417,0.427,0.428,1.0,0.42,0.421,0.416,0.618
0.461,0.678,0.351,0.391,0.636,0.69,0.511,0.398,0.461,0.389,0.604,0.396,0.619,0.389,0.397,0.53,0.647,0.617,0.607,0.508,0.596,0.607,0.595,0.681,0.676,0.669,0.593,0.392,0.45,0.475,0.38,0.586,0.0,0.6,0.643,0.401,0.51,0.633,0.398,0.637,0.38,0.688,0.616,0.394,0.398,0.42,1.0,0.997,0.39,0.451
0.463,0.68,0.351,0.392,0.638,0.691,0.512,0.4,0.462,0.389,0.605,0.396,0.621,0.389,0.398,0.531,0.648,0.62,0.609,0.509,0.598,0.61,0.598,0.682,0.676,0.67,0.595,0.392,0.451,0.477,0.381,0.588,0.0,0.602,0.643,0.402,0.511,0.635,0.398,0.638,0.38,0.69,0.618,0.395,0.4,0.421,0.997,1.0,0.39,0.453
0.415,0.411,0.349,0.678,0.399,0.401,0.375,0.64,0.41,0.677,0.414,0.636,0.408,0.682,0.663,0.39,0.404,0.392,0.395,0.372,0.375,0.391,0.388,0.413,0.413,0.411,0.388,0.675,0.456,0.403,0.637,0.38,0.0,0.389,0.383,0.597,0.375,0.406,0.631,0.39,0.651,0.376,0.391,0.658,0.646,0.416,0.39,0.39,1.0,0.45
0.526,0.46,0.383,0.463,0.459,0.463,0.45,0.467,0.523,0.455,0.454,0.46,0.465,0.47,0.468,0.451,0.443,0.463,0.467,0.446,0.445,0.465,0.462,0.452,0.442,0.439,0.466,0.459,0.821,0.489,0.446,0.433,0.0,0.462,0.422,0.477,0.449,0.473,0.459,0.459,0.447,0.437,0.469,0.462,0.468,0.618,0.451,0.453,0.45,1.0
