GCF_000163235.1_ASM16323v1_genomic.fna,GCF_000164555.1_ASM16455v1_genomic.fna,GCF_000208545.1_ASM20854v2_genomic.fna,GCF_000233875.1_ASM23387v1_genomic.fna,GCF_000249735.1_ASM24973v2_genomic.fna,GCF_000261145.1_Esch_coli_M919_V2_genomic.fna,GCF_000267705.2_ASM26770v2_genomic.fna,GCF_000350665.1_Esch_coli_KTE5_V1_genomic.fna,GCF_000351625.1_Esch_coli_KTE66_V1_genomic.fna,GCF_000352285.1_Esch_coli_KTE46_V1_genomic.fna,GCF_000358895.1_ASM35889v1_genomic.fna,GCF_000456385.1_Esch_coli_HVH_26_4-5703913_V1_genomic.fna,GCF_000458195.1_Esch_coli_HVH_147_4-5893887_V1_genomic.fna,GCF_000459755.1_Esch_coli_KOEGE_58_171a_V1_genomic.fna,GCF_000460055.1_Esch_coli_UMEA_3053-1_V1_genomic.fna,GCF_000462165.2_ASM46216v2_genomic.fna,GCF_000601135.1_ASM60113v1_genomic.fna,GCF_000614595.1_Ec2010EL1058_genomic.fna,GCF_000617745.1_Ec2010C-4529_genomic.fna,GCF_000618265.2_EcF6751_genomic.fna,GCF_000619005.2_Ec2009C-4052_genomic.fna,GCF_000619105.1_Ec2009C-4780_genomic.fna,GCF_000619765.2_Ec2009C-3279_genomic.fna,GCF_000687005.1_ASM68700v1_genomic.fna,GCF_000687025.1_ASM68702v1_genomic.fna,GCF_000700125.1_ASM70012v1_genomic.fna,GCF_000753315.1_FHI35_genomic.fna,GCF_000776375.1_ASM77637v1_genomic.fna,GCF_000779395.1_ASM77939v1_genomic.fna,GCF_000780315.1_ASM78031v1_genomic.fna,GCF_000781995.1_ASM78199v1_genomic.fna,GCF_000986765.1_ASM98676v1_genomic.fna,GCF_001041375.1_ViralProj287958_genomic.fna,GCF_001265335.1_302014_genomic.fna,GCF_001265625.1_100854_genomic.fna,GCF_001267345.1_303289_genomic.fna,GCF_001309985.1_ASM130998v1_genomic.fna,GCF_001521695.1_ASM152169v1_genomic.fna,GCF_001592595.1_ASM159259v1_genomic.fna,GCF_001614975.1_ASM161497v1_genomic.fna,GCF_001692775.1_ASM169277v1_genomic.fna,GCF_001748915.1_ASM174891v1_genomic.fna,GCF_001749235.1_ASM174923v1_genomic.fna,GCF_001881155.1_ASM188115v1_genomic.fna,GCF_001881345.1_ASM188134v1_genomic.fna,GCF_001892405.1_ASM189240v1_genomic.fna,GCF_001892585.1_ASM189258v1_genomic.fna,GCF_001893985.1_ASM189398v1_genomic.fna,GCF_002001595.1_ASM200159v1_genomic.fna,GCF_002002145.1_ASM200214v1_genomic.fna
1.0,0.451,0.382,0.437,0.468,0.452,0.455,0.43,0.56,0.447,0.455,0.449,0.465,0.43,0.425,0.457,0.463,0.456,0.462,0.452,0.44,0.465,0.47,0.484,0.448,0.458,0.463,0.432,0.501,0.577,0.416,0.45,0.0,0.461,0.444,0.422,0.452,0.485,0.423,0.477,0.429,0.445,0.47,0.425,0.435,0.44,0.442,0.439,0.42,0.509
0.451,1.0,0.344,0.39,0.609,0.789,0.518,0.412,0.415,0.394,0.57,0.417,0.581,0.387,0.397,0.521,0.708,0.587,0.575,0.517,0.575,0.572,0.583,0.778,0.796,0.691,0.58,0.404,0.443,0.427,0.381,0.612,0.0,0.581,0.745,0.405,0.517,0.609,0.391,0.583,0.39,0.674,0.586,0.427,0.426,0.399,0.678,0.679,0.402,0.448
0.382,0.344,1.0,0.314,0.351,0.342,0.333,0.318,0.353,0.323,0.361,0.323,0.36,0.319,0.315,0.344,0.349,0.344,0.342,0.334,0.324,0.348,0.346,0.36,0.33,0.361,0.343,0.323,0.382,0.366,0.296,0.348,0.0,0.34,0.341,0.319,0.334,0.353,0.319,0.359,0.308,0.347,0.364,0.313,0.304,0.333,0.356,0.355,0.333,0.385
0.437,0.39,0.314,1.0,0.405,0.399,0.385,0.684,0.398,0.718,0.4,0.725,0.406,0.776,0.75,0.39,0.392,0.403,0.408,0.385,0.381,0.408,0.41,0.415,0.402,0.41,0.408,0.733,0.46,0.402,0.718,0.409,0.0,0.393,0.395,0.601,0.383,0.41,0.663,0.401,0.733,0.386,0.409,0.701,0.695,0.416,0.384,0.383,0.67,0.469
0.468,0.609,0.351,0.405,1.0,0.629,0.518,0.416,0.427,0.399,0.741,0.413,0.683,0.405,0.414,0.525,0.629,0.636,0.645,0.517,0.653,0.66,0.669,0.635,0.617,0.617,0.661,0.403,0.457,0.443,0.401,0.659,0.0,0.665,0.597,0.404,0.517,0.672,0.413,0.673,0.412,0.615,0.672,0.404,0.409,0.402,0.639,0.64,0.401,0.459
0.452,0.789,0.342,0.399,0.629,1.0,0.554,0.421,0.432,0.392,0.584,0.414,0.598,0.403,0.407,0.561,0.716,0.615,0.599,0.551,0.59,0.6,0.608,0.801,0.816,0.7,0.593,0.402,0.456,0.439,0.392,0.61,0.0,0.604,0.773,0.434,0.551,0.608,0.422,0.604,0.403,0.701,0.6,0.412,0.419,0.404,0.702,0.703,0.405,0.456
0.455,0.518,0.333,0.385,0.518,0.554,1.0,0.395,0.453,0.373,0.495,0.402,0.507,0.386,0.39,0.949,0.534,0.569,0.555,0.988,0.566,0.541,0.558,0.53,0.535,0.531,0.527,0.387,0.433,0.443,0.378,0.53,0.0,0.52,0.522,0.419,0.987,0.513,0.396,0.52,0.38,0.533,0.521,0.394,0.397,0.407,0.515,0.516,0.379,0.443
0.43,0.412,0.318,0.684,0.416,0.421,0.395,1.0,0.402,0.688,0.382,0.695,0.406,0.703,0.689,0.407,0.419,0.401,0.408,0.394,0.385,0.4,0.408,0.433,0.413,0.412,0.395,0.896,0.476,0.415,0.693,0.405,0.0,0.397,0.392,0.607,0.394,0.415,0.66,0.405,0.701,0.397,0.4,0.894,0.891,0.423,0.402,0.401,0.647,0.467
0.56,0.415,0.353,0.398,0.427,0.432,0.453,0.402,1.0,0.399,0.419,0.401,0.428,0.402,0.398,0.456,0.433,0.431,0.413,0.453,0.406,0.42,0.425,0.426,0.415,0.422,0.426,0.397,0.484,0.584,0.402,0.426,0.0,0.415,0.406,0.409,0.454,0.423,0.41,0.438,0.404,0.434,0.442,0.397,0.4,0.437,0.414,0.415,0.389,0.492
0.447,0.394,0.323,0.718,0.399,0.392,0.373,0.688,0.399,1.0,0.403,0.695,0.409,0.709,0.702,0.377,0.391,0.385,0.387,0.371,0.361,0.388,0.384,0.409,0.389,0.41,0.392,0.708,0.457,0.402,0.715,0.382,0.0,0.378,0.396,0.585,0.372,0.396,0.667,0.395,0.72,0.376,0.393,0.679,0.684,0.401,0.38,0.379,0.669,0.449
0.455,0.57,0.361,0.4,0.741,0.584,0.495,0.382,0.419,0.403,1.0,0.398,0.715,0.4,0.402,0.498,0.58,0.629,0.646,0.494,0.632,0.673,0.659,0.617,0.575,0.619,0.67,0.393,0.42,0.425,0.38,0.627,0.0,0.647,0.617,0.389,0.495,0.657,0.402,0.688,0.39,0.585,0.68,0.377,0.381,0.382,0.593,0.591,0.396,0.436
0.449,0.417,0.323,0.725,0.413,0.414,0.402,0.695,0.401,0.695,0.398,1.0,0.4,0.738,0.859,0.402,0.403,0.403,0.406,0.399,0.39,0.399,0.407,0.432,0.408,0.42,0.4,0.72,0.483,0.41,0.684,0.401,0.0,0.403,0.401,0.601,0.4,0.411,0.679,0.398,0.71,0.392,0.405,0.705,0.704,0.428,0.4,0.399,0.657,0.474
0.465,0.581,0.36,0.406,0.683,0.598,0.507,0.406,0.428,0.409,0.715,0.4,1.0,0.401,0.4,0.514,0.594,0.672,0.69,0.505,0.678,0.747,0.738,0.624,0.579,0.616,0.721,0.406,0.437,0.44,0.387,0.678,0.0,0.727,0.621,0.395,0.506,0.706,0.401,0.738,0.401,0.591,0.726,0.391,0.394,0.393,0.6,0.6,0.405,0.449
0.43,0.387,0.319,0.776,0.405,0.403,0.386,0.703,0.402,0.709,0.4,0.738,0.401,1.0,0.763,0.389,0.392,0.399,0.404,0.385,0.375,0.4,0.4,0.412,0.399,0.407,0.405,0.742,0.479,0.403,0.716,0.399,0.0,0.386,0.392,0.608,0.383,0.403,0.667,0.393,0.732,0.388,0.405,0.714,0.71,0.415,0.384,0.383,0.679,0.468
0.425,0.397,0.315,0.75,0.414,0.407,0.39,0.689,0.398,0.702,0.402,0.859,0.4,0.763,1.0,0.395,0.405,0.398,0.401,0.391,0.38,0.399,0.403,0.416,0.4,0.411,0.398,0.719,0.471,0.397,0.708,0.399,0.0,0.392,0.399,0.592,0.391,0.405,0.681,0.397,0.721,0.389,0.406,0.692,0.688,0.431,0.4,0.399,0.673,0.473
0.457,0.521,0.344,0.39,0.525,0.561,0.949,0.407,0.456,0.377,0.498,0.402,0.514,0.389,0.395,1.0,0.534,0.561,0.555,0.95,0.547,0.545,0.559,0.531,0.535,0.533,0.523,0.395,0.433,0.451,0.381,0.525,0.0,0.516,0.526,0.43,0.946,0.52,0.403,0.525,0.388,0.54,0.523,0.402,0.405,0.407,0.523,0.524,0.392,0.447
0.463,0.708,0.349,0.392,0.629,0.716,0.534,0.419,0.433,0.391,0.58,0.403,0.594,0.392,0.405,0.534,1.0,0.594,0.585,0.532,0.582,0.601,0.619,0.743,0.724,0.73,0.598,0.407,0.451,0.436,0.383,0.655,0.0,0.621,0.688,0.423,0.532,0.61,0.406,0.614,0.392,0.668,0.616,0.415,0.423,0.377,0.692,0.693,0.4,0.455
0.456,0.587,0.344,0.403,0.636,0.615,0.569,0.401,0.431,0.385,0.629,0.403,0.672,0.399,0.398,0.561,0.594,1.0,0.723,0.568,0.706,0.701,0.712,0.611,0.587,0.588,0.673,0.393,0.442,0.439,0.394,0.672,0.0,0.666,0.581,0.425,0.562,0.649,0.412,0.684,0.395,0.598,0.658,0.392,0.399,0.394,0.596,0.598,0.386,0.456
0.462,0.575,0.342,0.408,0.645,0.599,0.555,0.408,0.413,0.387,0.646,0.406,0.69,0.404,0.401,0.555,0.585,0.723,1.0,0.552,0.71,0.728,0.734,0.61,0.583,0.588,0.702,0.404,0.435,0.432,0.39,0.676,0.0,0.687,0.6,0.426,0.552,0.675,0.416,0.692,0.403,0.587,0.685,0.398,0.399,0.385,0.583,0.582,0.39,0.443
0.452,0.517,0.334,0.385,0.517,0.551,0.988,0.394,0.453,0.371,0.494,0.399,0.505,0.385,0.391,0.95,0.532,0.568,0.552,1.0,0.565,0.539,0.556,0.529,0.536,0.531,0.524,0.386,0.433,0.443,0.377,0.528,0.0,0.517,0.52,0.418,0.99,0.512,0.394,0.518,0.379,0.532,0.519,0.39,0.392,0.407,0.514,0.515,0.38,0.443
0.44,0.575,0.324,0.381,0.653,0.59,0.566,0.385,0.406,0.361,0.632,0.39,0.678,0.375,0.38,0.547,0.582,0.706,0.71,0.565,1.0,0.703,0.727,0.591,0.571,0.587,0.685,0.386,0.417,0.423,0.37,0.685,0.0,0.693,0.572,0.419,0.561,0.659,0.399,0.688,0.38,0.586,0.67,0.39,0.395,0.402,0.593,0.594,0.373,0.427
0.465,0.572,0.348,0.408,0.66,0.6,0.541,0.4,0.42,0.388,0.673,0.399,0.747,0.4,0.399,0.545,0.601,0.701,0.728,0.539,0.703,1.0,0.917,0.624,0.592,0.61,0.719,0.409,0.431,0.429,0.385,0.699,0.0,0.848,0.613,0.393,0.539,0.707,0.409,0.718,0.395,0.579,0.731,0.393,0.394,0.391,0.588,0.587,0.395,0.446
0.47,0.583,0.346,0.41,0.669,0.608,0.558,0.408,0.425,0.384,0.659,0.407,0.738,0.4,0.403,0.559,0.619,0.712,0.734,0.556,0.727,0.917,1.0,0.626,0.594,0.599,0.726,0.41,0.443,0.434,0.39,0.709,0.0,0.852,0.601,0.406,0.555,0.708,0.416,0.726,0.403,0.589,0.724,0.406,0.408,0.397,0.597,0.596,0.39,0.453
0.484,0.778,0.36,0.415,0.635,0.801,0.53,0.433,0.426,0.409,0.617,0.432,0.624,0.412,0.416,0.531,0.743,0.611,0.61,0.529,0.591,0.624,0.626,1.0,0.81,0.74,0.621,0.419,0.454,0.445,0.392,0.62,0.0,0.625,0.812,0.416,0.53,0.623,0.417,0.62,0.407,0.688,0.632,0.412,0.418,0.393,0.702,0.701,0.417,0.458
0.448,0.796,0.33,0.402,0.617,0.816,0.535,0.413,0.415,0.389,0.575,0.408,0.579,0.399,0.4,0.535,0.724,0.587,0.583,0.536,0.571,0.592,0.594,0.81,1.0,0.722,0.594,0.404,0.444,0.423,0.382,0.624,0.0,0.585,0.782,0.41,0.536,0.603,0.407,0.591,0.386,0.674,0.598,0.428,0.42,0.394,0.688,0.69,0.419,0.444
0.458,0.691,0.361,0.41,0.617,0.7,0.531,0.412,0.422,0.41,0.619,0.42,0.616,0.407,0.411,0.533,0.73,0.588,0.588,0.531,0.587,0.61,0.599,0.74,0.722,1.0,0.607,0.415,0.434,0.434,0.385,0.594,0.0,0.587,0.725,0.416,0.532,0.608,0.407,0.623,0.398,0.669,0.609,0.426,0.414,0.383,0.688,0.685,0.434,0.447
0.463,0.58,0.343,0.408,0.661,0.593,0.527,0.395,0.426,0.392,0.67,0.4,0.721,0.405,0.398,0.523,0.598,0.673,0.702,0.524,0.685,0.719,0.726,0.621,0.594,0.607,1.0,0.398,0.45,0.431,0.395,0.706,0.0,0.709,0.59,0.401,0.526,0.802,0.391,0.749,0.404,0.599,0.82,0.399,0.401,0.404,0.598,0.597,0.398,0.45
0.432,0.404,0.323,0.733,0.403,0.402,0.387,0.896,0.397,0.708,0.393,0.72,0.406,0.742,0.719,0.395,0.407,0.393,0.404,0.386,0.386,0.409,0.41,0.419,0.404,0.415,0.398,1.0,0.47,0.401,0.694,0.399,0.0,0.39,0.392,0.599,0.386,0.409,0.66,0.4,0.716,0.388,0.396,0.939,0.929,0.413,0.387,0.386,0.677,0.458
0.501,0.443,0.382,0.46,0.457,0.456,0.433,0.476,0.484,0.457,0.42,0.483,0.437,0.479,0.471,0.433,0.451,0.442,0.435,0.433,0.417,0.431,0.443,0.454,0.444,0.434,0.45,0.47,1.0,0.486,0.463,0.446,0.0,0.439,0.423,0.467,0.431,0.451,0.458,0.439,0.466,0.432,0.438,0.467,0.469,0.559,0.432,0.432,0.454,0.835
0.577,0.427,0.366,0.402,0.443,0.439,0.443,0.415,0.584,0.402,0.425,0.41,0.44,0.403,0.397,0.451,0.436,0.439,0.432,0.443,0.423,0.429,0.434,0.445,0.423,0.434,0.431,0.401,0.486,1.0,0.405,0.424,0.0,0.422,0.421,0.412,0.444,0.431,0.409,0.462,0.418,0.428,0.436,0.406,0.405,0.453,0.431,0.431,0.393,0.506
0.416,0.381,0.296,0.718,0.401,0.392,0.378,0.693,0.402,0.715,0.38,0.684,0.387,0.716,0.708,0.381,0.383,0.394,0.39,0.377,0.37,0.385,0.39,0.392,0.382,0.385,0.395,0.694,0.463,0.405,1.0,0.396,0.0,0.38,0.367,0.595,0.379,0.388,0.657,0.389,0.902,0.376,0.387,0.694,0.69,0.419,0.378,0.379,0.643,0.457
0.45,0.612,0.348,0.409,0.659,0.61,0.53,0.405,0.426,0.382,0.627,0.401,0.678,0.399,0.399,0.525,0.655,0.672,0.676,0.528,0.685,0.699,0.709,0.62,0.624,0.594,0.706,0.399,0.446,0.424,0.396,1.0,0.0,0.694,0.585,0.406,0.528,0.709,0.409,0.708,0.397,0.629,0.717,0.401,0.409,0.392,0.617,0.617,0.391,0.44
0.0,0.0,0.0,0.0,0.0,0.0,0.0,0.0,0.0,0.0,0.0,0.0,0.0,0.0,0.0,0.0,0.0,0.0,0.0,0.0,0.0,0.0,0.0,0.0,0.0,0.0,0.0,0.0,0.0,0.0,0.0,0.0,1.0,0.0,0.0,0.0,0.0,0.0,0.0,0.0,0.0,0.0,0.0,0.0,0.0,0.0,0.0,0.0,0.0,0.0
0.461,0.581,0.34,0.393,0.665,0.604,0.52,0.397,0.415,0.378,0.647,0.403,0.727,0.386,0.392,0.516,0.621,0.666,0.687,0.517,0.693,0.848,0.852,0.625,0.585,0.587,0.709,0.39,0.439,0.422,0.38,0.694,0.0,1.0,0.595,0.416,0.519,0.697,0.427,0.707,0.39,0.576,0.72,0.384,0.389,0.388,0.587,0.586,0.383,0.445
0.444,0.745,0.341,0.395,0.597,0.773,0.522,0.392,0.406,0.396,0.617,0.401,0.621,0.392,0.399,0.526,0.688,0.581,0.6,0.52,0.572,0.613,0.601,0.812,0.782,0.725,0.59,0.392,0.423,0.421,0.367,0.585,0.0,0.595,1.0,0.401,0.522,0.592,0.398,0.597,0.376,0.664,0.609,0.381,0.385,0.369,0.675,0.674,0.397,0.43
0.422,0.405,0.319,0.601,0.404,0.434,0.419,0.607,0.409,0.585,0.389,0.601,0.395,0.608,0.592,0.43,0.423,0.425,0.426,0.418,0.419,0.393,0.406,0.416,0.41,0.416,0.401,0.599,0.467,0.412,0.595,0.406,0.0,0.416,0.401,1.0,0.417,0.399,0.635,0.404,0.608,0.413,0.396,0.612,0.618,0.433,0.395,0.396,0.589,0.465
0.452,0.517,0.334,0.383,0.517,0.551,0.987,0.394,0.454,0.372,0.495,0.4,0.506,0.383,0.391,0.946,0.532,0.562,0.552,0.99,0.561,0.539,0.555,0.53,0.536,0.532,0.526,0.386,0.431,0.444,0.379,0.528,0.0,0.519,0.522,0.417,1.0,0.513,0.395,0.519,0.38,0.532,0.518,0.392,0.394,0.407,0.514,0.515,0.38,0.443
0.485,0.609,0.353,0.41,0.672,0.608,0.513,0.415,0.423,0.396,0.657,0.411,0.706,0.403,0.405,0.52,0.61,0.649,0.675,0.512,0.659,0.707,0.708,0.623,0.603,0.608,0.802,0.409,0.451,0.431,0.388,0.709,0.0,0.697,0.592,0.399,0.513,1.0,0.414,0.728,0.403,0.604,0.843,0.403,0.401,0.397,0.617,0.616,0.406,0.448
0.423,0.391,0.319,0.663,0.413,0.422,0.396,0.66,0.41,0.667,0.402,0.679,0.401,0.667,0.681,0.403,0.406,0.412,0.416,0.394,0.399,0.409,0.416,0.417,0.407,0.407,0.391,0.66,0.458,0.409,0.657,0.409,0.0,0.427,0.398,0.635,0.395,0.414,1.0,0.41,0.674,0.389,0.404,0.657,0.659,0.416,0.402,0.401,0.629,0.462
0.477,0.583,0.359,0.401,0.673,0.604,0.52,0.405,0.438,0.395,0.688,0.398,0.738,0.393,0.397,0.525,0.614,0.684,0.692,0.518,0.688,0.718,0.726,0.62,0.591,0.623,0.749,0.4,0.439,0.462,0.389,0.708,0.0,0.707,0.597,0.404,0.519,0.728,0.41,1.0,0.401,0.608,0.74,0.397,0.398,0.413,0.635,0.634,0.396,0.463
0.429,0.39,0.308,0.733,0.412,0.403,0.38,0.701,0.404,0.72,0.39,0.71,0.401,0.732,0.721,0.388,0.392,0.395,0.403,0.379,0.38,0.395,0.403,0.407,0.386,0.398,0.404,0.716,0.466,0.418,0.902,0.397,0.0,0.39,0.376,0.608,0.38,0.403,0.674,0.401,1.0,0.386,0.397,0.709,0.705,0.426,0.39,0.389,0.663,0.464
0.445,0.674,0.347,0.386,0.615,0.701,0.533,0.397,0.434,0.376,0.585,0.392,0.591,0.388,0.389,0.54,0.668,0.598,0.587,0.532,0.586,0.579,0.589,0.688,0.674,0.669,0.599,0.388,0.432,0.428,0.376,0.629,0.0,0.576,0.664,0.413,0.532,0.604,0.389,0.608,0.386,1.0,0.615,0.396,0.4,0.39,0.718,0.718,0.387,0.434
0.47,0.586,0.364,0.409,0.672,0.6,0.521,0.4,0.442,0.393,0.68,0.405,0.726,0.405,0.406,0.523,0.616,0.658,0.685,0.519,0.67,0.731,0.724,0.632,0.598,0.609,0.82,0.396,0.438,0.436,0.387,0.717,0.0,0.72,0.609,0.396,0.518,0.843,0.404,0.74,0.397,0.615,1.0,0.385,0.388,0.397,0.613,0.612,0.402,0.442
0.425,0.427,0.313,0.701,0.404,0.412,0.394,0.894,0.397,0.679,0.377,0.705,0.391,0.714,0.692,0.402,0.415,0.392,0.398,0.39,0.39,0.393,0.406,0.412,0.428,0.426,0.399,0.939,0.467,0.406,0.694,0.401,0.0,0.384,0.381,0.612,0.392,0.403,0.657,0.397,0.709,0.396,0.385,1.0,0.957,0.42,0.392,0.393,0.671,0.458
0.435,0.426,0.304,0.695,0.409,0.419,0.397,0.891,0.4,0.684,0.381,0.704,0.394,0.71,0.688,0.405,0.423,0.399,0.399,0.392,0.395,0.394,0.408,0.418,0.42,0.414,0.401,0.929,0.469,0.405,0.69,0.409,0.0,0.389,0.385,0.618,0.394,0.401,0.659,0.398,0.705,0.4,0.388,0.957,1.0,0.418,0.395,0.396,0.657,0.46
0.44,0.399,0.333,0.416,0.402,0.404,0.407,0.423,0.437,0.401,0.382,0.428,0.393,0.415,0.431,0.407,0.377,0.394,0.385,0.407,0.402,0.391,0.397,0.393,0.394,0.383,0.404,0.413,0.559,0.453,0.419,0.392,0.0,0.388,0.369,0.433,0.407,0.397,0.416,0.413,0.426,0.39,0.397,0.42,0.418,1.0,0.406,0.407,0.425,0.618
0.442,0.678,0.356,0.384,0.639,0.702,0.515,0.402,0.414,0.38,0.593,0.4,0.6,0.384,0.4,0.523,0.692,0.596,0.583,0.514,0.593,0.588,0.597,0.702,0.688,0.688,0.598,0.387,0.432,0.431,0.378,0.617,0.0,0.587,0.675,0.395,0.514,0.617,0.402,0.635,0.39,0.718,0.613,0.392,0.395,0.406,1.0,0.996,0.392,0.454
0.439,0.679,0.355,0.383,0.64,0.703,0.516,0.401,0.415,0.379,0.591,0.399,0.6,0.383,0.399,0.524,0.693,0.598,0.582,0.515,0.594,0.587,0.596,0.701,0.69,0.685,0.597,0.386,0.432,0.431,0.379,0.617,0.0,0.586,0.674,0.396,0.515,0.616,0.401,0.634,0.389,0.718,0.612,0.393,0.396,0.407,0.996,1.0,0.392,0.455
0.42,0.402,0.333,0.67,0.401,0.405,0.379,0.647,0.389,0.669,0.396,0.657,0.405,0.679,0.673,0.392,0.4,0.386,0.39,0.38,0.373,0.395,0.39,0.417,0.419,0.434,0.398,0.677,0.454,0.393,0.643,0.391,0.0,0.383,0.397,0.589,0.38,0.406,0.629,0.396,0.663,0.387,0.402,0.671,0.657,0.425,0.392,0.392,1.0,0.46
0.509,0.448,0.385,0.469,0.459,0.456,0.443,0.467,0.492,0.449,0.436,0.474,0.449,0.468,0.473,0.447,0.455,0.456,0.443,0.443,0.427,0.446,0.453,0.458,0.444,0.447,0.45,0.458,0.835,0.506,0.457,0.44,0.0,0.445,0.43,0.465,0.443,0.448,0.462,0.463,0.464,0.434,0.442,0.458,0.46,0.618,0.454,0.455,0.46,1.0
