GCF_000163235.1_ASM16323v1_genomic.fna,GCF_000164555.1_ASM16455v1_genomic.fna,GCF_000208545.1_ASM20854v2_genomic.fna,GCF_000233875.1_ASM23387v1_genomic.fna,GCF_000249735.1_ASM24973v2_genomic.fna,GCF_000261145.1_Esch_coli_M919_V2_genomic.fna,GCF_000267705.2_ASM26770v2_genomic.fna,GCF_000350665.1_Esch_coli_KTE5_V1_genomic.fna,GCF_000351625.1_Esch_coli_KTE66_V1_genomic.fna,GCF_000352285.1_Esch_coli_KTE46_V1_genomic.fna,GCF_000358895.1_ASM35889v1_genomic.fna,GCF_000456385.1_Esch_coli_HVH_26_4-5703913_V1_genomic.fna,GCF_000458195.1_Esch_coli_HVH_147_4-5893887_V1_genomic.fna,GCF_000459755.1_Esch_coli_KOEGE_58_171a_V1_genomic.fna,GCF_000460055.1_Esch_coli_UMEA_3053-1_V1_genomic.fna,GCF_000462165.2_ASM46216v2_genomic.fna,GCF_000601135.1_ASM60113v1_genomic.fna,GCF_000614595.1_Ec2010EL1058_genomic.fna,GCF_000617745.1_Ec2010C-4529_genomic.fna,GCF_000618265.2_EcF6751_genomic.fna,GCF_000619005.2_Ec2009C-4052_genomic.fna,GCF_000619105.1_Ec2009C-4780_genomic.fna,GCF_000619765.2_Ec2009C-3279_genomic.fna,GCF_000687005.1_ASM68700v1_genomic.fna,GCF_000687025.1_ASM68702v1_genomic.fna,GCF_000700125.1_ASM70012v1_genomic.fna,GCF_000753315.1_FHI35_genomic.fna,GCF_000776375.1_ASM77637v1_genomic.fna,GCF_000779395.1_ASM77939v1_genomic.fna,GCF_000780315.1_ASM78031v1_genomic.fna,GCF_000781995.1_ASM78199v1_genomic.fna,GCF_000986765.1_ASM98676v1_genomic.fna,GCF_001041375.1_ViralProj287958_genomic.fna,GCF_001265335.1_302014_genomic.fna,GCF_001265625.1_100854_genomic.fna,GCF_001267345.1_303289_genomic.fna,GCF_001309985.1_ASM130998v1_genomic.fna,GCF_001521695.1_ASM152169v1_genomic.fna,GCF_001592595.1_ASM159259v1_genomic.fna,GCF_001614975.1_ASM161497v1_genomic.fna,GCF_001692775.1_ASM169277v1_genomic.fna,GCF_001748915.1_ASM174891v1_genomic.fna,GCF_001749235.1_ASM174923v1_genomic.fna,GCF_001881155.1_ASM188115v1_genomic.fna,GCF_001881345.1_ASM188134v1_genomic.fna,GCF_001892405.1_ASM189240v1_genomic.fna,GCF_001892585.1_ASM189258v1_genomic.fna,GCF_001893985.1_ASM189398v1_genomic.fna,GCF_002001595.1_ASM200159v1_genomic.fna,GCF_002002145.1_ASM200214v1_genomic.fna
1.0,0.477,0.382,0.434,0.486,0.467,0.442,0.457,0.573,0.435,0.453,0.446,0.469,0.444,0.421,0.451,0.466,0.479,0.462,0.438,0.441,0.465,0.477,0.475,0.46,0.458,0.465,0.442,0.5,0.589,0.415,0.468,0.0,0.468,0.436,0.422,0.437,0.476,0.421,0.466,0.42,0.469,0.463,0.442,0.455,0.476,0.465,0.464,0.406,0.519
0.477,1.0,0.35,0.42,0.62,0.769,0.511,0.441,0.441,0.423,0.578,0.437,0.613,0.425,0.411,0.512,0.707,0.588,0.596,0.511,0.594,0.596,0.607,0.792,0.802,0.687,0.607,0.431,0.437,0.464,0.403,0.632,0.0,0.606,0.729,0.4,0.509,0.644,0.407,0.612,0.407,0.67,0.616,0.441,0.445,0.416,0.669,0.669,0.414,0.45
0.382,0.35,1.0,0.325,0.362,0.349,0.317,0.33,0.364,0.329,0.344,0.332,0.345,0.329,0.323,0.326,0.359,0.344,0.339,0.315,0.317,0.333,0.344,0.355,0.352,0.342,0.354,0.328,0.383,0.372,0.324,0.342,0.0,0.334,0.327,0.321,0.314,0.344,0.318,0.351,0.335,0.359,0.355,0.333,0.331,0.361,0.352,0.352,0.333,0.397
0.434,0.42,0.325,1.0,0.428,0.42,0.387,0.719,0.422,0.736,0.404,0.741,0.412,0.768,0.755,0.393,0.416,0.414,0.402,0.384,0.382,0.407,0.405,0.42,0.424,0.408,0.41,0.775,0.484,0.426,0.731,0.424,0.0,0.41,0.392,0.631,0.385,0.41,0.688,0.414,0.741,0.414,0.401,0.759,0.756,0.439,0.392,0.39,0.669,0.484
0.486,0.62,0.362,0.428,1.0,0.649,0.524,0.448,0.456,0.43,0.755,0.429,0.708,0.436,0.42,0.536,0.635,0.678,0.673,0.521,0.678,0.681,0.703,0.634,0.638,0.614,0.713,0.438,0.468,0.476,0.412,0.707,0.0,0.69,0.596,0.414,0.521,0.708,0.429,0.712,0.425,0.657,0.718,0.437,0.444,0.424,0.649,0.649,0.416,0.469
0.467,0.769,0.349,0.42,0.649,1.0,0.549,0.444,0.455,0.419,0.591,0.425,0.637,0.434,0.416,0.562,0.717,0.627,0.627,0.543,0.592,0.625,0.649,0.8,0.823,0.683,0.63,0.435,0.465,0.471,0.41,0.634,0.0,0.625,0.766,0.414,0.546,0.642,0.436,0.627,0.421,0.683,0.639,0.437,0.437,0.398,0.688,0.688,0.409,0.464
0.442,0.511,0.317,0.387,0.524,0.549,1.0,0.397,0.437,0.378,0.483,0.388,0.52,0.395,0.377,0.954,0.508,0.556,0.549,0.98,0.553,0.559,0.578,0.518,0.526,0.501,0.518,0.386,0.421,0.44,0.373,0.525,0.0,0.534,0.488,0.395,0.987,0.507,0.408,0.518,0.373,0.511,0.515,0.39,0.391,0.405,0.512,0.514,0.369,0.444
0.457,0.441,0.33,0.719,0.448,0.444,0.397,1.0,0.408,0.706,0.411,0.724,0.43,0.722,0.704,0.409,0.429,0.418,0.419,0.394,0.4,0.42,0.427,0.444,0.431,0.418,0.42,0.899,0.486,0.447,0.691,0.424,0.0,0.422,0.4,0.626,0.395,0.447,0.691,0.426,0.702,0.434,0.423,0.901,0.897,0.447,0.416,0.415,0.66,0.485
0.573,0.441,0.364,0.422,0.456,0.455,0.437,0.408,1.0,0.419,0.445,0.41,0.472,0.423,0.403,0.444,0.453,0.453,0.444,0.435,0.422,0.454,0.45,0.475,0.447,0.454,0.454,0.415,0.502,0.585,0.402,0.439,0.0,0.454,0.441,0.412,0.435,0.435,0.392,0.45,0.403,0.452,0.454,0.408,0.407,0.448,0.439,0.436,0.392,0.506
0.435,0.423,0.329,0.736,0.43,0.419,0.378,0.706,0.419,1.0,0.423,0.705,0.441,0.729,0.7,0.39,0.424,0.417,0.402,0.376,0.382,0.41,0.406,0.431,0.416,0.427,0.422,0.748,0.485,0.423,0.745,0.403,0.0,0.408,0.401,0.629,0.377,0.421,0.686,0.421,0.744,0.418,0.407,0.737,0.735,0.43,0.405,0.403,0.683,0.466
0.453,0.578,0.344,0.404,0.755,0.591,0.483,0.411,0.445,0.423,1.0,0.404,0.727,0.419,0.39,0.496,0.596,0.675,0.658,0.479,0.639,0.688,0.675,0.631,0.586,0.64,0.69,0.416,0.448,0.451,0.391,0.647,0.0,0.671,0.627,0.401,0.479,0.67,0.4,0.703,0.395,0.629,0.685,0.406,0.407,0.399,0.61,0.609,0.389,0.45
0.446,0.437,0.332,0.741,0.429,0.425,0.388,0.724,0.41,0.705,0.404,1.0,0.416,0.754,0.859,0.397,0.437,0.412,0.41,0.386,0.385,0.418,0.416,0.435,0.428,0.423,0.412,0.736,0.485,0.431,0.713,0.42,0.0,0.418,0.397,0.621,0.388,0.424,0.688,0.417,0.728,0.425,0.412,0.733,0.734,0.448,0.415,0.414,0.66,0.477
0.469,0.613,0.345,0.412,0.708,0.637,0.52,0.43,0.472,0.441,0.727,0.416,1.0,0.427,0.409,0.532,0.629,0.721,0.723,0.516,0.706,0.791,0.782,0.668,0.624,0.635,0.785,0.431,0.464,0.474,0.409,0.725,0.0,0.775,0.631,0.414,0.516,0.737,0.418,0.786,0.416,0.649,0.752,0.422,0.42,0.404,0.639,0.638,0.409,0.457
0.444,0.425,0.329,0.768,0.436,0.434,0.395,0.722,0.423,0.729,0.419,0.754,0.427,1.0,0.77,0.404,0.422,0.427,0.412,0.393,0.388,0.417,0.421,0.428,0.422,0.421,0.428,0.764,0.495,0.436,0.737,0.424,0.0,0.411,0.396,0.624,0.393,0.426,0.695,0.425,0.749,0.421,0.412,0.756,0.75,0.445,0.404,0.402,0.682,0.485
0.421,0.411,0.323,0.755,0.42,0.416,0.377,0.704,0.403,0.7,0.39,0.859,0.409,0.77,1.0,0.384,0.418,0.404,0.398,0.375,0.379,0.401,0.407,0.417,0.413,0.41,0.411,0.736,0.479,0.421,0.736,0.411,0.0,0.403,0.389,0.626,0.375,0.414,0.693,0.412,0.742,0.408,0.404,0.732,0.729,0.443,0.41,0.409,0.661,0.486
0.451,0.512,0.326,0.393,0.536,0.562,0.954,0.409,0.444,0.39,0.496,0.397,0.532,0.404,0.384,1.0,0.52,0.552,0.556,0.951,0.533,0.569,0.584,0.531,0.534,0.51,0.522,0.397,0.433,0.455,0.381,0.514,0.0,0.54,0.496,0.407,0.956,0.516,0.422,0.53,0.387,0.522,0.522,0.401,0.401,0.403,0.518,0.518,0.384,0.455
0.466,0.707,0.359,0.416,0.635,0.717,0.508,0.429,0.453,0.424,0.596,0.437,0.629,0.422,0.418,0.52,1.0,0.617,0.613,0.503,0.58,0.633,0.628,0.737,0.727,0.75,0.615,0.429,0.452,0.459,0.4,0.645,0.0,0.632,0.687,0.418,0.504,0.617,0.417,0.617,0.411,0.689,0.633,0.428,0.431,0.395,0.681,0.68,0.408,0.453
0.479,0.588,0.344,0.414,0.678,0.627,0.556,0.418,0.453,0.417,0.675,0.412,0.721,0.427,0.404,0.552,0.617,1.0,0.749,0.551,0.712,0.737,0.737,0.622,0.61,0.615,0.727,0.422,0.447,0.464,0.407,0.686,0.0,0.698,0.593,0.426,0.549,0.684,0.417,0.727,0.407,0.627,0.707,0.418,0.416,0.413,0.616,0.615,0.395,0.46
0.462,0.596,0.339,0.402,0.673,0.627,0.549,0.419,0.444,0.402,0.658,0.41,0.723,0.412,0.398,0.556,0.613,0.749,1.0,0.543,0.714,0.74,0.73,0.633,0.612,0.604,0.731,0.413,0.439,0.455,0.389,0.685,0.0,0.703,0.598,0.412,0.542,0.697,0.417,0.732,0.392,0.633,0.716,0.41,0.409,0.406,0.605,0.605,0.384,0.45
0.438,0.511,0.315,0.384,0.521,0.543,0.98,0.394,0.435,0.376,0.479,0.386,0.516,0.393,0.375,0.951,0.503,0.551,0.543,1.0,0.551,0.555,0.576,0.514,0.524,0.496,0.514,0.383,0.416,0.44,0.371,0.521,0.0,0.531,0.483,0.393,0.986,0.503,0.405,0.515,0.371,0.505,0.509,0.387,0.388,0.405,0.509,0.511,0.367,0.439
0.441,0.594,0.317,0.382,0.678,0.592,0.553,0.4,0.422,0.382,0.639,0.385,0.706,0.388,0.379,0.533,0.58,0.712,0.714,0.551,1.0,0.717,0.738,0.591,0.59,0.565,0.714,0.398,0.408,0.439,0.37,0.712,0.0,0.701,0.564,0.397,0.551,0.702,0.394,0.7,0.378,0.593,0.708,0.397,0.4,0.406,0.601,0.603,0.37,0.425
0.465,0.596,0.333,0.407,0.681,0.625,0.559,0.42,0.454,0.41,0.688,0.418,0.791,0.417,0.401,0.569,0.633,0.737,0.74,0.555,0.717,1.0,0.912,0.646,0.622,0.613,0.752,0.424,0.438,0.45,0.395,0.709,0.0,0.862,0.61,0.406,0.556,0.716,0.413,0.747,0.398,0.635,0.74,0.417,0.415,0.397,0.617,0.617,0.393,0.452
0.477,0.607,0.344,0.405,0.703,0.649,0.578,0.427,0.45,0.406,0.675,0.416,0.782,0.421,0.407,0.584,0.628,0.737,0.73,0.576,0.738,0.912,1.0,0.634,0.63,0.602,0.76,0.418,0.447,0.458,0.399,0.729,0.0,0.855,0.602,0.415,0.574,0.736,0.424,0.742,0.404,0.643,0.747,0.42,0.421,0.402,0.636,0.636,0.397,0.456
0.475,0.792,0.355,0.42,0.634,0.8,0.518,0.444,0.475,0.431,0.631,0.435,0.668,0.428,0.417,0.531,0.737,0.622,0.633,0.514,0.591,0.646,0.634,1.0,0.82,0.731,0.639,0.44,0.457,0.472,0.405,0.638,0.0,0.636,0.806,0.417,0.514,0.625,0.409,0.644,0.414,0.697,0.636,0.433,0.433,0.398,0.679,0.678,0.402,0.454
0.46,0.802,0.352,0.424,0.638,0.823,0.526,0.431,0.447,0.416,0.586,0.428,0.624,0.422,0.413,0.534,0.727,0.61,0.612,0.524,0.59,0.622,0.63,0.82,1.0,0.715,0.627,0.427,0.438,0.462,0.404,0.646,0.0,0.62,0.786,0.41,0.524,0.619,0.418,0.624,0.408,0.689,0.628,0.435,0.437,0.398,0.674,0.674,0.416,0.455
0.458,0.687,0.342,0.408,0.614,0.683,0.501,0.418,0.454,0.427,0.64,0.423,0.635,0.421,0.41,0.51,0.75,0.615,0.604,0.496,0.565,0.613,0.602,0.731,0.715,1.0,0.604,0.421,0.459,0.45,0.398,0.595,0.0,0.61,0.704,0.409,0.497,0.595,0.409,0.63,0.403,0.673,0.598,0.427,0.421,0.397,0.656,0.655,0.414,0.456
0.465,0.607,0.354,0.41,0.713,0.63,0.518,0.42,0.454,0.422,0.69,0.412,0.785,0.428,0.411,0.522,0.615,0.727,0.731,0.514,0.714,0.752,0.76,0.639,0.627,0.604,1.0,0.42,0.457,0.459,0.409,0.735,0.0,0.739,0.605,0.414,0.515,0.821,0.403,0.788,0.412,0.64,0.843,0.418,0.414,0.416,0.621,0.62,0.403,0.466
0.442,0.431,0.328,0.775,0.438,0.435,0.386,0.899,0.415,0.748,0.416,0.736,0.431,0.764,0.736,0.397,0.429,0.422,0.413,0.383,0.398,0.424,0.418,0.44,0.427,0.421,0.42,1.0,0.494,0.439,0.721,0.423,0.0,0.419,0.405,0.636,0.384,0.436,0.691,0.42,0.739,0.425,0.41,0.967,0.947,0.438,0.412,0.41,0.682,0.475
0.5,0.437,0.383,0.484,0.468,0.465,0.421,0.486,0.502,0.485,0.448,0.485,0.464,0.495,0.479,0.433,0.452,0.447,0.439,0.416,0.408,0.438,0.447,0.457,0.438,0.459,0.457,0.494,1.0,0.51,0.466,0.438,0.0,0.438,0.437,0.46,0.42,0.459,0.469,0.448,0.472,0.441,0.452,0.486,0.482,0.558,0.424,0.422,0.459,0.82
0.589,0.464,0.372,0.426,0.476,0.471,0.44,0.447,0.585,0.423,0.451,0.431,0.474,0.436,0.421,0.455,0.459,0.464,0.455,0.44,0.439,0.45,0.458,0.472,0.462,0.45,0.459,0.439,0.51,1.0,0.415,0.446,0.0,0.45,0.444,0.428,0.441,0.457,0.421,0.468,0.424,0.47,0.464,0.441,0.441,0.487,0.466,0.464,0.419,0.528
0.415,0.403,0.324,0.731,0.412,0.41,0.373,0.691,0.402,0.745,0.391,0.713,0.409,0.737,0.736,0.381,0.4,0.407,0.389,0.371,0.37,0.395,0.399,0.405,0.404,0.398,0.409,0.721,0.466,0.415,1.0,0.393,0.0,0.4,0.374,0.625,0.372,0.399,0.673,0.407,0.912,0.403,0.393,0.719,0.714,0.425,0.385,0.383,0.657,0.456
0.468,0.632,0.342,0.424,0.707,0.634,0.525,0.424,0.439,0.403,0.647,0.42,0.725,0.424,0.411,0.514,0.645,0.686,0.685,0.521,0.712,0.709,0.729,0.638,0.646,0.595,0.735,0.423,0.438,0.446,0.393,1.0,0.0,0.712,0.585,0.403,0.521,0.751,0.406,0.736,0.392,0.633,0.748,0.421,0.429,0.403,0.645,0.646,0.398,0.447
0.0,0.0,0.0,0.0,0.0,0.0,0.0,0.0,0.0,0.0,0.0,0.0,0.0,0.0,0.0,0.0,0.0,0.0,0.0,0.0,0.0,0.0,0.0,0.0,0.0,0.0,0.0,0.0,0.0,0.0,0.0,0.0,1.0,0.0,0.0,0.0,0.0,0.0,0.0,0.0,0.0,0.0,0.0,0.0,0.0,0.0,0.0,0.0,0.0,0.0
0.468,0.606,0.334,0.41,0.69,0.625,0.534,0.422,0.454,0.408,0.671,0.418,0.775,0.411,0.403,0.54,0.632,0.698,0.703,0.531,0.701,0.862,0.855,0.636,0.62,0.61,0.739,0.419,0.438,0.45,0.4,0.712,0.0,1.0,0.603,0.409,0.531,0.723,0.416,0.74,0.401,0.64,0.745,0.414,0.418,0.4,0.619,0.619,0.387,0.458
0.436,0.729,0.327,0.392,0.596,0.766,0.488,0.4,0.441,0.401,0.627,0.397,0.631,0.396,0.389,0.496,0.687,0.593,0.598,0.483,0.564,0.61,0.602,0.806,0.786,0.704,0.605,0.405,0.437,0.444,0.374,0.585,0.0,0.603,1.0,0.378,0.484,0.583,0.386,0.608,0.376,0.653,0.609,0.395,0.398,0.374,0.631,0.63,0.369,0.429
0.422,0.4,0.321,0.631,0.414,0.414,0.395,0.626,0.412,0.629,0.401,0.621,0.414,0.624,0.626,0.407,0.418,0.426,0.412,0.393,0.397,0.406,0.415,0.417,0.41,0.409,0.414,0.636,0.46,0.428,0.625,0.403,0.0,0.409,0.378,1.0,0.393,0.406,0.645,0.42,0.634,0.412,0.409,0.634,0.637,0.43,0.396,0.394,0.613,0.478
0.437,0.509,0.314,0.385,0.521,0.546,0.987,0.395,0.435,0.377,0.479,0.388,0.516,0.393,0.375,0.956,0.504,0.549,0.542,0.986,0.551,0.556,0.574,0.514,0.524,0.497,0.515,0.384,0.42,0.441,0.372,0.521,0.0,0.531,0.484,0.393,1.0,0.504,0.403,0.515,0.372,0.507,0.511,0.389,0.39,0.404,0.51,0.512,0.367,0.441
0.476,0.644,0.344,0.41,0.708,0.642,0.507,0.447,0.435,0.421,0.67,0.424,0.737,0.426,0.414,0.516,0.617,0.684,0.697,0.503,0.702,0.716,0.736,0.625,0.619,0.595,0.821,0.436,0.459,0.457,0.399,0.751,0.0,0.723,0.583,0.406,0.504,1.0,0.419,0.744,0.405,0.634,0.856,0.44,0.435,0.41,0.647,0.647,0.415,0.46
0.421,0.407,0.318,0.688,0.429,0.436,0.408,0.691,0.392,0.686,0.4,0.688,0.418,0.695,0.693,0.422,0.417,0.417,0.417,0.405,0.394,0.413,0.424,0.409,0.418,0.409,0.403,0.691,0.469,0.421,0.673,0.406,0.0,0.416,0.386,0.645,0.403,0.419,1.0,0.414,0.681,0.419,0.411,0.693,0.699,0.431,0.408,0.406,0.65,0.474
0.466,0.612,0.351,0.414,0.712,0.627,0.518,0.426,0.45,0.421,0.703,0.417,0.786,0.425,0.412,0.53,0.617,0.727,0.732,0.515,0.7,0.747,0.742,0.644,0.624,0.63,0.788,0.42,0.448,0.468,0.407,0.736,0.0,0.74,0.608,0.42,0.515,0.744,0.414,1.0,0.411,0.64,0.765,0.414,0.418,0.417,0.637,0.636,0.387,0.473
0.42,0.407,0.335,0.741,0.425,0.421,0.373,0.702,0.403,0.744,0.395,0.728,0.416,0.749,0.742,0.387,0.411,0.407,0.392,0.371,0.378,0.398,0.404,0.414,0.408,0.403,0.412,0.739,0.472,0.424,0.912,0.392,0.0,0.401,0.376,0.634,0.372,0.405,0.681,0.411,1.0,0.412,0.391,0.738,0.731,0.425,0.393,0.391,0.664,0.459
0.469,0.67,0.359,0.414,0.657,0.683,0.511,0.434,0.452,0.418,0.629,0.425,0.649,0.421,0.408,0.522,0.689,0.627,0.633,0.505,0.593,0.635,0.643,0.697,0.689,0.673,0.64,0.425,0.441,0.47,0.403,0.633,0.0,0.64,0.653,0.412,0.507,0.634,0.419,0.64,0.412,1.0,0.667,0.426,0.427,0.401,0.721,0.72,0.401,0.456
0.463,0.616,0.355,0.401,0.718,0.639,0.515,0.423,0.454,0.407,0.685,0.412,0.752,0.412,0.404,0.522,0.633,0.707,0.716,0.509,0.708,0.74,0.747,0.636,0.628,0.598,0.843,0.41,0.452,0.464,0.393,0.748,0.0,0.745,0.609,0.409,0.511,0.856,0.411,0.765,0.391,0.667,1.0,0.413,0.412,0.412,0.634,0.634,0.396,0.463
0.442,0.441,0.333,0.759,0.437,0.437,0.39,0.901,0.408,0.737,0.406,0.733,0.422,0.756,0.732,0.401,0.428,0.418,0.41,0.387,0.397,0.417,0.42,0.433,0.435,0.427,0.418,0.967,0.486,0.441,0.719,0.421,0.0,0.414,0.395,0.634,0.389,0.44,0.693,0.414,0.738,0.426,0.413,1.0,0.963,0.442,0.413,0.412,0.693,0.476
0.455,0.445,0.331,0.756,0.444,0.437,0.391,0.897,0.407,0.735,0.407,0.734,0.42,0.75,0.729,0.401,0.431,0.416,0.409,0.388,0.4,0.415,0.421,0.433,0.437,0.421,0.414,0.947,0.482,0.441,0.714,0.429,0.0,0.418,0.398,0.637,0.39,0.435,0.699,0.418,0.731,0.427,0.412,0.963,1.0,0.441,0.417,0.416,0.679,0.479
0.476,0.416,0.361,0.439,0.424,0.398,0.405,0.447,0.448,0.43,0.399,0.448,0.404,0.445,0.443,0.403,0.395,0.413,0.406,0.405,0.406,0.397,0.402,0.398,0.398,0.397,0.416,0.438,0.558,0.487,0.425,0.403,0.0,0.4,0.374,0.43,0.404,0.41,0.431,0.417,0.425,0.401,0.412,0.442,0.441,1.0,0.421,0.423,0.424,0.616
0.465,0.669,0.352,0.392,0.649,0.688,0.512,0.416,0.439,0.405,0.61,0.415,0.639,0.404,0.41,0.518,0.681,0.616,0.605,0.509,0.601,0.617,0.636,0.679,0.674,0.656,0.621,0.412,0.424,0.466,0.385,0.645,0.0,0.619,0.631,0.396,0.51,0.647,0.408,0.637,0.393,0.721,0.634,0.413,0.417,0.421,1.0,0.997,0.391,0.447
0.464,0.669,0.352,0.39,0.649,0.688,0.514,0.415,0.436,0.403,0.609,0.414,0.638,0.402,0.409,0.518,0.68,0.615,0.605,0.511,0.603,0.617,0.636,0.678,0.674,0.655,0.62,0.41,0.422,0.464,0.383,0.646,0.0,0.619,0.63,0.394,0.512,0.647,0.406,0.636,0.391,0.72,0.634,0.412,0.416,0.423,0.997,1.0,0.39,0.445
0.406,0.414,0.333,0.669,0.416,0.409,0.369,0.66,0.392,0.683,0.389,0.66,0.409,0.682,0.661,0.384,0.408,0.395,0.384,0.367,0.37,0.393,0.397,0.402,0.416,0.414,0.403,0.682,0.459,0.419,0.657,0.398,0.0,0.387,0.369,0.613,0.367,0.415,0.65,0.387,0.664,0.401,0.396,0.693,0.679,0.424,0.391,0.39,1.0,0.463
0.519,0.45,0.397,0.484,0.469,0.464,0.444,0.485,0.506,0.466,0.45,0.477,0.457,0.485,0.486,0.455,0.453,0.46,0.45,0.439,0.425,0.452,0.456,0.454,0.455,0.456,0.466,0.475,0.82,0.528,0.456,0.447,0.0,0.458,0.429,0.478,0.441,0.46,0.474,0.473,0.459,0.456,0.463,0.476,0.479,0.616,0.447,0.445,0.463,1.0
