GCF_000163235.1_ASM16323v1_genomic.fna,GCF_000164555.1_ASM16455v1_genomic.fna,GCF_000208545.1_ASM20854v2_genomic.fna,GCF_000233875.1_ASM23387v1_genomic.fna,GCF_000249735.1_ASM24973v2_genomic.fna,GCF_000261145.1_Esch_coli_M919_V2_genomic.fna,GCF_000267705.2_ASM26770v2_genomic.fna,GCF_000350665.1_Esch_coli_KTE5_V1_genomic.fna,GCF_000351625.1_Esch_coli_KTE66_V1_genomic.fna,GCF_000352285.1_Esch_coli_KTE46_V1_genomic.fna,GCF_000358895.1_ASM35889v1_genomic.fna,GCF_000456385.1_Esch_coli_HVH_26_4-5703913_V1_genomic.fna,GCF_000458195.1_Esch_coli_HVH_147_4-5893887_V1_genomic.fna,GCF_000459755.1_Esch_coli_KOEGE_58_171a_V1_genomic.fna,GCF_000460055.1_Esch_coli_UMEA_3053-1_V1_genomic.fna,GCF_000462165.2_ASM46216v2_genomic.fna,GCF_000601135.1_ASM60113v1_genomic.fna,GCF_000614595.1_Ec2010EL1058_genomic.fna,GCF_000617745.1_Ec2010C-4529_genomic.fna,GCF_000618265.2_EcF6751_genomic.fna,GCF_000619005.2_Ec2009C-4052_genomic.fna,GCF_000619105.1_Ec2009C-4780_genomic.fna,GCF_000619765.2_Ec2009C-3279_genomic.fna,GCF_000687005.1_ASM68700v1_genomic.fna,GCF_000687025.1_ASM68702v1_genomic.fna,GCF_000700125.1_ASM70012v1_genomic.fna,GCF_000753315.1_FHI35_genomic.fna,GCF_000776375.1_ASM77637v1_genomic.fna,GCF_000779395.1_ASM77939v1_genomic.fna,GCF_000780315.1_ASM78031v1_genomic.fna,GCF_000781995.1_ASM78199v1_genomic.fna,GCF_000986765.1_ASM98676v1_genomic.fna,GCF_001041375.1_ViralProj287958_genomic.fna,GCF_001265335.1_302014_genomic.fna,GCF_001265625.1_100854_genomic.fna,GCF_001267345.1_303289_genomic.fna,GCF_001309985.1_ASM130998v1_genomic.fna,GCF_001521695.1_ASM152169v1_genomic.fna,GCF_001592595.1_ASM159259v1_genomic.fna,GCF_001614975.1_ASM161497v1_genomic.fna,GCF_001692775.1_ASM169277v1_genomic.fna,GCF_001748915.1_ASM174891v1_genomic.fna,GCF_001749235.1_ASM174923v1_genomic.fna,GCF_001881155.1_ASM188115v1_genomic.fna,GCF_001881345.1_ASM188134v1_genomic.fna,GCF_001892405.1_ASM189240v1_genomic.fna,GCF_001892585.1_ASM189258v1_genomic.fna,GCF_001893985.1_ASM189398v1_genomic.fna,GCF_002001595.1_ASM200159v1_genomic.fna,GCF_002002145.1_ASM200214v1_genomic.fna
1.0,0.901,0.893,0.887,0.904,0.892,0.896,0.889,0.916,0.888,0.888,0.893,0.906,0.886,0.886,0.897,0.902,0.897,0.9,0.895,0.888,0.889,0.894,0.906,0.897,0.905,0.898,0.893,0.905,0.92,0.873,0.883,0.014,0.895,0.895,0.887,0.895,0.893,0.876,0.897,0.883,0.906,0.903,0.886,0.896,0.885,0.887,0.887,0.881,0.902
0.901,1.0,0.892,0.891,0.911,0.948,0.91,0.899,0.884,0.88,0.895,0.902,0.917,0.89,0.892,0.915,0.932,0.924,0.925,0.911,0.914,0.915,0.926,0.938,0.942,0.919,0.922,0.888,0.897,0.894,0.9,0.924,0.016,0.917,0.919,0.887,0.91,0.922,0.903,0.921,0.895,0.927,0.918,0.898,0.892,0.902,0.927,0.927,0.884,0.904
0.893,0.892,1.0,0.887,0.892,0.891,0.897,0.888,0.889,0.871,0.873,0.885,0.893,0.887,0.881,0.897,0.896,0.898,0.896,0.897,0.895,0.891,0.892,0.895,0.9,0.884,0.892,0.889,0.894,0.893,0.875,0.885,0.013,0.892,0.882,0.885,0.897,0.891,0.877,0.899,0.886,0.895,0.897,0.889,0.89,0.877,0.893,0.893,0.875,0.897
0.887,0.891,0.887,1.0,0.886,0.891,0.89,0.933,0.881,0.932,0.871,0.944,0.89,0.947,0.953,0.889,0.888,0.897,0.896,0.889,0.894,0.888,0.888,0.892,0.891,0.886,0.895,0.945,0.897,0.884,0.928,0.888,0.018,0.888,0.88,0.918,0.89,0.895,0.928,0.897,0.944,0.898,0.896,0.943,0.95,0.888,0.891,0.891,0.926,0.901
0.904,0.911,0.892,0.886,1.0,0.914,0.904,0.889,0.904,0.892,0.935,0.885,0.938,0.889,0.882,0.907,0.919,0.925,0.93,0.905,0.928,0.933,0.931,0.918,0.914,0.925,0.935,0.893,0.906,0.905,0.875,0.919,0.016,0.927,0.92,0.887,0.904,0.936,0.883,0.935,0.885,0.922,0.939,0.887,0.896,0.887,0.925,0.925,0.884,0.905
0.892,0.948,0.891,0.891,0.914,1.0,0.91,0.903,0.888,0.879,0.894,0.89,0.917,0.889,0.89,0.908,0.923,0.918,0.922,0.912,0.917,0.917,0.93,0.937,0.94,0.916,0.92,0.889,0.899,0.885,0.897,0.928,0.016,0.924,0.923,0.887,0.91,0.923,0.909,0.922,0.891,0.924,0.918,0.896,0.889,0.899,0.923,0.923,0.887,0.897
0.896,0.91,0.897,0.89,0.904,0.91,1.0,0.902,0.89,0.876,0.884,0.894,0.906,0.89,0.897,0.985,0.91,0.924,0.918,0.995,0.922,0.909,0.924,0.903,0.905,0.896,0.901,0.888,0.898,0.902,0.886,0.916,0.014,0.913,0.889,0.887,0.997,0.907,0.898,0.907,0.893,0.913,0.91,0.894,0.888,0.892,0.912,0.912,0.877,0.898
0.889,0.899,0.888,0.933,0.889,0.903,0.902,1.0,0.882,0.924,0.868,0.928,0.891,0.933,0.928,0.9,0.887,0.895,0.897,0.902,0.899,0.891,0.903,0.889,0.888,0.878,0.894,0.969,0.897,0.885,0.931,0.904,0.018,0.891,0.874,0.916,0.901,0.901,0.932,0.892,0.933,0.896,0.899,0.972,0.961,0.901,0.893,0.893,0.922,0.897
0.916,0.884,0.889,0.881,0.904,0.888,0.89,0.882,1.0,0.892,0.891,0.88,0.9,0.881,0.885,0.891,0.889,0.9,0.897,0.891,0.887,0.895,0.896,0.895,0.892,0.897,0.902,0.889,0.899,0.927,0.872,0.876,0.018,0.888,0.895,0.889,0.891,0.89,0.87,0.892,0.883,0.897,0.899,0.884,0.885,0.877,0.885,0.885,0.882,0.903
0.888,0.88,0.871,0.932,0.892,0.879,0.876,0.924,0.892,1.0,0.875,0.934,0.894,0.933,0.935,0.879,0.876,0.881,0.887,0.875,0.881,0.874,0.876,0.881,0.879,0.888,0.89,0.934,0.886,0.891,0.926,0.874,0.018,0.879,0.879,0.92,0.875,0.878,0.918,0.884,0.934,0.885,0.885,0.926,0.941,0.876,0.878,0.878,0.93,0.89
0.888,0.895,0.873,0.871,0.935,0.894,0.884,0.868,0.891,0.875,1.0,0.866,0.93,0.877,0.863,0.885,0.907,0.914,0.92,0.884,0.907,0.922,0.917,0.904,0.909,0.913,0.922,0.875,0.885,0.89,0.859,0.898,0.015,0.914,0.906,0.874,0.883,0.916,0.865,0.925,0.869,0.908,0.921,0.869,0.881,0.86,0.904,0.904,0.867,0.887
0.893,0.902,0.885,0.944,0.885,0.89,0.894,0.928,0.88,0.934,0.866,1.0,0.885,0.948,0.963,0.895,0.89,0.896,0.896,0.892,0.897,0.886,0.889,0.891,0.889,0.89,0.892,0.935,0.902,0.888,0.93,0.887,0.018,0.889,0.875,0.923,0.892,0.89,0.938,0.892,0.941,0.896,0.897,0.936,0.944,0.895,0.893,0.893,0.925,0.901
0.906,0.917,0.893,0.89,0.938,0.917,0.906,0.891,0.9,0.894,0.93,0.885,1.0,0.895,0.889,0.91,0.928,0.936,0.948,0.904,0.936,0.948,0.948,0.923,0.927,0.918,0.949,0.895,0.912,0.907,0.884,0.914,0.014,0.941,0.92,0.891,0.905,0.936,0.886,0.946,0.887,0.929,0.949,0.889,0.898,0.891,0.922,0.922,0.89,0.919
0.886,0.89,0.887,0.947,0.889,0.889,0.89,0.933,0.881,0.933,0.877,0.948,0.895,1.0,0.947,0.889,0.899,0.901,0.905,0.888,0.897,0.898,0.895,0.894,0.893,0.889,0.903,0.946,0.896,0.884,0.931,0.892,0.017,0.896,0.879,0.923,0.888,0.895,0.926,0.901,0.947,0.902,0.903,0.941,0.949,0.89,0.893,0.893,0.926,0.902
0.886,0.892,0.881,0.953,0.882,0.89,0.897,0.928,0.885,0.935,0.863,0.963,0.889,0.947,1.0,0.897,0.887,0.895,0.892,0.896,0.892,0.889,0.892,0.885,0.882,0.886,0.891,0.931,0.904,0.888,0.938,0.888,0.018,0.889,0.871,0.922,0.897,0.889,0.939,0.889,0.949,0.895,0.891,0.935,0.934,0.902,0.894,0.894,0.924,0.905
0.897,0.915,0.897,0.889,0.907,0.908,0.985,0.9,0.891,0.879,0.885,0.895,0.91,0.889,0.897,1.0,0.912,0.924,0.92,0.985,0.918,0.91,0.92,0.903,0.903,0.901,0.904,0.888,0.899,0.902,0.882,0.911,0.014,0.913,0.89,0.888,0.985,0.907,0.896,0.908,0.893,0.913,0.912,0.894,0.89,0.89,0.912,0.912,0.881,0.898
0.902,0.932,0.896,0.888,0.919,0.923,0.91,0.887,0.889,0.876,0.907,0.89,0.928,0.899,0.887,0.912,1.0,0.927,0.937,0.909,0.919,0.926,0.93,0.939,0.942,0.935,0.927,0.889,0.901,0.893,0.877,0.916,0.013,0.932,0.924,0.895,0.909,0.921,0.881,0.928,0.886,0.938,0.934,0.886,0.895,0.883,0.924,0.924,0.884,0.903
0.897,0.924,0.898,0.897,0.925,0.918,0.924,0.895,0.9,0.881,0.914,0.896,0.936,0.901,0.895,0.924,0.927,1.0,0.959,0.923,0.939,0.947,0.946,0.924,0.923,0.912,0.937,0.897,0.909,0.904,0.884,0.927,0.016,0.94,0.913,0.901,0.923,0.933,0.892,0.939,0.898,0.935,0.939,0.894,0.898,0.889,0.933,0.933,0.888,0.914
0.9,0.925,0.896,0.896,0.93,0.922,0.918,0.897,0.897,0.887,0.92,0.896,0.948,0.905,0.892,0.92,0.937,0.959,1.0,0.918,0.944,0.953,0.951,0.928,0.936,0.924,0.947,0.897,0.911,0.903,0.883,0.926,0.014,0.945,0.921,0.903,0.917,0.938,0.892,0.949,0.892,0.94,0.947,0.891,0.902,0.89,0.93,0.93,0.893,0.917
0.895,0.911,0.897,0.889,0.905,0.912,0.995,0.902,0.891,0.875,0.884,0.892,0.904,0.888,0.896,0.985,0.909,0.923,0.918,1.0,0.919,0.908,0.923,0.902,0.905,0.897,0.903,0.888,0.897,0.903,0.888,0.917,0.014,0.914,0.887,0.887,0.997,0.907,0.899,0.907,0.894,0.913,0.91,0.894,0.887,0.892,0.913,0.913,0.878,0.897
0.888,0.914,0.895,0.894,0.928,0.917,0.922,0.899,0.887,0.881,0.907,0.897,0.936,0.897,0.892,0.918,0.919,0.939,0.944,0.919,1.0,0.949,0.952,0.918,0.921,0.913,0.936,0.894,0.905,0.895,0.883,0.924,0.015,0.944,0.905,0.891,0.919,0.932,0.894,0.934,0.892,0.93,0.94,0.897,0.898,0.889,0.925,0.925,0.882,0.906
0.889,0.915,0.891,0.888,0.933,0.917,0.909,0.891,0.895,0.874,0.922,0.886,0.948,0.898,0.889,0.91,0.926,0.947,0.953,0.908,0.949,1.0,0.974,0.921,0.924,0.914,0.941,0.893,0.916,0.899,0.88,0.916,0.013,0.958,0.914,0.889,0.908,0.939,0.887,0.946,0.89,0.928,0.947,0.892,0.896,0.887,0.926,0.926,0.886,0.919
0.894,0.926,0.892,0.888,0.931,0.93,0.924,0.903,0.896,0.876,0.917,0.889,0.948,0.895,0.892,0.92,0.93,0.946,0.951,0.923,0.952,0.974,1.0,0.919,0.925,0.91,0.944,0.896,0.915,0.9,0.887,0.932,0.014,0.96,0.91,0.895,0.923,0.942,0.894,0.946,0.889,0.93,0.943,0.903,0.897,0.895,0.926,0.926,0.885,0.916
0.906,0.938,0.895,0.892,0.918,0.937,0.903,0.889,0.895,0.881,0.904,0.891,0.923,0.894,0.885,0.903,0.939,0.924,0.928,0.902,0.918,0.921,0.919,1.0,0.953,0.937,0.924,0.891,0.899,0.897,0.877,0.909,0.014,0.919,0.941,0.893,0.901,0.917,0.887,0.925,0.886,0.927,0.921,0.886,0.891,0.887,0.923,0.923,0.884,0.9
0.897,0.942,0.9,0.891,0.914,0.94,0.905,0.888,0.892,0.879,0.909,0.889,0.927,0.893,0.882,0.903,0.942,0.923,0.936,0.905,0.921,0.924,0.925,0.953,1.0,0.941,0.928,0.89,0.902,0.9,0.885,0.916,0.015,0.918,0.941,0.892,0.904,0.923,0.886,0.929,0.888,0.933,0.928,0.888,0.89,0.886,0.922,0.922,0.882,0.906
0.905,0.919,0.884,0.886,0.925,0.916,0.896,0.878,0.897,0.888,0.913,0.89,0.918,0.889,0.886,0.901,0.935,0.912,0.924,0.897,0.913,0.914,0.91,0.937,0.941,1.0,0.919,0.886,0.891,0.901,0.873,0.901,0.015,0.913,0.935,0.887,0.895,0.913,0.878,0.917,0.88,0.929,0.919,0.882,0.888,0.877,0.917,0.917,0.879,0.893
0.898,0.922,0.892,0.895,0.935,0.92,0.901,0.894,0.902,0.89,0.922,0.892,0.949,0.903,0.891,0.904,0.927,0.937,0.947,0.903,0.936,0.941,0.944,0.924,0.928,0.919,1.0,0.899,0.91,0.906,0.886,0.924,0.015,0.936,0.913,0.899,0.902,0.951,0.892,0.943,0.896,0.937,0.962,0.897,0.899,0.888,0.917,0.917,0.893,0.913
0.893,0.888,0.889,0.945,0.893,0.889,0.888,0.969,0.889,0.934,0.875,0.935,0.895,0.946,0.931,0.888,0.889,0.897,0.897,0.888,0.894,0.893,0.896,0.891,0.89,0.886,0.899,1.0,0.899,0.894,0.927,0.895,0.018,0.891,0.873,0.92,0.888,0.899,0.922,0.898,0.941,0.897,0.9,0.984,0.981,0.893,0.893,0.893,0.926,0.901
0.905,0.897,0.894,0.897,0.906,0.899,0.898,0.897,0.899,0.886,0.885,0.902,0.912,0.896,0.904,0.899,0.901,0.909,0.911,0.897,0.905,0.916,0.915,0.899,0.902,0.891,0.91,0.899,1.0,0.904,0.887,0.898,0.014,0.914,0.889,0.902,0.897,0.91,0.891,0.912,0.896,0.907,0.909,0.9,0.901,0.905,0.902,0.902,0.889,0.96
0.92,0.894,0.893,0.884,0.905,0.885,0.902,0.885,0.927,0.891,0.89,0.888,0.907,0.884,0.888,0.902,0.893,0.904,0.903,0.903,0.895,0.899,0.9,0.897,0.9,0.901,0.906,0.894,0.904,1.0,0.876,0.884,0.016,0.895,0.888,0.888,0.902,0.898,0.876,0.903,0.89,0.898,0.909,0.886,0.889,0.878,0.896,0.896,0.886,0.905
0.873,0.9,0.875,0.928,0.875,0.897,0.886,0.931,0.872,0.926,0.859,0.93,0.884,0.931,0.938,0.882,0.877,0.884,0.883,0.888,0.883,0.88,0.887,0.877,0.885,0.873,0.886,0.927,0.887,0.876,1.0,0.894,0.018,0.886,0.864,0.913,0.888,0.885,0.933,0.883,0.963,0.884,0.884,0.933,0.929,0.901,0.886,0.886,0.916,0.891
0.883,0.924,0.885,0.888,0.919,0.928,0.916,0.904,0.876,0.874,0.898,0.887,0.914,0.892,0.888,0.911,0.916,0.927,0.926,0.917,0.924,0.916,0.932,0.909,0.916,0.901,0.924,0.895,0.898,0.884,0.894,1.0,0.016,0.921,0.898,0.888,0.917,0.929,0.902,0.924,0.892,0.919,0.934,0.899,0.895,0.894,0.919,0.919,0.886,0.896
0.014,0.016,0.013,0.018,0.016,0.016,0.014,0.018,0.018,0.018,0.015,0.018,0.014,0.017,0.018,0.014,0.013,0.016,0.014,0.014,0.015,0.013,0.014,0.014,0.015,0.015,0.015,0.018,0.014,0.016,0.018,0.016,1.0,0.013,0.014,0.017,0.014,0.016,0.018,0.014,0.018,0.016,0.018,0.018,0.018,0.016,0.014,0.014,0.017,0.016
0.895,0.917,0.892,0.888,0.927,0.924,0.913,0.891,0.888,0.879,0.914,0.889,0.941,0.896,0.889,0.913,0.932,0.94,0.945,0.914,0.944,0.958,0.96,0.919,0.918,0.913,0.936,0.891,0.914,0.895,0.886,0.921,0.013,1.0,0.909,0.895,0.914,0.932,0.895,0.941,0.889,0.929,0.938,0.893,0.899,0.886,0.925,0.925,0.888,0.911
0.895,0.919,0.882,0.88,0.92,0.923,0.889,0.874,0.895,0.879,0.906,0.875,0.92,0.879,0.871,0.89,0.924,0.913,0.921,0.887,0.905,0.914,0.91,0.941,0.941,0.935,0.913,0.873,0.889,0.888,0.864,0.898,0.014,0.909,1.0,0.883,0.886,0.91,0.873,0.916,0.877,0.918,0.919,0.867,0.876,0.87,0.91,0.91,0.869,0.887
0.887,0.887,0.885,0.918,0.887,0.887,0.887,0.916,0.889,0.92,0.874,0.923,0.891,0.923,0.922,0.888,0.895,0.901,0.903,0.887,0.891,0.889,0.895,0.893,0.892,0.887,0.899,0.92,0.902,0.888,0.913,0.888,0.017,0.895,0.883,1.0,0.887,0.892,0.925,0.9,0.926,0.895,0.897,0.915,0.922,0.878,0.886,0.886,0.917,0.904
0.895,0.91,0.897,0.89,0.904,0.91,0.997,0.901,0.891,0.875,0.883,0.892,0.905,0.888,0.897,0.985,0.909,0.923,0.917,0.997,0.919,0.908,0.923,0.901,0.904,0.895,0.902,0.888,0.897,0.902,0.888,0.917,0.014,0.914,0.886,0.887,1.0,0.906,0.897,0.907,0.894,0.912,0.91,0.894,0.887,0.892,0.911,0.911,0.877,0.897
0.893,0.922,0.891,0.895,0.936,0.923,0.907,0.901,0.89,0.878,0.916,0.89,0.936,0.895,0.889,0.907,0.921,0.933,0.938,0.907,0.932,0.939,0.942,0.917,0.923,0.913,0.951,0.899,0.91,0.898,0.885,0.929,0.016,0.932,0.91,0.892,0.906,1.0,0.886,0.945,0.893,0.93,0.956,0.899,0.895,0.891,0.932,0.932,0.887,0.912
0.876,0.903,0.877,0.928,0.883,0.909,0.898,0.932,0.87,0.918,0.865,0.938,0.886,0.926,0.939,0.896,0.881,0.892,0.892,0.899,0.894,0.887,0.894,0.887,0.886,0.878,0.892,0.922,0.891,0.876,0.933,0.902,0.018,0.895,0.873,0.925,0.897,0.886,1.0,0.89,0.934,0.896,0.898,0.93,0.928,0.898,0.891,0.891,0.918,0.893
0.897,0.921,0.899,0.897,0.935,0.922,0.907,0.892,0.892,0.884,0.925,0.892,0.946,0.901,0.889,0.908,0.928,0.939,0.949,0.907,0.934,0.946,0.946,0.925,0.929,0.917,0.943,0.898,0.912,0.903,0.883,0.924,0.014,0.941,0.916,0.9,0.907,0.945,0.89,1.0,0.89,0.935,0.948,0.895,0.901,0.891,0.926,0.926,0.885,0.918
0.883,0.895,0.886,0.944,0.885,0.891,0.893,0.933,0.883,0.934,0.869,0.941,0.887,0.947,0.949,0.893,0.886,0.898,0.892,0.894,0.892,0.89,0.889,0.886,0.888,0.88,0.896,0.941,0.896,0.89,0.963,0.892,0.018,0.889,0.877,0.926,0.894,0.893,0.934,0.89,1.0,0.892,0.895,0.943,0.941,0.897,0.894,0.894,0.925,0.9
0.906,0.927,0.895,0.898,0.922,0.924,0.913,0.896,0.897,0.885,0.908,0.896,0.929,0.902,0.895,0.913,0.938,0.935,0.94,0.913,0.93,0.928,0.93,0.927,0.933,0.929,0.937,0.897,0.907,0.898,0.884,0.919,0.016,0.929,0.918,0.895,0.912,0.93,0.896,0.935,0.892,1.0,0.94,0.894,0.899,0.887,0.935,0.935,0.894,0.911
0.903,0.918,0.897,0.896,0.939,0.918,0.91,0.899,0.899,0.885,0.921,0.897,0.949,0.903,0.891,0.912,0.934,0.939,0.947,0.91,0.94,0.947,0.943,0.921,0.928,0.919,0.962,0.9,0.909,0.909,0.884,0.934,0.018,0.938,0.919,0.897,0.91,0.956,0.898,0.948,0.895,0.94,1.0,0.896,0.904,0.891,0.923,0.923,0.892,0.912
0.886,0.898,0.889,0.943,0.887,0.896,0.894,0.972,0.884,0.926,0.869,0.936,0.889,0.941,0.935,0.894,0.886,0.894,0.891,0.894,0.897,0.892,0.903,0.886,0.888,0.882,0.897,0.984,0.9,0.886,0.933,0.899,0.018,0.893,0.867,0.915,0.894,0.899,0.93,0.895,0.943,0.894,0.896,1.0,0.976,0.904,0.896,0.896,0.923,0.901
0.896,0.892,0.89,0.95,0.896,0.889,0.888,0.961,0.885,0.941,0.881,0.944,0.898,0.949,0.934,0.89,0.895,0.898,0.902,0.887,0.898,0.896,0.897,0.891,0.89,0.888,0.899,0.981,0.901,0.889,0.929,0.895,0.018,0.899,0.876,0.922,0.887,0.895,0.928,0.901,0.941,0.899,0.904,0.976,1.0,0.894,0.891,0.891,0.931,0.9
0.885,0.902,0.877,0.888,0.887,0.899,0.892,0.901,0.877,0.876,0.86,0.895,0.891,0.89,0.902,0.89,0.883,0.889,0.89,0.892,0.889,0.887,0.895,0.887,0.886,0.877,0.888,0.893,0.905,0.878,0.901,0.894,0.016,0.886,0.87,0.878,0.892,0.891,0.898,0.891,0.897,0.887,0.891,0.904,0.894,1.0,0.895,0.895,0.883,0.922
0.887,0.927,0.893,0.891,0.925,0.923,0.912,0.893,0.885,0.878,0.904,0.893,0.922,0.893,0.894,0.912,0.924,0.933,0.93,0.913,0.925,0.926,0.926,0.923,0.922,0.917,0.917,0.893,0.902,0.896,0.886,0.919,0.014,0.925,0.91,0.886,0.911,0.932,0.891,0.926,0.894,0.935,0.923,0.896,0.891,0.895,1.0,1.0,0.891,0.912
0.887,0.927,0.893,0.891,0.925,0.923,0.912,0.893,0.885,0.878,0.904,0.893,0.922,0.893,0.894,0.912,0.924,0.933,0.93,0.913,0.925,0.926,0.926,0.923,0.922,0.917,0.917,0.893,0.902,0.896,0.886,0.919,0.014,0.925,0.91,0.886,0.911,0.932,0.891,0.926,0.894,0.935,0.923,0.896,0.891,0.895,1.0,1.0,0.891,0.912
0.881,0.884,0.875,0.926,0.884,0.887,0.877,0.922,0.882,0.93,0.867,0.925,0.89,0.926,0.924,0.881,0.884,0.888,0.893,0.878,0.882,0.886,0.885,0.884,0.882,0.879,0.893,0.926,0.889,0.886,0.916,0.886,0.017,0.888,0.869,0.917,0.877,0.887,0.918,0.885,0.925,0.894,0.892,0.923,0.931,0.883,0.891,0.891,1.0,0.893
0.902,0.904,0.897,0.901,0.905,0.897,0.898,0.897,0.903,0.89,0.887,0.901,0.919,0.902,0.905,0.898,0.903,0.914,0.917,0.897,0.906,0.919,0.916,0.9,0.906,0.893,0.913,0.901,0.96,0.905,0.891,0.896,0.016,0.911,0.887,0.904,0.897,0.912,0.893,0.918,0.9,0.911,0.912,0.901,0.9,0.922,0.912,0.912,0.893,1.0
