GCF_000163235.1_ASM16323v1_genomic.fna,GCF_000164555.1_ASM16455v1_genomic.fna,GCF_000208545.1_ASM20854v2_genomic.fna,GCF_000233875.1_ASM23387v1_genomic.fna,GCF_000249735.1_ASM24973v2_genomic.fna,GCF_000261145.1_Esch_coli_M919_V2_genomic.fna,GCF_000267705.2_ASM26770v2_genomic.fna,GCF_000350665.1_Esch_coli_KTE5_V1_genomic.fna,GCF_000351625.1_Esch_coli_KTE66_V1_genomic.fna,GCF_000352285.1_Esch_coli_KTE46_V1_genomic.fna,GCF_000358895.1_ASM35889v1_genomic.fna,GCF_000456385.1_Esch_coli_HVH_26_4-5703913_V1_genomic.fna,GCF_000458195.1_Esch_coli_HVH_147_4-5893887_V1_genomic.fna,GCF_000459755.1_Esch_coli_KOEGE_58_171a_V1_genomic.fna,GCF_000460055.1_Esch_coli_UMEA_3053-1_V1_genomic.fna,GCF_000462165.2_ASM46216v2_genomic.fna,GCF_000601135.1_ASM60113v1_genomic.fna,GCF_000614595.1_Ec2010EL1058_genomic.fna,GCF_000617745.1_Ec2010C-4529_genomic.fna,GCF_000618265.2_EcF6751_genomic.fna,GCF_000619005.2_Ec2009C-4052_genomic.fna,GCF_000619105.1_Ec2009C-4780_genomic.fna,GCF_000619765.2_Ec2009C-3279_genomic.fna,GCF_000687005.1_ASM68700v1_genomic.fna,GCF_000687025.1_ASM68702v1_genomic.fna,GCF_000700125.1_ASM70012v1_genomic.fna,GCF_000753315.1_FHI35_genomic.fna,GCF_000776375.1_ASM77637v1_genomic.fna,GCF_000779395.1_ASM77939v1_genomic.fna,GCF_000780315.1_ASM78031v1_genomic.fna,GCF_000781995.1_ASM78199v1_genomic.fna,GCF_000986765.1_ASM98676v1_genomic.fna,GCF_001041375.1_ViralProj287958_genomic.fna,GCF_001265335.1_302014_genomic.fna,GCF_001265625.1_100854_genomic.fna,GCF_001267345.1_303289_genomic.fna,GCF_001309985.1_ASM130998v1_genomic.fna,GCF_001521695.1_ASM152169v1_genomic.fna,GCF_001592595.1_ASM159259v1_genomic.fna,GCF_001614975.1_ASM161497v1_genomic.fna,GCF_001692775.1_ASM169277v1_genomic.fna,GCF_001748915.1_ASM174891v1_genomic.fna,GCF_001749235.1_ASM174923v1_genomic.fna,GCF_001881155.1_ASM188115v1_genomic.fna,GCF_001881345.1_ASM188134v1_genomic.fna,GCF_001892405.1_ASM189240v1_genomic.fna,GCF_001892585.1_ASM189258v1_genomic.fna,GCF_001893985.1_ASM189398v1_genomic.fna,GCF_002001595.1_ASM200159v1_genomic.fna,GCF_002002145.1_ASM200214v1_genomic.fna
1.0,0.505,0.404,0.438,0.485,0.483,0.466,0.451,0.585,0.436,0.462,0.455,0.476,0.442,0.438,0.469,0.472,0.484,0.477,0.465,0.451,0.464,0.474,0.488,0.47,0.477,0.477,0.46,0.511,0.58,0.404,0.46,0.0,0.471,0.455,0.424,0.464,0.496,0.395,0.459,0.413,0.457,0.474,0.45,0.454,0.452,0.462,0.461,0.419,0.509
0.505,1.0,0.378,0.418,0.634,0.786,0.524,0.432,0.457,0.425,0.589,0.444,0.615,0.416,0.423,0.528,0.714,0.598,0.615,0.523,0.578,0.606,0.614,0.797,0.802,0.731,0.614,0.449,0.465,0.448,0.398,0.622,0.0,0.616,0.75,0.409,0.522,0.647,0.41,0.607,0.409,0.669,0.622,0.446,0.442,0.422,0.675,0.676,0.431,0.462
0.404,0.378,1.0,0.333,0.356,0.363,0.337,0.334,0.395,0.336,0.35,0.343,0.348,0.35,0.341,0.344,0.357,0.339,0.345,0.337,0.338,0.343,0.347,0.366,0.36,0.362,0.344,0.342,0.378,0.385,0.321,0.358,0.0,0.36,0.339,0.332,0.337,0.347,0.327,0.347,0.336,0.346,0.352,0.34,0.332,0.35,0.349,0.349,0.353,0.388
0.438,0.418,0.333,1.0,0.418,0.409,0.385,0.705,0.41,0.732,0.392,0.742,0.402,0.768,0.767,0.389,0.407,0.405,0.421,0.382,0.395,0.394,0.405,0.407,0.41,0.402,0.413,0.76,0.46,0.407,0.736,0.414,0.0,0.396,0.374,0.629,0.384,0.408,0.656,0.393,0.751,0.387,0.403,0.741,0.738,0.451,0.392,0.393,0.675,0.463
0.485,0.634,0.356,0.418,1.0,0.642,0.535,0.434,0.471,0.427,0.755,0.435,0.692,0.426,0.434,0.544,0.623,0.652,0.67,0.532,0.65,0.662,0.667,0.643,0.632,0.634,0.685,0.438,0.469,0.472,0.407,0.673,0.0,0.672,0.608,0.41,0.533,0.686,0.407,0.683,0.421,0.622,0.696,0.424,0.428,0.429,0.643,0.644,0.427,0.47
0.483,0.786,0.363,0.409,0.642,1.0,0.551,0.435,0.461,0.421,0.595,0.432,0.611,0.42,0.426,0.549,0.703,0.619,0.619,0.548,0.576,0.619,0.628,0.778,0.805,0.703,0.607,0.437,0.479,0.442,0.396,0.614,0.0,0.631,0.763,0.424,0.548,0.622,0.431,0.602,0.408,0.672,0.629,0.425,0.424,0.41,0.67,0.669,0.42,0.473
0.466,0.524,0.337,0.385,0.535,0.551,1.0,0.393,0.451,0.385,0.505,0.396,0.524,0.396,0.388,0.952,0.531,0.549,0.555,0.989,0.562,0.553,0.575,0.542,0.524,0.538,0.528,0.395,0.418,0.445,0.379,0.535,0.0,0.543,0.524,0.402,0.988,0.512,0.389,0.508,0.384,0.532,0.523,0.395,0.394,0.394,0.518,0.517,0.375,0.431
0.451,0.432,0.334,0.705,0.434,0.435,0.393,1.0,0.413,0.696,0.402,0.687,0.415,0.698,0.687,0.394,0.421,0.417,0.426,0.392,0.412,0.411,0.411,0.442,0.422,0.428,0.417,0.891,0.478,0.404,0.702,0.427,0.0,0.416,0.397,0.626,0.389,0.443,0.665,0.412,0.706,0.418,0.409,0.898,0.881,0.469,0.417,0.417,0.645,0.475
0.585,0.457,0.395,0.41,0.471,0.461,0.451,0.413,1.0,0.423,0.463,0.413,0.478,0.414,0.408,0.456,0.446,0.462,0.457,0.449,0.43,0.462,0.463,0.467,0.455,0.47,0.478,0.424,0.486,0.596,0.389,0.453,0.0,0.46,0.437,0.409,0.45,0.465,0.394,0.465,0.391,0.456,0.485,0.414,0.412,0.451,0.445,0.446,0.416,0.505
0.436,0.425,0.336,0.732,0.427,0.421,0.385,0.696,0.423,1.0,0.424,0.696,0.434,0.722,0.722,0.393,0.411,0.412,0.416,0.382,0.389,0.411,0.398,0.436,0.435,0.423,0.432,0.731,0.481,0.433,0.719,0.404,0.0,0.408,0.403,0.634,0.386,0.418,0.657,0.422,0.72,0.4,0.422,0.711,0.711,0.445,0.4,0.4,0.685,0.476
0.462,0.589,0.35,0.392,0.755,0.595,0.505,0.402,0.463,0.424,1.0,0.409,0.736,0.404,0.406,0.509,0.583,0.655,0.657,0.501,0.637,0.681,0.665,0.635,0.604,0.601,0.683,0.411,0.445,0.468,0.382,0.64,0.0,0.667,0.645,0.408,0.502,0.658,0.389,0.701,0.385,0.588,0.692,0.4,0.399,0.406,0.586,0.587,0.406,0.457
0.455,0.444,0.343,0.742,0.435,0.432,0.396,0.687,0.413,0.696,0.409,1.0,0.407,0.727,0.863,0.402,0.42,0.405,0.42,0.393,0.402,0.4,0.407,0.432,0.425,0.43,0.415,0.724,0.469,0.415,0.68,0.42,0.0,0.411,0.403,0.618,0.393,0.42,0.656,0.399,0.702,0.394,0.408,0.704,0.705,0.456,0.408,0.409,0.658,0.463
0.476,0.615,0.348,0.402,0.692,0.611,0.524,0.415,0.478,0.434,0.736,0.407,1.0,0.403,0.413,0.525,0.602,0.704,0.716,0.521,0.7,0.774,0.759,0.653,0.611,0.612,0.761,0.422,0.462,0.475,0.397,0.705,0.0,0.766,0.626,0.407,0.523,0.729,0.393,0.764,0.402,0.615,0.764,0.412,0.415,0.412,0.614,0.614,0.414,0.469
0.442,0.416,0.35,0.768,0.426,0.42,0.396,0.698,0.414,0.722,0.404,0.727,0.403,1.0,0.768,0.4,0.411,0.416,0.42,0.393,0.392,0.396,0.397,0.412,0.414,0.413,0.414,0.743,0.473,0.411,0.731,0.406,0.0,0.398,0.384,0.646,0.395,0.412,0.663,0.396,0.747,0.388,0.404,0.724,0.721,0.452,0.392,0.393,0.694,0.474
0.438,0.423,0.341,0.767,0.434,0.426,0.388,0.687,0.408,0.722,0.406,0.863,0.413,0.768,1.0,0.394,0.417,0.405,0.412,0.384,0.388,0.4,0.404,0.419,0.421,0.421,0.415,0.731,0.466,0.409,0.716,0.406,0.0,0.404,0.393,0.628,0.388,0.414,0.659,0.396,0.73,0.389,0.409,0.709,0.708,0.456,0.405,0.405,0.68,0.478
0.469,0.528,0.344,0.389,0.544,0.549,0.952,0.394,0.456,0.393,0.509,0.402,0.525,0.4,0.394,1.0,0.535,0.543,0.553,0.95,0.543,0.555,0.562,0.545,0.528,0.541,0.525,0.402,0.422,0.45,0.376,0.529,0.0,0.54,0.519,0.401,0.957,0.517,0.388,0.514,0.383,0.529,0.526,0.394,0.392,0.395,0.52,0.519,0.388,0.438
0.472,0.714,0.357,0.407,0.623,0.703,0.531,0.421,0.446,0.411,0.583,0.42,0.602,0.411,0.417,0.535,1.0,0.594,0.603,0.529,0.576,0.607,0.616,0.728,0.713,0.741,0.596,0.424,0.453,0.441,0.388,0.635,0.0,0.621,0.673,0.427,0.526,0.598,0.411,0.599,0.395,0.643,0.612,0.415,0.416,0.406,0.669,0.67,0.409,0.455
0.484,0.598,0.339,0.405,0.652,0.619,0.549,0.417,0.462,0.412,0.655,0.405,0.704,0.416,0.405,0.543,0.594,1.0,0.756,0.549,0.701,0.727,0.735,0.611,0.586,0.599,0.702,0.425,0.445,0.464,0.399,0.678,0.0,0.694,0.584,0.427,0.546,0.68,0.404,0.685,0.403,0.611,0.695,0.413,0.416,0.408,0.612,0.612,0.398,0.457
0.477,0.615,0.345,0.421,0.67,0.619,0.555,0.426,0.457,0.416,0.657,0.42,0.716,0.42,0.412,0.553,0.603,0.756,1.0,0.554,0.732,0.741,0.735,0.624,0.601,0.603,0.708,0.426,0.449,0.461,0.409,0.698,0.0,0.707,0.606,0.433,0.552,0.686,0.414,0.702,0.414,0.617,0.7,0.416,0.417,0.414,0.613,0.613,0.415,0.463
0.465,0.523,0.337,0.382,0.532,0.548,0.989,0.392,0.449,0.382,0.501,0.393,0.521,0.393,0.384,0.95,0.529,0.549,0.554,1.0,0.562,0.553,0.574,0.541,0.524,0.537,0.526,0.393,0.416,0.442,0.378,0.534,0.0,0.54,0.519,0.398,0.983,0.509,0.386,0.506,0.383,0.531,0.52,0.394,0.392,0.394,0.519,0.518,0.371,0.428
0.451,0.578,0.338,0.395,0.65,0.576,0.562,0.412,0.43,0.389,0.637,0.402,0.7,0.392,0.388,0.543,0.576,0.701,0.732,0.562,1.0,0.723,0.734,0.591,0.569,0.586,0.699,0.407,0.417,0.436,0.396,0.706,0.0,0.712,0.565,0.42,0.557,0.673,0.411,0.691,0.411,0.592,0.687,0.407,0.406,0.407,0.597,0.598,0.384,0.439
0.464,0.606,0.343,0.394,0.662,0.619,0.553,0.411,0.462,0.411,0.681,0.4,0.774,0.396,0.4,0.555,0.607,0.727,0.741,0.553,0.723,1.0,0.915,0.635,0.616,0.608,0.746,0.42,0.442,0.459,0.386,0.701,0.0,0.869,0.604,0.408,0.553,0.707,0.399,0.735,0.39,0.604,0.744,0.405,0.406,0.406,0.6,0.599,0.4,0.456
0.474,0.614,0.347,0.405,0.667,0.628,0.575,0.411,0.463,0.398,0.665,0.407,0.759,0.397,0.404,0.562,0.616,0.735,0.735,0.574,0.734,0.915,1.0,0.626,0.612,0.613,0.745,0.422,0.442,0.451,0.39,0.709,0.0,0.863,0.603,0.411,0.57,0.709,0.405,0.718,0.4,0.6,0.729,0.406,0.404,0.406,0.601,0.601,0.394,0.453
0.488,0.797,0.366,0.407,0.643,0.778,0.542,0.442,0.467,0.436,0.635,0.432,0.653,0.412,0.419,0.545,0.728,0.611,0.624,0.541,0.591,0.635,0.626,1.0,0.815,0.734,0.64,0.442,0.471,0.463,0.398,0.621,0.0,0.636,0.796,0.425,0.536,0.629,0.405,0.64,0.406,0.681,0.641,0.426,0.426,0.413,0.677,0.677,0.425,0.469
0.47,0.802,0.36,0.41,0.632,0.805,0.524,0.422,0.455,0.435,0.604,0.425,0.611,0.414,0.421,0.528,0.713,0.586,0.601,0.524,0.569,0.616,0.612,0.815,1.0,0.756,0.616,0.436,0.476,0.449,0.398,0.623,0.0,0.617,0.789,0.413,0.524,0.623,0.41,0.608,0.406,0.667,0.64,0.431,0.423,0.414,0.665,0.664,0.433,0.465
0.477,0.731,0.362,0.402,0.634,0.703,0.538,0.428,0.47,0.423,0.601,0.43,0.612,0.413,0.421,0.541,0.741,0.599,0.603,0.537,0.586,0.608,0.613,0.734,0.756,1.0,0.611,0.434,0.461,0.457,0.39,0.602,0.0,0.612,0.698,0.415,0.535,0.622,0.413,0.616,0.4,0.658,0.618,0.429,0.422,0.416,0.67,0.671,0.43,0.469
0.477,0.614,0.344,0.413,0.685,0.607,0.528,0.417,0.478,0.432,0.683,0.415,0.761,0.414,0.415,0.525,0.596,0.702,0.708,0.526,0.699,0.746,0.745,0.64,0.616,0.611,1.0,0.43,0.457,0.472,0.403,0.709,0.0,0.732,0.599,0.411,0.527,0.808,0.394,0.751,0.413,0.609,0.84,0.42,0.418,0.412,0.603,0.603,0.413,0.466
0.46,0.449,0.342,0.76,0.438,0.437,0.395,0.891,0.424,0.731,0.411,0.724,0.422,0.743,0.731,0.402,0.424,0.425,0.426,0.393,0.407,0.42,0.422,0.442,0.436,0.434,0.43,1.0,0.486,0.414,0.713,0.429,0.0,0.42,0.404,0.633,0.394,0.449,0.65,0.414,0.732,0.413,0.42,0.961,0.939,0.464,0.413,0.413,0.684,0.479
0.511,0.465,0.378,0.46,0.469,0.479,0.418,0.478,0.486,0.481,0.445,0.469,0.462,0.473,0.466,0.422,0.453,0.445,0.449,0.416,0.417,0.442,0.442,0.471,0.476,0.461,0.457,0.486,1.0,0.492,0.443,0.445,0.0,0.453,0.438,0.452,0.417,0.455,0.448,0.44,0.445,0.432,0.45,0.474,0.475,0.55,0.43,0.429,0.463,0.833
0.58,0.448,0.385,0.407,0.472,0.442,0.445,0.404,0.596,0.433,0.468,0.415,0.475,0.411,0.409,0.45,0.441,0.464,0.461,0.442,0.436,0.459,0.451,0.463,0.449,0.457,0.472,0.414,0.492,1.0,0.382,0.447,0.0,0.457,0.436,0.42,0.444,0.461,0.398,0.473,0.396,0.452,0.479,0.404,0.403,0.453,0.444,0.447,0.414,0.509
0.404,0.398,0.321,0.736,0.407,0.396,0.379,0.702,0.389,0.719,0.382,0.68,0.397,0.731,0.716,0.376,0.388,0.399,0.409,0.378,0.396,0.386,0.39,0.398,0.398,0.39,0.403,0.713,0.443,0.382,1.0,0.405,0.0,0.39,0.366,0.634,0.378,0.4,0.661,0.389,0.893,0.391,0.394,0.717,0.715,0.442,0.393,0.393,0.665,0.445
0.46,0.622,0.358,0.414,0.673,0.614,0.535,0.427,0.453,0.404,0.64,0.42,0.705,0.406,0.406,0.529,0.635,0.678,0.698,0.534,0.706,0.701,0.709,0.621,0.623,0.602,0.709,0.429,0.445,0.447,0.405,1.0,0.0,0.707,0.575,0.419,0.531,0.723,0.419,0.712,0.408,0.615,0.725,0.428,0.424,0.407,0.622,0.623,0.401,0.439
0.0,0.0,0.0,0.0,0.0,0.0,0.0,0.0,0.0,0.0,0.0,0.0,0.0,0.0,0.0,0.0,0.0,0.0,0.0,0.0,0.0,0.0,0.0,0.0,0.0,0.0,0.0,0.0,0.0,0.0,0.0,0.0,1.0,0.0,0.0,0.0,0.0,0.0,0.0,0.0,0.0,0.0,0.0,0.0,0.0,0.0,0.0,0.0,0.0,0.0
0.471,0.616,0.36,0.396,0.672,0.631,0.543,0.416,0.46,0.408,0.667,0.411,0.766,0.398,0.404,0.54,0.621,0.694,0.707,0.54,0.712,0.869,0.863,0.636,0.617,0.612,0.732,0.42,0.453,0.457,0.39,0.707,0.0,1.0,0.607,0.424,0.54,0.711,0.421,0.721,0.395,0.598,0.748,0.408,0.413,0.404,0.606,0.605,0.402,0.461
0.455,0.75,0.339,0.374,0.608,0.763,0.524,0.397,0.437,0.403,0.645,0.403,0.626,0.384,0.393,0.519,0.673,0.584,0.606,0.519,0.565,0.604,0.603,0.796,0.789,0.698,0.599,0.404,0.438,0.436,0.366,0.575,0.0,0.607,1.0,0.392,0.516,0.594,0.379,0.618,0.376,0.638,0.613,0.388,0.393,0.391,0.643,0.642,0.389,0.441
0.424,0.409,0.332,0.629,0.41,0.424,0.402,0.626,0.409,0.634,0.408,0.618,0.407,0.646,0.628,0.401,0.427,0.427,0.433,0.398,0.42,0.408,0.411,0.425,0.413,0.415,0.411,0.633,0.452,0.42,0.634,0.419,0.0,0.424,0.392,1.0,0.399,0.398,0.642,0.403,0.642,0.401,0.41,0.628,0.626,0.442,0.397,0.398,0.63,0.462
0.464,0.522,0.337,0.384,0.533,0.548,0.988,0.389,0.45,0.386,0.502,0.393,0.523,0.395,0.388,0.957,0.526,0.546,0.552,0.983,0.557,0.553,0.57,0.536,0.524,0.535,0.527,0.394,0.417,0.444,0.378,0.531,0.0,0.54,0.516,0.399,1.0,0.51,0.384,0.507,0.382,0.529,0.522,0.39,0.39,0.392,0.517,0.516,0.375,0.431
0.496,0.647,0.347,0.408,0.686,0.622,0.512,0.443,0.465,0.418,0.658,0.42,0.729,0.412,0.414,0.517,0.598,0.68,0.686,0.509,0.673,0.707,0.709,0.629,0.623,0.622,0.808,0.449,0.455,0.461,0.4,0.723,0.0,0.711,0.594,0.398,0.51,1.0,0.401,0.728,0.406,0.611,0.842,0.436,0.423,0.414,0.619,0.619,0.417,0.453
0.395,0.41,0.327,0.656,0.407,0.431,0.389,0.665,0.394,0.657,0.389,0.656,0.393,0.663,0.659,0.388,0.411,0.404,0.414,0.386,0.411,0.399,0.405,0.405,0.41,0.413,0.394,0.65,0.448,0.398,0.661,0.419,0.0,0.421,0.379,0.642,0.384,0.401,1.0,0.396,0.67,0.408,0.399,0.661,0.659,0.44,0.409,0.41,0.628,0.451
0.459,0.607,0.347,0.393,0.683,0.602,0.508,0.412,0.465,0.422,0.701,0.399,0.764,0.396,0.396,0.514,0.599,0.685,0.702,0.506,0.691,0.735,0.718,0.64,0.608,0.616,0.751,0.414,0.44,0.473,0.389,0.712,0.0,0.721,0.618,0.403,0.507,0.728,0.396,1.0,0.395,0.606,0.754,0.399,0.403,0.411,0.622,0.623,0.398,0.455
0.413,0.409,0.336,0.751,0.421,0.408,0.384,0.706,0.391,0.72,0.385,0.702,0.402,0.747,0.73,0.383,0.395,0.403,0.414,0.383,0.411,0.39,0.4,0.406,0.406,0.4,0.413,0.732,0.445,0.396,0.893,0.408,0.0,0.395,0.376,0.642,0.382,0.406,0.67,0.395,1.0,0.4,0.4,0.737,0.73,0.445,0.396,0.397,0.668,0.457
0.457,0.669,0.346,0.387,0.622,0.672,0.532,0.418,0.456,0.4,0.588,0.394,0.615,0.388,0.389,0.529,0.643,0.611,0.617,0.531,0.592,0.604,0.6,0.681,0.667,0.658,0.609,0.413,0.432,0.452,0.391,0.615,0.0,0.598,0.638,0.401,0.529,0.611,0.408,0.606,0.4,1.0,0.639,0.419,0.411,0.413,0.715,0.716,0.391,0.439
0.474,0.622,0.352,0.403,0.696,0.629,0.523,0.409,0.485,0.422,0.692,0.408,0.764,0.404,0.409,0.526,0.612,0.695,0.7,0.52,0.687,0.744,0.729,0.641,0.64,0.618,0.84,0.42,0.45,0.479,0.394,0.725,0.0,0.748,0.613,0.41,0.522,0.842,0.399,0.754,0.4,0.639,1.0,0.412,0.411,0.419,0.618,0.619,0.411,0.464
0.45,0.446,0.34,0.741,0.424,0.425,0.395,0.898,0.414,0.711,0.4,0.704,0.412,0.724,0.709,0.394,0.415,0.413,0.416,0.394,0.407,0.405,0.406,0.426,0.431,0.429,0.42,0.961,0.474,0.404,0.717,0.428,0.0,0.408,0.388,0.628,0.39,0.436,0.661,0.399,0.737,0.419,0.412,1.0,0.958,0.472,0.415,0.415,0.672,0.469
0.454,0.442,0.332,0.738,0.428,0.424,0.394,0.881,0.412,0.711,0.399,0.705,0.415,0.721,0.708,0.392,0.416,0.416,0.417,0.392,0.406,0.406,0.404,0.426,0.423,0.422,0.418,0.939,0.475,0.403,0.715,0.424,0.0,0.413,0.393,0.626,0.39,0.423,0.659,0.403,0.73,0.411,0.411,0.958,1.0,0.468,0.419,0.419,0.657,0.469
0.452,0.422,0.35,0.451,0.429,0.41,0.394,0.469,0.451,0.445,0.406,0.456,0.412,0.452,0.456,0.395,0.406,0.408,0.414,0.394,0.407,0.406,0.406,0.413,0.414,0.416,0.412,0.464,0.55,0.453,0.442,0.407,0.0,0.404,0.391,0.442,0.392,0.414,0.44,0.411,0.445,0.413,0.419,0.472,0.468,1.0,0.446,0.447,0.451,0.616
0.462,0.675,0.349,0.392,0.643,0.67,0.518,0.417,0.445,0.4,0.586,0.408,0.614,0.392,0.405,0.52,0.669,0.612,0.613,0.519,0.597,0.6,0.601,0.677,0.665,0.67,0.603,0.413,0.43,0.444,0.393,0.622,0.0,0.606,0.643,0.397,0.517,0.619,0.409,0.622,0.396,0.715,0.618,0.415,0.419,0.446,1.0,0.997,0.394,0.46
0.461,0.676,0.349,0.393,0.644,0.669,0.517,0.417,0.446,0.4,0.587,0.409,0.614,0.393,0.405,0.519,0.67,0.612,0.613,0.518,0.598,0.599,0.601,0.677,0.664,0.671,0.603,0.413,0.429,0.447,0.393,0.623,0.0,0.605,0.642,0.398,0.516,0.619,0.41,0.623,0.397,0.716,0.619,0.415,0.419,0.447,0.997,1.0,0.394,0.46
0.419,0.431,0.353,0.675,0.427,0.42,0.375,0.645,0.416,0.685,0.406,0.658,0.414,0.694,0.68,0.388,0.409,0.398,0.415,0.371,0.384,0.4,0.394,0.425,0.433,0.43,0.413,0.684,0.463,0.414,0.665,0.401,0.0,0.402,0.389,0.63,0.375,0.417,0.628,0.398,0.668,0.391,0.411,0.672,0.657,0.451,0.394,0.394,1.0,0.473
0.509,0.462,0.388,0.463,0.47,0.473,0.431,0.475,0.505,0.476,0.457,0.463,0.469,0.474,0.478,0.438,0.455,0.457,0.463,0.428,0.439,0.456,0.453,0.469,0.465,0.469,0.466,0.479,0.833,0.509,0.445,0.439,0.0,0.461,0.441,0.462,0.431,0.453,0.451,0.455,0.457,0.439,0.464,0.469,0.469,0.616,0.46,0.46,0.473,1.0
