GCF_000163235.1_ASM16323v1_genomic.fna,GCF_000164555.1_ASM16455v1_genomic.fna,GCF_000208545.1_ASM20854v2_genomic.fna,GCF_000233875.1_ASM23387v1_genomic.fna,GCF_000249735.1_ASM24973v2_genomic.fna,GCF_000261145.1_Esch_coli_M919_V2_genomic.fna,GCF_000267705.2_ASM26770v2_genomic.fna,GCF_000350665.1_Esch_coli_KTE5_V1_genomic.fna,GCF_000351625.1_Esch_coli_KTE66_V1_genomic.fna,GCF_000352285.1_Esch_coli_KTE46_V1_genomic.fna,GCF_000358895.1_ASM35889v1_genomic.fna,GCF_000456385.1_Esch_coli_HVH_26_4-5703913_V1_genomic.fna,GCF_000458195.1_Esch_coli_HVH_147_4-5893887_V1_genomic.fna,GCF_000459755.1_Esch_coli_KOEGE_58_171a_V1_genomic.fna,GCF_000460055.1_Esch_coli_UMEA_3053-1_V1_genomic.fna,GCF_000462165.2_ASM46216v2_genomic.fna,GCF_000601135.1_ASM60113v1_genomic.fna,GCF_000614595.1_Ec2010EL1058_genomic.fna,GCF_000617745.1_Ec2010C-4529_genomic.fna,GCF_000618265.2_EcF6751_genomic.fna,GCF_000619005.2_Ec2009C-4052_genomic.fna,GCF_000619105.1_Ec2009C-4780_genomic.fna,GCF_000619765.2_Ec2009C-3279_genomic.fna,GCF_000687005.1_ASM68700v1_genomic.fna,GCF_000687025.1_ASM68702v1_genomic.fna,GCF_000700125.1_ASM70012v1_genomic.fna,GCF_000753315.1_FHI35_genomic.fna,GCF_000776375.1_ASM77637v1_genomic.fna,GCF_000779395.1_ASM77939v1_genomic.fna,GCF_000780315.1_ASM78031v1_genomic.fna,GCF_000781995.1_ASM78199v1_genomic.fna,GCF_000986765.1_ASM98676v1_genomic.fna,GCF_001041375.1_ViralProj287958_genomic.fna,GCF_001265335.1_302014_genomic.fna,GCF_001265625.1_100854_genomic.fna,GCF_001267345.1_303289_genomic.fna,GCF_001309985.1_ASM130998v1_genomic.fna,GCF_001521695.1_ASM152169v1_genomic.fna,GCF_001592595.1_ASM159259v1_genomic.fna,GCF_001614975.1_ASM161497v1_genomic.fna,GCF_001692775.1_ASM169277v1_genomic.fna,GCF_001748915.1_ASM174891v1_genomic.fna,GCF_001749235.1_ASM174923v1_genomic.fna,GCF_001881155.1_ASM188115v1_genomic.fna,GCF_001881345.1_ASM188134v1_genomic.fna,GCF_001892405.1_ASM189240v1_genomic.fna,GCF_001892585.1_ASM189258v1_genomic.fna,GCF_001893985.1_ASM189398v1_genomic.fna,GCF_002001595.1_ASM200159v1_genomic.fna,GCF_002002145.1_ASM200214v1_genomic.fna
1.0,0.893,0.905,0.878,0.894,0.9,0.896,0.881,0.904,0.876,0.876,0.884,0.897,0.88,0.879,0.895,0.896,0.897,0.895,0.892,0.885,0.892,0.9,0.884,0.898,0.895,0.896,0.881,0.907,0.912,0.877,0.896,0.02,0.894,0.872,0.886,0.894,0.892,0.892,0.896,0.88,0.887,0.895,0.885,0.892,0.871,0.892,0.892,0.872,0.899
0.893,1.0,0.887,0.879,0.921,0.937,0.898,0.885,0.89,0.881,0.898,0.893,0.916,0.874,0.879,0.894,0.915,0.91,0.908,0.9,0.909,0.9,0.904,0.925,0.94,0.922,0.902,0.877,0.889,0.889,0.884,0.909,0.022,0.91,0.914,0.876,0.898,0.914,0.892,0.914,0.881,0.923,0.908,0.882,0.891,0.878,0.922,0.923,0.869,0.892
0.905,0.887,1.0,0.858,0.878,0.875,0.883,0.864,0.898,0.853,0.866,0.873,0.875,0.857,0.862,0.879,0.864,0.889,0.871,0.886,0.883,0.878,0.876,0.853,0.872,0.878,0.871,0.861,0.886,0.893,0.856,0.888,0.021,0.885,0.844,0.871,0.883,0.879,0.878,0.881,0.861,0.88,0.877,0.866,0.87,0.874,0.877,0.878,0.858,0.892
0.878,0.879,0.858,1.0,0.877,0.884,0.872,0.927,0.868,0.933,0.874,0.936,0.881,0.946,0.942,0.876,0.882,0.876,0.882,0.87,0.871,0.879,0.879,0.884,0.88,0.873,0.885,0.942,0.882,0.879,0.917,0.87,0.022,0.873,0.873,0.907,0.872,0.877,0.911,0.882,0.936,0.871,0.885,0.934,0.926,0.855,0.868,0.868,0.92,0.88
0.894,0.921,0.878,0.877,1.0,0.928,0.898,0.883,0.88,0.878,0.928,0.892,0.93,0.882,0.887,0.895,0.918,0.921,0.929,0.899,0.914,0.926,0.925,0.912,0.92,0.915,0.925,0.882,0.892,0.891,0.883,0.918,0.019,0.925,0.903,0.882,0.897,0.929,0.903,0.926,0.882,0.924,0.927,0.885,0.888,0.877,0.917,0.916,0.87,0.898
0.9,0.937,0.875,0.884,0.928,1.0,0.899,0.894,0.874,0.889,0.918,0.895,0.921,0.885,0.891,0.9,0.931,0.913,0.919,0.897,0.9,0.916,0.922,0.938,0.947,0.929,0.916,0.89,0.897,0.888,0.888,0.902,0.018,0.913,0.925,0.887,0.899,0.915,0.902,0.92,0.89,0.927,0.92,0.895,0.893,0.866,0.921,0.921,0.876,0.896
0.896,0.898,0.883,0.872,0.898,0.899,1.0,0.881,0.886,0.873,0.887,0.88,0.891,0.868,0.875,0.984,0.898,0.906,0.907,0.993,0.905,0.901,0.912,0.887,0.893,0.895,0.901,0.875,0.895,0.891,0.883,0.898,0.02,0.906,0.876,0.878,0.996,0.895,0.899,0.9,0.876,0.893,0.892,0.881,0.882,0.858,0.885,0.885,0.868,0.889
0.881,0.885,0.864,0.927,0.883,0.894,0.881,1.0,0.872,0.925,0.877,0.926,0.887,0.934,0.93,0.882,0.879,0.883,0.884,0.879,0.871,0.878,0.885,0.876,0.881,0.883,0.886,0.97,0.89,0.883,0.93,0.872,0.02,0.879,0.867,0.92,0.881,0.885,0.927,0.887,0.928,0.876,0.889,0.97,0.963,0.861,0.869,0.869,0.915,0.889
0.904,0.89,0.898,0.868,0.88,0.874,0.886,0.872,1.0,0.864,0.864,0.876,0.883,0.863,0.87,0.883,0.875,0.887,0.88,0.888,0.892,0.88,0.878,0.859,0.877,0.877,0.869,0.868,0.896,0.908,0.876,0.9,0.02,0.888,0.847,0.876,0.884,0.882,0.887,0.879,0.877,0.884,0.872,0.873,0.879,0.884,0.881,0.882,0.861,0.892
0.876,0.881,0.853,0.933,0.878,0.889,0.873,0.925,0.864,1.0,0.885,0.928,0.882,0.929,0.923,0.874,0.882,0.878,0.877,0.871,0.869,0.877,0.877,0.889,0.883,0.878,0.876,0.93,0.883,0.871,0.929,0.868,0.019,0.879,0.878,0.908,0.873,0.873,0.914,0.882,0.929,0.87,0.881,0.921,0.925,0.854,0.867,0.867,0.92,0.884
0.876,0.898,0.866,0.874,0.928,0.918,0.887,0.877,0.864,0.885,1.0,0.878,0.927,0.886,0.877,0.891,0.909,0.906,0.909,0.881,0.9,0.911,0.913,0.931,0.911,0.901,0.912,0.882,0.873,0.873,0.868,0.895,0.017,0.911,0.92,0.869,0.884,0.908,0.88,0.919,0.872,0.901,0.922,0.873,0.871,0.857,0.895,0.894,0.875,0.876
0.884,0.893,0.873,0.936,0.892,0.895,0.88,0.926,0.876,0.928,0.878,1.0,0.894,0.932,0.96,0.88,0.88,0.889,0.889,0.881,0.88,0.888,0.889,0.876,0.888,0.89,0.886,0.93,0.891,0.883,0.917,0.877,0.019,0.887,0.865,0.916,0.881,0.888,0.927,0.89,0.932,0.879,0.888,0.934,0.936,0.864,0.876,0.876,0.911,0.891
0.897,0.916,0.875,0.881,0.93,0.921,0.891,0.887,0.883,0.882,0.927,0.894,1.0,0.887,0.891,0.895,0.905,0.92,0.928,0.886,0.925,0.935,0.937,0.912,0.917,0.899,0.938,0.883,0.893,0.892,0.888,0.917,0.018,0.932,0.897,0.888,0.889,0.932,0.893,0.938,0.89,0.901,0.936,0.886,0.885,0.87,0.901,0.9,0.875,0.894
0.88,0.874,0.857,0.946,0.882,0.885,0.868,0.934,0.863,0.929,0.886,0.932,0.887,1.0,0.95,0.874,0.876,0.877,0.881,0.867,0.869,0.882,0.883,0.882,0.877,0.874,0.888,0.947,0.888,0.879,0.922,0.869,0.02,0.88,0.874,0.914,0.868,0.882,0.915,0.886,0.935,0.868,0.888,0.939,0.93,0.859,0.861,0.861,0.918,0.887
0.879,0.879,0.862,0.942,0.887,0.891,0.875,0.93,0.87,0.923,0.877,0.96,0.891,0.95,1.0,0.876,0.883,0.884,0.884,0.874,0.873,0.885,0.884,0.877,0.885,0.885,0.888,0.936,0.891,0.88,0.92,0.872,0.018,0.879,0.868,0.918,0.874,0.886,0.922,0.885,0.938,0.874,0.886,0.938,0.932,0.863,0.87,0.87,0.913,0.892
0.895,0.894,0.879,0.876,0.895,0.9,0.984,0.882,0.883,0.874,0.891,0.88,0.895,0.874,0.876,1.0,0.9,0.902,0.902,0.981,0.895,0.9,0.907,0.891,0.895,0.886,0.9,0.875,0.892,0.887,0.88,0.891,0.021,0.901,0.884,0.879,0.984,0.89,0.891,0.898,0.88,0.893,0.893,0.88,0.872,0.853,0.884,0.884,0.872,0.884
0.896,0.915,0.864,0.882,0.918,0.931,0.898,0.879,0.875,0.882,0.909,0.88,0.905,0.876,0.883,0.9,1.0,0.902,0.907,0.894,0.893,0.908,0.913,0.934,0.931,0.926,0.911,0.876,0.884,0.882,0.88,0.911,0.019,0.906,0.917,0.881,0.896,0.904,0.886,0.901,0.875,0.913,0.909,0.876,0.876,0.862,0.912,0.912,0.872,0.88
0.897,0.91,0.889,0.876,0.921,0.913,0.906,0.883,0.887,0.878,0.906,0.889,0.92,0.877,0.884,0.902,0.902,1.0,0.941,0.91,0.928,0.93,0.933,0.896,0.901,0.91,0.922,0.875,0.902,0.89,0.89,0.92,0.019,0.933,0.885,0.889,0.905,0.92,0.908,0.92,0.884,0.912,0.921,0.882,0.886,0.877,0.907,0.906,0.874,0.905
0.895,0.908,0.871,0.882,0.929,0.919,0.907,0.884,0.88,0.877,0.909,0.889,0.928,0.881,0.884,0.902,0.907,0.941,1.0,0.906,0.929,0.939,0.939,0.9,0.903,0.908,0.928,0.881,0.902,0.887,0.89,0.924,0.02,0.933,0.894,0.884,0.905,0.923,0.906,0.922,0.889,0.909,0.919,0.884,0.887,0.871,0.905,0.904,0.871,0.903
0.892,0.9,0.886,0.87,0.899,0.897,0.993,0.879,0.888,0.871,0.881,0.881,0.886,0.867,0.874,0.981,0.894,0.91,0.906,1.0,0.908,0.898,0.909,0.883,0.889,0.895,0.896,0.874,0.893,0.892,0.879,0.899,0.021,0.907,0.873,0.877,0.994,0.894,0.901,0.897,0.872,0.895,0.888,0.881,0.883,0.86,0.887,0.887,0.865,0.891
0.885,0.909,0.883,0.871,0.914,0.9,0.905,0.871,0.892,0.869,0.9,0.88,0.925,0.869,0.873,0.895,0.893,0.928,0.929,0.908,1.0,0.929,0.935,0.891,0.897,0.898,0.928,0.874,0.885,0.893,0.871,0.931,0.018,0.936,0.88,0.876,0.904,0.924,0.899,0.928,0.874,0.905,0.92,0.88,0.881,0.882,0.908,0.908,0.86,0.892
0.892,0.9,0.878,0.879,0.926,0.916,0.901,0.878,0.88,0.877,0.911,0.888,0.935,0.882,0.885,0.9,0.908,0.93,0.939,0.898,0.929,1.0,0.975,0.903,0.904,0.906,0.934,0.875,0.894,0.888,0.887,0.925,0.018,0.961,0.892,0.88,0.9,0.925,0.901,0.93,0.887,0.899,0.927,0.881,0.883,0.867,0.905,0.905,0.872,0.893
0.9,0.904,0.876,0.879,0.925,0.922,0.912,0.885,0.878,0.877,0.913,0.889,0.937,0.883,0.884,0.907,0.913,0.933,0.939,0.909,0.935,0.975,1.0,0.907,0.912,0.908,0.939,0.88,0.892,0.887,0.888,0.926,0.017,0.961,0.896,0.885,0.912,0.931,0.902,0.931,0.882,0.896,0.928,0.887,0.889,0.864,0.908,0.908,0.875,0.893
0.884,0.925,0.853,0.884,0.912,0.938,0.887,0.876,0.859,0.889,0.931,0.876,0.912,0.882,0.877,0.891,0.934,0.896,0.9,0.883,0.891,0.903,0.907,1.0,0.941,0.918,0.912,0.879,0.874,0.873,0.871,0.892,0.02,0.901,0.954,0.864,0.885,0.905,0.879,0.903,0.872,0.912,0.914,0.872,0.871,0.849,0.909,0.908,0.876,0.873
0.898,0.94,0.872,0.88,0.92,0.947,0.893,0.881,0.877,0.883,0.911,0.888,0.917,0.877,0.885,0.895,0.931,0.901,0.903,0.889,0.897,0.904,0.912,0.941,1.0,0.935,0.91,0.875,0.892,0.887,0.879,0.901,0.018,0.907,0.931,0.876,0.893,0.911,0.889,0.912,0.881,0.915,0.918,0.882,0.884,0.869,0.916,0.916,0.874,0.888
0.895,0.922,0.878,0.873,0.915,0.929,0.895,0.883,0.877,0.878,0.901,0.89,0.899,0.874,0.885,0.886,0.926,0.91,0.908,0.895,0.898,0.906,0.908,0.918,0.935,1.0,0.905,0.877,0.889,0.889,0.877,0.898,0.018,0.906,0.907,0.877,0.896,0.904,0.893,0.904,0.873,0.919,0.905,0.884,0.889,0.868,0.919,0.919,0.871,0.891
0.896,0.902,0.871,0.885,0.925,0.916,0.901,0.886,0.869,0.876,0.912,0.886,0.938,0.888,0.888,0.9,0.911,0.922,0.928,0.896,0.928,0.934,0.939,0.912,0.91,0.905,1.0,0.884,0.887,0.885,0.889,0.925,0.018,0.926,0.896,0.888,0.899,0.944,0.894,0.93,0.887,0.902,0.953,0.889,0.886,0.861,0.905,0.904,0.878,0.885
0.881,0.877,0.861,0.942,0.882,0.89,0.875,0.97,0.868,0.93,0.882,0.93,0.883,0.947,0.936,0.875,0.876,0.875,0.881,0.874,0.874,0.875,0.88,0.879,0.875,0.877,0.884,1.0,0.886,0.882,0.923,0.868,0.022,0.876,0.87,0.915,0.876,0.886,0.921,0.889,0.932,0.871,0.885,0.986,0.974,0.86,0.864,0.864,0.921,0.886
0.907,0.889,0.886,0.882,0.892,0.897,0.895,0.89,0.896,0.883,0.873,0.891,0.893,0.888,0.891,0.892,0.884,0.902,0.902,0.893,0.885,0.894,0.892,0.874,0.892,0.889,0.887,0.886,1.0,0.888,0.886,0.889,0.02,0.892,0.864,0.886,0.893,0.894,0.903,0.894,0.885,0.882,0.887,0.89,0.893,0.891,0.887,0.887,0.882,0.96
0.912,0.889,0.893,0.879,0.891,0.888,0.891,0.883,0.908,0.871,0.873,0.883,0.892,0.879,0.88,0.887,0.882,0.89,0.887,0.892,0.893,0.888,0.887,0.873,0.887,0.889,0.885,0.882,0.888,1.0,0.879,0.893,0.018,0.896,0.863,0.882,0.89,0.895,0.89,0.899,0.876,0.893,0.89,0.887,0.889,0.872,0.886,0.886,0.866,0.889
0.877,0.884,0.856,0.917,0.883,0.888,0.883,0.93,0.876,0.929,0.868,0.917,0.888,0.922,0.92,0.88,0.88,0.89,0.89,0.879,0.871,0.887,0.888,0.871,0.879,0.877,0.889,0.923,0.886,0.879,1.0,0.876,0.017,0.887,0.856,0.915,0.88,0.887,0.916,0.892,0.951,0.879,0.886,0.925,0.93,0.863,0.874,0.874,0.904,0.877
0.896,0.909,0.888,0.87,0.918,0.902,0.898,0.872,0.9,0.868,0.895,0.877,0.917,0.869,0.872,0.891,0.911,0.92,0.924,0.899,0.931,0.925,0.926,0.892,0.901,0.898,0.925,0.868,0.889,0.893,0.876,1.0,0.02,0.932,0.88,0.872,0.895,0.93,0.899,0.924,0.871,0.913,0.921,0.874,0.881,0.885,0.914,0.915,0.87,0.892
0.02,0.022,0.021,0.022,0.019,0.018,0.02,0.02,0.02,0.019,0.017,0.019,0.018,0.02,0.018,0.021,0.019,0.019,0.02,0.021,0.018,0.018,0.017,0.02,0.018,0.018,0.018,0.022,0.02,0.018,0.017,0.02,1.0,0.019,0.019,0.019,0.02,0.017,0.02,0.019,0.017,0.021,0.018,0.021,0.021,0.02,0.018,0.018,0.021,0.019
0.894,0.91,0.885,0.873,0.925,0.913,0.906,0.879,0.888,0.879,0.911,0.887,0.932,0.88,0.879,0.901,0.906,0.933,0.933,0.907,0.936,0.961,0.961,0.901,0.907,0.906,0.926,0.876,0.892,0.896,0.887,0.932,0.019,1.0,0.89,0.891,0.904,0.927,0.906,0.935,0.882,0.903,0.928,0.88,0.889,0.874,0.907,0.907,0.871,0.901
0.872,0.914,0.844,0.873,0.903,0.925,0.876,0.867,0.847,0.878,0.92,0.865,0.897,0.874,0.868,0.884,0.917,0.885,0.894,0.873,0.88,0.892,0.896,0.954,0.931,0.907,0.896,0.87,0.864,0.863,0.856,0.88,0.019,0.89,1.0,0.853,0.875,0.894,0.867,0.893,0.863,0.899,0.904,0.863,0.859,0.841,0.9,0.899,0.862,0.862
0.886,0.876,0.871,0.907,0.882,0.887,0.878,0.92,0.876,0.908,0.869,0.916,0.888,0.914,0.918,0.879,0.881,0.889,0.884,0.877,0.876,0.88,0.885,0.864,0.876,0.877,0.888,0.915,0.886,0.882,0.915,0.872,0.019,0.891,0.853,1.0,0.878,0.88,0.921,0.888,0.92,0.874,0.884,0.917,0.913,0.86,0.863,0.863,0.904,0.884
0.894,0.898,0.883,0.872,0.897,0.899,0.996,0.881,0.884,0.873,0.884,0.881,0.889,0.868,0.874,0.984,0.896,0.905,0.905,0.994,0.904,0.9,0.912,0.885,0.893,0.896,0.899,0.876,0.893,0.89,0.88,0.895,0.02,0.904,0.875,0.878,1.0,0.894,0.897,0.9,0.874,0.892,0.89,0.882,0.882,0.856,0.886,0.886,0.866,0.888
0.892,0.914,0.879,0.877,0.929,0.915,0.895,0.885,0.882,0.873,0.908,0.888,0.932,0.882,0.886,0.89,0.904,0.92,0.923,0.894,0.924,0.925,0.931,0.905,0.911,0.904,0.944,0.886,0.894,0.895,0.887,0.93,0.017,0.927,0.894,0.88,0.894,1.0,0.901,0.937,0.884,0.908,0.948,0.889,0.892,0.868,0.916,0.915,0.871,0.892
0.892,0.892,0.878,0.911,0.903,0.902,0.899,0.927,0.887,0.914,0.88,0.927,0.893,0.915,0.922,0.891,0.886,0.908,0.906,0.901,0.899,0.901,0.902,0.879,0.889,0.893,0.894,0.921,0.903,0.89,0.916,0.899,0.02,0.906,0.867,0.921,0.897,0.901,1.0,0.898,0.92,0.893,0.89,0.923,0.925,0.878,0.891,0.891,0.907,0.904
0.896,0.914,0.881,0.882,0.926,0.92,0.9,0.887,0.879,0.882,0.919,0.89,0.938,0.886,0.885,0.898,0.901,0.92,0.922,0.897,0.928,0.93,0.931,0.903,0.912,0.904,0.93,0.889,0.894,0.899,0.892,0.924,0.019,0.935,0.893,0.888,0.9,0.937,0.898,1.0,0.885,0.916,0.943,0.893,0.896,0.869,0.913,0.913,0.872,0.898
0.88,0.881,0.861,0.936,0.882,0.89,0.876,0.928,0.877,0.929,0.872,0.932,0.89,0.935,0.938,0.88,0.875,0.884,0.889,0.872,0.874,0.887,0.882,0.872,0.881,0.873,0.887,0.932,0.885,0.876,0.951,0.871,0.017,0.882,0.863,0.92,0.874,0.884,0.92,0.885,1.0,0.878,0.889,0.934,0.929,0.864,0.871,0.871,0.917,0.882
0.887,0.923,0.88,0.871,0.924,0.927,0.893,0.876,0.884,0.87,0.901,0.879,0.901,0.868,0.874,0.893,0.913,0.912,0.909,0.895,0.905,0.899,0.896,0.912,0.915,0.919,0.902,0.871,0.882,0.893,0.879,0.913,0.021,0.903,0.899,0.874,0.892,0.908,0.893,0.916,0.878,1.0,0.91,0.876,0.877,0.87,0.93,0.929,0.863,0.886
0.895,0.908,0.877,0.885,0.927,0.92,0.892,0.889,0.872,0.881,0.922,0.888,0.936,0.888,0.886,0.893,0.909,0.921,0.919,0.888,0.92,0.927,0.928,0.914,0.918,0.905,0.953,0.885,0.887,0.89,0.886,0.921,0.018,0.928,0.904,0.884,0.89,0.948,0.89,0.943,0.889,0.91,1.0,0.889,0.889,0.864,0.903,0.902,0.875,0.891
0.885,0.882,0.866,0.934,0.885,0.895,0.881,0.97,0.873,0.921,0.873,0.934,0.886,0.939,0.938,0.88,0.876,0.882,0.884,0.881,0.88,0.881,0.887,0.872,0.882,0.884,0.889,0.986,0.89,0.887,0.925,0.874,0.021,0.88,0.863,0.917,0.882,0.889,0.923,0.893,0.934,0.876,0.889,1.0,0.981,0.865,0.87,0.87,0.917,0.889
0.892,0.891,0.87,0.926,0.888,0.893,0.882,0.963,0.879,0.925,0.871,0.936,0.885,0.93,0.932,0.872,0.876,0.886,0.887,0.883,0.881,0.883,0.889,0.871,0.884,0.889,0.886,0.974,0.893,0.889,0.93,0.881,0.021,0.889,0.859,0.913,0.882,0.892,0.925,0.896,0.929,0.877,0.889,0.981,1.0,0.87,0.873,0.873,0.908,0.893
0.871,0.878,0.874,0.855,0.877,0.866,0.858,0.861,0.884,0.854,0.857,0.864,0.87,0.859,0.863,0.853,0.862,0.877,0.871,0.86,0.882,0.867,0.864,0.849,0.869,0.868,0.861,0.86,0.891,0.872,0.863,0.885,0.02,0.874,0.841,0.86,0.856,0.868,0.878,0.869,0.864,0.87,0.864,0.865,0.87,1.0,0.876,0.877,0.849,0.901
0.892,0.922,0.877,0.868,0.917,0.921,0.885,0.869,0.881,0.867,0.895,0.876,0.901,0.861,0.87,0.884,0.912,0.907,0.905,0.887,0.908,0.905,0.908,0.909,0.916,0.919,0.905,0.864,0.887,0.886,0.874,0.914,0.018,0.907,0.9,0.863,0.886,0.916,0.891,0.913,0.871,0.93,0.903,0.87,0.873,0.876,1.0,0.999,0.861,0.891
0.892,0.923,0.878,0.868,0.916,0.921,0.885,0.869,0.882,0.867,0.894,0.876,0.9,0.861,0.87,0.884,0.912,0.906,0.904,0.887,0.908,0.905,0.908,0.908,0.916,0.919,0.904,0.864,0.887,0.886,0.874,0.915,0.018,0.907,0.899,0.863,0.886,0.915,0.891,0.913,0.871,0.929,0.902,0.87,0.873,0.877,0.999,1.0,0.861,0.891
0.872,0.869,0.858,0.92,0.87,0.876,0.868,0.915,0.861,0.92,0.875,0.911,0.875,0.918,0.913,0.872,0.872,0.874,0.871,0.865,0.86,0.872,0.875,0.876,0.874,0.871,0.878,0.921,0.882,0.866,0.904,0.87,0.021,0.871,0.862,0.904,0.866,0.871,0.907,0.872,0.917,0.863,0.875,0.917,0.908,0.849,0.861,0.861,1.0,0.884
0.899,0.892,0.892,0.88,0.898,0.896,0.889,0.889,0.892,0.884,0.876,0.891,0.894,0.887,0.892,0.884,0.88,0.905,0.903,0.891,0.892,0.893,0.893,0.873,0.888,0.891,0.885,0.886,0.96,0.889,0.877,0.892,0.019,0.901,0.862,0.884,0.888,0.892,0.904,0.898,0.882,0.886,0.891,0.889,0.893,0.901,0.891,0.891,0.884,1.0
