GCF_000163235.1_ASM16323v1_genomic.fna,GCF_000164555.1_ASM16455v1_genomic.fna,GCF_000208545.1_ASM20854v2_genomic.fna,GCF_000233875.1_ASM23387v1_genomic.fna,GCF_000249735.1_ASM24973v2_genomic.fna,GCF_000261145.1_Esch_coli_M919_V2_genomic.fna,GCF_000267705.2_ASM26770v2_genomic.fna,GCF_000350665.1_Esch_coli_KTE5_V1_genomic.fna,GCF_000351625.1_Esch_coli_KTE66_V1_genomic.fna,GCF_000352285.1_Esch_coli_KTE46_V1_genomic.fna,GCF_000358895.1_ASM35889v1_genomic.fna,GCF_000456385.1_Esch_coli_HVH_26_4-5703913_V1_genomic.fna,GCF_000458195.1_Esch_coli_HVH_147_4-5893887_V1_genomic.fna,GCF_000459755.1_Esch_coli_KOEGE_58_171a_V1_genomic.fna,GCF_000460055.1_Esch_coli_UMEA_3053-1_V1_genomic.fna,GCF_000462165.2_ASM46216v2_genomic.fna,GCF_000601135.1_ASM60113v1_genomic.fna,GCF_000614595.1_Ec2010EL1058_genomic.fna,GCF_000617745.1_Ec2010C-4529_genomic.fna,GCF_000618265.2_EcF6751_genomic.fna,GCF_000619005.2_Ec2009C-4052_genomic.fna,GCF_000619105.1_Ec2009C-4780_genomic.fna,GCF_000619765.2_Ec2009C-3279_genomic.fna,GCF_000687005.1_ASM68700v1_genomic.fna,GCF_000687025.1_ASM68702v1_genomic.fna,GCF_000700125.1_ASM70012v1_genomic.fna,GCF_000753315.1_FHI35_genomic.fna,GCF_000776375.1_ASM77637v1_genomic.fna,GCF_000779395.1_ASM77939v1_genomic.fna,GCF_000780315.1_ASM78031v1_genomic.fna,GCF_000781995.1_ASM78199v1_genomic.fna,GCF_000986765.1_ASM98676v1_genomic.fna,GCF_001041375.1_ViralProj287958_genomic.fna,GCF_001265335.1_302014_genomic.fna,GCF_001265625.1_100854_genomic.fna,GCF_001267345.1_303289_genomic.fna,GCF_001309985.1_ASM130998v1_genomic.fna,GCF_001521695.1_ASM152169v1_genomic.fna,GCF_001592595.1_ASM159259v1_genomic.fna,GCF_001614975.1_ASM161497v1_genomic.fna,GCF_001692775.1_ASM169277v1_genomic.fna,GCF_001748915.1_ASM174891v1_genomic.fna,GCF_001749235.1_ASM174923v1_genomic.fna,GCF_001881155.1_ASM188115v1_genomic.fna,GCF_001881345.1_ASM188134v1_genomic.fna,GCF_001892405.1_ASM189240v1_genomic.fna,GCF_001892585.1_ASM189258v1_genomic.fna,GCF_001893985.1_ASM189398v1_genomic.fna,GCF_002001595.1_ASM200159v1_genomic.fna,GCF_002002145.1_ASM200214v1_genomic.fna
1.0,0.896,0.88,0.885,0.889,0.896,0.888,0.882,0.906,0.879,0.877,0.894,0.887,0.885,0.882,0.89,0.891,0.884,0.883,0.888,0.875,0.891,0.892,0.897,0.9,0.893,0.889,0.88,0.89,0.917,0.871,0.88,0.019,0.886,0.883,0.881,0.889,0.891,0.878,0.893,0.882,0.882,0.889,0.874,0.879,0.871,0.88,0.88,0.89,0.893
0.896,1.0,0.883,0.88,0.92,0.933,0.898,0.885,0.875,0.867,0.88,0.89,0.898,0.884,0.886,0.892,0.922,0.912,0.916,0.9,0.907,0.901,0.912,0.929,0.935,0.918,0.902,0.881,0.885,0.888,0.876,0.914,0.019,0.902,0.905,0.89,0.899,0.908,0.864,0.907,0.878,0.915,0.908,0.893,0.895,0.88,0.913,0.915,0.897,0.893
0.88,0.883,1.0,0.869,0.887,0.886,0.887,0.874,0.874,0.862,0.865,0.881,0.872,0.875,0.875,0.884,0.889,0.882,0.879,0.884,0.869,0.879,0.889,0.873,0.887,0.879,0.882,0.866,0.873,0.886,0.869,0.882,0.021,0.89,0.861,0.875,0.887,0.878,0.867,0.88,0.87,0.882,0.889,0.869,0.868,0.866,0.874,0.876,0.878,0.889
0.885,0.88,0.869,1.0,0.881,0.877,0.866,0.92,0.882,0.928,0.873,0.935,0.879,0.952,0.948,0.867,0.874,0.867,0.873,0.866,0.868,0.876,0.881,0.888,0.879,0.877,0.88,0.937,0.898,0.877,0.928,0.883,0.019,0.877,0.87,0.911,0.868,0.882,0.92,0.872,0.942,0.872,0.878,0.925,0.926,0.867,0.88,0.883,0.917,0.896
0.889,0.92,0.887,0.881,1.0,0.926,0.909,0.879,0.879,0.867,0.911,0.893,0.919,0.881,0.882,0.9,0.92,0.92,0.919,0.905,0.92,0.92,0.929,0.91,0.916,0.915,0.919,0.872,0.887,0.889,0.876,0.924,0.019,0.926,0.898,0.888,0.907,0.915,0.877,0.92,0.878,0.922,0.925,0.882,0.883,0.879,0.919,0.921,0.891,0.893
0.896,0.933,0.886,0.877,0.926,1.0,0.904,0.886,0.881,0.865,0.903,0.891,0.908,0.888,0.882,0.907,0.927,0.91,0.91,0.9,0.899,0.911,0.92,0.937,0.944,0.925,0.92,0.882,0.887,0.896,0.88,0.908,0.019,0.92,0.923,0.887,0.903,0.917,0.882,0.921,0.879,0.922,0.921,0.883,0.881,0.872,0.924,0.927,0.892,0.892
0.888,0.898,0.887,0.866,0.909,0.904,1.0,0.874,0.872,0.856,0.868,0.877,0.888,0.87,0.867,0.982,0.906,0.907,0.906,0.994,0.904,0.906,0.918,0.892,0.909,0.899,0.893,0.867,0.877,0.887,0.87,0.904,0.019,0.91,0.885,0.881,0.997,0.886,0.866,0.891,0.87,0.903,0.896,0.879,0.88,0.874,0.89,0.892,0.883,0.884
0.882,0.885,0.874,0.92,0.879,0.886,0.874,1.0,0.871,0.916,0.863,0.925,0.87,0.917,0.916,0.88,0.879,0.872,0.872,0.874,0.872,0.876,0.879,0.877,0.883,0.881,0.882,0.965,0.883,0.877,0.919,0.88,0.017,0.882,0.857,0.912,0.876,0.882,0.914,0.887,0.924,0.876,0.883,0.963,0.952,0.871,0.871,0.874,0.921,0.894
0.906,0.875,0.874,0.882,0.879,0.881,0.872,0.871,1.0,0.882,0.889,0.88,0.89,0.875,0.881,0.874,0.881,0.869,0.862,0.87,0.858,0.874,0.877,0.896,0.882,0.881,0.886,0.873,0.893,0.907,0.864,0.872,0.019,0.879,0.883,0.872,0.873,0.885,0.875,0.88,0.876,0.873,0.882,0.863,0.864,0.857,0.868,0.869,0.876,0.884
0.879,0.867,0.862,0.928,0.867,0.865,0.856,0.916,0.882,1.0,0.884,0.923,0.876,0.924,0.922,0.86,0.863,0.85,0.851,0.855,0.848,0.858,0.861,0.885,0.867,0.873,0.858,0.926,0.884,0.874,0.912,0.855,0.018,0.863,0.874,0.894,0.857,0.872,0.916,0.864,0.929,0.858,0.863,0.912,0.915,0.859,0.862,0.865,0.91,0.879
0.877,0.88,0.865,0.873,0.911,0.903,0.868,0.863,0.889,0.884,1.0,0.877,0.929,0.869,0.875,0.872,0.892,0.898,0.891,0.865,0.888,0.901,0.903,0.918,0.889,0.896,0.913,0.866,0.883,0.879,0.858,0.899,0.019,0.904,0.912,0.869,0.867,0.913,0.869,0.92,0.872,0.894,0.907,0.858,0.854,0.847,0.893,0.895,0.869,0.876
0.894,0.89,0.881,0.935,0.893,0.891,0.877,0.925,0.88,0.923,0.877,1.0,0.885,0.937,0.953,0.879,0.885,0.879,0.882,0.877,0.871,0.886,0.893,0.89,0.891,0.888,0.886,0.933,0.896,0.89,0.924,0.88,0.019,0.888,0.873,0.907,0.878,0.89,0.922,0.891,0.934,0.886,0.888,0.925,0.926,0.874,0.883,0.885,0.92,0.897
0.887,0.898,0.872,0.879,0.919,0.908,0.888,0.87,0.89,0.876,0.929,0.885,1.0,0.877,0.886,0.891,0.91,0.916,0.917,0.885,0.909,0.933,0.931,0.925,0.909,0.909,0.929,0.873,0.898,0.887,0.861,0.918,0.02,0.928,0.908,0.863,0.887,0.936,0.878,0.937,0.877,0.905,0.93,0.866,0.867,0.852,0.903,0.906,0.875,0.888
0.885,0.884,0.875,0.952,0.881,0.888,0.87,0.917,0.875,0.924,0.869,0.937,0.877,1.0,0.944,0.873,0.876,0.867,0.874,0.869,0.87,0.877,0.883,0.889,0.881,0.882,0.877,0.93,0.891,0.881,0.926,0.879,0.018,0.879,0.87,0.906,0.871,0.887,0.914,0.878,0.943,0.877,0.879,0.916,0.917,0.873,0.883,0.885,0.917,0.896
0.882,0.886,0.875,0.948,0.882,0.882,0.867,0.916,0.881,0.922,0.875,0.953,0.886,0.944,1.0,0.869,0.883,0.868,0.874,0.866,0.866,0.879,0.886,0.89,0.888,0.884,0.878,0.93,0.896,0.884,0.923,0.881,0.017,0.878,0.878,0.905,0.868,0.884,0.921,0.879,0.933,0.878,0.875,0.921,0.916,0.878,0.884,0.886,0.919,0.901
0.89,0.892,0.884,0.867,0.9,0.907,0.982,0.88,0.874,0.86,0.872,0.879,0.891,0.873,0.869,1.0,0.901,0.896,0.894,0.978,0.895,0.909,0.914,0.895,0.911,0.904,0.893,0.872,0.879,0.887,0.873,0.893,0.019,0.911,0.888,0.875,0.981,0.888,0.87,0.894,0.874,0.898,0.894,0.877,0.873,0.864,0.885,0.888,0.89,0.885
0.891,0.922,0.889,0.874,0.92,0.927,0.906,0.879,0.881,0.863,0.892,0.885,0.91,0.876,0.883,0.901,1.0,0.915,0.919,0.903,0.905,0.912,0.922,0.924,0.927,0.929,0.916,0.871,0.888,0.896,0.872,0.927,0.02,0.919,0.901,0.892,0.905,0.912,0.876,0.918,0.874,0.924,0.915,0.879,0.877,0.879,0.921,0.924,0.891,0.897
0.884,0.912,0.882,0.867,0.92,0.91,0.907,0.872,0.869,0.85,0.898,0.879,0.916,0.867,0.868,0.896,0.915,1.0,0.943,0.907,0.929,0.931,0.934,0.9,0.902,0.899,0.919,0.862,0.877,0.883,0.867,0.92,0.021,0.92,0.887,0.886,0.907,0.901,0.861,0.917,0.866,0.913,0.908,0.871,0.872,0.878,0.906,0.908,0.876,0.893
0.883,0.916,0.879,0.873,0.919,0.91,0.906,0.872,0.862,0.851,0.891,0.882,0.917,0.874,0.874,0.894,0.919,0.943,1.0,0.907,0.935,0.937,0.944,0.905,0.916,0.906,0.917,0.867,0.873,0.88,0.87,0.925,0.02,0.926,0.895,0.887,0.906,0.903,0.862,0.917,0.871,0.912,0.915,0.877,0.88,0.877,0.905,0.907,0.878,0.887
0.888,0.9,0.884,0.866,0.905,0.9,0.994,0.874,0.87,0.855,0.865,0.877,0.885,0.869,0.866,0.978,0.903,0.907,0.907,1.0,0.905,0.901,0.915,0.887,0.907,0.897,0.889,0.867,0.873,0.886,0.868,0.906,0.019,0.904,0.882,0.878,0.997,0.885,0.864,0.887,0.869,0.902,0.892,0.879,0.88,0.877,0.888,0.89,0.882,0.88
0.875,0.907,0.869,0.868,0.92,0.899,0.904,0.872,0.858,0.848,0.888,0.871,0.909,0.87,0.866,0.895,0.905,0.929,0.935,0.905,1.0,0.926,0.934,0.886,0.893,0.9,0.912,0.869,0.871,0.87,0.856,0.926,0.02,0.92,0.877,0.883,0.903,0.899,0.858,0.915,0.86,0.899,0.908,0.877,0.878,0.873,0.898,0.9,0.872,0.882
0.891,0.901,0.879,0.876,0.92,0.911,0.906,0.876,0.874,0.858,0.901,0.886,0.933,0.877,0.879,0.909,0.912,0.931,0.937,0.901,0.926,1.0,0.974,0.908,0.918,0.911,0.928,0.872,0.887,0.886,0.87,0.921,0.02,0.956,0.9,0.881,0.903,0.918,0.873,0.933,0.873,0.901,0.93,0.871,0.872,0.865,0.904,0.906,0.888,0.898
0.892,0.912,0.889,0.881,0.929,0.92,0.918,0.879,0.877,0.861,0.903,0.893,0.931,0.883,0.886,0.914,0.922,0.934,0.944,0.915,0.934,0.974,1.0,0.912,0.923,0.914,0.931,0.874,0.89,0.892,0.878,0.93,0.02,0.958,0.904,0.889,0.917,0.918,0.872,0.93,0.879,0.912,0.929,0.878,0.88,0.874,0.909,0.912,0.891,0.899
0.897,0.929,0.873,0.888,0.91,0.937,0.892,0.877,0.896,0.885,0.918,0.89,0.925,0.889,0.89,0.895,0.924,0.9,0.905,0.887,0.886,0.908,0.912,1.0,0.938,0.921,0.91,0.88,0.897,0.891,0.868,0.9,0.019,0.907,0.943,0.873,0.89,0.918,0.883,0.917,0.879,0.914,0.908,0.872,0.872,0.857,0.908,0.911,0.882,0.887
0.9,0.935,0.887,0.879,0.916,0.944,0.909,0.883,0.882,0.867,0.889,0.891,0.909,0.881,0.888,0.911,0.927,0.902,0.916,0.907,0.893,0.918,0.923,0.938,1.0,0.931,0.92,0.88,0.884,0.896,0.873,0.916,0.019,0.916,0.93,0.885,0.909,0.911,0.877,0.912,0.878,0.915,0.919,0.884,0.883,0.871,0.908,0.911,0.902,0.894
0.893,0.918,0.879,0.877,0.915,0.925,0.899,0.881,0.881,0.873,0.896,0.888,0.909,0.882,0.884,0.904,0.929,0.899,0.906,0.897,0.9,0.911,0.914,0.921,0.931,1.0,0.914,0.876,0.886,0.899,0.88,0.908,0.02,0.913,0.903,0.885,0.899,0.909,0.875,0.916,0.884,0.911,0.908,0.877,0.877,0.874,0.914,0.916,0.903,0.897
0.889,0.902,0.882,0.88,0.919,0.92,0.893,0.882,0.886,0.858,0.913,0.886,0.929,0.877,0.878,0.893,0.916,0.919,0.917,0.889,0.912,0.928,0.931,0.91,0.92,0.914,1.0,0.877,0.888,0.892,0.874,0.931,0.019,0.923,0.894,0.875,0.891,0.944,0.865,0.943,0.873,0.912,0.954,0.88,0.878,0.874,0.906,0.908,0.888,0.899
0.88,0.881,0.866,0.937,0.872,0.882,0.867,0.965,0.873,0.926,0.866,0.933,0.873,0.93,0.93,0.872,0.871,0.862,0.867,0.867,0.869,0.872,0.874,0.88,0.88,0.876,0.877,1.0,0.885,0.879,0.921,0.876,0.02,0.876,0.863,0.908,0.869,0.878,0.917,0.88,0.932,0.866,0.875,0.983,0.973,0.865,0.872,0.875,0.919,0.895
0.89,0.885,0.873,0.898,0.887,0.887,0.877,0.883,0.893,0.884,0.883,0.896,0.898,0.891,0.896,0.879,0.888,0.877,0.873,0.873,0.871,0.887,0.89,0.897,0.884,0.886,0.888,0.885,1.0,0.885,0.874,0.887,0.018,0.887,0.877,0.883,0.876,0.889,0.88,0.889,0.893,0.881,0.888,0.877,0.879,0.872,0.877,0.878,0.881,0.936
0.917,0.888,0.886,0.877,0.889,0.896,0.887,0.877,0.907,0.874,0.879,0.89,0.887,0.881,0.884,0.887,0.896,0.883,0.88,0.886,0.87,0.886,0.892,0.891,0.896,0.899,0.892,0.879,0.885,1.0,0.872,0.881,0.017,0.888,0.882,0.877,0.888,0.892,0.872,0.896,0.878,0.885,0.89,0.875,0.877,0.876,0.887,0.887,0.888,0.891
0.871,0.876,0.869,0.928,0.876,0.88,0.87,0.919,0.864,0.912,0.858,0.924,0.861,0.926,0.923,0.873,0.872,0.867,0.87,0.868,0.856,0.87,0.878,0.868,0.873,0.88,0.874,0.921,0.874,0.872,1.0,0.872,0.017,0.875,0.855,0.902,0.87,0.867,0.91,0.871,0.953,0.874,0.872,0.92,0.918,0.866,0.881,0.882,0.914,0.89
0.88,0.914,0.882,0.883,0.924,0.908,0.904,0.88,0.872,0.855,0.899,0.88,0.918,0.879,0.881,0.893,0.927,0.92,0.925,0.906,0.926,0.921,0.93,0.9,0.916,0.908,0.931,0.876,0.887,0.881,0.872,1.0,0.02,0.92,0.887,0.882,0.905,0.919,0.863,0.922,0.872,0.91,0.927,0.883,0.882,0.875,0.905,0.906,0.885,0.892
0.019,0.019,0.021,0.019,0.019,0.019,0.019,0.017,0.019,0.018,0.019,0.019,0.02,0.018,0.017,0.019,0.02,0.021,0.02,0.019,0.02,0.02,0.02,0.019,0.019,0.02,0.019,0.02,0.018,0.017,0.017,0.02,1.0,0.02,0.02,0.019,0.019,0.019,0.019,0.019,0.017,0.019,0.019,0.02,0.02,0.019,0.018,0.018,0.017,0.017
0.886,0.902,0.89,0.877,0.926,0.92,0.91,0.882,0.879,0.863,0.904,0.888,0.928,0.879,0.878,0.911,0.919,0.92,0.926,0.904,0.92,0.956,0.958,0.907,0.916,0.913,0.923,0.876,0.887,0.888,0.875,0.92,0.02,1.0,0.896,0.891,0.907,0.917,0.875,0.929,0.879,0.904,0.93,0.877,0.877,0.865,0.906,0.909,0.883,0.893
0.883,0.905,0.861,0.87,0.898,0.923,0.885,0.857,0.883,0.874,0.912,0.873,0.908,0.87,0.878,0.888,0.901,0.887,0.895,0.882,0.877,0.9,0.904,0.943,0.93,0.903,0.894,0.863,0.877,0.882,0.855,0.887,0.02,0.896,1.0,0.864,0.883,0.901,0.869,0.896,0.865,0.898,0.899,0.857,0.855,0.844,0.892,0.895,0.868,0.871
0.881,0.89,0.875,0.911,0.888,0.887,0.881,0.912,0.872,0.894,0.869,0.907,0.863,0.906,0.905,0.875,0.892,0.886,0.887,0.878,0.883,0.881,0.889,0.873,0.885,0.885,0.875,0.908,0.883,0.877,0.902,0.882,0.019,0.891,0.864,1.0,0.881,0.868,0.906,0.878,0.904,0.878,0.874,0.921,0.915,0.879,0.88,0.883,0.908,0.897
0.889,0.899,0.887,0.868,0.907,0.903,0.997,0.876,0.873,0.857,0.867,0.878,0.887,0.871,0.868,0.981,0.905,0.907,0.906,0.997,0.903,0.903,0.917,0.89,0.909,0.899,0.891,0.869,0.876,0.888,0.87,0.905,0.019,0.907,0.883,0.881,1.0,0.886,0.867,0.889,0.872,0.902,0.894,0.881,0.882,0.874,0.889,0.891,0.884,0.883
0.891,0.908,0.878,0.882,0.915,0.917,0.886,0.882,0.885,0.872,0.913,0.89,0.936,0.887,0.884,0.888,0.912,0.901,0.903,0.885,0.899,0.918,0.918,0.918,0.911,0.909,0.944,0.878,0.889,0.892,0.867,0.919,0.019,0.917,0.901,0.868,0.886,1.0,0.868,0.939,0.88,0.9,0.944,0.873,0.87,0.857,0.905,0.907,0.882,0.885
0.878,0.864,0.867,0.92,0.877,0.882,0.866,0.914,0.875,0.916,0.869,0.922,0.878,0.914,0.921,0.87,0.876,0.861,0.862,0.864,0.858,0.873,0.872,0.883,0.877,0.875,0.865,0.917,0.88,0.872,0.91,0.863,0.019,0.875,0.869,0.906,0.867,0.868,1.0,0.869,0.919,0.869,0.868,0.907,0.903,0.856,0.868,0.871,0.907,0.877
0.893,0.907,0.88,0.872,0.92,0.921,0.891,0.887,0.88,0.864,0.92,0.891,0.937,0.878,0.879,0.894,0.918,0.917,0.917,0.887,0.915,0.933,0.93,0.917,0.912,0.916,0.943,0.88,0.889,0.896,0.871,0.922,0.019,0.929,0.896,0.878,0.889,0.939,0.869,1.0,0.877,0.908,0.943,0.88,0.882,0.86,0.913,0.915,0.883,0.895
0.882,0.878,0.87,0.942,0.878,0.879,0.87,0.924,0.876,0.929,0.872,0.934,0.877,0.943,0.933,0.874,0.874,0.866,0.871,0.869,0.86,0.873,0.879,0.879,0.878,0.884,0.873,0.932,0.893,0.878,0.953,0.872,0.017,0.879,0.865,0.904,0.872,0.88,0.919,0.877,1.0,0.876,0.876,0.921,0.921,0.869,0.875,0.877,0.921,0.891
0.882,0.915,0.882,0.872,0.922,0.922,0.903,0.876,0.873,0.858,0.894,0.886,0.905,0.877,0.878,0.898,0.924,0.913,0.912,0.902,0.899,0.901,0.912,0.914,0.915,0.911,0.912,0.866,0.881,0.885,0.874,0.91,0.019,0.904,0.898,0.878,0.902,0.9,0.869,0.908,0.876,1.0,0.918,0.878,0.875,0.873,0.925,0.927,0.879,0.889
0.889,0.908,0.889,0.878,0.925,0.921,0.896,0.883,0.882,0.863,0.907,0.888,0.93,0.879,0.875,0.894,0.915,0.908,0.915,0.892,0.908,0.93,0.929,0.908,0.919,0.908,0.954,0.875,0.888,0.89,0.872,0.927,0.019,0.93,0.899,0.874,0.894,0.944,0.868,0.943,0.876,0.918,1.0,0.877,0.874,0.861,0.908,0.911,0.884,0.89
0.874,0.893,0.869,0.925,0.882,0.883,0.879,0.963,0.863,0.912,0.858,0.925,0.866,0.916,0.921,0.877,0.879,0.871,0.877,0.879,0.877,0.871,0.878,0.872,0.884,0.877,0.88,0.983,0.877,0.875,0.92,0.883,0.02,0.877,0.857,0.921,0.881,0.873,0.907,0.88,0.921,0.878,0.877,1.0,0.981,0.874,0.881,0.884,0.92,0.895
0.879,0.895,0.868,0.926,0.883,0.881,0.88,0.952,0.864,0.915,0.854,0.926,0.867,0.917,0.916,0.873,0.877,0.872,0.88,0.88,0.878,0.872,0.88,0.872,0.883,0.877,0.878,0.973,0.879,0.877,0.918,0.882,0.02,0.877,0.855,0.915,0.882,0.87,0.903,0.882,0.921,0.875,0.874,0.981,1.0,0.876,0.881,0.883,0.915,0.892
0.871,0.88,0.866,0.867,0.879,0.872,0.874,0.871,0.857,0.859,0.847,0.874,0.852,0.873,0.878,0.864,0.879,0.878,0.877,0.877,0.873,0.865,0.874,0.857,0.871,0.874,0.874,0.865,0.872,0.876,0.866,0.875,0.019,0.865,0.844,0.879,0.874,0.857,0.856,0.86,0.869,0.873,0.861,0.874,0.876,1.0,0.883,0.881,0.882,0.899
0.88,0.913,0.874,0.88,0.919,0.924,0.89,0.871,0.868,0.862,0.893,0.883,0.903,0.883,0.884,0.885,0.921,0.906,0.905,0.888,0.898,0.904,0.909,0.908,0.908,0.914,0.906,0.872,0.877,0.887,0.881,0.905,0.018,0.906,0.892,0.88,0.889,0.905,0.868,0.913,0.875,0.925,0.908,0.881,0.881,0.883,1.0,0.997,0.887,0.893
0.88,0.915,0.876,0.883,0.921,0.927,0.892,0.874,0.869,0.865,0.895,0.885,0.906,0.885,0.886,0.888,0.924,0.908,0.907,0.89,0.9,0.906,0.912,0.911,0.911,0.916,0.908,0.875,0.878,0.887,0.882,0.906,0.018,0.909,0.895,0.883,0.891,0.907,0.871,0.915,0.877,0.927,0.911,0.884,0.883,0.881,0.997,1.0,0.889,0.894
0.89,0.897,0.878,0.917,0.891,0.892,0.883,0.921,0.876,0.91,0.869,0.92,0.875,0.917,0.919,0.89,0.891,0.876,0.878,0.882,0.872,0.888,0.891,0.882,0.902,0.903,0.888,0.919,0.881,0.888,0.914,0.885,0.017,0.883,0.868,0.908,0.884,0.882,0.907,0.883,0.921,0.879,0.884,0.92,0.915,0.882,0.887,0.889,1.0,0.895
0.893,0.893,0.889,0.896,0.893,0.892,0.884,0.894,0.884,0.879,0.876,0.897,0.888,0.896,0.901,0.885,0.897,0.893,0.887,0.88,0.882,0.898,0.899,0.887,0.894,0.897,0.899,0.895,0.936,0.891,0.89,0.892,0.017,0.893,0.871,0.897,0.883,0.885,0.877,0.895,0.891,0.889,0.89,0.895,0.892,0.899,0.893,0.894,0.895,1.0
