GCF_000163235.1_ASM16323v1_genomic.fna,GCF_000164555.1_ASM16455v1_genomic.fna,GCF_000208545.1_ASM20854v2_genomic.fna,GCF_000233875.1_ASM23387v1_genomic.fna,GCF_000249735.1_ASM24973v2_genomic.fna,GCF_000261145.1_Esch_coli_M919_V2_genomic.fna,GCF_000267705.2_ASM26770v2_genomic.fna,GCF_000350665.1_Esch_coli_KTE5_V1_genomic.fna,GCF_000351625.1_Esch_coli_KTE66_V1_genomic.fna,GCF_000352285.1_Esch_coli_KTE46_V1_genomic.fna,GCF_000358895.1_ASM35889v1_genomic.fna,GCF_000456385.1_Esch_coli_HVH_26_4-5703913_V1_genomic.fna,GCF_000458195.1_Esch_coli_HVH_147_4-5893887_V1_genomic.fna,GCF_000459755.1_Esch_coli_KOEGE_58_171a_V1_genomic.fna,GCF_000460055.1_Esch_coli_UMEA_3053-1_V1_genomic.fna,GCF_000462165.2_ASM46216v2_genomic.fna,GCF_000601135.1_ASM60113v1_genomic.fna,GCF_000614595.1_Ec2010EL1058_genomic.fna,GCF_000617745.1_Ec2010C-4529_genomic.fna,GCF_000618265.2_EcF6751_genomic.fna,GCF_000619005.2_Ec2009C-4052_genomic.fna,GCF_000619105.1_Ec2009C-4780_genomic.fna,GCF_000619765.2_Ec2009C-3279_genomic.fna,GCF_000687005.1_ASM68700v1_genomic.fna,GCF_000687025.1_ASM68702v1_genomic.fna,GCF_000700125.1_ASM70012v1_genomic.fna,GCF_000753315.1_FHI35_genomic.fna,GCF_000776375.1_ASM77637v1_genomic.fna,GCF_000779395.1_ASM77939v1_genomic.fna,GCF_000780315.1_ASM78031v1_genomic.fna,GCF_000781995.1_ASM78199v1_genomic.fna,GCF_000986765.1_ASM98676v1_genomic.fna,GCF_001041375.1_ViralProj287958_genomic.fna,GCF_001265335.1_302014_genomic.fna,GCF_001265625.1_100854_genomic.fna,GCF_001267345.1_303289_genomic.fna,GCF_001309985.1_ASM130998v1_genomic.fna,GCF_001521695.1_ASM152169v1_genomic.fna,GCF_001592595.1_ASM159259v1_genomic.fna,GCF_001614975.1_ASM161497v1_genomic.fna,GCF_001692775.1_ASM169277v1_genomic.fna,GCF_001748915.1_ASM174891v1_genomic.fna,GCF_001749235.1_ASM174923v1_genomic.fna,GCF_001881155.1_ASM188115v1_genomic.fna,GCF_001881345.1_ASM188134v1_genomic.fna,GCF_001892405.1_ASM189240v1_genomic.fna,GCF_001892585.1_ASM189258v1_genomic.fna,GCF_001893985.1_ASM189398v1_genomic.fna,GCF_002001595.1_ASM200159v1_genomic.fna,GCF_002002145.1_ASM200214v1_genomic.fna
1.0,0.475,0.391,0.415,0.456,0.457,0.463,0.417,0.576,0.452,0.443,0.443,0.441,0.425,0.405,0.467,0.445,0.459,0.46,0.456,0.432,0.457,0.458,0.458,0.448,0.444,0.45,0.413,0.505,0.586,0.402,0.457,0.0,0.451,0.422,0.403,0.459,0.469,0.396,0.448,0.418,0.448,0.457,0.401,0.412,0.446,0.439,0.44,0.413,0.488
0.475,1.0,0.334,0.405,0.624,0.779,0.508,0.42,0.443,0.411,0.572,0.424,0.585,0.4,0.39,0.51,0.696,0.585,0.6,0.502,0.564,0.588,0.601,0.781,0.795,0.687,0.587,0.415,0.438,0.452,0.398,0.609,0.0,0.592,0.73,0.379,0.504,0.611,0.384,0.587,0.404,0.666,0.596,0.42,0.422,0.399,0.655,0.654,0.408,0.428
0.391,0.334,1.0,0.308,0.318,0.315,0.317,0.309,0.381,0.312,0.316,0.315,0.319,0.313,0.306,0.321,0.318,0.326,0.331,0.314,0.313,0.334,0.335,0.324,0.32,0.319,0.327,0.31,0.36,0.374,0.302,0.334,0.0,0.335,0.287,0.314,0.317,0.326,0.301,0.32,0.311,0.324,0.33,0.311,0.3,0.331,0.325,0.325,0.316,0.353
0.415,0.405,0.308,1.0,0.401,0.396,0.376,0.699,0.415,0.713,0.386,0.721,0.395,0.753,0.762,0.37,0.385,0.397,0.414,0.373,0.387,0.394,0.401,0.388,0.393,0.397,0.397,0.736,0.463,0.398,0.719,0.408,0.0,0.393,0.365,0.603,0.373,0.407,0.658,0.394,0.74,0.4,0.398,0.717,0.712,0.425,0.386,0.386,0.653,0.467
0.456,0.624,0.318,0.401,1.0,0.639,0.51,0.412,0.447,0.408,0.746,0.42,0.674,0.407,0.409,0.518,0.627,0.651,0.66,0.508,0.65,0.67,0.67,0.623,0.62,0.611,0.671,0.408,0.449,0.452,0.407,0.679,0.0,0.676,0.591,0.385,0.509,0.691,0.394,0.683,0.421,0.633,0.689,0.4,0.396,0.392,0.64,0.641,0.398,0.425
0.457,0.779,0.315,0.396,0.639,1.0,0.52,0.412,0.439,0.407,0.594,0.396,0.61,0.396,0.385,0.537,0.707,0.595,0.61,0.516,0.562,0.618,0.611,0.784,0.82,0.689,0.573,0.402,0.459,0.453,0.383,0.6,0.0,0.607,0.761,0.391,0.515,0.632,0.398,0.607,0.395,0.664,0.615,0.396,0.393,0.391,0.67,0.67,0.394,0.427
0.463,0.508,0.317,0.376,0.51,0.52,1.0,0.381,0.458,0.372,0.494,0.381,0.497,0.375,0.371,0.944,0.514,0.549,0.563,0.978,0.544,0.535,0.559,0.515,0.508,0.509,0.515,0.376,0.425,0.458,0.37,0.528,0.0,0.531,0.492,0.393,0.982,0.51,0.377,0.518,0.375,0.504,0.511,0.373,0.373,0.39,0.497,0.496,0.362,0.422
0.417,0.42,0.309,0.699,0.412,0.412,0.381,1.0,0.403,0.694,0.382,0.708,0.39,0.701,0.679,0.373,0.395,0.394,0.408,0.379,0.388,0.387,0.402,0.404,0.4,0.395,0.392,0.908,0.464,0.394,0.707,0.402,0.0,0.387,0.37,0.613,0.38,0.415,0.675,0.394,0.709,0.403,0.393,0.91,0.901,0.422,0.388,0.388,0.661,0.458
0.576,0.443,0.381,0.415,0.447,0.439,0.458,0.403,1.0,0.429,0.439,0.407,0.447,0.42,0.409,0.463,0.441,0.455,0.469,0.456,0.432,0.463,0.461,0.442,0.437,0.44,0.461,0.408,0.502,0.583,0.404,0.459,0.0,0.453,0.411,0.405,0.458,0.459,0.398,0.456,0.41,0.442,0.468,0.399,0.392,0.448,0.447,0.447,0.4,0.507
0.452,0.411,0.312,0.713,0.408,0.407,0.372,0.694,0.429,1.0,0.412,0.688,0.407,0.713,0.691,0.383,0.405,0.4,0.4,0.368,0.37,0.402,0.386,0.402,0.408,0.407,0.38,0.715,0.477,0.412,0.729,0.39,0.0,0.386,0.378,0.587,0.37,0.407,0.649,0.41,0.735,0.387,0.406,0.698,0.701,0.413,0.392,0.392,0.644,0.449
0.443,0.572,0.316,0.386,0.746,0.594,0.494,0.382,0.439,0.412,1.0,0.391,0.725,0.386,0.384,0.514,0.589,0.643,0.646,0.49,0.627,0.679,0.655,0.634,0.592,0.611,0.645,0.384,0.429,0.451,0.385,0.645,0.0,0.647,0.621,0.38,0.492,0.668,0.382,0.694,0.392,0.583,0.684,0.377,0.374,0.383,0.594,0.593,0.376,0.41
0.443,0.424,0.315,0.721,0.42,0.396,0.381,0.708,0.407,0.688,0.391,1.0,0.394,0.727,0.853,0.372,0.4,0.399,0.406,0.377,0.4,0.393,0.403,0.4,0.396,0.408,0.393,0.717,0.478,0.412,0.692,0.403,0.0,0.398,0.369,0.625,0.377,0.41,0.671,0.396,0.719,0.4,0.401,0.708,0.715,0.431,0.393,0.394,0.642,0.477
0.441,0.585,0.319,0.395,0.674,0.61,0.497,0.39,0.447,0.407,0.725,0.394,1.0,0.393,0.39,0.513,0.602,0.686,0.681,0.492,0.677,0.766,0.739,0.644,0.599,0.617,0.704,0.393,0.434,0.462,0.39,0.694,0.0,0.733,0.617,0.374,0.494,0.707,0.379,0.751,0.394,0.59,0.718,0.383,0.381,0.383,0.59,0.589,0.379,0.413
0.425,0.4,0.313,0.753,0.407,0.396,0.375,0.701,0.42,0.713,0.386,0.727,0.393,1.0,0.77,0.371,0.388,0.402,0.413,0.372,0.377,0.396,0.4,0.386,0.393,0.396,0.394,0.744,0.476,0.402,0.721,0.405,0.0,0.393,0.368,0.603,0.372,0.408,0.668,0.392,0.747,0.398,0.399,0.721,0.711,0.422,0.387,0.387,0.654,0.469
0.405,0.39,0.306,0.762,0.409,0.385,0.371,0.679,0.409,0.691,0.384,0.853,0.39,0.77,1.0,0.369,0.388,0.388,0.397,0.371,0.388,0.391,0.398,0.376,0.385,0.391,0.391,0.714,0.46,0.404,0.721,0.395,0.0,0.388,0.363,0.619,0.371,0.405,0.676,0.394,0.743,0.39,0.397,0.695,0.687,0.431,0.394,0.394,0.651,0.48
0.467,0.51,0.321,0.37,0.518,0.537,0.944,0.373,0.463,0.383,0.514,0.372,0.513,0.371,0.369,1.0,0.522,0.552,0.558,0.942,0.523,0.55,0.547,0.524,0.523,0.519,0.51,0.373,0.438,0.472,0.367,0.519,0.0,0.533,0.505,0.386,0.944,0.529,0.373,0.532,0.373,0.508,0.529,0.366,0.365,0.39,0.509,0.508,0.362,0.421
0.445,0.696,0.318,0.385,0.627,0.707,0.514,0.395,0.441,0.405,0.589,0.4,0.602,0.388,0.388,0.522,1.0,0.581,0.58,0.507,0.565,0.624,0.604,0.721,0.715,0.735,0.589,0.393,0.446,0.445,0.377,0.615,0.0,0.6,0.681,0.393,0.507,0.609,0.375,0.617,0.386,0.663,0.614,0.385,0.388,0.385,0.666,0.666,0.377,0.421
0.459,0.585,0.326,0.397,0.651,0.595,0.549,0.394,0.455,0.4,0.643,0.399,0.686,0.402,0.388,0.552,0.581,1.0,0.743,0.543,0.688,0.726,0.722,0.601,0.585,0.576,0.688,0.397,0.434,0.461,0.398,0.692,0.0,0.688,0.568,0.394,0.546,0.673,0.387,0.69,0.404,0.598,0.69,0.389,0.387,0.39,0.585,0.584,0.379,0.418
0.46,0.6,0.331,0.414,0.66,0.61,0.563,0.408,0.469,0.4,0.646,0.406,0.681,0.413,0.397,0.558,0.58,0.743,1.0,0.562,0.699,0.716,0.72,0.605,0.595,0.578,0.687,0.41,0.442,0.464,0.401,0.708,0.0,0.691,0.588,0.413,0.558,0.676,0.399,0.691,0.404,0.61,0.684,0.401,0.398,0.397,0.594,0.593,0.391,0.433
0.456,0.502,0.314,0.373,0.508,0.516,0.978,0.379,0.456,0.368,0.49,0.377,0.492,0.372,0.371,0.942,0.507,0.543,0.562,1.0,0.543,0.534,0.557,0.509,0.504,0.505,0.513,0.376,0.421,0.454,0.37,0.525,0.0,0.525,0.486,0.394,0.989,0.508,0.377,0.515,0.376,0.504,0.509,0.371,0.37,0.389,0.494,0.494,0.362,0.424
0.432,0.564,0.313,0.387,0.65,0.562,0.544,0.388,0.432,0.37,0.627,0.4,0.677,0.377,0.388,0.523,0.565,0.688,0.699,0.543,1.0,0.703,0.734,0.569,0.555,0.569,0.693,0.394,0.405,0.436,0.391,0.698,0.0,0.704,0.543,0.391,0.544,0.678,0.391,0.688,0.395,0.576,0.68,0.387,0.387,0.388,0.565,0.565,0.377,0.417
0.457,0.588,0.334,0.394,0.67,0.618,0.535,0.387,0.463,0.402,0.679,0.393,0.766,0.396,0.391,0.55,0.624,0.726,0.716,0.534,0.703,1.0,0.906,0.624,0.61,0.604,0.717,0.389,0.437,0.461,0.388,0.719,0.0,0.857,0.586,0.392,0.532,0.719,0.391,0.739,0.393,0.605,0.74,0.38,0.376,0.39,0.587,0.587,0.38,0.417
0.458,0.601,0.335,0.401,0.67,0.611,0.559,0.402,0.461,0.386,0.655,0.403,0.739,0.4,0.398,0.547,0.604,0.722,0.72,0.557,0.734,0.906,1.0,0.602,0.593,0.588,0.736,0.401,0.431,0.452,0.397,0.735,0.0,0.854,0.575,0.406,0.555,0.703,0.404,0.711,0.403,0.615,0.716,0.392,0.391,0.4,0.587,0.587,0.389,0.427
0.458,0.781,0.324,0.388,0.623,0.784,0.515,0.404,0.442,0.402,0.634,0.4,0.644,0.386,0.376,0.524,0.721,0.601,0.605,0.509,0.569,0.624,0.602,1.0,0.808,0.72,0.589,0.395,0.437,0.45,0.375,0.605,0.0,0.595,0.795,0.377,0.509,0.614,0.374,0.613,0.38,0.656,0.618,0.391,0.391,0.379,0.654,0.653,0.376,0.412
0.448,0.795,0.32,0.393,0.62,0.82,0.508,0.4,0.437,0.408,0.592,0.396,0.599,0.393,0.385,0.523,0.715,0.585,0.595,0.504,0.555,0.61,0.593,0.808,1.0,0.727,0.578,0.396,0.439,0.438,0.383,0.611,0.0,0.589,0.777,0.38,0.506,0.616,0.38,0.606,0.393,0.662,0.616,0.402,0.401,0.391,0.658,0.656,0.395,0.418
0.444,0.687,0.319,0.397,0.611,0.689,0.509,0.395,0.44,0.407,0.611,0.408,0.617,0.396,0.391,0.519,0.735,0.576,0.578,0.505,0.569,0.604,0.588,0.72,0.727,1.0,0.582,0.401,0.437,0.439,0.39,0.59,0.0,0.583,0.688,0.389,0.504,0.61,0.377,0.607,0.396,0.648,0.607,0.403,0.4,0.387,0.648,0.649,0.4,0.418
0.45,0.587,0.327,0.397,0.671,0.573,0.515,0.392,0.461,0.38,0.645,0.393,0.704,0.394,0.391,0.51,0.589,0.688,0.687,0.513,0.693,0.717,0.736,0.589,0.578,0.582,1.0,0.395,0.424,0.45,0.394,0.73,0.0,0.706,0.558,0.384,0.514,0.793,0.377,0.728,0.401,0.612,0.812,0.391,0.383,0.391,0.585,0.585,0.385,0.426
0.413,0.415,0.31,0.736,0.408,0.402,0.376,0.908,0.408,0.715,0.384,0.717,0.393,0.744,0.714,0.373,0.393,0.397,0.41,0.376,0.394,0.389,0.401,0.395,0.396,0.401,0.395,1.0,0.465,0.397,0.72,0.404,0.0,0.391,0.369,0.618,0.376,0.414,0.663,0.395,0.738,0.401,0.395,0.961,0.937,0.411,0.393,0.394,0.674,0.458
0.505,0.438,0.36,0.463,0.449,0.459,0.425,0.464,0.502,0.477,0.429,0.478,0.434,0.476,0.46,0.438,0.446,0.434,0.442,0.421,0.405,0.437,0.431,0.437,0.439,0.437,0.424,0.465,1.0,0.498,0.451,0.44,0.0,0.434,0.41,0.448,0.424,0.458,0.452,0.44,0.464,0.424,0.451,0.456,0.454,0.523,0.423,0.424,0.444,0.801
0.586,0.452,0.374,0.398,0.452,0.453,0.458,0.394,0.583,0.412,0.451,0.412,0.462,0.402,0.404,0.472,0.445,0.461,0.464,0.454,0.436,0.461,0.452,0.45,0.438,0.439,0.45,0.397,0.498,1.0,0.392,0.452,0.0,0.454,0.425,0.394,0.455,0.468,0.38,0.465,0.407,0.431,0.471,0.384,0.379,0.456,0.445,0.444,0.392,0.492
0.402,0.398,0.302,0.719,0.407,0.383,0.37,0.707,0.404,0.729,0.385,0.692,0.39,0.721,0.721,0.367,0.377,0.398,0.401,0.37,0.391,0.388,0.397,0.375,0.383,0.39,0.394,0.72,0.451,0.392,1.0,0.397,0.0,0.386,0.359,0.61,0.37,0.4,0.661,0.399,0.898,0.4,0.393,0.717,0.706,0.426,0.386,0.386,0.649,0.461
0.457,0.609,0.334,0.408,0.679,0.6,0.528,0.402,0.459,0.39,0.645,0.403,0.694,0.405,0.395,0.519,0.615,0.692,0.708,0.525,0.698,0.719,0.735,0.605,0.611,0.59,0.73,0.404,0.44,0.452,0.397,1.0,0.0,0.713,0.569,0.386,0.526,0.735,0.397,0.731,0.405,0.616,0.736,0.394,0.396,0.397,0.613,0.612,0.383,0.42
0.0,0.0,0.0,0.0,0.0,0.0,0.0,0.0,0.0,0.0,0.0,0.0,0.0,0.0,0.0,0.0,0.0,0.0,0.0,0.0,0.0,0.0,0.0,0.0,0.0,0.0,0.0,0.0,0.0,0.0,0.0,0.0,1.0,0.0,0.0,0.0,0.0,0.0,0.0,0.0,0.0,0.0,0.0,0.0,0.0,0.0,0.0,0.0,0.0,0.0
0.451,0.592,0.335,0.393,0.676,0.607,0.531,0.387,0.453,0.386,0.647,0.398,0.733,0.393,0.388,0.533,0.6,0.688,0.691,0.525,0.704,0.857,0.854,0.595,0.589,0.583,0.706,0.391,0.434,0.454,0.386,0.713,0.0,1.0,0.573,0.409,0.526,0.704,0.404,0.705,0.393,0.599,0.718,0.38,0.379,0.384,0.585,0.585,0.378,0.422
0.422,0.73,0.287,0.365,0.591,0.761,0.492,0.37,0.411,0.378,0.621,0.369,0.617,0.368,0.363,0.505,0.681,0.568,0.588,0.486,0.543,0.586,0.575,0.795,0.777,0.688,0.558,0.369,0.41,0.425,0.359,0.569,0.0,0.573,1.0,0.364,0.489,0.581,0.36,0.586,0.363,0.628,0.589,0.362,0.366,0.359,0.626,0.626,0.362,0.393
0.403,0.379,0.314,0.603,0.385,0.391,0.393,0.613,0.405,0.587,0.38,0.625,0.374,0.603,0.619,0.386,0.393,0.394,0.413,0.394,0.391,0.392,0.406,0.377,0.38,0.389,0.384,0.618,0.448,0.394,0.61,0.386,0.0,0.409,0.364,1.0,0.389,0.384,0.63,0.382,0.618,0.39,0.383,0.616,0.61,0.419,0.372,0.372,0.59,0.46
0.459,0.504,0.317,0.373,0.509,0.515,0.982,0.38,0.458,0.37,0.492,0.377,0.494,0.372,0.371,0.944,0.507,0.546,0.558,0.989,0.544,0.532,0.555,0.509,0.506,0.504,0.514,0.376,0.424,0.455,0.37,0.526,0.0,0.526,0.489,0.389,1.0,0.508,0.378,0.515,0.375,0.503,0.509,0.372,0.371,0.389,0.496,0.496,0.362,0.423
0.469,0.611,0.326,0.407,0.691,0.632,0.51,0.415,0.459,0.407,0.668,0.41,0.707,0.408,0.405,0.529,0.609,0.673,0.676,0.508,0.678,0.719,0.703,0.614,0.616,0.61,0.793,0.414,0.458,0.468,0.4,0.735,0.0,0.704,0.581,0.384,0.508,1.0,0.394,0.748,0.411,0.61,0.862,0.406,0.392,0.394,0.615,0.616,0.4,0.432
0.396,0.384,0.301,0.658,0.394,0.398,0.377,0.675,0.398,0.649,0.382,0.671,0.379,0.668,0.676,0.373,0.375,0.387,0.399,0.377,0.391,0.391,0.404,0.374,0.38,0.377,0.377,0.663,0.452,0.38,0.661,0.397,0.0,0.404,0.36,0.63,0.378,0.394,1.0,0.386,0.669,0.399,0.385,0.668,0.673,0.416,0.38,0.38,0.625,0.456
0.448,0.587,0.32,0.394,0.683,0.607,0.518,0.394,0.456,0.41,0.694,0.396,0.751,0.392,0.394,0.532,0.617,0.69,0.691,0.515,0.688,0.739,0.711,0.613,0.606,0.607,0.728,0.395,0.44,0.465,0.399,0.731,0.0,0.705,0.586,0.382,0.515,0.748,0.386,1.0,0.402,0.604,0.762,0.388,0.386,0.399,0.606,0.605,0.376,0.427
0.418,0.404,0.311,0.74,0.421,0.395,0.375,0.709,0.41,0.735,0.392,0.719,0.394,0.747,0.743,0.373,0.386,0.404,0.404,0.376,0.395,0.393,0.403,0.38,0.393,0.396,0.401,0.738,0.464,0.407,0.898,0.405,0.0,0.393,0.363,0.618,0.375,0.411,0.669,0.402,1.0,0.411,0.4,0.725,0.714,0.43,0.391,0.391,0.663,0.475
0.448,0.666,0.324,0.4,0.633,0.664,0.504,0.403,0.442,0.387,0.583,0.4,0.59,0.398,0.39,0.508,0.663,0.598,0.61,0.504,0.576,0.605,0.615,0.656,0.662,0.648,0.612,0.401,0.424,0.431,0.4,0.616,0.0,0.599,0.628,0.39,0.503,0.61,0.399,0.604,0.411,1.0,0.62,0.398,0.394,0.4,0.687,0.687,0.393,0.428
0.457,0.596,0.33,0.398,0.689,0.615,0.511,0.393,0.468,0.406,0.684,0.401,0.718,0.399,0.397,0.529,0.614,0.69,0.684,0.509,0.68,0.74,0.716,0.618,0.616,0.607,0.812,0.395,0.451,0.471,0.393,0.736,0.0,0.718,0.589,0.383,0.509,0.862,0.385,0.762,0.4,0.62,1.0,0.389,0.384,0.398,0.606,0.605,0.383,0.431
0.401,0.42,0.311,0.717,0.4,0.396,0.373,0.91,0.399,0.698,0.377,0.708,0.383,0.721,0.695,0.366,0.385,0.389,0.401,0.371,0.387,0.38,0.392,0.391,0.402,0.403,0.391,0.961,0.456,0.384,0.717,0.394,0.0,0.38,0.362,0.616,0.372,0.406,0.668,0.388,0.725,0.398,0.389,1.0,0.957,0.412,0.387,0.388,0.672,0.454
0.412,0.422,0.3,0.712,0.396,0.393,0.373,0.901,0.392,0.701,0.374,0.715,0.381,0.711,0.687,0.365,0.388,0.387,0.398,0.37,0.387,0.376,0.391,0.391,0.401,0.4,0.383,0.937,0.454,0.379,0.706,0.396,0.0,0.379,0.366,0.61,0.371,0.392,0.673,0.386,0.714,0.394,0.384,0.957,1.0,0.412,0.386,0.386,0.657,0.447
0.446,0.399,0.331,0.425,0.392,0.391,0.39,0.422,0.448,0.413,0.383,0.431,0.383,0.422,0.431,0.39,0.385,0.39,0.397,0.389,0.388,0.39,0.4,0.379,0.391,0.387,0.391,0.411,0.523,0.456,0.426,0.397,0.0,0.384,0.359,0.419,0.389,0.394,0.416,0.399,0.43,0.4,0.398,0.412,0.412,1.0,0.402,0.401,0.416,0.602
0.439,0.655,0.325,0.386,0.64,0.67,0.497,0.388,0.447,0.392,0.594,0.393,0.59,0.387,0.394,0.509,0.666,0.585,0.594,0.494,0.565,0.587,0.587,0.654,0.658,0.648,0.585,0.393,0.423,0.445,0.386,0.613,0.0,0.585,0.626,0.372,0.496,0.615,0.38,0.606,0.391,0.687,0.606,0.387,0.386,0.402,1.0,0.996,0.378,0.422
0.44,0.654,0.325,0.386,0.641,0.67,0.496,0.388,0.447,0.392,0.593,0.394,0.589,0.387,0.394,0.508,0.666,0.584,0.593,0.494,0.565,0.587,0.587,0.653,0.656,0.649,0.585,0.394,0.424,0.444,0.386,0.612,0.0,0.585,0.626,0.372,0.496,0.616,0.38,0.605,0.391,0.687,0.605,0.388,0.386,0.401,0.996,1.0,0.378,0.422
0.413,0.408,0.316,0.653,0.398,0.394,0.362,0.661,0.4,0.644,0.376,0.642,0.379,0.654,0.651,0.362,0.377,0.379,0.391,0.362,0.377,0.38,0.389,0.376,0.395,0.4,0.385,0.674,0.444,0.392,0.649,0.383,0.0,0.378,0.362,0.59,0.362,0.4,0.625,0.376,0.663,0.393,0.383,0.672,0.657,0.416,0.378,0.378,1.0,0.452
0.488,0.428,0.353,0.467,0.425,0.427,0.422,0.458,0.507,0.449,0.41,0.477,0.413,0.469,0.48,0.421,0.421,0.418,0.433,0.424,0.417,0.417,0.427,0.412,0.418,0.418,0.426,0.458,0.801,0.492,0.461,0.42,0.0,0.422,0.393,0.46,0.423,0.432,0.456,0.427,0.475,0.428,0.431,0.454,0.447,0.602,0.422,0.422,0.452,1.0
