GCF_000163235.1_ASM16323v1_genomic.fna,GCF_000164555.1_ASM16455v1_genomic.fna,GCF_000208545.1_ASM20854v2_genomic.fna,GCF_000233875.1_ASM23387v1_genomic.fna,GCF_000249735.1_ASM24973v2_genomic.fna,GCF_000261145.1_Esch_coli_M919_V2_genomic.fna,GCF_000267705.2_ASM26770v2_genomic.fna,GCF_000350665.1_Esch_coli_KTE5_V1_genomic.fna,GCF_000351625.1_Esch_coli_KTE66_V1_genomic.fna,GCF_000352285.1_Esch_coli_KTE46_V1_genomic.fna,GCF_000358895.1_ASM35889v1_genomic.fna,GCF_000456385.1_Esch_coli_HVH_26_4-5703913_V1_genomic.fna,GCF_000458195.1_Esch_coli_HVH_147_4-5893887_V1_genomic.fna,GCF_000459755.1_Esch_coli_KOEGE_58_171a_V1_genomic.fna,GCF_000460055.1_Esch_coli_UMEA_3053-1_V1_genomic.fna,GCF_000462165.2_ASM46216v2_genomic.fna,GCF_000601135.1_ASM60113v1_genomic.fna,GCF_000614595.1_Ec2010EL1058_genomic.fna,GCF_000617745.1_Ec2010C-4529_genomic.fna,GCF_000618265.2_EcF6751_genomic.fna,GCF_000619005.2_Ec2009C-4052_genomic.fna,GCF_000619105.1_Ec2009C-4780_genomic.fna,GCF_000619765.2_Ec2009C-3279_genomic.fna,GCF_000687005.1_ASM68700v1_genomic.fna,GCF_000687025.1_ASM68702v1_genomic.fna,GCF_000700125.1_ASM70012v1_genomic.fna,GCF_000753315.1_FHI35_genomic.fna,GCF_000776375.1_ASM77637v1_genomic.fna,GCF_000779395.1_ASM77939v1_genomic.fna,GCF_000780315.1_ASM78031v1_genomic.fna,GCF_000781995.1_ASM78199v1_genomic.fna,GCF_000986765.1_ASM98676v1_genomic.fna,GCF_001041375.1_ViralProj287958_genomic.fna,GCF_001265335.1_302014_genomic.fna,GCF_001265625.1_100854_genomic.fna,GCF_001267345.1_303289_genomic.fna,GCF_001309985.1_ASM130998v1_genomic.fna,GCF_001521695.1_ASM152169v1_genomic.fna,GCF_001592595.1_ASM159259v1_genomic.fna,GCF_001614975.1_ASM161497v1_genomic.fna,GCF_001692775.1_ASM169277v1_genomic.fna,GCF_001748915.1_ASM174891v1_genomic.fna,GCF_001749235.1_ASM174923v1_genomic.fna,GCF_001881155.1_ASM188115v1_genomic.fna,GCF_001881345.1_ASM188134v1_genomic.fna,GCF_001892405.1_ASM189240v1_genomic.fna,GCF_001892585.1_ASM189258v1_genomic.fna,GCF_001893985.1_ASM189398v1_genomic.fna,GCF_002001595.1_ASM200159v1_genomic.fna,GCF_002002145.1_ASM200214v1_genomic.fna
1.0,0.573,0.508,0.504,0.564,0.555,0.554,0.502,0.652,0.494,0.551,0.509,0.552,0.493,0.491,0.552,0.561,0.562,0.554,0.545,0.534,0.548,0.554,0.57,0.548,0.536,0.557,0.492,0.598,0.656,0.495,0.54,0.0,0.541,0.518,0.504,0.543,0.58,0.482,0.565,0.506,0.554,0.555,0.5,0.511,0.545,0.548,0.55,0.487,0.596
0.573,1.0,0.471,0.485,0.672,0.776,0.594,0.487,0.522,0.476,0.63,0.488,0.657,0.465,0.465,0.589,0.732,0.663,0.662,0.594,0.652,0.654,0.668,0.791,0.796,0.72,0.661,0.481,0.532,0.527,0.47,0.665,0.0,0.647,0.737,0.47,0.593,0.692,0.464,0.668,0.483,0.725,0.657,0.494,0.506,0.494,0.724,0.725,0.478,0.523
0.508,0.471,1.0,0.419,0.45,0.453,0.46,0.425,0.475,0.411,0.442,0.412,0.447,0.411,0.413,0.46,0.463,0.453,0.44,0.46,0.439,0.438,0.445,0.455,0.446,0.427,0.447,0.42,0.454,0.475,0.418,0.459,0.0,0.44,0.416,0.424,0.46,0.457,0.412,0.459,0.429,0.449,0.456,0.432,0.425,0.438,0.459,0.459,0.419,0.461
0.504,0.485,0.419,1.0,0.498,0.489,0.482,0.767,0.506,0.752,0.51,0.767,0.52,0.805,0.816,0.483,0.477,0.499,0.486,0.474,0.466,0.502,0.495,0.511,0.483,0.48,0.49,0.798,0.53,0.493,0.749,0.47,0.0,0.483,0.476,0.676,0.472,0.5,0.709,0.508,0.776,0.481,0.502,0.782,0.77,0.481,0.48,0.481,0.717,0.542
0.564,0.672,0.45,0.498,1.0,0.694,0.6,0.492,0.531,0.486,0.784,0.489,0.754,0.482,0.489,0.603,0.682,0.721,0.723,0.59,0.717,0.733,0.73,0.684,0.678,0.657,0.749,0.485,0.549,0.537,0.488,0.716,0.0,0.73,0.646,0.485,0.589,0.753,0.478,0.74,0.505,0.693,0.757,0.489,0.492,0.488,0.708,0.709,0.485,0.534
0.555,0.776,0.453,0.489,0.694,1.0,0.605,0.501,0.536,0.474,0.649,0.484,0.675,0.482,0.475,0.61,0.734,0.674,0.665,0.594,0.659,0.665,0.672,0.795,0.812,0.722,0.669,0.489,0.554,0.521,0.483,0.661,0.0,0.673,0.758,0.491,0.594,0.686,0.495,0.675,0.491,0.734,0.676,0.495,0.497,0.486,0.744,0.745,0.484,0.54
0.554,0.594,0.46,0.482,0.6,0.605,1.0,0.484,0.54,0.458,0.581,0.464,0.599,0.463,0.468,0.953,0.598,0.639,0.632,0.98,0.616,0.619,0.644,0.607,0.596,0.576,0.602,0.48,0.529,0.538,0.469,0.597,0.0,0.6,0.587,0.49,0.982,0.601,0.469,0.598,0.47,0.601,0.604,0.481,0.484,0.486,0.583,0.583,0.474,0.533
0.502,0.487,0.425,0.767,0.492,0.501,0.484,1.0,0.5,0.731,0.495,0.753,0.515,0.744,0.749,0.483,0.482,0.503,0.497,0.476,0.466,0.495,0.484,0.518,0.484,0.484,0.495,0.918,0.541,0.499,0.717,0.474,0.0,0.485,0.477,0.664,0.474,0.506,0.706,0.525,0.735,0.484,0.511,0.912,0.892,0.484,0.481,0.482,0.704,0.538
0.652,0.522,0.475,0.506,0.531,0.536,0.54,0.5,1.0,0.493,0.537,0.5,0.547,0.496,0.503,0.546,0.536,0.551,0.537,0.531,0.517,0.545,0.535,0.553,0.52,0.527,0.549,0.49,0.573,0.682,0.49,0.508,0.0,0.533,0.519,0.527,0.53,0.542,0.494,0.56,0.504,0.534,0.554,0.49,0.492,0.512,0.528,0.527,0.492,0.593
0.494,0.476,0.411,0.752,0.486,0.474,0.458,0.731,0.493,1.0,0.523,0.72,0.515,0.743,0.738,0.462,0.463,0.483,0.469,0.45,0.45,0.473,0.46,0.498,0.468,0.485,0.478,0.749,0.519,0.485,0.736,0.453,0.0,0.469,0.481,0.652,0.449,0.49,0.7,0.506,0.748,0.463,0.49,0.732,0.727,0.46,0.469,0.469,0.685,0.521
0.551,0.63,0.442,0.51,0.784,0.649,0.581,0.495,0.537,0.523,1.0,0.491,0.782,0.501,0.496,0.591,0.651,0.722,0.698,0.572,0.692,0.739,0.717,0.686,0.636,0.664,0.733,0.504,0.516,0.527,0.474,0.687,0.0,0.721,0.681,0.494,0.571,0.723,0.495,0.749,0.482,0.663,0.75,0.493,0.487,0.476,0.65,0.648,0.488,0.522
0.509,0.488,0.412,0.767,0.489,0.484,0.464,0.753,0.5,0.72,0.491,1.0,0.504,0.761,0.866,0.466,0.48,0.486,0.479,0.454,0.461,0.488,0.477,0.508,0.481,0.484,0.49,0.752,0.534,0.489,0.699,0.461,0.0,0.478,0.472,0.655,0.453,0.498,0.705,0.503,0.734,0.471,0.5,0.749,0.748,0.478,0.474,0.474,0.689,0.533
0.552,0.657,0.447,0.52,0.754,0.675,0.599,0.515,0.547,0.515,0.782,0.504,1.0,0.5,0.509,0.606,0.679,0.757,0.761,0.589,0.747,0.808,0.789,0.713,0.659,0.678,0.789,0.511,0.529,0.545,0.485,0.728,0.0,0.795,0.671,0.501,0.588,0.773,0.499,0.8,0.493,0.685,0.789,0.503,0.498,0.482,0.69,0.688,0.501,0.543
0.493,0.465,0.411,0.805,0.482,0.482,0.463,0.744,0.496,0.743,0.501,0.761,0.5,1.0,0.796,0.467,0.469,0.483,0.472,0.455,0.446,0.486,0.473,0.498,0.475,0.485,0.476,0.783,0.523,0.487,0.724,0.455,0.0,0.468,0.472,0.666,0.454,0.485,0.697,0.499,0.748,0.471,0.489,0.755,0.745,0.472,0.469,0.469,0.703,0.53
0.491,0.465,0.413,0.816,0.489,0.475,0.468,0.749,0.503,0.738,0.496,0.866,0.509,0.796,1.0,0.472,0.475,0.482,0.468,0.459,0.454,0.489,0.474,0.5,0.471,0.474,0.481,0.769,0.529,0.485,0.737,0.458,0.0,0.475,0.47,0.659,0.458,0.489,0.718,0.499,0.758,0.469,0.493,0.753,0.745,0.477,0.474,0.474,0.703,0.545
0.552,0.589,0.46,0.483,0.603,0.61,0.953,0.483,0.546,0.462,0.591,0.466,0.606,0.467,0.472,1.0,0.604,0.629,0.627,0.945,0.593,0.618,0.622,0.612,0.601,0.581,0.602,0.479,0.531,0.545,0.47,0.579,0.0,0.604,0.59,0.496,0.946,0.605,0.47,0.604,0.474,0.602,0.607,0.48,0.484,0.483,0.593,0.592,0.483,0.537
0.561,0.732,0.463,0.477,0.682,0.734,0.598,0.482,0.536,0.463,0.651,0.48,0.679,0.469,0.475,0.604,1.0,0.677,0.668,0.588,0.659,0.677,0.683,0.765,0.753,0.761,0.677,0.47,0.54,0.521,0.464,0.692,0.0,0.69,0.709,0.494,0.588,0.67,0.472,0.686,0.475,0.719,0.676,0.482,0.491,0.468,0.751,0.75,0.472,0.525
0.562,0.663,0.453,0.499,0.721,0.674,0.639,0.503,0.551,0.483,0.722,0.486,0.757,0.483,0.482,0.629,0.677,1.0,0.792,0.627,0.76,0.787,0.782,0.695,0.669,0.648,0.772,0.496,0.526,0.547,0.491,0.727,0.0,0.744,0.647,0.512,0.628,0.736,0.505,0.752,0.497,0.674,0.751,0.5,0.502,0.486,0.668,0.667,0.484,0.54
0.554,0.662,0.44,0.486,0.723,0.665,0.632,0.497,0.537,0.469,0.698,0.479,0.761,0.472,0.468,0.627,0.668,0.792,1.0,0.621,0.754,0.787,0.782,0.67,0.66,0.642,0.757,0.483,0.526,0.531,0.479,0.726,0.0,0.737,0.646,0.49,0.62,0.737,0.483,0.749,0.482,0.672,0.745,0.486,0.49,0.493,0.672,0.673,0.473,0.533
0.545,0.594,0.46,0.474,0.59,0.594,0.98,0.476,0.531,0.45,0.572,0.454,0.589,0.455,0.459,0.945,0.588,0.627,0.621,1.0,0.606,0.608,0.634,0.596,0.593,0.565,0.591,0.472,0.52,0.531,0.461,0.598,0.0,0.586,0.577,0.481,0.994,0.59,0.458,0.589,0.462,0.591,0.593,0.473,0.476,0.486,0.574,0.574,0.464,0.525
0.534,0.652,0.439,0.466,0.717,0.659,0.616,0.466,0.517,0.45,0.692,0.461,0.747,0.446,0.454,0.593,0.659,0.76,0.754,0.606,1.0,0.769,0.788,0.66,0.649,0.643,0.753,0.465,0.499,0.509,0.459,0.738,0.0,0.745,0.618,0.48,0.605,0.738,0.47,0.748,0.469,0.658,0.739,0.47,0.474,0.485,0.668,0.668,0.457,0.51
0.548,0.654,0.438,0.502,0.733,0.665,0.619,0.495,0.545,0.473,0.739,0.488,0.808,0.486,0.489,0.618,0.677,0.787,0.787,0.608,0.769,1.0,0.917,0.677,0.666,0.65,0.778,0.492,0.519,0.535,0.475,0.747,0.0,0.874,0.638,0.501,0.605,0.762,0.491,0.771,0.483,0.677,0.785,0.497,0.499,0.483,0.668,0.668,0.489,0.532
0.554,0.668,0.445,0.495,0.73,0.672,0.644,0.484,0.535,0.46,0.717,0.477,0.789,0.473,0.474,0.622,0.683,0.782,0.782,0.634,0.788,0.917,1.0,0.67,0.661,0.645,0.777,0.48,0.517,0.522,0.472,0.763,0.0,0.856,0.631,0.49,0.633,0.763,0.474,0.757,0.476,0.68,0.765,0.486,0.489,0.49,0.668,0.67,0.473,0.521
0.57,0.791,0.455,0.511,0.684,0.795,0.607,0.518,0.553,0.498,0.686,0.508,0.713,0.498,0.5,0.612,0.765,0.695,0.67,0.596,0.66,0.677,0.67,1.0,0.815,0.778,0.688,0.502,0.542,0.546,0.478,0.655,0.0,0.679,0.819,0.504,0.595,0.666,0.494,0.706,0.487,0.741,0.687,0.498,0.498,0.477,0.743,0.741,0.488,0.54
0.548,0.796,0.446,0.483,0.678,0.812,0.596,0.484,0.52,0.468,0.636,0.481,0.659,0.475,0.471,0.601,0.753,0.669,0.66,0.593,0.649,0.666,0.661,0.815,1.0,0.753,0.667,0.476,0.53,0.508,0.469,0.665,0.0,0.664,0.764,0.482,0.591,0.671,0.475,0.66,0.481,0.726,0.657,0.491,0.494,0.471,0.73,0.73,0.485,0.516
0.536,0.72,0.427,0.48,0.657,0.722,0.576,0.484,0.527,0.485,0.664,0.484,0.678,0.485,0.474,0.581,0.761,0.648,0.642,0.565,0.643,0.65,0.645,0.778,0.753,1.0,0.655,0.482,0.511,0.517,0.449,0.62,0.0,0.646,0.743,0.476,0.565,0.644,0.47,0.675,0.463,0.708,0.642,0.483,0.48,0.452,0.721,0.719,0.477,0.506
0.557,0.661,0.447,0.49,0.749,0.669,0.602,0.495,0.549,0.478,0.733,0.49,0.789,0.476,0.481,0.602,0.677,0.772,0.757,0.591,0.753,0.778,0.777,0.688,0.667,0.655,1.0,0.485,0.529,0.535,0.482,0.742,0.0,0.772,0.647,0.496,0.59,0.834,0.483,0.788,0.491,0.685,0.856,0.494,0.491,0.483,0.678,0.676,0.486,0.531
0.492,0.481,0.42,0.798,0.485,0.489,0.48,0.918,0.49,0.749,0.504,0.752,0.511,0.783,0.769,0.479,0.47,0.496,0.483,0.472,0.465,0.492,0.48,0.502,0.476,0.482,0.485,1.0,0.53,0.49,0.724,0.473,0.0,0.477,0.473,0.661,0.471,0.499,0.707,0.511,0.753,0.475,0.498,0.959,0.933,0.477,0.471,0.471,0.715,0.529
0.598,0.532,0.454,0.53,0.549,0.554,0.529,0.541,0.573,0.519,0.516,0.534,0.529,0.523,0.529,0.531,0.54,0.526,0.526,0.52,0.499,0.519,0.517,0.542,0.53,0.511,0.529,0.53,1.0,0.556,0.531,0.519,0.0,0.527,0.507,0.538,0.52,0.54,0.527,0.526,0.535,0.534,0.528,0.533,0.541,0.595,0.53,0.531,0.52,0.84
0.656,0.527,0.475,0.493,0.537,0.521,0.538,0.499,0.682,0.485,0.527,0.489,0.545,0.487,0.485,0.545,0.521,0.547,0.531,0.531,0.509,0.535,0.522,0.546,0.508,0.517,0.535,0.49,0.556,1.0,0.481,0.506,0.0,0.524,0.499,0.499,0.531,0.537,0.491,0.564,0.499,0.524,0.549,0.493,0.495,0.539,0.534,0.532,0.485,0.578
0.495,0.47,0.418,0.749,0.488,0.483,0.469,0.717,0.49,0.736,0.474,0.699,0.485,0.724,0.737,0.47,0.464,0.491,0.479,0.461,0.459,0.475,0.472,0.478,0.469,0.449,0.482,0.724,0.531,0.481,1.0,0.462,0.0,0.477,0.446,0.658,0.461,0.482,0.679,0.49,0.899,0.477,0.478,0.728,0.731,0.474,0.464,0.465,0.693,0.53
0.54,0.665,0.459,0.47,0.716,0.661,0.597,0.474,0.508,0.453,0.687,0.461,0.728,0.455,0.458,0.579,0.692,0.727,0.726,0.598,0.738,0.747,0.763,0.655,0.665,0.62,0.742,0.473,0.519,0.506,0.462,1.0,0.0,0.733,0.611,0.472,0.595,0.754,0.463,0.747,0.462,0.663,0.75,0.478,0.49,0.487,0.669,0.67,0.455,0.5
0.0,0.0,0.0,0.0,0.0,0.0,0.0,0.0,0.0,0.0,0.0,0.0,0.0,0.0,0.0,0.0,0.0,0.0,0.0,0.0,0.0,0.0,0.0,0.0,0.0,0.0,0.0,0.0,0.0,0.0,0.0,0.0,1.0,0.0,0.0,0.0,0.0,0.0,0.0,0.0,0.0,0.0,0.0,0.0,0.0,0.0,0.0,0.0,0.0,0.0
0.541,0.647,0.44,0.483,0.73,0.673,0.6,0.485,0.533,0.469,0.721,0.478,0.795,0.468,0.475,0.604,0.69,0.744,0.737,0.586,0.745,0.874,0.856,0.679,0.664,0.646,0.772,0.477,0.527,0.524,0.477,0.733,0.0,1.0,0.637,0.508,0.587,0.759,0.492,0.76,0.478,0.667,0.78,0.48,0.488,0.48,0.673,0.672,0.476,0.525
0.518,0.737,0.416,0.476,0.646,0.758,0.587,0.477,0.519,0.481,0.681,0.472,0.671,0.472,0.47,0.59,0.709,0.647,0.646,0.577,0.618,0.638,0.631,0.819,0.764,0.743,0.647,0.473,0.507,0.499,0.446,0.611,0.0,0.637,1.0,0.46,0.577,0.621,0.459,0.671,0.453,0.692,0.653,0.461,0.459,0.451,0.686,0.685,0.451,0.505
0.504,0.47,0.424,0.676,0.485,0.491,0.49,0.664,0.527,0.652,0.494,0.655,0.501,0.666,0.659,0.496,0.494,0.512,0.49,0.481,0.48,0.501,0.49,0.504,0.482,0.476,0.496,0.661,0.538,0.499,0.658,0.472,0.0,0.508,0.46,1.0,0.479,0.486,0.687,0.514,0.678,0.479,0.499,0.668,0.669,0.479,0.478,0.476,0.663,0.547
0.543,0.593,0.46,0.472,0.589,0.594,0.982,0.474,0.53,0.449,0.571,0.453,0.588,0.454,0.458,0.946,0.588,0.628,0.62,0.994,0.605,0.605,0.633,0.595,0.591,0.565,0.59,0.471,0.52,0.531,0.461,0.595,0.0,0.587,0.577,0.479,1.0,0.589,0.459,0.589,0.461,0.59,0.593,0.471,0.474,0.486,0.574,0.574,0.464,0.524
0.58,0.692,0.457,0.5,0.753,0.686,0.601,0.506,0.542,0.49,0.723,0.498,0.773,0.485,0.489,0.605,0.67,0.736,0.737,0.59,0.738,0.762,0.763,0.666,0.671,0.644,0.834,0.499,0.54,0.537,0.482,0.754,0.0,0.759,0.621,0.486,0.589,1.0,0.499,0.772,0.49,0.688,0.858,0.503,0.501,0.494,0.702,0.703,0.49,0.536
0.482,0.464,0.412,0.709,0.478,0.495,0.469,0.706,0.494,0.7,0.495,0.705,0.499,0.697,0.718,0.47,0.472,0.505,0.483,0.458,0.47,0.491,0.474,0.494,0.475,0.47,0.483,0.707,0.527,0.491,0.679,0.463,0.0,0.492,0.459,0.687,0.459,0.499,1.0,0.509,0.692,0.475,0.506,0.713,0.706,0.477,0.479,0.477,0.693,0.534
0.565,0.668,0.459,0.508,0.74,0.675,0.598,0.525,0.56,0.506,0.749,0.503,0.8,0.499,0.499,0.604,0.686,0.752,0.749,0.589,0.748,0.771,0.757,0.706,0.66,0.675,0.788,0.511,0.526,0.564,0.49,0.747,0.0,0.76,0.671,0.514,0.589,0.772,0.509,1.0,0.498,0.687,0.808,0.511,0.511,0.507,0.703,0.701,0.498,0.545
0.506,0.483,0.429,0.776,0.505,0.491,0.47,0.735,0.504,0.748,0.482,0.734,0.493,0.748,0.758,0.474,0.475,0.497,0.482,0.462,0.469,0.483,0.476,0.487,0.481,0.463,0.491,0.753,0.535,0.499,0.899,0.462,0.0,0.478,0.453,0.678,0.461,0.49,0.692,0.498,1.0,0.484,0.485,0.758,0.76,0.483,0.472,0.472,0.706,0.547
0.554,0.725,0.449,0.481,0.693,0.734,0.601,0.484,0.534,0.463,0.663,0.471,0.685,0.471,0.469,0.602,0.719,0.674,0.672,0.591,0.658,0.677,0.68,0.741,0.726,0.708,0.685,0.475,0.534,0.524,0.477,0.663,0.0,0.667,0.692,0.479,0.59,0.688,0.475,0.687,0.484,1.0,0.703,0.478,0.475,0.47,0.744,0.745,0.468,0.535
0.555,0.657,0.456,0.502,0.757,0.676,0.604,0.511,0.554,0.49,0.75,0.5,0.789,0.489,0.493,0.607,0.676,0.751,0.745,0.593,0.739,0.785,0.765,0.687,0.657,0.642,0.856,0.498,0.528,0.549,0.478,0.75,0.0,0.78,0.653,0.499,0.593,0.858,0.506,0.808,0.485,0.703,1.0,0.499,0.498,0.49,0.688,0.687,0.493,0.537
0.5,0.494,0.432,0.782,0.489,0.495,0.481,0.912,0.49,0.732,0.493,0.749,0.503,0.755,0.753,0.48,0.482,0.5,0.486,0.473,0.47,0.497,0.486,0.498,0.491,0.483,0.494,0.959,0.533,0.493,0.728,0.478,0.0,0.48,0.461,0.668,0.471,0.503,0.713,0.511,0.758,0.478,0.499,1.0,0.954,0.482,0.475,0.476,0.723,0.53
0.511,0.506,0.425,0.77,0.492,0.497,0.484,0.892,0.492,0.727,0.487,0.748,0.498,0.745,0.745,0.484,0.491,0.502,0.49,0.476,0.474,0.499,0.489,0.498,0.494,0.48,0.491,0.933,0.541,0.495,0.731,0.49,0.0,0.488,0.459,0.669,0.474,0.501,0.706,0.511,0.76,0.475,0.498,0.954,1.0,0.487,0.483,0.484,0.722,0.534
0.545,0.494,0.438,0.481,0.488,0.486,0.486,0.484,0.512,0.46,0.476,0.478,0.482,0.472,0.477,0.483,0.468,0.486,0.493,0.486,0.485,0.483,0.49,0.477,0.471,0.452,0.483,0.477,0.595,0.539,0.474,0.487,0.0,0.48,0.451,0.479,0.486,0.494,0.477,0.507,0.483,0.47,0.49,0.482,0.487,1.0,0.514,0.514,0.469,0.646
0.548,0.724,0.459,0.48,0.708,0.744,0.583,0.481,0.528,0.469,0.65,0.474,0.69,0.469,0.474,0.593,0.751,0.668,0.672,0.574,0.668,0.668,0.668,0.743,0.73,0.721,0.678,0.471,0.53,0.534,0.464,0.669,0.0,0.673,0.686,0.478,0.574,0.702,0.479,0.703,0.472,0.744,0.688,0.475,0.483,0.514,1.0,0.996,0.472,0.544
0.55,0.725,0.459,0.481,0.709,0.745,0.583,0.482,0.527,0.469,0.648,0.474,0.688,0.469,0.474,0.592,0.75,0.667,0.673,0.574,0.668,0.668,0.67,0.741,0.73,0.719,0.676,0.471,0.531,0.532,0.465,0.67,0.0,0.672,0.685,0.476,0.574,0.703,0.477,0.701,0.472,0.745,0.687,0.476,0.484,0.514,0.996,1.0,0.471,0.543
0.487,0.478,0.419,0.717,0.485,0.484,0.474,0.704,0.492,0.685,0.488,0.689,0.501,0.703,0.703,0.483,0.472,0.484,0.473,0.464,0.457,0.489,0.473,0.488,0.485,0.477,0.486,0.715,0.52,0.485,0.693,0.455,0.0,0.476,0.451,0.663,0.464,0.49,0.693,0.498,0.706,0.468,0.493,0.723,0.722,0.469,0.472,0.471,1.0,0.527
0.596,0.523,0.461,0.542,0.534,0.54,0.533,0.538,0.593,0.521,0.522,0.533,0.543,0.53,0.545,0.537,0.525,0.54,0.533,0.525,0.51,0.532,0.521,0.54,0.516,0.506,0.531,0.529,0.84,0.578,0.53,0.5,0.0,0.525,0.505,0.547,0.524,0.536,0.534,0.545,0.547,0.535,0.537,0.53,0.534,0.646,0.544,0.543,0.527,1.0
