GCF_000163235.1_ASM16323v1_genomic.fna,GCF_000164555.1_ASM16455v1_genomic.fna,GCF_000208545.1_ASM20854v2_genomic.fna,GCF_000233875.1_ASM23387v1_genomic.fna,GCF_000249735.1_ASM24973v2_genomic.fna,GCF_000261145.1_Esch_coli_M919_V2_genomic.fna,GCF_000267705.2_ASM26770v2_genomic.fna,GCF_000350665.1_Esch_coli_KTE5_V1_genomic.fna,GCF_000351625.1_Esch_coli_KTE66_V1_genomic.fna,GCF_000352285.1_Esch_coli_KTE46_V1_genomic.fna,GCF_000358895.1_ASM35889v1_genomic.fna,GCF_000456385.1_Esch_coli_HVH_26_4-5703913_V1_genomic.fna,GCF_000458195.1_Esch_coli_HVH_147_4-5893887_V1_genomic.fna,GCF_000459755.1_Esch_coli_KOEGE_58_171a_V1_genomic.fna,GCF_000460055.1_Esch_coli_UMEA_3053-1_V1_genomic.fna,GCF_000462165.2_ASM46216v2_genomic.fna,GCF_000601135.1_ASM60113v1_genomic.fna,GCF_000614595.1_Ec2010EL1058_genomic.fna,GCF_000617745.1_Ec2010C-4529_genomic.fna,GCF_000618265.2_EcF6751_genomic.fna,GCF_000619005.2_Ec2009C-4052_genomic.fna,GCF_000619105.1_Ec2009C-4780_genomic.fna,GCF_000619765.2_Ec2009C-3279_genomic.fna,GCF_000687005.1_ASM68700v1_genomic.fna,GCF_000687025.1_ASM68702v1_genomic.fna,GCF_000700125.1_ASM70012v1_genomic.fna,GCF_000753315.1_FHI35_genomic.fna,GCF_000776375.1_ASM77637v1_genomic.fna,GCF_000779395.1_ASM77939v1_genomic.fna,GCF_000780315.1_ASM78031v1_genomic.fna,GCF_000781995.1_ASM78199v1_genomic.fna,GCF_000986765.1_ASM98676v1_genomic.fna,GCF_001041375.1_ViralProj287958_genomic.fna,GCF_001265335.1_302014_genomic.fna,GCF_001265625.1_100854_genomic.fna,GCF_001267345.1_303289_genomic.fna,GCF_001309985.1_ASM130998v1_genomic.fna,GCF_001521695.1_ASM152169v1_genomic.fna,GCF_001592595.1_ASM159259v1_genomic.fna,GCF_001614975.1_ASM161497v1_genomic.fna,GCF_001692775.1_ASM169277v1_genomic.fna,GCF_001748915.1_ASM174891v1_genomic.fna,GCF_001749235.1_ASM174923v1_genomic.fna,GCF_001881155.1_ASM188115v1_genomic.fna,GCF_001881345.1_ASM188134v1_genomic.fna,GCF_001892405.1_ASM189240v1_genomic.fna,GCF_001892585.1_ASM189258v1_genomic.fna,GCF_001893985.1_ASM189398v1_genomic.fna,GCF_002001595.1_ASM200159v1_genomic.fna,GCF_002002145.1_ASM200214v1_genomic.fna
1.0,0.897,0.878,0.893,0.895,0.899,0.891,0.895,0.907,0.896,0.879,0.884,0.902,0.9,0.884,0.894,0.894,0.894,0.9,0.885,0.891,0.894,0.897,0.899,0.892,0.89,0.902,0.892,0.907,0.894,0.879,0.895,0.018,0.889,0.882,0.888,0.886,0.904,0.899,0.9,0.89,0.897,0.9,0.886,0.89,0.869,0.887,0.888,0.879,0.896
0.897,1.0,0.88,0.886,0.904,0.939,0.9,0.887,0.9,0.875,0.883,0.895,0.91,0.877,0.886,0.902,0.923,0.893,0.905,0.901,0.914,0.908,0.912,0.929,0.948,0.92,0.903,0.883,0.888,0.893,0.881,0.917,0.019,0.909,0.912,0.869,0.9,0.923,0.868,0.92,0.879,0.922,0.917,0.892,0.891,0.891,0.93,0.93,0.884,0.896
0.878,0.88,1.0,0.879,0.866,0.88,0.88,0.876,0.888,0.868,0.848,0.88,0.87,0.871,0.879,0.878,0.871,0.865,0.871,0.882,0.879,0.868,0.873,0.863,0.878,0.871,0.869,0.875,0.89,0.884,0.881,0.874,0.018,0.873,0.85,0.868,0.881,0.879,0.868,0.875,0.881,0.88,0.875,0.887,0.885,0.887,0.888,0.889,0.883,0.894
0.893,0.886,0.879,1.0,0.885,0.883,0.899,0.94,0.888,0.929,0.871,0.941,0.893,0.951,0.952,0.902,0.884,0.879,0.89,0.898,0.886,0.889,0.892,0.879,0.89,0.886,0.889,0.947,0.906,0.883,0.926,0.892,0.019,0.879,0.865,0.916,0.898,0.891,0.924,0.888,0.94,0.884,0.882,0.936,0.941,0.88,0.886,0.886,0.92,0.897
0.895,0.904,0.866,0.885,1.0,0.915,0.897,0.884,0.891,0.884,0.921,0.874,0.939,0.884,0.881,0.9,0.92,0.924,0.929,0.892,0.903,0.916,0.918,0.917,0.902,0.903,0.925,0.877,0.896,0.888,0.871,0.921,0.019,0.909,0.902,0.883,0.894,0.92,0.886,0.924,0.884,0.911,0.915,0.871,0.874,0.862,0.912,0.913,0.872,0.885
0.899,0.939,0.88,0.883,0.915,1.0,0.911,0.889,0.902,0.877,0.895,0.881,0.922,0.876,0.885,0.912,0.934,0.913,0.92,0.91,0.918,0.92,0.932,0.936,0.947,0.926,0.915,0.884,0.901,0.888,0.881,0.926,0.018,0.923,0.925,0.881,0.91,0.921,0.882,0.928,0.889,0.94,0.924,0.883,0.886,0.88,0.93,0.931,0.879,0.902
0.891,0.9,0.88,0.899,0.897,0.911,1.0,0.891,0.896,0.884,0.879,0.894,0.912,0.893,0.901,0.989,0.908,0.903,0.913,0.993,0.908,0.905,0.914,0.898,0.903,0.897,0.907,0.895,0.902,0.895,0.897,0.914,0.014,0.904,0.888,0.886,0.995,0.905,0.892,0.909,0.9,0.913,0.907,0.892,0.898,0.885,0.897,0.897,0.889,0.907
0.895,0.887,0.876,0.94,0.884,0.889,0.891,1.0,0.897,0.925,0.863,0.928,0.886,0.927,0.932,0.892,0.881,0.873,0.891,0.887,0.89,0.887,0.894,0.884,0.883,0.885,0.886,0.97,0.897,0.879,0.93,0.889,0.019,0.885,0.862,0.911,0.887,0.896,0.92,0.896,0.936,0.887,0.884,0.959,0.964,0.878,0.891,0.892,0.923,0.901
0.907,0.9,0.888,0.888,0.891,0.902,0.896,0.897,1.0,0.879,0.874,0.891,0.897,0.889,0.895,0.895,0.89,0.885,0.892,0.899,0.904,0.886,0.896,0.887,0.9,0.889,0.897,0.894,0.903,0.912,0.888,0.898,0.017,0.898,0.869,0.887,0.898,0.898,0.885,0.897,0.887,0.899,0.904,0.897,0.9,0.888,0.899,0.899,0.891,0.904
0.896,0.875,0.868,0.929,0.884,0.877,0.884,0.925,0.879,1.0,0.874,0.919,0.886,0.932,0.927,0.887,0.87,0.884,0.882,0.88,0.875,0.873,0.877,0.876,0.874,0.876,0.885,0.929,0.897,0.873,0.924,0.875,0.017,0.867,0.869,0.912,0.881,0.88,0.932,0.88,0.933,0.871,0.866,0.915,0.924,0.869,0.878,0.878,0.915,0.893
0.879,0.883,0.848,0.871,0.921,0.895,0.879,0.863,0.874,0.874,1.0,0.852,0.919,0.871,0.864,0.883,0.898,0.918,0.909,0.873,0.891,0.904,0.903,0.907,0.887,0.891,0.917,0.863,0.879,0.867,0.853,0.911,0.018,0.895,0.912,0.865,0.874,0.9,0.867,0.915,0.866,0.894,0.903,0.855,0.859,0.839,0.889,0.889,0.854,0.871
0.884,0.895,0.88,0.941,0.874,0.881,0.894,0.928,0.891,0.919,0.852,1.0,0.879,0.932,0.957,0.894,0.874,0.866,0.874,0.896,0.891,0.875,0.884,0.868,0.888,0.872,0.874,0.931,0.898,0.894,0.926,0.883,0.018,0.882,0.847,0.906,0.895,0.887,0.916,0.886,0.936,0.883,0.878,0.936,0.94,0.887,0.882,0.883,0.919,0.904
0.902,0.91,0.87,0.893,0.939,0.922,0.912,0.886,0.897,0.886,0.919,0.879,1.0,0.888,0.886,0.913,0.925,0.93,0.94,0.907,0.929,0.944,0.945,0.922,0.91,0.917,0.941,0.881,0.9,0.899,0.874,0.939,0.018,0.939,0.909,0.89,0.91,0.933,0.887,0.942,0.885,0.92,0.932,0.875,0.879,0.869,0.923,0.923,0.879,0.892
0.9,0.877,0.871,0.951,0.884,0.876,0.893,0.927,0.889,0.932,0.871,0.932,0.888,1.0,0.953,0.894,0.878,0.88,0.887,0.891,0.881,0.883,0.884,0.879,0.881,0.883,0.885,0.941,0.906,0.888,0.923,0.89,0.019,0.875,0.862,0.919,0.891,0.887,0.927,0.886,0.936,0.88,0.876,0.924,0.934,0.875,0.882,0.882,0.911,0.904
0.884,0.886,0.879,0.952,0.881,0.885,0.901,0.932,0.895,0.927,0.864,0.957,0.886,0.953,1.0,0.902,0.882,0.878,0.884,0.899,0.891,0.884,0.892,0.87,0.888,0.885,0.882,0.94,0.904,0.895,0.937,0.893,0.02,0.884,0.854,0.913,0.9,0.895,0.923,0.891,0.944,0.887,0.883,0.93,0.936,0.885,0.888,0.888,0.925,0.912
0.894,0.902,0.878,0.902,0.9,0.912,0.989,0.892,0.895,0.887,0.883,0.894,0.913,0.894,0.902,1.0,0.909,0.908,0.92,0.985,0.91,0.91,0.914,0.899,0.902,0.896,0.908,0.897,0.905,0.893,0.898,0.918,0.014,0.904,0.89,0.887,0.986,0.907,0.893,0.91,0.904,0.914,0.906,0.89,0.897,0.883,0.895,0.895,0.887,0.903
0.894,0.923,0.871,0.884,0.92,0.934,0.908,0.881,0.89,0.87,0.898,0.874,0.925,0.878,0.882,0.909,1.0,0.915,0.917,0.903,0.903,0.919,0.917,0.937,0.931,0.931,0.913,0.875,0.897,0.88,0.874,0.925,0.018,0.911,0.918,0.884,0.904,0.913,0.873,0.92,0.882,0.931,0.921,0.871,0.873,0.873,0.917,0.917,0.868,0.89
0.894,0.893,0.865,0.879,0.924,0.913,0.903,0.873,0.885,0.884,0.918,0.866,0.93,0.88,0.878,0.908,0.915,1.0,0.941,0.9,0.915,0.932,0.929,0.918,0.9,0.907,0.935,0.872,0.89,0.88,0.874,0.92,0.017,0.915,0.907,0.883,0.902,0.918,0.885,0.924,0.875,0.905,0.916,0.864,0.868,0.863,0.901,0.902,0.864,0.887
0.9,0.905,0.871,0.89,0.929,0.92,0.913,0.891,0.892,0.882,0.909,0.874,0.94,0.887,0.884,0.92,0.917,0.941,1.0,0.91,0.929,0.936,0.936,0.909,0.902,0.906,0.938,0.886,0.897,0.888,0.882,0.933,0.019,0.918,0.904,0.895,0.91,0.93,0.884,0.934,0.889,0.913,0.925,0.878,0.884,0.866,0.909,0.91,0.872,0.892
0.885,0.901,0.882,0.898,0.892,0.91,0.993,0.887,0.899,0.88,0.873,0.896,0.907,0.891,0.899,0.985,0.903,0.9,0.91,1.0,0.911,0.901,0.91,0.893,0.905,0.894,0.903,0.893,0.9,0.897,0.899,0.911,0.014,0.907,0.882,0.884,0.997,0.9,0.887,0.906,0.897,0.91,0.904,0.895,0.901,0.888,0.899,0.899,0.885,0.904
0.891,0.914,0.879,0.886,0.903,0.918,0.908,0.89,0.904,0.875,0.891,0.891,0.929,0.881,0.891,0.91,0.903,0.915,0.929,0.911,1.0,0.928,0.934,0.901,0.908,0.902,0.924,0.89,0.883,0.897,0.893,0.925,0.018,0.933,0.89,0.879,0.91,0.921,0.875,0.926,0.892,0.915,0.923,0.895,0.9,0.884,0.909,0.91,0.884,0.889
0.894,0.908,0.868,0.889,0.916,0.92,0.905,0.887,0.886,0.873,0.904,0.875,0.944,0.883,0.884,0.91,0.919,0.932,0.936,0.901,0.928,1.0,0.975,0.914,0.909,0.908,0.928,0.884,0.89,0.89,0.881,0.932,0.018,0.954,0.899,0.875,0.903,0.926,0.877,0.933,0.885,0.912,0.925,0.871,0.877,0.872,0.915,0.916,0.874,0.889
0.897,0.912,0.873,0.892,0.918,0.932,0.914,0.894,0.896,0.877,0.903,0.884,0.945,0.884,0.892,0.914,0.917,0.929,0.936,0.91,0.934,0.975,1.0,0.91,0.914,0.904,0.931,0.891,0.892,0.896,0.885,0.94,0.018,0.952,0.898,0.881,0.912,0.928,0.88,0.932,0.889,0.917,0.93,0.882,0.888,0.875,0.92,0.921,0.879,0.896
0.899,0.929,0.863,0.879,0.917,0.936,0.898,0.884,0.887,0.876,0.907,0.868,0.922,0.879,0.87,0.899,0.937,0.918,0.909,0.893,0.901,0.914,0.91,1.0,0.929,0.924,0.921,0.877,0.891,0.877,0.866,0.918,0.018,0.904,0.943,0.875,0.893,0.914,0.876,0.918,0.873,0.925,0.915,0.871,0.876,0.862,0.912,0.913,0.866,0.885
0.892,0.948,0.878,0.89,0.902,0.947,0.903,0.883,0.9,0.874,0.887,0.888,0.91,0.881,0.888,0.902,0.931,0.9,0.902,0.905,0.908,0.909,0.914,0.929,1.0,0.93,0.904,0.88,0.89,0.886,0.88,0.924,0.018,0.909,0.917,0.873,0.904,0.914,0.872,0.914,0.879,0.929,0.914,0.888,0.889,0.881,0.926,0.926,0.877,0.893
0.89,0.92,0.871,0.886,0.903,0.926,0.897,0.885,0.889,0.876,0.891,0.872,0.917,0.883,0.885,0.896,0.931,0.907,0.906,0.894,0.902,0.908,0.904,0.924,0.93,1.0,0.909,0.884,0.89,0.878,0.877,0.916,0.019,0.902,0.912,0.885,0.895,0.91,0.886,0.915,0.878,0.924,0.907,0.882,0.881,0.869,0.922,0.921,0.878,0.887
0.902,0.903,0.869,0.889,0.925,0.915,0.907,0.886,0.897,0.885,0.917,0.874,0.941,0.885,0.882,0.908,0.913,0.935,0.938,0.903,0.924,0.928,0.931,0.921,0.904,0.909,1.0,0.877,0.895,0.884,0.875,0.929,0.015,0.919,0.905,0.89,0.903,0.945,0.889,0.932,0.882,0.906,0.946,0.874,0.874,0.867,0.9,0.901,0.867,0.892
0.892,0.883,0.875,0.947,0.877,0.884,0.895,0.97,0.894,0.929,0.863,0.931,0.881,0.941,0.94,0.897,0.875,0.872,0.886,0.893,0.89,0.884,0.891,0.877,0.88,0.884,0.877,1.0,0.899,0.885,0.932,0.891,0.019,0.881,0.859,0.908,0.893,0.893,0.917,0.893,0.945,0.885,0.881,0.98,0.981,0.872,0.887,0.887,0.921,0.898
0.907,0.888,0.89,0.906,0.896,0.901,0.902,0.897,0.903,0.897,0.879,0.898,0.9,0.906,0.904,0.905,0.897,0.89,0.897,0.9,0.883,0.89,0.892,0.891,0.89,0.89,0.895,0.899,1.0,0.894,0.889,0.898,0.018,0.886,0.88,0.892,0.9,0.893,0.9,0.898,0.899,0.891,0.891,0.894,0.897,0.899,0.889,0.889,0.894,0.946
0.894,0.893,0.884,0.883,0.888,0.888,0.895,0.879,0.912,0.873,0.867,0.894,0.899,0.888,0.895,0.893,0.88,0.88,0.888,0.897,0.897,0.89,0.896,0.877,0.886,0.878,0.884,0.885,0.894,1.0,0.89,0.894,0.018,0.897,0.861,0.886,0.898,0.889,0.88,0.9,0.889,0.895,0.893,0.893,0.89,0.889,0.895,0.895,0.884,0.902
0.879,0.881,0.881,0.926,0.871,0.881,0.897,0.93,0.888,0.924,0.853,0.926,0.874,0.923,0.937,0.898,0.874,0.874,0.882,0.899,0.893,0.881,0.885,0.866,0.88,0.877,0.875,0.932,0.889,0.89,1.0,0.88,0.02,0.887,0.854,0.906,0.898,0.89,0.917,0.884,0.961,0.885,0.879,0.932,0.937,0.881,0.885,0.885,0.916,0.89
0.895,0.917,0.874,0.892,0.921,0.926,0.914,0.889,0.898,0.875,0.911,0.883,0.939,0.89,0.893,0.918,0.925,0.92,0.933,0.911,0.925,0.932,0.94,0.918,0.924,0.916,0.929,0.891,0.898,0.894,0.88,1.0,0.019,0.929,0.904,0.882,0.911,0.941,0.883,0.942,0.886,0.923,0.938,0.884,0.891,0.869,0.922,0.923,0.873,0.895
0.018,0.019,0.018,0.019,0.019,0.018,0.014,0.019,0.017,0.017,0.018,0.018,0.018,0.019,0.02,0.014,0.018,0.017,0.019,0.014,0.018,0.018,0.018,0.018,0.018,0.019,0.015,0.019,0.018,0.018,0.02,0.019,1.0,0.018,0.02,0.018,0.014,0.017,0.019,0.017,0.017,0.019,0.018,0.019,0.019,0.021,0.019,0.019,0.017,0.017
0.889,0.909,0.873,0.879,0.909,0.923,0.904,0.885,0.898,0.867,0.895,0.882,0.939,0.875,0.884,0.904,0.911,0.915,0.918,0.907,0.933,0.954,0.952,0.904,0.909,0.902,0.919,0.881,0.886,0.897,0.887,0.929,0.018,1.0,0.891,0.879,0.905,0.924,0.877,0.925,0.886,0.918,0.928,0.881,0.888,0.873,0.923,0.924,0.875,0.891
0.882,0.912,0.85,0.865,0.902,0.925,0.888,0.862,0.869,0.869,0.912,0.847,0.909,0.862,0.854,0.89,0.918,0.907,0.904,0.882,0.89,0.899,0.898,0.943,0.917,0.912,0.905,0.859,0.88,0.861,0.854,0.904,0.02,0.891,1.0,0.859,0.883,0.893,0.864,0.9,0.862,0.912,0.899,0.853,0.861,0.852,0.898,0.898,0.851,0.871
0.888,0.869,0.868,0.916,0.883,0.881,0.886,0.911,0.887,0.912,0.865,0.906,0.89,0.919,0.913,0.887,0.884,0.883,0.895,0.884,0.879,0.875,0.881,0.875,0.873,0.885,0.89,0.908,0.892,0.886,0.906,0.882,0.018,0.879,0.859,1.0,0.884,0.886,0.916,0.882,0.918,0.887,0.881,0.898,0.907,0.866,0.883,0.883,0.904,0.887
0.886,0.9,0.881,0.898,0.894,0.91,0.995,0.887,0.898,0.881,0.874,0.895,0.91,0.891,0.9,0.986,0.904,0.902,0.91,0.997,0.91,0.903,0.912,0.893,0.904,0.895,0.903,0.893,0.9,0.898,0.898,0.911,0.014,0.905,0.883,0.884,1.0,0.901,0.888,0.907,0.898,0.911,0.905,0.893,0.899,0.887,0.898,0.898,0.887,0.905
0.904,0.923,0.879,0.891,0.92,0.921,0.905,0.896,0.898,0.88,0.9,0.887,0.933,0.887,0.895,0.907,0.913,0.918,0.93,0.9,0.921,0.926,0.928,0.914,0.914,0.91,0.945,0.893,0.893,0.889,0.89,0.941,0.017,0.924,0.893,0.886,0.901,1.0,0.886,0.94,0.891,0.917,0.957,0.89,0.89,0.88,0.921,0.922,0.882,0.897
0.899,0.868,0.868,0.924,0.886,0.882,0.892,0.92,0.885,0.932,0.867,0.916,0.887,0.927,0.923,0.893,0.873,0.885,0.884,0.887,0.875,0.877,0.88,0.876,0.872,0.886,0.889,0.917,0.9,0.88,0.917,0.883,0.019,0.877,0.864,0.916,0.888,0.886,1.0,0.883,0.923,0.881,0.876,0.908,0.916,0.87,0.879,0.879,0.914,0.893
0.9,0.92,0.875,0.888,0.924,0.928,0.909,0.896,0.897,0.88,0.915,0.886,0.942,0.886,0.891,0.91,0.92,0.924,0.934,0.906,0.926,0.933,0.932,0.918,0.914,0.915,0.932,0.893,0.898,0.9,0.884,0.942,0.017,0.925,0.9,0.882,0.907,0.94,0.883,1.0,0.894,0.917,0.938,0.886,0.891,0.878,0.927,0.928,0.882,0.9
0.89,0.879,0.881,0.94,0.884,0.889,0.9,0.936,0.887,0.933,0.866,0.936,0.885,0.936,0.944,0.904,0.882,0.875,0.889,0.897,0.892,0.885,0.889,0.873,0.879,0.878,0.882,0.945,0.899,0.889,0.961,0.886,0.017,0.886,0.862,0.918,0.898,0.891,0.923,0.894,1.0,0.885,0.879,0.936,0.94,0.879,0.882,0.882,0.921,0.898
0.897,0.922,0.88,0.884,0.911,0.94,0.913,0.887,0.899,0.871,0.894,0.883,0.92,0.88,0.887,0.914,0.931,0.905,0.913,0.91,0.915,0.912,0.917,0.925,0.929,0.924,0.906,0.885,0.891,0.895,0.885,0.923,0.019,0.918,0.912,0.887,0.911,0.917,0.881,0.917,0.885,1.0,0.932,0.885,0.889,0.879,0.939,0.939,0.879,0.896
0.9,0.917,0.875,0.882,0.915,0.924,0.907,0.884,0.904,0.866,0.903,0.878,0.932,0.876,0.883,0.906,0.921,0.916,0.925,0.904,0.923,0.925,0.93,0.915,0.914,0.907,0.946,0.881,0.891,0.893,0.879,0.938,0.018,0.928,0.899,0.881,0.905,0.957,0.876,0.938,0.879,0.932,1.0,0.881,0.883,0.88,0.914,0.914,0.877,0.897
0.886,0.892,0.887,0.936,0.871,0.883,0.892,0.959,0.897,0.915,0.855,0.936,0.875,0.924,0.93,0.89,0.871,0.864,0.878,0.895,0.895,0.871,0.882,0.871,0.888,0.882,0.874,0.98,0.894,0.893,0.932,0.884,0.019,0.881,0.853,0.898,0.893,0.89,0.908,0.886,0.936,0.885,0.881,1.0,0.982,0.88,0.886,0.886,0.919,0.896
0.89,0.891,0.885,0.941,0.874,0.886,0.898,0.964,0.9,0.924,0.859,0.94,0.879,0.934,0.936,0.897,0.873,0.868,0.884,0.901,0.9,0.877,0.888,0.876,0.889,0.881,0.874,0.981,0.897,0.89,0.937,0.891,0.019,0.888,0.861,0.907,0.899,0.89,0.916,0.891,0.94,0.889,0.883,0.982,1.0,0.879,0.893,0.893,0.923,0.899
0.869,0.891,0.887,0.88,0.862,0.88,0.885,0.878,0.888,0.869,0.839,0.887,0.869,0.875,0.885,0.883,0.873,0.863,0.866,0.888,0.884,0.872,0.875,0.862,0.881,0.869,0.867,0.872,0.899,0.889,0.881,0.869,0.021,0.873,0.852,0.866,0.887,0.88,0.87,0.878,0.879,0.879,0.88,0.88,0.879,1.0,0.886,0.886,0.877,0.908
0.887,0.93,0.888,0.886,0.912,0.93,0.897,0.891,0.899,0.878,0.889,0.882,0.923,0.882,0.888,0.895,0.917,0.901,0.909,0.899,0.909,0.915,0.92,0.912,0.926,0.922,0.9,0.887,0.889,0.895,0.885,0.922,0.019,0.923,0.898,0.883,0.898,0.921,0.879,0.927,0.882,0.939,0.914,0.886,0.893,0.886,1.0,0.999,0.884,0.9
0.888,0.93,0.889,0.886,0.913,0.931,0.897,0.892,0.899,0.878,0.889,0.883,0.923,0.882,0.888,0.895,0.917,0.902,0.91,0.899,0.91,0.916,0.921,0.913,0.926,0.921,0.901,0.887,0.889,0.895,0.885,0.923,0.019,0.924,0.898,0.883,0.898,0.922,0.879,0.928,0.882,0.939,0.914,0.886,0.893,0.886,0.999,1.0,0.884,0.901
0.879,0.884,0.883,0.92,0.872,0.879,0.889,0.923,0.891,0.915,0.854,0.919,0.879,0.911,0.925,0.887,0.868,0.864,0.872,0.885,0.884,0.874,0.879,0.866,0.877,0.878,0.867,0.921,0.894,0.884,0.916,0.873,0.017,0.875,0.851,0.904,0.887,0.882,0.914,0.882,0.921,0.879,0.877,0.919,0.923,0.877,0.884,0.884,1.0,0.899
0.896,0.896,0.894,0.897,0.885,0.902,0.907,0.901,0.904,0.893,0.871,0.904,0.892,0.904,0.912,0.903,0.89,0.887,0.892,0.904,0.889,0.889,0.896,0.885,0.893,0.887,0.892,0.898,0.946,0.902,0.89,0.895,0.017,0.891,0.871,0.887,0.905,0.897,0.893,0.9,0.898,0.896,0.897,0.896,0.899,0.908,0.9,0.901,0.899,1.0
