GCF_000163235.1_ASM16323v1_genomic.fna,GCF_000164555.1_ASM16455v1_genomic.fna,GCF_000208545.1_ASM20854v2_genomic.fna,GCF_000233875.1_ASM23387v1_genomic.fna,GCF_000249735.1_ASM24973v2_genomic.fna,GCF_000261145.1_Esch_coli_M919_V2_genomic.fna,GCF_000267705.2_ASM26770v2_genomic.fna,GCF_000350665.1_Esch_coli_KTE5_V1_genomic.fna,GCF_000351625.1_Esch_coli_KTE66_V1_genomic.fna,GCF_000352285.1_Esch_coli_KTE46_V1_genomic.fna,GCF_000358895.1_ASM35889v1_genomic.fna,GCF_000456385.1_Esch_coli_HVH_26_4-5703913_V1_genomic.fna,GCF_000458195.1_Esch_coli_HVH_147_4-5893887_V1_genomic.fna,GCF_000459755.1_Esch_coli_KOEGE_58_171a_V1_genomic.fna,GCF_000460055.1_Esch_coli_UMEA_3053-1_V1_genomic.fna,GCF_000462165.2_ASM46216v2_genomic.fna,GCF_000601135.1_ASM60113v1_genomic.fna,GCF_000614595.1_Ec2010EL1058_genomic.fna,GCF_000617745.1_Ec2010C-4529_genomic.fna,GCF_000618265.2_EcF6751_genomic.fna,GCF_000619005.2_Ec2009C-4052_genomic.fna,GCF_000619105.1_Ec2009C-4780_genomic.fna,GCF_000619765.2_Ec2009C-3279_genomic.fna,GCF_000687005.1_ASM68700v1_genomic.fna,GCF_000687025.1_ASM68702v1_genomic.fna,GCF_000700125.1_ASM70012v1_genomic.fna,GCF_000753315.1_FHI35_genomic.fna,GCF_000776375.1_ASM77637v1_genomic.fna,GCF_000779395.1_ASM77939v1_genomic.fna,GCF_000780315.1_ASM78031v1_genomic.fna,GCF_000781995.1_ASM78199v1_genomic.fna,GCF_000986765.1_ASM98676v1_genomic.fna,GCF_001041375.1_ViralProj287958_genomic.fna,GCF_001265335.1_302014_genomic.fna,GCF_001265625.1_100854_genomic.fna,GCF_001267345.1_303289_genomic.fna,GCF_001309985.1_ASM130998v1_genomic.fna,GCF_001521695.1_ASM152169v1_genomic.fna,GCF_001592595.1_ASM159259v1_genomic.fna,GCF_001614975.1_ASM161497v1_genomic.fna,GCF_001692775.1_ASM169277v1_genomic.fna,GCF_001748915.1_ASM174891v1_genomic.fna,GCF_001749235.1_ASM174923v1_genomic.fna,GCF_001881155.1_ASM188115v1_genomic.fna,GCF_001881345.1_ASM188134v1_genomic.fna,GCF_001892405.1_ASM189240v1_genomic.fna,GCF_001892585.1_ASM189258v1_genomic.fna,GCF_001893985.1_ASM189398v1_genomic.fna,GCF_002001595.1_ASM200159v1_genomic.fna,GCF_002002145.1_ASM200214v1_genomic.fna
1.0,0.907,0.889,0.895,0.908,0.912,0.899,0.894,0.921,0.897,0.884,0.901,0.911,0.889,0.885,0.898,0.904,0.891,0.911,0.902,0.907,0.908,0.913,0.894,0.903,0.898,0.894,0.899,0.902,0.911,0.887,0.908,0.015,0.911,0.883,0.896,0.9,0.903,0.901,0.905,0.899,0.895,0.905,0.896,0.899,0.89,0.903,0.903,0.893,0.903
0.907,1.0,0.877,0.892,0.93,0.944,0.904,0.885,0.898,0.886,0.906,0.885,0.919,0.881,0.888,0.906,0.939,0.903,0.914,0.9,0.908,0.918,0.92,0.938,0.947,0.928,0.917,0.882,0.895,0.9,0.88,0.925,0.017,0.914,0.929,0.888,0.901,0.919,0.888,0.919,0.884,0.924,0.919,0.884,0.887,0.879,0.924,0.924,0.897,0.901
0.889,0.877,1.0,0.863,0.87,0.875,0.875,0.878,0.876,0.858,0.847,0.866,0.875,0.855,0.859,0.871,0.867,0.865,0.87,0.878,0.876,0.879,0.88,0.858,0.875,0.867,0.873,0.867,0.862,0.87,0.869,0.886,0.019,0.877,0.851,0.866,0.877,0.873,0.871,0.874,0.871,0.864,0.878,0.877,0.866,0.897,0.878,0.876,0.859,0.87
0.895,0.892,0.863,1.0,0.89,0.885,0.887,0.918,0.889,0.929,0.866,0.931,0.885,0.941,0.945,0.885,0.88,0.871,0.892,0.882,0.874,0.886,0.887,0.878,0.885,0.88,0.889,0.938,0.891,0.884,0.921,0.885,0.018,0.879,0.874,0.924,0.884,0.88,0.905,0.883,0.932,0.887,0.881,0.934,0.936,0.87,0.887,0.888,0.926,0.892
0.908,0.93,0.87,0.89,1.0,0.927,0.91,0.88,0.902,0.885,0.929,0.883,0.94,0.885,0.895,0.909,0.931,0.921,0.924,0.907,0.926,0.934,0.933,0.903,0.923,0.92,0.932,0.884,0.898,0.896,0.872,0.935,0.018,0.93,0.908,0.894,0.906,0.927,0.893,0.933,0.883,0.921,0.935,0.878,0.888,0.88,0.93,0.93,0.891,0.901
0.912,0.944,0.875,0.885,0.927,1.0,0.911,0.888,0.898,0.882,0.896,0.884,0.921,0.877,0.884,0.907,0.935,0.911,0.921,0.91,0.915,0.913,0.919,0.934,0.95,0.927,0.913,0.888,0.895,0.891,0.875,0.923,0.017,0.923,0.932,0.897,0.909,0.919,0.895,0.916,0.886,0.924,0.921,0.883,0.89,0.877,0.94,0.941,0.883,0.897
0.899,0.904,0.875,0.887,0.91,0.911,1.0,0.881,0.901,0.876,0.885,0.885,0.913,0.875,0.885,0.983,0.902,0.906,0.919,0.992,0.917,0.92,0.922,0.894,0.907,0.91,0.906,0.881,0.885,0.899,0.874,0.906,0.019,0.914,0.895,0.897,0.995,0.897,0.884,0.902,0.884,0.909,0.905,0.874,0.884,0.878,0.905,0.906,0.886,0.895
0.894,0.885,0.878,0.918,0.88,0.888,0.881,1.0,0.889,0.918,0.857,0.929,0.885,0.914,0.917,0.878,0.879,0.867,0.883,0.881,0.883,0.877,0.88,0.875,0.88,0.881,0.878,0.967,0.88,0.878,0.936,0.893,0.018,0.884,0.859,0.913,0.88,0.889,0.924,0.876,0.932,0.879,0.886,0.971,0.962,0.886,0.891,0.891,0.91,0.884
0.921,0.898,0.876,0.889,0.902,0.898,0.901,0.889,1.0,0.895,0.875,0.884,0.894,0.887,0.892,0.901,0.891,0.882,0.892,0.899,0.884,0.892,0.894,0.886,0.887,0.888,0.895,0.888,0.901,0.916,0.88,0.887,0.016,0.889,0.876,0.901,0.899,0.888,0.886,0.902,0.888,0.901,0.895,0.882,0.884,0.882,0.895,0.896,0.889,0.909
0.897,0.886,0.858,0.929,0.885,0.882,0.876,0.918,0.895,1.0,0.868,0.924,0.888,0.944,0.94,0.881,0.878,0.875,0.886,0.871,0.877,0.881,0.881,0.876,0.878,0.88,0.883,0.935,0.9,0.895,0.925,0.879,0.017,0.88,0.87,0.923,0.873,0.875,0.914,0.893,0.937,0.888,0.88,0.926,0.935,0.865,0.888,0.889,0.928,0.901
0.884,0.906,0.847,0.866,0.929,0.896,0.885,0.857,0.875,0.868,1.0,0.854,0.926,0.871,0.864,0.892,0.91,0.916,0.906,0.882,0.903,0.914,0.913,0.918,0.902,0.904,0.911,0.86,0.888,0.882,0.852,0.905,0.016,0.904,0.922,0.869,0.883,0.902,0.865,0.923,0.859,0.91,0.911,0.853,0.863,0.859,0.901,0.903,0.876,0.887
0.901,0.885,0.866,0.931,0.883,0.884,0.885,0.929,0.884,0.924,0.854,1.0,0.88,0.925,0.949,0.881,0.878,0.865,0.885,0.886,0.877,0.876,0.88,0.869,0.882,0.876,0.875,0.934,0.889,0.883,0.924,0.892,0.016,0.882,0.862,0.918,0.884,0.883,0.922,0.876,0.939,0.877,0.885,0.936,0.933,0.881,0.883,0.882,0.911,0.893
0.911,0.919,0.875,0.885,0.94,0.921,0.913,0.885,0.894,0.888,0.926,0.88,1.0,0.882,0.889,0.917,0.929,0.934,0.941,0.909,0.935,0.949,0.952,0.916,0.919,0.919,0.939,0.887,0.897,0.897,0.873,0.932,0.016,0.948,0.913,0.895,0.909,0.924,0.893,0.945,0.879,0.921,0.931,0.879,0.887,0.875,0.923,0.924,0.887,0.902
0.889,0.881,0.855,0.941,0.885,0.877,0.875,0.914,0.887,0.944,0.871,0.925,0.882,1.0,0.949,0.877,0.876,0.88,0.886,0.87,0.874,0.884,0.881,0.876,0.87,0.871,0.883,0.932,0.898,0.886,0.916,0.877,0.018,0.878,0.875,0.918,0.872,0.876,0.908,0.885,0.933,0.882,0.879,0.925,0.932,0.867,0.876,0.876,0.929,0.903
0.885,0.888,0.859,0.945,0.895,0.884,0.885,0.917,0.892,0.94,0.864,0.949,0.889,0.949,1.0,0.886,0.883,0.877,0.887,0.88,0.881,0.891,0.89,0.872,0.877,0.875,0.885,0.934,0.895,0.884,0.925,0.885,0.018,0.883,0.87,0.92,0.882,0.881,0.913,0.89,0.937,0.886,0.883,0.927,0.932,0.869,0.886,0.886,0.921,0.901
0.898,0.906,0.871,0.885,0.909,0.907,0.983,0.878,0.901,0.881,0.892,0.881,0.917,0.877,0.886,1.0,0.902,0.907,0.916,0.978,0.906,0.92,0.919,0.901,0.9,0.905,0.903,0.878,0.89,0.905,0.871,0.901,0.016,0.912,0.901,0.893,0.98,0.895,0.881,0.909,0.878,0.91,0.901,0.872,0.881,0.874,0.899,0.901,0.889,0.899
0.904,0.939,0.867,0.88,0.931,0.935,0.902,0.879,0.891,0.878,0.91,0.878,0.929,0.876,0.883,0.902,1.0,0.91,0.919,0.899,0.916,0.922,0.92,0.932,0.94,0.931,0.921,0.879,0.895,0.892,0.87,0.928,0.016,0.919,0.924,0.884,0.9,0.911,0.884,0.917,0.877,0.924,0.92,0.874,0.882,0.874,0.932,0.933,0.888,0.894
0.891,0.903,0.865,0.871,0.921,0.911,0.906,0.867,0.882,0.875,0.916,0.865,0.934,0.88,0.877,0.907,0.91,1.0,0.931,0.903,0.922,0.935,0.934,0.909,0.901,0.902,0.934,0.868,0.894,0.887,0.86,0.913,0.018,0.919,0.906,0.89,0.903,0.904,0.877,0.93,0.871,0.918,0.92,0.865,0.873,0.868,0.902,0.901,0.877,0.895
0.911,0.914,0.87,0.892,0.924,0.921,0.919,0.883,0.892,0.886,0.906,0.885,0.941,0.886,0.887,0.916,0.919,0.931,1.0,0.915,0.939,0.94,0.943,0.909,0.909,0.913,0.933,0.884,0.891,0.889,0.882,0.925,0.016,0.938,0.904,0.902,0.916,0.914,0.894,0.924,0.889,0.92,0.923,0.882,0.889,0.879,0.914,0.915,0.887,0.896
0.902,0.9,0.878,0.882,0.907,0.91,0.992,0.881,0.899,0.871,0.882,0.886,0.909,0.87,0.88,0.978,0.899,0.903,0.915,1.0,0.918,0.916,0.918,0.892,0.906,0.906,0.903,0.882,0.88,0.896,0.876,0.909,0.019,0.913,0.892,0.893,0.996,0.899,0.885,0.901,0.886,0.905,0.908,0.876,0.885,0.879,0.904,0.904,0.884,0.89
0.907,0.908,0.876,0.874,0.926,0.915,0.917,0.883,0.884,0.877,0.903,0.877,0.935,0.874,0.881,0.906,0.916,0.922,0.939,0.918,1.0,0.928,0.935,0.898,0.906,0.908,0.922,0.876,0.886,0.883,0.879,0.929,0.017,0.94,0.896,0.891,0.916,0.925,0.894,0.923,0.886,0.912,0.928,0.874,0.883,0.886,0.92,0.918,0.875,0.896
0.908,0.918,0.879,0.886,0.934,0.913,0.92,0.877,0.892,0.881,0.914,0.876,0.949,0.884,0.891,0.92,0.922,0.935,0.94,0.916,0.928,1.0,0.981,0.906,0.912,0.911,0.935,0.883,0.89,0.892,0.871,0.927,0.019,0.954,0.901,0.889,0.917,0.921,0.887,0.94,0.88,0.917,0.93,0.877,0.885,0.876,0.921,0.922,0.891,0.899
0.913,0.92,0.88,0.887,0.933,0.919,0.922,0.88,0.894,0.881,0.913,0.88,0.952,0.881,0.89,0.919,0.92,0.934,0.943,0.918,0.935,0.981,1.0,0.908,0.916,0.917,0.937,0.884,0.892,0.894,0.869,0.931,0.018,0.95,0.904,0.892,0.918,0.924,0.891,0.941,0.881,0.918,0.932,0.879,0.888,0.88,0.923,0.924,0.89,0.901
0.894,0.938,0.858,0.878,0.903,0.934,0.894,0.875,0.886,0.876,0.918,0.869,0.916,0.876,0.872,0.901,0.932,0.909,0.909,0.892,0.898,0.906,0.908,1.0,0.933,0.914,0.904,0.875,0.9,0.895,0.863,0.909,0.017,0.905,0.949,0.883,0.892,0.898,0.872,0.911,0.873,0.926,0.904,0.868,0.876,0.865,0.919,0.921,0.879,0.901
0.903,0.947,0.875,0.885,0.923,0.95,0.907,0.88,0.887,0.878,0.902,0.882,0.919,0.87,0.877,0.9,0.94,0.901,0.909,0.906,0.906,0.912,0.916,0.933,1.0,0.934,0.917,0.879,0.886,0.893,0.872,0.926,0.018,0.918,0.932,0.883,0.906,0.914,0.891,0.916,0.879,0.921,0.922,0.878,0.882,0.869,0.927,0.928,0.889,0.888
0.898,0.928,0.867,0.88,0.92,0.927,0.91,0.881,0.888,0.88,0.904,0.876,0.919,0.871,0.875,0.905,0.931,0.902,0.913,0.906,0.908,0.911,0.917,0.914,0.934,1.0,0.907,0.881,0.888,0.885,0.864,0.919,0.016,0.913,0.912,0.886,0.906,0.908,0.884,0.912,0.874,0.922,0.912,0.88,0.885,0.874,0.924,0.925,0.889,0.891
0.894,0.917,0.873,0.889,0.932,0.913,0.906,0.878,0.895,0.883,0.911,0.875,0.939,0.883,0.885,0.903,0.921,0.934,0.933,0.903,0.922,0.935,0.937,0.904,0.917,0.907,1.0,0.879,0.888,0.894,0.87,0.929,0.017,0.925,0.899,0.894,0.903,0.936,0.875,0.936,0.879,0.923,0.952,0.877,0.883,0.874,0.916,0.915,0.884,0.894
0.899,0.882,0.867,0.938,0.884,0.888,0.881,0.967,0.888,0.935,0.86,0.934,0.887,0.932,0.934,0.878,0.879,0.868,0.884,0.882,0.876,0.883,0.884,0.875,0.879,0.881,0.879,1.0,0.885,0.88,0.927,0.891,0.019,0.887,0.863,0.92,0.881,0.885,0.917,0.879,0.942,0.881,0.886,0.981,0.984,0.87,0.896,0.896,0.919,0.887
0.902,0.895,0.862,0.891,0.898,0.895,0.885,0.88,0.901,0.9,0.888,0.889,0.897,0.898,0.895,0.89,0.895,0.894,0.891,0.88,0.886,0.89,0.892,0.9,0.886,0.888,0.888,0.885,1.0,0.897,0.879,0.887,0.017,0.884,0.888,0.896,0.881,0.881,0.889,0.9,0.888,0.893,0.885,0.875,0.883,0.887,0.896,0.897,0.885,0.961
0.911,0.9,0.87,0.884,0.896,0.891,0.899,0.878,0.916,0.895,0.882,0.883,0.897,0.886,0.884,0.905,0.892,0.887,0.889,0.896,0.883,0.892,0.894,0.895,0.893,0.885,0.894,0.88,0.897,1.0,0.874,0.888,0.016,0.886,0.881,0.893,0.897,0.877,0.874,0.901,0.882,0.894,0.89,0.877,0.883,0.886,0.89,0.89,0.887,0.906
0.887,0.88,0.869,0.921,0.872,0.875,0.874,0.936,0.88,0.925,0.852,0.924,0.873,0.916,0.925,0.871,0.87,0.86,0.882,0.876,0.879,0.871,0.869,0.863,0.872,0.864,0.87,0.927,0.879,0.874,1.0,0.884,0.017,0.875,0.856,0.911,0.876,0.877,0.918,0.876,0.956,0.872,0.875,0.936,0.926,0.881,0.877,0.877,0.908,0.879
0.908,0.925,0.886,0.885,0.935,0.923,0.906,0.893,0.887,0.879,0.905,0.892,0.932,0.877,0.885,0.901,0.928,0.913,0.925,0.909,0.929,0.927,0.931,0.909,0.926,0.919,0.929,0.891,0.887,0.888,0.884,1.0,0.016,0.935,0.899,0.892,0.906,0.932,0.895,0.927,0.893,0.917,0.938,0.89,0.891,0.893,0.927,0.926,0.885,0.893
0.015,0.017,0.019,0.018,0.018,0.017,0.019,0.018,0.016,0.017,0.016,0.016,0.016,0.018,0.018,0.016,0.016,0.018,0.016,0.019,0.017,0.019,0.018,0.017,0.018,0.016,0.017,0.019,0.017,0.016,0.017,0.016,1.0,0.016,0.019,0.017,0.019,0.018,0.016,0.017,0.018,0.016,0.016,0.018,0.018,0.017,0.017,0.017,0.017,0.017
0.911,0.914,0.877,0.879,0.93,0.923,0.914,0.884,0.889,0.88,0.904,0.882,0.948,0.878,0.883,0.912,0.919,0.919,0.938,0.913,0.94,0.954,0.95,0.905,0.918,0.913,0.925,0.887,0.884,0.886,0.875,0.935,0.016,1.0,0.901,0.895,0.913,0.928,0.901,0.935,0.881,0.917,0.936,0.88,0.89,0.875,0.924,0.926,0.877,0.897
0.883,0.929,0.851,0.874,0.908,0.932,0.895,0.859,0.876,0.87,0.922,0.862,0.913,0.875,0.87,0.901,0.924,0.906,0.904,0.892,0.896,0.901,0.904,0.949,0.932,0.912,0.899,0.863,0.888,0.881,0.856,0.899,0.019,0.901,1.0,0.876,0.892,0.896,0.869,0.909,0.867,0.92,0.902,0.858,0.868,0.86,0.908,0.91,0.878,0.893
0.896,0.888,0.866,0.924,0.894,0.897,0.897,0.913,0.901,0.923,0.869,0.918,0.895,0.918,0.92,0.893,0.884,0.89,0.902,0.893,0.891,0.889,0.892,0.883,0.883,0.886,0.894,0.92,0.896,0.893,0.911,0.892,0.017,0.895,0.876,1.0,0.893,0.887,0.925,0.889,0.925,0.891,0.893,0.914,0.918,0.882,0.893,0.893,0.916,0.906
0.9,0.901,0.877,0.884,0.906,0.909,0.995,0.88,0.899,0.873,0.883,0.884,0.909,0.872,0.882,0.98,0.9,0.903,0.916,0.996,0.916,0.917,0.918,0.892,0.906,0.906,0.903,0.881,0.881,0.897,0.876,0.906,0.019,0.913,0.892,0.893,1.0,0.896,0.884,0.899,0.885,0.906,0.905,0.874,0.883,0.877,0.904,0.904,0.885,0.89
0.903,0.919,0.873,0.88,0.927,0.919,0.897,0.889,0.888,0.875,0.902,0.883,0.924,0.876,0.881,0.895,0.911,0.904,0.914,0.899,0.925,0.921,0.924,0.898,0.914,0.908,0.936,0.885,0.881,0.877,0.877,0.932,0.018,0.928,0.896,0.887,0.896,1.0,0.889,0.929,0.886,0.908,0.951,0.886,0.887,0.887,0.919,0.918,0.886,0.892
0.901,0.888,0.871,0.905,0.893,0.895,0.884,0.924,0.886,0.914,0.865,0.922,0.893,0.908,0.913,0.881,0.884,0.877,0.894,0.885,0.894,0.887,0.891,0.872,0.891,0.884,0.875,0.917,0.889,0.874,0.918,0.895,0.016,0.901,0.869,0.925,0.884,0.889,1.0,0.88,0.925,0.882,0.889,0.921,0.918,0.885,0.887,0.887,0.905,0.896
0.905,0.919,0.874,0.883,0.933,0.916,0.902,0.876,0.902,0.893,0.923,0.876,0.945,0.885,0.89,0.909,0.917,0.93,0.924,0.901,0.923,0.94,0.941,0.911,0.916,0.912,0.936,0.879,0.9,0.901,0.876,0.927,0.017,0.935,0.909,0.889,0.899,0.929,0.88,1.0,0.881,0.923,0.94,0.874,0.879,0.881,0.918,0.918,0.896,0.913
0.899,0.884,0.871,0.932,0.883,0.886,0.884,0.932,0.888,0.937,0.859,0.939,0.879,0.933,0.937,0.878,0.877,0.871,0.889,0.886,0.886,0.88,0.881,0.873,0.879,0.874,0.879,0.942,0.888,0.882,0.956,0.893,0.018,0.881,0.867,0.925,0.885,0.886,0.925,0.881,1.0,0.878,0.88,0.94,0.942,0.885,0.888,0.887,0.917,0.895
0.895,0.924,0.864,0.887,0.921,0.924,0.909,0.879,0.901,0.888,0.91,0.877,0.921,0.882,0.886,0.91,0.924,0.918,0.92,0.905,0.912,0.917,0.918,0.926,0.921,0.922,0.923,0.881,0.893,0.894,0.872,0.917,0.016,0.917,0.92,0.891,0.906,0.908,0.882,0.923,0.878,1.0,0.92,0.874,0.882,0.874,0.925,0.926,0.889,0.9
0.905,0.919,0.878,0.881,0.935,0.921,0.905,0.886,0.895,0.88,0.911,0.885,0.931,0.879,0.883,0.901,0.92,0.92,0.923,0.908,0.928,0.93,0.932,0.904,0.922,0.912,0.952,0.886,0.885,0.89,0.875,0.938,0.016,0.936,0.902,0.893,0.905,0.951,0.889,0.94,0.88,0.92,1.0,0.883,0.89,0.881,0.925,0.925,0.887,0.896
0.896,0.884,0.877,0.934,0.878,0.883,0.874,0.971,0.882,0.926,0.853,0.936,0.879,0.925,0.927,0.872,0.874,0.865,0.882,0.876,0.874,0.877,0.879,0.868,0.878,0.88,0.877,0.981,0.875,0.877,0.936,0.89,0.018,0.88,0.858,0.914,0.874,0.886,0.921,0.874,0.94,0.874,0.883,1.0,0.976,0.881,0.887,0.886,0.921,0.877
0.899,0.887,0.866,0.936,0.888,0.89,0.884,0.962,0.884,0.935,0.863,0.933,0.887,0.932,0.932,0.881,0.882,0.873,0.889,0.885,0.883,0.885,0.888,0.876,0.882,0.885,0.883,0.984,0.883,0.883,0.926,0.891,0.018,0.89,0.868,0.918,0.883,0.887,0.918,0.879,0.942,0.882,0.89,0.976,1.0,0.874,0.898,0.898,0.919,0.888
0.89,0.879,0.897,0.87,0.88,0.877,0.878,0.886,0.882,0.865,0.859,0.881,0.875,0.867,0.869,0.874,0.874,0.868,0.879,0.879,0.886,0.876,0.88,0.865,0.869,0.874,0.874,0.87,0.887,0.886,0.881,0.893,0.017,0.875,0.86,0.882,0.877,0.887,0.885,0.881,0.885,0.874,0.881,0.881,0.874,1.0,0.889,0.888,0.873,0.907
0.903,0.924,0.878,0.887,0.93,0.94,0.905,0.891,0.895,0.888,0.901,0.883,0.923,0.876,0.886,0.899,0.932,0.902,0.914,0.904,0.92,0.921,0.923,0.919,0.927,0.924,0.916,0.896,0.896,0.89,0.877,0.927,0.017,0.924,0.908,0.893,0.904,0.919,0.887,0.918,0.888,0.925,0.925,0.887,0.898,0.889,1.0,0.998,0.887,0.897
0.903,0.924,0.876,0.888,0.93,0.941,0.906,0.891,0.896,0.889,0.903,0.882,0.924,0.876,0.886,0.901,0.933,0.901,0.915,0.904,0.918,0.922,0.924,0.921,0.928,0.925,0.915,0.896,0.897,0.89,0.877,0.926,0.017,0.926,0.91,0.893,0.904,0.918,0.887,0.918,0.887,0.926,0.925,0.886,0.898,0.888,0.998,1.0,0.887,0.898
0.893,0.897,0.859,0.926,0.891,0.883,0.886,0.91,0.889,0.928,0.876,0.911,0.887,0.929,0.921,0.889,0.888,0.877,0.887,0.884,0.875,0.891,0.89,0.879,0.889,0.889,0.884,0.919,0.885,0.887,0.908,0.885,0.017,0.877,0.878,0.916,0.885,0.886,0.905,0.896,0.917,0.889,0.887,0.921,0.919,0.873,0.887,0.887,1.0,0.892
0.903,0.901,0.87,0.892,0.901,0.897,0.895,0.884,0.909,0.901,0.887,0.893,0.902,0.903,0.901,0.899,0.894,0.895,0.896,0.89,0.896,0.899,0.901,0.901,0.888,0.891,0.894,0.887,0.961,0.906,0.879,0.893,0.017,0.897,0.893,0.906,0.89,0.892,0.896,0.913,0.895,0.9,0.896,0.877,0.888,0.907,0.897,0.898,0.892,1.0
