GCF_000163235.1_ASM16323v1_genomic.fna,GCF_000164555.1_ASM16455v1_genomic.fna,GCF_000208545.1_ASM20854v2_genomic.fna,GCF_000233875.1_ASM23387v1_genomic.fna,GCF_000249735.1_ASM24973v2_genomic.fna,GCF_000261145.1_Esch_coli_M919_V2_genomic.fna,GCF_000267705.2_ASM26770v2_genomic.fna,GCF_000350665.1_Esch_coli_KTE5_V1_genomic.fna,GCF_000351625.1_Esch_coli_KTE66_V1_genomic.fna,GCF_000352285.1_Esch_coli_KTE46_V1_genomic.fna,GCF_000358895.1_ASM35889v1_genomic.fna,GCF_000456385.1_Esch_coli_HVH_26_4-5703913_V1_genomic.fna,GCF_000458195.1_Esch_coli_HVH_147_4-5893887_V1_genomic.fna,GCF_000459755.1_Esch_coli_KOEGE_58_171a_V1_genomic.fna,GCF_000460055.1_Esch_coli_UMEA_3053-1_V1_genomic.fna,GCF_000462165.2_ASM46216v2_genomic.fna,GCF_000601135.1_ASM60113v1_genomic.fna,GCF_000614595.1_Ec2010EL1058_genomic.fna,GCF_000617745.1_Ec2010C-4529_genomic.fna,GCF_000618265.2_EcF6751_genomic.fna,GCF_000619005.2_Ec2009C-4052_genomic.fna,GCF_000619105.1_Ec2009C-4780_genomic.fna,GCF_000619765.2_Ec2009C-3279_genomic.fna,GCF_000687005.1_ASM68700v1_genomic.fna,GCF_000687025.1_ASM68702v1_genomic.fna,GCF_000700125.1_ASM70012v1_genomic.fna,GCF_000753315.1_FHI35_genomic.fna,GCF_000776375.1_ASM77637v1_genomic.fna,GCF_000779395.1_ASM77939v1_genomic.fna,GCF_000780315.1_ASM78031v1_genomic.fna,GCF_000781995.1_ASM78199v1_genomic.fna,GCF_000986765.1_ASM98676v1_genomic.fna,GCF_001041375.1_ViralProj287958_genomic.fna,GCF_001265335.1_302014_genomic.fna,GCF_001265625.1_100854_genomic.fna,GCF_001267345.1_303289_genomic.fna,GCF_001309985.1_ASM130998v1_genomic.fna,GCF_001521695.1_ASM152169v1_genomic.fna,GCF_001592595.1_ASM159259v1_genomic.fna,GCF_001614975.1_ASM161497v1_genomic.fna,GCF_001692775.1_ASM169277v1_genomic.fna,GCF_001748915.1_ASM174891v1_genomic.fna,GCF_001749235.1_ASM174923v1_genomic.fna,GCF_001881155.1_ASM188115v1_genomic.fna,GCF_001881345.1_ASM188134v1_genomic.fna,GCF_001892405.1_ASM189240v1_genomic.fna,GCF_001892585.1_ASM189258v1_genomic.fna,GCF_001893985.1_ASM189398v1_genomic.fna,GCF_002001595.1_ASM200159v1_genomic.fna,GCF_002002145.1_ASM200214v1_genomic.fna
1.0,0.506,0.41,0.424,0.468,0.482,0.463,0.44,0.579,0.437,0.449,0.421,0.472,0.417,0.406,0.469,0.48,0.473,0.478,0.455,0.463,0.465,0.471,0.485,0.49,0.475,0.477,0.44,0.513,0.572,0.409,0.485,0.0,0.462,0.452,0.423,0.46,0.503,0.414,0.461,0.406,0.458,0.48,0.438,0.448,0.443,0.457,0.458,0.411,0.526
0.506,1.0,0.381,0.425,0.642,0.8,0.52,0.437,0.464,0.438,0.594,0.424,0.611,0.406,0.405,0.53,0.71,0.607,0.605,0.513,0.598,0.598,0.607,0.796,0.818,0.718,0.613,0.442,0.486,0.48,0.418,0.636,0.0,0.594,0.746,0.412,0.516,0.65,0.409,0.61,0.42,0.678,0.623,0.439,0.44,0.389,0.674,0.674,0.431,0.462
0.41,0.381,1.0,0.329,0.356,0.361,0.343,0.334,0.384,0.328,0.341,0.324,0.356,0.325,0.319,0.353,0.368,0.353,0.361,0.335,0.355,0.351,0.356,0.381,0.37,0.358,0.356,0.333,0.395,0.383,0.322,0.37,0.0,0.351,0.343,0.326,0.338,0.365,0.33,0.354,0.329,0.356,0.365,0.33,0.326,0.341,0.359,0.359,0.328,0.398
0.424,0.425,0.329,1.0,0.414,0.418,0.39,0.717,0.415,0.746,0.394,0.723,0.4,0.774,0.758,0.391,0.412,0.392,0.398,0.385,0.404,0.402,0.411,0.411,0.425,0.403,0.399,0.75,0.469,0.428,0.721,0.422,0.0,0.397,0.378,0.623,0.388,0.411,0.67,0.39,0.73,0.384,0.398,0.737,0.737,0.418,0.398,0.399,0.644,0.471
0.468,0.642,0.356,0.414,1.0,0.641,0.525,0.432,0.453,0.421,0.731,0.406,0.695,0.397,0.405,0.527,0.63,0.658,0.666,0.524,0.674,0.657,0.664,0.625,0.634,0.625,0.688,0.421,0.477,0.463,0.41,0.687,0.0,0.657,0.589,0.407,0.526,0.706,0.403,0.69,0.415,0.635,0.706,0.416,0.423,0.412,0.649,0.649,0.42,0.471
0.482,0.8,0.361,0.418,0.641,1.0,0.533,0.43,0.457,0.42,0.581,0.401,0.601,0.406,0.401,0.538,0.704,0.612,0.601,0.525,0.585,0.594,0.608,0.775,0.813,0.692,0.591,0.415,0.48,0.461,0.411,0.633,0.0,0.607,0.744,0.409,0.529,0.634,0.421,0.598,0.409,0.684,0.623,0.408,0.411,0.391,0.675,0.676,0.423,0.461
0.463,0.52,0.343,0.39,0.525,0.533,1.0,0.394,0.452,0.39,0.497,0.369,0.512,0.375,0.373,0.959,0.526,0.552,0.541,0.981,0.559,0.542,0.559,0.523,0.529,0.531,0.53,0.393,0.456,0.449,0.384,0.534,0.0,0.526,0.502,0.404,0.986,0.52,0.392,0.525,0.378,0.505,0.531,0.389,0.39,0.392,0.518,0.518,0.377,0.454
0.44,0.437,0.334,0.717,0.432,0.43,0.394,1.0,0.418,0.728,0.394,0.683,0.409,0.705,0.678,0.396,0.414,0.395,0.41,0.39,0.399,0.409,0.417,0.426,0.426,0.403,0.395,0.913,0.474,0.417,0.699,0.424,0.0,0.411,0.373,0.61,0.393,0.43,0.665,0.397,0.682,0.386,0.407,0.901,0.89,0.41,0.396,0.396,0.641,0.458
0.579,0.464,0.384,0.415,0.453,0.457,0.452,0.418,1.0,0.418,0.446,0.388,0.462,0.405,0.399,0.46,0.46,0.46,0.457,0.446,0.45,0.453,0.463,0.465,0.455,0.446,0.463,0.422,0.502,0.609,0.406,0.472,0.0,0.451,0.432,0.417,0.449,0.465,0.407,0.462,0.403,0.445,0.476,0.412,0.412,0.438,0.448,0.449,0.408,0.516
0.437,0.438,0.328,0.746,0.421,0.42,0.39,0.728,0.418,1.0,0.407,0.699,0.42,0.728,0.706,0.402,0.418,0.409,0.407,0.388,0.4,0.406,0.413,0.409,0.42,0.408,0.421,0.74,0.47,0.432,0.75,0.42,0.0,0.405,0.38,0.629,0.389,0.422,0.68,0.399,0.735,0.39,0.409,0.724,0.732,0.409,0.399,0.399,0.648,0.458
0.449,0.594,0.341,0.394,0.731,0.581,0.497,0.394,0.446,0.407,1.0,0.368,0.739,0.384,0.373,0.514,0.607,0.673,0.671,0.488,0.663,0.69,0.678,0.631,0.582,0.62,0.7,0.402,0.441,0.459,0.384,0.669,0.0,0.665,0.632,0.403,0.492,0.682,0.378,0.728,0.378,0.616,0.694,0.39,0.394,0.378,0.612,0.614,0.387,0.439
0.421,0.424,0.324,0.723,0.406,0.401,0.369,0.683,0.388,0.699,0.368,1.0,0.383,0.721,0.857,0.373,0.4,0.371,0.383,0.368,0.383,0.385,0.393,0.403,0.41,0.392,0.379,0.705,0.452,0.403,0.67,0.406,0.0,0.385,0.361,0.588,0.37,0.401,0.678,0.374,0.697,0.364,0.38,0.709,0.716,0.426,0.38,0.38,0.626,0.442
0.472,0.611,0.356,0.4,0.695,0.601,0.512,0.409,0.462,0.42,0.739,0.383,1.0,0.389,0.385,0.526,0.614,0.699,0.702,0.503,0.711,0.777,0.768,0.64,0.594,0.628,0.763,0.414,0.459,0.471,0.391,0.716,0.0,0.755,0.612,0.411,0.507,0.716,0.387,0.777,0.386,0.625,0.734,0.401,0.402,0.38,0.628,0.63,0.398,0.458
0.417,0.406,0.325,0.774,0.397,0.406,0.375,0.705,0.405,0.728,0.384,0.721,0.389,1.0,0.752,0.383,0.398,0.386,0.388,0.372,0.381,0.398,0.404,0.396,0.402,0.388,0.39,0.741,0.459,0.409,0.707,0.405,0.0,0.39,0.373,0.62,0.374,0.405,0.673,0.378,0.717,0.368,0.392,0.721,0.723,0.414,0.388,0.389,0.642,0.454
0.406,0.405,0.319,0.758,0.405,0.401,0.373,0.678,0.399,0.706,0.373,0.857,0.385,0.752,1.0,0.371,0.395,0.379,0.385,0.373,0.381,0.393,0.397,0.389,0.398,0.384,0.383,0.701,0.45,0.401,0.701,0.402,0.0,0.381,0.364,0.598,0.374,0.4,0.696,0.373,0.713,0.367,0.39,0.704,0.706,0.426,0.392,0.392,0.641,0.462
0.469,0.53,0.353,0.391,0.527,0.538,0.959,0.396,0.46,0.402,0.514,0.373,0.526,0.383,0.371,1.0,0.538,0.547,0.548,0.947,0.543,0.55,0.559,0.54,0.534,0.545,0.536,0.4,0.453,0.462,0.383,0.537,0.0,0.533,0.512,0.411,0.951,0.528,0.394,0.542,0.379,0.518,0.54,0.39,0.396,0.393,0.534,0.534,0.381,0.453
0.48,0.71,0.368,0.412,0.63,0.704,0.526,0.414,0.46,0.418,0.607,0.4,0.614,0.398,0.395,0.538,1.0,0.61,0.609,0.514,0.591,0.629,0.628,0.741,0.729,0.759,0.614,0.413,0.47,0.47,0.395,0.656,0.0,0.625,0.681,0.412,0.519,0.621,0.408,0.621,0.39,0.672,0.639,0.406,0.414,0.384,0.679,0.682,0.404,0.456
0.473,0.607,0.353,0.392,0.658,0.612,0.552,0.395,0.46,0.409,0.673,0.371,0.699,0.386,0.379,0.547,0.61,1.0,0.745,0.545,0.702,0.72,0.738,0.617,0.602,0.599,0.701,0.4,0.456,0.462,0.389,0.695,0.0,0.685,0.591,0.422,0.547,0.677,0.392,0.7,0.383,0.616,0.697,0.387,0.388,0.384,0.62,0.622,0.386,0.458
0.478,0.605,0.361,0.398,0.666,0.601,0.541,0.41,0.457,0.407,0.671,0.383,0.702,0.388,0.385,0.548,0.609,0.745,1.0,0.532,0.721,0.733,0.733,0.617,0.604,0.603,0.695,0.408,0.455,0.462,0.389,0.712,0.0,0.685,0.588,0.417,0.536,0.685,0.394,0.703,0.386,0.618,0.692,0.398,0.398,0.394,0.619,0.62,0.399,0.454
0.455,0.513,0.335,0.385,0.524,0.525,0.981,0.39,0.446,0.388,0.488,0.368,0.503,0.372,0.373,0.947,0.514,0.545,0.532,1.0,0.548,0.533,0.552,0.512,0.521,0.519,0.521,0.389,0.447,0.441,0.384,0.525,0.0,0.516,0.492,0.399,0.992,0.511,0.391,0.516,0.378,0.496,0.523,0.387,0.388,0.391,0.511,0.511,0.377,0.449
0.463,0.598,0.355,0.404,0.674,0.585,0.559,0.399,0.45,0.4,0.663,0.383,0.711,0.381,0.381,0.543,0.591,0.702,0.721,0.548,1.0,0.725,0.751,0.602,0.597,0.598,0.714,0.404,0.443,0.448,0.387,0.722,0.0,0.707,0.574,0.414,0.552,0.697,0.39,0.709,0.391,0.588,0.71,0.393,0.394,0.401,0.605,0.605,0.395,0.456
0.465,0.598,0.351,0.402,0.657,0.594,0.542,0.409,0.453,0.406,0.69,0.385,0.777,0.398,0.393,0.55,0.629,0.72,0.733,0.533,0.725,1.0,0.923,0.625,0.597,0.612,0.744,0.416,0.451,0.463,0.391,0.733,0.0,0.867,0.59,0.414,0.537,0.713,0.398,0.735,0.388,0.612,0.74,0.406,0.406,0.388,0.607,0.607,0.4,0.456
0.471,0.607,0.356,0.411,0.664,0.608,0.559,0.417,0.463,0.413,0.678,0.393,0.768,0.404,0.397,0.559,0.628,0.738,0.733,0.552,0.751,0.923,1.0,0.621,0.614,0.609,0.737,0.424,0.458,0.461,0.396,0.75,0.0,0.862,0.59,0.422,0.553,0.725,0.405,0.726,0.394,0.623,0.744,0.414,0.414,0.391,0.614,0.614,0.405,0.461
0.485,0.796,0.381,0.411,0.625,0.775,0.523,0.426,0.465,0.409,0.631,0.403,0.64,0.396,0.389,0.54,0.741,0.617,0.617,0.512,0.602,0.625,0.621,1.0,0.804,0.744,0.635,0.419,0.459,0.48,0.398,0.633,0.0,0.624,0.79,0.407,0.517,0.625,0.399,0.641,0.398,0.697,0.632,0.405,0.411,0.385,0.691,0.693,0.398,0.46
0.49,0.818,0.37,0.425,0.634,0.813,0.529,0.426,0.455,0.42,0.582,0.41,0.594,0.402,0.398,0.534,0.729,0.602,0.604,0.521,0.597,0.597,0.614,0.804,1.0,0.733,0.604,0.422,0.469,0.464,0.402,0.645,0.0,0.596,0.761,0.406,0.525,0.63,0.412,0.598,0.402,0.681,0.625,0.425,0.42,0.397,0.685,0.686,0.425,0.456
0.475,0.718,0.358,0.403,0.625,0.692,0.531,0.403,0.446,0.408,0.62,0.392,0.628,0.388,0.384,0.545,0.759,0.599,0.603,0.519,0.598,0.612,0.609,0.744,0.733,1.0,0.622,0.411,0.447,0.466,0.386,0.615,0.0,0.604,0.697,0.401,0.525,0.62,0.383,0.64,0.384,0.673,0.615,0.41,0.408,0.38,0.677,0.679,0.404,0.443
0.477,0.613,0.356,0.399,0.688,0.591,0.53,0.395,0.463,0.421,0.7,0.379,0.763,0.39,0.383,0.536,0.614,0.701,0.695,0.521,0.714,0.744,0.737,0.635,0.604,0.622,1.0,0.402,0.456,0.463,0.399,0.723,0.0,0.724,0.594,0.41,0.525,0.808,0.381,0.76,0.393,0.61,0.821,0.394,0.391,0.39,0.604,0.604,0.392,0.456
0.44,0.442,0.333,0.75,0.421,0.415,0.393,0.913,0.422,0.74,0.402,0.705,0.414,0.741,0.701,0.4,0.413,0.4,0.408,0.389,0.404,0.416,0.424,0.419,0.422,0.411,0.402,1.0,0.469,0.427,0.701,0.424,0.0,0.409,0.377,0.615,0.391,0.436,0.658,0.4,0.707,0.382,0.404,0.963,0.951,0.411,0.401,0.401,0.649,0.457
0.513,0.486,0.395,0.469,0.477,0.48,0.456,0.474,0.502,0.47,0.441,0.452,0.459,0.459,0.45,0.453,0.47,0.456,0.455,0.447,0.443,0.451,0.458,0.459,0.469,0.447,0.456,0.469,1.0,0.502,0.447,0.478,0.0,0.449,0.426,0.462,0.452,0.477,0.457,0.448,0.438,0.433,0.457,0.459,0.46,0.557,0.446,0.446,0.453,0.84
0.572,0.48,0.383,0.428,0.463,0.461,0.449,0.417,0.609,0.432,0.459,0.403,0.471,0.409,0.401,0.462,0.47,0.462,0.462,0.441,0.448,0.463,0.461,0.48,0.464,0.466,0.463,0.427,0.502,1.0,0.403,0.456,0.0,0.451,0.447,0.42,0.445,0.462,0.413,0.472,0.402,0.451,0.469,0.415,0.419,0.461,0.473,0.473,0.408,0.51
0.409,0.418,0.322,0.721,0.41,0.411,0.384,0.699,0.406,0.75,0.384,0.67,0.391,0.707,0.701,0.383,0.395,0.389,0.389,0.384,0.387,0.391,0.396,0.398,0.402,0.386,0.399,0.701,0.447,0.403,1.0,0.41,0.0,0.389,0.367,0.611,0.385,0.404,0.657,0.379,0.883,0.38,0.385,0.701,0.703,0.41,0.388,0.388,0.658,0.445
0.485,0.636,0.37,0.422,0.687,0.633,0.534,0.424,0.472,0.42,0.669,0.406,0.716,0.405,0.402,0.537,0.656,0.695,0.712,0.525,0.722,0.733,0.75,0.633,0.645,0.615,0.723,0.424,0.478,0.456,0.41,1.0,0.0,0.721,0.585,0.412,0.528,0.758,0.416,0.731,0.406,0.633,0.749,0.416,0.42,0.394,0.637,0.638,0.412,0.462
0.0,0.0,0.0,0.0,0.0,0.0,0.0,0.0,0.0,0.0,0.0,0.0,0.0,0.0,0.0,0.0,0.0,0.0,0.0,0.0,0.0,0.0,0.0,0.0,0.0,0.0,0.0,0.0,0.0,0.0,0.0,0.0,1.0,0.0,0.0,0.0,0.0,0.0,0.0,0.0,0.0,0.0,0.0,0.0,0.0,0.0,0.0,0.0,0.0,0.0
0.462,0.594,0.351,0.397,0.657,0.607,0.526,0.411,0.451,0.405,0.665,0.385,0.755,0.39,0.381,0.533,0.625,0.685,0.685,0.516,0.707,0.867,0.862,0.624,0.596,0.604,0.724,0.409,0.449,0.451,0.389,0.721,0.0,1.0,0.581,0.42,0.521,0.708,0.399,0.714,0.384,0.609,0.735,0.399,0.407,0.377,0.611,0.612,0.391,0.453
0.452,0.746,0.343,0.378,0.589,0.744,0.502,0.373,0.432,0.38,0.632,0.361,0.612,0.373,0.364,0.512,0.681,0.591,0.588,0.492,0.574,0.59,0.59,0.79,0.761,0.697,0.594,0.377,0.426,0.447,0.367,0.585,0.0,0.581,1.0,0.385,0.497,0.582,0.375,0.608,0.363,0.66,0.599,0.363,0.366,0.358,0.644,0.647,0.369,0.429
0.423,0.412,0.326,0.623,0.407,0.409,0.404,0.61,0.417,0.629,0.403,0.588,0.411,0.62,0.598,0.411,0.412,0.422,0.417,0.399,0.414,0.414,0.422,0.407,0.406,0.401,0.41,0.615,0.462,0.42,0.611,0.412,0.0,0.42,0.385,1.0,0.402,0.401,0.632,0.406,0.604,0.395,0.399,0.603,0.607,0.405,0.407,0.407,0.594,0.463
0.46,0.516,0.338,0.388,0.526,0.529,0.986,0.393,0.449,0.389,0.492,0.37,0.507,0.374,0.374,0.951,0.519,0.547,0.536,0.992,0.552,0.537,0.553,0.517,0.525,0.525,0.525,0.391,0.452,0.445,0.385,0.528,0.0,0.521,0.497,0.402,1.0,0.514,0.393,0.52,0.379,0.499,0.525,0.39,0.391,0.392,0.513,0.513,0.378,0.452
0.503,0.65,0.365,0.411,0.706,0.634,0.52,0.43,0.465,0.422,0.682,0.401,0.716,0.405,0.4,0.528,0.621,0.677,0.685,0.511,0.697,0.713,0.725,0.625,0.63,0.62,0.808,0.436,0.477,0.462,0.404,0.758,0.0,0.708,0.582,0.401,0.514,1.0,0.404,0.729,0.4,0.626,0.846,0.424,0.419,0.393,0.617,0.617,0.412,0.465
0.414,0.409,0.33,0.67,0.403,0.421,0.392,0.665,0.407,0.68,0.378,0.678,0.387,0.673,0.696,0.394,0.408,0.392,0.394,0.391,0.39,0.398,0.405,0.399,0.412,0.383,0.381,0.658,0.457,0.413,0.657,0.416,0.0,0.399,0.375,0.632,0.393,0.404,1.0,0.374,0.658,0.379,0.385,0.662,0.669,0.423,0.39,0.39,0.617,0.453
0.461,0.61,0.354,0.39,0.69,0.598,0.525,0.397,0.462,0.399,0.728,0.374,0.777,0.378,0.373,0.542,0.621,0.7,0.703,0.516,0.709,0.735,0.726,0.641,0.598,0.64,0.76,0.4,0.448,0.472,0.379,0.731,0.0,0.714,0.608,0.406,0.52,0.729,0.374,1.0,0.378,0.622,0.752,0.386,0.391,0.392,0.634,0.636,0.388,0.462
0.406,0.42,0.329,0.73,0.415,0.409,0.378,0.682,0.403,0.735,0.378,0.697,0.386,0.717,0.713,0.379,0.39,0.383,0.386,0.378,0.391,0.388,0.394,0.398,0.402,0.384,0.393,0.707,0.438,0.402,0.883,0.406,0.0,0.384,0.363,0.604,0.379,0.4,0.658,0.378,1.0,0.379,0.381,0.709,0.708,0.418,0.384,0.385,0.65,0.447
0.458,0.678,0.356,0.384,0.635,0.684,0.505,0.386,0.445,0.39,0.616,0.364,0.625,0.368,0.367,0.518,0.672,0.616,0.618,0.496,0.588,0.612,0.623,0.697,0.681,0.673,0.61,0.382,0.433,0.451,0.38,0.633,0.0,0.609,0.66,0.395,0.499,0.626,0.379,0.622,0.379,1.0,0.647,0.374,0.375,0.37,0.711,0.713,0.381,0.427
0.48,0.623,0.365,0.398,0.706,0.623,0.531,0.407,0.476,0.409,0.694,0.38,0.734,0.392,0.39,0.54,0.639,0.697,0.692,0.523,0.71,0.74,0.744,0.632,0.625,0.615,0.821,0.404,0.457,0.469,0.385,0.749,0.0,0.735,0.599,0.399,0.525,0.846,0.385,0.752,0.381,0.647,1.0,0.394,0.391,0.385,0.621,0.623,0.394,0.455
0.438,0.439,0.33,0.737,0.416,0.408,0.389,0.901,0.412,0.724,0.39,0.709,0.401,0.721,0.704,0.39,0.406,0.387,0.398,0.387,0.393,0.406,0.414,0.405,0.425,0.41,0.394,0.963,0.459,0.415,0.701,0.416,0.0,0.399,0.363,0.603,0.39,0.424,0.662,0.386,0.709,0.374,0.394,1.0,0.968,0.416,0.387,0.388,0.655,0.448
0.448,0.44,0.326,0.737,0.423,0.411,0.39,0.89,0.412,0.732,0.394,0.716,0.402,0.723,0.706,0.396,0.414,0.388,0.398,0.388,0.394,0.406,0.414,0.411,0.42,0.408,0.391,0.951,0.46,0.419,0.703,0.42,0.0,0.407,0.366,0.607,0.391,0.419,0.669,0.391,0.708,0.375,0.391,0.968,1.0,0.415,0.394,0.394,0.65,0.452
0.443,0.389,0.341,0.418,0.412,0.391,0.392,0.41,0.438,0.409,0.378,0.426,0.38,0.414,0.426,0.393,0.384,0.384,0.394,0.391,0.401,0.388,0.391,0.385,0.397,0.38,0.39,0.411,0.557,0.461,0.41,0.394,0.0,0.377,0.358,0.405,0.392,0.393,0.423,0.392,0.418,0.37,0.385,0.416,0.415,1.0,0.407,0.408,0.421,0.608
0.457,0.674,0.359,0.398,0.649,0.675,0.518,0.396,0.448,0.399,0.612,0.38,0.628,0.388,0.392,0.534,0.679,0.62,0.619,0.511,0.605,0.607,0.614,0.691,0.685,0.677,0.604,0.401,0.446,0.473,0.388,0.637,0.0,0.611,0.644,0.407,0.513,0.617,0.39,0.634,0.384,0.711,0.621,0.387,0.394,0.407,1.0,0.997,0.398,0.458
0.458,0.674,0.359,0.399,0.649,0.676,0.518,0.396,0.449,0.399,0.614,0.38,0.63,0.389,0.392,0.534,0.682,0.622,0.62,0.511,0.605,0.607,0.614,0.693,0.686,0.679,0.604,0.401,0.446,0.473,0.388,0.638,0.0,0.612,0.647,0.407,0.513,0.617,0.39,0.636,0.385,0.713,0.623,0.388,0.394,0.408,0.997,1.0,0.398,0.459
0.411,0.431,0.328,0.644,0.42,0.423,0.377,0.641,0.408,0.648,0.387,0.626,0.398,0.642,0.641,0.381,0.404,0.386,0.399,0.377,0.395,0.4,0.405,0.398,0.425,0.404,0.392,0.649,0.453,0.408,0.658,0.412,0.0,0.391,0.369,0.594,0.378,0.412,0.617,0.388,0.65,0.381,0.394,0.655,0.65,0.421,0.398,0.398,1.0,0.454
0.526,0.462,0.398,0.471,0.471,0.461,0.454,0.458,0.516,0.458,0.439,0.442,0.458,0.454,0.462,0.453,0.456,0.458,0.454,0.449,0.456,0.456,0.461,0.46,0.456,0.443,0.456,0.457,0.84,0.51,0.445,0.462,0.0,0.453,0.429,0.463,0.452,0.465,0.453,0.462,0.447,0.427,0.455,0.448,0.452,0.608,0.458,0.459,0.454,1.0
