GCF_000163235.1_ASM16323v1_genomic.fna,GCF_000164555.1_ASM16455v1_genomic.fna,GCF_000208545.1_ASM20854v2_genomic.fna,GCF_000233875.1_ASM23387v1_genomic.fna,GCF_000249735.1_ASM24973v2_genomic.fna,GCF_000261145.1_Esch_coli_M919_V2_genomic.fna,GCF_000267705.2_ASM26770v2_genomic.fna,GCF_000350665.1_Esch_coli_KTE5_V1_genomic.fna,GCF_000351625.1_Esch_coli_KTE66_V1_genomic.fna,GCF_000352285.1_Esch_coli_KTE46_V1_genomic.fna,GCF_000358895.1_ASM35889v1_genomic.fna,GCF_000456385.1_Esch_coli_HVH_26_4-5703913_V1_genomic.fna,GCF_000458195.1_Esch_coli_HVH_147_4-5893887_V1_genomic.fna,GCF_000459755.1_Esch_coli_KOEGE_58_171a_V1_genomic.fna,GCF_000460055.1_Esch_coli_UMEA_3053-1_V1_genomic.fna,GCF_000462165.2_ASM46216v2_genomic.fna,GCF_000601135.1_ASM60113v1_genomic.fna,GCF_000614595.1_Ec2010EL1058_genomic.fna,GCF_000617745.1_Ec2010C-4529_genomic.fna,GCF_000618265.2_EcF6751_genomic.fna,GCF_000619005.2_Ec2009C-4052_genomic.fna,GCF_000619105.1_Ec2009C-4780_genomic.fna,GCF_000619765.2_Ec2009C-3279_genomic.fna,GCF_000687005.1_ASM68700v1_genomic.fna,GCF_000687025.1_ASM68702v1_genomic.fna,GCF_000700125.1_ASM70012v1_genomic.fna,GCF_000753315.1_FHI35_genomic.fna,GCF_000776375.1_ASM77637v1_genomic.fna,GCF_000779395.1_ASM77939v1_genomic.fna,GCF_000780315.1_ASM78031v1_genomic.fna,GCF_000781995.1_ASM78199v1_genomic.fna,GCF_000986765.1_ASM98676v1_genomic.fna,GCF_001041375.1_ViralProj287958_genomic.fna,GCF_001265335.1_302014_genomic.fna,GCF_001265625.1_100854_genomic.fna,GCF_001267345.1_303289_genomic.fna,GCF_001309985.1_ASM130998v1_genomic.fna,GCF_001521695.1_ASM152169v1_genomic.fna,GCF_001592595.1_ASM159259v1_genomic.fna,GCF_001614975.1_ASM161497v1_genomic.fna,GCF_001692775.1_ASM169277v1_genomic.fna,GCF_001748915.1_ASM174891v1_genomic.fna,GCF_001749235.1_ASM174923v1_genomic.fna,GCF_001881155.1_ASM188115v1_genomic.fna,GCF_001881345.1_ASM188134v1_genomic.fna,GCF_001892405.1_ASM189240v1_genomic.fna,GCF_001892585.1_ASM189258v1_genomic.fna,GCF_001893985.1_ASM189398v1_genomic.fna,GCF_002001595.1_ASM200159v1_genomic.fna,GCF_002002145.1_ASM200214v1_genomic.fna
1.0,0.479,0.406,0.432,0.494,0.471,0.498,0.42,0.599,0.424,0.457,0.442,0.472,0.431,0.415,0.5,0.461,0.472,0.477,0.492,0.471,0.463,0.48,0.458,0.467,0.48,0.473,0.417,0.517,0.591,0.422,0.487,0.0,0.465,0.441,0.418,0.494,0.496,0.416,0.481,0.427,0.459,0.489,0.415,0.427,0.485,0.461,0.462,0.398,0.53
0.479,1.0,0.362,0.416,0.633,0.785,0.519,0.41,0.458,0.401,0.603,0.414,0.604,0.397,0.384,0.53,0.696,0.61,0.596,0.516,0.586,0.606,0.61,0.793,0.816,0.737,0.599,0.409,0.46,0.457,0.392,0.61,0.0,0.604,0.765,0.386,0.515,0.63,0.389,0.61,0.403,0.679,0.612,0.424,0.419,0.424,0.688,0.69,0.416,0.469
0.406,0.362,1.0,0.331,0.376,0.366,0.375,0.326,0.4,0.328,0.346,0.332,0.368,0.34,0.321,0.383,0.365,0.368,0.368,0.37,0.36,0.369,0.377,0.351,0.367,0.366,0.369,0.324,0.386,0.397,0.325,0.385,0.0,0.374,0.331,0.333,0.372,0.378,0.339,0.372,0.33,0.356,0.385,0.332,0.326,0.347,0.367,0.367,0.334,0.393
0.432,0.416,0.331,1.0,0.43,0.408,0.418,0.706,0.411,0.718,0.405,0.725,0.423,0.774,0.754,0.419,0.408,0.43,0.421,0.412,0.412,0.431,0.436,0.403,0.414,0.417,0.413,0.751,0.444,0.427,0.715,0.443,0.0,0.419,0.39,0.619,0.412,0.425,0.668,0.423,0.737,0.403,0.426,0.738,0.729,0.427,0.411,0.412,0.665,0.461
0.494,0.633,0.376,0.43,1.0,0.652,0.536,0.424,0.474,0.419,0.745,0.421,0.692,0.426,0.42,0.543,0.628,0.678,0.676,0.531,0.675,0.673,0.692,0.615,0.631,0.639,0.698,0.418,0.471,0.475,0.418,0.695,0.0,0.684,0.608,0.419,0.532,0.694,0.421,0.699,0.429,0.619,0.705,0.421,0.428,0.435,0.666,0.667,0.416,0.472
0.471,0.785,0.366,0.408,0.652,1.0,0.537,0.419,0.462,0.393,0.598,0.401,0.615,0.397,0.394,0.549,0.702,0.626,0.621,0.532,0.598,0.595,0.621,0.772,0.801,0.702,0.605,0.4,0.476,0.464,0.395,0.628,0.0,0.617,0.767,0.41,0.533,0.629,0.426,0.615,0.399,0.678,0.624,0.408,0.413,0.428,0.701,0.702,0.401,0.475
0.498,0.519,0.375,0.418,0.536,0.537,1.0,0.401,0.483,0.397,0.492,0.406,0.516,0.407,0.401,0.962,0.521,0.563,0.562,0.984,0.587,0.556,0.58,0.516,0.524,0.535,0.534,0.391,0.446,0.468,0.396,0.56,0.0,0.544,0.506,0.412,0.989,0.543,0.414,0.529,0.402,0.508,0.55,0.394,0.395,0.437,0.504,0.505,0.39,0.463
0.42,0.41,0.326,0.706,0.424,0.419,0.401,1.0,0.403,0.698,0.395,0.699,0.422,0.696,0.693,0.403,0.405,0.427,0.422,0.396,0.404,0.41,0.421,0.406,0.396,0.403,0.416,0.896,0.46,0.425,0.7,0.432,0.0,0.411,0.384,0.612,0.396,0.431,0.676,0.427,0.708,0.39,0.424,0.904,0.897,0.428,0.409,0.411,0.658,0.452
0.599,0.458,0.4,0.411,0.474,0.462,0.483,0.403,1.0,0.407,0.454,0.414,0.461,0.423,0.415,0.483,0.45,0.47,0.46,0.478,0.462,0.456,0.463,0.455,0.447,0.463,0.468,0.401,0.506,0.613,0.417,0.476,0.0,0.456,0.434,0.427,0.478,0.474,0.409,0.472,0.422,0.448,0.483,0.403,0.404,0.473,0.46,0.46,0.4,0.53
0.424,0.401,0.328,0.718,0.419,0.393,0.397,0.698,0.407,1.0,0.418,0.67,0.43,0.731,0.686,0.402,0.397,0.411,0.401,0.392,0.4,0.408,0.405,0.405,0.394,0.407,0.407,0.731,0.442,0.42,0.722,0.412,0.0,0.402,0.39,0.621,0.392,0.408,0.663,0.423,0.74,0.399,0.411,0.711,0.715,0.412,0.4,0.401,0.668,0.446
0.457,0.603,0.346,0.405,0.745,0.598,0.492,0.395,0.454,0.418,1.0,0.383,0.718,0.405,0.385,0.502,0.606,0.684,0.663,0.488,0.646,0.683,0.671,0.65,0.601,0.63,0.672,0.406,0.441,0.454,0.388,0.658,0.0,0.667,0.637,0.4,0.489,0.654,0.396,0.702,0.395,0.628,0.673,0.392,0.392,0.406,0.623,0.623,0.393,0.449
0.442,0.414,0.332,0.725,0.421,0.401,0.406,0.699,0.414,0.67,0.383,1.0,0.414,0.695,0.859,0.409,0.39,0.404,0.407,0.401,0.401,0.406,0.419,0.386,0.395,0.399,0.405,0.706,0.458,0.422,0.696,0.423,0.0,0.404,0.37,0.61,0.402,0.431,0.684,0.413,0.706,0.38,0.424,0.707,0.714,0.43,0.401,0.402,0.646,0.462
0.472,0.604,0.368,0.423,0.692,0.615,0.516,0.422,0.461,0.43,0.718,0.414,1.0,0.422,0.405,0.529,0.606,0.703,0.706,0.51,0.689,0.767,0.757,0.631,0.612,0.615,0.731,0.42,0.448,0.47,0.403,0.699,0.0,0.743,0.615,0.411,0.513,0.709,0.42,0.755,0.412,0.631,0.733,0.41,0.408,0.413,0.636,0.636,0.407,0.461
0.431,0.397,0.34,0.774,0.426,0.397,0.407,0.696,0.423,0.731,0.405,0.695,0.422,1.0,0.733,0.411,0.41,0.421,0.415,0.402,0.401,0.422,0.417,0.395,0.4,0.416,0.413,0.743,0.46,0.414,0.711,0.412,0.0,0.405,0.383,0.606,0.402,0.422,0.67,0.419,0.731,0.405,0.417,0.72,0.715,0.434,0.403,0.405,0.661,0.464
0.415,0.384,0.321,0.754,0.42,0.394,0.401,0.693,0.415,0.686,0.385,0.859,0.405,0.733,1.0,0.403,0.387,0.404,0.409,0.396,0.398,0.404,0.415,0.373,0.386,0.397,0.405,0.71,0.452,0.41,0.729,0.414,0.0,0.396,0.366,0.621,0.396,0.415,0.684,0.406,0.739,0.374,0.413,0.71,0.713,0.432,0.399,0.401,0.662,0.469
0.5,0.53,0.383,0.419,0.543,0.549,0.962,0.403,0.483,0.402,0.502,0.409,0.529,0.411,0.403,1.0,0.525,0.566,0.574,0.955,0.571,0.567,0.583,0.52,0.533,0.54,0.541,0.393,0.451,0.478,0.398,0.55,0.0,0.555,0.513,0.415,0.956,0.547,0.421,0.542,0.403,0.521,0.558,0.395,0.396,0.435,0.518,0.519,0.395,0.469
0.461,0.696,0.365,0.408,0.628,0.702,0.521,0.405,0.45,0.397,0.606,0.39,0.606,0.41,0.387,0.525,1.0,0.611,0.596,0.513,0.588,0.634,0.623,0.72,0.715,0.753,0.594,0.402,0.454,0.452,0.387,0.629,0.0,0.621,0.684,0.402,0.515,0.597,0.407,0.612,0.393,0.673,0.609,0.404,0.407,0.409,0.691,0.693,0.387,0.456
0.472,0.61,0.368,0.43,0.678,0.626,0.563,0.427,0.47,0.411,0.684,0.404,0.703,0.421,0.404,0.566,0.611,1.0,0.764,0.557,0.722,0.725,0.732,0.612,0.604,0.614,0.702,0.42,0.454,0.473,0.411,0.694,0.0,0.695,0.592,0.427,0.558,0.668,0.427,0.706,0.421,0.62,0.69,0.424,0.424,0.418,0.63,0.631,0.41,0.465
0.477,0.596,0.368,0.421,0.676,0.621,0.562,0.422,0.46,0.401,0.663,0.407,0.706,0.415,0.409,0.574,0.596,0.764,1.0,0.556,0.726,0.719,0.732,0.587,0.591,0.604,0.711,0.405,0.464,0.466,0.407,0.701,0.0,0.69,0.586,0.422,0.557,0.688,0.43,0.706,0.41,0.604,0.707,0.407,0.412,0.424,0.614,0.615,0.4,0.472
0.492,0.516,0.37,0.412,0.531,0.532,0.984,0.396,0.478,0.392,0.488,0.401,0.51,0.402,0.396,0.955,0.513,0.557,0.556,1.0,0.579,0.552,0.574,0.511,0.521,0.529,0.528,0.385,0.443,0.464,0.391,0.552,0.0,0.54,0.501,0.405,0.99,0.538,0.406,0.525,0.398,0.504,0.544,0.388,0.389,0.435,0.499,0.5,0.385,0.458
0.471,0.586,0.36,0.412,0.675,0.598,0.587,0.404,0.462,0.4,0.646,0.401,0.689,0.401,0.398,0.571,0.588,0.722,0.726,0.579,1.0,0.721,0.744,0.574,0.577,0.595,0.709,0.399,0.444,0.458,0.398,0.724,0.0,0.716,0.565,0.421,0.583,0.697,0.414,0.703,0.404,0.583,0.71,0.405,0.408,0.43,0.597,0.598,0.392,0.46
0.463,0.606,0.369,0.431,0.673,0.595,0.556,0.41,0.456,0.408,0.683,0.406,0.767,0.422,0.404,0.567,0.634,0.725,0.719,0.552,0.721,1.0,0.913,0.61,0.604,0.622,0.717,0.412,0.434,0.461,0.402,0.713,0.0,0.861,0.592,0.415,0.552,0.7,0.422,0.746,0.409,0.615,0.727,0.409,0.407,0.409,0.621,0.622,0.407,0.458
0.48,0.61,0.377,0.436,0.692,0.621,0.58,0.421,0.463,0.405,0.671,0.419,0.757,0.417,0.415,0.583,0.623,0.732,0.732,0.574,0.744,0.913,1.0,0.601,0.601,0.614,0.736,0.416,0.448,0.464,0.418,0.741,0.0,0.862,0.581,0.433,0.577,0.714,0.435,0.745,0.423,0.604,0.735,0.419,0.419,0.413,0.613,0.614,0.406,0.467
0.458,0.793,0.351,0.403,0.615,0.772,0.516,0.406,0.455,0.405,0.65,0.386,0.631,0.395,0.373,0.52,0.72,0.612,0.587,0.511,0.574,0.61,0.601,1.0,0.812,0.724,0.59,0.402,0.451,0.444,0.384,0.61,0.0,0.602,0.835,0.384,0.511,0.599,0.382,0.606,0.391,0.707,0.599,0.395,0.394,0.41,0.685,0.686,0.385,0.457
0.467,0.816,0.367,0.414,0.631,0.801,0.524,0.396,0.447,0.394,0.601,0.395,0.612,0.4,0.386,0.533,0.715,0.604,0.591,0.521,0.577,0.604,0.601,0.812,1.0,0.751,0.588,0.398,0.449,0.447,0.385,0.614,0.0,0.603,0.795,0.381,0.52,0.611,0.391,0.593,0.396,0.685,0.603,0.407,0.401,0.42,0.686,0.688,0.411,0.454
0.48,0.737,0.366,0.417,0.639,0.702,0.535,0.403,0.463,0.407,0.63,0.399,0.615,0.416,0.397,0.54,0.753,0.614,0.604,0.529,0.595,0.622,0.614,0.724,0.751,1.0,0.602,0.398,0.464,0.459,0.405,0.619,0.0,0.614,0.696,0.408,0.532,0.608,0.41,0.623,0.414,0.692,0.604,0.413,0.404,0.418,0.701,0.702,0.424,0.471
0.473,0.599,0.369,0.413,0.698,0.605,0.534,0.416,0.468,0.407,0.672,0.405,0.731,0.413,0.405,0.541,0.594,0.702,0.711,0.528,0.709,0.717,0.736,0.59,0.588,0.602,1.0,0.401,0.457,0.464,0.408,0.724,0.0,0.71,0.577,0.405,0.531,0.808,0.406,0.748,0.412,0.595,0.832,0.405,0.405,0.424,0.603,0.604,0.404,0.46
0.417,0.409,0.324,0.751,0.418,0.4,0.391,0.896,0.401,0.731,0.406,0.706,0.42,0.743,0.71,0.393,0.402,0.42,0.405,0.385,0.399,0.412,0.416,0.402,0.398,0.398,0.401,1.0,0.451,0.42,0.7,0.425,0.0,0.401,0.385,0.61,0.386,0.425,0.668,0.414,0.721,0.394,0.417,0.953,0.937,0.422,0.404,0.404,0.667,0.446
0.517,0.46,0.386,0.444,0.471,0.476,0.446,0.46,0.506,0.442,0.441,0.458,0.448,0.46,0.452,0.451,0.454,0.454,0.464,0.443,0.444,0.434,0.448,0.451,0.449,0.464,0.457,0.451,1.0,0.489,0.452,0.466,0.0,0.446,0.439,0.449,0.443,0.461,0.461,0.462,0.455,0.435,0.455,0.451,0.461,0.555,0.457,0.457,0.44,0.84
0.591,0.457,0.397,0.427,0.475,0.464,0.468,0.425,0.613,0.42,0.454,0.422,0.47,0.414,0.41,0.478,0.452,0.473,0.466,0.464,0.458,0.461,0.464,0.444,0.447,0.459,0.464,0.42,0.489,1.0,0.414,0.457,0.0,0.459,0.438,0.424,0.466,0.466,0.424,0.486,0.419,0.459,0.463,0.424,0.425,0.456,0.46,0.46,0.403,0.504
0.422,0.392,0.325,0.715,0.418,0.395,0.396,0.7,0.417,0.722,0.388,0.696,0.403,0.711,0.729,0.398,0.387,0.411,0.407,0.391,0.398,0.402,0.418,0.384,0.385,0.405,0.408,0.7,0.452,0.414,1.0,0.421,0.0,0.405,0.37,0.614,0.392,0.423,0.672,0.412,0.905,0.387,0.415,0.702,0.708,0.429,0.395,0.396,0.655,0.452
0.487,0.61,0.385,0.443,0.695,0.628,0.56,0.432,0.476,0.412,0.658,0.423,0.699,0.412,0.414,0.55,0.629,0.694,0.701,0.552,0.724,0.713,0.741,0.61,0.614,0.619,0.724,0.425,0.466,0.457,0.421,1.0,0.0,0.718,0.583,0.418,0.555,0.738,0.435,0.742,0.418,0.607,0.741,0.432,0.436,0.44,0.628,0.629,0.412,0.476
0.0,0.0,0.0,0.0,0.0,0.0,0.0,0.0,0.0,0.0,0.0,0.0,0.0,0.0,0.0,0.0,0.0,0.0,0.0,0.0,0.0,0.0,0.0,0.0,0.0,0.0,0.0,0.0,0.0,0.0,0.0,0.0,1.0,0.0,0.0,0.0,0.0,0.0,0.0,0.0,0.0,0.0,0.0,0.0,0.0,0.0,0.0,0.0,0.0,0.0
0.465,0.604,0.374,0.419,0.684,0.617,0.544,0.411,0.456,0.402,0.667,0.404,0.743,0.405,0.396,0.555,0.621,0.695,0.69,0.54,0.716,0.861,0.862,0.602,0.603,0.614,0.71,0.401,0.446,0.459,0.405,0.718,0.0,1.0,0.584,0.435,0.542,0.703,0.434,0.74,0.408,0.609,0.72,0.406,0.413,0.41,0.619,0.62,0.397,0.46
0.441,0.765,0.331,0.39,0.608,0.767,0.506,0.384,0.434,0.39,0.637,0.37,0.615,0.383,0.366,0.513,0.684,0.592,0.586,0.501,0.565,0.592,0.581,0.835,0.795,0.696,0.577,0.385,0.439,0.438,0.37,0.583,0.0,0.584,1.0,0.378,0.501,0.58,0.381,0.595,0.381,0.68,0.592,0.379,0.385,0.396,0.656,0.657,0.381,0.436
0.418,0.386,0.333,0.619,0.419,0.41,0.412,0.612,0.427,0.621,0.4,0.61,0.411,0.606,0.621,0.415,0.402,0.427,0.422,0.405,0.421,0.415,0.433,0.384,0.381,0.408,0.405,0.61,0.449,0.424,0.614,0.418,0.0,0.435,0.378,1.0,0.407,0.4,0.633,0.426,0.62,0.391,0.414,0.613,0.621,0.416,0.396,0.397,0.599,0.448
0.494,0.515,0.372,0.412,0.532,0.533,0.989,0.396,0.478,0.392,0.489,0.402,0.513,0.402,0.396,0.956,0.515,0.558,0.557,0.99,0.583,0.552,0.577,0.511,0.52,0.532,0.531,0.386,0.443,0.466,0.392,0.555,0.0,0.542,0.501,0.407,1.0,0.539,0.408,0.527,0.397,0.505,0.545,0.388,0.389,0.434,0.502,0.502,0.384,0.459
0.496,0.63,0.378,0.425,0.694,0.629,0.543,0.431,0.474,0.408,0.654,0.431,0.709,0.422,0.415,0.547,0.597,0.668,0.688,0.538,0.697,0.7,0.714,0.599,0.611,0.608,0.808,0.425,0.461,0.466,0.423,0.738,0.0,0.703,0.58,0.4,0.539,1.0,0.426,0.716,0.425,0.602,0.85,0.431,0.425,0.452,0.631,0.631,0.42,0.475
0.416,0.389,0.339,0.668,0.421,0.426,0.414,0.676,0.409,0.663,0.396,0.684,0.42,0.67,0.684,0.421,0.407,0.427,0.43,0.406,0.414,0.422,0.435,0.382,0.391,0.41,0.406,0.668,0.461,0.424,0.672,0.435,0.0,0.434,0.381,0.633,0.408,0.426,1.0,0.423,0.669,0.4,0.424,0.67,0.677,0.414,0.406,0.407,0.644,0.455
0.481,0.61,0.372,0.423,0.699,0.615,0.529,0.427,0.472,0.423,0.702,0.413,0.755,0.419,0.406,0.542,0.612,0.706,0.706,0.525,0.703,0.746,0.745,0.606,0.593,0.623,0.748,0.414,0.462,0.486,0.412,0.742,0.0,0.74,0.595,0.426,0.527,0.716,0.423,1.0,0.419,0.615,0.74,0.415,0.422,0.433,0.642,0.642,0.413,0.479
0.427,0.403,0.33,0.737,0.429,0.399,0.402,0.708,0.422,0.74,0.395,0.706,0.412,0.731,0.739,0.403,0.393,0.421,0.41,0.398,0.404,0.409,0.423,0.391,0.396,0.414,0.412,0.721,0.455,0.419,0.905,0.418,0.0,0.408,0.381,0.62,0.397,0.425,0.669,0.419,1.0,0.395,0.421,0.722,0.726,0.426,0.406,0.407,0.662,0.454
0.459,0.679,0.356,0.403,0.619,0.678,0.508,0.39,0.448,0.399,0.628,0.38,0.631,0.405,0.374,0.521,0.673,0.62,0.604,0.504,0.583,0.615,0.604,0.707,0.685,0.692,0.595,0.394,0.435,0.459,0.387,0.607,0.0,0.609,0.68,0.391,0.505,0.602,0.4,0.615,0.395,1.0,0.618,0.39,0.388,0.405,0.721,0.723,0.387,0.447
0.489,0.612,0.385,0.426,0.705,0.624,0.55,0.424,0.483,0.411,0.673,0.424,0.733,0.417,0.413,0.558,0.609,0.69,0.707,0.544,0.71,0.727,0.735,0.599,0.603,0.604,0.832,0.417,0.455,0.463,0.415,0.741,0.0,0.72,0.592,0.414,0.545,0.85,0.424,0.74,0.421,0.618,1.0,0.418,0.421,0.434,0.62,0.62,0.411,0.469
0.415,0.424,0.332,0.738,0.421,0.408,0.394,0.904,0.403,0.711,0.392,0.707,0.41,0.72,0.71,0.395,0.404,0.424,0.407,0.388,0.405,0.409,0.419,0.395,0.407,0.413,0.405,0.953,0.451,0.424,0.702,0.432,0.0,0.406,0.379,0.613,0.388,0.431,0.67,0.415,0.722,0.39,0.418,1.0,0.96,0.424,0.412,0.414,0.684,0.447
0.427,0.419,0.326,0.729,0.428,0.413,0.395,0.897,0.404,0.715,0.392,0.714,0.408,0.715,0.713,0.396,0.407,0.424,0.412,0.389,0.408,0.407,0.419,0.394,0.401,0.404,0.405,0.937,0.461,0.425,0.708,0.436,0.0,0.413,0.385,0.621,0.389,0.425,0.677,0.422,0.726,0.388,0.421,0.96,1.0,0.426,0.414,0.416,0.673,0.448
0.485,0.424,0.347,0.427,0.435,0.428,0.437,0.428,0.473,0.412,0.406,0.43,0.413,0.434,0.432,0.435,0.409,0.418,0.424,0.435,0.43,0.409,0.413,0.41,0.42,0.418,0.424,0.422,0.555,0.456,0.429,0.44,0.0,0.41,0.396,0.416,0.434,0.452,0.414,0.433,0.426,0.405,0.434,0.424,0.426,1.0,0.436,0.437,0.416,0.605
0.461,0.688,0.367,0.411,0.666,0.701,0.504,0.409,0.46,0.4,0.623,0.401,0.636,0.403,0.399,0.518,0.691,0.63,0.614,0.499,0.597,0.621,0.613,0.685,0.686,0.701,0.603,0.404,0.457,0.46,0.395,0.628,0.0,0.619,0.656,0.396,0.502,0.631,0.406,0.642,0.406,0.721,0.62,0.412,0.414,0.436,1.0,0.996,0.404,0.477
0.462,0.69,0.367,0.412,0.667,0.702,0.505,0.411,0.46,0.401,0.623,0.402,0.636,0.405,0.401,0.519,0.693,0.631,0.615,0.5,0.598,0.622,0.614,0.686,0.688,0.702,0.604,0.404,0.457,0.46,0.396,0.629,0.0,0.62,0.657,0.397,0.502,0.631,0.407,0.642,0.407,0.723,0.62,0.414,0.416,0.437,0.996,1.0,0.405,0.478
0.398,0.416,0.334,0.665,0.416,0.401,0.39,0.658,0.4,0.668,0.393,0.646,0.407,0.661,0.662,0.395,0.387,0.41,0.4,0.385,0.392,0.407,0.406,0.385,0.411,0.424,0.404,0.667,0.44,0.403,0.655,0.412,0.0,0.397,0.381,0.599,0.384,0.42,0.644,0.413,0.662,0.387,0.411,0.684,0.673,0.416,0.404,0.405,1.0,0.44
0.53,0.469,0.393,0.461,0.472,0.475,0.463,0.452,0.53,0.446,0.449,0.462,0.461,0.464,0.469,0.469,0.456,0.465,0.472,0.458,0.46,0.458,0.467,0.457,0.454,0.471,0.46,0.446,0.84,0.504,0.452,0.476,0.0,0.46,0.436,0.448,0.459,0.475,0.455,0.479,0.454,0.447,0.469,0.447,0.448,0.605,0.477,0.478,0.44,1.0
