GCF_000163235.1_ASM16323v1_genomic.fna,GCF_000164555.1_ASM16455v1_genomic.fna,GCF_000208545.1_ASM20854v2_genomic.fna,GCF_000233875.1_ASM23387v1_genomic.fna,GCF_000249735.1_ASM24973v2_genomic.fna,GCF_000261145.1_Esch_coli_M919_V2_genomic.fna,GCF_000267705.2_ASM26770v2_genomic.fna,GCF_000350665.1_Esch_coli_KTE5_V1_genomic.fna,GCF_000351625.1_Esch_coli_KTE66_V1_genomic.fna,GCF_000352285.1_Esch_coli_KTE46_V1_genomic.fna,GCF_000358895.1_ASM35889v1_genomic.fna,GCF_000456385.1_Esch_coli_HVH_26_4-5703913_V1_genomic.fna,GCF_000458195.1_Esch_coli_HVH_147_4-5893887_V1_genomic.fna,GCF_000459755.1_Esch_coli_KOEGE_58_171a_V1_genomic.fna,GCF_000460055.1_Esch_coli_UMEA_3053-1_V1_genomic.fna,GCF_000462165.2_ASM46216v2_genomic.fna,GCF_000601135.1_ASM60113v1_genomic.fna,GCF_000614595.1_Ec2010EL1058_genomic.fna,GCF_000617745.1_Ec2010C-4529_genomic.fna,GCF_000618265.2_EcF6751_genomic.fna,GCF_000619005.2_Ec2009C-4052_genomic.fna,GCF_000619105.1_Ec2009C-4780_genomic.fna,GCF_000619765.2_Ec2009C-3279_genomic.fna,GCF_000687005.1_ASM68700v1_genomic.fna,GCF_000687025.1_ASM68702v1_genomic.fna,GCF_000700125.1_ASM70012v1_genomic.fna,GCF_000753315.1_FHI35_genomic.fna,GCF_000776375.1_ASM77637v1_genomic.fna,GCF_000779395.1_ASM77939v1_genomic.fna,GCF_000780315.1_ASM78031v1_genomic.fna,GCF_000781995.1_ASM78199v1_genomic.fna,GCF_000986765.1_ASM98676v1_genomic.fna,GCF_001041375.1_ViralProj287958_genomic.fna,GCF_001265335.1_302014_genomic.fna,GCF_001265625.1_100854_genomic.fna,GCF_001267345.1_303289_genomic.fna,GCF_001309985.1_ASM130998v1_genomic.fna,GCF_001521695.1_ASM152169v1_genomic.fna,GCF_001592595.1_ASM159259v1_genomic.fna,GCF_001614975.1_ASM161497v1_genomic.fna,GCF_001692775.1_ASM169277v1_genomic.fna,GCF_001748915.1_ASM174891v1_genomic.fna,GCF_001749235.1_ASM174923v1_genomic.fna,GCF_001881155.1_ASM188115v1_genomic.fna,GCF_001881345.1_ASM188134v1_genomic.fna,GCF_001892405.1_ASM189240v1_genomic.fna,GCF_001892585.1_ASM189258v1_genomic.fna,GCF_001893985.1_ASM189398v1_genomic.fna,GCF_002001595.1_ASM200159v1_genomic.fna,GCF_002002145.1_ASM200214v1_genomic.fna
1.0,0.914,0.89,0.896,0.907,0.907,0.899,0.9,0.922,0.892,0.892,0.9,0.91,0.89,0.899,0.898,0.914,0.905,0.899,0.9,0.903,0.9,0.904,0.903,0.906,0.902,0.911,0.892,0.916,0.92,0.895,0.904,0.016,0.901,0.887,0.891,0.899,0.911,0.897,0.914,0.89,0.896,0.918,0.898,0.904,0.906,0.904,0.904,0.894,0.911
0.914,1.0,0.888,0.89,0.922,0.94,0.905,0.898,0.904,0.897,0.899,0.898,0.918,0.883,0.891,0.903,0.939,0.913,0.907,0.906,0.908,0.913,0.909,0.953,0.949,0.935,0.918,0.892,0.907,0.894,0.892,0.91,0.016,0.915,0.93,0.89,0.903,0.921,0.891,0.917,0.891,0.924,0.924,0.896,0.901,0.891,0.926,0.926,0.893,0.905
0.89,0.888,1.0,0.879,0.884,0.885,0.878,0.884,0.886,0.885,0.884,0.87,0.887,0.884,0.874,0.876,0.886,0.885,0.887,0.878,0.882,0.878,0.876,0.891,0.883,0.887,0.887,0.886,0.889,0.882,0.87,0.877,0.016,0.876,0.883,0.879,0.877,0.889,0.873,0.887,0.873,0.879,0.893,0.883,0.884,0.877,0.88,0.88,0.871,0.884
0.896,0.89,0.879,1.0,0.889,0.888,0.884,0.927,0.899,0.936,0.889,0.947,0.887,0.954,0.95,0.885,0.887,0.893,0.897,0.883,0.884,0.889,0.887,0.895,0.892,0.891,0.885,0.947,0.902,0.885,0.935,0.888,0.017,0.887,0.88,0.922,0.883,0.887,0.919,0.887,0.937,0.878,0.904,0.942,0.945,0.874,0.884,0.884,0.922,0.897
0.907,0.922,0.884,0.889,1.0,0.927,0.917,0.895,0.9,0.889,0.919,0.901,0.928,0.893,0.898,0.915,0.924,0.924,0.926,0.917,0.936,0.93,0.93,0.912,0.927,0.918,0.933,0.889,0.899,0.912,0.89,0.926,0.016,0.925,0.902,0.884,0.915,0.928,0.902,0.933,0.894,0.925,0.934,0.894,0.897,0.897,0.923,0.924,0.892,0.905
0.907,0.94,0.885,0.888,0.927,1.0,0.91,0.902,0.902,0.888,0.902,0.896,0.923,0.887,0.896,0.909,0.939,0.92,0.91,0.911,0.913,0.919,0.92,0.937,0.949,0.925,0.921,0.897,0.905,0.897,0.895,0.907,0.016,0.921,0.923,0.89,0.908,0.926,0.903,0.916,0.892,0.918,0.923,0.9,0.902,0.886,0.923,0.923,0.889,0.906
0.899,0.905,0.878,0.884,0.917,0.91,1.0,0.888,0.902,0.883,0.882,0.894,0.906,0.88,0.893,0.986,0.912,0.924,0.909,0.996,0.92,0.919,0.925,0.896,0.912,0.898,0.915,0.885,0.903,0.907,0.882,0.911,0.016,0.923,0.887,0.884,0.998,0.909,0.897,0.907,0.884,0.916,0.918,0.89,0.891,0.898,0.913,0.913,0.883,0.913
0.9,0.898,0.884,0.927,0.895,0.902,0.888,1.0,0.895,0.932,0.879,0.932,0.897,0.92,0.928,0.886,0.899,0.893,0.89,0.888,0.888,0.89,0.887,0.889,0.896,0.886,0.895,0.968,0.906,0.891,0.931,0.886,0.017,0.891,0.881,0.919,0.886,0.904,0.924,0.89,0.923,0.886,0.899,0.972,0.963,0.883,0.893,0.892,0.931,0.905
0.922,0.904,0.886,0.899,0.9,0.902,0.902,0.895,1.0,0.891,0.884,0.895,0.901,0.896,0.892,0.897,0.906,0.901,0.892,0.902,0.891,0.891,0.891,0.901,0.9,0.903,0.903,0.896,0.915,0.922,0.888,0.893,0.017,0.899,0.893,0.895,0.901,0.898,0.895,0.901,0.879,0.896,0.912,0.893,0.899,0.89,0.896,0.896,0.896,0.912
0.892,0.897,0.885,0.936,0.889,0.888,0.883,0.932,0.891,1.0,0.895,0.92,0.884,0.931,0.922,0.881,0.886,0.886,0.894,0.883,0.884,0.879,0.879,0.898,0.89,0.893,0.883,0.94,0.892,0.884,0.934,0.882,0.016,0.878,0.888,0.919,0.882,0.881,0.92,0.882,0.929,0.877,0.892,0.932,0.94,0.874,0.884,0.883,0.928,0.887
0.892,0.899,0.884,0.889,0.919,0.902,0.882,0.879,0.884,0.895,1.0,0.877,0.916,0.885,0.878,0.883,0.899,0.908,0.917,0.882,0.902,0.907,0.904,0.913,0.895,0.91,0.916,0.88,0.884,0.883,0.877,0.899,0.017,0.9,0.908,0.879,0.88,0.909,0.879,0.919,0.881,0.892,0.927,0.876,0.883,0.863,0.896,0.897,0.876,0.874
0.9,0.898,0.87,0.947,0.901,0.896,0.894,0.932,0.895,0.92,0.877,1.0,0.896,0.937,0.967,0.893,0.897,0.894,0.894,0.895,0.896,0.898,0.895,0.893,0.907,0.889,0.892,0.936,0.904,0.893,0.93,0.894,0.016,0.896,0.885,0.912,0.892,0.896,0.924,0.891,0.939,0.893,0.898,0.941,0.944,0.887,0.895,0.894,0.926,0.907
0.91,0.918,0.887,0.887,0.928,0.923,0.906,0.897,0.901,0.884,0.916,0.896,1.0,0.882,0.901,0.904,0.925,0.933,0.93,0.904,0.931,0.944,0.943,0.916,0.919,0.91,0.946,0.889,0.901,0.903,0.891,0.925,0.015,0.943,0.902,0.892,0.904,0.937,0.898,0.943,0.889,0.912,0.939,0.893,0.892,0.883,0.918,0.919,0.894,0.9
0.89,0.883,0.884,0.954,0.893,0.887,0.88,0.92,0.896,0.931,0.885,0.937,0.882,1.0,0.946,0.877,0.881,0.89,0.898,0.879,0.885,0.887,0.883,0.886,0.889,0.887,0.884,0.939,0.894,0.88,0.931,0.878,0.016,0.88,0.883,0.912,0.878,0.888,0.915,0.882,0.931,0.878,0.896,0.933,0.936,0.874,0.882,0.882,0.921,0.891
0.899,0.891,0.874,0.95,0.898,0.896,0.893,0.928,0.892,0.922,0.878,0.967,0.901,0.946,1.0,0.89,0.891,0.892,0.897,0.893,0.892,0.898,0.896,0.884,0.9,0.883,0.894,0.937,0.895,0.895,0.938,0.89,0.016,0.893,0.879,0.91,0.891,0.898,0.919,0.893,0.936,0.884,0.901,0.941,0.939,0.883,0.888,0.888,0.927,0.904
0.898,0.903,0.876,0.885,0.915,0.909,0.986,0.886,0.897,0.881,0.883,0.893,0.904,0.877,0.89,1.0,0.911,0.919,0.909,0.988,0.923,0.918,0.923,0.899,0.912,0.898,0.914,0.882,0.899,0.904,0.881,0.913,0.016,0.921,0.887,0.882,0.987,0.91,0.897,0.903,0.883,0.915,0.915,0.887,0.887,0.897,0.91,0.91,0.881,0.912
0.914,0.939,0.886,0.887,0.924,0.939,0.912,0.899,0.906,0.886,0.899,0.897,0.925,0.881,0.891,0.911,1.0,0.924,0.913,0.913,0.924,0.921,0.921,0.937,0.942,0.935,0.929,0.889,0.907,0.903,0.89,0.926,0.016,0.923,0.908,0.886,0.911,0.927,0.894,0.924,0.887,0.919,0.93,0.894,0.891,0.889,0.933,0.934,0.888,0.901
0.905,0.913,0.885,0.893,0.924,0.92,0.924,0.893,0.901,0.886,0.908,0.894,0.933,0.89,0.892,0.919,0.924,1.0,0.942,0.923,0.939,0.94,0.935,0.913,0.916,0.918,0.931,0.888,0.903,0.905,0.891,0.916,0.015,0.931,0.901,0.891,0.923,0.926,0.901,0.939,0.883,0.91,0.936,0.89,0.894,0.888,0.914,0.915,0.889,0.897
0.899,0.907,0.887,0.897,0.926,0.91,0.909,0.89,0.892,0.894,0.917,0.894,0.93,0.898,0.897,0.909,0.913,0.942,1.0,0.909,0.941,0.935,0.926,0.912,0.906,0.913,0.929,0.892,0.892,0.897,0.89,0.907,0.016,0.922,0.902,0.898,0.908,0.922,0.89,0.934,0.888,0.907,0.934,0.886,0.891,0.879,0.909,0.909,0.885,0.888
0.9,0.906,0.878,0.883,0.917,0.911,0.996,0.888,0.902,0.883,0.882,0.895,0.904,0.879,0.893,0.988,0.913,0.923,0.909,1.0,0.92,0.919,0.924,0.898,0.913,0.9,0.915,0.884,0.902,0.908,0.881,0.913,0.016,0.924,0.888,0.882,0.997,0.909,0.896,0.907,0.882,0.915,0.916,0.889,0.89,0.899,0.91,0.91,0.883,0.914
0.903,0.908,0.882,0.884,0.936,0.913,0.92,0.888,0.891,0.884,0.902,0.896,0.931,0.885,0.892,0.923,0.924,0.939,0.941,0.92,1.0,0.941,0.939,0.9,0.912,0.906,0.931,0.884,0.896,0.904,0.88,0.924,0.016,0.937,0.888,0.887,0.919,0.928,0.9,0.937,0.887,0.916,0.932,0.889,0.889,0.891,0.924,0.925,0.881,0.902
0.9,0.913,0.878,0.889,0.93,0.919,0.919,0.89,0.891,0.879,0.907,0.898,0.944,0.887,0.898,0.918,0.921,0.94,0.935,0.919,0.941,1.0,0.978,0.906,0.917,0.905,0.935,0.888,0.896,0.899,0.891,0.926,0.015,0.961,0.897,0.887,0.918,0.928,0.894,0.931,0.894,0.914,0.938,0.889,0.889,0.888,0.921,0.922,0.885,0.901
0.904,0.909,0.876,0.887,0.93,0.92,0.925,0.887,0.891,0.879,0.904,0.895,0.943,0.883,0.896,0.923,0.921,0.935,0.926,0.924,0.939,0.978,1.0,0.905,0.918,0.903,0.933,0.883,0.9,0.895,0.887,0.936,0.015,0.963,0.892,0.885,0.925,0.923,0.895,0.929,0.887,0.917,0.931,0.886,0.887,0.895,0.925,0.926,0.883,0.907
0.903,0.953,0.891,0.895,0.912,0.937,0.896,0.889,0.901,0.898,0.913,0.893,0.916,0.886,0.884,0.899,0.937,0.913,0.912,0.898,0.9,0.906,0.905,1.0,0.944,0.95,0.911,0.89,0.9,0.894,0.886,0.909,0.016,0.912,0.949,0.893,0.895,0.909,0.885,0.911,0.882,0.917,0.92,0.887,0.89,0.873,0.915,0.916,0.883,0.889
0.906,0.949,0.883,0.892,0.927,0.949,0.912,0.896,0.9,0.89,0.895,0.907,0.919,0.889,0.9,0.912,0.942,0.916,0.906,0.913,0.912,0.917,0.918,0.944,1.0,0.934,0.921,0.894,0.902,0.895,0.89,0.923,0.016,0.919,0.931,0.888,0.91,0.925,0.901,0.913,0.891,0.925,0.928,0.9,0.902,0.887,0.926,0.927,0.893,0.905
0.902,0.935,0.887,0.891,0.918,0.925,0.898,0.886,0.903,0.893,0.91,0.889,0.91,0.887,0.883,0.898,0.935,0.918,0.913,0.9,0.906,0.905,0.903,0.95,0.934,1.0,0.913,0.889,0.894,0.889,0.876,0.906,0.016,0.908,0.927,0.891,0.897,0.91,0.887,0.919,0.877,0.91,0.923,0.887,0.889,0.879,0.919,0.92,0.882,0.89
0.911,0.918,0.887,0.885,0.933,0.921,0.915,0.895,0.903,0.883,0.916,0.892,0.946,0.884,0.894,0.914,0.929,0.931,0.929,0.915,0.931,0.935,0.933,0.911,0.921,0.913,1.0,0.888,0.907,0.909,0.888,0.926,0.015,0.926,0.895,0.888,0.914,0.951,0.893,0.943,0.888,0.917,0.959,0.893,0.888,0.89,0.915,0.916,0.889,0.905
0.892,0.892,0.886,0.947,0.889,0.897,0.885,0.968,0.896,0.94,0.88,0.936,0.889,0.939,0.937,0.882,0.889,0.888,0.892,0.884,0.884,0.888,0.883,0.89,0.894,0.889,0.888,1.0,0.902,0.885,0.928,0.88,0.016,0.884,0.883,0.924,0.883,0.892,0.922,0.886,0.931,0.88,0.897,0.989,0.982,0.873,0.88,0.88,0.927,0.899
0.916,0.907,0.889,0.902,0.899,0.905,0.903,0.906,0.915,0.892,0.884,0.904,0.901,0.894,0.895,0.899,0.907,0.903,0.892,0.902,0.896,0.896,0.9,0.9,0.902,0.894,0.907,0.902,1.0,0.91,0.896,0.894,0.016,0.898,0.884,0.902,0.902,0.901,0.901,0.904,0.892,0.896,0.916,0.902,0.908,0.907,0.901,0.901,0.901,0.955
0.92,0.894,0.882,0.885,0.912,0.897,0.907,0.891,0.922,0.884,0.883,0.893,0.903,0.88,0.895,0.904,0.903,0.905,0.897,0.908,0.904,0.899,0.895,0.894,0.895,0.889,0.909,0.885,0.91,1.0,0.884,0.903,0.017,0.899,0.882,0.886,0.906,0.905,0.896,0.91,0.885,0.898,0.907,0.89,0.894,0.902,0.896,0.897,0.892,0.915
0.895,0.892,0.87,0.935,0.89,0.895,0.882,0.931,0.888,0.934,0.877,0.93,0.891,0.931,0.938,0.881,0.89,0.891,0.89,0.881,0.88,0.891,0.887,0.886,0.89,0.876,0.888,0.928,0.896,0.884,1.0,0.884,0.017,0.888,0.875,0.915,0.88,0.889,0.916,0.882,0.961,0.886,0.894,0.928,0.929,0.877,0.887,0.887,0.929,0.89
0.904,0.91,0.877,0.888,0.926,0.907,0.911,0.886,0.893,0.882,0.899,0.894,0.925,0.878,0.89,0.913,0.926,0.916,0.907,0.913,0.924,0.926,0.936,0.909,0.923,0.906,0.926,0.88,0.894,0.903,0.884,1.0,0.016,0.937,0.888,0.887,0.912,0.921,0.899,0.93,0.884,0.927,0.931,0.883,0.884,0.899,0.92,0.921,0.888,0.904
0.016,0.016,0.016,0.017,0.016,0.016,0.016,0.017,0.017,0.016,0.017,0.016,0.015,0.016,0.016,0.016,0.016,0.015,0.016,0.016,0.016,0.015,0.015,0.016,0.016,0.016,0.015,0.016,0.016,0.017,0.017,0.016,1.0,0.015,0.016,0.016,0.016,0.015,0.017,0.015,0.016,0.017,0.015,0.016,0.016,0.015,0.017,0.017,0.016,0.016
0.901,0.915,0.876,0.887,0.925,0.921,0.923,0.891,0.899,0.878,0.9,0.896,0.943,0.88,0.893,0.921,0.923,0.931,0.922,0.924,0.937,0.961,0.963,0.912,0.919,0.908,0.926,0.884,0.898,0.899,0.888,0.937,0.015,1.0,0.897,0.888,0.924,0.925,0.897,0.927,0.885,0.919,0.933,0.887,0.888,0.892,0.928,0.929,0.891,0.907
0.887,0.93,0.883,0.88,0.902,0.923,0.887,0.881,0.893,0.888,0.908,0.885,0.902,0.883,0.879,0.887,0.908,0.901,0.902,0.888,0.888,0.897,0.892,0.949,0.931,0.927,0.895,0.883,0.884,0.882,0.875,0.888,0.016,0.897,1.0,0.885,0.885,0.896,0.878,0.899,0.873,0.901,0.905,0.878,0.883,0.864,0.903,0.903,0.871,0.879
0.891,0.89,0.879,0.922,0.884,0.89,0.884,0.919,0.895,0.919,0.879,0.912,0.892,0.912,0.91,0.882,0.886,0.891,0.898,0.882,0.887,0.887,0.885,0.893,0.888,0.891,0.888,0.924,0.902,0.886,0.915,0.887,0.016,0.888,0.885,1.0,0.882,0.885,0.922,0.892,0.911,0.887,0.895,0.918,0.925,0.88,0.883,0.883,0.915,0.891
0.899,0.903,0.877,0.883,0.915,0.908,0.998,0.886,0.901,0.882,0.88,0.892,0.904,0.878,0.891,0.987,0.911,0.923,0.908,0.997,0.919,0.918,0.925,0.895,0.91,0.897,0.914,0.883,0.902,0.906,0.88,0.912,0.016,0.924,0.885,0.882,1.0,0.907,0.896,0.906,0.882,0.915,0.916,0.888,0.889,0.898,0.911,0.911,0.881,0.912
0.911,0.921,0.889,0.887,0.928,0.926,0.909,0.904,0.898,0.881,0.909,0.896,0.937,0.888,0.898,0.91,0.927,0.926,0.922,0.909,0.928,0.928,0.923,0.909,0.925,0.91,0.951,0.892,0.901,0.905,0.889,0.921,0.015,0.925,0.896,0.885,0.907,1.0,0.901,0.935,0.891,0.918,0.959,0.899,0.892,0.892,0.924,0.924,0.89,0.907
0.897,0.891,0.873,0.919,0.902,0.903,0.897,0.924,0.895,0.92,0.879,0.924,0.898,0.915,0.919,0.897,0.894,0.901,0.89,0.896,0.9,0.894,0.895,0.885,0.901,0.887,0.893,0.922,0.901,0.896,0.916,0.899,0.017,0.897,0.878,0.922,0.896,0.901,1.0,0.897,0.916,0.896,0.9,0.927,0.927,0.892,0.899,0.899,0.92,0.906
0.914,0.917,0.887,0.887,0.933,0.916,0.907,0.89,0.901,0.882,0.919,0.891,0.943,0.882,0.893,0.903,0.924,0.939,0.934,0.907,0.937,0.931,0.929,0.911,0.913,0.919,0.943,0.886,0.904,0.91,0.882,0.93,0.015,0.927,0.899,0.892,0.906,0.935,0.897,1.0,0.885,0.919,0.948,0.888,0.894,0.893,0.923,0.923,0.882,0.902
0.89,0.891,0.873,0.937,0.894,0.892,0.884,0.923,0.879,0.929,0.881,0.939,0.889,0.931,0.936,0.883,0.887,0.883,0.888,0.882,0.887,0.894,0.887,0.882,0.891,0.877,0.888,0.931,0.892,0.885,0.961,0.884,0.016,0.885,0.873,0.911,0.882,0.891,0.916,0.885,1.0,0.885,0.895,0.934,0.936,0.88,0.89,0.89,0.923,0.898
0.896,0.924,0.879,0.878,0.925,0.918,0.916,0.886,0.896,0.877,0.892,0.893,0.912,0.878,0.884,0.915,0.919,0.91,0.907,0.915,0.916,0.914,0.917,0.917,0.925,0.91,0.917,0.88,0.896,0.898,0.886,0.927,0.017,0.919,0.901,0.887,0.915,0.918,0.896,0.919,0.885,1.0,0.925,0.885,0.885,0.895,0.937,0.938,0.881,0.902
0.918,0.924,0.893,0.904,0.934,0.923,0.918,0.899,0.912,0.892,0.927,0.898,0.939,0.896,0.901,0.915,0.93,0.936,0.934,0.916,0.932,0.938,0.931,0.92,0.928,0.923,0.959,0.897,0.916,0.907,0.894,0.931,0.015,0.933,0.905,0.895,0.916,0.959,0.9,0.948,0.895,0.925,1.0,0.897,0.9,0.891,0.921,0.922,0.893,0.908
0.898,0.896,0.883,0.942,0.894,0.9,0.89,0.972,0.893,0.932,0.876,0.941,0.893,0.933,0.941,0.887,0.894,0.89,0.886,0.889,0.889,0.889,0.886,0.887,0.9,0.887,0.893,0.989,0.902,0.89,0.928,0.883,0.016,0.887,0.878,0.918,0.888,0.899,0.927,0.888,0.934,0.885,0.897,1.0,0.985,0.88,0.884,0.884,0.93,0.904
0.904,0.901,0.884,0.945,0.897,0.902,0.891,0.963,0.899,0.94,0.883,0.944,0.892,0.936,0.939,0.887,0.891,0.894,0.891,0.89,0.889,0.889,0.887,0.89,0.902,0.889,0.888,0.982,0.908,0.894,0.929,0.884,0.016,0.888,0.883,0.925,0.889,0.892,0.927,0.894,0.936,0.885,0.9,0.985,1.0,0.882,0.885,0.884,0.931,0.905
0.906,0.891,0.877,0.874,0.897,0.886,0.898,0.883,0.89,0.874,0.863,0.887,0.883,0.874,0.883,0.897,0.889,0.888,0.879,0.899,0.891,0.888,0.895,0.873,0.887,0.879,0.89,0.873,0.907,0.902,0.877,0.899,0.015,0.892,0.864,0.88,0.898,0.892,0.892,0.893,0.88,0.895,0.891,0.88,0.882,1.0,0.899,0.899,0.885,0.927
0.904,0.926,0.88,0.884,0.923,0.923,0.913,0.893,0.896,0.884,0.896,0.895,0.918,0.882,0.888,0.91,0.933,0.914,0.909,0.91,0.924,0.921,0.925,0.915,0.926,0.919,0.915,0.88,0.901,0.896,0.887,0.92,0.017,0.928,0.903,0.883,0.911,0.924,0.899,0.923,0.89,0.937,0.921,0.884,0.885,0.899,1.0,0.999,0.884,0.912
0.904,0.926,0.88,0.884,0.924,0.923,0.913,0.892,0.896,0.883,0.897,0.894,0.919,0.882,0.888,0.91,0.934,0.915,0.909,0.91,0.925,0.922,0.926,0.916,0.927,0.92,0.916,0.88,0.901,0.897,0.887,0.921,0.017,0.929,0.903,0.883,0.911,0.924,0.899,0.923,0.89,0.938,0.922,0.884,0.884,0.899,0.999,1.0,0.885,0.912
0.894,0.893,0.871,0.922,0.892,0.889,0.883,0.931,0.896,0.928,0.876,0.926,0.894,0.921,0.927,0.881,0.888,0.889,0.885,0.883,0.881,0.885,0.883,0.883,0.893,0.882,0.889,0.927,0.901,0.892,0.929,0.888,0.016,0.891,0.871,0.915,0.881,0.89,0.92,0.882,0.923,0.881,0.893,0.93,0.931,0.885,0.884,0.885,1.0,0.899
0.911,0.905,0.884,0.897,0.905,0.906,0.913,0.905,0.912,0.887,0.874,0.907,0.9,0.891,0.904,0.912,0.901,0.897,0.888,0.914,0.902,0.901,0.907,0.889,0.905,0.89,0.905,0.899,0.955,0.915,0.89,0.904,0.016,0.907,0.879,0.891,0.912,0.907,0.906,0.902,0.898,0.902,0.908,0.904,0.905,0.927,0.912,0.912,0.899,1.0
