GCF_000163235.1_ASM16323v1_genomic.fna,GCF_000164555.1_ASM16455v1_genomic.fna,GCF_000208545.1_ASM20854v2_genomic.fna,GCF_000233875.1_ASM23387v1_genomic.fna,GCF_000249735.1_ASM24973v2_genomic.fna,GCF_000261145.1_Esch_coli_M919_V2_genomic.fna,GCF_000267705.2_ASM26770v2_genomic.fna,GCF_000350665.1_Esch_coli_KTE5_V1_genomic.fna,GCF_000351625.1_Esch_coli_KTE66_V1_genomic.fna,GCF_000352285.1_Esch_coli_KTE46_V1_genomic.fna,GCF_000358895.1_ASM35889v1_genomic.fna,GCF_000456385.1_Esch_coli_HVH_26_4-5703913_V1_genomic.fna,GCF_000458195.1_Esch_coli_HVH_147_4-5893887_V1_genomic.fna,GCF_000459755.1_Esch_coli_KOEGE_58_171a_V1_genomic.fna,GCF_000460055.1_Esch_coli_UMEA_3053-1_V1_genomic.fna,GCF_000462165.2_ASM46216v2_genomic.fna,GCF_000601135.1_ASM60113v1_genomic.fna,GCF_000614595.1_Ec2010EL1058_genomic.fna,GCF_000617745.1_Ec2010C-4529_genomic.fna,GCF_000618265.2_EcF6751_genomic.fna,GCF_000619005.2_Ec2009C-4052_genomic.fna,GCF_000619105.1_Ec2009C-4780_genomic.fna,GCF_000619765.2_Ec2009C-3279_genomic.fna,GCF_000687005.1_ASM68700v1_genomic.fna,GCF_000687025.1_ASM68702v1_genomic.fna,GCF_000700125.1_ASM70012v1_genomic.fna,GCF_000753315.1_FHI35_genomic.fna,GCF_000776375.1_ASM77637v1_genomic.fna,GCF_000779395.1_ASM77939v1_genomic.fna,GCF_000780315.1_ASM78031v1_genomic.fna,GCF_000781995.1_ASM78199v1_genomic.fna,GCF_000986765.1_ASM98676v1_genomic.fna,GCF_001041375.1_ViralProj287958_genomic.fna,GCF_001265335.1_302014_genomic.fna,GCF_001265625.1_100854_genomic.fna,GCF_001267345.1_303289_genomic.fna,GCF_001309985.1_ASM130998v1_genomic.fna,GCF_001521695.1_ASM152169v1_genomic.fna,GCF_001592595.1_ASM159259v1_genomic.fna,GCF_001614975.1_ASM161497v1_genomic.fna,GCF_001692775.1_ASM169277v1_genomic.fna,GCF_001748915.1_ASM174891v1_genomic.fna,GCF_001749235.1_ASM174923v1_genomic.fna,GCF_001881155.1_ASM188115v1_genomic.fna,GCF_001881345.1_ASM188134v1_genomic.fna,GCF_001892405.1_ASM189240v1_genomic.fna,GCF_001892585.1_ASM189258v1_genomic.fna,GCF_001893985.1_ASM189398v1_genomic.fna,GCF_002001595.1_ASM200159v1_genomic.fna,GCF_002002145.1_ASM200214v1_genomic.fna
1.0,0.901,0.887,0.896,0.895,0.889,0.889,0.904,0.912,0.911,0.887,0.901,0.901,0.895,0.9,0.891,0.894,0.888,0.901,0.889,0.881,0.889,0.888,0.904,0.901,0.901,0.895,0.901,0.906,0.921,0.899,0.887,0.015,0.884,0.894,0.888,0.889,0.887,0.898,0.89,0.897,0.9,0.886,0.895,0.895,0.874,0.898,0.898,0.895,0.904
0.901,1.0,0.883,0.883,0.934,0.935,0.903,0.89,0.898,0.889,0.913,0.884,0.932,0.876,0.88,0.899,0.936,0.914,0.924,0.901,0.907,0.915,0.914,0.947,0.949,0.933,0.925,0.884,0.899,0.901,0.892,0.921,0.017,0.916,0.921,0.89,0.901,0.922,0.891,0.929,0.888,0.944,0.922,0.89,0.89,0.88,0.936,0.935,0.891,0.906
0.887,0.883,1.0,0.876,0.888,0.874,0.887,0.873,0.886,0.875,0.867,0.869,0.886,0.871,0.873,0.888,0.887,0.889,0.892,0.885,0.88,0.886,0.883,0.875,0.888,0.879,0.885,0.881,0.875,0.892,0.881,0.884,0.015,0.888,0.863,0.872,0.885,0.887,0.883,0.892,0.883,0.884,0.887,0.884,0.888,0.875,0.885,0.884,0.886,0.887
0.896,0.883,0.876,1.0,0.887,0.873,0.874,0.935,0.88,0.935,0.882,0.954,0.895,0.953,0.961,0.874,0.88,0.876,0.887,0.872,0.876,0.878,0.877,0.897,0.889,0.896,0.892,0.948,0.894,0.878,0.935,0.878,0.017,0.87,0.88,0.907,0.872,0.879,0.927,0.879,0.938,0.885,0.874,0.938,0.939,0.877,0.879,0.879,0.924,0.892
0.895,0.934,0.888,0.887,1.0,0.923,0.921,0.891,0.898,0.882,0.933,0.889,0.935,0.878,0.883,0.921,0.927,0.928,0.932,0.919,0.921,0.927,0.926,0.925,0.926,0.923,0.934,0.884,0.897,0.903,0.895,0.934,0.017,0.924,0.913,0.891,0.918,0.926,0.895,0.941,0.894,0.928,0.934,0.885,0.889,0.883,0.934,0.934,0.895,0.907
0.889,0.935,0.874,0.873,0.923,1.0,0.914,0.887,0.892,0.879,0.893,0.873,0.914,0.87,0.871,0.904,0.924,0.92,0.924,0.914,0.919,0.925,0.928,0.932,0.941,0.914,0.916,0.878,0.886,0.891,0.885,0.924,0.017,0.928,0.915,0.883,0.915,0.927,0.893,0.926,0.884,0.925,0.922,0.885,0.885,0.884,0.926,0.927,0.887,0.9
0.889,0.903,0.887,0.874,0.921,0.914,1.0,0.877,0.89,0.871,0.888,0.874,0.905,0.867,0.871,0.979,0.91,0.918,0.919,0.996,0.917,0.923,0.918,0.9,0.901,0.902,0.908,0.875,0.879,0.896,0.884,0.915,0.017,0.911,0.894,0.884,0.996,0.906,0.883,0.912,0.883,0.906,0.916,0.877,0.881,0.887,0.904,0.905,0.882,0.9
0.904,0.89,0.873,0.935,0.891,0.887,0.877,1.0,0.887,0.931,0.877,0.94,0.894,0.929,0.935,0.872,0.886,0.881,0.886,0.876,0.882,0.88,0.881,0.904,0.896,0.903,0.897,0.968,0.908,0.886,0.923,0.885,0.017,0.879,0.882,0.91,0.876,0.887,0.927,0.888,0.922,0.89,0.878,0.957,0.956,0.877,0.885,0.885,0.92,0.896
0.912,0.898,0.886,0.88,0.898,0.892,0.89,0.887,1.0,0.888,0.883,0.88,0.902,0.877,0.878,0.887,0.896,0.888,0.896,0.889,0.883,0.89,0.895,0.901,0.895,0.904,0.907,0.882,0.898,0.922,0.893,0.891,0.016,0.892,0.889,0.892,0.889,0.891,0.895,0.897,0.884,0.903,0.899,0.88,0.883,0.878,0.899,0.898,0.891,0.907
0.911,0.889,0.875,0.935,0.882,0.879,0.871,0.931,0.888,1.0,0.896,0.935,0.889,0.939,0.933,0.868,0.878,0.875,0.885,0.87,0.871,0.872,0.873,0.896,0.886,0.889,0.884,0.934,0.9,0.889,0.933,0.875,0.018,0.867,0.89,0.918,0.87,0.875,0.929,0.877,0.93,0.889,0.873,0.925,0.929,0.868,0.882,0.881,0.924,0.892
0.887,0.913,0.867,0.882,0.933,0.893,0.888,0.877,0.883,0.896,1.0,0.885,0.931,0.884,0.879,0.891,0.907,0.91,0.913,0.885,0.901,0.901,0.895,0.925,0.91,0.919,0.924,0.879,0.876,0.886,0.87,0.909,0.017,0.894,0.921,0.876,0.884,0.903,0.872,0.922,0.87,0.915,0.912,0.87,0.871,0.854,0.91,0.909,0.879,0.88
0.901,0.884,0.869,0.954,0.889,0.873,0.874,0.94,0.88,0.935,0.885,1.0,0.894,0.943,0.963,0.875,0.876,0.874,0.886,0.873,0.876,0.877,0.878,0.895,0.885,0.895,0.894,0.943,0.897,0.881,0.925,0.88,0.017,0.866,0.879,0.91,0.873,0.879,0.931,0.882,0.931,0.885,0.879,0.934,0.937,0.873,0.882,0.882,0.923,0.89
0.901,0.932,0.886,0.895,0.935,0.914,0.905,0.894,0.902,0.889,0.931,0.894,1.0,0.888,0.894,0.9,0.921,0.925,0.933,0.902,0.926,0.936,0.933,0.934,0.927,0.935,0.949,0.894,0.892,0.905,0.89,0.931,0.016,0.928,0.917,0.892,0.902,0.929,0.898,0.942,0.884,0.929,0.937,0.887,0.884,0.878,0.927,0.926,0.898,0.891
0.895,0.876,0.871,0.953,0.878,0.87,0.867,0.929,0.877,0.939,0.884,0.943,0.888,1.0,0.952,0.865,0.876,0.874,0.88,0.864,0.873,0.873,0.873,0.887,0.879,0.885,0.89,0.943,0.893,0.877,0.926,0.873,0.017,0.865,0.882,0.907,0.864,0.877,0.921,0.875,0.929,0.884,0.873,0.931,0.936,0.877,0.871,0.87,0.923,0.89
0.9,0.88,0.873,0.961,0.883,0.871,0.871,0.935,0.878,0.933,0.879,0.963,0.894,0.952,1.0,0.87,0.875,0.874,0.882,0.868,0.871,0.875,0.877,0.892,0.885,0.894,0.895,0.946,0.897,0.882,0.932,0.878,0.016,0.863,0.872,0.909,0.868,0.879,0.924,0.88,0.935,0.884,0.873,0.934,0.935,0.874,0.88,0.88,0.917,0.893
0.891,0.899,0.888,0.874,0.921,0.904,0.979,0.872,0.887,0.868,0.891,0.875,0.9,0.865,0.87,1.0,0.906,0.907,0.917,0.979,0.905,0.915,0.908,0.898,0.902,0.898,0.904,0.872,0.878,0.897,0.882,0.906,0.017,0.901,0.889,0.877,0.978,0.899,0.883,0.909,0.883,0.905,0.905,0.875,0.88,0.879,0.904,0.904,0.88,0.895
0.894,0.936,0.887,0.88,0.927,0.924,0.91,0.886,0.896,0.878,0.907,0.876,0.921,0.876,0.875,0.906,1.0,0.91,0.916,0.906,0.912,0.912,0.914,0.929,0.933,0.939,0.921,0.882,0.889,0.892,0.885,0.923,0.017,0.916,0.915,0.888,0.906,0.917,0.889,0.923,0.885,0.928,0.919,0.888,0.889,0.885,0.934,0.934,0.882,0.903
0.888,0.914,0.889,0.876,0.928,0.92,0.918,0.881,0.888,0.875,0.91,0.874,0.925,0.874,0.874,0.907,0.91,1.0,0.946,0.916,0.947,0.949,0.952,0.908,0.914,0.908,0.928,0.879,0.886,0.887,0.887,0.939,0.017,0.943,0.903,0.883,0.917,0.928,0.891,0.934,0.884,0.916,0.935,0.883,0.884,0.891,0.916,0.916,0.885,0.899
0.901,0.924,0.892,0.887,0.932,0.924,0.919,0.886,0.896,0.885,0.913,0.886,0.933,0.88,0.882,0.917,0.916,0.946,1.0,0.917,0.937,0.948,0.944,0.915,0.923,0.915,0.939,0.885,0.882,0.901,0.893,0.934,0.016,0.93,0.906,0.887,0.917,0.933,0.898,0.94,0.892,0.93,0.941,0.887,0.887,0.891,0.924,0.925,0.889,0.9
0.889,0.901,0.885,0.872,0.919,0.914,0.996,0.876,0.889,0.87,0.885,0.873,0.902,0.864,0.868,0.979,0.906,0.916,0.917,1.0,0.917,0.922,0.915,0.898,0.9,0.898,0.905,0.873,0.879,0.895,0.883,0.914,0.017,0.909,0.893,0.881,0.999,0.904,0.883,0.911,0.882,0.904,0.914,0.875,0.879,0.886,0.903,0.904,0.879,0.9
0.881,0.907,0.88,0.876,0.921,0.919,0.917,0.882,0.883,0.871,0.901,0.876,0.926,0.873,0.871,0.905,0.912,0.947,0.937,0.917,1.0,0.946,0.952,0.901,0.908,0.91,0.933,0.883,0.877,0.882,0.884,0.938,0.017,0.944,0.899,0.878,0.918,0.934,0.881,0.935,0.884,0.917,0.938,0.889,0.886,0.897,0.914,0.915,0.883,0.893
0.889,0.915,0.886,0.878,0.927,0.925,0.923,0.88,0.89,0.872,0.901,0.877,0.936,0.873,0.875,0.915,0.912,0.949,0.948,0.922,0.946,1.0,0.976,0.905,0.917,0.904,0.933,0.881,0.877,0.893,0.881,0.94,0.016,0.953,0.9,0.878,0.923,0.935,0.886,0.932,0.883,0.916,0.941,0.884,0.881,0.892,0.919,0.92,0.88,0.896
0.888,0.914,0.883,0.877,0.926,0.928,0.918,0.881,0.895,0.873,0.895,0.878,0.933,0.873,0.877,0.908,0.914,0.952,0.944,0.915,0.952,0.976,1.0,0.904,0.916,0.907,0.934,0.881,0.882,0.893,0.881,0.939,0.017,0.96,0.901,0.882,0.916,0.934,0.884,0.928,0.88,0.915,0.94,0.884,0.883,0.902,0.916,0.917,0.88,0.9
0.904,0.947,0.875,0.897,0.925,0.932,0.9,0.904,0.901,0.896,0.925,0.895,0.934,0.887,0.892,0.898,0.929,0.908,0.915,0.898,0.901,0.905,0.904,1.0,0.948,0.944,0.931,0.898,0.9,0.898,0.888,0.917,0.017,0.909,0.94,0.898,0.898,0.91,0.887,0.926,0.883,0.938,0.914,0.89,0.89,0.871,0.926,0.926,0.889,0.897
0.901,0.949,0.888,0.889,0.926,0.941,0.901,0.896,0.895,0.886,0.91,0.885,0.927,0.879,0.885,0.902,0.933,0.914,0.923,0.9,0.908,0.917,0.916,0.948,1.0,0.939,0.931,0.886,0.895,0.906,0.893,0.927,0.016,0.919,0.928,0.895,0.9,0.927,0.898,0.926,0.889,0.938,0.92,0.895,0.892,0.879,0.932,0.932,0.895,0.908
0.901,0.933,0.879,0.896,0.923,0.914,0.902,0.903,0.904,0.889,0.919,0.895,0.935,0.885,0.894,0.898,0.939,0.908,0.915,0.898,0.91,0.904,0.907,0.944,0.939,1.0,0.927,0.894,0.901,0.9,0.888,0.917,0.017,0.908,0.925,0.893,0.898,0.918,0.896,0.926,0.887,0.936,0.917,0.893,0.893,0.876,0.936,0.936,0.895,0.901
0.895,0.925,0.885,0.892,0.934,0.916,0.908,0.897,0.907,0.884,0.924,0.894,0.949,0.89,0.895,0.904,0.921,0.928,0.939,0.905,0.933,0.933,0.934,0.931,0.931,0.927,1.0,0.895,0.897,0.898,0.896,0.932,0.016,0.927,0.913,0.891,0.905,0.947,0.891,0.942,0.886,0.929,0.949,0.894,0.892,0.884,0.922,0.921,0.892,0.905
0.901,0.884,0.881,0.948,0.884,0.878,0.875,0.968,0.882,0.934,0.879,0.943,0.894,0.943,0.946,0.872,0.882,0.879,0.885,0.873,0.883,0.881,0.881,0.898,0.886,0.894,0.895,1.0,0.904,0.885,0.929,0.877,0.017,0.872,0.874,0.918,0.873,0.883,0.925,0.885,0.933,0.887,0.875,0.983,0.98,0.878,0.879,0.878,0.924,0.893
0.906,0.899,0.875,0.894,0.897,0.886,0.879,0.908,0.898,0.9,0.876,0.897,0.892,0.893,0.897,0.878,0.889,0.886,0.882,0.879,0.877,0.877,0.882,0.9,0.895,0.901,0.897,0.904,1.0,0.9,0.898,0.888,0.018,0.873,0.892,0.893,0.879,0.886,0.894,0.888,0.89,0.896,0.882,0.896,0.894,0.888,0.891,0.89,0.894,0.949
0.921,0.901,0.892,0.878,0.903,0.891,0.896,0.886,0.922,0.889,0.886,0.881,0.905,0.877,0.882,0.897,0.892,0.887,0.901,0.895,0.882,0.893,0.893,0.898,0.906,0.9,0.898,0.885,0.9,1.0,0.888,0.891,0.016,0.889,0.891,0.892,0.895,0.885,0.893,0.891,0.886,0.906,0.893,0.883,0.882,0.885,0.896,0.896,0.892,0.906
0.899,0.892,0.881,0.935,0.895,0.885,0.884,0.923,0.893,0.933,0.87,0.925,0.89,0.926,0.932,0.882,0.885,0.887,0.893,0.883,0.884,0.881,0.881,0.888,0.893,0.888,0.896,0.929,0.898,0.888,1.0,0.888,0.018,0.878,0.873,0.911,0.883,0.891,0.926,0.89,0.966,0.894,0.886,0.933,0.935,0.876,0.894,0.893,0.919,0.902
0.887,0.921,0.884,0.878,0.934,0.924,0.915,0.885,0.891,0.875,0.909,0.88,0.931,0.873,0.878,0.906,0.923,0.939,0.934,0.914,0.938,0.94,0.939,0.917,0.927,0.917,0.932,0.877,0.888,0.891,0.888,1.0,0.017,0.941,0.903,0.878,0.915,0.944,0.882,0.934,0.884,0.924,0.943,0.884,0.883,0.895,0.93,0.931,0.885,0.906
0.015,0.017,0.015,0.017,0.017,0.017,0.017,0.017,0.016,0.018,0.017,0.017,0.016,0.017,0.016,0.017,0.017,0.017,0.016,0.017,0.017,0.016,0.017,0.017,0.016,0.017,0.016,0.017,0.018,0.016,0.018,0.017,1.0,0.016,0.017,0.017,0.017,0.017,0.017,0.016,0.018,0.016,0.017,0.017,0.017,0.018,0.016,0.016,0.016,0.018
0.884,0.916,0.888,0.87,0.924,0.928,0.911,0.879,0.892,0.867,0.894,0.866,0.928,0.865,0.863,0.901,0.916,0.943,0.93,0.909,0.944,0.953,0.96,0.909,0.919,0.908,0.927,0.872,0.873,0.889,0.878,0.941,0.016,1.0,0.902,0.877,0.91,0.938,0.88,0.93,0.876,0.917,0.936,0.878,0.878,0.899,0.918,0.919,0.874,0.894
0.894,0.921,0.863,0.88,0.913,0.915,0.894,0.882,0.889,0.89,0.921,0.879,0.917,0.882,0.872,0.889,0.915,0.903,0.906,0.893,0.899,0.9,0.901,0.94,0.928,0.925,0.913,0.874,0.892,0.891,0.873,0.903,0.017,0.902,1.0,0.881,0.893,0.898,0.875,0.914,0.87,0.92,0.903,0.868,0.868,0.861,0.919,0.919,0.876,0.888
0.888,0.89,0.872,0.907,0.891,0.883,0.884,0.91,0.892,0.918,0.876,0.91,0.892,0.907,0.909,0.877,0.888,0.883,0.887,0.881,0.878,0.878,0.882,0.898,0.895,0.893,0.891,0.918,0.893,0.892,0.911,0.878,0.017,0.877,0.881,1.0,0.881,0.873,0.923,0.888,0.908,0.896,0.876,0.914,0.91,0.869,0.886,0.885,0.907,0.891
0.889,0.901,0.885,0.872,0.918,0.915,0.996,0.876,0.889,0.87,0.884,0.873,0.902,0.864,0.868,0.978,0.906,0.917,0.917,0.999,0.918,0.923,0.916,0.898,0.9,0.898,0.905,0.873,0.879,0.895,0.883,0.915,0.017,0.91,0.893,0.881,1.0,0.905,0.883,0.911,0.882,0.904,0.915,0.875,0.879,0.887,0.903,0.904,0.879,0.9
0.887,0.922,0.887,0.879,0.926,0.927,0.906,0.887,0.891,0.875,0.903,0.879,0.929,0.877,0.879,0.899,0.917,0.928,0.933,0.904,0.934,0.935,0.934,0.91,0.927,0.918,0.947,0.883,0.886,0.885,0.891,0.944,0.017,0.938,0.898,0.873,0.905,1.0,0.885,0.936,0.886,0.919,0.957,0.891,0.889,0.891,0.924,0.925,0.887,0.906
0.898,0.891,0.883,0.927,0.895,0.893,0.883,0.927,0.895,0.929,0.872,0.931,0.898,0.921,0.924,0.883,0.889,0.891,0.898,0.883,0.881,0.886,0.884,0.887,0.898,0.896,0.891,0.925,0.894,0.893,0.926,0.882,0.017,0.88,0.875,0.923,0.883,0.885,1.0,0.885,0.924,0.893,0.884,0.929,0.932,0.88,0.892,0.892,0.933,0.897
0.89,0.929,0.892,0.879,0.941,0.926,0.912,0.888,0.897,0.877,0.922,0.882,0.942,0.875,0.88,0.909,0.923,0.934,0.94,0.911,0.935,0.932,0.928,0.926,0.926,0.926,0.942,0.885,0.888,0.891,0.89,0.934,0.016,0.93,0.914,0.888,0.911,0.936,0.885,1.0,0.888,0.936,0.941,0.891,0.888,0.88,0.931,0.931,0.883,0.903
0.897,0.888,0.883,0.938,0.894,0.884,0.883,0.922,0.884,0.93,0.87,0.931,0.884,0.929,0.935,0.883,0.885,0.884,0.892,0.882,0.884,0.883,0.88,0.883,0.889,0.887,0.886,0.933,0.89,0.886,0.966,0.884,0.018,0.876,0.87,0.908,0.882,0.886,0.924,0.888,1.0,0.892,0.881,0.94,0.941,0.878,0.891,0.89,0.921,0.898
0.9,0.944,0.884,0.885,0.928,0.925,0.906,0.89,0.903,0.889,0.915,0.885,0.929,0.884,0.884,0.905,0.928,0.916,0.93,0.904,0.917,0.916,0.915,0.938,0.938,0.936,0.929,0.887,0.896,0.906,0.894,0.924,0.016,0.917,0.92,0.896,0.904,0.919,0.893,0.936,0.892,1.0,0.929,0.889,0.887,0.884,0.94,0.94,0.894,0.902
0.886,0.922,0.887,0.874,0.934,0.922,0.916,0.878,0.899,0.873,0.912,0.879,0.937,0.873,0.873,0.905,0.919,0.935,0.941,0.914,0.938,0.941,0.94,0.914,0.92,0.917,0.949,0.875,0.882,0.893,0.886,0.943,0.017,0.936,0.903,0.876,0.915,0.957,0.884,0.941,0.881,0.929,1.0,0.879,0.879,0.89,0.924,0.925,0.889,0.899
0.895,0.89,0.884,0.938,0.885,0.885,0.877,0.957,0.88,0.925,0.87,0.934,0.887,0.931,0.934,0.875,0.888,0.883,0.887,0.875,0.889,0.884,0.884,0.89,0.895,0.893,0.894,0.983,0.896,0.883,0.933,0.884,0.017,0.878,0.868,0.914,0.875,0.891,0.929,0.891,0.94,0.889,0.879,1.0,0.987,0.884,0.884,0.884,0.926,0.897
0.895,0.89,0.888,0.939,0.889,0.885,0.881,0.956,0.883,0.929,0.871,0.937,0.884,0.936,0.935,0.88,0.889,0.884,0.887,0.879,0.886,0.881,0.883,0.89,0.892,0.893,0.892,0.98,0.894,0.882,0.935,0.883,0.017,0.878,0.868,0.91,0.879,0.889,0.932,0.888,0.941,0.887,0.879,0.987,1.0,0.888,0.888,0.888,0.929,0.894
0.874,0.88,0.875,0.877,0.883,0.884,0.887,0.877,0.878,0.868,0.854,0.873,0.878,0.877,0.874,0.879,0.885,0.891,0.891,0.886,0.897,0.892,0.902,0.871,0.879,0.876,0.884,0.878,0.888,0.885,0.876,0.895,0.018,0.899,0.861,0.869,0.887,0.891,0.88,0.88,0.878,0.884,0.89,0.884,0.888,1.0,0.889,0.89,0.886,0.911
0.898,0.936,0.885,0.879,0.934,0.926,0.904,0.885,0.899,0.882,0.91,0.882,0.927,0.871,0.88,0.904,0.934,0.916,0.924,0.903,0.914,0.919,0.916,0.926,0.932,0.936,0.922,0.879,0.891,0.896,0.894,0.93,0.016,0.918,0.919,0.886,0.903,0.924,0.892,0.931,0.891,0.94,0.924,0.884,0.888,0.889,1.0,0.999,0.888,0.904
0.898,0.935,0.884,0.879,0.934,0.927,0.905,0.885,0.898,0.881,0.909,0.882,0.926,0.87,0.88,0.904,0.934,0.916,0.925,0.904,0.915,0.92,0.917,0.926,0.932,0.936,0.921,0.878,0.89,0.896,0.893,0.931,0.016,0.919,0.919,0.885,0.904,0.925,0.892,0.931,0.89,0.94,0.925,0.884,0.888,0.89,0.999,1.0,0.887,0.904
0.895,0.891,0.886,0.924,0.895,0.887,0.882,0.92,0.891,0.924,0.879,0.923,0.898,0.923,0.917,0.88,0.882,0.885,0.889,0.879,0.883,0.88,0.88,0.889,0.895,0.895,0.892,0.924,0.894,0.892,0.919,0.885,0.016,0.874,0.876,0.907,0.879,0.887,0.933,0.883,0.921,0.894,0.889,0.926,0.929,0.886,0.888,0.887,1.0,0.893
0.904,0.906,0.887,0.892,0.907,0.9,0.9,0.896,0.907,0.892,0.88,0.89,0.891,0.89,0.893,0.895,0.903,0.899,0.9,0.9,0.893,0.896,0.9,0.897,0.908,0.901,0.905,0.893,0.949,0.906,0.902,0.906,0.018,0.894,0.888,0.891,0.9,0.906,0.897,0.903,0.898,0.902,0.899,0.897,0.894,0.911,0.904,0.904,0.893,1.0
