GCF_000163235.1_ASM16323v1_genomic.fna,GCF_000164555.1_ASM16455v1_genomic.fna,GCF_000208545.1_ASM20854v2_genomic.fna,GCF_000233875.1_ASM23387v1_genomic.fna,GCF_000249735.1_ASM24973v2_genomic.fna,GCF_000261145.1_Esch_coli_M919_V2_genomic.fna,GCF_000267705.2_ASM26770v2_genomic.fna,GCF_000350665.1_Esch_coli_KTE5_V1_genomic.fna,GCF_000351625.1_Esch_coli_KTE66_V1_genomic.fna,GCF_000352285.1_Esch_coli_KTE46_V1_genomic.fna,GCF_000358895.1_ASM35889v1_genomic.fna,GCF_000456385.1_Esch_coli_HVH_26_4-5703913_V1_genomic.fna,GCF_000458195.1_Esch_coli_HVH_147_4-5893887_V1_genomic.fna,GCF_000459755.1_Esch_coli_KOEGE_58_171a_V1_genomic.fna,GCF_000460055.1_Esch_coli_UMEA_3053-1_V1_genomic.fna,GCF_000462165.2_ASM46216v2_genomic.fna,GCF_000601135.1_ASM60113v1_genomic.fna,GCF_000614595.1_Ec2010EL1058_genomic.fna,GCF_000617745.1_Ec2010C-4529_genomic.fna,GCF_000618265.2_EcF6751_genomic.fna,GCF_000619005.2_Ec2009C-4052_genomic.fna,GCF_000619105.1_Ec2009C-4780_genomic.fna,GCF_000619765.2_Ec2009C-3279_genomic.fna,GCF_000687005.1_ASM68700v1_genomic.fna,GCF_000687025.1_ASM68702v1_genomic.fna,GCF_000700125.1_ASM70012v1_genomic.fna,GCF_000753315.1_FHI35_genomic.fna,GCF_000776375.1_ASM77637v1_genomic.fna,GCF_000779395.1_ASM77939v1_genomic.fna,GCF_000780315.1_ASM78031v1_genomic.fna,GCF_000781995.1_ASM78199v1_genomic.fna,GCF_000986765.1_ASM98676v1_genomic.fna,GCF_001041375.1_ViralProj287958_genomic.fna,GCF_001265335.1_302014_genomic.fna,GCF_001265625.1_100854_genomic.fna,GCF_001267345.1_303289_genomic.fna,GCF_001309985.1_ASM130998v1_genomic.fna,GCF_001521695.1_ASM152169v1_genomic.fna,GCF_001592595.1_ASM159259v1_genomic.fna,GCF_001614975.1_ASM161497v1_genomic.fna,GCF_001692775.1_ASM169277v1_genomic.fna,GCF_001748915.1_ASM174891v1_genomic.fna,GCF_001749235.1_ASM174923v1_genomic.fna,GCF_001881155.1_ASM188115v1_genomic.fna,GCF_001881345.1_ASM188134v1_genomic.fna,GCF_001892405.1_ASM189240v1_genomic.fna,GCF_001892585.1_ASM189258v1_genomic.fna,GCF_001893985.1_ASM189398v1_genomic.fna,GCF_002001595.1_ASM200159v1_genomic.fna,GCF_002002145.1_ASM200214v1_genomic.fna
1.0,0.5,0.397,0.432,0.481,0.486,0.437,0.444,0.583,0.449,0.458,0.451,0.475,0.445,0.427,0.451,0.478,0.473,0.484,0.436,0.468,0.487,0.485,0.49,0.485,0.487,0.466,0.432,0.507,0.584,0.412,0.485,0.0,0.481,0.459,0.424,0.439,0.491,0.427,0.482,0.427,0.465,0.468,0.439,0.459,0.466,0.467,0.468,0.407,0.52
0.5,1.0,0.373,0.416,0.639,0.785,0.515,0.423,0.468,0.431,0.593,0.423,0.605,0.422,0.405,0.529,0.704,0.627,0.613,0.513,0.611,0.616,0.628,0.786,0.794,0.712,0.603,0.416,0.464,0.476,0.419,0.637,0.0,0.611,0.747,0.405,0.518,0.635,0.414,0.611,0.427,0.673,0.616,0.429,0.439,0.423,0.68,0.682,0.41,0.478
0.397,0.373,1.0,0.329,0.354,0.355,0.344,0.318,0.377,0.332,0.34,0.334,0.352,0.329,0.33,0.355,0.347,0.364,0.356,0.342,0.359,0.36,0.361,0.357,0.366,0.364,0.352,0.313,0.384,0.396,0.33,0.371,0.0,0.353,0.328,0.323,0.346,0.355,0.335,0.355,0.34,0.359,0.357,0.327,0.317,0.357,0.358,0.358,0.334,0.392
0.432,0.416,0.329,1.0,0.408,0.408,0.373,0.69,0.424,0.736,0.413,0.736,0.422,0.763,0.746,0.384,0.396,0.402,0.415,0.371,0.4,0.43,0.431,0.422,0.42,0.419,0.422,0.736,0.474,0.418,0.694,0.424,0.0,0.417,0.395,0.613,0.375,0.42,0.662,0.427,0.732,0.394,0.417,0.725,0.726,0.412,0.393,0.394,0.657,0.468
0.481,0.639,0.354,0.408,1.0,0.638,0.514,0.425,0.456,0.421,0.73,0.421,0.676,0.425,0.418,0.529,0.631,0.66,0.656,0.512,0.673,0.661,0.673,0.624,0.63,0.627,0.673,0.404,0.458,0.464,0.418,0.684,0.0,0.662,0.606,0.407,0.518,0.685,0.434,0.675,0.425,0.635,0.687,0.408,0.415,0.422,0.653,0.655,0.397,0.463
0.486,0.785,0.355,0.408,0.638,1.0,0.526,0.422,0.476,0.407,0.602,0.407,0.619,0.421,0.402,0.54,0.689,0.637,0.621,0.522,0.605,0.633,0.647,0.787,0.797,0.698,0.606,0.4,0.477,0.476,0.413,0.638,0.0,0.633,0.767,0.401,0.525,0.633,0.433,0.627,0.423,0.684,0.632,0.403,0.405,0.406,0.683,0.684,0.393,0.494
0.437,0.515,0.344,0.373,0.514,0.526,1.0,0.378,0.425,0.366,0.481,0.365,0.491,0.384,0.362,0.941,0.507,0.559,0.562,0.987,0.568,0.531,0.564,0.511,0.498,0.517,0.498,0.364,0.419,0.426,0.373,0.522,0.0,0.515,0.498,0.383,0.987,0.496,0.38,0.505,0.373,0.502,0.504,0.368,0.371,0.395,0.495,0.496,0.356,0.44
0.444,0.423,0.318,0.69,0.425,0.422,0.378,1.0,0.423,0.703,0.402,0.693,0.422,0.712,0.681,0.388,0.393,0.405,0.415,0.376,0.394,0.425,0.419,0.422,0.408,0.412,0.417,0.892,0.478,0.42,0.681,0.411,0.0,0.421,0.391,0.593,0.381,0.443,0.663,0.416,0.699,0.39,0.419,0.892,0.881,0.418,0.385,0.386,0.627,0.47
0.583,0.468,0.377,0.424,0.456,0.476,0.425,0.423,1.0,0.436,0.454,0.429,0.467,0.443,0.424,0.44,0.467,0.468,0.465,0.423,0.455,0.47,0.467,0.477,0.472,0.469,0.465,0.418,0.5,0.614,0.419,0.469,0.0,0.466,0.451,0.435,0.43,0.463,0.42,0.472,0.428,0.455,0.474,0.42,0.422,0.451,0.45,0.451,0.406,0.52
0.449,0.431,0.332,0.736,0.421,0.407,0.366,0.703,0.436,1.0,0.432,0.71,0.446,0.712,0.688,0.381,0.399,0.404,0.414,0.364,0.399,0.428,0.42,0.422,0.413,0.428,0.424,0.734,0.483,0.425,0.711,0.416,0.0,0.423,0.392,0.623,0.37,0.423,0.666,0.44,0.728,0.391,0.415,0.714,0.727,0.411,0.394,0.395,0.684,0.473
0.458,0.593,0.34,0.413,0.73,0.602,0.481,0.402,0.454,0.432,1.0,0.417,0.742,0.415,0.396,0.499,0.596,0.648,0.648,0.479,0.639,0.689,0.671,0.639,0.601,0.654,0.691,0.413,0.454,0.459,0.387,0.653,0.0,0.67,0.62,0.402,0.485,0.671,0.412,0.699,0.401,0.604,0.681,0.399,0.404,0.392,0.602,0.603,0.409,0.455
0.451,0.423,0.334,0.736,0.421,0.407,0.365,0.693,0.429,0.71,0.417,1.0,0.436,0.732,0.849,0.377,0.404,0.395,0.412,0.362,0.402,0.437,0.429,0.419,0.415,0.42,0.422,0.707,0.486,0.437,0.666,0.422,0.0,0.424,0.393,0.607,0.364,0.428,0.668,0.432,0.706,0.392,0.421,0.705,0.717,0.427,0.394,0.396,0.657,0.469
0.475,0.605,0.352,0.422,0.676,0.619,0.491,0.422,0.467,0.446,0.742,0.436,1.0,0.428,0.402,0.506,0.608,0.676,0.712,0.49,0.695,0.776,0.752,0.657,0.617,0.644,0.754,0.428,0.472,0.483,0.407,0.718,0.0,0.755,0.634,0.4,0.495,0.722,0.425,0.754,0.419,0.601,0.739,0.415,0.418,0.406,0.6,0.6,0.422,0.473
0.445,0.422,0.329,0.763,0.425,0.421,0.384,0.712,0.443,0.712,0.415,0.732,0.428,1.0,0.76,0.398,0.407,0.419,0.421,0.382,0.404,0.442,0.438,0.417,0.419,0.417,0.421,0.735,0.48,0.434,0.7,0.44,0.0,0.435,0.389,0.62,0.388,0.439,0.675,0.43,0.732,0.401,0.425,0.732,0.732,0.43,0.403,0.404,0.657,0.49
0.427,0.405,0.33,0.746,0.418,0.402,0.362,0.681,0.424,0.688,0.396,0.849,0.402,0.76,1.0,0.375,0.406,0.397,0.399,0.358,0.397,0.418,0.426,0.395,0.409,0.4,0.395,0.698,0.458,0.427,0.683,0.417,0.0,0.408,0.367,0.603,0.366,0.41,0.668,0.408,0.717,0.382,0.399,0.699,0.7,0.421,0.4,0.401,0.64,0.482
0.451,0.529,0.355,0.384,0.529,0.54,0.941,0.388,0.44,0.381,0.499,0.377,0.506,0.398,0.375,1.0,0.522,0.565,0.568,0.935,0.559,0.542,0.56,0.523,0.516,0.527,0.511,0.375,0.432,0.444,0.387,0.531,0.0,0.522,0.508,0.396,0.944,0.51,0.393,0.518,0.39,0.517,0.516,0.377,0.381,0.403,0.509,0.51,0.368,0.452
0.478,0.704,0.347,0.396,0.631,0.689,0.507,0.393,0.467,0.399,0.596,0.404,0.608,0.407,0.406,0.522,1.0,0.615,0.613,0.505,0.601,0.627,0.628,0.721,0.703,0.729,0.603,0.39,0.453,0.47,0.393,0.655,0.0,0.628,0.669,0.411,0.508,0.603,0.413,0.611,0.401,0.642,0.618,0.393,0.407,0.399,0.665,0.667,0.382,0.474
0.473,0.627,0.364,0.402,0.66,0.637,0.559,0.405,0.468,0.404,0.648,0.395,0.676,0.419,0.397,0.565,0.615,1.0,0.736,0.557,0.73,0.711,0.722,0.623,0.61,0.617,0.679,0.396,0.449,0.476,0.402,0.687,0.0,0.673,0.599,0.428,0.561,0.665,0.418,0.676,0.403,0.637,0.678,0.399,0.401,0.409,0.629,0.63,0.382,0.473
0.484,0.613,0.356,0.415,0.656,0.621,0.562,0.415,0.465,0.414,0.648,0.412,0.712,0.421,0.399,0.568,0.613,0.736,1.0,0.558,0.735,0.731,0.741,0.629,0.622,0.624,0.706,0.407,0.455,0.477,0.402,0.703,0.0,0.705,0.62,0.426,0.564,0.696,0.438,0.697,0.414,0.61,0.709,0.407,0.414,0.406,0.611,0.612,0.388,0.47
0.436,0.513,0.342,0.371,0.512,0.522,0.987,0.376,0.423,0.364,0.479,0.362,0.49,0.382,0.358,0.935,0.505,0.557,0.558,1.0,0.566,0.528,0.561,0.509,0.497,0.514,0.495,0.362,0.418,0.425,0.371,0.523,0.0,0.512,0.494,0.38,0.983,0.494,0.379,0.503,0.371,0.5,0.502,0.365,0.368,0.393,0.493,0.494,0.354,0.436
0.468,0.611,0.359,0.4,0.673,0.605,0.568,0.394,0.455,0.399,0.639,0.402,0.695,0.404,0.397,0.559,0.601,0.73,0.735,0.566,1.0,0.717,0.741,0.614,0.598,0.611,0.7,0.391,0.442,0.45,0.394,0.708,0.0,0.708,0.591,0.418,0.568,0.693,0.412,0.689,0.397,0.613,0.694,0.393,0.398,0.415,0.623,0.625,0.38,0.469
0.487,0.616,0.36,0.43,0.661,0.633,0.531,0.425,0.47,0.428,0.689,0.437,0.776,0.442,0.418,0.542,0.627,0.711,0.731,0.528,0.717,1.0,0.915,0.641,0.623,0.638,0.737,0.425,0.471,0.485,0.413,0.729,0.0,0.878,0.617,0.422,0.533,0.732,0.427,0.746,0.427,0.606,0.747,0.426,0.428,0.41,0.616,0.617,0.412,0.485
0.485,0.628,0.361,0.431,0.673,0.647,0.564,0.419,0.467,0.42,0.671,0.429,0.752,0.438,0.426,0.56,0.628,0.722,0.741,0.561,0.741,0.915,1.0,0.625,0.621,0.627,0.726,0.417,0.47,0.482,0.427,0.744,0.0,0.856,0.603,0.438,0.565,0.715,0.441,0.727,0.437,0.616,0.724,0.42,0.424,0.415,0.621,0.624,0.403,0.49
0.49,0.786,0.357,0.422,0.624,0.787,0.511,0.422,0.477,0.422,0.639,0.419,0.657,0.417,0.395,0.523,0.721,0.623,0.629,0.509,0.614,0.641,0.625,1.0,0.8,0.763,0.638,0.421,0.473,0.489,0.398,0.628,0.0,0.632,0.81,0.4,0.514,0.627,0.4,0.641,0.412,0.674,0.631,0.414,0.424,0.405,0.677,0.678,0.407,0.486
0.485,0.794,0.366,0.42,0.63,0.797,0.498,0.408,0.472,0.413,0.601,0.415,0.617,0.419,0.409,0.516,0.703,0.61,0.622,0.497,0.598,0.623,0.621,0.8,1.0,0.732,0.613,0.399,0.467,0.482,0.405,0.655,0.0,0.618,0.772,0.398,0.5,0.622,0.424,0.613,0.413,0.673,0.626,0.413,0.416,0.402,0.673,0.675,0.409,0.477
0.487,0.712,0.364,0.419,0.627,0.698,0.517,0.412,0.469,0.428,0.654,0.42,0.644,0.417,0.4,0.527,0.729,0.617,0.624,0.514,0.611,0.638,0.627,0.763,0.732,1.0,0.642,0.413,0.468,0.478,0.393,0.622,0.0,0.629,0.722,0.402,0.517,0.629,0.404,0.651,0.406,0.674,0.625,0.416,0.412,0.404,0.665,0.667,0.419,0.475
0.466,0.603,0.352,0.422,0.673,0.606,0.498,0.417,0.465,0.424,0.691,0.422,0.754,0.421,0.395,0.511,0.603,0.679,0.706,0.495,0.7,0.737,0.726,0.638,0.613,0.642,1.0,0.413,0.468,0.463,0.395,0.722,0.0,0.722,0.607,0.397,0.502,0.805,0.407,0.763,0.409,0.611,0.818,0.418,0.41,0.409,0.597,0.598,0.405,0.47
0.432,0.416,0.313,0.736,0.404,0.4,0.364,0.892,0.418,0.734,0.413,0.707,0.428,0.735,0.698,0.375,0.39,0.396,0.407,0.362,0.391,0.425,0.417,0.421,0.399,0.413,0.413,1.0,0.472,0.418,0.679,0.415,0.0,0.413,0.389,0.592,0.368,0.43,0.652,0.412,0.71,0.381,0.406,0.956,0.94,0.408,0.388,0.39,0.661,0.46
0.507,0.464,0.384,0.474,0.458,0.477,0.419,0.478,0.5,0.483,0.454,0.486,0.472,0.48,0.458,0.432,0.453,0.449,0.455,0.418,0.442,0.471,0.47,0.473,0.467,0.468,0.468,0.472,1.0,0.478,0.452,0.466,0.0,0.468,0.453,0.452,0.421,0.472,0.467,0.484,0.462,0.438,0.466,0.467,0.473,0.523,0.428,0.428,0.452,0.806
0.584,0.476,0.396,0.418,0.464,0.476,0.426,0.42,0.614,0.425,0.459,0.437,0.483,0.434,0.427,0.444,0.47,0.476,0.477,0.425,0.45,0.485,0.482,0.489,0.482,0.478,0.463,0.418,0.478,1.0,0.414,0.473,0.0,0.48,0.454,0.42,0.43,0.467,0.416,0.483,0.426,0.46,0.473,0.418,0.42,0.459,0.455,0.454,0.401,0.496
0.412,0.419,0.33,0.694,0.418,0.413,0.373,0.681,0.419,0.711,0.387,0.666,0.407,0.7,0.683,0.387,0.393,0.402,0.402,0.371,0.394,0.413,0.427,0.398,0.405,0.393,0.395,0.679,0.452,0.414,1.0,0.415,0.0,0.417,0.374,0.613,0.377,0.409,0.641,0.405,0.889,0.394,0.399,0.682,0.683,0.411,0.398,0.399,0.618,0.461
0.485,0.637,0.371,0.424,0.684,0.638,0.522,0.411,0.469,0.416,0.653,0.422,0.718,0.44,0.417,0.531,0.655,0.687,0.703,0.523,0.708,0.729,0.744,0.628,0.655,0.622,0.722,0.415,0.466,0.473,0.415,1.0,0.0,0.717,0.596,0.414,0.525,0.743,0.434,0.733,0.419,0.624,0.742,0.42,0.425,0.41,0.635,0.636,0.396,0.476
0.0,0.0,0.0,0.0,0.0,0.0,0.0,0.0,0.0,0.0,0.0,0.0,0.0,0.0,0.0,0.0,0.0,0.0,0.0,0.0,0.0,0.0,0.0,0.0,0.0,0.0,0.0,0.0,0.0,0.0,0.0,0.0,1.0,0.0,0.0,0.0,0.0,0.0,0.0,0.0,0.0,0.0,0.0,0.0,0.0,0.0,0.0,0.0,0.0,0.0
0.481,0.611,0.353,0.417,0.662,0.633,0.515,0.421,0.466,0.423,0.67,0.424,0.755,0.435,0.408,0.522,0.628,0.673,0.705,0.512,0.708,0.878,0.856,0.632,0.618,0.629,0.722,0.413,0.468,0.48,0.417,0.717,0.0,1.0,0.61,0.427,0.517,0.719,0.434,0.732,0.425,0.599,0.732,0.413,0.418,0.408,0.613,0.616,0.4,0.482
0.459,0.747,0.328,0.395,0.606,0.767,0.498,0.391,0.451,0.392,0.62,0.393,0.634,0.389,0.367,0.508,0.669,0.599,0.62,0.494,0.591,0.617,0.603,0.81,0.772,0.722,0.607,0.389,0.453,0.454,0.374,0.596,0.0,0.61,1.0,0.382,0.498,0.599,0.394,0.618,0.386,0.644,0.611,0.381,0.387,0.389,0.641,0.643,0.383,0.458
0.424,0.405,0.323,0.613,0.407,0.401,0.383,0.593,0.435,0.623,0.402,0.607,0.4,0.62,0.603,0.396,0.411,0.428,0.426,0.38,0.418,0.422,0.438,0.4,0.398,0.402,0.397,0.592,0.452,0.42,0.613,0.414,0.0,0.427,0.382,1.0,0.383,0.396,0.65,0.41,0.616,0.398,0.396,0.597,0.603,0.42,0.387,0.388,0.588,0.477
0.439,0.518,0.346,0.375,0.518,0.525,0.987,0.381,0.43,0.37,0.485,0.364,0.495,0.388,0.366,0.944,0.508,0.561,0.564,0.983,0.568,0.533,0.565,0.514,0.5,0.517,0.502,0.368,0.421,0.43,0.377,0.525,0.0,0.517,0.498,0.383,1.0,0.499,0.379,0.509,0.378,0.504,0.507,0.371,0.374,0.4,0.498,0.499,0.359,0.443
0.491,0.635,0.355,0.42,0.685,0.633,0.496,0.443,0.463,0.423,0.671,0.428,0.722,0.439,0.41,0.51,0.603,0.665,0.696,0.494,0.693,0.732,0.715,0.627,0.622,0.629,0.805,0.43,0.472,0.467,0.409,0.743,0.0,0.719,0.599,0.396,0.499,1.0,0.429,0.747,0.422,0.618,0.854,0.435,0.427,0.414,0.622,0.624,0.411,0.474
0.427,0.414,0.335,0.662,0.434,0.433,0.38,0.663,0.42,0.666,0.412,0.668,0.425,0.675,0.668,0.393,0.413,0.418,0.438,0.379,0.412,0.427,0.441,0.4,0.424,0.404,0.407,0.652,0.467,0.416,0.641,0.434,0.0,0.434,0.394,0.65,0.379,0.429,1.0,0.419,0.652,0.4,0.417,0.657,0.66,0.431,0.398,0.398,0.605,0.475
0.482,0.611,0.355,0.427,0.675,0.627,0.505,0.416,0.472,0.44,0.699,0.432,0.754,0.43,0.408,0.518,0.611,0.676,0.697,0.503,0.689,0.746,0.727,0.641,0.613,0.651,0.763,0.412,0.484,0.483,0.405,0.733,0.0,0.732,0.618,0.41,0.509,0.747,0.419,1.0,0.419,0.61,0.758,0.406,0.412,0.418,0.629,0.631,0.403,0.487
0.427,0.427,0.34,0.732,0.425,0.423,0.373,0.699,0.428,0.728,0.401,0.706,0.419,0.732,0.717,0.39,0.401,0.403,0.414,0.371,0.397,0.427,0.437,0.412,0.413,0.406,0.409,0.71,0.462,0.426,0.889,0.419,0.0,0.425,0.386,0.616,0.378,0.422,0.652,0.419,1.0,0.396,0.41,0.715,0.714,0.415,0.397,0.398,0.636,0.469
0.465,0.673,0.359,0.394,0.635,0.684,0.502,0.39,0.455,0.391,0.604,0.392,0.601,0.401,0.382,0.517,0.642,0.637,0.61,0.5,0.613,0.606,0.616,0.674,0.673,0.674,0.611,0.381,0.438,0.46,0.394,0.624,0.0,0.599,0.644,0.398,0.504,0.618,0.4,0.61,0.396,1.0,0.629,0.384,0.385,0.399,0.7,0.701,0.37,0.465
0.468,0.616,0.357,0.417,0.687,0.632,0.504,0.419,0.474,0.415,0.681,0.421,0.739,0.425,0.399,0.516,0.618,0.678,0.709,0.502,0.694,0.747,0.724,0.631,0.626,0.625,0.818,0.406,0.466,0.473,0.399,0.742,0.0,0.732,0.611,0.396,0.507,0.854,0.417,0.758,0.41,0.629,1.0,0.411,0.41,0.418,0.608,0.61,0.399,0.478
0.439,0.429,0.327,0.725,0.408,0.403,0.368,0.892,0.42,0.714,0.399,0.705,0.415,0.732,0.699,0.377,0.393,0.399,0.407,0.365,0.393,0.426,0.42,0.414,0.413,0.416,0.418,0.956,0.467,0.418,0.682,0.42,0.0,0.413,0.381,0.597,0.371,0.435,0.657,0.406,0.715,0.384,0.411,1.0,0.957,0.416,0.388,0.39,0.655,0.46
0.459,0.439,0.317,0.726,0.415,0.405,0.371,0.881,0.422,0.727,0.404,0.717,0.418,0.732,0.7,0.381,0.407,0.401,0.414,0.368,0.398,0.428,0.424,0.424,0.416,0.412,0.41,0.94,0.473,0.42,0.683,0.425,0.0,0.418,0.387,0.603,0.374,0.427,0.66,0.412,0.714,0.385,0.41,0.957,1.0,0.42,0.401,0.403,0.646,0.466
0.466,0.423,0.357,0.412,0.422,0.406,0.395,0.418,0.451,0.411,0.392,0.427,0.406,0.43,0.421,0.403,0.399,0.409,0.406,0.393,0.415,0.41,0.415,0.405,0.402,0.404,0.409,0.408,0.523,0.459,0.411,0.41,0.0,0.408,0.389,0.42,0.4,0.414,0.431,0.418,0.415,0.399,0.418,0.416,0.42,1.0,0.434,0.436,0.406,0.592
0.467,0.68,0.358,0.393,0.653,0.683,0.495,0.385,0.45,0.394,0.602,0.394,0.6,0.403,0.4,0.509,0.665,0.629,0.611,0.493,0.623,0.616,0.621,0.677,0.673,0.665,0.597,0.388,0.428,0.455,0.398,0.635,0.0,0.613,0.641,0.387,0.498,0.622,0.398,0.629,0.397,0.7,0.608,0.388,0.401,0.434,1.0,0.996,0.372,0.457
0.468,0.682,0.358,0.394,0.655,0.684,0.496,0.386,0.451,0.395,0.603,0.396,0.6,0.404,0.401,0.51,0.667,0.63,0.612,0.494,0.625,0.617,0.624,0.678,0.675,0.667,0.598,0.39,0.428,0.454,0.399,0.636,0.0,0.616,0.643,0.388,0.499,0.624,0.398,0.631,0.398,0.701,0.61,0.39,0.403,0.436,0.996,1.0,0.373,0.458
0.407,0.41,0.334,0.657,0.397,0.393,0.356,0.627,0.406,0.684,0.409,0.657,0.422,0.657,0.64,0.368,0.382,0.382,0.388,0.354,0.38,0.412,0.403,0.407,0.409,0.419,0.405,0.661,0.452,0.401,0.618,0.396,0.0,0.4,0.383,0.588,0.359,0.411,0.605,0.403,0.636,0.37,0.399,0.655,0.646,0.406,0.372,0.373,1.0,0.45
0.52,0.478,0.392,0.468,0.463,0.494,0.44,0.47,0.52,0.473,0.455,0.469,0.473,0.49,0.482,0.452,0.474,0.473,0.47,0.436,0.469,0.485,0.49,0.486,0.477,0.475,0.47,0.46,0.806,0.496,0.461,0.476,0.0,0.482,0.458,0.477,0.443,0.474,0.475,0.487,0.469,0.465,0.478,0.46,0.466,0.592,0.457,0.458,0.45,1.0
