GCF_000163235.1_ASM16323v1_genomic.fna,GCF_000164555.1_ASM16455v1_genomic.fna,GCF_000208545.1_ASM20854v2_genomic.fna,GCF_000233875.1_ASM23387v1_genomic.fna,GCF_000249735.1_ASM24973v2_genomic.fna,GCF_000261145.1_Esch_coli_M919_V2_genomic.fna,GCF_000267705.2_ASM26770v2_genomic.fna,GCF_000350665.1_Esch_coli_KTE5_V1_genomic.fna,GCF_000351625.1_Esch_coli_KTE66_V1_genomic.fna,GCF_000352285.1_Esch_coli_KTE46_V1_genomic.fna,GCF_000358895.1_ASM35889v1_genomic.fna,GCF_000456385.1_Esch_coli_HVH_26_4-5703913_V1_genomic.fna,GCF_000458195.1_Esch_coli_HVH_147_4-5893887_V1_genomic.fna,GCF_000459755.1_Esch_coli_KOEGE_58_171a_V1_genomic.fna,GCF_000460055.1_Esch_coli_UMEA_3053-1_V1_genomic.fna,GCF_000462165.2_ASM46216v2_genomic.fna,GCF_000601135.1_ASM60113v1_genomic.fna,GCF_000614595.1_Ec2010EL1058_genomic.fna,GCF_000617745.1_Ec2010C-4529_genomic.fna,GCF_000618265.2_EcF6751_genomic.fna,GCF_000619005.2_Ec2009C-4052_genomic.fna,GCF_000619105.1_Ec2009C-4780_genomic.fna,GCF_000619765.2_Ec2009C-3279_genomic.fna,GCF_000687005.1_ASM68700v1_genomic.fna,GCF_000687025.1_ASM68702v1_genomic.fna,GCF_000700125.1_ASM70012v1_genomic.fna,GCF_000753315.1_FHI35_genomic.fna,GCF_000776375.1_ASM77637v1_genomic.fna,GCF_000779395.1_ASM77939v1_genomic.fna,GCF_000780315.1_ASM78031v1_genomic.fna,GCF_000781995.1_ASM78199v1_genomic.fna,GCF_000986765.1_ASM98676v1_genomic.fna,GCF_001041375.1_ViralProj287958_genomic.fna,GCF_001265335.1_302014_genomic.fna,GCF_001265625.1_100854_genomic.fna,GCF_001267345.1_303289_genomic.fna,GCF_001309985.1_ASM130998v1_genomic.fna,GCF_001521695.1_ASM152169v1_genomic.fna,GCF_001592595.1_ASM159259v1_genomic.fna,GCF_001614975.1_ASM161497v1_genomic.fna,GCF_001692775.1_ASM169277v1_genomic.fna,GCF_001748915.1_ASM174891v1_genomic.fna,GCF_001749235.1_ASM174923v1_genomic.fna,GCF_001881155.1_ASM188115v1_genomic.fna,GCF_001881345.1_ASM188134v1_genomic.fna,GCF_001892405.1_ASM189240v1_genomic.fna,GCF_001892585.1_ASM189258v1_genomic.fna,GCF_001893985.1_ASM189398v1_genomic.fna,GCF_002001595.1_ASM200159v1_genomic.fna,GCF_002002145.1_ASM200214v1_genomic.fna
1.0,0.489,0.4,0.442,0.489,0.479,0.464,0.422,0.558,0.441,0.464,0.433,0.464,0.428,0.413,0.474,0.489,0.473,0.482,0.46,0.464,0.471,0.481,0.49,0.471,0.472,0.469,0.427,0.509,0.544,0.408,0.479,0.0,0.482,0.458,0.427,0.462,0.478,0.411,0.475,0.413,0.475,0.477,0.417,0.431,0.456,0.479,0.478,0.41,0.511
0.489,1.0,0.361,0.414,0.602,0.765,0.523,0.433,0.433,0.416,0.557,0.442,0.576,0.409,0.418,0.522,0.692,0.582,0.594,0.522,0.562,0.562,0.581,0.763,0.77,0.684,0.589,0.409,0.474,0.468,0.402,0.607,0.0,0.577,0.702,0.416,0.52,0.619,0.419,0.572,0.405,0.676,0.602,0.425,0.434,0.415,0.681,0.684,0.423,0.455
0.4,0.361,1.0,0.33,0.351,0.344,0.34,0.326,0.362,0.321,0.332,0.334,0.338,0.325,0.327,0.345,0.358,0.332,0.346,0.34,0.331,0.332,0.338,0.354,0.349,0.341,0.344,0.313,0.378,0.39,0.322,0.354,0.0,0.34,0.326,0.324,0.342,0.344,0.32,0.337,0.331,0.359,0.351,0.321,0.321,0.346,0.353,0.354,0.327,0.381
0.442,0.414,0.33,1.0,0.42,0.412,0.386,0.69,0.422,0.72,0.401,0.714,0.401,0.766,0.752,0.392,0.415,0.412,0.421,0.382,0.398,0.405,0.419,0.405,0.414,0.402,0.417,0.745,0.465,0.414,0.711,0.425,0.0,0.415,0.376,0.628,0.382,0.407,0.655,0.397,0.726,0.408,0.412,0.731,0.724,0.427,0.401,0.4,0.656,0.472
0.489,0.602,0.351,0.42,1.0,0.624,0.531,0.42,0.444,0.427,0.743,0.415,0.68,0.418,0.409,0.54,0.63,0.657,0.662,0.527,0.653,0.655,0.668,0.621,0.623,0.62,0.671,0.422,0.46,0.444,0.4,0.66,0.0,0.661,0.589,0.416,0.528,0.674,0.406,0.682,0.411,0.629,0.687,0.406,0.416,0.397,0.641,0.642,0.421,0.448
0.479,0.765,0.344,0.412,0.624,1.0,0.547,0.423,0.437,0.411,0.583,0.418,0.592,0.42,0.411,0.553,0.698,0.607,0.615,0.542,0.582,0.583,0.598,0.764,0.783,0.687,0.593,0.406,0.466,0.463,0.396,0.603,0.0,0.604,0.732,0.423,0.543,0.615,0.422,0.596,0.409,0.68,0.612,0.413,0.409,0.408,0.693,0.694,0.411,0.473
0.464,0.523,0.34,0.386,0.531,0.547,1.0,0.383,0.437,0.376,0.509,0.386,0.516,0.38,0.381,0.959,0.54,0.552,0.563,0.986,0.543,0.54,0.557,0.533,0.522,0.524,0.534,0.372,0.443,0.452,0.382,0.549,0.0,0.536,0.495,0.403,0.991,0.521,0.39,0.526,0.38,0.536,0.53,0.382,0.381,0.397,0.525,0.526,0.373,0.45
0.422,0.433,0.326,0.69,0.42,0.423,0.383,1.0,0.379,0.691,0.381,0.693,0.387,0.697,0.685,0.382,0.404,0.388,0.414,0.381,0.382,0.382,0.398,0.41,0.397,0.395,0.391,0.888,0.473,0.426,0.7,0.415,0.0,0.395,0.366,0.602,0.38,0.421,0.664,0.394,0.702,0.408,0.398,0.896,0.884,0.426,0.397,0.397,0.635,0.464
0.558,0.433,0.362,0.422,0.444,0.437,0.437,0.379,1.0,0.429,0.447,0.403,0.46,0.422,0.401,0.439,0.454,0.454,0.444,0.433,0.435,0.464,0.447,0.471,0.45,0.454,0.442,0.399,0.486,0.554,0.394,0.445,0.0,0.445,0.429,0.418,0.435,0.433,0.388,0.447,0.393,0.451,0.452,0.384,0.38,0.425,0.448,0.445,0.404,0.505
0.441,0.416,0.321,0.72,0.427,0.411,0.376,0.691,0.429,1.0,0.403,0.69,0.412,0.737,0.695,0.383,0.417,0.404,0.411,0.374,0.391,0.405,0.407,0.412,0.414,0.421,0.4,0.728,0.466,0.413,0.726,0.399,0.0,0.399,0.382,0.621,0.373,0.398,0.673,0.405,0.722,0.401,0.4,0.702,0.707,0.423,0.401,0.402,0.681,0.465
0.464,0.557,0.332,0.401,0.743,0.583,0.509,0.381,0.447,0.403,1.0,0.385,0.722,0.4,0.372,0.52,0.594,0.671,0.651,0.505,0.657,0.7,0.669,0.634,0.583,0.606,0.665,0.395,0.427,0.435,0.372,0.625,0.0,0.64,0.621,0.395,0.506,0.649,0.382,0.702,0.377,0.577,0.673,0.381,0.379,0.381,0.594,0.592,0.395,0.43
0.433,0.442,0.334,0.714,0.415,0.418,0.386,0.693,0.403,0.69,0.385,1.0,0.397,0.699,0.852,0.386,0.416,0.393,0.415,0.383,0.395,0.393,0.408,0.419,0.415,0.405,0.401,0.69,0.481,0.424,0.673,0.419,0.0,0.408,0.385,0.606,0.385,0.413,0.665,0.389,0.691,0.409,0.411,0.697,0.704,0.441,0.404,0.405,0.624,0.464
0.464,0.576,0.338,0.401,0.68,0.592,0.516,0.387,0.46,0.412,0.722,0.397,1.0,0.398,0.382,0.526,0.605,0.705,0.708,0.513,0.713,0.786,0.76,0.634,0.591,0.614,0.731,0.398,0.432,0.461,0.379,0.702,0.0,0.736,0.596,0.386,0.516,0.712,0.385,0.754,0.384,0.603,0.733,0.383,0.381,0.385,0.62,0.618,0.401,0.436
0.428,0.409,0.325,0.766,0.418,0.42,0.38,0.697,0.422,0.737,0.4,0.699,0.398,1.0,0.736,0.386,0.42,0.413,0.417,0.378,0.394,0.401,0.41,0.405,0.418,0.412,0.412,0.752,0.484,0.415,0.704,0.407,0.0,0.399,0.381,0.617,0.377,0.406,0.667,0.401,0.72,0.409,0.41,0.725,0.72,0.437,0.402,0.402,0.675,0.481
0.413,0.418,0.327,0.752,0.409,0.411,0.381,0.685,0.401,0.695,0.372,0.852,0.382,0.736,1.0,0.381,0.409,0.38,0.397,0.381,0.371,0.384,0.395,0.397,0.404,0.392,0.39,0.702,0.477,0.416,0.705,0.405,0.0,0.396,0.375,0.611,0.381,0.404,0.664,0.38,0.718,0.405,0.399,0.704,0.705,0.441,0.407,0.408,0.637,0.483
0.474,0.522,0.345,0.392,0.54,0.553,0.959,0.382,0.439,0.383,0.52,0.386,0.526,0.386,0.381,1.0,0.555,0.555,0.571,0.956,0.538,0.546,0.564,0.541,0.527,0.534,0.542,0.378,0.442,0.457,0.382,0.536,0.0,0.539,0.499,0.407,0.957,0.524,0.39,0.531,0.386,0.539,0.538,0.384,0.383,0.398,0.54,0.541,0.38,0.45
0.489,0.692,0.358,0.415,0.63,0.698,0.54,0.404,0.454,0.417,0.594,0.416,0.605,0.42,0.409,0.555,1.0,0.617,0.612,0.534,0.609,0.603,0.62,0.729,0.724,0.749,0.608,0.406,0.461,0.457,0.388,0.641,0.0,0.615,0.662,0.417,0.536,0.611,0.403,0.608,0.393,0.683,0.631,0.402,0.408,0.404,0.708,0.707,0.406,0.452
0.473,0.582,0.332,0.412,0.657,0.607,0.552,0.388,0.454,0.404,0.671,0.393,0.705,0.413,0.38,0.555,0.617,1.0,0.743,0.548,0.73,0.721,0.733,0.607,0.599,0.606,0.699,0.402,0.444,0.452,0.386,0.665,0.0,0.687,0.568,0.414,0.547,0.66,0.399,0.697,0.385,0.602,0.693,0.388,0.387,0.388,0.612,0.612,0.4,0.447
0.482,0.594,0.346,0.421,0.662,0.615,0.563,0.414,0.444,0.411,0.651,0.415,0.708,0.417,0.397,0.571,0.612,0.743,1.0,0.559,0.72,0.716,0.726,0.598,0.594,0.598,0.708,0.415,0.445,0.464,0.394,0.697,0.0,0.691,0.57,0.435,0.559,0.685,0.425,0.7,0.403,0.62,0.696,0.414,0.412,0.407,0.626,0.627,0.419,0.456
0.46,0.522,0.34,0.382,0.527,0.542,0.986,0.381,0.433,0.374,0.505,0.383,0.513,0.378,0.381,0.956,0.534,0.548,0.559,1.0,0.539,0.537,0.553,0.524,0.519,0.52,0.531,0.37,0.442,0.452,0.383,0.546,0.0,0.529,0.489,0.404,0.988,0.517,0.388,0.524,0.381,0.532,0.528,0.38,0.38,0.397,0.522,0.523,0.371,0.449
0.464,0.562,0.331,0.398,0.653,0.582,0.543,0.382,0.435,0.391,0.657,0.395,0.713,0.394,0.371,0.538,0.609,0.73,0.72,0.539,1.0,0.732,0.749,0.59,0.581,0.605,0.7,0.393,0.417,0.449,0.364,0.689,0.0,0.711,0.556,0.392,0.542,0.682,0.385,0.715,0.373,0.58,0.704,0.381,0.383,0.381,0.609,0.609,0.396,0.424
0.471,0.562,0.332,0.405,0.655,0.583,0.54,0.382,0.464,0.405,0.7,0.393,0.786,0.401,0.384,0.546,0.603,0.721,0.716,0.537,0.732,1.0,0.901,0.626,0.588,0.608,0.709,0.398,0.428,0.449,0.375,0.686,0.0,0.84,0.583,0.389,0.536,0.681,0.382,0.738,0.377,0.586,0.721,0.384,0.38,0.386,0.595,0.594,0.391,0.435
0.481,0.581,0.338,0.419,0.668,0.598,0.557,0.398,0.447,0.407,0.669,0.408,0.76,0.41,0.395,0.564,0.62,0.733,0.726,0.553,0.749,0.901,1.0,0.604,0.592,0.61,0.725,0.406,0.436,0.452,0.385,0.703,0.0,0.854,0.567,0.399,0.553,0.696,0.395,0.732,0.39,0.596,0.729,0.395,0.392,0.388,0.605,0.605,0.398,0.439
0.49,0.763,0.354,0.405,0.621,0.764,0.533,0.41,0.471,0.412,0.634,0.419,0.634,0.405,0.397,0.541,0.729,0.607,0.598,0.524,0.59,0.626,0.604,1.0,0.802,0.725,0.599,0.402,0.454,0.459,0.38,0.602,0.0,0.59,0.804,0.407,0.528,0.596,0.389,0.61,0.387,0.686,0.615,0.395,0.395,0.391,0.689,0.689,0.39,0.442
0.471,0.77,0.349,0.414,0.623,0.783,0.522,0.397,0.45,0.414,0.583,0.415,0.591,0.418,0.404,0.527,0.724,0.599,0.594,0.519,0.581,0.588,0.592,0.802,1.0,0.733,0.595,0.407,0.453,0.453,0.392,0.608,0.0,0.59,0.76,0.409,0.52,0.599,0.401,0.597,0.39,0.68,0.613,0.41,0.403,0.399,0.695,0.696,0.414,0.44
0.472,0.684,0.341,0.402,0.62,0.687,0.524,0.395,0.454,0.421,0.606,0.405,0.614,0.412,0.392,0.534,0.749,0.606,0.598,0.52,0.605,0.608,0.61,0.725,0.733,1.0,0.605,0.399,0.446,0.45,0.379,0.6,0.0,0.596,0.674,0.408,0.523,0.605,0.39,0.626,0.385,0.682,0.61,0.402,0.397,0.394,0.697,0.697,0.417,0.44
0.469,0.589,0.344,0.417,0.671,0.593,0.534,0.391,0.442,0.4,0.665,0.401,0.731,0.412,0.39,0.542,0.608,0.699,0.708,0.531,0.7,0.709,0.725,0.599,0.595,0.605,1.0,0.395,0.432,0.451,0.394,0.724,0.0,0.704,0.554,0.405,0.532,0.802,0.381,0.745,0.399,0.615,0.831,0.399,0.39,0.399,0.623,0.621,0.402,0.435
0.427,0.409,0.313,0.745,0.422,0.406,0.372,0.888,0.399,0.728,0.395,0.69,0.398,0.752,0.702,0.378,0.406,0.402,0.415,0.37,0.393,0.398,0.406,0.402,0.407,0.399,0.395,1.0,0.457,0.406,0.696,0.403,0.0,0.399,0.366,0.603,0.369,0.405,0.649,0.389,0.713,0.394,0.403,0.952,0.929,0.418,0.394,0.394,0.672,0.454
0.509,0.474,0.378,0.465,0.46,0.466,0.443,0.473,0.486,0.466,0.427,0.481,0.432,0.484,0.477,0.442,0.461,0.444,0.445,0.442,0.417,0.428,0.436,0.454,0.453,0.446,0.432,0.457,1.0,0.491,0.467,0.454,0.0,0.441,0.421,0.472,0.442,0.443,0.469,0.436,0.466,0.454,0.438,0.459,0.462,0.554,0.439,0.441,0.444,0.825
0.544,0.468,0.39,0.414,0.444,0.463,0.452,0.426,0.554,0.413,0.435,0.424,0.461,0.415,0.416,0.457,0.457,0.452,0.464,0.452,0.449,0.449,0.452,0.459,0.453,0.45,0.451,0.406,0.491,1.0,0.414,0.451,0.0,0.441,0.421,0.42,0.453,0.45,0.41,0.459,0.422,0.47,0.46,0.408,0.411,0.478,0.462,0.463,0.408,0.514
0.408,0.402,0.322,0.711,0.4,0.396,0.382,0.7,0.394,0.726,0.372,0.673,0.379,0.704,0.705,0.382,0.388,0.386,0.394,0.383,0.364,0.375,0.385,0.38,0.392,0.379,0.394,0.696,0.467,0.414,1.0,0.403,0.0,0.378,0.349,0.614,0.384,0.39,0.663,0.375,0.896,0.395,0.386,0.697,0.698,0.433,0.389,0.39,0.647,0.46
0.479,0.607,0.354,0.425,0.66,0.603,0.549,0.415,0.445,0.399,0.625,0.419,0.702,0.407,0.405,0.536,0.641,0.665,0.697,0.546,0.689,0.686,0.703,0.602,0.608,0.6,0.724,0.403,0.454,0.451,0.403,1.0,0.0,0.708,0.56,0.418,0.546,0.727,0.401,0.718,0.402,0.623,0.732,0.406,0.413,0.401,0.635,0.638,0.405,0.445
0.0,0.0,0.0,0.0,0.0,0.0,0.0,0.0,0.0,0.0,0.0,0.0,0.0,0.0,0.0,0.0,0.0,0.0,0.0,0.0,0.0,0.0,0.0,0.0,0.0,0.0,0.0,0.0,0.0,0.0,0.0,0.0,1.0,0.0,0.0,0.0,0.0,0.0,0.0,0.0,0.0,0.0,0.0,0.0,0.0,0.0,0.0,0.0,0.0,0.0
0.482,0.577,0.34,0.415,0.661,0.604,0.536,0.395,0.445,0.399,0.64,0.408,0.736,0.399,0.396,0.539,0.615,0.687,0.691,0.529,0.711,0.84,0.854,0.59,0.59,0.596,0.704,0.399,0.441,0.441,0.378,0.708,0.0,1.0,0.565,0.415,0.531,0.694,0.403,0.702,0.378,0.597,0.719,0.388,0.393,0.395,0.607,0.605,0.393,0.445
0.458,0.702,0.326,0.376,0.589,0.732,0.495,0.366,0.429,0.382,0.621,0.385,0.596,0.381,0.375,0.499,0.662,0.568,0.57,0.489,0.556,0.583,0.567,0.804,0.76,0.674,0.554,0.366,0.421,0.421,0.349,0.56,0.0,0.565,1.0,0.378,0.492,0.563,0.372,0.573,0.353,0.647,0.577,0.356,0.356,0.362,0.64,0.639,0.372,0.41
0.427,0.416,0.324,0.628,0.416,0.423,0.403,0.602,0.418,0.621,0.395,0.606,0.386,0.617,0.611,0.407,0.417,0.414,0.435,0.404,0.392,0.389,0.399,0.407,0.409,0.408,0.405,0.603,0.472,0.42,0.614,0.418,0.0,0.415,0.378,1.0,0.401,0.395,0.635,0.4,0.617,0.414,0.404,0.609,0.609,0.43,0.405,0.405,0.598,0.479
0.462,0.52,0.342,0.382,0.528,0.543,0.991,0.38,0.435,0.373,0.506,0.385,0.516,0.377,0.381,0.957,0.536,0.547,0.559,0.988,0.542,0.536,0.553,0.528,0.52,0.523,0.532,0.369,0.442,0.453,0.384,0.546,0.0,0.531,0.492,0.401,1.0,0.52,0.387,0.525,0.38,0.536,0.53,0.377,0.377,0.397,0.525,0.526,0.371,0.45
0.478,0.619,0.344,0.407,0.674,0.615,0.521,0.421,0.433,0.398,0.649,0.413,0.712,0.406,0.404,0.524,0.611,0.66,0.685,0.517,0.682,0.681,0.696,0.596,0.599,0.605,0.802,0.405,0.443,0.45,0.39,0.727,0.0,0.694,0.563,0.395,0.52,1.0,0.388,0.72,0.398,0.627,0.829,0.412,0.402,0.401,0.649,0.651,0.409,0.435
0.411,0.419,0.32,0.655,0.406,0.422,0.39,0.664,0.388,0.673,0.382,0.665,0.385,0.667,0.664,0.39,0.403,0.399,0.425,0.388,0.385,0.382,0.395,0.389,0.401,0.39,0.381,0.649,0.469,0.41,0.663,0.401,0.0,0.403,0.372,0.635,0.387,0.388,1.0,0.382,0.666,0.402,0.388,0.654,0.66,0.438,0.391,0.392,0.614,0.463
0.475,0.572,0.337,0.397,0.682,0.596,0.526,0.394,0.447,0.405,0.702,0.389,0.754,0.401,0.38,0.531,0.608,0.697,0.7,0.524,0.715,0.738,0.732,0.61,0.597,0.626,0.745,0.389,0.436,0.459,0.375,0.718,0.0,0.702,0.573,0.4,0.525,0.72,0.382,1.0,0.377,0.606,0.756,0.376,0.38,0.406,0.634,0.633,0.394,0.455
0.413,0.405,0.331,0.726,0.411,0.409,0.38,0.702,0.393,0.722,0.377,0.691,0.384,0.72,0.718,0.386,0.393,0.385,0.403,0.381,0.373,0.377,0.39,0.387,0.39,0.385,0.399,0.713,0.466,0.422,0.896,0.402,0.0,0.378,0.353,0.617,0.38,0.398,0.666,0.377,1.0,0.405,0.386,0.716,0.717,0.438,0.394,0.395,0.654,0.466
0.475,0.676,0.359,0.408,0.629,0.68,0.536,0.408,0.451,0.401,0.577,0.409,0.603,0.409,0.405,0.539,0.683,0.602,0.62,0.532,0.58,0.586,0.596,0.686,0.68,0.682,0.615,0.394,0.454,0.47,0.395,0.623,0.0,0.597,0.647,0.414,0.536,0.627,0.402,0.606,0.405,1.0,0.642,0.4,0.396,0.393,0.732,0.734,0.406,0.445
0.477,0.602,0.351,0.412,0.687,0.612,0.53,0.398,0.452,0.4,0.673,0.411,0.733,0.41,0.399,0.538,0.631,0.693,0.696,0.528,0.704,0.721,0.729,0.615,0.613,0.61,0.831,0.403,0.438,0.46,0.386,0.732,0.0,0.719,0.577,0.404,0.53,0.829,0.388,0.756,0.386,0.642,1.0,0.393,0.39,0.403,0.651,0.65,0.412,0.44
0.417,0.425,0.321,0.731,0.406,0.413,0.382,0.896,0.384,0.702,0.381,0.697,0.383,0.725,0.704,0.384,0.402,0.388,0.414,0.38,0.381,0.384,0.395,0.395,0.41,0.402,0.399,0.952,0.459,0.408,0.697,0.406,0.0,0.388,0.356,0.609,0.377,0.412,0.654,0.376,0.716,0.4,0.393,1.0,0.949,0.425,0.395,0.396,0.652,0.457
0.431,0.434,0.321,0.724,0.416,0.409,0.381,0.884,0.38,0.707,0.379,0.704,0.381,0.72,0.705,0.383,0.408,0.387,0.412,0.38,0.383,0.38,0.392,0.395,0.403,0.397,0.39,0.929,0.462,0.411,0.698,0.413,0.0,0.393,0.356,0.609,0.377,0.402,0.66,0.38,0.717,0.396,0.39,0.949,1.0,0.429,0.401,0.403,0.645,0.46
0.456,0.415,0.346,0.427,0.397,0.408,0.397,0.426,0.425,0.423,0.381,0.441,0.385,0.437,0.441,0.398,0.404,0.388,0.407,0.397,0.381,0.386,0.388,0.391,0.399,0.394,0.399,0.418,0.554,0.478,0.433,0.401,0.0,0.395,0.362,0.43,0.397,0.401,0.438,0.406,0.438,0.393,0.403,0.425,0.429,1.0,0.416,0.416,0.427,0.611
0.479,0.681,0.353,0.401,0.641,0.693,0.525,0.397,0.448,0.401,0.594,0.404,0.62,0.402,0.407,0.54,0.708,0.612,0.626,0.522,0.609,0.595,0.605,0.689,0.695,0.697,0.623,0.394,0.439,0.462,0.389,0.635,0.0,0.607,0.64,0.405,0.525,0.649,0.391,0.634,0.394,0.732,0.651,0.395,0.401,0.416,1.0,0.994,0.405,0.461
0.478,0.684,0.354,0.4,0.642,0.694,0.526,0.397,0.445,0.402,0.592,0.405,0.618,0.402,0.408,0.541,0.707,0.612,0.627,0.523,0.609,0.594,0.605,0.689,0.696,0.697,0.621,0.394,0.441,0.463,0.39,0.638,0.0,0.605,0.639,0.405,0.526,0.651,0.392,0.633,0.395,0.734,0.65,0.396,0.403,0.416,0.994,1.0,0.405,0.461
0.41,0.423,0.327,0.656,0.421,0.411,0.373,0.635,0.404,0.681,0.395,0.624,0.401,0.675,0.637,0.38,0.406,0.4,0.419,0.371,0.396,0.391,0.398,0.39,0.414,0.417,0.402,0.672,0.444,0.408,0.647,0.405,0.0,0.393,0.372,0.598,0.371,0.409,0.614,0.394,0.654,0.406,0.412,0.652,0.645,0.427,0.405,0.405,1.0,0.448
0.511,0.455,0.381,0.472,0.448,0.473,0.45,0.464,0.505,0.465,0.43,0.464,0.436,0.481,0.483,0.45,0.452,0.447,0.456,0.449,0.424,0.435,0.439,0.442,0.44,0.44,0.435,0.454,0.825,0.514,0.46,0.445,0.0,0.445,0.41,0.479,0.45,0.435,0.463,0.455,0.466,0.445,0.44,0.457,0.46,0.611,0.461,0.461,0.448,1.0
