GCF_000163235.1_ASM16323v1_genomic.fna,GCF_000164555.1_ASM16455v1_genomic.fna,GCF_000208545.1_ASM20854v2_genomic.fna,GCF_000233875.1_ASM23387v1_genomic.fna,GCF_000249735.1_ASM24973v2_genomic.fna,GCF_000261145.1_Esch_coli_M919_V2_genomic.fna,GCF_000267705.2_ASM26770v2_genomic.fna,GCF_000350665.1_Esch_coli_KTE5_V1_genomic.fna,GCF_000351625.1_Esch_coli_KTE66_V1_genomic.fna,GCF_000352285.1_Esch_coli_KTE46_V1_genomic.fna,GCF_000358895.1_ASM35889v1_genomic.fna,GCF_000456385.1_Esch_coli_HVH_26_4-5703913_V1_genomic.fna,GCF_000458195.1_Esch_coli_HVH_147_4-5893887_V1_genomic.fna,GCF_000459755.1_Esch_coli_KOEGE_58_171a_V1_genomic.fna,GCF_000460055.1_Esch_coli_UMEA_3053-1_V1_genomic.fna,GCF_000462165.2_ASM46216v2_genomic.fna,GCF_000601135.1_ASM60113v1_genomic.fna,GCF_000614595.1_Ec2010EL1058_genomic.fna,GCF_000617745.1_Ec2010C-4529_genomic.fna,GCF_000618265.2_EcF6751_genomic.fna,GCF_000619005.2_Ec2009C-4052_genomic.fna,GCF_000619105.1_Ec2009C-4780_genomic.fna,GCF_000619765.2_Ec2009C-3279_genomic.fna,GCF_000687005.1_ASM68700v1_genomic.fna,GCF_000687025.1_ASM68702v1_genomic.fna,GCF_000700125.1_ASM70012v1_genomic.fna,GCF_000753315.1_FHI35_genomic.fna,GCF_000776375.1_ASM77637v1_genomic.fna,GCF_000779395.1_ASM77939v1_genomic.fna,GCF_000780315.1_ASM78031v1_genomic.fna,GCF_000781995.1_ASM78199v1_genomic.fna,GCF_000986765.1_ASM98676v1_genomic.fna,GCF_001041375.1_ViralProj287958_genomic.fna,GCF_001265335.1_302014_genomic.fna,GCF_001265625.1_100854_genomic.fna,GCF_001267345.1_303289_genomic.fna,GCF_001309985.1_ASM130998v1_genomic.fna,GCF_001521695.1_ASM152169v1_genomic.fna,GCF_001592595.1_ASM159259v1_genomic.fna,GCF_001614975.1_ASM161497v1_genomic.fna,GCF_001692775.1_ASM169277v1_genomic.fna,GCF_001748915.1_ASM174891v1_genomic.fna,GCF_001749235.1_ASM174923v1_genomic.fna,GCF_001881155.1_ASM188115v1_genomic.fna,GCF_001881345.1_ASM188134v1_genomic.fna,GCF_001892405.1_ASM189240v1_genomic.fna,GCF_001892585.1_ASM189258v1_genomic.fna,GCF_001893985.1_ASM189398v1_genomic.fna,GCF_002001595.1_ASM200159v1_genomic.fna,GCF_002002145.1_ASM200214v1_genomic.fna
1.0,0.558,0.469,0.519,0.561,0.541,0.545,0.518,0.683,0.52,0.557,0.515,0.552,0.524,0.495,0.544,0.531,0.55,0.548,0.543,0.516,0.548,0.563,0.547,0.525,0.528,0.558,0.514,0.592,0.659,0.479,0.539,0.0,0.551,0.504,0.494,0.543,0.565,0.511,0.551,0.491,0.522,0.547,0.503,0.517,0.54,0.53,0.531,0.497,0.61
0.558,1.0,0.422,0.49,0.666,0.783,0.59,0.494,0.534,0.492,0.636,0.502,0.646,0.485,0.475,0.592,0.709,0.647,0.656,0.589,0.615,0.639,0.65,0.795,0.78,0.713,0.652,0.487,0.521,0.532,0.463,0.657,0.0,0.655,0.724,0.479,0.589,0.662,0.477,0.658,0.474,0.703,0.659,0.496,0.499,0.492,0.709,0.71,0.486,0.534
0.469,0.422,1.0,0.394,0.433,0.413,0.428,0.403,0.467,0.397,0.426,0.398,0.436,0.397,0.39,0.424,0.413,0.428,0.424,0.427,0.42,0.435,0.439,0.406,0.392,0.4,0.432,0.402,0.443,0.46,0.396,0.439,0.0,0.445,0.379,0.401,0.427,0.439,0.402,0.44,0.402,0.423,0.445,0.406,0.405,0.436,0.413,0.414,0.394,0.456
0.519,0.49,0.394,1.0,0.509,0.493,0.502,0.737,0.525,0.74,0.497,0.754,0.488,0.798,0.785,0.497,0.48,0.501,0.492,0.5,0.464,0.487,0.506,0.488,0.482,0.471,0.499,0.782,0.515,0.492,0.732,0.489,0.0,0.481,0.45,0.666,0.5,0.5,0.723,0.478,0.769,0.481,0.491,0.761,0.759,0.497,0.476,0.477,0.705,0.537
0.561,0.666,0.433,0.509,1.0,0.694,0.62,0.518,0.572,0.52,0.806,0.51,0.767,0.514,0.498,0.628,0.68,0.727,0.718,0.618,0.705,0.73,0.739,0.689,0.671,0.666,0.747,0.513,0.559,0.565,0.487,0.725,0.0,0.727,0.644,0.498,0.618,0.759,0.511,0.75,0.508,0.67,0.754,0.499,0.504,0.507,0.701,0.702,0.511,0.553
0.541,0.783,0.413,0.493,0.694,1.0,0.602,0.504,0.538,0.493,0.66,0.483,0.679,0.497,0.473,0.615,0.731,0.666,0.681,0.601,0.619,0.658,0.676,0.806,0.807,0.72,0.656,0.499,0.545,0.521,0.455,0.651,0.0,0.657,0.763,0.478,0.602,0.683,0.491,0.659,0.477,0.701,0.661,0.48,0.482,0.484,0.737,0.739,0.504,0.55
0.545,0.59,0.428,0.502,0.62,0.602,1.0,0.498,0.57,0.485,0.608,0.488,0.609,0.502,0.475,0.952,0.599,0.647,0.618,0.99,0.619,0.628,0.644,0.605,0.593,0.588,0.614,0.496,0.525,0.535,0.452,0.606,0.0,0.609,0.576,0.481,0.991,0.604,0.495,0.605,0.467,0.599,0.61,0.48,0.481,0.475,0.592,0.593,0.481,0.544
0.518,0.494,0.403,0.737,0.518,0.504,0.498,1.0,0.526,0.743,0.496,0.738,0.516,0.752,0.714,0.494,0.484,0.504,0.509,0.496,0.471,0.494,0.507,0.497,0.483,0.469,0.51,0.919,0.546,0.506,0.724,0.502,0.0,0.504,0.455,0.663,0.495,0.529,0.725,0.498,0.74,0.493,0.512,0.904,0.89,0.511,0.473,0.474,0.709,0.543
0.683,0.534,0.467,0.525,0.572,0.538,0.57,0.526,1.0,0.52,0.57,0.507,0.569,0.529,0.503,0.567,0.533,0.558,0.547,0.569,0.527,0.564,0.573,0.535,0.521,0.521,0.573,0.52,0.596,0.677,0.484,0.563,0.0,0.563,0.496,0.518,0.568,0.573,0.524,0.566,0.497,0.54,0.576,0.509,0.512,0.539,0.536,0.537,0.509,0.625
0.52,0.492,0.397,0.74,0.52,0.493,0.485,0.743,0.52,1.0,0.528,0.725,0.52,0.757,0.712,0.496,0.498,0.5,0.49,0.483,0.454,0.498,0.497,0.521,0.507,0.501,0.502,0.752,0.536,0.486,0.734,0.475,0.0,0.483,0.477,0.658,0.485,0.507,0.716,0.488,0.747,0.471,0.488,0.73,0.742,0.48,0.477,0.478,0.736,0.529
0.557,0.636,0.426,0.497,0.806,0.66,0.608,0.496,0.57,0.528,1.0,0.489,0.775,0.507,0.476,0.622,0.668,0.728,0.723,0.606,0.696,0.751,0.738,0.702,0.679,0.691,0.738,0.496,0.545,0.552,0.471,0.713,0.0,0.717,0.671,0.492,0.606,0.751,0.499,0.748,0.486,0.664,0.743,0.482,0.482,0.491,0.66,0.661,0.513,0.549
0.515,0.502,0.398,0.754,0.51,0.483,0.488,0.738,0.507,0.725,0.489,1.0,0.495,0.767,0.857,0.484,0.474,0.487,0.487,0.487,0.475,0.485,0.496,0.486,0.474,0.46,0.49,0.751,0.529,0.495,0.696,0.483,0.0,0.485,0.449,0.648,0.486,0.498,0.714,0.483,0.737,0.479,0.502,0.748,0.746,0.497,0.464,0.465,0.676,0.532
0.552,0.646,0.436,0.488,0.767,0.679,0.609,0.516,0.569,0.52,0.775,0.495,1.0,0.499,0.481,0.622,0.675,0.742,0.758,0.606,0.724,0.813,0.808,0.682,0.653,0.654,0.792,0.509,0.546,0.561,0.469,0.741,0.0,0.783,0.641,0.482,0.609,0.785,0.496,0.786,0.485,0.659,0.777,0.491,0.49,0.49,0.678,0.679,0.516,0.544
0.524,0.485,0.397,0.798,0.514,0.497,0.502,0.752,0.529,0.757,0.507,0.767,0.499,1.0,0.786,0.501,0.485,0.504,0.503,0.501,0.467,0.499,0.512,0.488,0.482,0.475,0.506,0.787,0.539,0.498,0.724,0.49,0.0,0.484,0.45,0.655,0.501,0.513,0.718,0.487,0.76,0.481,0.502,0.766,0.767,0.493,0.48,0.481,0.722,0.545
0.495,0.475,0.39,0.785,0.498,0.473,0.475,0.714,0.503,0.712,0.476,0.857,0.481,0.786,1.0,0.471,0.466,0.475,0.473,0.474,0.468,0.472,0.489,0.462,0.456,0.455,0.482,0.737,0.51,0.478,0.733,0.485,0.0,0.471,0.43,0.657,0.474,0.488,0.714,0.472,0.77,0.464,0.48,0.737,0.741,0.501,0.46,0.461,0.681,0.528
0.544,0.592,0.424,0.497,0.628,0.615,0.952,0.494,0.567,0.496,0.622,0.484,0.622,0.501,0.471,1.0,0.609,0.638,0.629,0.952,0.599,0.639,0.638,0.616,0.602,0.595,0.608,0.491,0.533,0.534,0.451,0.596,0.0,0.608,0.585,0.482,0.951,0.611,0.498,0.601,0.466,0.597,0.607,0.477,0.478,0.475,0.596,0.597,0.493,0.542
0.531,0.709,0.413,0.48,0.68,0.731,0.599,0.484,0.533,0.498,0.668,0.474,0.675,0.485,0.466,0.609,1.0,0.66,0.654,0.597,0.62,0.68,0.678,0.759,0.733,0.757,0.667,0.478,0.524,0.512,0.445,0.673,0.0,0.672,0.695,0.481,0.597,0.671,0.488,0.657,0.46,0.681,0.664,0.469,0.478,0.467,0.723,0.725,0.492,0.527
0.55,0.647,0.428,0.501,0.727,0.666,0.647,0.504,0.558,0.5,0.728,0.487,0.742,0.504,0.475,0.638,0.66,1.0,0.787,0.646,0.744,0.769,0.78,0.664,0.634,0.634,0.745,0.499,0.533,0.555,0.47,0.713,0.0,0.738,0.617,0.497,0.646,0.73,0.5,0.744,0.48,0.658,0.742,0.483,0.485,0.485,0.661,0.662,0.491,0.553
0.548,0.656,0.424,0.492,0.718,0.681,0.618,0.509,0.547,0.49,0.723,0.487,0.758,0.503,0.473,0.629,0.654,0.787,1.0,0.617,0.742,0.777,0.774,0.671,0.651,0.64,0.748,0.5,0.541,0.55,0.456,0.713,0.0,0.725,0.644,0.496,0.616,0.74,0.494,0.739,0.473,0.648,0.739,0.488,0.489,0.48,0.663,0.664,0.494,0.546
0.543,0.589,0.427,0.5,0.618,0.601,0.99,0.496,0.569,0.483,0.606,0.487,0.606,0.501,0.474,0.952,0.597,0.646,0.617,1.0,0.617,0.628,0.641,0.603,0.593,0.587,0.609,0.493,0.524,0.534,0.451,0.604,0.0,0.608,0.574,0.479,0.993,0.602,0.494,0.603,0.466,0.598,0.609,0.478,0.479,0.475,0.592,0.593,0.48,0.542
0.516,0.615,0.42,0.464,0.705,0.619,0.619,0.471,0.527,0.454,0.696,0.475,0.724,0.467,0.468,0.599,0.62,0.744,0.742,0.617,1.0,0.739,0.767,0.618,0.601,0.603,0.721,0.465,0.496,0.525,0.455,0.721,0.0,0.732,0.586,0.486,0.615,0.705,0.476,0.728,0.465,0.626,0.722,0.466,0.468,0.484,0.634,0.634,0.454,0.51
0.548,0.639,0.435,0.487,0.73,0.658,0.628,0.494,0.564,0.498,0.751,0.485,0.813,0.499,0.472,0.639,0.68,0.769,0.777,0.628,0.739,1.0,0.917,0.668,0.643,0.64,0.776,0.497,0.534,0.549,0.459,0.755,0.0,0.86,0.622,0.488,0.626,0.764,0.493,0.776,0.474,0.658,0.77,0.481,0.479,0.492,0.662,0.663,0.494,0.551
0.563,0.65,0.439,0.506,0.739,0.676,0.644,0.507,0.573,0.497,0.738,0.496,0.808,0.512,0.489,0.638,0.678,0.78,0.774,0.641,0.767,0.917,1.0,0.662,0.643,0.637,0.791,0.512,0.537,0.557,0.468,0.768,0.0,0.865,0.618,0.501,0.642,0.761,0.501,0.779,0.488,0.661,0.77,0.493,0.493,0.493,0.663,0.664,0.499,0.554
0.547,0.795,0.406,0.488,0.689,0.806,0.605,0.497,0.535,0.521,0.702,0.486,0.682,0.488,0.462,0.616,0.759,0.664,0.671,0.603,0.618,0.668,0.662,1.0,0.841,0.772,0.658,0.489,0.528,0.528,0.453,0.66,0.0,0.659,0.8,0.476,0.603,0.675,0.48,0.664,0.467,0.71,0.657,0.473,0.48,0.477,0.725,0.727,0.5,0.533
0.525,0.78,0.392,0.482,0.671,0.807,0.593,0.483,0.521,0.507,0.679,0.474,0.653,0.482,0.456,0.602,0.733,0.634,0.651,0.593,0.601,0.643,0.643,0.841,1.0,0.788,0.642,0.481,0.52,0.515,0.445,0.648,0.0,0.636,0.809,0.46,0.594,0.657,0.473,0.634,0.458,0.689,0.646,0.478,0.476,0.479,0.709,0.709,0.501,0.516
0.528,0.713,0.4,0.471,0.666,0.72,0.588,0.469,0.521,0.501,0.691,0.46,0.654,0.475,0.455,0.595,0.757,0.634,0.64,0.587,0.603,0.64,0.637,0.772,0.788,1.0,0.648,0.468,0.509,0.503,0.437,0.631,0.0,0.628,0.739,0.453,0.587,0.656,0.465,0.644,0.451,0.686,0.64,0.467,0.464,0.465,0.717,0.719,0.493,0.522
0.558,0.652,0.432,0.499,0.747,0.656,0.614,0.51,0.573,0.502,0.738,0.49,0.792,0.506,0.482,0.608,0.667,0.745,0.748,0.609,0.721,0.776,0.791,0.658,0.642,0.648,1.0,0.505,0.54,0.562,0.47,0.761,0.0,0.758,0.62,0.489,0.612,0.839,0.492,0.784,0.481,0.663,0.85,0.495,0.492,0.503,0.667,0.668,0.494,0.557
0.514,0.487,0.402,0.782,0.513,0.499,0.496,0.919,0.52,0.752,0.496,0.751,0.509,0.787,0.737,0.491,0.478,0.499,0.5,0.493,0.465,0.497,0.512,0.489,0.481,0.468,0.505,1.0,0.541,0.497,0.722,0.493,0.0,0.491,0.445,0.665,0.494,0.524,0.718,0.49,0.761,0.479,0.502,0.962,0.939,0.505,0.478,0.478,0.722,0.538
0.592,0.521,0.443,0.515,0.559,0.545,0.525,0.546,0.596,0.536,0.545,0.529,0.546,0.539,0.51,0.533,0.524,0.533,0.541,0.524,0.496,0.534,0.537,0.528,0.52,0.509,0.54,0.541,1.0,0.553,0.496,0.514,0.0,0.528,0.49,0.514,0.525,0.55,0.524,0.526,0.506,0.513,0.528,0.524,0.531,0.597,0.518,0.518,0.538,0.836
0.659,0.532,0.46,0.492,0.565,0.521,0.535,0.506,0.677,0.486,0.552,0.495,0.561,0.498,0.478,0.534,0.512,0.555,0.55,0.534,0.525,0.549,0.557,0.528,0.515,0.503,0.562,0.497,0.553,1.0,0.463,0.545,0.0,0.551,0.494,0.483,0.534,0.558,0.495,0.562,0.482,0.535,0.566,0.489,0.487,0.528,0.529,0.53,0.478,0.572
0.479,0.463,0.396,0.732,0.487,0.455,0.452,0.724,0.484,0.734,0.471,0.696,0.469,0.724,0.733,0.451,0.445,0.47,0.456,0.451,0.455,0.459,0.468,0.453,0.445,0.437,0.47,0.722,0.496,0.463,1.0,0.468,0.0,0.46,0.421,0.658,0.451,0.474,0.693,0.464,0.883,0.456,0.465,0.726,0.724,0.487,0.447,0.448,0.671,0.497
0.539,0.657,0.439,0.489,0.725,0.651,0.606,0.502,0.563,0.475,0.713,0.483,0.741,0.49,0.485,0.596,0.673,0.713,0.713,0.604,0.721,0.755,0.768,0.66,0.648,0.631,0.761,0.493,0.514,0.545,0.468,1.0,0.0,0.755,0.611,0.492,0.602,0.761,0.495,0.756,0.477,0.672,0.776,0.496,0.502,0.495,0.667,0.669,0.47,0.528
0.0,0.0,0.0,0.0,0.0,0.0,0.0,0.0,0.0,0.0,0.0,0.0,0.0,0.0,0.0,0.0,0.0,0.0,0.0,0.0,0.0,0.0,0.0,0.0,0.0,0.0,0.0,0.0,0.0,0.0,0.0,0.0,1.0,0.0,0.0,0.0,0.0,0.0,0.0,0.0,0.0,0.0,0.0,0.0,0.0,0.0,0.0,0.0,0.0,0.0
0.551,0.655,0.445,0.481,0.727,0.657,0.609,0.504,0.563,0.483,0.717,0.485,0.783,0.484,0.471,0.608,0.672,0.738,0.725,0.608,0.732,0.86,0.865,0.659,0.636,0.628,0.758,0.491,0.528,0.551,0.46,0.755,0.0,1.0,0.613,0.505,0.607,0.75,0.51,0.757,0.473,0.662,0.77,0.481,0.494,0.496,0.647,0.648,0.478,0.55
0.504,0.724,0.379,0.45,0.644,0.763,0.576,0.455,0.496,0.477,0.671,0.449,0.641,0.45,0.43,0.585,0.695,0.617,0.644,0.574,0.586,0.622,0.618,0.8,0.809,0.739,0.62,0.445,0.49,0.494,0.421,0.611,0.0,0.613,1.0,0.444,0.574,0.626,0.449,0.63,0.433,0.659,0.626,0.433,0.438,0.453,0.672,0.672,0.46,0.493
0.494,0.479,0.401,0.666,0.498,0.478,0.481,0.663,0.518,0.658,0.492,0.648,0.482,0.655,0.657,0.482,0.481,0.497,0.496,0.479,0.486,0.488,0.501,0.476,0.46,0.453,0.489,0.665,0.514,0.483,0.658,0.492,0.0,0.505,0.444,1.0,0.479,0.483,0.693,0.487,0.678,0.478,0.485,0.664,0.669,0.492,0.457,0.458,0.65,0.521
0.543,0.589,0.427,0.5,0.618,0.602,0.991,0.495,0.568,0.485,0.606,0.486,0.609,0.501,0.474,0.951,0.597,0.646,0.616,0.993,0.615,0.626,0.642,0.603,0.594,0.587,0.612,0.494,0.525,0.534,0.451,0.602,0.0,0.607,0.574,0.479,1.0,0.601,0.492,0.605,0.465,0.596,0.608,0.477,0.479,0.474,0.592,0.593,0.482,0.544
0.565,0.662,0.439,0.5,0.759,0.683,0.604,0.529,0.573,0.507,0.751,0.498,0.785,0.513,0.488,0.611,0.671,0.73,0.74,0.602,0.705,0.764,0.761,0.675,0.657,0.656,0.839,0.524,0.55,0.558,0.474,0.761,0.0,0.75,0.626,0.483,0.601,1.0,0.502,0.77,0.496,0.673,0.862,0.509,0.494,0.502,0.689,0.69,0.505,0.555
0.511,0.477,0.402,0.723,0.511,0.491,0.495,0.725,0.524,0.716,0.499,0.714,0.496,0.718,0.714,0.498,0.488,0.5,0.494,0.494,0.476,0.493,0.501,0.48,0.473,0.465,0.492,0.718,0.524,0.495,0.693,0.495,0.0,0.51,0.449,0.693,0.492,0.502,1.0,0.49,0.713,0.481,0.499,0.71,0.714,0.497,0.468,0.469,0.682,0.531
0.551,0.658,0.44,0.478,0.75,0.659,0.605,0.498,0.566,0.488,0.748,0.483,0.786,0.487,0.472,0.601,0.657,0.744,0.739,0.603,0.728,0.776,0.779,0.664,0.634,0.644,0.784,0.49,0.526,0.562,0.464,0.756,0.0,0.757,0.63,0.487,0.605,0.77,0.49,1.0,0.475,0.658,0.79,0.475,0.48,0.5,0.679,0.68,0.473,0.557
0.491,0.474,0.402,0.769,0.508,0.477,0.467,0.74,0.497,0.747,0.486,0.737,0.485,0.76,0.77,0.466,0.46,0.48,0.473,0.466,0.465,0.474,0.488,0.467,0.458,0.451,0.481,0.761,0.506,0.482,0.883,0.477,0.0,0.473,0.433,0.678,0.465,0.496,0.713,0.475,1.0,0.479,0.48,0.766,0.761,0.49,0.463,0.464,0.686,0.511
0.522,0.703,0.423,0.481,0.67,0.701,0.599,0.493,0.54,0.471,0.664,0.479,0.659,0.481,0.464,0.597,0.681,0.658,0.648,0.598,0.626,0.658,0.661,0.71,0.689,0.686,0.663,0.479,0.513,0.535,0.456,0.672,0.0,0.662,0.659,0.478,0.596,0.673,0.481,0.658,0.479,1.0,0.707,0.481,0.475,0.484,0.728,0.729,0.467,0.532
0.547,0.659,0.445,0.491,0.754,0.661,0.61,0.512,0.576,0.488,0.743,0.502,0.777,0.502,0.48,0.607,0.664,0.742,0.739,0.609,0.722,0.77,0.77,0.657,0.646,0.64,0.85,0.502,0.528,0.566,0.465,0.776,0.0,0.77,0.626,0.485,0.608,0.862,0.499,0.79,0.48,0.707,1.0,0.495,0.494,0.507,0.681,0.682,0.482,0.55
0.503,0.496,0.406,0.761,0.499,0.48,0.48,0.904,0.509,0.73,0.482,0.748,0.491,0.766,0.737,0.477,0.469,0.483,0.488,0.478,0.466,0.481,0.493,0.473,0.478,0.467,0.495,0.962,0.524,0.489,0.726,0.496,0.0,0.481,0.433,0.664,0.477,0.509,0.71,0.475,0.766,0.481,0.495,1.0,0.952,0.513,0.466,0.466,0.71,0.524
0.517,0.499,0.405,0.759,0.504,0.482,0.481,0.89,0.512,0.742,0.482,0.746,0.49,0.767,0.741,0.478,0.478,0.485,0.489,0.479,0.468,0.479,0.493,0.48,0.476,0.464,0.492,0.939,0.531,0.487,0.724,0.502,0.0,0.494,0.438,0.669,0.479,0.494,0.714,0.48,0.761,0.475,0.494,0.952,1.0,0.514,0.469,0.469,0.703,0.527
0.54,0.492,0.436,0.497,0.507,0.484,0.475,0.511,0.539,0.48,0.491,0.497,0.49,0.493,0.501,0.475,0.467,0.485,0.48,0.475,0.484,0.492,0.493,0.477,0.479,0.465,0.503,0.505,0.597,0.528,0.487,0.495,0.0,0.496,0.453,0.492,0.474,0.502,0.497,0.5,0.49,0.484,0.507,0.513,0.514,1.0,0.49,0.49,0.479,0.656
0.53,0.709,0.413,0.476,0.701,0.737,0.592,0.473,0.536,0.477,0.66,0.464,0.678,0.48,0.46,0.596,0.723,0.661,0.663,0.592,0.634,0.662,0.663,0.725,0.709,0.717,0.667,0.478,0.518,0.529,0.447,0.667,0.0,0.647,0.672,0.457,0.592,0.689,0.468,0.679,0.463,0.728,0.681,0.466,0.469,0.49,1.0,0.998,0.482,0.541
0.531,0.71,0.414,0.477,0.702,0.739,0.593,0.474,0.537,0.478,0.661,0.465,0.679,0.481,0.461,0.597,0.725,0.662,0.664,0.593,0.634,0.663,0.664,0.727,0.709,0.719,0.668,0.478,0.518,0.53,0.448,0.669,0.0,0.648,0.672,0.458,0.593,0.69,0.469,0.68,0.464,0.729,0.682,0.466,0.469,0.49,0.998,1.0,0.483,0.542
0.497,0.486,0.394,0.705,0.511,0.504,0.481,0.709,0.509,0.736,0.513,0.676,0.516,0.722,0.681,0.493,0.492,0.491,0.494,0.48,0.454,0.494,0.499,0.5,0.501,0.493,0.494,0.722,0.538,0.478,0.671,0.47,0.0,0.478,0.46,0.65,0.482,0.505,0.682,0.473,0.686,0.467,0.482,0.71,0.703,0.479,0.482,0.483,1.0,0.538
0.61,0.534,0.456,0.537,0.553,0.55,0.544,0.543,0.625,0.529,0.549,0.532,0.544,0.545,0.528,0.542,0.527,0.553,0.546,0.542,0.51,0.551,0.554,0.533,0.516,0.522,0.557,0.538,0.836,0.572,0.497,0.528,0.0,0.55,0.493,0.521,0.544,0.555,0.531,0.557,0.511,0.532,0.55,0.524,0.527,0.656,0.541,0.542,0.538,1.0
