GCF_000163235.1_ASM16323v1_genomic.fna,GCF_000164555.1_ASM16455v1_genomic.fna,GCF_000208545.1_ASM20854v2_genomic.fna,GCF_000233875.1_ASM23387v1_genomic.fna,GCF_000249735.1_ASM24973v2_genomic.fna,GCF_000261145.1_Esch_coli_M919_V2_genomic.fna,GCF_000267705.2_ASM26770v2_genomic.fna,GCF_000350665.1_Esch_coli_KTE5_V1_genomic.fna,GCF_000351625.1_Esch_coli_KTE66_V1_genomic.fna,GCF_000352285.1_Esch_coli_KTE46_V1_genomic.fna,GCF_000358895.1_ASM35889v1_genomic.fna,GCF_000456385.1_Esch_coli_HVH_26_4-5703913_V1_genomic.fna,GCF_000458195.1_Esch_coli_HVH_147_4-5893887_V1_genomic.fna,GCF_000459755.1_Esch_coli_KOEGE_58_171a_V1_genomic.fna,GCF_000460055.1_Esch_coli_UMEA_3053-1_V1_genomic.fna,GCF_000462165.2_ASM46216v2_genomic.fna,GCF_000601135.1_ASM60113v1_genomic.fna,GCF_000614595.1_Ec2010EL1058_genomic.fna,GCF_000617745.1_Ec2010C-4529_genomic.fna,GCF_000618265.2_EcF6751_genomic.fna,GCF_000619005.2_Ec2009C-4052_genomic.fna,GCF_000619105.1_Ec2009C-4780_genomic.fna,GCF_000619765.2_Ec2009C-3279_genomic.fna,GCF_000687005.1_ASM68700v1_genomic.fna,GCF_000687025.1_ASM68702v1_genomic.fna,GCF_000700125.1_ASM70012v1_genomic.fna,GCF_000753315.1_FHI35_genomic.fna,GCF_000776375.1_ASM77637v1_genomic.fna,GCF_000779395.1_ASM77939v1_genomic.fna,GCF_000780315.1_ASM78031v1_genomic.fna,GCF_000781995.1_ASM78199v1_genomic.fna,GCF_000986765.1_ASM98676v1_genomic.fna,GCF_001041375.1_ViralProj287958_genomic.fna,GCF_001265335.1_302014_genomic.fna,GCF_001265625.1_100854_genomic.fna,GCF_001267345.1_303289_genomic.fna,GCF_001309985.1_ASM130998v1_genomic.fna,GCF_001521695.1_ASM152169v1_genomic.fna,GCF_001592595.1_ASM159259v1_genomic.fna,GCF_001614975.1_ASM161497v1_genomic.fna,GCF_001692775.1_ASM169277v1_genomic.fna,GCF_001748915.1_ASM174891v1_genomic.fna,GCF_001749235.1_ASM174923v1_genomic.fna,GCF_001881155.1_ASM188115v1_genomic.fna,GCF_001881345.1_ASM188134v1_genomic.fna,GCF_001892405.1_ASM189240v1_genomic.fna,GCF_001892585.1_ASM189258v1_genomic.fna,GCF_001893985.1_ASM189398v1_genomic.fna,GCF_002001595.1_ASM200159v1_genomic.fna,GCF_002002145.1_ASM200214v1_genomic.fna
1.0,0.575,0.487,0.503,0.562,0.557,0.529,0.527,0.627,0.51,0.552,0.529,0.562,0.489,0.489,0.538,0.553,0.559,0.55,0.525,0.53,0.553,0.563,0.562,0.556,0.539,0.549,0.503,0.585,0.644,0.485,0.542,0.0,0.553,0.527,0.496,0.527,0.572,0.489,0.548,0.501,0.556,0.557,0.51,0.522,0.538,0.554,0.555,0.488,0.59
0.575,1.0,0.456,0.521,0.693,0.802,0.584,0.529,0.52,0.511,0.668,0.536,0.679,0.493,0.499,0.593,0.746,0.68,0.674,0.581,0.66,0.672,0.676,0.805,0.816,0.742,0.67,0.513,0.551,0.556,0.489,0.675,0.0,0.677,0.758,0.492,0.582,0.701,0.491,0.683,0.499,0.733,0.676,0.522,0.528,0.498,0.737,0.737,0.503,0.554
0.487,0.456,1.0,0.407,0.437,0.438,0.425,0.426,0.443,0.392,0.428,0.416,0.445,0.396,0.405,0.436,0.443,0.429,0.439,0.424,0.42,0.438,0.445,0.443,0.444,0.432,0.427,0.408,0.467,0.479,0.394,0.434,0.0,0.438,0.415,0.409,0.424,0.438,0.394,0.437,0.409,0.444,0.441,0.415,0.414,0.419,0.45,0.451,0.4,0.479
0.503,0.521,0.407,1.0,0.477,0.494,0.455,0.739,0.495,0.752,0.505,0.761,0.51,0.797,0.801,0.456,0.501,0.493,0.485,0.453,0.462,0.49,0.488,0.51,0.515,0.498,0.489,0.783,0.532,0.487,0.748,0.483,0.0,0.485,0.506,0.654,0.453,0.496,0.7,0.494,0.761,0.492,0.493,0.774,0.77,0.494,0.491,0.49,0.716,0.534
0.562,0.693,0.437,0.477,1.0,0.7,0.6,0.503,0.525,0.48,0.785,0.502,0.751,0.473,0.488,0.614,0.68,0.702,0.717,0.599,0.735,0.714,0.723,0.682,0.681,0.674,0.726,0.482,0.547,0.538,0.475,0.732,0.0,0.715,0.64,0.485,0.598,0.743,0.485,0.74,0.491,0.697,0.741,0.486,0.493,0.5,0.708,0.71,0.48,0.534
0.557,0.802,0.438,0.494,0.7,1.0,0.592,0.518,0.52,0.484,0.68,0.497,0.691,0.492,0.484,0.598,0.731,0.695,0.683,0.587,0.664,0.682,0.692,0.793,0.815,0.727,0.672,0.491,0.551,0.539,0.48,0.667,0.0,0.694,0.765,0.496,0.589,0.7,0.503,0.687,0.492,0.738,0.681,0.495,0.499,0.496,0.735,0.737,0.491,0.549
0.529,0.584,0.425,0.455,0.6,0.592,1.0,0.472,0.519,0.442,0.592,0.453,0.609,0.444,0.445,0.956,0.585,0.626,0.623,0.989,0.643,0.635,0.658,0.594,0.591,0.588,0.621,0.454,0.511,0.523,0.45,0.609,0.0,0.629,0.568,0.475,0.99,0.597,0.461,0.6,0.45,0.58,0.61,0.461,0.466,0.494,0.589,0.589,0.445,0.518
0.527,0.529,0.426,0.739,0.503,0.518,0.472,1.0,0.495,0.719,0.513,0.743,0.527,0.728,0.719,0.479,0.515,0.51,0.511,0.47,0.482,0.511,0.507,0.539,0.527,0.521,0.51,0.904,0.565,0.508,0.73,0.496,0.0,0.501,0.501,0.66,0.47,0.54,0.693,0.517,0.736,0.519,0.518,0.91,0.899,0.498,0.504,0.502,0.695,0.551
0.627,0.52,0.443,0.495,0.525,0.52,0.519,0.495,1.0,0.49,0.546,0.499,0.563,0.5,0.502,0.521,0.527,0.535,0.532,0.517,0.508,0.536,0.525,0.554,0.533,0.527,0.557,0.491,0.589,0.665,0.489,0.5,0.0,0.528,0.516,0.509,0.517,0.542,0.492,0.551,0.484,0.532,0.559,0.493,0.493,0.518,0.526,0.526,0.483,0.59
0.51,0.511,0.392,0.752,0.48,0.484,0.442,0.719,0.49,1.0,0.515,0.723,0.514,0.782,0.742,0.453,0.485,0.482,0.48,0.44,0.455,0.479,0.465,0.504,0.497,0.491,0.477,0.749,0.531,0.493,0.743,0.458,0.0,0.474,0.519,0.647,0.44,0.491,0.709,0.493,0.754,0.485,0.484,0.734,0.74,0.482,0.481,0.48,0.714,0.516
0.552,0.668,0.428,0.505,0.785,0.68,0.592,0.513,0.546,0.515,1.0,0.501,0.826,0.512,0.503,0.601,0.671,0.733,0.739,0.59,0.72,0.738,0.724,0.712,0.697,0.693,0.755,0.516,0.543,0.55,0.486,0.709,0.0,0.721,0.69,0.511,0.589,0.743,0.5,0.781,0.49,0.701,0.768,0.509,0.513,0.49,0.682,0.68,0.51,0.534
0.529,0.536,0.416,0.761,0.502,0.497,0.453,0.743,0.499,0.723,0.501,1.0,0.505,0.743,0.845,0.462,0.505,0.489,0.492,0.45,0.464,0.499,0.486,0.518,0.519,0.513,0.492,0.74,0.551,0.506,0.717,0.485,0.0,0.495,0.492,0.648,0.451,0.508,0.71,0.504,0.738,0.498,0.503,0.748,0.758,0.496,0.5,0.499,0.686,0.538
0.562,0.679,0.445,0.51,0.751,0.691,0.609,0.527,0.563,0.514,0.826,0.505,1.0,0.505,0.507,0.619,0.692,0.745,0.763,0.606,0.756,0.808,0.796,0.725,0.704,0.7,0.79,0.521,0.553,0.567,0.489,0.738,0.0,0.791,0.702,0.518,0.607,0.777,0.51,0.811,0.497,0.709,0.797,0.517,0.515,0.491,0.691,0.689,0.514,0.547
0.489,0.493,0.396,0.797,0.473,0.492,0.444,0.728,0.5,0.782,0.512,0.743,0.505,1.0,0.795,0.448,0.487,0.488,0.473,0.442,0.455,0.482,0.473,0.498,0.5,0.49,0.491,0.781,0.54,0.483,0.742,0.469,0.0,0.473,0.516,0.651,0.442,0.491,0.703,0.482,0.751,0.482,0.489,0.763,0.761,0.492,0.478,0.477,0.724,0.529
0.489,0.499,0.405,0.801,0.488,0.484,0.445,0.719,0.502,0.742,0.503,0.845,0.507,0.795,1.0,0.449,0.497,0.484,0.486,0.443,0.461,0.488,0.484,0.496,0.494,0.485,0.487,0.761,0.537,0.489,0.744,0.47,0.0,0.485,0.493,0.648,0.443,0.493,0.705,0.49,0.75,0.484,0.494,0.748,0.747,0.496,0.493,0.492,0.714,0.538
0.538,0.593,0.436,0.456,0.614,0.598,0.956,0.479,0.521,0.453,0.601,0.462,0.619,0.448,0.449,1.0,0.591,0.621,0.634,0.955,0.635,0.644,0.652,0.593,0.593,0.595,0.62,0.461,0.513,0.535,0.452,0.609,0.0,0.63,0.563,0.484,0.954,0.607,0.469,0.609,0.457,0.587,0.613,0.466,0.474,0.496,0.597,0.597,0.46,0.521
0.553,0.746,0.443,0.501,0.68,0.731,0.585,0.515,0.527,0.485,0.671,0.505,0.692,0.487,0.497,0.591,1.0,0.674,0.681,0.581,0.66,0.7,0.686,0.762,0.76,0.779,0.692,0.5,0.554,0.543,0.481,0.701,0.0,0.695,0.709,0.506,0.581,0.688,0.506,0.689,0.491,0.73,0.697,0.509,0.515,0.476,0.729,0.727,0.489,0.543
0.559,0.68,0.429,0.493,0.702,0.695,0.626,0.51,0.535,0.482,0.733,0.489,0.745,0.488,0.484,0.621,0.674,1.0,0.782,0.624,0.746,0.778,0.768,0.691,0.679,0.672,0.748,0.491,0.542,0.547,0.484,0.715,0.0,0.746,0.66,0.519,0.624,0.724,0.5,0.734,0.486,0.697,0.741,0.498,0.501,0.485,0.682,0.684,0.471,0.54
0.55,0.674,0.439,0.485,0.717,0.683,0.623,0.511,0.532,0.48,0.739,0.492,0.763,0.473,0.486,0.634,0.681,0.782,1.0,0.62,0.75,0.778,0.765,0.683,0.676,0.661,0.76,0.488,0.542,0.552,0.478,0.728,0.0,0.74,0.653,0.51,0.62,0.734,0.494,0.743,0.481,0.691,0.745,0.495,0.5,0.485,0.682,0.684,0.487,0.54
0.525,0.581,0.424,0.453,0.599,0.587,0.989,0.47,0.517,0.44,0.59,0.45,0.606,0.442,0.443,0.955,0.581,0.624,0.62,1.0,0.64,0.633,0.652,0.591,0.592,0.586,0.618,0.452,0.508,0.52,0.448,0.606,0.0,0.625,0.562,0.473,0.992,0.594,0.456,0.596,0.448,0.577,0.606,0.459,0.464,0.493,0.587,0.587,0.442,0.514
0.53,0.66,0.42,0.462,0.735,0.664,0.643,0.482,0.508,0.455,0.72,0.464,0.756,0.455,0.461,0.635,0.66,0.746,0.75,0.64,1.0,0.762,0.782,0.674,0.665,0.656,0.754,0.464,0.521,0.528,0.453,0.757,0.0,0.763,0.633,0.49,0.636,0.737,0.47,0.747,0.463,0.665,0.744,0.468,0.476,0.496,0.671,0.672,0.455,0.527
0.553,0.672,0.438,0.49,0.714,0.682,0.635,0.511,0.536,0.479,0.738,0.499,0.808,0.482,0.488,0.644,0.7,0.778,0.778,0.633,0.762,1.0,0.91,0.692,0.692,0.669,0.771,0.495,0.541,0.548,0.481,0.749,0.0,0.885,0.659,0.506,0.633,0.757,0.491,0.772,0.484,0.69,0.784,0.501,0.5,0.485,0.683,0.681,0.485,0.534
0.563,0.676,0.445,0.488,0.723,0.692,0.658,0.507,0.525,0.465,0.724,0.486,0.796,0.473,0.484,0.652,0.686,0.768,0.765,0.652,0.782,0.91,1.0,0.691,0.682,0.665,0.777,0.485,0.533,0.532,0.474,0.767,0.0,0.872,0.653,0.493,0.653,0.759,0.489,0.759,0.48,0.678,0.765,0.49,0.491,0.486,0.675,0.675,0.473,0.532
0.562,0.805,0.443,0.51,0.682,0.793,0.594,0.539,0.554,0.504,0.712,0.518,0.725,0.498,0.496,0.593,0.762,0.691,0.683,0.591,0.674,0.692,0.691,1.0,0.847,0.772,0.699,0.509,0.548,0.557,0.489,0.671,0.0,0.683,0.815,0.514,0.59,0.684,0.507,0.705,0.495,0.757,0.695,0.514,0.521,0.489,0.73,0.729,0.498,0.539
0.556,0.816,0.444,0.515,0.681,0.815,0.591,0.527,0.533,0.497,0.697,0.519,0.704,0.5,0.494,0.593,0.76,0.679,0.676,0.592,0.665,0.692,0.682,0.847,1.0,0.783,0.687,0.508,0.546,0.546,0.49,0.686,0.0,0.675,0.798,0.504,0.591,0.685,0.5,0.7,0.5,0.744,0.697,0.519,0.522,0.484,0.728,0.725,0.506,0.529
0.539,0.742,0.432,0.498,0.674,0.727,0.588,0.521,0.527,0.491,0.693,0.513,0.7,0.49,0.485,0.595,0.779,0.672,0.661,0.586,0.656,0.669,0.665,0.772,0.783,1.0,0.672,0.502,0.536,0.53,0.477,0.665,0.0,0.66,0.733,0.502,0.585,0.678,0.493,0.688,0.484,0.73,0.671,0.514,0.517,0.468,0.731,0.731,0.502,0.525
0.549,0.67,0.427,0.489,0.726,0.672,0.621,0.51,0.557,0.477,0.755,0.492,0.79,0.491,0.487,0.62,0.692,0.748,0.76,0.618,0.754,0.771,0.777,0.699,0.687,0.672,1.0,0.492,0.555,0.553,0.483,0.749,0.0,0.759,0.659,0.503,0.617,0.825,0.478,0.79,0.488,0.693,0.847,0.498,0.501,0.486,0.679,0.677,0.479,0.545
0.503,0.513,0.408,0.783,0.482,0.491,0.454,0.904,0.491,0.749,0.516,0.74,0.521,0.781,0.761,0.461,0.5,0.491,0.488,0.452,0.464,0.495,0.485,0.509,0.508,0.502,0.492,1.0,0.543,0.497,0.729,0.481,0.0,0.484,0.502,0.658,0.452,0.519,0.687,0.498,0.75,0.497,0.498,0.967,0.945,0.488,0.491,0.49,0.73,0.532
0.585,0.551,0.467,0.532,0.547,0.551,0.511,0.565,0.589,0.531,0.543,0.551,0.553,0.54,0.537,0.513,0.554,0.542,0.542,0.508,0.521,0.541,0.533,0.548,0.546,0.536,0.555,0.543,1.0,0.591,0.521,0.53,0.0,0.541,0.517,0.536,0.509,0.56,0.545,0.544,0.524,0.545,0.558,0.549,0.552,0.613,0.549,0.548,0.524,0.851
0.644,0.556,0.479,0.487,0.538,0.539,0.523,0.508,0.665,0.493,0.55,0.506,0.567,0.483,0.489,0.535,0.543,0.547,0.552,0.52,0.528,0.548,0.532,0.557,0.546,0.53,0.553,0.497,0.591,1.0,0.491,0.51,0.0,0.539,0.525,0.507,0.521,0.552,0.481,0.57,0.499,0.56,0.562,0.5,0.501,0.537,0.55,0.551,0.483,0.596
0.485,0.489,0.394,0.748,0.475,0.48,0.45,0.73,0.489,0.743,0.486,0.717,0.489,0.742,0.744,0.452,0.481,0.484,0.478,0.448,0.453,0.481,0.474,0.489,0.49,0.477,0.483,0.729,0.521,0.491,1.0,0.463,0.0,0.477,0.472,0.635,0.447,0.481,0.685,0.486,0.886,0.483,0.487,0.735,0.734,0.492,0.48,0.479,0.697,0.52
0.542,0.675,0.434,0.483,0.732,0.667,0.609,0.496,0.5,0.458,0.709,0.485,0.738,0.469,0.47,0.609,0.701,0.715,0.728,0.606,0.757,0.749,0.767,0.671,0.686,0.665,0.749,0.481,0.53,0.51,0.463,1.0,0.0,0.744,0.628,0.481,0.606,0.766,0.469,0.752,0.466,0.669,0.756,0.485,0.488,0.47,0.672,0.673,0.46,0.517
0.0,0.0,0.0,0.0,0.0,0.0,0.0,0.0,0.0,0.0,0.0,0.0,0.0,0.0,0.0,0.0,0.0,0.0,0.0,0.0,0.0,0.0,0.0,0.0,0.0,0.0,0.0,0.0,0.0,0.0,0.0,0.0,1.0,0.0,0.0,0.0,0.0,0.0,0.0,0.0,0.0,0.0,0.0,0.0,0.0,0.0,0.0,0.0,0.0,0.0
0.553,0.677,0.438,0.485,0.715,0.694,0.629,0.501,0.528,0.474,0.721,0.495,0.791,0.473,0.485,0.63,0.695,0.746,0.74,0.625,0.763,0.885,0.872,0.683,0.675,0.66,0.759,0.484,0.541,0.539,0.477,0.744,0.0,1.0,0.658,0.517,0.625,0.755,0.5,0.762,0.477,0.676,0.773,0.489,0.497,0.48,0.674,0.674,0.476,0.535
0.527,0.758,0.415,0.506,0.64,0.765,0.568,0.501,0.516,0.519,0.69,0.492,0.702,0.516,0.493,0.563,0.709,0.66,0.653,0.562,0.633,0.659,0.653,0.815,0.798,0.733,0.659,0.502,0.517,0.525,0.472,0.628,0.0,0.658,1.0,0.498,0.563,0.644,0.487,0.673,0.473,0.711,0.668,0.494,0.498,0.455,0.691,0.689,0.493,0.507
0.496,0.492,0.409,0.654,0.485,0.496,0.475,0.66,0.509,0.647,0.511,0.648,0.518,0.651,0.648,0.484,0.506,0.519,0.51,0.473,0.49,0.506,0.493,0.514,0.504,0.502,0.503,0.658,0.536,0.507,0.635,0.481,0.0,0.517,0.498,1.0,0.47,0.493,0.687,0.512,0.646,0.5,0.498,0.663,0.663,0.477,0.486,0.485,0.642,0.531
0.527,0.582,0.424,0.453,0.598,0.589,0.99,0.47,0.517,0.44,0.589,0.451,0.607,0.442,0.443,0.954,0.581,0.624,0.62,0.992,0.636,0.633,0.653,0.59,0.591,0.585,0.617,0.452,0.509,0.521,0.447,0.606,0.0,0.625,0.563,0.47,1.0,0.594,0.457,0.598,0.448,0.578,0.607,0.458,0.463,0.493,0.588,0.588,0.443,0.516
0.572,0.701,0.438,0.496,0.743,0.7,0.597,0.54,0.542,0.491,0.743,0.508,0.777,0.491,0.493,0.607,0.688,0.724,0.734,0.594,0.737,0.757,0.759,0.684,0.685,0.678,0.825,0.519,0.56,0.552,0.481,0.766,0.0,0.755,0.644,0.493,0.594,1.0,0.489,0.775,0.497,0.688,0.862,0.524,0.511,0.496,0.7,0.7,0.493,0.546
0.489,0.491,0.394,0.7,0.485,0.503,0.461,0.693,0.492,0.709,0.5,0.71,0.51,0.703,0.705,0.469,0.506,0.5,0.494,0.456,0.47,0.491,0.489,0.507,0.5,0.493,0.478,0.687,0.545,0.481,0.685,0.469,0.0,0.5,0.487,0.687,0.457,0.489,1.0,0.489,0.692,0.495,0.487,0.7,0.7,0.477,0.481,0.48,0.662,0.527
0.548,0.683,0.437,0.494,0.74,0.687,0.6,0.517,0.551,0.493,0.781,0.504,0.811,0.482,0.49,0.609,0.689,0.734,0.743,0.596,0.747,0.772,0.759,0.705,0.7,0.688,0.79,0.498,0.544,0.57,0.486,0.752,0.0,0.762,0.673,0.512,0.598,0.775,0.489,1.0,0.495,0.7,0.798,0.501,0.503,0.493,0.699,0.696,0.491,0.545
0.501,0.499,0.409,0.761,0.491,0.492,0.45,0.736,0.484,0.754,0.49,0.738,0.497,0.751,0.75,0.457,0.491,0.486,0.481,0.448,0.463,0.484,0.48,0.495,0.5,0.484,0.488,0.75,0.524,0.499,0.886,0.466,0.0,0.477,0.473,0.646,0.448,0.497,0.692,0.495,1.0,0.49,0.488,0.754,0.754,0.49,0.484,0.483,0.701,0.515
0.556,0.733,0.444,0.492,0.697,0.738,0.58,0.519,0.532,0.485,0.701,0.498,0.709,0.482,0.484,0.587,0.73,0.697,0.691,0.577,0.665,0.69,0.678,0.757,0.744,0.73,0.693,0.497,0.545,0.56,0.483,0.669,0.0,0.676,0.711,0.5,0.578,0.688,0.495,0.7,0.49,1.0,0.717,0.504,0.503,0.484,0.764,0.762,0.488,0.538
0.557,0.676,0.441,0.493,0.741,0.681,0.61,0.518,0.559,0.484,0.768,0.503,0.797,0.489,0.494,0.613,0.697,0.741,0.745,0.606,0.744,0.784,0.765,0.695,0.697,0.671,0.847,0.498,0.558,0.562,0.487,0.756,0.0,0.773,0.668,0.498,0.607,0.862,0.487,0.798,0.488,0.717,1.0,0.501,0.506,0.491,0.695,0.693,0.486,0.542
0.51,0.522,0.415,0.774,0.486,0.495,0.461,0.91,0.493,0.734,0.509,0.748,0.517,0.763,0.748,0.466,0.509,0.498,0.495,0.459,0.468,0.501,0.49,0.514,0.519,0.514,0.498,0.967,0.549,0.5,0.735,0.485,0.0,0.489,0.494,0.663,0.458,0.524,0.7,0.501,0.754,0.504,0.501,1.0,0.962,0.492,0.496,0.495,0.722,0.537
0.522,0.528,0.414,0.77,0.493,0.499,0.466,0.899,0.493,0.74,0.513,0.758,0.515,0.761,0.747,0.474,0.515,0.501,0.5,0.464,0.476,0.5,0.491,0.521,0.522,0.517,0.501,0.945,0.552,0.501,0.734,0.488,0.0,0.497,0.498,0.663,0.463,0.511,0.7,0.503,0.754,0.503,0.506,0.962,1.0,0.488,0.502,0.501,0.72,0.536
0.538,0.498,0.419,0.494,0.5,0.496,0.494,0.498,0.518,0.482,0.49,0.496,0.491,0.492,0.496,0.496,0.476,0.485,0.485,0.493,0.496,0.485,0.486,0.489,0.484,0.468,0.486,0.488,0.613,0.537,0.492,0.47,0.0,0.48,0.455,0.477,0.493,0.496,0.477,0.493,0.49,0.484,0.491,0.492,0.488,1.0,0.519,0.517,0.491,0.675
0.554,0.737,0.45,0.491,0.708,0.735,0.589,0.504,0.526,0.481,0.682,0.5,0.691,0.478,0.493,0.597,0.729,0.682,0.682,0.587,0.671,0.683,0.675,0.73,0.728,0.731,0.679,0.491,0.549,0.55,0.48,0.672,0.0,0.674,0.691,0.486,0.588,0.7,0.481,0.699,0.484,0.764,0.695,0.496,0.502,0.519,1.0,0.994,0.485,0.558
0.555,0.737,0.451,0.49,0.71,0.737,0.589,0.502,0.526,0.48,0.68,0.499,0.689,0.477,0.492,0.597,0.727,0.684,0.684,0.587,0.672,0.681,0.675,0.729,0.725,0.731,0.677,0.49,0.548,0.551,0.479,0.673,0.0,0.674,0.689,0.485,0.588,0.7,0.48,0.696,0.483,0.762,0.693,0.495,0.501,0.517,0.994,1.0,0.484,0.559
0.488,0.503,0.4,0.716,0.48,0.491,0.445,0.695,0.483,0.714,0.51,0.686,0.514,0.724,0.714,0.46,0.489,0.471,0.487,0.442,0.455,0.485,0.473,0.498,0.506,0.502,0.479,0.73,0.524,0.483,0.697,0.46,0.0,0.476,0.493,0.642,0.443,0.493,0.662,0.491,0.701,0.488,0.486,0.722,0.72,0.491,0.485,0.484,1.0,0.517
0.59,0.554,0.479,0.534,0.534,0.549,0.518,0.551,0.59,0.516,0.534,0.538,0.547,0.529,0.538,0.521,0.543,0.54,0.54,0.514,0.527,0.534,0.532,0.539,0.529,0.525,0.545,0.532,0.851,0.596,0.52,0.517,0.0,0.535,0.507,0.531,0.516,0.546,0.527,0.545,0.515,0.538,0.542,0.537,0.536,0.675,0.558,0.559,0.517,1.0
