GCF_000163235.1_ASM16323v1_genomic.fna,GCF_000164555.1_ASM16455v1_genomic.fna,GCF_000208545.1_ASM20854v2_genomic.fna,GCF_000233875.1_ASM23387v1_genomic.fna,GCF_000249735.1_ASM24973v2_genomic.fna,GCF_000261145.1_Esch_coli_M919_V2_genomic.fna,GCF_000267705.2_ASM26770v2_genomic.fna,GCF_000350665.1_Esch_coli_KTE5_V1_genomic.fna,GCF_000351625.1_Esch_coli_KTE66_V1_genomic.fna,GCF_000352285.1_Esch_coli_KTE46_V1_genomic.fna,GCF_000358895.1_ASM35889v1_genomic.fna,GCF_000456385.1_Esch_coli_HVH_26_4-5703913_V1_genomic.fna,GCF_000458195.1_Esch_coli_HVH_147_4-5893887_V1_genomic.fna,GCF_000459755.1_Esch_coli_KOEGE_58_171a_V1_genomic.fna,GCF_000460055.1_Esch_coli_UMEA_3053-1_V1_genomic.fna,GCF_000462165.2_ASM46216v2_genomic.fna,GCF_000601135.1_ASM60113v1_genomic.fna,GCF_000614595.1_Ec2010EL1058_genomic.fna,GCF_000617745.1_Ec2010C-4529_genomic.fna,GCF_000618265.2_EcF6751_genomic.fna,GCF_000619005.2_Ec2009C-4052_genomic.fna,GCF_000619105.1_Ec2009C-4780_genomic.fna,GCF_000619765.2_Ec2009C-3279_genomic.fna,GCF_000687005.1_ASM68700v1_genomic.fna,GCF_000687025.1_ASM68702v1_genomic.fna,GCF_000700125.1_ASM70012v1_genomic.fna,GCF_000753315.1_FHI35_genomic.fna,GCF_000776375.1_ASM77637v1_genomic.fna,GCF_000779395.1_ASM77939v1_genomic.fna,GCF_000780315.1_ASM78031v1_genomic.fna,GCF_000781995.1_ASM78199v1_genomic.fna,GCF_000986765.1_ASM98676v1_genomic.fna,GCF_001041375.1_ViralProj287958_genomic.fna,GCF_001265335.1_302014_genomic.fna,GCF_001265625.1_100854_genomic.fna,GCF_001267345.1_303289_genomic.fna,GCF_001309985.1_ASM130998v1_genomic.fna,GCF_001521695.1_ASM152169v1_genomic.fna,GCF_001592595.1_ASM159259v1_genomic.fna,GCF_001614975.1_ASM161497v1_genomic.fna,GCF_001692775.1_ASM169277v1_genomic.fna,GCF_001748915.1_ASM174891v1_genomic.fna,GCF_001749235.1_ASM174923v1_genomic.fna,GCF_001881155.1_ASM188115v1_genomic.fna,GCF_001881345.1_ASM188134v1_genomic.fna,GCF_001892405.1_ASM189240v1_genomic.fna,GCF_001892585.1_ASM189258v1_genomic.fna,GCF_001893985.1_ASM189398v1_genomic.fna,GCF_002001595.1_ASM200159v1_genomic.fna,GCF_002002145.1_ASM200214v1_genomic.fna
1.0,0.908,0.893,0.902,0.895,0.905,0.882,0.901,0.919,0.896,0.896,0.897,0.904,0.894,0.891,0.881,0.9,0.887,0.893,0.88,0.879,0.889,0.893,0.914,0.899,0.9,0.898,0.896,0.909,0.907,0.885,0.887,0.02,0.887,0.906,0.891,0.88,0.906,0.878,0.905,0.894,0.892,0.902,0.89,0.889,0.875,0.889,0.888,0.902,0.899
0.908,1.0,0.894,0.891,0.927,0.944,0.902,0.897,0.902,0.884,0.899,0.906,0.92,0.902,0.899,0.9,0.93,0.908,0.922,0.899,0.909,0.912,0.916,0.95,0.951,0.935,0.918,0.899,0.905,0.907,0.888,0.916,0.019,0.914,0.93,0.895,0.899,0.928,0.893,0.926,0.897,0.924,0.928,0.907,0.901,0.882,0.926,0.926,0.897,0.903
0.893,0.894,1.0,0.879,0.892,0.893,0.882,0.889,0.895,0.876,0.867,0.886,0.889,0.891,0.881,0.884,0.891,0.882,0.893,0.881,0.882,0.888,0.89,0.89,0.891,0.885,0.886,0.89,0.898,0.886,0.877,0.888,0.02,0.884,0.879,0.884,0.881,0.896,0.879,0.896,0.883,0.891,0.891,0.895,0.889,0.873,0.881,0.88,0.877,0.899
0.902,0.891,0.879,1.0,0.881,0.893,0.875,0.937,0.891,0.934,0.885,0.93,0.895,0.94,0.937,0.873,0.894,0.882,0.885,0.872,0.876,0.878,0.876,0.896,0.884,0.889,0.88,0.947,0.904,0.884,0.918,0.88,0.02,0.872,0.886,0.913,0.872,0.898,0.909,0.896,0.94,0.887,0.89,0.937,0.933,0.869,0.885,0.884,0.936,0.904
0.895,0.927,0.892,0.881,1.0,0.933,0.915,0.891,0.896,0.877,0.917,0.904,0.93,0.903,0.894,0.915,0.911,0.919,0.927,0.912,0.923,0.929,0.931,0.918,0.933,0.911,0.925,0.894,0.902,0.901,0.892,0.927,0.02,0.929,0.915,0.902,0.912,0.923,0.892,0.932,0.891,0.935,0.93,0.901,0.902,0.887,0.924,0.924,0.883,0.903
0.905,0.944,0.893,0.893,0.933,1.0,0.909,0.899,0.904,0.884,0.902,0.905,0.924,0.903,0.895,0.905,0.932,0.916,0.924,0.906,0.909,0.916,0.92,0.941,0.947,0.931,0.909,0.904,0.912,0.911,0.885,0.919,0.02,0.918,0.939,0.897,0.906,0.929,0.895,0.935,0.896,0.925,0.923,0.905,0.9,0.878,0.927,0.927,0.892,0.911
0.882,0.902,0.882,0.875,0.915,0.909,1.0,0.878,0.884,0.866,0.875,0.891,0.894,0.886,0.898,0.984,0.895,0.919,0.921,0.992,0.925,0.921,0.927,0.895,0.914,0.889,0.904,0.88,0.89,0.891,0.883,0.924,0.018,0.913,0.896,0.902,0.993,0.898,0.896,0.9,0.877,0.913,0.906,0.89,0.891,0.894,0.909,0.91,0.881,0.891
0.901,0.897,0.889,0.937,0.891,0.899,0.878,1.0,0.898,0.937,0.887,0.929,0.899,0.932,0.919,0.88,0.9,0.885,0.897,0.873,0.875,0.881,0.885,0.9,0.888,0.896,0.886,0.971,0.911,0.889,0.922,0.885,0.02,0.876,0.889,0.91,0.873,0.902,0.919,0.901,0.928,0.888,0.893,0.961,0.956,0.87,0.883,0.883,0.937,0.91
0.919,0.902,0.895,0.891,0.896,0.904,0.884,0.898,1.0,0.893,0.899,0.886,0.893,0.885,0.875,0.889,0.901,0.891,0.892,0.882,0.882,0.892,0.892,0.91,0.89,0.902,0.887,0.894,0.906,0.914,0.876,0.89,0.02,0.885,0.901,0.887,0.882,0.894,0.878,0.901,0.884,0.891,0.902,0.889,0.885,0.872,0.886,0.885,0.89,0.899
0.896,0.884,0.876,0.934,0.877,0.884,0.866,0.937,0.893,1.0,0.897,0.922,0.887,0.921,0.91,0.868,0.882,0.873,0.877,0.862,0.86,0.868,0.868,0.895,0.87,0.882,0.87,0.933,0.898,0.874,0.924,0.871,0.02,0.861,0.882,0.906,0.862,0.887,0.907,0.889,0.933,0.877,0.884,0.924,0.924,0.862,0.875,0.874,0.932,0.895
0.896,0.899,0.867,0.885,0.917,0.902,0.875,0.887,0.899,0.897,1.0,0.881,0.917,0.871,0.867,0.877,0.898,0.888,0.901,0.87,0.886,0.898,0.898,0.921,0.893,0.902,0.894,0.884,0.884,0.885,0.864,0.895,0.019,0.888,0.901,0.875,0.87,0.907,0.868,0.922,0.874,0.895,0.907,0.881,0.875,0.854,0.885,0.884,0.883,0.879
0.897,0.906,0.886,0.93,0.904,0.905,0.891,0.929,0.886,0.922,0.881,1.0,0.894,0.946,0.953,0.892,0.897,0.898,0.901,0.887,0.891,0.897,0.896,0.894,0.907,0.887,0.895,0.937,0.905,0.888,0.924,0.895,0.02,0.897,0.892,0.922,0.887,0.897,0.931,0.898,0.936,0.906,0.903,0.945,0.948,0.879,0.905,0.905,0.928,0.907
0.904,0.92,0.889,0.895,0.93,0.924,0.894,0.899,0.893,0.887,0.917,0.894,1.0,0.896,0.89,0.895,0.919,0.924,0.937,0.889,0.925,0.935,0.937,0.925,0.915,0.911,0.926,0.903,0.901,0.902,0.885,0.921,0.019,0.93,0.914,0.894,0.889,0.931,0.886,0.942,0.889,0.916,0.929,0.9,0.892,0.887,0.912,0.912,0.899,0.903
0.894,0.902,0.891,0.94,0.903,0.903,0.886,0.932,0.885,0.921,0.871,0.946,0.896,1.0,0.948,0.886,0.891,0.895,0.896,0.882,0.887,0.894,0.894,0.89,0.899,0.885,0.896,0.945,0.897,0.884,0.939,0.892,0.02,0.892,0.882,0.928,0.882,0.898,0.924,0.893,0.948,0.899,0.9,0.95,0.956,0.877,0.899,0.899,0.921,0.904
0.891,0.899,0.881,0.937,0.894,0.895,0.898,0.919,0.875,0.91,0.867,0.953,0.89,0.948,1.0,0.896,0.888,0.903,0.891,0.894,0.899,0.898,0.901,0.887,0.898,0.879,0.899,0.926,0.894,0.882,0.924,0.901,0.019,0.901,0.885,0.921,0.894,0.899,0.925,0.889,0.93,0.901,0.903,0.931,0.936,0.888,0.904,0.905,0.924,0.902
0.881,0.9,0.884,0.873,0.915,0.905,0.984,0.88,0.889,0.868,0.877,0.892,0.895,0.886,0.896,1.0,0.896,0.921,0.921,0.98,0.918,0.923,0.927,0.898,0.913,0.89,0.904,0.881,0.89,0.887,0.885,0.92,0.018,0.916,0.891,0.899,0.981,0.894,0.895,0.898,0.881,0.916,0.904,0.89,0.892,0.892,0.905,0.906,0.883,0.89
0.9,0.93,0.891,0.894,0.911,0.932,0.895,0.9,0.901,0.882,0.898,0.897,0.919,0.891,0.888,0.896,1.0,0.906,0.913,0.891,0.898,0.906,0.907,0.941,0.93,0.939,0.904,0.896,0.901,0.896,0.877,0.916,0.019,0.906,0.927,0.896,0.891,0.907,0.889,0.916,0.885,0.915,0.914,0.894,0.889,0.875,0.913,0.913,0.886,0.895
0.887,0.908,0.882,0.882,0.919,0.916,0.919,0.885,0.891,0.873,0.888,0.898,0.924,0.895,0.903,0.921,0.906,1.0,0.947,0.915,0.942,0.948,0.947,0.905,0.912,0.897,0.929,0.887,0.892,0.889,0.891,0.925,0.018,0.938,0.897,0.911,0.915,0.916,0.906,0.921,0.884,0.918,0.926,0.895,0.897,0.899,0.922,0.923,0.89,0.89
0.893,0.922,0.893,0.885,0.927,0.924,0.921,0.897,0.892,0.877,0.901,0.901,0.937,0.896,0.891,0.921,0.913,0.947,1.0,0.917,0.934,0.943,0.941,0.918,0.922,0.909,0.928,0.899,0.904,0.906,0.888,0.929,0.019,0.93,0.909,0.902,0.917,0.929,0.894,0.93,0.891,0.923,0.931,0.905,0.9,0.887,0.915,0.915,0.891,0.905
0.88,0.899,0.881,0.872,0.912,0.906,0.992,0.873,0.882,0.862,0.87,0.887,0.889,0.882,0.894,0.98,0.891,0.915,0.917,1.0,0.92,0.916,0.922,0.892,0.914,0.889,0.901,0.876,0.888,0.888,0.882,0.921,0.018,0.909,0.891,0.898,0.999,0.895,0.892,0.896,0.876,0.911,0.902,0.887,0.887,0.899,0.906,0.907,0.879,0.889
0.879,0.909,0.882,0.876,0.923,0.909,0.925,0.875,0.882,0.86,0.886,0.891,0.925,0.887,0.899,0.918,0.898,0.942,0.934,0.92,1.0,0.948,0.953,0.899,0.916,0.896,0.926,0.879,0.882,0.882,0.877,0.926,0.019,0.937,0.894,0.897,0.92,0.917,0.895,0.923,0.874,0.916,0.927,0.886,0.886,0.897,0.924,0.925,0.879,0.887
0.889,0.912,0.888,0.878,0.929,0.916,0.921,0.881,0.892,0.868,0.898,0.897,0.935,0.894,0.898,0.923,0.906,0.948,0.943,0.916,0.948,1.0,0.986,0.909,0.921,0.902,0.939,0.883,0.892,0.89,0.881,0.943,0.018,0.963,0.9,0.906,0.916,0.919,0.902,0.927,0.878,0.928,0.935,0.892,0.892,0.892,0.918,0.919,0.882,0.892
0.893,0.916,0.89,0.876,0.931,0.92,0.927,0.885,0.892,0.868,0.898,0.896,0.937,0.894,0.901,0.927,0.907,0.947,0.941,0.922,0.953,0.986,1.0,0.911,0.919,0.904,0.939,0.883,0.895,0.891,0.886,0.945,0.018,0.963,0.901,0.907,0.922,0.92,0.9,0.93,0.88,0.929,0.936,0.892,0.893,0.892,0.92,0.921,0.883,0.893
0.914,0.95,0.89,0.896,0.918,0.941,0.895,0.9,0.91,0.895,0.921,0.894,0.925,0.89,0.887,0.898,0.941,0.905,0.918,0.892,0.899,0.909,0.911,1.0,0.938,0.932,0.91,0.896,0.898,0.9,0.874,0.906,0.02,0.906,0.956,0.885,0.892,0.92,0.882,0.924,0.887,0.92,0.92,0.893,0.887,0.864,0.917,0.916,0.889,0.892
0.899,0.951,0.891,0.884,0.933,0.947,0.914,0.888,0.89,0.87,0.893,0.907,0.915,0.899,0.898,0.913,0.93,0.912,0.922,0.914,0.916,0.921,0.919,0.938,1.0,0.933,0.92,0.889,0.898,0.901,0.887,0.923,0.02,0.92,0.932,0.901,0.913,0.919,0.897,0.921,0.887,0.933,0.925,0.898,0.897,0.884,0.927,0.927,0.889,0.897
0.9,0.935,0.885,0.889,0.911,0.931,0.889,0.896,0.902,0.882,0.902,0.887,0.911,0.885,0.879,0.89,0.939,0.897,0.909,0.889,0.896,0.902,0.904,0.932,0.933,1.0,0.896,0.891,0.898,0.898,0.873,0.905,0.02,0.903,0.915,0.883,0.889,0.912,0.882,0.915,0.881,0.916,0.909,0.89,0.884,0.869,0.915,0.914,0.895,0.894
0.898,0.918,0.886,0.88,0.925,0.909,0.904,0.886,0.887,0.87,0.894,0.895,0.926,0.896,0.899,0.904,0.904,0.929,0.928,0.901,0.926,0.939,0.939,0.91,0.92,0.896,1.0,0.881,0.892,0.891,0.887,0.932,0.02,0.929,0.902,0.9,0.901,0.93,0.892,0.925,0.883,0.914,0.942,0.89,0.893,0.887,0.921,0.92,0.882,0.889
0.896,0.899,0.89,0.947,0.894,0.904,0.88,0.971,0.894,0.933,0.884,0.937,0.903,0.945,0.926,0.881,0.896,0.887,0.899,0.876,0.879,0.883,0.883,0.896,0.889,0.891,0.881,1.0,0.908,0.895,0.922,0.89,0.02,0.879,0.887,0.911,0.876,0.902,0.919,0.902,0.94,0.889,0.893,0.983,0.975,0.869,0.888,0.888,0.937,0.907
0.909,0.905,0.898,0.904,0.902,0.912,0.89,0.911,0.906,0.898,0.884,0.905,0.901,0.897,0.894,0.89,0.901,0.892,0.904,0.888,0.882,0.892,0.895,0.898,0.898,0.898,0.892,0.908,1.0,0.906,0.893,0.897,0.02,0.889,0.892,0.896,0.888,0.906,0.889,0.904,0.898,0.899,0.896,0.901,0.9,0.894,0.89,0.889,0.901,0.96
0.907,0.907,0.886,0.884,0.901,0.911,0.891,0.889,0.914,0.874,0.885,0.888,0.902,0.884,0.882,0.887,0.896,0.889,0.906,0.888,0.882,0.89,0.891,0.9,0.901,0.898,0.891,0.895,0.906,1.0,0.874,0.896,0.022,0.89,0.895,0.881,0.889,0.906,0.881,0.912,0.885,0.892,0.9,0.894,0.885,0.885,0.896,0.895,0.886,0.908
0.885,0.888,0.877,0.918,0.892,0.885,0.883,0.922,0.876,0.924,0.864,0.924,0.885,0.939,0.924,0.885,0.877,0.891,0.888,0.882,0.877,0.881,0.886,0.874,0.887,0.873,0.887,0.922,0.893,0.874,1.0,0.89,0.019,0.876,0.87,0.919,0.882,0.886,0.913,0.887,0.954,0.894,0.891,0.927,0.931,0.88,0.89,0.89,0.918,0.9
0.887,0.916,0.888,0.88,0.927,0.919,0.924,0.885,0.89,0.871,0.895,0.895,0.921,0.892,0.901,0.92,0.916,0.925,0.929,0.921,0.926,0.943,0.945,0.906,0.923,0.905,0.932,0.89,0.897,0.896,0.89,1.0,0.019,0.937,0.898,0.903,0.921,0.921,0.9,0.928,0.883,0.926,0.93,0.9,0.899,0.895,0.927,0.927,0.888,0.893
0.02,0.019,0.02,0.02,0.02,0.02,0.018,0.02,0.02,0.02,0.019,0.02,0.019,0.02,0.019,0.018,0.019,0.018,0.019,0.018,0.019,0.018,0.018,0.02,0.02,0.02,0.02,0.02,0.02,0.022,0.019,0.019,1.0,0.018,0.021,0.019,0.018,0.022,0.019,0.019,0.02,0.019,0.02,0.019,0.019,0.018,0.02,0.019,0.02,0.019
0.887,0.914,0.884,0.872,0.929,0.918,0.913,0.876,0.885,0.861,0.888,0.897,0.93,0.892,0.901,0.916,0.906,0.938,0.93,0.909,0.937,0.963,0.963,0.906,0.92,0.903,0.929,0.879,0.889,0.89,0.876,0.937,0.018,1.0,0.9,0.895,0.909,0.922,0.894,0.923,0.877,0.92,0.93,0.887,0.889,0.888,0.92,0.921,0.873,0.891
0.906,0.93,0.879,0.886,0.915,0.939,0.896,0.889,0.901,0.882,0.901,0.892,0.914,0.882,0.885,0.891,0.927,0.897,0.909,0.891,0.894,0.9,0.901,0.956,0.932,0.915,0.902,0.887,0.892,0.895,0.87,0.898,0.021,0.9,1.0,0.885,0.891,0.915,0.872,0.911,0.878,0.91,0.914,0.885,0.879,0.861,0.911,0.911,0.88,0.889
0.891,0.895,0.884,0.913,0.902,0.897,0.902,0.91,0.887,0.906,0.875,0.922,0.894,0.928,0.921,0.899,0.896,0.911,0.902,0.898,0.897,0.906,0.907,0.885,0.901,0.883,0.9,0.911,0.896,0.881,0.919,0.903,0.019,0.895,0.885,1.0,0.898,0.89,0.924,0.894,0.916,0.906,0.903,0.919,0.922,0.881,0.898,0.898,0.914,0.899
0.88,0.899,0.881,0.872,0.912,0.906,0.993,0.873,0.882,0.862,0.87,0.887,0.889,0.882,0.894,0.981,0.891,0.915,0.917,0.999,0.92,0.916,0.922,0.892,0.913,0.889,0.901,0.876,0.888,0.889,0.882,0.921,0.018,0.909,0.891,0.898,1.0,0.895,0.892,0.896,0.876,0.911,0.902,0.887,0.887,0.898,0.906,0.907,0.879,0.889
0.906,0.928,0.896,0.898,0.923,0.929,0.898,0.902,0.894,0.887,0.907,0.897,0.931,0.898,0.899,0.894,0.907,0.916,0.929,0.895,0.917,0.919,0.92,0.92,0.919,0.912,0.93,0.902,0.906,0.906,0.886,0.921,0.022,0.922,0.915,0.89,0.895,1.0,0.887,0.941,0.895,0.916,0.951,0.901,0.891,0.879,0.917,0.916,0.898,0.901
0.878,0.893,0.879,0.909,0.892,0.895,0.896,0.919,0.878,0.907,0.868,0.931,0.886,0.924,0.925,0.895,0.889,0.906,0.894,0.892,0.895,0.902,0.9,0.882,0.897,0.882,0.892,0.919,0.889,0.881,0.913,0.9,0.019,0.894,0.872,0.924,0.892,0.887,1.0,0.894,0.911,0.893,0.894,0.928,0.932,0.885,0.899,0.898,0.913,0.891
0.905,0.926,0.896,0.896,0.932,0.935,0.9,0.901,0.901,0.889,0.922,0.898,0.942,0.893,0.889,0.898,0.916,0.921,0.93,0.896,0.923,0.927,0.93,0.924,0.921,0.915,0.925,0.902,0.904,0.912,0.887,0.928,0.019,0.923,0.911,0.894,0.896,0.941,0.894,1.0,0.895,0.923,0.942,0.903,0.895,0.887,0.922,0.921,0.895,0.908
0.894,0.897,0.883,0.94,0.891,0.896,0.877,0.928,0.884,0.933,0.874,0.936,0.889,0.948,0.93,0.881,0.885,0.884,0.891,0.876,0.874,0.878,0.88,0.887,0.887,0.881,0.883,0.94,0.898,0.885,0.954,0.883,0.02,0.877,0.878,0.916,0.876,0.895,0.911,0.895,1.0,0.887,0.892,0.941,0.941,0.875,0.89,0.89,0.929,0.902
0.892,0.924,0.891,0.887,0.935,0.925,0.913,0.888,0.891,0.877,0.895,0.906,0.916,0.899,0.901,0.916,0.915,0.918,0.923,0.911,0.916,0.928,0.929,0.92,0.933,0.916,0.914,0.889,0.899,0.892,0.894,0.926,0.019,0.92,0.91,0.906,0.911,0.916,0.893,0.923,0.887,1.0,0.928,0.899,0.895,0.875,0.932,0.932,0.887,0.897
0.902,0.928,0.891,0.89,0.93,0.923,0.906,0.893,0.902,0.884,0.907,0.903,0.929,0.9,0.903,0.904,0.914,0.926,0.931,0.902,0.927,0.935,0.936,0.92,0.925,0.909,0.942,0.893,0.896,0.9,0.891,0.93,0.02,0.93,0.914,0.903,0.902,0.951,0.894,0.942,0.892,0.928,1.0,0.901,0.895,0.884,0.924,0.924,0.888,0.895
0.89,0.907,0.895,0.937,0.901,0.905,0.89,0.961,0.889,0.924,0.881,0.945,0.9,0.95,0.931,0.89,0.894,0.895,0.905,0.887,0.886,0.892,0.892,0.893,0.898,0.89,0.89,0.983,0.901,0.894,0.927,0.9,0.019,0.887,0.885,0.919,0.887,0.901,0.928,0.903,0.941,0.899,0.901,1.0,0.984,0.877,0.896,0.896,0.933,0.908
0.889,0.901,0.889,0.933,0.902,0.9,0.891,0.956,0.885,0.924,0.875,0.948,0.892,0.956,0.936,0.892,0.889,0.897,0.9,0.887,0.886,0.892,0.893,0.887,0.897,0.884,0.893,0.975,0.9,0.885,0.931,0.899,0.019,0.889,0.879,0.922,0.887,0.891,0.932,0.895,0.941,0.895,0.895,0.984,1.0,0.881,0.898,0.898,0.929,0.904
0.875,0.882,0.873,0.869,0.887,0.878,0.894,0.87,0.872,0.862,0.854,0.879,0.887,0.877,0.888,0.892,0.875,0.899,0.887,0.899,0.897,0.892,0.892,0.864,0.884,0.869,0.887,0.869,0.894,0.885,0.88,0.895,0.018,0.888,0.861,0.881,0.898,0.879,0.885,0.887,0.875,0.875,0.884,0.877,0.881,1.0,0.895,0.896,0.876,0.906
0.889,0.926,0.881,0.885,0.924,0.927,0.909,0.883,0.886,0.875,0.885,0.905,0.912,0.899,0.904,0.905,0.913,0.922,0.915,0.906,0.924,0.918,0.92,0.917,0.927,0.915,0.921,0.888,0.89,0.896,0.89,0.927,0.02,0.92,0.911,0.898,0.906,0.917,0.899,0.922,0.89,0.932,0.924,0.896,0.898,0.895,1.0,0.998,0.882,0.891
0.888,0.926,0.88,0.884,0.924,0.927,0.91,0.883,0.885,0.874,0.884,0.905,0.912,0.899,0.905,0.906,0.913,0.923,0.915,0.907,0.925,0.919,0.921,0.916,0.927,0.914,0.92,0.888,0.889,0.895,0.89,0.927,0.019,0.921,0.911,0.898,0.907,0.916,0.898,0.921,0.89,0.932,0.924,0.896,0.898,0.896,0.998,1.0,0.881,0.891
0.902,0.897,0.877,0.936,0.883,0.892,0.881,0.937,0.89,0.932,0.883,0.928,0.899,0.921,0.924,0.883,0.886,0.89,0.891,0.879,0.879,0.882,0.883,0.889,0.889,0.895,0.882,0.937,0.901,0.886,0.918,0.888,0.02,0.873,0.88,0.914,0.879,0.898,0.913,0.895,0.929,0.887,0.888,0.933,0.929,0.876,0.882,0.881,1.0,0.897
0.899,0.903,0.899,0.904,0.903,0.911,0.891,0.91,0.899,0.895,0.879,0.907,0.903,0.904,0.902,0.89,0.895,0.89,0.905,0.889,0.887,0.892,0.893,0.892,0.897,0.894,0.889,0.907,0.96,0.908,0.9,0.893,0.019,0.891,0.889,0.899,0.889,0.901,0.891,0.908,0.902,0.897,0.895,0.908,0.904,0.906,0.891,0.891,0.897,1.0
