GCF_000163235.1_ASM16323v1_genomic.fna,GCF_000164555.1_ASM16455v1_genomic.fna,GCF_000208545.1_ASM20854v2_genomic.fna,GCF_000233875.1_ASM23387v1_genomic.fna,GCF_000249735.1_ASM24973v2_genomic.fna,GCF_000261145.1_Esch_coli_M919_V2_genomic.fna,GCF_000267705.2_ASM26770v2_genomic.fna,GCF_000350665.1_Esch_coli_KTE5_V1_genomic.fna,GCF_000351625.1_Esch_coli_KTE66_V1_genomic.fna,GCF_000352285.1_Esch_coli_KTE46_V1_genomic.fna,GCF_000358895.1_ASM35889v1_genomic.fna,GCF_000456385.1_Esch_coli_HVH_26_4-5703913_V1_genomic.fna,GCF_000458195.1_Esch_coli_HVH_147_4-5893887_V1_genomic.fna,GCF_000459755.1_Esch_coli_KOEGE_58_171a_V1_genomic.fna,GCF_000460055.1_Esch_coli_UMEA_3053-1_V1_genomic.fna,GCF_000462165.2_ASM46216v2_genomic.fna,GCF_000601135.1_ASM60113v1_genomic.fna,GCF_000614595.1_Ec2010EL1058_genomic.fna,GCF_000617745.1_Ec2010C-4529_genomic.fna,GCF_000618265.2_EcF6751_genomic.fna,GCF_000619005.2_Ec2009C-4052_genomic.fna,GCF_000619105.1_Ec2009C-4780_genomic.fna,GCF_000619765.2_Ec2009C-3279_genomic.fna,GCF_000687005.1_ASM68700v1_genomic.fna,GCF_000687025.1_ASM68702v1_genomic.fna,GCF_000700125.1_ASM70012v1_genomic.fna,GCF_000753315.1_FHI35_genomic.fna,GCF_000776375.1_ASM77637v1_genomic.fna,GCF_000779395.1_ASM77939v1_genomic.fna,GCF_000780315.1_ASM78031v1_genomic.fna,GCF_000781995.1_ASM78199v1_genomic.fna,GCF_000986765.1_ASM98676v1_genomic.fna,GCF_001041375.1_ViralProj287958_genomic.fna,GCF_001265335.1_302014_genomic.fna,GCF_001265625.1_100854_genomic.fna,GCF_001267345.1_303289_genomic.fna,GCF_001309985.1_ASM130998v1_genomic.fna,GCF_001521695.1_ASM152169v1_genomic.fna,GCF_001592595.1_ASM159259v1_genomic.fna,GCF_001614975.1_ASM161497v1_genomic.fna,GCF_001692775.1_ASM169277v1_genomic.fna,GCF_001748915.1_ASM174891v1_genomic.fna,GCF_001749235.1_ASM174923v1_genomic.fna,GCF_001881155.1_ASM188115v1_genomic.fna,GCF_001881345.1_ASM188134v1_genomic.fna,GCF_001892405.1_ASM189240v1_genomic.fna,GCF_001892585.1_ASM189258v1_genomic.fna,GCF_001893985.1_ASM189398v1_genomic.fna,GCF_002001595.1_ASM200159v1_genomic.fna,GCF_002002145.1_ASM200214v1_genomic.fna
1.0,0.905,0.88,0.893,0.906,0.911,0.884,0.884,0.914,0.903,0.895,0.884,0.908,0.883,0.875,0.886,0.901,0.888,0.889,0.882,0.887,0.892,0.891,0.905,0.89,0.899,0.899,0.884,0.904,0.907,0.881,0.888,0.021,0.895,0.894,0.894,0.88,0.902,0.89,0.909,0.886,0.905,0.903,0.876,0.88,0.883,0.909,0.909,0.886,0.903
0.905,1.0,0.886,0.898,0.923,0.942,0.907,0.894,0.9,0.9,0.906,0.889,0.92,0.897,0.886,0.915,0.932,0.911,0.925,0.907,0.911,0.916,0.919,0.933,0.949,0.934,0.926,0.892,0.903,0.895,0.885,0.922,0.019,0.918,0.922,0.892,0.905,0.926,0.897,0.919,0.889,0.932,0.925,0.89,0.89,0.898,0.928,0.928,0.903,0.907
0.88,0.886,1.0,0.877,0.878,0.878,0.885,0.881,0.89,0.868,0.85,0.886,0.87,0.881,0.881,0.883,0.876,0.878,0.884,0.886,0.883,0.87,0.875,0.869,0.877,0.882,0.87,0.885,0.884,0.89,0.876,0.889,0.024,0.88,0.858,0.885,0.887,0.875,0.882,0.87,0.885,0.883,0.873,0.88,0.882,0.886,0.873,0.873,0.888,0.893
0.893,0.898,0.877,1.0,0.889,0.889,0.889,0.926,0.896,0.929,0.868,0.937,0.891,0.954,0.949,0.893,0.888,0.887,0.889,0.889,0.89,0.89,0.891,0.877,0.883,0.894,0.889,0.94,0.909,0.899,0.935,0.896,0.018,0.89,0.867,0.919,0.887,0.897,0.935,0.887,0.944,0.898,0.888,0.931,0.932,0.885,0.889,0.889,0.933,0.912
0.906,0.923,0.878,0.889,1.0,0.934,0.903,0.874,0.891,0.898,0.937,0.882,0.94,0.887,0.878,0.91,0.922,0.927,0.932,0.9,0.925,0.931,0.928,0.923,0.924,0.914,0.941,0.88,0.892,0.902,0.878,0.924,0.02,0.93,0.912,0.89,0.897,0.932,0.894,0.941,0.881,0.937,0.943,0.87,0.87,0.876,0.931,0.931,0.892,0.89
0.911,0.942,0.878,0.889,0.934,1.0,0.908,0.883,0.9,0.899,0.915,0.881,0.937,0.89,0.878,0.911,0.931,0.916,0.924,0.906,0.912,0.921,0.92,0.946,0.94,0.92,0.929,0.887,0.902,0.891,0.879,0.912,0.022,0.923,0.931,0.898,0.904,0.927,0.898,0.923,0.888,0.933,0.929,0.877,0.877,0.883,0.936,0.936,0.894,0.898
0.884,0.907,0.885,0.889,0.903,0.908,1.0,0.88,0.905,0.878,0.884,0.885,0.901,0.891,0.877,0.985,0.901,0.912,0.917,0.992,0.919,0.914,0.919,0.899,0.899,0.91,0.9,0.883,0.889,0.907,0.885,0.903,0.021,0.917,0.885,0.896,0.991,0.9,0.902,0.896,0.886,0.909,0.9,0.88,0.878,0.892,0.904,0.904,0.901,0.899
0.884,0.894,0.881,0.926,0.874,0.883,0.88,1.0,0.904,0.922,0.854,0.93,0.882,0.929,0.923,0.877,0.884,0.875,0.879,0.882,0.887,0.878,0.885,0.87,0.876,0.889,0.881,0.969,0.897,0.896,0.927,0.892,0.018,0.892,0.855,0.917,0.884,0.897,0.934,0.88,0.934,0.89,0.88,0.971,0.97,0.899,0.877,0.877,0.926,0.906
0.914,0.9,0.89,0.896,0.891,0.9,0.905,0.904,1.0,0.893,0.876,0.903,0.896,0.899,0.894,0.899,0.895,0.895,0.895,0.907,0.91,0.889,0.902,0.885,0.884,0.904,0.898,0.907,0.914,0.925,0.893,0.9,0.022,0.901,0.869,0.913,0.909,0.905,0.906,0.897,0.904,0.897,0.898,0.901,0.904,0.903,0.896,0.896,0.9,0.92
0.903,0.9,0.868,0.929,0.898,0.899,0.878,0.922,0.893,1.0,0.89,0.924,0.9,0.931,0.923,0.881,0.899,0.879,0.882,0.875,0.877,0.884,0.882,0.893,0.886,0.888,0.902,0.933,0.9,0.896,0.927,0.885,0.018,0.89,0.878,0.912,0.874,0.894,0.928,0.902,0.932,0.898,0.89,0.92,0.922,0.877,0.895,0.895,0.921,0.898
0.895,0.906,0.85,0.868,0.937,0.915,0.884,0.854,0.876,0.89,1.0,0.865,0.931,0.867,0.857,0.89,0.904,0.91,0.912,0.881,0.906,0.916,0.91,0.919,0.901,0.895,0.926,0.862,0.877,0.878,0.858,0.903,0.02,0.909,0.92,0.869,0.878,0.91,0.871,0.925,0.859,0.913,0.917,0.851,0.851,0.856,0.915,0.915,0.871,0.87
0.884,0.889,0.886,0.937,0.882,0.881,0.885,0.93,0.903,0.924,0.865,1.0,0.883,0.935,0.959,0.882,0.886,0.881,0.881,0.89,0.89,0.882,0.886,0.876,0.877,0.893,0.884,0.937,0.9,0.901,0.923,0.901,0.02,0.894,0.86,0.92,0.891,0.891,0.936,0.879,0.936,0.891,0.885,0.933,0.936,0.895,0.886,0.886,0.924,0.913
0.908,0.92,0.87,0.891,0.94,0.937,0.901,0.882,0.896,0.9,0.931,0.883,1.0,0.891,0.88,0.905,0.923,0.932,0.932,0.902,0.931,0.95,0.945,0.926,0.915,0.912,0.951,0.888,0.887,0.889,0.882,0.923,0.021,0.942,0.915,0.888,0.899,0.93,0.892,0.943,0.885,0.925,0.94,0.874,0.879,0.875,0.928,0.928,0.893,0.89
0.883,0.897,0.881,0.954,0.887,0.89,0.891,0.929,0.899,0.931,0.867,0.935,0.891,1.0,0.953,0.889,0.892,0.889,0.889,0.889,0.892,0.889,0.892,0.876,0.881,0.896,0.889,0.946,0.912,0.904,0.938,0.9,0.018,0.895,0.868,0.928,0.887,0.9,0.945,0.884,0.95,0.902,0.889,0.934,0.938,0.89,0.885,0.885,0.933,0.922
0.875,0.886,0.881,0.949,0.878,0.878,0.877,0.923,0.894,0.923,0.857,0.959,0.88,0.953,1.0,0.876,0.883,0.878,0.879,0.88,0.885,0.878,0.881,0.864,0.87,0.887,0.88,0.939,0.902,0.897,0.934,0.893,0.02,0.885,0.858,0.918,0.88,0.886,0.941,0.875,0.947,0.891,0.878,0.929,0.931,0.893,0.878,0.878,0.918,0.919
0.886,0.915,0.883,0.893,0.91,0.911,0.985,0.877,0.899,0.881,0.89,0.882,0.905,0.889,0.876,1.0,0.902,0.912,0.92,0.983,0.916,0.919,0.923,0.9,0.905,0.91,0.906,0.881,0.89,0.902,0.878,0.899,0.021,0.92,0.889,0.891,0.98,0.904,0.897,0.898,0.883,0.914,0.901,0.877,0.874,0.89,0.907,0.907,0.903,0.896
0.901,0.932,0.876,0.888,0.922,0.931,0.901,0.884,0.895,0.899,0.904,0.886,0.923,0.892,0.883,0.902,1.0,0.911,0.915,0.898,0.909,0.917,0.917,0.928,0.925,0.928,0.921,0.885,0.894,0.893,0.878,0.918,0.021,0.922,0.91,0.897,0.897,0.914,0.889,0.914,0.878,0.922,0.926,0.88,0.881,0.887,0.928,0.928,0.891,0.894
0.888,0.911,0.878,0.887,0.927,0.916,0.912,0.875,0.895,0.879,0.91,0.881,0.932,0.889,0.878,0.912,0.911,1.0,0.949,0.908,0.938,0.944,0.944,0.905,0.908,0.919,0.931,0.879,0.882,0.895,0.875,0.929,0.021,0.937,0.894,0.889,0.907,0.931,0.89,0.93,0.878,0.921,0.932,0.871,0.874,0.873,0.913,0.913,0.887,0.881
0.889,0.925,0.884,0.889,0.932,0.924,0.917,0.879,0.895,0.882,0.912,0.881,0.932,0.889,0.879,0.92,0.915,0.949,1.0,0.914,0.938,0.944,0.947,0.912,0.916,0.916,0.936,0.879,0.89,0.897,0.874,0.928,0.021,0.935,0.908,0.885,0.911,0.929,0.893,0.93,0.881,0.935,0.934,0.871,0.873,0.88,0.918,0.918,0.893,0.892
0.882,0.907,0.886,0.889,0.9,0.906,0.992,0.882,0.907,0.875,0.881,0.89,0.902,0.889,0.88,0.983,0.898,0.908,0.914,1.0,0.923,0.914,0.918,0.896,0.9,0.908,0.898,0.885,0.886,0.904,0.886,0.905,0.021,0.915,0.883,0.896,0.996,0.897,0.901,0.892,0.887,0.905,0.896,0.882,0.881,0.895,0.9,0.9,0.901,0.9
0.887,0.911,0.883,0.89,0.925,0.912,0.919,0.887,0.91,0.877,0.906,0.89,0.931,0.892,0.885,0.916,0.909,0.938,0.938,0.923,1.0,0.937,0.947,0.902,0.905,0.917,0.924,0.892,0.885,0.898,0.888,0.939,0.023,0.933,0.894,0.897,0.922,0.931,0.898,0.926,0.894,0.914,0.923,0.884,0.885,0.884,0.91,0.91,0.899,0.892
0.892,0.916,0.87,0.89,0.931,0.921,0.914,0.878,0.889,0.884,0.916,0.882,0.95,0.889,0.878,0.919,0.917,0.944,0.944,0.914,0.937,1.0,0.975,0.913,0.913,0.911,0.937,0.883,0.881,0.884,0.872,0.923,0.022,0.951,0.905,0.889,0.911,0.923,0.892,0.932,0.876,0.928,0.939,0.874,0.875,0.875,0.919,0.919,0.893,0.884
0.891,0.919,0.875,0.891,0.928,0.92,0.919,0.885,0.902,0.882,0.91,0.886,0.945,0.892,0.881,0.923,0.917,0.944,0.947,0.918,0.947,0.975,1.0,0.905,0.908,0.92,0.935,0.89,0.887,0.892,0.876,0.93,0.022,0.955,0.897,0.895,0.916,0.934,0.895,0.927,0.883,0.925,0.932,0.882,0.883,0.88,0.913,0.913,0.9,0.89
0.905,0.933,0.869,0.877,0.923,0.946,0.899,0.87,0.885,0.893,0.919,0.876,0.926,0.876,0.864,0.9,0.928,0.905,0.912,0.896,0.902,0.913,0.905,1.0,0.933,0.915,0.918,0.874,0.885,0.892,0.866,0.904,0.019,0.905,0.942,0.878,0.895,0.905,0.879,0.914,0.871,0.922,0.916,0.866,0.867,0.871,0.921,0.921,0.88,0.885
0.89,0.949,0.877,0.883,0.924,0.94,0.899,0.876,0.884,0.886,0.901,0.877,0.915,0.881,0.87,0.905,0.925,0.908,0.916,0.9,0.905,0.913,0.908,0.933,1.0,0.929,0.92,0.879,0.891,0.883,0.869,0.918,0.019,0.913,0.929,0.88,0.898,0.911,0.888,0.912,0.878,0.919,0.917,0.877,0.875,0.89,0.92,0.92,0.891,0.892
0.899,0.934,0.882,0.894,0.914,0.92,0.91,0.889,0.904,0.888,0.895,0.893,0.912,0.896,0.887,0.91,0.928,0.919,0.916,0.908,0.917,0.911,0.92,0.915,0.929,1.0,0.912,0.893,0.895,0.897,0.888,0.916,0.021,0.917,0.901,0.898,0.907,0.917,0.896,0.915,0.89,0.921,0.911,0.89,0.887,0.893,0.917,0.917,0.902,0.897
0.899,0.926,0.87,0.889,0.941,0.929,0.9,0.881,0.898,0.902,0.926,0.884,0.951,0.889,0.88,0.906,0.921,0.931,0.936,0.898,0.924,0.937,0.935,0.918,0.92,0.912,1.0,0.887,0.889,0.893,0.881,0.924,0.021,0.939,0.91,0.885,0.895,0.941,0.886,0.947,0.885,0.928,0.951,0.876,0.876,0.878,0.923,0.923,0.889,0.887
0.884,0.892,0.885,0.94,0.88,0.887,0.883,0.969,0.907,0.933,0.862,0.937,0.888,0.946,0.939,0.881,0.885,0.879,0.879,0.885,0.892,0.883,0.89,0.874,0.879,0.893,0.887,1.0,0.903,0.901,0.927,0.895,0.019,0.895,0.859,0.923,0.886,0.902,0.939,0.883,0.944,0.89,0.881,0.98,0.977,0.889,0.877,0.877,0.937,0.912
0.904,0.903,0.884,0.909,0.892,0.902,0.889,0.897,0.914,0.9,0.877,0.9,0.887,0.912,0.902,0.89,0.894,0.882,0.89,0.886,0.885,0.881,0.887,0.885,0.891,0.895,0.889,0.903,1.0,0.902,0.896,0.891,0.023,0.893,0.871,0.901,0.884,0.896,0.907,0.884,0.906,0.897,0.887,0.895,0.896,0.9,0.891,0.891,0.9,0.959
0.907,0.895,0.89,0.899,0.902,0.891,0.907,0.896,0.925,0.896,0.878,0.901,0.889,0.904,0.897,0.902,0.893,0.895,0.897,0.904,0.898,0.884,0.892,0.892,0.883,0.897,0.893,0.901,0.902,1.0,0.898,0.899,0.021,0.898,0.872,0.902,0.905,0.901,0.905,0.898,0.904,0.903,0.899,0.894,0.894,0.902,0.896,0.896,0.899,0.912
0.881,0.885,0.876,0.935,0.878,0.879,0.885,0.927,0.893,0.927,0.858,0.923,0.882,0.938,0.934,0.878,0.878,0.875,0.874,0.886,0.888,0.872,0.876,0.866,0.869,0.888,0.881,0.927,0.896,0.898,1.0,0.891,0.02,0.884,0.853,0.91,0.889,0.891,0.927,0.883,0.961,0.89,0.875,0.93,0.93,0.897,0.877,0.877,0.916,0.902
0.888,0.922,0.889,0.896,0.924,0.912,0.903,0.892,0.9,0.885,0.903,0.901,0.923,0.9,0.893,0.899,0.918,0.929,0.928,0.905,0.939,0.923,0.93,0.904,0.918,0.916,0.924,0.895,0.891,0.899,0.891,1.0,0.02,0.935,0.893,0.893,0.904,0.93,0.903,0.923,0.896,0.918,0.93,0.887,0.891,0.898,0.909,0.909,0.9,0.894
0.021,0.019,0.024,0.018,0.02,0.022,0.021,0.018,0.022,0.018,0.02,0.02,0.021,0.018,0.02,0.021,0.021,0.021,0.021,0.021,0.023,0.022,0.022,0.019,0.019,0.021,0.021,0.019,0.023,0.021,0.02,0.02,1.0,0.022,0.02,0.023,0.021,0.02,0.021,0.021,0.022,0.02,0.022,0.019,0.019,0.02,0.022,0.022,0.02,0.021
0.895,0.918,0.88,0.89,0.93,0.923,0.917,0.892,0.901,0.89,0.909,0.894,0.942,0.895,0.885,0.92,0.922,0.937,0.935,0.915,0.933,0.951,0.955,0.905,0.913,0.917,0.939,0.895,0.893,0.898,0.884,0.935,0.022,1.0,0.897,0.903,0.912,0.938,0.904,0.933,0.891,0.932,0.935,0.886,0.889,0.889,0.916,0.916,0.901,0.899
0.894,0.922,0.858,0.867,0.912,0.931,0.885,0.855,0.869,0.878,0.92,0.86,0.915,0.868,0.858,0.889,0.91,0.894,0.908,0.883,0.894,0.905,0.897,0.942,0.929,0.901,0.91,0.859,0.871,0.872,0.853,0.893,0.02,0.897,1.0,0.861,0.881,0.896,0.866,0.905,0.857,0.918,0.909,0.85,0.854,0.864,0.912,0.912,0.863,0.872
0.894,0.892,0.885,0.919,0.89,0.898,0.896,0.917,0.913,0.912,0.869,0.92,0.888,0.928,0.918,0.891,0.897,0.889,0.885,0.896,0.897,0.889,0.895,0.878,0.88,0.898,0.885,0.923,0.901,0.902,0.91,0.893,0.023,0.903,0.861,1.0,0.895,0.899,0.934,0.891,0.923,0.9,0.889,0.916,0.914,0.895,0.888,0.888,0.923,0.909
0.88,0.905,0.887,0.887,0.897,0.904,0.991,0.884,0.909,0.874,0.878,0.891,0.899,0.887,0.88,0.98,0.897,0.907,0.911,0.996,0.922,0.911,0.916,0.895,0.898,0.907,0.895,0.886,0.884,0.905,0.889,0.904,0.021,0.912,0.881,0.895,1.0,0.896,0.899,0.891,0.89,0.903,0.895,0.886,0.884,0.896,0.899,0.899,0.901,0.898
0.902,0.926,0.875,0.897,0.932,0.927,0.9,0.897,0.905,0.894,0.91,0.891,0.93,0.9,0.886,0.904,0.914,0.931,0.929,0.897,0.931,0.923,0.934,0.905,0.911,0.917,0.941,0.902,0.896,0.901,0.891,0.93,0.02,0.938,0.896,0.899,0.896,1.0,0.896,0.938,0.892,0.924,0.949,0.894,0.893,0.886,0.922,0.922,0.9,0.896
0.89,0.897,0.882,0.935,0.894,0.898,0.902,0.934,0.906,0.928,0.871,0.936,0.892,0.945,0.941,0.897,0.889,0.89,0.893,0.901,0.898,0.892,0.895,0.879,0.888,0.896,0.886,0.939,0.907,0.905,0.927,0.903,0.021,0.904,0.866,0.934,0.899,0.896,1.0,0.891,0.94,0.903,0.891,0.93,0.932,0.893,0.893,0.893,0.929,0.918
0.909,0.919,0.87,0.887,0.941,0.923,0.896,0.88,0.897,0.902,0.925,0.879,0.943,0.884,0.875,0.898,0.914,0.93,0.93,0.892,0.926,0.932,0.927,0.914,0.912,0.915,0.947,0.883,0.884,0.898,0.883,0.923,0.021,0.933,0.905,0.891,0.891,0.938,0.891,1.0,0.885,0.927,0.94,0.872,0.875,0.877,0.931,0.931,0.887,0.892
0.886,0.889,0.885,0.944,0.881,0.888,0.886,0.934,0.904,0.932,0.859,0.936,0.885,0.95,0.947,0.883,0.878,0.878,0.881,0.887,0.894,0.876,0.883,0.871,0.878,0.89,0.885,0.944,0.906,0.904,0.961,0.896,0.022,0.891,0.857,0.923,0.89,0.892,0.94,0.885,1.0,0.895,0.881,0.938,0.94,0.897,0.88,0.88,0.926,0.916
0.905,0.932,0.883,0.898,0.937,0.933,0.909,0.89,0.897,0.898,0.913,0.891,0.925,0.902,0.891,0.914,0.922,0.921,0.935,0.905,0.914,0.928,0.925,0.922,0.919,0.921,0.928,0.89,0.897,0.903,0.89,0.918,0.02,0.932,0.918,0.9,0.903,0.924,0.903,0.927,0.895,1.0,0.931,0.884,0.881,0.886,0.934,0.934,0.901,0.9
0.903,0.925,0.873,0.888,0.943,0.929,0.9,0.88,0.898,0.89,0.917,0.885,0.94,0.889,0.878,0.901,0.926,0.932,0.934,0.896,0.923,0.939,0.932,0.916,0.917,0.911,0.951,0.881,0.887,0.899,0.875,0.93,0.022,0.935,0.909,0.889,0.895,0.949,0.891,0.94,0.881,0.931,1.0,0.87,0.874,0.874,0.928,0.928,0.893,0.888
0.876,0.89,0.88,0.931,0.87,0.877,0.88,0.971,0.901,0.92,0.851,0.933,0.874,0.934,0.929,0.877,0.88,0.871,0.871,0.882,0.884,0.874,0.882,0.866,0.877,0.89,0.876,0.98,0.895,0.894,0.93,0.887,0.019,0.886,0.85,0.916,0.886,0.894,0.93,0.872,0.938,0.884,0.87,1.0,0.98,0.899,0.871,0.871,0.931,0.901
0.88,0.89,0.882,0.932,0.87,0.877,0.878,0.97,0.904,0.922,0.851,0.936,0.879,0.938,0.931,0.874,0.881,0.874,0.873,0.881,0.885,0.875,0.883,0.867,0.875,0.887,0.876,0.977,0.896,0.894,0.93,0.891,0.019,0.889,0.854,0.914,0.884,0.893,0.932,0.875,0.94,0.881,0.874,0.98,1.0,0.894,0.871,0.871,0.929,0.909
0.883,0.898,0.886,0.885,0.876,0.883,0.892,0.899,0.903,0.877,0.856,0.895,0.875,0.89,0.893,0.89,0.887,0.873,0.88,0.895,0.884,0.875,0.88,0.871,0.89,0.893,0.878,0.889,0.9,0.902,0.897,0.898,0.02,0.889,0.864,0.895,0.896,0.886,0.893,0.877,0.897,0.886,0.874,0.899,0.894,1.0,0.884,0.884,0.895,0.914
0.909,0.928,0.873,0.889,0.931,0.936,0.904,0.877,0.896,0.895,0.915,0.886,0.928,0.885,0.878,0.907,0.928,0.913,0.918,0.9,0.91,0.919,0.913,0.921,0.92,0.917,0.923,0.877,0.891,0.896,0.877,0.909,0.022,0.916,0.912,0.888,0.899,0.922,0.893,0.931,0.88,0.934,0.928,0.871,0.871,0.884,1.0,1.0,0.886,0.895
0.909,0.928,0.873,0.889,0.931,0.936,0.904,0.877,0.896,0.895,0.915,0.886,0.928,0.885,0.878,0.907,0.928,0.913,0.918,0.9,0.91,0.919,0.913,0.921,0.92,0.917,0.923,0.877,0.891,0.896,0.877,0.909,0.022,0.916,0.912,0.888,0.899,0.922,0.893,0.931,0.88,0.934,0.928,0.871,0.871,0.884,1.0,1.0,0.886,0.895
0.886,0.903,0.888,0.933,0.892,0.894,0.901,0.926,0.9,0.921,0.871,0.924,0.893,0.933,0.918,0.903,0.891,0.887,0.893,0.901,0.899,0.893,0.9,0.88,0.891,0.902,0.889,0.937,0.9,0.899,0.916,0.9,0.02,0.901,0.863,0.923,0.901,0.9,0.929,0.887,0.926,0.901,0.893,0.931,0.929,0.895,0.886,0.886,1.0,0.909
0.903,0.907,0.893,0.912,0.89,0.898,0.899,0.906,0.92,0.898,0.87,0.913,0.89,0.922,0.919,0.896,0.894,0.881,0.892,0.9,0.892,0.884,0.89,0.885,0.892,0.897,0.887,0.912,0.959,0.912,0.902,0.894,0.021,0.899,0.872,0.909,0.898,0.896,0.918,0.892,0.916,0.9,0.888,0.901,0.909,0.914,0.895,0.895,0.909,1.0
