GCF_000163235.1_ASM16323v1_genomic.fna,GCF_000164555.1_ASM16455v1_genomic.fna,GCF_000208545.1_ASM20854v2_genomic.fna,GCF_000233875.1_ASM23387v1_genomic.fna,GCF_000249735.1_ASM24973v2_genomic.fna,GCF_000261145.1_Esch_coli_M919_V2_genomic.fna,GCF_000267705.2_ASM26770v2_genomic.fna,GCF_000350665.1_Esch_coli_KTE5_V1_genomic.fna,GCF_000351625.1_Esch_coli_KTE66_V1_genomic.fna,GCF_000352285.1_Esch_coli_KTE46_V1_genomic.fna,GCF_000358895.1_ASM35889v1_genomic.fna,GCF_000456385.1_Esch_coli_HVH_26_4-5703913_V1_genomic.fna,GCF_000458195.1_Esch_coli_HVH_147_4-5893887_V1_genomic.fna,GCF_000459755.1_Esch_coli_KOEGE_58_171a_V1_genomic.fna,GCF_000460055.1_Esch_coli_UMEA_3053-1_V1_genomic.fna,GCF_000462165.2_ASM46216v2_genomic.fna,GCF_000601135.1_ASM60113v1_genomic.fna,GCF_000614595.1_Ec2010EL1058_genomic.fna,GCF_000617745.1_Ec2010C-4529_genomic.fna,GCF_000618265.2_EcF6751_genomic.fna,GCF_000619005.2_Ec2009C-4052_genomic.fna,GCF_000619105.1_Ec2009C-4780_genomic.fna,GCF_000619765.2_Ec2009C-3279_genomic.fna,GCF_000687005.1_ASM68700v1_genomic.fna,GCF_000687025.1_ASM68702v1_genomic.fna,GCF_000700125.1_ASM70012v1_genomic.fna,GCF_000753315.1_FHI35_genomic.fna,GCF_000776375.1_ASM77637v1_genomic.fna,GCF_000779395.1_ASM77939v1_genomic.fna,GCF_000780315.1_ASM78031v1_genomic.fna,GCF_000781995.1_ASM78199v1_genomic.fna,GCF_000986765.1_ASM98676v1_genomic.fna,GCF_001041375.1_ViralProj287958_genomic.fna,GCF_001265335.1_302014_genomic.fna,GCF_001265625.1_100854_genomic.fna,GCF_001267345.1_303289_genomic.fna,GCF_001309985.1_ASM130998v1_genomic.fna,GCF_001521695.1_ASM152169v1_genomic.fna,GCF_001592595.1_ASM159259v1_genomic.fna,GCF_001614975.1_ASM161497v1_genomic.fna,GCF_001692775.1_ASM169277v1_genomic.fna,GCF_001748915.1_ASM174891v1_genomic.fna,GCF_001749235.1_ASM174923v1_genomic.fna,GCF_001881155.1_ASM188115v1_genomic.fna,GCF_001881345.1_ASM188134v1_genomic.fna,GCF_001892405.1_ASM189240v1_genomic.fna,GCF_001892585.1_ASM189258v1_genomic.fna,GCF_001893985.1_ASM189398v1_genomic.fna,GCF_002001595.1_ASM200159v1_genomic.fna,GCF_002002145.1_ASM200214v1_genomic.fna
1.0,0.535,0.495,0.499,0.539,0.525,0.536,0.517,0.646,0.494,0.517,0.519,0.521,0.488,0.49,0.536,0.523,0.519,0.525,0.533,0.528,0.507,0.531,0.518,0.503,0.486,0.518,0.505,0.571,0.641,0.469,0.529,0.0,0.518,0.475,0.487,0.534,0.547,0.491,0.523,0.486,0.509,0.53,0.505,0.512,0.521,0.493,0.493,0.467,0.586
0.535,1.0,0.427,0.483,0.681,0.793,0.573,0.512,0.516,0.476,0.637,0.507,0.649,0.465,0.477,0.585,0.739,0.655,0.658,0.566,0.617,0.62,0.642,0.791,0.8,0.714,0.653,0.503,0.514,0.519,0.454,0.657,0.0,0.639,0.73,0.447,0.57,0.687,0.473,0.646,0.468,0.718,0.664,0.514,0.517,0.469,0.716,0.716,0.469,0.516
0.495,0.427,1.0,0.382,0.429,0.419,0.409,0.398,0.454,0.381,0.413,0.385,0.419,0.376,0.372,0.415,0.417,0.414,0.408,0.408,0.421,0.403,0.418,0.414,0.405,0.392,0.408,0.39,0.45,0.467,0.364,0.427,0.0,0.413,0.385,0.379,0.409,0.428,0.398,0.42,0.376,0.402,0.425,0.398,0.394,0.439,0.408,0.408,0.374,0.462
0.499,0.483,0.382,1.0,0.485,0.476,0.448,0.722,0.479,0.734,0.475,0.743,0.481,0.793,0.768,0.452,0.472,0.467,0.477,0.442,0.447,0.475,0.478,0.473,0.483,0.469,0.482,0.783,0.519,0.471,0.753,0.489,0.0,0.474,0.458,0.633,0.446,0.478,0.659,0.482,0.761,0.468,0.472,0.768,0.764,0.467,0.458,0.458,0.684,0.524
0.539,0.681,0.429,0.485,1.0,0.695,0.611,0.512,0.537,0.479,0.758,0.498,0.733,0.474,0.492,0.625,0.694,0.695,0.706,0.604,0.698,0.697,0.723,0.661,0.672,0.653,0.73,0.501,0.527,0.524,0.465,0.736,0.0,0.715,0.633,0.469,0.608,0.741,0.489,0.725,0.485,0.678,0.745,0.504,0.507,0.477,0.684,0.685,0.469,0.517
0.525,0.793,0.419,0.476,0.695,1.0,0.603,0.506,0.515,0.466,0.641,0.484,0.655,0.467,0.476,0.604,0.729,0.672,0.666,0.597,0.637,0.637,0.665,0.777,0.804,0.701,0.652,0.49,0.518,0.508,0.451,0.666,0.0,0.652,0.741,0.466,0.6,0.681,0.505,0.653,0.463,0.71,0.678,0.493,0.49,0.466,0.727,0.728,0.461,0.511
0.536,0.573,0.409,0.448,0.611,0.603,1.0,0.463,0.523,0.444,0.589,0.462,0.591,0.435,0.45,0.96,0.592,0.628,0.628,0.985,0.638,0.611,0.64,0.588,0.581,0.572,0.596,0.46,0.481,0.508,0.436,0.603,0.0,0.595,0.556,0.468,0.989,0.595,0.476,0.58,0.436,0.575,0.599,0.465,0.467,0.447,0.561,0.562,0.437,0.496
0.517,0.512,0.398,0.722,0.512,0.506,0.463,1.0,0.486,0.706,0.471,0.724,0.494,0.712,0.704,0.47,0.496,0.477,0.511,0.458,0.46,0.473,0.488,0.494,0.491,0.475,0.489,0.889,0.518,0.492,0.711,0.503,0.0,0.482,0.456,0.607,0.461,0.513,0.672,0.5,0.717,0.477,0.506,0.894,0.883,0.474,0.471,0.471,0.658,0.514
0.646,0.516,0.454,0.479,0.537,0.515,0.523,0.486,1.0,0.48,0.517,0.478,0.52,0.473,0.476,0.527,0.521,0.513,0.513,0.517,0.503,0.518,0.528,0.506,0.502,0.493,0.522,0.483,0.566,0.655,0.457,0.518,0.0,0.515,0.478,0.479,0.521,0.513,0.474,0.527,0.463,0.511,0.533,0.483,0.484,0.515,0.495,0.496,0.457,0.592
0.494,0.476,0.381,0.734,0.479,0.466,0.444,0.706,0.48,1.0,0.508,0.711,0.491,0.749,0.718,0.452,0.462,0.458,0.466,0.44,0.436,0.476,0.451,0.476,0.476,0.49,0.475,0.745,0.514,0.473,0.764,0.469,0.0,0.465,0.464,0.657,0.443,0.464,0.662,0.475,0.755,0.439,0.463,0.725,0.734,0.46,0.444,0.444,0.728,0.514
0.517,0.637,0.413,0.475,0.758,0.641,0.589,0.471,0.517,0.508,1.0,0.467,0.77,0.469,0.46,0.601,0.642,0.696,0.693,0.584,0.664,0.735,0.703,0.687,0.657,0.674,0.716,0.485,0.508,0.51,0.453,0.697,0.0,0.717,0.689,0.491,0.587,0.695,0.469,0.731,0.453,0.65,0.719,0.477,0.48,0.446,0.646,0.646,0.492,0.51
0.519,0.507,0.385,0.743,0.498,0.484,0.462,0.724,0.478,0.711,0.467,1.0,0.486,0.746,0.85,0.47,0.489,0.474,0.49,0.454,0.463,0.471,0.482,0.484,0.48,0.467,0.482,0.737,0.533,0.503,0.703,0.49,0.0,0.474,0.454,0.632,0.459,0.486,0.677,0.484,0.733,0.463,0.484,0.742,0.75,0.479,0.467,0.467,0.656,0.536
0.521,0.649,0.419,0.481,0.733,0.655,0.591,0.494,0.52,0.491,0.77,0.486,1.0,0.477,0.473,0.598,0.658,0.74,0.754,0.584,0.709,0.798,0.77,0.696,0.669,0.673,0.774,0.501,0.527,0.522,0.471,0.738,0.0,0.779,0.652,0.476,0.588,0.742,0.48,0.784,0.465,0.66,0.77,0.488,0.489,0.462,0.66,0.66,0.48,0.523
0.488,0.465,0.376,0.793,0.474,0.467,0.435,0.712,0.473,0.749,0.469,0.746,0.477,1.0,0.779,0.439,0.464,0.457,0.465,0.431,0.429,0.468,0.462,0.465,0.47,0.467,0.464,0.774,0.521,0.473,0.743,0.468,0.0,0.458,0.448,0.65,0.434,0.468,0.664,0.468,0.748,0.446,0.454,0.752,0.752,0.466,0.444,0.444,0.696,0.519
0.49,0.477,0.372,0.768,0.492,0.476,0.45,0.704,0.476,0.718,0.46,0.85,0.473,0.779,1.0,0.454,0.474,0.462,0.475,0.446,0.45,0.459,0.479,0.449,0.463,0.456,0.472,0.73,0.524,0.474,0.733,0.483,0.0,0.459,0.442,0.635,0.449,0.48,0.691,0.48,0.753,0.46,0.475,0.73,0.73,0.484,0.458,0.458,0.671,0.542
0.536,0.585,0.415,0.452,0.625,0.604,0.96,0.47,0.527,0.452,0.601,0.47,0.598,0.439,0.454,1.0,0.6,0.626,0.634,0.955,0.62,0.614,0.634,0.59,0.588,0.574,0.593,0.465,0.487,0.518,0.44,0.599,0.0,0.598,0.557,0.468,0.958,0.597,0.472,0.587,0.447,0.582,0.604,0.469,0.473,0.448,0.572,0.573,0.448,0.504
0.523,0.739,0.417,0.472,0.694,0.729,0.592,0.496,0.521,0.462,0.642,0.489,0.658,0.464,0.474,0.6,1.0,0.648,0.657,0.584,0.637,0.641,0.661,0.747,0.747,0.742,0.661,0.491,0.514,0.511,0.442,0.697,0.0,0.662,0.684,0.476,0.589,0.666,0.481,0.646,0.454,0.715,0.672,0.501,0.504,0.451,0.72,0.721,0.458,0.503
0.519,0.655,0.414,0.467,0.695,0.672,0.628,0.477,0.513,0.458,0.696,0.474,0.74,0.457,0.462,0.626,0.648,1.0,0.787,0.623,0.721,0.742,0.749,0.667,0.655,0.652,0.727,0.473,0.514,0.507,0.45,0.708,0.0,0.706,0.632,0.475,0.626,0.694,0.482,0.729,0.451,0.66,0.718,0.476,0.478,0.459,0.648,0.648,0.445,0.519
0.525,0.658,0.408,0.477,0.706,0.666,0.628,0.511,0.513,0.466,0.693,0.49,0.754,0.465,0.475,0.634,0.657,0.787,1.0,0.625,0.735,0.743,0.755,0.662,0.648,0.651,0.734,0.495,0.513,0.524,0.454,0.726,0.0,0.71,0.629,0.479,0.623,0.704,0.505,0.737,0.458,0.664,0.73,0.494,0.498,0.473,0.647,0.647,0.454,0.52
0.533,0.566,0.408,0.442,0.604,0.597,0.985,0.458,0.517,0.44,0.584,0.454,0.584,0.431,0.446,0.955,0.584,0.623,0.625,1.0,0.634,0.608,0.634,0.581,0.577,0.567,0.59,0.455,0.473,0.503,0.431,0.597,0.0,0.59,0.546,0.464,0.99,0.592,0.473,0.574,0.431,0.567,0.594,0.459,0.461,0.447,0.556,0.557,0.434,0.489
0.528,0.617,0.421,0.447,0.698,0.637,0.638,0.46,0.503,0.436,0.664,0.463,0.709,0.429,0.45,0.62,0.637,0.721,0.735,0.634,1.0,0.72,0.75,0.637,0.616,0.621,0.704,0.457,0.479,0.5,0.425,0.711,0.0,0.715,0.595,0.465,0.634,0.704,0.479,0.706,0.44,0.627,0.709,0.462,0.465,0.478,0.629,0.629,0.427,0.494
0.507,0.62,0.403,0.475,0.697,0.637,0.611,0.473,0.518,0.476,0.735,0.471,0.798,0.468,0.459,0.614,0.641,0.742,0.743,0.608,0.72,1.0,0.894,0.664,0.658,0.64,0.751,0.494,0.508,0.505,0.46,0.725,0.0,0.865,0.631,0.472,0.609,0.714,0.468,0.738,0.453,0.639,0.742,0.483,0.483,0.454,0.627,0.627,0.466,0.51
0.531,0.642,0.418,0.478,0.723,0.665,0.64,0.488,0.528,0.451,0.703,0.482,0.77,0.462,0.479,0.634,0.661,0.749,0.755,0.634,0.75,0.894,1.0,0.643,0.643,0.62,0.758,0.483,0.511,0.51,0.453,0.76,0.0,0.842,0.614,0.461,0.633,0.739,0.482,0.729,0.462,0.652,0.753,0.489,0.487,0.462,0.637,0.638,0.443,0.51
0.518,0.791,0.414,0.473,0.661,0.777,0.588,0.494,0.506,0.476,0.687,0.484,0.696,0.465,0.449,0.59,0.747,0.667,0.662,0.581,0.637,0.664,0.643,1.0,0.825,0.757,0.661,0.493,0.502,0.512,0.448,0.65,0.0,0.669,0.796,0.483,0.584,0.653,0.463,0.66,0.451,0.722,0.662,0.485,0.492,0.449,0.722,0.722,0.468,0.505
0.503,0.8,0.405,0.483,0.672,0.804,0.581,0.491,0.502,0.476,0.657,0.48,0.669,0.47,0.463,0.588,0.747,0.655,0.648,0.577,0.616,0.658,0.643,0.825,1.0,0.757,0.661,0.498,0.509,0.501,0.452,0.661,0.0,0.651,0.78,0.468,0.581,0.651,0.465,0.65,0.453,0.716,0.658,0.5,0.495,0.447,0.714,0.714,0.48,0.5
0.486,0.714,0.392,0.469,0.653,0.701,0.572,0.475,0.493,0.49,0.674,0.467,0.673,0.467,0.456,0.574,0.742,0.652,0.651,0.567,0.621,0.64,0.62,0.757,0.757,1.0,0.646,0.488,0.491,0.486,0.448,0.635,0.0,0.639,0.717,0.476,0.572,0.649,0.456,0.653,0.443,0.693,0.642,0.492,0.477,0.436,0.706,0.707,0.49,0.496
0.518,0.653,0.408,0.482,0.73,0.652,0.596,0.489,0.522,0.475,0.716,0.482,0.774,0.464,0.472,0.593,0.661,0.727,0.734,0.59,0.704,0.751,0.758,0.661,0.661,0.646,1.0,0.488,0.524,0.514,0.462,0.746,0.0,0.74,0.629,0.465,0.593,0.799,0.465,0.764,0.472,0.653,0.819,0.497,0.492,0.462,0.655,0.656,0.464,0.522
0.505,0.503,0.39,0.783,0.501,0.49,0.46,0.889,0.483,0.745,0.485,0.737,0.501,0.774,0.73,0.465,0.491,0.473,0.495,0.455,0.457,0.494,0.483,0.493,0.498,0.488,0.488,1.0,0.521,0.487,0.738,0.497,0.0,0.485,0.461,0.637,0.458,0.503,0.667,0.492,0.742,0.462,0.479,0.96,0.942,0.47,0.464,0.464,0.7,0.515
0.571,0.514,0.45,0.519,0.527,0.518,0.481,0.518,0.566,0.514,0.508,0.533,0.527,0.521,0.524,0.487,0.514,0.514,0.513,0.473,0.479,0.508,0.511,0.502,0.509,0.491,0.524,0.521,1.0,0.546,0.503,0.523,0.0,0.516,0.473,0.502,0.478,0.521,0.499,0.525,0.501,0.491,0.519,0.515,0.517,0.577,0.489,0.489,0.487,0.831
0.641,0.519,0.467,0.471,0.524,0.508,0.508,0.492,0.655,0.473,0.51,0.503,0.522,0.473,0.474,0.518,0.511,0.507,0.524,0.503,0.5,0.505,0.51,0.512,0.501,0.486,0.514,0.487,0.546,1.0,0.462,0.504,0.0,0.505,0.479,0.478,0.507,0.513,0.463,0.531,0.472,0.503,0.528,0.489,0.489,0.519,0.502,0.503,0.46,0.58
0.469,0.454,0.364,0.753,0.465,0.451,0.436,0.711,0.457,0.764,0.453,0.703,0.471,0.743,0.733,0.44,0.442,0.45,0.454,0.431,0.425,0.46,0.453,0.448,0.452,0.448,0.462,0.738,0.503,0.462,1.0,0.461,0.0,0.45,0.426,0.626,0.435,0.452,0.652,0.463,0.889,0.434,0.447,0.725,0.725,0.452,0.433,0.433,0.679,0.503
0.529,0.657,0.427,0.489,0.736,0.666,0.603,0.503,0.518,0.469,0.697,0.49,0.738,0.468,0.483,0.599,0.697,0.708,0.726,0.597,0.711,0.725,0.76,0.65,0.661,0.635,0.746,0.497,0.523,0.504,0.461,1.0,0.0,0.728,0.606,0.459,0.6,0.76,0.487,0.741,0.462,0.668,0.765,0.498,0.502,0.47,0.67,0.67,0.456,0.511
0.0,0.0,0.0,0.0,0.0,0.0,0.0,0.0,0.0,0.0,0.0,0.0,0.0,0.0,0.0,0.0,0.0,0.0,0.0,0.0,0.0,0.0,0.0,0.0,0.0,0.0,0.0,0.0,0.0,0.0,0.0,0.0,1.0,0.0,0.0,0.0,0.0,0.0,0.0,0.0,0.0,0.0,0.0,0.0,0.0,0.0,0.0,0.0,0.0,0.0
0.518,0.639,0.413,0.474,0.715,0.652,0.595,0.482,0.515,0.465,0.717,0.474,0.779,0.458,0.459,0.598,0.662,0.706,0.71,0.59,0.715,0.865,0.842,0.669,0.651,0.639,0.74,0.485,0.516,0.505,0.45,0.728,0.0,1.0,0.631,0.48,0.592,0.729,0.474,0.733,0.447,0.646,0.748,0.478,0.484,0.446,0.643,0.644,0.456,0.5
0.475,0.73,0.385,0.458,0.633,0.741,0.556,0.456,0.478,0.464,0.689,0.454,0.652,0.448,0.442,0.557,0.684,0.632,0.629,0.546,0.595,0.631,0.614,0.796,0.78,0.717,0.629,0.461,0.473,0.479,0.426,0.606,0.0,0.631,1.0,0.468,0.549,0.609,0.45,0.631,0.421,0.673,0.631,0.449,0.454,0.426,0.673,0.673,0.464,0.474
0.487,0.447,0.379,0.633,0.469,0.466,0.468,0.607,0.479,0.657,0.491,0.632,0.476,0.65,0.635,0.468,0.476,0.475,0.479,0.464,0.465,0.472,0.461,0.483,0.468,0.476,0.465,0.637,0.502,0.478,0.626,0.459,0.0,0.48,0.468,1.0,0.464,0.451,0.636,0.475,0.619,0.453,0.464,0.621,0.624,0.441,0.441,0.442,0.63,0.501
0.534,0.57,0.409,0.446,0.608,0.6,0.989,0.461,0.521,0.443,0.587,0.459,0.588,0.434,0.449,0.958,0.589,0.626,0.623,0.99,0.634,0.609,0.633,0.584,0.581,0.572,0.593,0.458,0.478,0.507,0.435,0.6,0.0,0.592,0.549,0.464,1.0,0.595,0.472,0.578,0.435,0.572,0.597,0.462,0.464,0.447,0.559,0.56,0.436,0.494
0.547,0.687,0.428,0.478,0.741,0.681,0.595,0.513,0.513,0.464,0.695,0.486,0.742,0.468,0.48,0.597,0.666,0.694,0.704,0.592,0.704,0.714,0.739,0.653,0.651,0.649,0.799,0.503,0.521,0.513,0.452,0.76,0.0,0.729,0.609,0.451,0.595,1.0,0.493,0.741,0.463,0.651,0.844,0.51,0.495,0.48,0.671,0.671,0.456,0.515
0.491,0.473,0.398,0.659,0.489,0.505,0.476,0.672,0.474,0.662,0.469,0.677,0.48,0.664,0.691,0.472,0.481,0.482,0.505,0.473,0.479,0.468,0.482,0.463,0.465,0.456,0.465,0.667,0.499,0.463,0.652,0.487,0.0,0.474,0.45,0.636,0.472,0.493,1.0,0.479,0.662,0.471,0.494,0.671,0.675,0.475,0.45,0.45,0.632,0.494
0.523,0.646,0.42,0.482,0.725,0.653,0.58,0.5,0.527,0.475,0.731,0.484,0.784,0.468,0.48,0.587,0.646,0.729,0.737,0.574,0.706,0.738,0.729,0.66,0.65,0.653,0.764,0.492,0.525,0.531,0.463,0.741,0.0,0.733,0.631,0.475,0.578,0.741,0.479,1.0,0.46,0.66,0.771,0.492,0.498,0.476,0.671,0.671,0.46,0.538
0.486,0.468,0.376,0.761,0.485,0.463,0.436,0.717,0.463,0.755,0.453,0.733,0.465,0.748,0.753,0.447,0.454,0.451,0.458,0.431,0.44,0.453,0.462,0.451,0.453,0.443,0.472,0.742,0.501,0.472,0.889,0.462,0.0,0.447,0.421,0.619,0.435,0.463,0.662,0.46,1.0,0.45,0.455,0.743,0.746,0.451,0.441,0.441,0.678,0.505
0.509,0.718,0.402,0.468,0.678,0.71,0.575,0.477,0.511,0.439,0.65,0.463,0.66,0.446,0.46,0.582,0.715,0.66,0.664,0.567,0.627,0.639,0.652,0.722,0.716,0.693,0.653,0.462,0.491,0.503,0.434,0.668,0.0,0.646,0.673,0.453,0.572,0.651,0.471,0.66,0.45,1.0,0.682,0.465,0.469,0.429,0.741,0.742,0.432,0.493
0.53,0.664,0.425,0.472,0.745,0.678,0.599,0.506,0.533,0.463,0.719,0.484,0.77,0.454,0.475,0.604,0.672,0.718,0.73,0.594,0.709,0.742,0.753,0.662,0.658,0.642,0.819,0.479,0.519,0.528,0.447,0.765,0.0,0.748,0.631,0.464,0.597,0.844,0.494,0.771,0.455,0.682,1.0,0.483,0.485,0.475,0.668,0.668,0.453,0.523
0.505,0.514,0.398,0.768,0.504,0.493,0.465,0.894,0.483,0.725,0.477,0.742,0.488,0.752,0.73,0.469,0.501,0.476,0.494,0.459,0.462,0.483,0.489,0.485,0.5,0.492,0.497,0.96,0.515,0.489,0.725,0.498,0.0,0.478,0.449,0.621,0.462,0.51,0.671,0.492,0.743,0.465,0.483,1.0,0.959,0.476,0.47,0.47,0.69,0.516
0.512,0.517,0.394,0.764,0.507,0.49,0.467,0.883,0.484,0.734,0.48,0.75,0.489,0.752,0.73,0.473,0.504,0.478,0.498,0.461,0.465,0.483,0.487,0.492,0.495,0.477,0.492,0.942,0.517,0.489,0.725,0.502,0.0,0.484,0.454,0.624,0.464,0.495,0.675,0.498,0.746,0.469,0.485,0.959,1.0,0.476,0.478,0.478,0.681,0.515
0.521,0.469,0.439,0.467,0.477,0.466,0.447,0.474,0.515,0.46,0.446,0.479,0.462,0.466,0.484,0.448,0.451,0.459,0.473,0.447,0.478,0.454,0.462,0.449,0.447,0.436,0.462,0.47,0.577,0.519,0.452,0.47,0.0,0.446,0.426,0.441,0.447,0.48,0.475,0.476,0.451,0.429,0.475,0.476,0.476,1.0,0.466,0.467,0.445,0.643
0.493,0.716,0.408,0.458,0.684,0.727,0.561,0.471,0.495,0.444,0.646,0.467,0.66,0.444,0.458,0.572,0.72,0.648,0.647,0.556,0.629,0.627,0.637,0.722,0.714,0.706,0.655,0.464,0.489,0.502,0.433,0.67,0.0,0.643,0.673,0.441,0.559,0.671,0.45,0.671,0.441,0.741,0.668,0.47,0.478,0.466,1.0,0.996,0.436,0.509
0.493,0.716,0.408,0.458,0.685,0.728,0.562,0.471,0.496,0.444,0.646,0.467,0.66,0.444,0.458,0.573,0.721,0.648,0.647,0.557,0.629,0.627,0.638,0.722,0.714,0.707,0.656,0.464,0.489,0.503,0.433,0.67,0.0,0.644,0.673,0.442,0.56,0.671,0.45,0.671,0.441,0.742,0.668,0.47,0.478,0.467,0.996,1.0,0.436,0.51
0.467,0.469,0.374,0.684,0.469,0.461,0.437,0.658,0.457,0.728,0.492,0.656,0.48,0.696,0.671,0.448,0.458,0.445,0.454,0.434,0.427,0.466,0.443,0.468,0.48,0.49,0.464,0.7,0.487,0.46,0.679,0.456,0.0,0.456,0.464,0.63,0.436,0.456,0.632,0.46,0.678,0.432,0.453,0.69,0.681,0.445,0.436,0.436,1.0,0.487
0.586,0.516,0.462,0.524,0.517,0.511,0.496,0.514,0.592,0.514,0.51,0.536,0.523,0.519,0.542,0.504,0.503,0.519,0.52,0.489,0.494,0.51,0.51,0.505,0.5,0.496,0.522,0.515,0.831,0.58,0.503,0.511,0.0,0.5,0.474,0.501,0.494,0.515,0.494,0.538,0.505,0.493,0.523,0.516,0.515,0.643,0.509,0.51,0.487,1.0
