GCF_000163235.1_ASM16323v1_genomic.fna,GCF_000164555.1_ASM16455v1_genomic.fna,GCF_000208545.1_ASM20854v2_genomic.fna,GCF_000233875.1_ASM23387v1_genomic.fna,GCF_000249735.1_ASM24973v2_genomic.fna,GCF_000261145.1_Esch_coli_M919_V2_genomic.fna,GCF_000267705.2_ASM26770v2_genomic.fna,GCF_000350665.1_Esch_coli_KTE5_V1_genomic.fna,GCF_000351625.1_Esch_coli_KTE66_V1_genomic.fna,GCF_000352285.1_Esch_coli_KTE46_V1_genomic.fna,GCF_000358895.1_ASM35889v1_genomic.fna,GCF_000456385.1_Esch_coli_HVH_26_4-5703913_V1_genomic.fna,GCF_000458195.1_Esch_coli_HVH_147_4-5893887_V1_genomic.fna,GCF_000459755.1_Esch_coli_KOEGE_58_171a_V1_genomic.fna,GCF_000460055.1_Esch_coli_UMEA_3053-1_V1_genomic.fna,GCF_000462165.2_ASM46216v2_genomic.fna,GCF_000601135.1_ASM60113v1_genomic.fna,GCF_000614595.1_Ec2010EL1058_genomic.fna,GCF_000617745.1_Ec2010C-4529_genomic.fna,GCF_000618265.2_EcF6751_genomic.fna,GCF_000619005.2_Ec2009C-4052_genomic.fna,GCF_000619105.1_Ec2009C-4780_genomic.fna,GCF_000619765.2_Ec2009C-3279_genomic.fna,GCF_000687005.1_ASM68700v1_genomic.fna,GCF_000687025.1_ASM68702v1_genomic.fna,GCF_000700125.1_ASM70012v1_genomic.fna,GCF_000753315.1_FHI35_genomic.fna,GCF_000776375.1_ASM77637v1_genomic.fna,GCF_000779395.1_ASM77939v1_genomic.fna,GCF_000780315.1_ASM78031v1_genomic.fna,GCF_000781995.1_ASM78199v1_genomic.fna,GCF_000986765.1_ASM98676v1_genomic.fna,GCF_001041375.1_ViralProj287958_genomic.fna,GCF_001265335.1_302014_genomic.fna,GCF_001265625.1_100854_genomic.fna,GCF_001267345.1_303289_genomic.fna,GCF_001309985.1_ASM130998v1_genomic.fna,GCF_001521695.1_ASM152169v1_genomic.fna,GCF_001592595.1_ASM159259v1_genomic.fna,GCF_001614975.1_ASM161497v1_genomic.fna,GCF_001692775.1_ASM169277v1_genomic.fna,GCF_001748915.1_ASM174891v1_genomic.fna,GCF_001749235.1_ASM174923v1_genomic.fna,GCF_001881155.1_ASM188115v1_genomic.fna,GCF_001881345.1_ASM188134v1_genomic.fna,GCF_001892405.1_ASM189240v1_genomic.fna,GCF_001892585.1_ASM189258v1_genomic.fna,GCF_001893985.1_ASM189398v1_genomic.fna,GCF_002001595.1_ASM200159v1_genomic.fna,GCF_002002145.1_ASM200214v1_genomic.fna
1.0,0.899,0.881,0.89,0.896,0.894,0.891,0.903,0.917,0.894,0.872,0.903,0.888,0.887,0.892,0.893,0.89,0.894,0.885,0.887,0.883,0.887,0.898,0.887,0.888,0.885,0.896,0.893,0.91,0.898,0.886,0.886,0.02,0.891,0.875,0.886,0.889,0.894,0.889,0.893,0.885,0.889,0.899,0.893,0.897,0.878,0.89,0.892,0.889,0.901
0.899,1.0,0.872,0.889,0.92,0.94,0.893,0.901,0.895,0.891,0.887,0.902,0.906,0.893,0.894,0.899,0.929,0.907,0.904,0.892,0.902,0.906,0.914,0.944,0.941,0.911,0.916,0.893,0.891,0.878,0.877,0.907,0.022,0.915,0.926,0.88,0.892,0.912,0.89,0.909,0.883,0.916,0.916,0.895,0.897,0.871,0.925,0.926,0.892,0.888
0.881,0.872,1.0,0.868,0.882,0.869,0.867,0.875,0.882,0.865,0.85,0.873,0.863,0.871,0.874,0.872,0.879,0.862,0.863,0.865,0.856,0.864,0.867,0.871,0.874,0.866,0.873,0.869,0.892,0.865,0.866,0.866,0.021,0.877,0.863,0.875,0.866,0.869,0.867,0.872,0.868,0.868,0.868,0.868,0.867,0.854,0.874,0.875,0.871,0.88
0.89,0.889,0.868,1.0,0.878,0.88,0.885,0.919,0.892,0.908,0.851,0.93,0.868,0.932,0.945,0.89,0.881,0.877,0.875,0.882,0.882,0.872,0.882,0.873,0.884,0.871,0.882,0.929,0.898,0.866,0.941,0.882,0.02,0.877,0.868,0.907,0.883,0.882,0.917,0.873,0.946,0.889,0.882,0.933,0.933,0.888,0.892,0.893,0.906,0.896
0.896,0.92,0.882,0.878,1.0,0.911,0.898,0.897,0.906,0.896,0.918,0.89,0.93,0.887,0.885,0.905,0.913,0.918,0.924,0.896,0.906,0.922,0.928,0.917,0.912,0.907,0.932,0.891,0.895,0.888,0.876,0.922,0.02,0.93,0.911,0.888,0.897,0.921,0.891,0.933,0.882,0.912,0.929,0.887,0.886,0.868,0.918,0.919,0.896,0.886
0.894,0.94,0.869,0.88,0.911,1.0,0.9,0.89,0.894,0.882,0.888,0.89,0.904,0.875,0.885,0.908,0.919,0.902,0.899,0.898,0.899,0.903,0.911,0.933,0.94,0.904,0.903,0.88,0.897,0.87,0.877,0.898,0.022,0.913,0.931,0.879,0.899,0.911,0.881,0.903,0.876,0.914,0.912,0.883,0.884,0.874,0.92,0.922,0.877,0.889
0.891,0.893,0.867,0.885,0.898,0.9,1.0,0.874,0.89,0.87,0.872,0.888,0.895,0.865,0.877,0.982,0.902,0.904,0.902,0.996,0.915,0.893,0.905,0.885,0.901,0.883,0.894,0.868,0.885,0.872,0.877,0.911,0.019,0.903,0.885,0.879,0.997,0.903,0.881,0.893,0.879,0.911,0.902,0.877,0.879,0.894,0.908,0.908,0.867,0.888
0.903,0.901,0.875,0.919,0.897,0.89,0.874,1.0,0.894,0.932,0.868,0.931,0.885,0.938,0.928,0.883,0.89,0.89,0.888,0.872,0.886,0.885,0.893,0.894,0.887,0.882,0.893,0.975,0.905,0.877,0.926,0.88,0.024,0.885,0.877,0.914,0.871,0.893,0.926,0.893,0.925,0.885,0.888,0.967,0.959,0.882,0.891,0.892,0.92,0.897
0.917,0.895,0.882,0.892,0.906,0.894,0.89,0.894,1.0,0.893,0.884,0.903,0.897,0.886,0.896,0.898,0.903,0.892,0.889,0.886,0.884,0.898,0.902,0.891,0.893,0.887,0.897,0.894,0.906,0.901,0.886,0.904,0.022,0.9,0.88,0.9,0.889,0.9,0.886,0.898,0.885,0.891,0.905,0.896,0.899,0.893,0.895,0.897,0.884,0.908
0.894,0.891,0.865,0.908,0.896,0.882,0.87,0.932,0.893,1.0,0.869,0.921,0.878,0.933,0.922,0.879,0.886,0.884,0.879,0.867,0.871,0.885,0.878,0.893,0.879,0.884,0.891,0.933,0.898,0.871,0.923,0.875,0.023,0.885,0.872,0.908,0.868,0.876,0.926,0.894,0.922,0.88,0.881,0.927,0.927,0.871,0.881,0.882,0.922,0.891
0.872,0.887,0.85,0.851,0.918,0.888,0.872,0.868,0.884,0.869,1.0,0.865,0.928,0.86,0.864,0.877,0.894,0.899,0.904,0.87,0.885,0.914,0.906,0.899,0.881,0.902,0.91,0.866,0.865,0.893,0.852,0.894,0.022,0.907,0.899,0.863,0.871,0.89,0.87,0.913,0.854,0.884,0.905,0.861,0.863,0.844,0.885,0.887,0.874,0.857
0.903,0.902,0.873,0.93,0.89,0.89,0.888,0.931,0.903,0.921,0.865,1.0,0.883,0.933,0.955,0.895,0.896,0.889,0.883,0.885,0.889,0.884,0.892,0.886,0.893,0.888,0.891,0.935,0.908,0.871,0.921,0.895,0.02,0.888,0.873,0.912,0.885,0.889,0.919,0.887,0.933,0.896,0.89,0.941,0.94,0.888,0.901,0.902,0.916,0.903
0.888,0.906,0.863,0.868,0.93,0.904,0.895,0.885,0.897,0.878,0.928,0.883,1.0,0.883,0.881,0.899,0.909,0.924,0.929,0.892,0.914,0.94,0.933,0.919,0.903,0.925,0.937,0.881,0.883,0.895,0.87,0.915,0.02,0.935,0.917,0.871,0.894,0.913,0.881,0.93,0.869,0.896,0.922,0.877,0.875,0.863,0.903,0.904,0.886,0.885
0.887,0.893,0.871,0.932,0.887,0.875,0.865,0.938,0.886,0.933,0.86,0.933,0.883,1.0,0.945,0.875,0.886,0.887,0.881,0.863,0.87,0.883,0.882,0.884,0.88,0.88,0.893,0.952,0.894,0.875,0.928,0.874,0.022,0.881,0.871,0.906,0.863,0.875,0.925,0.887,0.94,0.875,0.877,0.947,0.941,0.872,0.884,0.885,0.924,0.888
0.892,0.894,0.874,0.945,0.885,0.885,0.877,0.928,0.896,0.922,0.864,0.955,0.881,0.945,1.0,0.885,0.893,0.885,0.879,0.874,0.874,0.88,0.89,0.881,0.887,0.879,0.886,0.933,0.909,0.872,0.936,0.881,0.022,0.88,0.873,0.913,0.875,0.883,0.924,0.886,0.942,0.887,0.885,0.938,0.936,0.884,0.895,0.896,0.916,0.905
0.893,0.899,0.872,0.89,0.905,0.908,0.982,0.883,0.898,0.879,0.877,0.895,0.899,0.875,0.885,1.0,0.908,0.908,0.904,0.98,0.914,0.899,0.907,0.893,0.907,0.889,0.901,0.877,0.89,0.88,0.882,0.912,0.019,0.908,0.892,0.884,0.981,0.904,0.884,0.9,0.884,0.903,0.907,0.882,0.886,0.885,0.907,0.909,0.876,0.892
0.89,0.929,0.879,0.881,0.913,0.919,0.902,0.89,0.903,0.886,0.894,0.896,0.909,0.886,0.893,0.908,1.0,0.912,0.905,0.901,0.905,0.911,0.917,0.928,0.926,0.923,0.909,0.886,0.902,0.881,0.881,0.925,0.02,0.922,0.911,0.884,0.901,0.906,0.885,0.914,0.883,0.909,0.918,0.888,0.89,0.874,0.92,0.922,0.883,0.89
0.894,0.907,0.862,0.877,0.918,0.902,0.904,0.89,0.892,0.884,0.899,0.889,0.924,0.887,0.885,0.908,0.912,1.0,0.938,0.904,0.918,0.937,0.931,0.905,0.896,0.896,0.924,0.893,0.892,0.882,0.876,0.918,0.022,0.929,0.898,0.881,0.903,0.906,0.89,0.92,0.872,0.905,0.925,0.888,0.886,0.869,0.9,0.902,0.886,0.888
0.885,0.904,0.863,0.875,0.924,0.899,0.902,0.888,0.889,0.879,0.904,0.883,0.929,0.881,0.879,0.904,0.905,0.938,1.0,0.901,0.93,0.933,0.927,0.906,0.9,0.892,0.929,0.886,0.883,0.877,0.868,0.918,0.021,0.927,0.908,0.88,0.901,0.912,0.888,0.925,0.872,0.9,0.925,0.884,0.88,0.868,0.904,0.905,0.881,0.885
0.887,0.892,0.865,0.882,0.896,0.898,0.996,0.872,0.886,0.867,0.87,0.885,0.892,0.863,0.874,0.98,0.901,0.904,0.901,1.0,0.913,0.893,0.905,0.884,0.9,0.883,0.893,0.866,0.883,0.869,0.874,0.909,0.019,0.902,0.882,0.876,0.997,0.901,0.877,0.892,0.876,0.911,0.901,0.875,0.877,0.893,0.906,0.906,0.865,0.886
0.883,0.902,0.856,0.882,0.906,0.899,0.915,0.886,0.884,0.871,0.885,0.889,0.914,0.87,0.874,0.914,0.905,0.918,0.93,0.913,1.0,0.919,0.926,0.886,0.903,0.89,0.915,0.879,0.887,0.864,0.878,0.922,0.019,0.92,0.895,0.882,0.915,0.92,0.877,0.913,0.879,0.908,0.921,0.884,0.881,0.877,0.914,0.916,0.869,0.886
0.887,0.906,0.864,0.872,0.922,0.903,0.893,0.885,0.898,0.885,0.914,0.884,0.94,0.883,0.88,0.899,0.911,0.937,0.933,0.893,0.919,1.0,0.966,0.914,0.899,0.915,0.928,0.881,0.882,0.883,0.869,0.916,0.021,0.949,0.908,0.875,0.893,0.91,0.884,0.923,0.868,0.904,0.923,0.875,0.874,0.871,0.902,0.904,0.892,0.884
0.898,0.914,0.867,0.882,0.928,0.911,0.905,0.893,0.902,0.878,0.906,0.892,0.933,0.882,0.89,0.907,0.917,0.931,0.927,0.905,0.926,0.966,1.0,0.906,0.905,0.905,0.93,0.884,0.886,0.876,0.88,0.923,0.021,0.955,0.896,0.884,0.904,0.921,0.887,0.92,0.883,0.914,0.931,0.885,0.882,0.871,0.91,0.912,0.882,0.882
0.887,0.944,0.871,0.873,0.917,0.933,0.885,0.894,0.891,0.893,0.899,0.886,0.919,0.884,0.881,0.893,0.928,0.905,0.906,0.884,0.886,0.914,0.906,1.0,0.935,0.928,0.914,0.89,0.883,0.884,0.87,0.902,0.021,0.91,0.934,0.872,0.884,0.905,0.881,0.911,0.871,0.91,0.905,0.883,0.883,0.862,0.911,0.913,0.891,0.883
0.888,0.941,0.874,0.884,0.912,0.94,0.901,0.887,0.893,0.879,0.881,0.893,0.903,0.88,0.887,0.907,0.926,0.896,0.9,0.9,0.903,0.899,0.905,0.935,1.0,0.92,0.914,0.884,0.892,0.871,0.875,0.912,0.021,0.907,0.924,0.884,0.9,0.91,0.876,0.902,0.88,0.915,0.917,0.891,0.89,0.873,0.918,0.92,0.878,0.892
0.885,0.911,0.866,0.871,0.907,0.904,0.883,0.882,0.887,0.884,0.902,0.888,0.925,0.88,0.879,0.889,0.923,0.896,0.892,0.883,0.89,0.915,0.905,0.928,0.92,1.0,0.914,0.879,0.886,0.89,0.87,0.894,0.021,0.905,0.917,0.874,0.882,0.891,0.881,0.903,0.869,0.896,0.895,0.879,0.878,0.867,0.902,0.904,0.887,0.882
0.896,0.916,0.873,0.882,0.932,0.903,0.894,0.893,0.897,0.891,0.91,0.891,0.937,0.893,0.886,0.901,0.909,0.924,0.929,0.893,0.915,0.928,0.93,0.914,0.914,0.914,1.0,0.894,0.888,0.887,0.872,0.928,0.019,0.929,0.906,0.88,0.892,0.925,0.889,0.932,0.877,0.907,0.945,0.893,0.89,0.871,0.909,0.911,0.894,0.888
0.893,0.893,0.869,0.929,0.891,0.88,0.868,0.975,0.894,0.933,0.866,0.935,0.881,0.952,0.933,0.877,0.886,0.893,0.886,0.866,0.879,0.881,0.884,0.89,0.884,0.879,0.894,1.0,0.899,0.878,0.923,0.88,0.023,0.88,0.868,0.91,0.865,0.889,0.927,0.893,0.935,0.879,0.885,0.988,0.977,0.877,0.88,0.881,0.923,0.893
0.91,0.891,0.892,0.898,0.895,0.897,0.885,0.905,0.906,0.898,0.865,0.908,0.883,0.894,0.909,0.89,0.902,0.892,0.883,0.883,0.887,0.882,0.886,0.883,0.892,0.886,0.888,0.899,1.0,0.888,0.898,0.891,0.023,0.887,0.875,0.909,0.884,0.894,0.899,0.889,0.898,0.896,0.893,0.903,0.901,0.906,0.893,0.894,0.893,0.954
0.898,0.878,0.865,0.866,0.888,0.87,0.872,0.877,0.901,0.871,0.893,0.871,0.895,0.875,0.872,0.88,0.881,0.882,0.877,0.869,0.864,0.883,0.876,0.884,0.871,0.89,0.887,0.878,0.888,1.0,0.867,0.868,0.024,0.882,0.887,0.863,0.87,0.873,0.873,0.879,0.872,0.871,0.879,0.875,0.871,0.865,0.876,0.878,0.882,0.884
0.886,0.877,0.866,0.941,0.876,0.877,0.877,0.926,0.886,0.923,0.852,0.921,0.87,0.928,0.936,0.882,0.881,0.876,0.868,0.874,0.878,0.869,0.88,0.87,0.875,0.87,0.872,0.923,0.898,0.867,1.0,0.875,0.022,0.875,0.857,0.911,0.875,0.878,0.919,0.876,0.966,0.887,0.872,0.928,0.927,0.891,0.895,0.896,0.909,0.895
0.886,0.907,0.866,0.882,0.922,0.898,0.911,0.88,0.904,0.875,0.894,0.895,0.915,0.874,0.881,0.912,0.925,0.918,0.918,0.909,0.922,0.916,0.923,0.902,0.912,0.894,0.928,0.88,0.891,0.868,0.875,1.0,0.02,0.919,0.894,0.883,0.909,0.924,0.876,0.92,0.877,0.919,0.938,0.885,0.889,0.876,0.922,0.924,0.873,0.888
0.02,0.022,0.021,0.02,0.02,0.022,0.019,0.024,0.022,0.023,0.022,0.02,0.02,0.022,0.022,0.019,0.02,0.022,0.021,0.019,0.019,0.021,0.021,0.021,0.021,0.021,0.019,0.023,0.023,0.024,0.022,0.02,1.0,0.02,0.021,0.023,0.019,0.021,0.023,0.019,0.021,0.021,0.02,0.023,0.024,0.021,0.021,0.021,0.018,0.022
0.891,0.915,0.877,0.877,0.93,0.913,0.903,0.885,0.9,0.885,0.907,0.888,0.935,0.881,0.88,0.908,0.922,0.929,0.927,0.902,0.92,0.949,0.955,0.91,0.907,0.905,0.929,0.88,0.887,0.882,0.875,0.919,0.02,1.0,0.903,0.884,0.902,0.917,0.893,0.924,0.872,0.909,0.935,0.875,0.878,0.868,0.905,0.907,0.884,0.885
0.875,0.926,0.863,0.868,0.911,0.931,0.885,0.877,0.88,0.872,0.899,0.873,0.917,0.871,0.873,0.892,0.911,0.898,0.908,0.882,0.895,0.908,0.896,0.934,0.924,0.917,0.906,0.868,0.875,0.887,0.857,0.894,0.021,0.903,1.0,0.87,0.884,0.895,0.878,0.901,0.86,0.894,0.901,0.865,0.867,0.857,0.902,0.904,0.879,0.871
0.886,0.88,0.875,0.907,0.888,0.879,0.879,0.914,0.9,0.908,0.863,0.912,0.871,0.906,0.913,0.884,0.884,0.881,0.88,0.876,0.882,0.875,0.884,0.872,0.884,0.874,0.88,0.91,0.909,0.863,0.911,0.883,0.023,0.884,0.87,1.0,0.876,0.883,0.911,0.881,0.916,0.885,0.882,0.914,0.921,0.882,0.887,0.888,0.906,0.899
0.889,0.892,0.866,0.883,0.897,0.899,0.997,0.871,0.889,0.868,0.871,0.885,0.894,0.863,0.875,0.981,0.901,0.903,0.901,0.997,0.915,0.893,0.904,0.884,0.9,0.882,0.892,0.865,0.884,0.87,0.875,0.909,0.019,0.902,0.884,0.876,1.0,0.902,0.879,0.892,0.877,0.911,0.901,0.874,0.876,0.895,0.907,0.907,0.865,0.887
0.894,0.912,0.869,0.882,0.921,0.911,0.903,0.893,0.9,0.876,0.89,0.889,0.913,0.875,0.883,0.904,0.906,0.906,0.912,0.901,0.92,0.91,0.921,0.905,0.91,0.891,0.925,0.889,0.894,0.873,0.878,0.924,0.021,0.917,0.895,0.883,0.902,1.0,0.875,0.92,0.883,0.926,0.939,0.891,0.889,0.88,0.926,0.927,0.878,0.888
0.889,0.89,0.867,0.917,0.891,0.881,0.881,0.926,0.886,0.926,0.87,0.919,0.881,0.925,0.924,0.884,0.885,0.89,0.888,0.877,0.877,0.884,0.887,0.881,0.876,0.881,0.889,0.927,0.899,0.873,0.919,0.876,0.023,0.893,0.878,0.911,0.879,0.875,1.0,0.888,0.924,0.88,0.881,0.923,0.921,0.873,0.883,0.884,0.927,0.892
0.893,0.909,0.872,0.873,0.933,0.903,0.893,0.893,0.898,0.894,0.913,0.887,0.93,0.887,0.886,0.9,0.914,0.92,0.925,0.892,0.913,0.923,0.92,0.911,0.902,0.903,0.932,0.893,0.889,0.879,0.876,0.92,0.019,0.924,0.901,0.881,0.892,0.92,0.888,1.0,0.876,0.895,0.93,0.887,0.885,0.865,0.908,0.909,0.889,0.886
0.885,0.883,0.868,0.946,0.882,0.876,0.879,0.925,0.885,0.922,0.854,0.933,0.869,0.94,0.942,0.884,0.883,0.872,0.872,0.876,0.879,0.868,0.883,0.871,0.88,0.869,0.877,0.935,0.898,0.872,0.966,0.877,0.021,0.872,0.86,0.916,0.877,0.883,0.924,0.876,1.0,0.889,0.875,0.941,0.939,0.886,0.892,0.893,0.913,0.891
0.889,0.916,0.868,0.889,0.912,0.914,0.911,0.885,0.891,0.88,0.884,0.896,0.896,0.875,0.887,0.903,0.909,0.905,0.9,0.911,0.908,0.904,0.914,0.91,0.915,0.896,0.907,0.879,0.896,0.871,0.887,0.919,0.021,0.909,0.894,0.885,0.911,0.926,0.88,0.895,0.889,1.0,0.921,0.885,0.886,0.895,0.936,0.936,0.875,0.889
0.899,0.916,0.868,0.882,0.929,0.912,0.902,0.888,0.905,0.881,0.905,0.89,0.922,0.877,0.885,0.907,0.918,0.925,0.925,0.901,0.921,0.923,0.931,0.905,0.917,0.895,0.945,0.885,0.893,0.879,0.872,0.938,0.02,0.935,0.901,0.882,0.901,0.939,0.881,0.93,0.875,0.921,1.0,0.889,0.891,0.876,0.915,0.917,0.876,0.889
0.893,0.895,0.868,0.933,0.887,0.883,0.877,0.967,0.896,0.927,0.861,0.941,0.877,0.947,0.938,0.882,0.888,0.888,0.884,0.875,0.884,0.875,0.885,0.883,0.891,0.879,0.893,0.988,0.903,0.875,0.928,0.885,0.023,0.875,0.865,0.914,0.874,0.891,0.923,0.887,0.941,0.885,0.889,1.0,0.981,0.883,0.886,0.887,0.921,0.897
0.897,0.897,0.867,0.933,0.886,0.884,0.879,0.959,0.899,0.927,0.863,0.94,0.875,0.941,0.936,0.886,0.89,0.886,0.88,0.877,0.881,0.874,0.882,0.883,0.89,0.878,0.89,0.977,0.901,0.871,0.927,0.889,0.024,0.878,0.867,0.921,0.876,0.889,0.921,0.885,0.939,0.886,0.891,0.981,1.0,0.885,0.889,0.89,0.916,0.897
0.878,0.871,0.854,0.888,0.868,0.874,0.894,0.882,0.893,0.871,0.844,0.888,0.863,0.872,0.884,0.885,0.874,0.869,0.868,0.893,0.877,0.871,0.871,0.862,0.873,0.867,0.871,0.877,0.906,0.865,0.891,0.876,0.021,0.868,0.857,0.882,0.895,0.88,0.873,0.865,0.886,0.895,0.876,0.883,0.885,1.0,0.893,0.892,0.872,0.917
0.89,0.925,0.874,0.892,0.918,0.92,0.908,0.891,0.895,0.881,0.885,0.901,0.903,0.884,0.895,0.907,0.92,0.9,0.904,0.906,0.914,0.902,0.91,0.911,0.918,0.902,0.909,0.88,0.893,0.876,0.895,0.922,0.021,0.905,0.902,0.887,0.907,0.926,0.883,0.908,0.892,0.936,0.915,0.886,0.889,0.893,1.0,0.998,0.884,0.889
0.892,0.926,0.875,0.893,0.919,0.922,0.908,0.892,0.897,0.882,0.887,0.902,0.904,0.885,0.896,0.909,0.922,0.902,0.905,0.906,0.916,0.904,0.912,0.913,0.92,0.904,0.911,0.881,0.894,0.878,0.896,0.924,0.021,0.907,0.904,0.888,0.907,0.927,0.884,0.909,0.893,0.936,0.917,0.887,0.89,0.892,0.998,1.0,0.885,0.89
0.889,0.892,0.871,0.906,0.896,0.877,0.867,0.92,0.884,0.922,0.874,0.916,0.886,0.924,0.916,0.876,0.883,0.886,0.881,0.865,0.869,0.892,0.882,0.891,0.878,0.887,0.894,0.923,0.893,0.882,0.909,0.873,0.018,0.884,0.879,0.906,0.865,0.878,0.927,0.889,0.913,0.875,0.876,0.921,0.916,0.872,0.884,0.885,1.0,0.888
0.901,0.888,0.88,0.896,0.886,0.889,0.888,0.897,0.908,0.891,0.857,0.903,0.885,0.888,0.905,0.892,0.89,0.888,0.885,0.886,0.886,0.884,0.882,0.883,0.892,0.882,0.888,0.893,0.954,0.884,0.895,0.888,0.022,0.885,0.871,0.899,0.887,0.888,0.892,0.886,0.891,0.889,0.889,0.897,0.897,0.917,0.889,0.89,0.888,1.0
