GCF_000163235.1_ASM16323v1_genomic.fna,GCF_000164555.1_ASM16455v1_genomic.fna,GCF_000208545.1_ASM20854v2_genomic.fna,GCF_000233875.1_ASM23387v1_genomic.fna,GCF_000249735.1_ASM24973v2_genomic.fna,GCF_000261145.1_Esch_coli_M919_V2_genomic.fna,GCF_000267705.2_ASM26770v2_genomic.fna,GCF_000350665.1_Esch_coli_KTE5_V1_genomic.fna,GCF_000351625.1_Esch_coli_KTE66_V1_genomic.fna,GCF_000352285.1_Esch_coli_KTE46_V1_genomic.fna,GCF_000358895.1_ASM35889v1_genomic.fna,GCF_000456385.1_Esch_coli_HVH_26_4-5703913_V1_genomic.fna,GCF_000458195.1_Esch_coli_HVH_147_4-5893887_V1_genomic.fna,GCF_000459755.1_Esch_coli_KOEGE_58_171a_V1_genomic.fna,GCF_000460055.1_Esch_coli_UMEA_3053-1_V1_genomic.fna,GCF_000462165.2_ASM46216v2_genomic.fna,GCF_000601135.1_ASM60113v1_genomic.fna,GCF_000614595.1_Ec2010EL1058_genomic.fna,GCF_000617745.1_Ec2010C-4529_genomic.fna,GCF_000618265.2_EcF6751_genomic.fna,GCF_000619005.2_Ec2009C-4052_genomic.fna,GCF_000619105.1_Ec2009C-4780_genomic.fna,GCF_000619765.2_Ec2009C-3279_genomic.fna,GCF_000687005.1_ASM68700v1_genomic.fna,GCF_000687025.1_ASM68702v1_genomic.fna,GCF_000700125.1_ASM70012v1_genomic.fna,GCF_000753315.1_FHI35_genomic.fna,GCF_000776375.1_ASM77637v1_genomic.fna,GCF_000779395.1_ASM77939v1_genomic.fna,GCF_000780315.1_ASM78031v1_genomic.fna,GCF_000781995.1_ASM78199v1_genomic.fna,GCF_000986765.1_ASM98676v1_genomic.fna,GCF_001041375.1_ViralProj287958_genomic.fna,GCF_001265335.1_302014_genomic.fna,GCF_001265625.1_100854_genomic.fna,GCF_001267345.1_303289_genomic.fna,GCF_001309985.1_ASM130998v1_genomic.fna,GCF_001521695.1_ASM152169v1_genomic.fna,GCF_001592595.1_ASM159259v1_genomic.fna,GCF_001614975.1_ASM161497v1_genomic.fna,GCF_001692775.1_ASM169277v1_genomic.fna,GCF_001748915.1_ASM174891v1_genomic.fna,GCF_001749235.1_ASM174923v1_genomic.fna,GCF_001881155.1_ASM188115v1_genomic.fna,GCF_001881345.1_ASM188134v1_genomic.fna,GCF_001892405.1_ASM189240v1_genomic.fna,GCF_001892585.1_ASM189258v1_genomic.fna,GCF_001893985.1_ASM189398v1_genomic.fna,GCF_002001595.1_ASM200159v1_genomic.fna,GCF_002002145.1_ASM200214v1_genomic.fna
1.0,0.543,0.467,0.517,0.529,0.535,0.526,0.523,0.634,0.523,0.514,0.528,0.539,0.513,0.498,0.524,0.528,0.528,0.534,0.524,0.502,0.524,0.545,0.541,0.534,0.515,0.539,0.521,0.586,0.601,0.483,0.531,0.0,0.533,0.502,0.513,0.524,0.551,0.49,0.534,0.496,0.523,0.538,0.507,0.519,0.537,0.526,0.526,0.494,0.59
0.543,1.0,0.428,0.512,0.644,0.777,0.564,0.519,0.5,0.492,0.61,0.515,0.65,0.493,0.491,0.559,0.713,0.639,0.64,0.563,0.637,0.643,0.658,0.784,0.801,0.709,0.654,0.504,0.53,0.506,0.487,0.657,0.0,0.646,0.725,0.487,0.562,0.671,0.492,0.635,0.489,0.704,0.642,0.525,0.525,0.513,0.689,0.689,0.497,0.538
0.467,0.428,1.0,0.41,0.406,0.412,0.408,0.419,0.438,0.399,0.406,0.412,0.422,0.401,0.408,0.404,0.412,0.426,0.43,0.406,0.419,0.414,0.427,0.403,0.416,0.399,0.43,0.408,0.446,0.445,0.392,0.432,0.0,0.418,0.381,0.417,0.406,0.43,0.401,0.417,0.402,0.42,0.433,0.416,0.405,0.432,0.414,0.414,0.401,0.457
0.517,0.512,0.41,1.0,0.489,0.498,0.487,0.752,0.501,0.762,0.464,0.79,0.497,0.809,0.806,0.483,0.486,0.491,0.492,0.485,0.472,0.487,0.502,0.497,0.514,0.485,0.502,0.782,0.542,0.498,0.766,0.51,0.0,0.493,0.465,0.685,0.485,0.51,0.728,0.494,0.784,0.491,0.505,0.766,0.768,0.544,0.488,0.489,0.711,0.548
0.529,0.644,0.406,0.489,1.0,0.667,0.605,0.493,0.53,0.505,0.787,0.494,0.775,0.489,0.501,0.612,0.668,0.706,0.719,0.598,0.699,0.738,0.729,0.695,0.682,0.682,0.716,0.494,0.549,0.545,0.47,0.705,0.0,0.72,0.663,0.486,0.597,0.749,0.476,0.753,0.479,0.676,0.761,0.477,0.478,0.502,0.698,0.696,0.495,0.539
0.535,0.777,0.412,0.498,0.667,1.0,0.601,0.51,0.518,0.491,0.63,0.498,0.666,0.505,0.501,0.599,0.735,0.681,0.668,0.598,0.642,0.665,0.686,0.801,0.819,0.714,0.667,0.504,0.551,0.507,0.477,0.662,0.0,0.68,0.755,0.509,0.596,0.68,0.519,0.652,0.483,0.726,0.665,0.49,0.495,0.507,0.716,0.717,0.5,0.548
0.526,0.564,0.408,0.487,0.605,0.601,1.0,0.49,0.532,0.478,0.579,0.483,0.592,0.482,0.486,0.958,0.605,0.647,0.647,0.982,0.62,0.632,0.651,0.61,0.611,0.602,0.608,0.49,0.522,0.53,0.458,0.607,0.0,0.611,0.574,0.503,0.981,0.603,0.49,0.601,0.46,0.588,0.612,0.476,0.476,0.481,0.583,0.583,0.479,0.522
0.523,0.519,0.419,0.752,0.493,0.51,0.49,1.0,0.494,0.734,0.465,0.754,0.499,0.756,0.741,0.487,0.488,0.498,0.496,0.488,0.482,0.49,0.506,0.51,0.5,0.484,0.513,0.909,0.55,0.489,0.751,0.497,0.0,0.498,0.466,0.668,0.488,0.538,0.718,0.496,0.758,0.501,0.511,0.905,0.894,0.539,0.479,0.48,0.698,0.554
0.634,0.5,0.438,0.501,0.53,0.518,0.532,0.494,1.0,0.524,0.507,0.51,0.534,0.51,0.514,0.537,0.525,0.52,0.52,0.528,0.488,0.523,0.526,0.533,0.518,0.513,0.523,0.499,0.571,0.673,0.485,0.506,0.0,0.523,0.501,0.528,0.527,0.532,0.499,0.531,0.492,0.518,0.541,0.48,0.481,0.531,0.53,0.53,0.504,0.593
0.523,0.492,0.399,0.762,0.505,0.491,0.478,0.734,0.524,1.0,0.481,0.749,0.51,0.765,0.758,0.486,0.483,0.48,0.487,0.474,0.451,0.493,0.487,0.494,0.504,0.485,0.494,0.752,0.567,0.516,0.766,0.486,0.0,0.484,0.465,0.672,0.473,0.516,0.723,0.509,0.773,0.476,0.513,0.731,0.739,0.525,0.497,0.496,0.733,0.556
0.514,0.61,0.406,0.464,0.787,0.63,0.579,0.465,0.507,0.481,1.0,0.461,0.768,0.464,0.47,0.584,0.639,0.689,0.703,0.575,0.669,0.729,0.712,0.678,0.65,0.665,0.701,0.467,0.518,0.523,0.445,0.678,0.0,0.699,0.695,0.472,0.574,0.718,0.453,0.747,0.45,0.646,0.738,0.452,0.452,0.471,0.656,0.654,0.472,0.524
0.528,0.515,0.412,0.79,0.494,0.498,0.483,0.754,0.51,0.749,0.461,1.0,0.499,0.781,0.86,0.483,0.484,0.484,0.494,0.48,0.473,0.488,0.501,0.499,0.503,0.487,0.504,0.771,0.559,0.5,0.732,0.496,0.0,0.496,0.469,0.677,0.481,0.515,0.715,0.491,0.753,0.488,0.51,0.757,0.764,0.527,0.49,0.49,0.703,0.545
0.539,0.65,0.422,0.497,0.775,0.666,0.592,0.499,0.534,0.51,0.768,0.499,1.0,0.491,0.504,0.596,0.663,0.735,0.763,0.586,0.723,0.819,0.802,0.709,0.686,0.686,0.776,0.493,0.553,0.55,0.477,0.741,0.0,0.793,0.684,0.495,0.586,0.772,0.492,0.804,0.481,0.685,0.793,0.479,0.482,0.501,0.693,0.691,0.507,0.556
0.513,0.493,0.401,0.809,0.489,0.505,0.482,0.756,0.51,0.765,0.464,0.781,0.491,1.0,0.811,0.482,0.483,0.489,0.49,0.482,0.464,0.483,0.503,0.482,0.499,0.481,0.504,0.787,0.553,0.494,0.771,0.499,0.0,0.486,0.456,0.685,0.482,0.511,0.73,0.492,0.79,0.485,0.497,0.765,0.765,0.542,0.482,0.483,0.73,0.554
0.498,0.491,0.408,0.806,0.501,0.501,0.486,0.741,0.514,0.758,0.47,0.86,0.504,0.811,1.0,0.485,0.496,0.486,0.492,0.483,0.466,0.493,0.504,0.49,0.51,0.487,0.502,0.775,0.556,0.499,0.754,0.497,0.0,0.495,0.47,0.68,0.482,0.521,0.723,0.496,0.772,0.476,0.512,0.753,0.753,0.534,0.496,0.498,0.719,0.564
0.524,0.559,0.404,0.483,0.612,0.599,0.958,0.487,0.537,0.486,0.584,0.483,0.596,0.482,0.485,1.0,0.602,0.631,0.641,0.951,0.601,0.633,0.639,0.611,0.609,0.603,0.598,0.488,0.527,0.534,0.457,0.592,0.0,0.602,0.58,0.505,0.95,0.605,0.489,0.606,0.461,0.588,0.609,0.474,0.476,0.484,0.59,0.59,0.486,0.525
0.528,0.713,0.412,0.486,0.668,0.735,0.605,0.488,0.525,0.483,0.639,0.484,0.663,0.483,0.496,0.602,1.0,0.661,0.657,0.596,0.633,0.674,0.682,0.764,0.762,0.751,0.662,0.493,0.547,0.518,0.461,0.687,0.0,0.674,0.708,0.506,0.595,0.666,0.485,0.668,0.465,0.707,0.67,0.483,0.488,0.486,0.726,0.728,0.485,0.545
0.528,0.639,0.426,0.491,0.706,0.681,0.647,0.498,0.52,0.48,0.689,0.484,0.735,0.489,0.486,0.631,0.661,1.0,0.802,0.645,0.756,0.777,0.79,0.673,0.672,0.645,0.737,0.492,0.54,0.524,0.465,0.727,0.0,0.751,0.636,0.511,0.643,0.723,0.505,0.738,0.469,0.686,0.734,0.478,0.482,0.5,0.658,0.658,0.486,0.547
0.534,0.64,0.43,0.492,0.719,0.668,0.647,0.496,0.52,0.487,0.703,0.494,0.763,0.49,0.492,0.641,0.657,0.802,1.0,0.644,0.757,0.787,0.79,0.673,0.677,0.64,0.755,0.495,0.544,0.528,0.469,0.742,0.0,0.757,0.647,0.502,0.642,0.741,0.496,0.746,0.475,0.677,0.749,0.478,0.482,0.498,0.661,0.661,0.486,0.542
0.524,0.563,0.406,0.485,0.598,0.598,0.982,0.488,0.528,0.474,0.575,0.48,0.586,0.482,0.483,0.951,0.596,0.645,0.644,1.0,0.619,0.626,0.648,0.602,0.608,0.596,0.608,0.489,0.515,0.525,0.458,0.606,0.0,0.605,0.565,0.502,0.993,0.596,0.488,0.595,0.46,0.586,0.606,0.474,0.474,0.481,0.576,0.576,0.477,0.516
0.502,0.637,0.419,0.472,0.699,0.642,0.62,0.482,0.488,0.451,0.669,0.473,0.723,0.464,0.466,0.601,0.633,0.756,0.757,0.619,1.0,0.751,0.779,0.639,0.645,0.624,0.738,0.478,0.5,0.493,0.464,0.744,0.0,0.742,0.606,0.493,0.619,0.703,0.487,0.735,0.47,0.653,0.716,0.474,0.475,0.506,0.641,0.641,0.456,0.506
0.524,0.643,0.414,0.487,0.738,0.665,0.632,0.49,0.523,0.493,0.729,0.488,0.819,0.483,0.493,0.633,0.674,0.777,0.787,0.626,0.751,1.0,0.922,0.69,0.685,0.662,0.753,0.491,0.538,0.535,0.467,0.741,0.0,0.875,0.657,0.494,0.624,0.746,0.493,0.781,0.47,0.68,0.775,0.478,0.478,0.495,0.672,0.67,0.491,0.544
0.545,0.658,0.427,0.502,0.729,0.686,0.651,0.506,0.526,0.487,0.712,0.501,0.802,0.503,0.504,0.639,0.682,0.79,0.79,0.648,0.779,0.922,1.0,0.682,0.694,0.656,0.777,0.505,0.541,0.524,0.482,0.768,0.0,0.882,0.647,0.514,0.649,0.748,0.508,0.762,0.489,0.691,0.756,0.492,0.495,0.504,0.662,0.662,0.489,0.54
0.541,0.784,0.403,0.497,0.695,0.801,0.61,0.51,0.533,0.494,0.678,0.499,0.709,0.482,0.49,0.611,0.764,0.673,0.673,0.602,0.639,0.69,0.682,1.0,0.837,0.768,0.673,0.502,0.55,0.537,0.467,0.671,0.0,0.674,0.817,0.499,0.601,0.684,0.491,0.683,0.471,0.732,0.691,0.488,0.493,0.5,0.74,0.738,0.497,0.553
0.534,0.801,0.416,0.514,0.682,0.819,0.611,0.5,0.518,0.504,0.65,0.503,0.686,0.499,0.51,0.609,0.762,0.672,0.677,0.608,0.645,0.685,0.694,0.837,1.0,0.772,0.679,0.509,0.551,0.514,0.481,0.696,0.0,0.674,0.782,0.501,0.606,0.688,0.497,0.669,0.485,0.73,0.674,0.511,0.498,0.501,0.733,0.734,0.519,0.542
0.515,0.709,0.399,0.485,0.682,0.714,0.602,0.484,0.513,0.485,0.665,0.487,0.686,0.481,0.487,0.603,0.751,0.645,0.64,0.596,0.624,0.662,0.656,0.768,0.772,1.0,0.662,0.488,0.531,0.525,0.46,0.652,0.0,0.642,0.732,0.486,0.595,0.67,0.481,0.672,0.461,0.703,0.67,0.494,0.481,0.486,0.729,0.727,0.51,0.535
0.539,0.654,0.43,0.502,0.716,0.667,0.608,0.513,0.523,0.494,0.701,0.504,0.776,0.504,0.502,0.598,0.662,0.737,0.755,0.608,0.738,0.753,0.777,0.673,0.679,0.662,1.0,0.507,0.538,0.522,0.485,0.757,0.0,0.748,0.632,0.509,0.607,0.825,0.496,0.767,0.488,0.677,0.829,0.503,0.494,0.518,0.655,0.656,0.505,0.537
0.521,0.504,0.408,0.782,0.494,0.504,0.49,0.909,0.499,0.752,0.467,0.771,0.493,0.787,0.775,0.488,0.493,0.492,0.495,0.489,0.478,0.491,0.505,0.502,0.509,0.488,0.507,1.0,0.544,0.487,0.758,0.511,0.0,0.498,0.465,0.683,0.49,0.531,0.716,0.49,0.775,0.492,0.504,0.955,0.941,0.528,0.487,0.488,0.725,0.546
0.586,0.53,0.446,0.542,0.549,0.551,0.522,0.55,0.571,0.567,0.518,0.559,0.553,0.553,0.556,0.527,0.547,0.54,0.544,0.515,0.5,0.538,0.541,0.55,0.551,0.531,0.538,0.544,1.0,0.568,0.518,0.528,0.0,0.539,0.517,0.56,0.514,0.561,0.537,0.548,0.529,0.522,0.547,0.529,0.533,0.62,0.522,0.522,0.553,0.851
0.601,0.506,0.445,0.498,0.545,0.507,0.53,0.489,0.673,0.516,0.523,0.5,0.55,0.494,0.499,0.534,0.518,0.524,0.528,0.525,0.493,0.535,0.524,0.537,0.514,0.525,0.522,0.487,0.568,1.0,0.47,0.51,0.0,0.513,0.508,0.499,0.523,0.528,0.489,0.551,0.476,0.52,0.549,0.466,0.468,0.533,0.538,0.537,0.497,0.585
0.483,0.487,0.392,0.766,0.47,0.477,0.458,0.751,0.485,0.766,0.445,0.732,0.477,0.771,0.754,0.457,0.461,0.465,0.469,0.458,0.464,0.467,0.482,0.467,0.481,0.46,0.485,0.758,0.518,0.47,1.0,0.479,0.0,0.47,0.44,0.661,0.458,0.489,0.711,0.476,0.913,0.472,0.483,0.76,0.76,0.525,0.465,0.466,0.69,0.523
0.531,0.657,0.432,0.51,0.705,0.662,0.607,0.497,0.506,0.486,0.678,0.496,0.741,0.499,0.497,0.592,0.687,0.727,0.742,0.606,0.744,0.741,0.768,0.671,0.696,0.652,0.757,0.511,0.528,0.51,0.479,1.0,0.0,0.739,0.617,0.507,0.606,0.749,0.501,0.751,0.481,0.678,0.742,0.494,0.501,0.504,0.67,0.671,0.487,0.529
0.0,0.0,0.0,0.0,0.0,0.0,0.0,0.0,0.0,0.0,0.0,0.0,0.0,0.0,0.0,0.0,0.0,0.0,0.0,0.0,0.0,0.0,0.0,0.0,0.0,0.0,0.0,0.0,0.0,0.0,0.0,0.0,1.0,0.0,0.0,0.0,0.0,0.0,0.0,0.0,0.0,0.0,0.0,0.0,0.0,0.0,0.0,0.0,0.0,0.0
0.533,0.646,0.418,0.493,0.72,0.68,0.611,0.498,0.523,0.484,0.699,0.496,0.793,0.486,0.495,0.602,0.674,0.751,0.757,0.605,0.742,0.875,0.882,0.674,0.674,0.642,0.748,0.498,0.539,0.513,0.47,0.739,0.0,1.0,0.64,0.514,0.603,0.741,0.513,0.754,0.473,0.674,0.758,0.486,0.49,0.497,0.661,0.661,0.484,0.544
0.502,0.725,0.381,0.465,0.663,0.755,0.574,0.466,0.501,0.465,0.695,0.469,0.684,0.456,0.47,0.58,0.708,0.636,0.647,0.565,0.606,0.657,0.647,0.817,0.782,0.732,0.632,0.465,0.517,0.508,0.44,0.617,0.0,0.64,1.0,0.465,0.564,0.644,0.46,0.649,0.447,0.688,0.657,0.453,0.457,0.467,0.701,0.7,0.466,0.522
0.513,0.487,0.417,0.685,0.486,0.509,0.503,0.668,0.528,0.672,0.472,0.677,0.495,0.685,0.68,0.505,0.506,0.511,0.502,0.502,0.493,0.494,0.514,0.499,0.501,0.486,0.509,0.683,0.56,0.499,0.661,0.507,0.0,0.514,0.465,1.0,0.502,0.504,0.699,0.503,0.675,0.492,0.509,0.668,0.671,0.529,0.486,0.487,0.654,0.56
0.524,0.562,0.406,0.485,0.597,0.596,0.981,0.488,0.527,0.473,0.574,0.481,0.586,0.482,0.482,0.95,0.595,0.643,0.642,0.993,0.619,0.624,0.649,0.601,0.606,0.595,0.607,0.49,0.514,0.523,0.458,0.606,0.0,0.603,0.564,0.502,1.0,0.594,0.486,0.593,0.46,0.586,0.605,0.475,0.475,0.481,0.576,0.576,0.476,0.515
0.551,0.671,0.43,0.51,0.749,0.68,0.603,0.538,0.532,0.516,0.718,0.515,0.772,0.511,0.521,0.605,0.666,0.723,0.741,0.596,0.703,0.746,0.748,0.684,0.688,0.67,0.825,0.531,0.561,0.528,0.489,0.749,0.0,0.741,0.644,0.504,0.594,1.0,0.499,0.774,0.497,0.673,0.867,0.519,0.51,0.517,0.692,0.692,0.521,0.55
0.49,0.492,0.401,0.728,0.476,0.519,0.49,0.718,0.499,0.723,0.453,0.715,0.492,0.73,0.723,0.489,0.485,0.505,0.496,0.488,0.487,0.493,0.508,0.491,0.497,0.481,0.496,0.716,0.537,0.489,0.711,0.501,0.0,0.513,0.46,0.699,0.486,0.499,1.0,0.491,0.722,0.496,0.496,0.711,0.71,0.518,0.486,0.486,0.689,0.536
0.534,0.635,0.417,0.494,0.753,0.652,0.601,0.496,0.531,0.509,0.747,0.491,0.804,0.492,0.496,0.606,0.668,0.738,0.746,0.595,0.735,0.781,0.762,0.683,0.669,0.672,0.767,0.49,0.548,0.551,0.476,0.751,0.0,0.754,0.649,0.503,0.593,0.774,0.491,1.0,0.48,0.67,0.794,0.476,0.482,0.507,0.699,0.697,0.499,0.562
0.496,0.489,0.402,0.784,0.479,0.483,0.46,0.758,0.492,0.773,0.45,0.753,0.481,0.79,0.772,0.461,0.465,0.469,0.475,0.46,0.47,0.47,0.489,0.471,0.485,0.461,0.488,0.775,0.529,0.476,0.913,0.481,0.0,0.473,0.447,0.675,0.46,0.497,0.722,0.48,1.0,0.482,0.485,0.772,0.772,0.531,0.469,0.47,0.699,0.532
0.523,0.704,0.42,0.491,0.676,0.726,0.588,0.501,0.518,0.476,0.646,0.488,0.685,0.485,0.476,0.588,0.707,0.686,0.677,0.586,0.653,0.68,0.691,0.732,0.73,0.703,0.677,0.492,0.522,0.52,0.472,0.678,0.0,0.674,0.688,0.492,0.586,0.673,0.496,0.67,0.482,1.0,0.695,0.482,0.481,0.5,0.741,0.741,0.487,0.525
0.538,0.642,0.433,0.505,0.761,0.665,0.612,0.511,0.541,0.513,0.738,0.51,0.793,0.497,0.512,0.609,0.67,0.734,0.749,0.606,0.716,0.775,0.756,0.691,0.674,0.67,0.829,0.504,0.547,0.549,0.483,0.742,0.0,0.758,0.657,0.509,0.605,0.867,0.496,0.794,0.485,0.695,1.0,0.488,0.488,0.514,0.688,0.687,0.511,0.553
0.507,0.525,0.416,0.766,0.477,0.49,0.476,0.905,0.48,0.731,0.452,0.757,0.479,0.765,0.753,0.474,0.483,0.478,0.478,0.474,0.474,0.478,0.492,0.488,0.511,0.494,0.503,0.955,0.529,0.466,0.76,0.494,0.0,0.486,0.453,0.668,0.475,0.519,0.711,0.476,0.772,0.482,0.488,1.0,0.962,0.533,0.475,0.476,0.718,0.532
0.519,0.525,0.405,0.768,0.478,0.495,0.476,0.894,0.481,0.739,0.452,0.764,0.482,0.765,0.753,0.476,0.488,0.482,0.482,0.474,0.475,0.478,0.495,0.493,0.498,0.481,0.494,0.941,0.533,0.468,0.76,0.501,0.0,0.49,0.457,0.671,0.475,0.51,0.71,0.482,0.772,0.481,0.488,0.962,1.0,0.533,0.481,0.482,0.702,0.534
0.537,0.513,0.432,0.544,0.502,0.507,0.481,0.539,0.531,0.525,0.471,0.527,0.501,0.542,0.534,0.484,0.486,0.5,0.498,0.481,0.506,0.495,0.504,0.5,0.501,0.486,0.518,0.528,0.62,0.533,0.525,0.504,0.0,0.497,0.467,0.529,0.481,0.517,0.518,0.507,0.531,0.5,0.514,0.533,0.533,1.0,0.505,0.506,0.521,0.665
0.526,0.689,0.414,0.488,0.698,0.716,0.583,0.479,0.53,0.497,0.656,0.49,0.693,0.482,0.496,0.59,0.726,0.658,0.661,0.576,0.641,0.672,0.662,0.74,0.733,0.729,0.655,0.487,0.522,0.538,0.465,0.67,0.0,0.661,0.701,0.486,0.576,0.692,0.486,0.699,0.469,0.741,0.688,0.475,0.481,0.505,1.0,0.996,0.495,0.541
0.526,0.689,0.414,0.489,0.696,0.717,0.583,0.48,0.53,0.496,0.654,0.49,0.691,0.483,0.498,0.59,0.728,0.658,0.661,0.576,0.641,0.67,0.662,0.738,0.734,0.727,0.656,0.488,0.522,0.537,0.466,0.671,0.0,0.661,0.7,0.487,0.576,0.692,0.486,0.697,0.47,0.741,0.687,0.476,0.482,0.506,0.996,1.0,0.495,0.542
0.494,0.497,0.401,0.711,0.495,0.5,0.479,0.698,0.504,0.733,0.472,0.703,0.507,0.73,0.719,0.486,0.485,0.486,0.486,0.477,0.456,0.491,0.489,0.497,0.519,0.51,0.505,0.725,0.553,0.497,0.69,0.487,0.0,0.484,0.466,0.654,0.476,0.521,0.689,0.499,0.699,0.487,0.511,0.718,0.702,0.521,0.495,0.495,1.0,0.551
0.59,0.538,0.457,0.548,0.539,0.548,0.522,0.554,0.593,0.556,0.524,0.545,0.556,0.554,0.564,0.525,0.545,0.547,0.542,0.516,0.506,0.544,0.54,0.553,0.542,0.535,0.537,0.546,0.851,0.585,0.523,0.529,0.0,0.544,0.522,0.56,0.515,0.55,0.536,0.562,0.532,0.525,0.553,0.532,0.534,0.665,0.541,0.542,0.551,1.0
