GCF_000163235.1_ASM16323v1_genomic.fna,GCF_000164555.1_ASM16455v1_genomic.fna,GCF_000208545.1_ASM20854v2_genomic.fna,GCF_000233875.1_ASM23387v1_genomic.fna,GCF_000249735.1_ASM24973v2_genomic.fna,GCF_000261145.1_Esch_coli_M919_V2_genomic.fna,GCF_000267705.2_ASM26770v2_genomic.fna,GCF_000350665.1_Esch_coli_KTE5_V1_genomic.fna,GCF_000351625.1_Esch_coli_KTE66_V1_genomic.fna,GCF_000352285.1_Esch_coli_KTE46_V1_genomic.fna,GCF_000358895.1_ASM35889v1_genomic.fna,GCF_000456385.1_Esch_coli_HVH_26_4-5703913_V1_genomic.fna,GCF_000458195.1_Esch_coli_HVH_147_4-5893887_V1_genomic.fna,GCF_000459755.1_Esch_coli_KOEGE_58_171a_V1_genomic.fna,GCF_000460055.1_Esch_coli_UMEA_3053-1_V1_genomic.fna,GCF_000462165.2_ASM46216v2_genomic.fna,GCF_000601135.1_ASM60113v1_genomic.fna,GCF_000614595.1_Ec2010EL1058_genomic.fna,GCF_000617745.1_Ec2010C-4529_genomic.fna,GCF_000618265.2_EcF6751_genomic.fna,GCF_000619005.2_Ec2009C-4052_genomic.fna,GCF_000619105.1_Ec2009C-4780_genomic.fna,GCF_000619765.2_Ec2009C-3279_genomic.fna,GCF_000687005.1_ASM68700v1_genomic.fna,GCF_000687025.1_ASM68702v1_genomic.fna,GCF_000700125.1_ASM70012v1_genomic.fna,GCF_000753315.1_FHI35_genomic.fna,GCF_000776375.1_ASM77637v1_genomic.fna,GCF_000779395.1_ASM77939v1_genomic.fna,GCF_000780315.1_ASM78031v1_genomic.fna,GCF_000781995.1_ASM78199v1_genomic.fna,GCF_000986765.1_ASM98676v1_genomic.fna,GCF_001041375.1_ViralProj287958_genomic.fna,GCF_001265335.1_302014_genomic.fna,GCF_001265625.1_100854_genomic.fna,GCF_001267345.1_303289_genomic.fna,GCF_001309985.1_ASM130998v1_genomic.fna,GCF_001521695.1_ASM152169v1_genomic.fna,GCF_001592595.1_ASM159259v1_genomic.fna,GCF_001614975.1_ASM161497v1_genomic.fna,GCF_001692775.1_ASM169277v1_genomic.fna,GCF_001748915.1_ASM174891v1_genomic.fna,GCF_001749235.1_ASM174923v1_genomic.fna,GCF_001881155.1_ASM188115v1_genomic.fna,GCF_001881345.1_ASM188134v1_genomic.fna,GCF_001892405.1_ASM189240v1_genomic.fna,GCF_001892585.1_ASM189258v1_genomic.fna,GCF_001893985.1_ASM189398v1_genomic.fna,GCF_002001595.1_ASM200159v1_genomic.fna,GCF_002002145.1_ASM200214v1_genomic.fna
1.0,0.9,0.889,0.895,0.903,0.899,0.888,0.892,0.907,0.888,0.872,0.89,0.898,0.881,0.884,0.892,0.899,0.89,0.894,0.888,0.889,0.905,0.9,0.89,0.898,0.898,0.903,0.89,0.916,0.919,0.888,0.887,0.02,0.904,0.887,0.883,0.888,0.897,0.879,0.893,0.891,0.887,0.892,0.887,0.888,0.876,0.892,0.891,0.886,0.916
0.9,1.0,0.892,0.888,0.911,0.93,0.907,0.89,0.889,0.882,0.885,0.889,0.903,0.875,0.886,0.908,0.925,0.916,0.908,0.904,0.918,0.917,0.92,0.931,0.931,0.918,0.911,0.884,0.902,0.904,0.891,0.916,0.02,0.917,0.912,0.896,0.907,0.922,0.894,0.903,0.889,0.924,0.898,0.897,0.9,0.882,0.915,0.917,0.884,0.904
0.889,0.892,1.0,0.88,0.882,0.881,0.879,0.879,0.883,0.871,0.858,0.879,0.873,0.872,0.88,0.881,0.877,0.892,0.879,0.882,0.887,0.881,0.887,0.871,0.877,0.868,0.875,0.877,0.885,0.89,0.88,0.895,0.019,0.886,0.86,0.884,0.881,0.882,0.887,0.875,0.88,0.892,0.873,0.886,0.888,0.878,0.881,0.882,0.872,0.886
0.895,0.888,0.88,1.0,0.885,0.89,0.876,0.926,0.883,0.93,0.868,0.933,0.885,0.946,0.934,0.88,0.879,0.878,0.877,0.876,0.872,0.881,0.875,0.886,0.884,0.881,0.888,0.945,0.893,0.892,0.925,0.874,0.018,0.881,0.875,0.916,0.879,0.882,0.911,0.886,0.94,0.878,0.88,0.935,0.929,0.872,0.874,0.872,0.927,0.9
0.903,0.911,0.882,0.885,1.0,0.922,0.9,0.893,0.892,0.884,0.924,0.886,0.932,0.886,0.879,0.907,0.919,0.911,0.919,0.897,0.922,0.924,0.916,0.918,0.925,0.922,0.94,0.889,0.909,0.902,0.88,0.908,0.02,0.927,0.909,0.888,0.901,0.921,0.881,0.931,0.893,0.915,0.932,0.883,0.88,0.862,0.926,0.924,0.889,0.899
0.899,0.93,0.881,0.89,0.922,1.0,0.901,0.897,0.892,0.88,0.894,0.884,0.911,0.877,0.878,0.901,0.926,0.907,0.913,0.899,0.91,0.922,0.913,0.94,0.942,0.923,0.919,0.889,0.909,0.901,0.886,0.914,0.02,0.927,0.929,0.884,0.903,0.917,0.888,0.913,0.895,0.924,0.912,0.887,0.886,0.867,0.929,0.929,0.882,0.902
0.888,0.907,0.879,0.876,0.9,0.901,1.0,0.876,0.885,0.864,0.875,0.872,0.895,0.865,0.873,0.985,0.895,0.916,0.917,0.996,0.927,0.91,0.921,0.897,0.892,0.9,0.913,0.873,0.888,0.894,0.877,0.91,0.021,0.914,0.885,0.888,0.997,0.9,0.886,0.899,0.878,0.911,0.896,0.884,0.885,0.879,0.896,0.897,0.872,0.896
0.892,0.89,0.879,0.926,0.893,0.897,0.876,1.0,0.888,0.923,0.875,0.933,0.884,0.924,0.921,0.876,0.887,0.892,0.892,0.875,0.89,0.894,0.885,0.89,0.891,0.883,0.885,0.966,0.898,0.897,0.928,0.887,0.018,0.892,0.874,0.916,0.876,0.89,0.915,0.886,0.936,0.88,0.883,0.964,0.957,0.874,0.884,0.882,0.921,0.892
0.907,0.889,0.883,0.883,0.892,0.892,0.885,0.888,1.0,0.873,0.868,0.882,0.889,0.874,0.885,0.888,0.887,0.893,0.889,0.883,0.885,0.895,0.893,0.885,0.885,0.886,0.897,0.884,0.898,0.92,0.881,0.883,0.021,0.904,0.873,0.887,0.887,0.888,0.882,0.89,0.891,0.88,0.885,0.883,0.875,0.869,0.887,0.887,0.885,0.903
0.888,0.882,0.871,0.93,0.884,0.88,0.864,0.923,0.873,1.0,0.881,0.931,0.898,0.934,0.924,0.869,0.871,0.874,0.871,0.861,0.867,0.879,0.87,0.89,0.889,0.878,0.881,0.932,0.887,0.89,0.925,0.87,0.019,0.875,0.885,0.904,0.864,0.876,0.907,0.886,0.936,0.87,0.887,0.924,0.925,0.86,0.869,0.867,0.929,0.887
0.872,0.885,0.858,0.868,0.924,0.894,0.875,0.875,0.868,0.881,1.0,0.869,0.934,0.87,0.858,0.877,0.888,0.893,0.902,0.872,0.896,0.909,0.896,0.91,0.899,0.898,0.916,0.874,0.875,0.873,0.86,0.88,0.021,0.901,0.913,0.859,0.874,0.901,0.862,0.925,0.873,0.889,0.918,0.867,0.863,0.835,0.888,0.885,0.873,0.873
0.89,0.889,0.879,0.933,0.886,0.884,0.872,0.933,0.882,0.931,0.869,1.0,0.877,0.93,0.951,0.876,0.89,0.879,0.878,0.871,0.873,0.882,0.875,0.88,0.881,0.884,0.878,0.938,0.9,0.893,0.924,0.878,0.018,0.88,0.87,0.912,0.871,0.877,0.918,0.885,0.938,0.879,0.875,0.934,0.933,0.865,0.875,0.874,0.926,0.894
0.898,0.903,0.873,0.885,0.932,0.911,0.895,0.884,0.889,0.898,0.934,0.877,1.0,0.883,0.871,0.897,0.903,0.912,0.923,0.891,0.912,0.934,0.924,0.919,0.914,0.908,0.938,0.885,0.897,0.891,0.875,0.908,0.022,0.932,0.909,0.875,0.895,0.919,0.873,0.951,0.89,0.908,0.94,0.881,0.875,0.847,0.913,0.911,0.886,0.894
0.881,0.875,0.872,0.946,0.886,0.877,0.865,0.924,0.874,0.934,0.87,0.93,0.883,1.0,0.934,0.872,0.869,0.87,0.869,0.864,0.864,0.879,0.875,0.881,0.877,0.875,0.879,0.943,0.889,0.883,0.931,0.867,0.019,0.879,0.873,0.904,0.867,0.871,0.904,0.883,0.942,0.869,0.879,0.931,0.925,0.863,0.866,0.864,0.926,0.887
0.884,0.886,0.88,0.934,0.879,0.878,0.873,0.921,0.885,0.924,0.858,0.951,0.871,0.934,1.0,0.876,0.882,0.878,0.877,0.873,0.875,0.879,0.875,0.873,0.868,0.875,0.872,0.932,0.892,0.894,0.94,0.875,0.017,0.88,0.86,0.915,0.874,0.88,0.921,0.875,0.941,0.881,0.866,0.934,0.925,0.872,0.878,0.879,0.922,0.901
0.892,0.908,0.881,0.88,0.907,0.901,0.985,0.876,0.888,0.869,0.877,0.876,0.897,0.872,0.876,1.0,0.899,0.914,0.919,0.983,0.918,0.913,0.919,0.895,0.895,0.902,0.91,0.875,0.893,0.898,0.88,0.911,0.021,0.918,0.886,0.89,0.986,0.901,0.885,0.901,0.884,0.91,0.901,0.884,0.886,0.879,0.899,0.9,0.877,0.901
0.899,0.925,0.877,0.879,0.919,0.926,0.895,0.887,0.887,0.871,0.888,0.89,0.903,0.869,0.882,0.899,1.0,0.9,0.904,0.893,0.908,0.918,0.911,0.927,0.927,0.931,0.912,0.877,0.899,0.895,0.873,0.912,0.02,0.914,0.906,0.882,0.895,0.902,0.866,0.907,0.883,0.91,0.9,0.879,0.877,0.858,0.923,0.921,0.875,0.893
0.89,0.916,0.892,0.878,0.911,0.907,0.916,0.892,0.893,0.874,0.893,0.879,0.912,0.87,0.878,0.914,0.9,1.0,0.939,0.917,0.942,0.934,0.939,0.903,0.897,0.9,0.924,0.889,0.892,0.891,0.887,0.925,0.021,0.922,0.887,0.895,0.917,0.914,0.894,0.917,0.885,0.912,0.909,0.899,0.901,0.878,0.899,0.9,0.874,0.896
0.894,0.908,0.879,0.877,0.919,0.913,0.917,0.892,0.889,0.871,0.902,0.878,0.923,0.869,0.877,0.919,0.904,0.939,1.0,0.916,0.942,0.941,0.938,0.903,0.902,0.899,0.93,0.887,0.898,0.893,0.886,0.918,0.02,0.935,0.893,0.894,0.917,0.919,0.891,0.925,0.886,0.912,0.92,0.894,0.889,0.876,0.909,0.911,0.879,0.893
0.888,0.904,0.882,0.876,0.897,0.899,0.996,0.875,0.883,0.861,0.872,0.871,0.891,0.864,0.873,0.983,0.893,0.917,0.916,1.0,0.924,0.91,0.92,0.893,0.889,0.898,0.911,0.872,0.887,0.893,0.875,0.912,0.021,0.913,0.881,0.888,0.995,0.898,0.883,0.897,0.876,0.912,0.894,0.883,0.884,0.881,0.892,0.893,0.869,0.894
0.889,0.918,0.887,0.872,0.922,0.91,0.927,0.89,0.885,0.867,0.896,0.873,0.912,0.864,0.875,0.918,0.908,0.942,0.942,0.924,1.0,0.933,0.943,0.907,0.904,0.91,0.932,0.883,0.889,0.89,0.884,0.932,0.019,0.936,0.889,0.893,0.926,0.919,0.887,0.924,0.883,0.92,0.92,0.893,0.891,0.872,0.911,0.911,0.874,0.889
0.905,0.917,0.881,0.881,0.924,0.922,0.91,0.894,0.895,0.879,0.909,0.882,0.934,0.879,0.879,0.913,0.918,0.934,0.941,0.91,0.933,1.0,0.976,0.912,0.919,0.915,0.939,0.886,0.905,0.901,0.886,0.921,0.021,0.958,0.899,0.888,0.912,0.928,0.877,0.934,0.886,0.91,0.928,0.889,0.886,0.866,0.918,0.917,0.878,0.906
0.9,0.92,0.887,0.875,0.916,0.913,0.921,0.885,0.893,0.87,0.896,0.875,0.924,0.875,0.875,0.919,0.911,0.939,0.938,0.92,0.943,0.976,1.0,0.904,0.91,0.911,0.938,0.88,0.895,0.896,0.888,0.929,0.021,0.952,0.889,0.892,0.922,0.926,0.886,0.925,0.884,0.92,0.921,0.89,0.89,0.869,0.913,0.915,0.872,0.896
0.89,0.931,0.871,0.886,0.918,0.94,0.897,0.89,0.885,0.89,0.91,0.88,0.919,0.881,0.873,0.895,0.927,0.903,0.903,0.893,0.907,0.912,0.904,1.0,0.951,0.932,0.925,0.884,0.898,0.894,0.875,0.905,0.02,0.913,0.935,0.879,0.896,0.906,0.873,0.92,0.888,0.915,0.917,0.878,0.877,0.851,0.919,0.918,0.884,0.895
0.898,0.931,0.877,0.884,0.925,0.942,0.892,0.891,0.885,0.889,0.899,0.881,0.914,0.877,0.868,0.895,0.927,0.897,0.902,0.889,0.904,0.919,0.91,0.951,1.0,0.936,0.923,0.883,0.903,0.887,0.88,0.912,0.02,0.915,0.935,0.879,0.893,0.902,0.87,0.915,0.889,0.912,0.911,0.88,0.877,0.859,0.918,0.917,0.882,0.896
0.898,0.918,0.868,0.881,0.922,0.923,0.9,0.883,0.886,0.878,0.898,0.884,0.908,0.875,0.875,0.902,0.931,0.9,0.899,0.898,0.91,0.915,0.911,0.932,0.936,1.0,0.918,0.881,0.901,0.887,0.877,0.904,0.019,0.915,0.915,0.876,0.901,0.91,0.869,0.914,0.885,0.915,0.908,0.878,0.871,0.855,0.918,0.916,0.888,0.9
0.903,0.911,0.875,0.888,0.94,0.919,0.913,0.885,0.897,0.881,0.916,0.878,0.938,0.879,0.872,0.91,0.912,0.924,0.93,0.911,0.932,0.939,0.938,0.925,0.923,0.918,1.0,0.888,0.902,0.902,0.875,0.919,0.022,0.944,0.906,0.884,0.913,0.938,0.871,0.942,0.887,0.912,0.956,0.886,0.878,0.861,0.913,0.911,0.882,0.9
0.89,0.884,0.877,0.945,0.889,0.889,0.873,0.966,0.884,0.932,0.874,0.938,0.885,0.943,0.932,0.875,0.877,0.889,0.887,0.872,0.883,0.886,0.88,0.884,0.883,0.881,0.888,1.0,0.894,0.899,0.93,0.883,0.018,0.89,0.873,0.921,0.873,0.886,0.92,0.887,0.946,0.878,0.885,0.985,0.973,0.875,0.88,0.878,0.931,0.892
0.916,0.902,0.885,0.893,0.909,0.909,0.888,0.898,0.898,0.887,0.875,0.9,0.897,0.889,0.892,0.893,0.899,0.892,0.898,0.887,0.889,0.905,0.895,0.898,0.903,0.901,0.902,0.894,1.0,0.912,0.893,0.887,0.019,0.91,0.887,0.896,0.889,0.892,0.885,0.894,0.899,0.892,0.889,0.895,0.889,0.879,0.901,0.9,0.887,0.953
0.919,0.904,0.89,0.892,0.902,0.901,0.894,0.897,0.92,0.89,0.873,0.893,0.891,0.883,0.894,0.898,0.895,0.891,0.893,0.893,0.89,0.901,0.896,0.894,0.887,0.887,0.902,0.899,0.912,1.0,0.89,0.887,0.021,0.902,0.883,0.899,0.895,0.891,0.886,0.887,0.898,0.892,0.888,0.899,0.893,0.877,0.895,0.895,0.887,0.913
0.888,0.891,0.88,0.925,0.88,0.886,0.877,0.928,0.881,0.925,0.86,0.924,0.875,0.931,0.94,0.88,0.873,0.887,0.886,0.875,0.884,0.886,0.888,0.875,0.88,0.877,0.875,0.93,0.893,0.89,1.0,0.887,0.02,0.888,0.858,0.915,0.878,0.89,0.917,0.877,0.963,0.888,0.873,0.935,0.928,0.875,0.881,0.882,0.917,0.896
0.887,0.916,0.895,0.874,0.908,0.914,0.91,0.887,0.883,0.87,0.88,0.878,0.908,0.867,0.875,0.911,0.912,0.925,0.918,0.912,0.932,0.921,0.929,0.905,0.912,0.904,0.919,0.883,0.887,0.887,0.887,1.0,0.02,0.924,0.885,0.884,0.91,0.923,0.886,0.913,0.882,0.925,0.917,0.892,0.897,0.879,0.92,0.923,0.872,0.888
0.02,0.02,0.019,0.018,0.02,0.02,0.021,0.018,0.021,0.019,0.021,0.018,0.022,0.019,0.017,0.021,0.02,0.021,0.02,0.021,0.019,0.021,0.021,0.02,0.02,0.019,0.022,0.018,0.019,0.021,0.02,0.02,1.0,0.021,0.02,0.021,0.021,0.02,0.018,0.022,0.02,0.02,0.021,0.018,0.018,0.019,0.019,0.019,0.02,0.019
0.904,0.917,0.886,0.881,0.927,0.927,0.914,0.892,0.904,0.875,0.901,0.88,0.932,0.879,0.88,0.918,0.914,0.922,0.935,0.913,0.936,0.958,0.952,0.913,0.915,0.915,0.944,0.89,0.91,0.902,0.888,0.924,0.021,1.0,0.901,0.895,0.916,0.929,0.881,0.933,0.892,0.916,0.935,0.893,0.887,0.867,0.922,0.922,0.879,0.907
0.887,0.912,0.86,0.875,0.909,0.929,0.885,0.874,0.873,0.885,0.913,0.87,0.909,0.873,0.86,0.886,0.906,0.887,0.893,0.881,0.889,0.899,0.889,0.935,0.935,0.915,0.906,0.873,0.887,0.883,0.858,0.885,0.02,0.901,1.0,0.869,0.885,0.891,0.867,0.905,0.873,0.897,0.902,0.866,0.867,0.842,0.906,0.905,0.875,0.887
0.883,0.896,0.884,0.916,0.888,0.884,0.888,0.916,0.887,0.904,0.859,0.912,0.875,0.904,0.915,0.89,0.882,0.895,0.894,0.888,0.893,0.888,0.892,0.879,0.879,0.876,0.884,0.921,0.896,0.899,0.915,0.884,0.021,0.895,0.869,1.0,0.888,0.884,0.92,0.878,0.922,0.884,0.869,0.928,0.924,0.877,0.88,0.881,0.907,0.901
0.888,0.907,0.881,0.879,0.901,0.903,0.997,0.876,0.887,0.864,0.874,0.871,0.895,0.867,0.874,0.986,0.895,0.917,0.917,0.995,0.926,0.912,0.922,0.896,0.893,0.901,0.913,0.873,0.889,0.895,0.878,0.91,0.021,0.916,0.885,0.888,1.0,0.9,0.886,0.899,0.879,0.909,0.896,0.884,0.885,0.878,0.896,0.897,0.871,0.897
0.897,0.922,0.882,0.882,0.921,0.917,0.9,0.89,0.888,0.876,0.901,0.877,0.919,0.871,0.88,0.901,0.902,0.914,0.919,0.898,0.919,0.928,0.926,0.906,0.902,0.91,0.938,0.886,0.892,0.891,0.89,0.923,0.02,0.929,0.891,0.884,0.9,1.0,0.888,0.927,0.888,0.923,0.938,0.895,0.891,0.862,0.918,0.92,0.879,0.898
0.879,0.894,0.887,0.911,0.881,0.888,0.886,0.915,0.882,0.907,0.862,0.918,0.873,0.904,0.921,0.885,0.866,0.894,0.891,0.883,0.887,0.877,0.886,0.873,0.87,0.869,0.871,0.92,0.885,0.886,0.917,0.886,0.018,0.881,0.867,0.92,0.886,0.888,1.0,0.878,0.918,0.893,0.875,0.928,0.932,0.883,0.883,0.884,0.916,0.889
0.893,0.903,0.875,0.886,0.931,0.913,0.899,0.886,0.89,0.886,0.925,0.885,0.951,0.883,0.875,0.901,0.907,0.917,0.925,0.897,0.924,0.934,0.925,0.92,0.915,0.914,0.942,0.887,0.894,0.887,0.877,0.913,0.022,0.933,0.905,0.878,0.899,0.927,0.878,1.0,0.892,0.906,0.946,0.884,0.877,0.857,0.914,0.912,0.888,0.897
0.891,0.889,0.88,0.94,0.893,0.895,0.878,0.936,0.891,0.936,0.873,0.938,0.89,0.942,0.941,0.884,0.883,0.885,0.886,0.876,0.883,0.886,0.884,0.888,0.889,0.885,0.887,0.946,0.899,0.898,0.963,0.882,0.02,0.892,0.873,0.922,0.879,0.888,0.918,0.892,1.0,0.887,0.884,0.942,0.933,0.87,0.886,0.884,0.929,0.904
0.887,0.924,0.892,0.878,0.915,0.924,0.911,0.88,0.88,0.87,0.889,0.879,0.908,0.869,0.881,0.91,0.91,0.912,0.912,0.912,0.92,0.91,0.92,0.915,0.912,0.915,0.912,0.878,0.892,0.892,0.888,0.925,0.02,0.916,0.897,0.884,0.909,0.923,0.893,0.906,0.887,1.0,0.916,0.885,0.889,0.876,0.921,0.922,0.875,0.896
0.892,0.898,0.873,0.88,0.932,0.912,0.896,0.883,0.885,0.887,0.918,0.875,0.94,0.879,0.866,0.901,0.9,0.909,0.92,0.894,0.92,0.928,0.921,0.917,0.911,0.908,0.956,0.885,0.889,0.888,0.873,0.917,0.021,0.935,0.902,0.869,0.896,0.938,0.875,0.946,0.884,0.916,1.0,0.88,0.874,0.852,0.914,0.912,0.883,0.891
0.887,0.897,0.886,0.935,0.883,0.887,0.884,0.964,0.883,0.924,0.867,0.934,0.881,0.931,0.934,0.884,0.879,0.899,0.894,0.883,0.893,0.889,0.89,0.878,0.88,0.878,0.886,0.985,0.895,0.899,0.935,0.892,0.018,0.893,0.866,0.928,0.884,0.895,0.928,0.884,0.942,0.885,0.88,1.0,0.982,0.886,0.884,0.885,0.925,0.896
0.888,0.9,0.888,0.929,0.88,0.886,0.885,0.957,0.875,0.925,0.863,0.933,0.875,0.925,0.925,0.886,0.877,0.901,0.889,0.884,0.891,0.886,0.89,0.877,0.877,0.871,0.878,0.973,0.889,0.893,0.928,0.897,0.018,0.887,0.867,0.924,0.885,0.891,0.932,0.877,0.933,0.889,0.874,0.982,1.0,0.886,0.878,0.88,0.918,0.89
0.876,0.882,0.878,0.872,0.862,0.867,0.879,0.874,0.869,0.86,0.835,0.865,0.847,0.863,0.872,0.879,0.858,0.878,0.876,0.881,0.872,0.866,0.869,0.851,0.859,0.855,0.861,0.875,0.879,0.877,0.875,0.879,0.019,0.867,0.842,0.877,0.878,0.862,0.883,0.857,0.87,0.876,0.852,0.886,0.886,1.0,0.862,0.864,0.867,0.888
0.892,0.915,0.881,0.874,0.926,0.929,0.896,0.884,0.887,0.869,0.888,0.875,0.913,0.866,0.878,0.899,0.923,0.899,0.909,0.892,0.911,0.918,0.913,0.919,0.918,0.918,0.913,0.88,0.901,0.895,0.881,0.92,0.019,0.922,0.906,0.88,0.896,0.918,0.883,0.914,0.886,0.921,0.914,0.884,0.878,0.862,1.0,0.997,0.88,0.899
0.891,0.917,0.882,0.872,0.924,0.929,0.897,0.882,0.887,0.867,0.885,0.874,0.911,0.864,0.879,0.9,0.921,0.9,0.911,0.893,0.911,0.917,0.915,0.918,0.917,0.916,0.911,0.878,0.9,0.895,0.882,0.923,0.019,0.922,0.905,0.881,0.897,0.92,0.884,0.912,0.884,0.922,0.912,0.885,0.88,0.864,0.997,1.0,0.878,0.897
0.886,0.884,0.872,0.927,0.889,0.882,0.872,0.921,0.885,0.929,0.873,0.926,0.886,0.926,0.922,0.877,0.875,0.874,0.879,0.869,0.874,0.878,0.872,0.884,0.882,0.888,0.882,0.931,0.887,0.887,0.917,0.872,0.02,0.879,0.875,0.907,0.871,0.879,0.916,0.888,0.929,0.875,0.883,0.925,0.918,0.867,0.88,0.878,1.0,0.886
0.916,0.904,0.886,0.9,0.899,0.902,0.896,0.892,0.903,0.887,0.873,0.894,0.894,0.887,0.901,0.901,0.893,0.896,0.893,0.894,0.889,0.906,0.896,0.895,0.896,0.9,0.9,0.892,0.953,0.913,0.896,0.888,0.019,0.907,0.887,0.901,0.897,0.898,0.889,0.897,0.904,0.896,0.891,0.896,0.89,0.888,0.899,0.897,0.886,1.0
