GCF_000163235.1_ASM16323v1_genomic.fna,GCF_000164555.1_ASM16455v1_genomic.fna,GCF_000208545.1_ASM20854v2_genomic.fna,GCF_000233875.1_ASM23387v1_genomic.fna,GCF_000249735.1_ASM24973v2_genomic.fna,GCF_000261145.1_Esch_coli_M919_V2_genomic.fna,GCF_000267705.2_ASM26770v2_genomic.fna,GCF_000350665.1_Esch_coli_KTE5_V1_genomic.fna,GCF_000351625.1_Esch_coli_KTE66_V1_genomic.fna,GCF_000352285.1_Esch_coli_KTE46_V1_genomic.fna,GCF_000358895.1_ASM35889v1_genomic.fna,GCF_000456385.1_Esch_coli_HVH_26_4-5703913_V1_genomic.fna,GCF_000458195.1_Esch_coli_HVH_147_4-5893887_V1_genomic.fna,GCF_000459755.1_Esch_coli_KOEGE_58_171a_V1_genomic.fna,GCF_000460055.1_Esch_coli_UMEA_3053-1_V1_genomic.fna,GCF_000462165.2_ASM46216v2_genomic.fna,GCF_000601135.1_ASM60113v1_genomic.fna,GCF_000614595.1_Ec2010EL1058_genomic.fna,GCF_000617745.1_Ec2010C-4529_genomic.fna,GCF_000618265.2_EcF6751_genomic.fna,GCF_000619005.2_Ec2009C-4052_genomic.fna,GCF_000619105.1_Ec2009C-4780_genomic.fna,GCF_000619765.2_Ec2009C-3279_genomic.fna,GCF_000687005.1_ASM68700v1_genomic.fna,GCF_000687025.1_ASM68702v1_genomic.fna,GCF_000700125.1_ASM70012v1_genomic.fna,GCF_000753315.1_FHI35_genomic.fna,GCF_000776375.1_ASM77637v1_genomic.fna,GCF_000779395.1_ASM77939v1_genomic.fna,GCF_000780315.1_ASM78031v1_genomic.fna,GCF_000781995.1_ASM78199v1_genomic.fna,GCF_000986765.1_ASM98676v1_genomic.fna,GCF_001041375.1_ViralProj287958_genomic.fna,GCF_001265335.1_302014_genomic.fna,GCF_001265625.1_100854_genomic.fna,GCF_001267345.1_303289_genomic.fna,GCF_001309985.1_ASM130998v1_genomic.fna,GCF_001521695.1_ASM152169v1_genomic.fna,GCF_001592595.1_ASM159259v1_genomic.fna,GCF_001614975.1_ASM161497v1_genomic.fna,GCF_001692775.1_ASM169277v1_genomic.fna,GCF_001748915.1_ASM174891v1_genomic.fna,GCF_001749235.1_ASM174923v1_genomic.fna,GCF_001881155.1_ASM188115v1_genomic.fna,GCF_001881345.1_ASM188134v1_genomic.fna,GCF_001892405.1_ASM189240v1_genomic.fna,GCF_001892585.1_ASM189258v1_genomic.fna,GCF_001893985.1_ASM189398v1_genomic.fna,GCF_002001595.1_ASM200159v1_genomic.fna,GCF_002002145.1_ASM200214v1_genomic.fna
1.0,0.596,0.512,0.535,0.562,0.567,0.542,0.529,0.65,0.538,0.544,0.546,0.549,0.514,0.511,0.542,0.563,0.553,0.556,0.534,0.528,0.56,0.565,0.569,0.571,0.543,0.551,0.525,0.592,0.649,0.507,0.559,0.0,0.537,0.521,0.522,0.534,0.56,0.512,0.561,0.515,0.561,0.549,0.509,0.529,0.548,0.547,0.548,0.514,0.589
0.596,1.0,0.466,0.522,0.68,0.795,0.595,0.541,0.547,0.528,0.637,0.526,0.642,0.5,0.507,0.596,0.726,0.657,0.647,0.587,0.619,0.65,0.661,0.786,0.807,0.71,0.644,0.528,0.539,0.561,0.507,0.674,0.0,0.644,0.724,0.507,0.586,0.669,0.506,0.646,0.511,0.713,0.644,0.536,0.541,0.505,0.696,0.698,0.525,0.542
0.512,0.466,1.0,0.433,0.46,0.458,0.45,0.433,0.504,0.422,0.451,0.435,0.456,0.423,0.428,0.455,0.471,0.447,0.452,0.443,0.426,0.462,0.457,0.461,0.471,0.447,0.45,0.429,0.484,0.501,0.417,0.457,0.0,0.448,0.422,0.43,0.444,0.451,0.412,0.461,0.427,0.471,0.468,0.42,0.416,0.43,0.463,0.463,0.427,0.486
0.535,0.522,0.433,1.0,0.503,0.509,0.479,0.761,0.528,0.776,0.501,0.778,0.503,0.825,0.815,0.479,0.513,0.489,0.504,0.471,0.466,0.505,0.505,0.518,0.526,0.495,0.499,0.791,0.567,0.514,0.766,0.519,0.0,0.471,0.468,0.7,0.472,0.516,0.711,0.513,0.792,0.5,0.508,0.762,0.765,0.508,0.504,0.505,0.731,0.55
0.562,0.68,0.46,0.503,1.0,0.702,0.594,0.513,0.544,0.491,0.767,0.505,0.731,0.496,0.497,0.59,0.698,0.702,0.716,0.589,0.701,0.721,0.735,0.677,0.691,0.654,0.719,0.506,0.539,0.572,0.494,0.738,0.0,0.705,0.629,0.497,0.587,0.728,0.497,0.734,0.502,0.711,0.743,0.491,0.493,0.505,0.702,0.704,0.496,0.522
0.567,0.795,0.458,0.509,0.702,1.0,0.609,0.52,0.539,0.495,0.647,0.514,0.656,0.497,0.504,0.61,0.736,0.678,0.657,0.603,0.632,0.673,0.69,0.784,0.817,0.7,0.648,0.512,0.542,0.56,0.49,0.685,0.0,0.663,0.736,0.514,0.601,0.661,0.511,0.658,0.494,0.725,0.667,0.503,0.499,0.494,0.719,0.72,0.499,0.538
0.542,0.595,0.45,0.479,0.594,0.609,1.0,0.472,0.545,0.463,0.568,0.467,0.581,0.465,0.473,0.963,0.61,0.639,0.62,0.982,0.636,0.621,0.642,0.606,0.596,0.574,0.59,0.46,0.494,0.534,0.468,0.601,0.0,0.607,0.564,0.488,0.985,0.571,0.489,0.582,0.467,0.605,0.595,0.465,0.464,0.486,0.577,0.579,0.463,0.516
0.529,0.541,0.433,0.761,0.513,0.52,0.472,1.0,0.513,0.742,0.481,0.753,0.495,0.75,0.744,0.473,0.512,0.497,0.506,0.464,0.469,0.506,0.509,0.52,0.516,0.49,0.489,0.924,0.574,0.526,0.744,0.522,0.0,0.476,0.459,0.68,0.465,0.529,0.709,0.506,0.748,0.508,0.509,0.898,0.888,0.499,0.497,0.499,0.716,0.546
0.65,0.547,0.504,0.528,0.544,0.539,0.545,0.513,1.0,0.524,0.54,0.501,0.554,0.515,0.514,0.543,0.566,0.543,0.54,0.538,0.517,0.553,0.55,0.562,0.558,0.534,0.55,0.507,0.589,0.656,0.493,0.536,0.0,0.528,0.522,0.52,0.537,0.542,0.504,0.572,0.501,0.555,0.561,0.493,0.491,0.523,0.551,0.553,0.514,0.584
0.538,0.528,0.422,0.776,0.491,0.495,0.463,0.742,0.524,1.0,0.501,0.739,0.52,0.778,0.75,0.465,0.508,0.478,0.498,0.455,0.455,0.495,0.488,0.506,0.506,0.497,0.512,0.747,0.56,0.513,0.773,0.496,0.0,0.465,0.465,0.686,0.455,0.512,0.716,0.522,0.777,0.491,0.507,0.724,0.738,0.492,0.492,0.493,0.723,0.541
0.544,0.637,0.451,0.501,0.767,0.647,0.568,0.481,0.54,0.501,1.0,0.473,0.79,0.507,0.476,0.571,0.674,0.703,0.71,0.563,0.677,0.716,0.709,0.683,0.663,0.679,0.747,0.479,0.509,0.549,0.47,0.703,0.0,0.68,0.686,0.488,0.562,0.733,0.474,0.765,0.478,0.69,0.752,0.46,0.463,0.474,0.675,0.676,0.478,0.503
0.546,0.526,0.435,0.778,0.505,0.514,0.467,0.753,0.501,0.739,0.473,1.0,0.48,0.755,0.864,0.471,0.507,0.482,0.486,0.46,0.469,0.493,0.494,0.502,0.515,0.485,0.478,0.771,0.565,0.52,0.725,0.512,0.0,0.476,0.454,0.669,0.462,0.503,0.713,0.491,0.751,0.494,0.496,0.753,0.765,0.513,0.502,0.504,0.696,0.545
0.549,0.642,0.456,0.503,0.731,0.656,0.581,0.495,0.554,0.52,0.79,0.48,1.0,0.511,0.481,0.584,0.691,0.733,0.757,0.575,0.721,0.788,0.787,0.696,0.679,0.692,0.806,0.49,0.511,0.56,0.479,0.736,0.0,0.749,0.674,0.494,0.574,0.778,0.478,0.806,0.488,0.69,0.789,0.473,0.474,0.476,0.69,0.691,0.487,0.507
0.514,0.5,0.423,0.825,0.496,0.497,0.465,0.75,0.515,0.778,0.507,0.755,0.511,1.0,0.798,0.464,0.505,0.478,0.489,0.458,0.446,0.494,0.488,0.51,0.513,0.507,0.501,0.783,0.554,0.507,0.75,0.502,0.0,0.458,0.478,0.671,0.458,0.513,0.706,0.512,0.776,0.491,0.504,0.752,0.749,0.49,0.498,0.499,0.717,0.53
0.511,0.507,0.428,0.815,0.497,0.504,0.473,0.744,0.514,0.75,0.476,0.864,0.481,0.798,1.0,0.471,0.503,0.483,0.485,0.467,0.46,0.498,0.498,0.493,0.502,0.478,0.482,0.767,0.552,0.507,0.765,0.507,0.0,0.466,0.454,0.678,0.468,0.496,0.72,0.493,0.786,0.494,0.49,0.74,0.741,0.506,0.495,0.498,0.715,0.548
0.542,0.596,0.455,0.479,0.59,0.61,0.963,0.473,0.543,0.465,0.571,0.471,0.584,0.464,0.471,1.0,0.608,0.637,0.621,0.96,0.624,0.626,0.641,0.602,0.597,0.572,0.589,0.461,0.492,0.538,0.466,0.587,0.0,0.607,0.563,0.49,0.959,0.574,0.492,0.58,0.467,0.605,0.594,0.466,0.466,0.485,0.577,0.579,0.468,0.515
0.563,0.726,0.471,0.513,0.698,0.736,0.61,0.512,0.566,0.508,0.674,0.507,0.691,0.505,0.503,0.608,1.0,0.664,0.685,0.603,0.644,0.696,0.696,0.756,0.776,0.761,0.696,0.506,0.541,0.553,0.497,0.711,0.0,0.67,0.693,0.514,0.603,0.684,0.512,0.687,0.504,0.726,0.706,0.494,0.496,0.483,0.736,0.739,0.498,0.527
0.553,0.657,0.447,0.489,0.702,0.678,0.639,0.497,0.543,0.478,0.703,0.482,0.733,0.478,0.483,0.637,0.664,1.0,0.769,0.633,0.751,0.771,0.784,0.665,0.66,0.64,0.726,0.487,0.51,0.561,0.477,0.721,0.0,0.739,0.615,0.508,0.631,0.698,0.509,0.725,0.477,0.688,0.728,0.488,0.49,0.497,0.66,0.662,0.472,0.535
0.556,0.647,0.452,0.504,0.716,0.657,0.62,0.506,0.54,0.498,0.71,0.486,0.757,0.489,0.485,0.621,0.685,0.769,1.0,0.615,0.745,0.773,0.781,0.678,0.669,0.656,0.75,0.496,0.511,0.549,0.484,0.738,0.0,0.714,0.628,0.513,0.612,0.733,0.498,0.756,0.489,0.694,0.756,0.485,0.485,0.482,0.665,0.667,0.489,0.502
0.534,0.587,0.443,0.471,0.589,0.603,0.982,0.464,0.538,0.455,0.563,0.46,0.575,0.458,0.467,0.96,0.603,0.633,0.615,1.0,0.636,0.615,0.637,0.598,0.591,0.568,0.584,0.453,0.486,0.53,0.46,0.595,0.0,0.602,0.558,0.48,0.993,0.565,0.484,0.576,0.459,0.599,0.589,0.457,0.456,0.486,0.572,0.574,0.457,0.509
0.528,0.619,0.426,0.466,0.701,0.632,0.636,0.469,0.517,0.455,0.677,0.469,0.721,0.446,0.46,0.624,0.644,0.751,0.745,0.636,1.0,0.749,0.779,0.632,0.63,0.625,0.729,0.469,0.476,0.534,0.451,0.733,0.0,0.741,0.588,0.484,0.637,0.702,0.497,0.729,0.463,0.648,0.723,0.475,0.473,0.493,0.644,0.645,0.452,0.505
0.56,0.65,0.462,0.505,0.721,0.673,0.621,0.506,0.553,0.495,0.716,0.493,0.788,0.494,0.498,0.626,0.696,0.771,0.773,0.615,0.749,1.0,0.932,0.672,0.668,0.65,0.77,0.497,0.518,0.554,0.485,0.763,0.0,0.852,0.621,0.511,0.612,0.744,0.506,0.763,0.493,0.687,0.777,0.482,0.484,0.485,0.663,0.665,0.496,0.519
0.565,0.661,0.457,0.505,0.735,0.69,0.642,0.509,0.55,0.488,0.709,0.494,0.787,0.488,0.498,0.641,0.696,0.784,0.781,0.637,0.779,0.932,1.0,0.674,0.674,0.654,0.778,0.502,0.518,0.56,0.489,0.78,0.0,0.852,0.622,0.509,0.634,0.747,0.509,0.761,0.493,0.692,0.771,0.491,0.492,0.494,0.669,0.671,0.489,0.528
0.569,0.786,0.461,0.518,0.677,0.784,0.606,0.52,0.562,0.506,0.683,0.502,0.696,0.51,0.493,0.602,0.756,0.665,0.678,0.598,0.632,0.672,0.674,1.0,0.831,0.741,0.704,0.5,0.532,0.559,0.485,0.681,0.0,0.647,0.772,0.507,0.597,0.69,0.485,0.7,0.492,0.734,0.698,0.488,0.488,0.489,0.726,0.727,0.488,0.519
0.571,0.807,0.471,0.526,0.691,0.817,0.596,0.516,0.558,0.506,0.663,0.515,0.679,0.513,0.502,0.597,0.776,0.66,0.669,0.591,0.63,0.668,0.674,0.831,1.0,0.76,0.681,0.508,0.529,0.553,0.49,0.697,0.0,0.647,0.771,0.513,0.589,0.69,0.503,0.682,0.499,0.724,0.692,0.509,0.499,0.49,0.732,0.733,0.517,0.521
0.543,0.71,0.447,0.495,0.654,0.7,0.574,0.49,0.534,0.497,0.679,0.485,0.692,0.507,0.478,0.572,0.761,0.64,0.656,0.568,0.625,0.65,0.654,0.741,0.76,1.0,0.672,0.485,0.513,0.528,0.464,0.652,0.0,0.622,0.701,0.487,0.568,0.668,0.478,0.686,0.468,0.709,0.666,0.482,0.473,0.469,0.713,0.714,0.49,0.5
0.551,0.644,0.45,0.499,0.719,0.648,0.59,0.489,0.55,0.512,0.747,0.478,0.806,0.501,0.482,0.589,0.696,0.726,0.75,0.584,0.729,0.77,0.778,0.704,0.681,0.672,1.0,0.483,0.509,0.544,0.475,0.757,0.0,0.73,0.641,0.492,0.583,0.831,0.478,0.807,0.483,0.682,0.855,0.477,0.472,0.485,0.683,0.684,0.478,0.5
0.525,0.528,0.429,0.791,0.506,0.512,0.46,0.924,0.507,0.747,0.479,0.771,0.49,0.783,0.767,0.461,0.506,0.487,0.496,0.453,0.469,0.497,0.502,0.5,0.508,0.485,0.483,1.0,0.568,0.523,0.755,0.523,0.0,0.472,0.449,0.674,0.453,0.517,0.704,0.499,0.777,0.494,0.494,0.958,0.942,0.497,0.496,0.497,0.719,0.544
0.592,0.539,0.484,0.567,0.539,0.542,0.494,0.574,0.589,0.56,0.509,0.565,0.511,0.554,0.552,0.492,0.541,0.51,0.511,0.486,0.476,0.518,0.518,0.532,0.529,0.513,0.509,0.568,1.0,0.568,0.542,0.537,0.0,0.492,0.484,0.561,0.488,0.515,0.538,0.513,0.546,0.524,0.518,0.549,0.554,0.608,0.522,0.524,0.551,0.819
0.649,0.561,0.501,0.514,0.572,0.56,0.534,0.526,0.656,0.513,0.549,0.52,0.56,0.507,0.507,0.538,0.553,0.561,0.549,0.53,0.534,0.554,0.56,0.559,0.553,0.528,0.544,0.523,0.568,1.0,0.508,0.551,0.0,0.539,0.516,0.527,0.53,0.536,0.51,0.576,0.517,0.565,0.554,0.511,0.514,0.551,0.557,0.559,0.503,0.583
0.507,0.507,0.417,0.766,0.494,0.49,0.468,0.744,0.493,0.773,0.47,0.725,0.479,0.75,0.765,0.466,0.497,0.477,0.484,0.46,0.451,0.485,0.489,0.485,0.49,0.464,0.475,0.755,0.542,0.508,1.0,0.5,0.0,0.47,0.438,0.681,0.46,0.486,0.688,0.487,0.897,0.488,0.479,0.735,0.738,0.493,0.481,0.482,0.708,0.532
0.559,0.674,0.457,0.519,0.738,0.685,0.601,0.522,0.536,0.496,0.703,0.512,0.736,0.502,0.507,0.587,0.711,0.721,0.738,0.595,0.733,0.763,0.78,0.681,0.697,0.652,0.757,0.523,0.537,0.551,0.5,1.0,0.0,0.739,0.622,0.508,0.592,0.76,0.515,0.758,0.499,0.692,0.78,0.509,0.516,0.485,0.689,0.691,0.495,0.519
0.0,0.0,0.0,0.0,0.0,0.0,0.0,0.0,0.0,0.0,0.0,0.0,0.0,0.0,0.0,0.0,0.0,0.0,0.0,0.0,0.0,0.0,0.0,0.0,0.0,0.0,0.0,0.0,0.0,0.0,0.0,0.0,1.0,0.0,0.0,0.0,0.0,0.0,0.0,0.0,0.0,0.0,0.0,0.0,0.0,0.0,0.0,0.0,0.0,0.0
0.537,0.644,0.448,0.471,0.705,0.663,0.607,0.476,0.528,0.465,0.68,0.476,0.749,0.458,0.466,0.607,0.67,0.739,0.714,0.602,0.741,0.852,0.852,0.647,0.647,0.622,0.73,0.472,0.492,0.539,0.47,0.739,0.0,1.0,0.597,0.501,0.6,0.718,0.511,0.731,0.471,0.659,0.744,0.474,0.48,0.48,0.646,0.647,0.464,0.512
0.521,0.724,0.422,0.468,0.629,0.736,0.564,0.459,0.522,0.465,0.686,0.454,0.674,0.478,0.454,0.563,0.693,0.615,0.628,0.558,0.588,0.621,0.622,0.772,0.771,0.701,0.641,0.449,0.484,0.516,0.438,0.622,0.0,0.597,1.0,0.468,0.557,0.621,0.452,0.651,0.444,0.685,0.646,0.434,0.44,0.447,0.678,0.679,0.449,0.476
0.522,0.507,0.43,0.7,0.497,0.514,0.488,0.68,0.52,0.686,0.488,0.669,0.494,0.671,0.678,0.49,0.514,0.508,0.513,0.48,0.484,0.511,0.509,0.507,0.513,0.487,0.492,0.674,0.561,0.527,0.681,0.508,0.0,0.501,0.468,1.0,0.48,0.488,0.69,0.506,0.692,0.504,0.495,0.659,0.663,0.504,0.49,0.492,0.664,0.546
0.534,0.586,0.444,0.472,0.587,0.601,0.985,0.465,0.537,0.455,0.562,0.462,0.574,0.458,0.468,0.959,0.603,0.631,0.612,0.993,0.637,0.612,0.634,0.597,0.589,0.568,0.583,0.453,0.488,0.53,0.46,0.592,0.0,0.6,0.557,0.48,1.0,0.563,0.483,0.576,0.458,0.597,0.588,0.458,0.457,0.486,0.572,0.574,0.457,0.51
0.56,0.669,0.451,0.516,0.728,0.661,0.571,0.529,0.542,0.512,0.733,0.503,0.778,0.513,0.496,0.574,0.684,0.698,0.733,0.565,0.702,0.744,0.747,0.69,0.69,0.668,0.831,0.517,0.515,0.536,0.486,0.76,0.0,0.718,0.621,0.488,0.563,1.0,0.485,0.788,0.498,0.679,0.859,0.502,0.496,0.478,0.688,0.689,0.5,0.5
0.512,0.506,0.412,0.711,0.497,0.511,0.489,0.709,0.504,0.716,0.474,0.713,0.478,0.706,0.72,0.492,0.512,0.509,0.498,0.484,0.497,0.506,0.509,0.485,0.503,0.478,0.478,0.704,0.538,0.51,0.688,0.515,0.0,0.511,0.452,0.69,0.483,0.485,1.0,0.493,0.695,0.495,0.495,0.715,0.716,0.505,0.488,0.49,0.691,0.548
0.561,0.646,0.461,0.513,0.734,0.658,0.582,0.506,0.572,0.522,0.765,0.491,0.806,0.512,0.493,0.58,0.687,0.725,0.756,0.576,0.729,0.763,0.761,0.7,0.682,0.686,0.807,0.499,0.513,0.576,0.487,0.758,0.0,0.731,0.651,0.506,0.576,0.788,0.493,1.0,0.498,0.696,0.81,0.486,0.49,0.495,0.71,0.711,0.492,0.52
0.515,0.511,0.427,0.792,0.502,0.494,0.467,0.748,0.501,0.777,0.478,0.751,0.488,0.776,0.786,0.467,0.504,0.477,0.489,0.459,0.463,0.493,0.493,0.492,0.499,0.468,0.483,0.777,0.546,0.517,0.897,0.499,0.0,0.471,0.444,0.692,0.458,0.498,0.695,0.498,1.0,0.494,0.484,0.754,0.754,0.494,0.485,0.486,0.72,0.531
0.561,0.713,0.471,0.5,0.711,0.725,0.605,0.508,0.555,0.491,0.69,0.494,0.69,0.491,0.494,0.605,0.726,0.688,0.694,0.599,0.648,0.687,0.692,0.734,0.724,0.709,0.682,0.494,0.524,0.565,0.488,0.692,0.0,0.659,0.685,0.504,0.597,0.679,0.495,0.696,0.494,1.0,0.708,0.482,0.481,0.478,0.747,0.749,0.495,0.515
0.549,0.644,0.468,0.508,0.743,0.667,0.595,0.509,0.561,0.507,0.752,0.496,0.789,0.504,0.49,0.594,0.706,0.728,0.756,0.589,0.723,0.777,0.771,0.698,0.692,0.666,0.855,0.494,0.518,0.554,0.479,0.78,0.0,0.744,0.646,0.495,0.588,0.859,0.495,0.81,0.484,0.708,1.0,0.484,0.482,0.49,0.704,0.705,0.487,0.512
0.509,0.536,0.42,0.762,0.491,0.503,0.465,0.898,0.493,0.724,0.46,0.753,0.473,0.752,0.74,0.466,0.494,0.488,0.485,0.457,0.475,0.482,0.491,0.488,0.509,0.482,0.477,0.958,0.549,0.511,0.735,0.509,0.0,0.474,0.434,0.659,0.458,0.502,0.715,0.486,0.754,0.482,0.484,1.0,0.958,0.503,0.482,0.484,0.71,0.544
0.529,0.541,0.416,0.765,0.493,0.499,0.464,0.888,0.491,0.738,0.463,0.765,0.474,0.749,0.741,0.466,0.496,0.49,0.485,0.456,0.473,0.484,0.492,0.488,0.499,0.473,0.472,0.942,0.554,0.514,0.738,0.516,0.0,0.48,0.44,0.663,0.457,0.496,0.716,0.49,0.754,0.481,0.482,0.958,1.0,0.502,0.484,0.486,0.696,0.542
0.548,0.505,0.43,0.508,0.505,0.494,0.486,0.499,0.523,0.492,0.474,0.513,0.476,0.49,0.506,0.485,0.483,0.497,0.482,0.486,0.493,0.485,0.494,0.489,0.49,0.469,0.485,0.497,0.608,0.551,0.493,0.485,0.0,0.48,0.447,0.504,0.486,0.478,0.505,0.495,0.494,0.478,0.49,0.503,0.502,1.0,0.511,0.513,0.492,0.68
0.547,0.696,0.463,0.504,0.702,0.719,0.577,0.497,0.551,0.492,0.675,0.502,0.69,0.498,0.495,0.577,0.736,0.66,0.665,0.572,0.644,0.663,0.669,0.726,0.732,0.713,0.683,0.496,0.522,0.557,0.481,0.689,0.0,0.646,0.678,0.49,0.572,0.688,0.488,0.71,0.485,0.747,0.704,0.482,0.484,0.511,1.0,0.996,0.487,0.521
0.548,0.698,0.463,0.505,0.704,0.72,0.579,0.499,0.553,0.493,0.676,0.504,0.691,0.499,0.498,0.579,0.739,0.662,0.667,0.574,0.645,0.665,0.671,0.727,0.733,0.714,0.684,0.497,0.524,0.559,0.482,0.691,0.0,0.647,0.679,0.492,0.574,0.689,0.49,0.711,0.486,0.749,0.705,0.484,0.486,0.513,0.996,1.0,0.489,0.523
0.514,0.525,0.427,0.731,0.496,0.499,0.463,0.716,0.514,0.723,0.478,0.696,0.487,0.717,0.715,0.468,0.498,0.472,0.489,0.457,0.452,0.496,0.489,0.488,0.517,0.49,0.478,0.719,0.551,0.503,0.708,0.495,0.0,0.464,0.449,0.664,0.457,0.5,0.691,0.492,0.72,0.495,0.487,0.71,0.696,0.492,0.487,0.489,1.0,0.536
0.589,0.542,0.486,0.55,0.522,0.538,0.516,0.546,0.584,0.541,0.503,0.545,0.507,0.53,0.548,0.515,0.527,0.535,0.502,0.509,0.505,0.519,0.528,0.519,0.521,0.5,0.5,0.544,0.819,0.583,0.532,0.519,0.0,0.512,0.476,0.546,0.51,0.5,0.548,0.52,0.531,0.515,0.512,0.544,0.542,0.68,0.521,0.523,0.536,1.0
