GCF_000163235.1_ASM16323v1_genomic.fna,GCF_000164555.1_ASM16455v1_genomic.fna,GCF_000208545.1_ASM20854v2_genomic.fna,GCF_000233875.1_ASM23387v1_genomic.fna,GCF_000249735.1_ASM24973v2_genomic.fna,GCF_000261145.1_Esch_coli_M919_V2_genomic.fna,GCF_000267705.2_ASM26770v2_genomic.fna,GCF_000350665.1_Esch_coli_KTE5_V1_genomic.fna,GCF_000351625.1_Esch_coli_KTE66_V1_genomic.fna,GCF_000352285.1_Esch_coli_KTE46_V1_genomic.fna,GCF_000358895.1_ASM35889v1_genomic.fna,GCF_000456385.1_Esch_coli_HVH_26_4-5703913_V1_genomic.fna,GCF_000458195.1_Esch_coli_HVH_147_4-5893887_V1_genomic.fna,GCF_000459755.1_Esch_coli_KOEGE_58_171a_V1_genomic.fna,GCF_000460055.1_Esch_coli_UMEA_3053-1_V1_genomic.fna,GCF_000462165.2_ASM46216v2_genomic.fna,GCF_000601135.1_ASM60113v1_genomic.fna,GCF_000614595.1_Ec2010EL1058_genomic.fna,GCF_000617745.1_Ec2010C-4529_genomic.fna,GCF_000618265.2_EcF6751_genomic.fna,GCF_000619005.2_Ec2009C-4052_genomic.fna,GCF_000619105.1_Ec2009C-4780_genomic.fna,GCF_000619765.2_Ec2009C-3279_genomic.fna,GCF_000687005.1_ASM68700v1_genomic.fna,GCF_000687025.1_ASM68702v1_genomic.fna,GCF_000700125.1_ASM70012v1_genomic.fna,GCF_000753315.1_FHI35_genomic.fna,GCF_000776375.1_ASM77637v1_genomic.fna,GCF_000779395.1_ASM77939v1_genomic.fna,GCF_000780315.1_ASM78031v1_genomic.fna,GCF_000781995.1_ASM78199v1_genomic.fna,GCF_000986765.1_ASM98676v1_genomic.fna,GCF_001041375.1_ViralProj287958_genomic.fna,GCF_001265335.1_302014_genomic.fna,GCF_001265625.1_100854_genomic.fna,GCF_001267345.1_303289_genomic.fna,GCF_001309985.1_ASM130998v1_genomic.fna,GCF_001521695.1_ASM152169v1_genomic.fna,GCF_001592595.1_ASM159259v1_genomic.fna,GCF_001614975.1_ASM161497v1_genomic.fna,GCF_001692775.1_ASM169277v1_genomic.fna,GCF_001748915.1_ASM174891v1_genomic.fna,GCF_001749235.1_ASM174923v1_genomic.fna,GCF_001881155.1_ASM188115v1_genomic.fna,GCF_001881345.1_ASM188134v1_genomic.fna,GCF_001892405.1_ASM189240v1_genomic.fna,GCF_001892585.1_ASM189258v1_genomic.fna,GCF_001893985.1_ASM189398v1_genomic.fna,GCF_002001595.1_ASM200159v1_genomic.fna,GCF_002002145.1_ASM200214v1_genomic.fna
1.0,0.914,0.892,0.89,0.915,0.914,0.908,0.894,0.919,0.902,0.882,0.899,0.905,0.899,0.893,0.911,0.895,0.901,0.909,0.907,0.898,0.908,0.901,0.896,0.897,0.898,0.914,0.898,0.916,0.92,0.884,0.899,0.031,0.907,0.876,0.901,0.908,0.916,0.902,0.91,0.895,0.899,0.904,0.897,0.897,0.885,0.901,0.9,0.906,0.91
0.914,1.0,0.89,0.891,0.931,0.947,0.911,0.895,0.898,0.893,0.891,0.902,0.915,0.894,0.89,0.911,0.929,0.914,0.921,0.909,0.909,0.911,0.911,0.938,0.953,0.932,0.925,0.897,0.9,0.905,0.884,0.92,0.031,0.917,0.91,0.89,0.91,0.927,0.891,0.914,0.894,0.929,0.92,0.9,0.9,0.884,0.928,0.928,0.903,0.893
0.892,0.89,1.0,0.877,0.88,0.877,0.886,0.88,0.887,0.872,0.846,0.879,0.875,0.878,0.884,0.883,0.87,0.893,0.888,0.886,0.886,0.881,0.895,0.866,0.871,0.871,0.884,0.881,0.888,0.884,0.884,0.895,0.031,0.887,0.837,0.872,0.887,0.88,0.878,0.873,0.882,0.888,0.876,0.892,0.893,0.886,0.895,0.895,0.872,0.893
0.89,0.891,0.877,1.0,0.897,0.887,0.885,0.923,0.886,0.928,0.852,0.939,0.875,0.947,0.949,0.882,0.878,0.882,0.884,0.886,0.884,0.878,0.885,0.876,0.873,0.881,0.885,0.939,0.89,0.891,0.929,0.89,0.03,0.887,0.85,0.908,0.886,0.878,0.93,0.875,0.946,0.885,0.874,0.935,0.934,0.875,0.894,0.893,0.922,0.892
0.915,0.931,0.88,0.897,1.0,0.924,0.912,0.889,0.899,0.891,0.914,0.893,0.924,0.898,0.889,0.911,0.914,0.929,0.934,0.911,0.919,0.923,0.925,0.912,0.912,0.912,0.931,0.895,0.9,0.902,0.884,0.924,0.031,0.928,0.896,0.886,0.912,0.929,0.898,0.921,0.901,0.926,0.929,0.892,0.892,0.878,0.925,0.924,0.898,0.889
0.914,0.947,0.877,0.887,0.924,1.0,0.915,0.888,0.895,0.89,0.892,0.898,0.916,0.895,0.888,0.914,0.922,0.913,0.915,0.912,0.908,0.92,0.916,0.934,0.939,0.92,0.921,0.894,0.905,0.9,0.881,0.912,0.028,0.924,0.913,0.892,0.912,0.926,0.899,0.916,0.892,0.921,0.917,0.892,0.894,0.881,0.924,0.923,0.9,0.891
0.908,0.911,0.886,0.885,0.912,0.915,1.0,0.888,0.897,0.887,0.881,0.891,0.906,0.887,0.88,0.986,0.9,0.909,0.917,0.996,0.917,0.92,0.923,0.896,0.898,0.896,0.911,0.888,0.9,0.91,0.877,0.905,0.03,0.911,0.876,0.89,0.997,0.908,0.897,0.91,0.886,0.91,0.904,0.888,0.888,0.885,0.904,0.903,0.886,0.899
0.894,0.895,0.88,0.923,0.889,0.888,0.888,1.0,0.886,0.93,0.856,0.934,0.874,0.931,0.928,0.885,0.879,0.896,0.888,0.89,0.889,0.887,0.896,0.879,0.878,0.88,0.883,0.965,0.89,0.893,0.929,0.89,0.027,0.891,0.846,0.911,0.89,0.883,0.927,0.875,0.937,0.89,0.874,0.965,0.959,0.893,0.897,0.897,0.925,0.901
0.919,0.898,0.887,0.886,0.899,0.895,0.897,0.886,1.0,0.892,0.871,0.885,0.893,0.885,0.884,0.899,0.884,0.896,0.891,0.895,0.89,0.898,0.893,0.889,0.885,0.888,0.904,0.888,0.906,0.915,0.886,0.893,0.031,0.887,0.859,0.893,0.896,0.897,0.888,0.896,0.895,0.895,0.897,0.889,0.886,0.881,0.897,0.896,0.887,0.904
0.902,0.893,0.872,0.928,0.891,0.89,0.887,0.93,0.892,1.0,0.876,0.928,0.887,0.937,0.925,0.885,0.896,0.88,0.882,0.885,0.878,0.893,0.872,0.894,0.891,0.891,0.89,0.928,0.898,0.894,0.93,0.876,0.03,0.885,0.863,0.916,0.887,0.886,0.931,0.887,0.945,0.882,0.891,0.926,0.926,0.877,0.884,0.883,0.93,0.888
0.882,0.891,0.846,0.852,0.914,0.892,0.881,0.856,0.871,0.876,1.0,0.86,0.918,0.863,0.844,0.882,0.903,0.895,0.899,0.879,0.89,0.911,0.892,0.91,0.896,0.899,0.909,0.856,0.87,0.873,0.846,0.884,0.031,0.899,0.913,0.863,0.88,0.904,0.866,0.914,0.857,0.892,0.913,0.853,0.849,0.84,0.889,0.888,0.871,0.861
0.899,0.902,0.879,0.939,0.893,0.898,0.891,0.934,0.885,0.928,0.86,1.0,0.882,0.94,0.951,0.887,0.886,0.893,0.891,0.891,0.895,0.89,0.892,0.884,0.884,0.882,0.895,0.936,0.899,0.896,0.924,0.893,0.03,0.894,0.855,0.916,0.891,0.894,0.935,0.886,0.94,0.898,0.885,0.934,0.935,0.883,0.895,0.894,0.927,0.896
0.905,0.915,0.875,0.875,0.924,0.916,0.906,0.874,0.893,0.887,0.918,0.882,1.0,0.879,0.866,0.906,0.915,0.926,0.934,0.904,0.933,0.948,0.931,0.921,0.916,0.911,0.942,0.873,0.896,0.899,0.867,0.922,0.031,0.934,0.892,0.881,0.905,0.94,0.875,0.954,0.878,0.91,0.944,0.874,0.871,0.868,0.91,0.909,0.889,0.889
0.899,0.894,0.878,0.947,0.898,0.895,0.887,0.931,0.885,0.937,0.863,0.94,0.879,1.0,0.942,0.885,0.887,0.888,0.89,0.888,0.883,0.886,0.89,0.881,0.879,0.882,0.885,0.943,0.895,0.891,0.933,0.887,0.029,0.893,0.857,0.911,0.888,0.885,0.939,0.881,0.949,0.895,0.876,0.938,0.939,0.881,0.894,0.893,0.93,0.891
0.893,0.89,0.884,0.949,0.889,0.888,0.88,0.928,0.884,0.925,0.844,0.951,0.866,0.942,1.0,0.876,0.881,0.884,0.884,0.88,0.886,0.878,0.891,0.872,0.873,0.877,0.881,0.934,0.89,0.882,0.936,0.894,0.029,0.887,0.85,0.908,0.88,0.876,0.929,0.874,0.944,0.89,0.873,0.94,0.942,0.888,0.895,0.895,0.923,0.901
0.911,0.911,0.883,0.882,0.911,0.914,0.986,0.885,0.899,0.885,0.882,0.887,0.906,0.885,0.876,1.0,0.902,0.904,0.912,0.985,0.909,0.917,0.919,0.896,0.9,0.897,0.911,0.887,0.899,0.908,0.872,0.901,0.031,0.913,0.874,0.888,0.987,0.908,0.892,0.909,0.884,0.908,0.903,0.885,0.887,0.879,0.902,0.901,0.887,0.899
0.895,0.929,0.87,0.878,0.914,0.922,0.9,0.879,0.884,0.896,0.903,0.886,0.915,0.887,0.881,0.902,1.0,0.901,0.904,0.896,0.896,0.91,0.899,0.931,0.93,0.945,0.915,0.881,0.892,0.885,0.871,0.91,0.032,0.908,0.909,0.89,0.898,0.911,0.892,0.921,0.882,0.911,0.922,0.882,0.882,0.873,0.92,0.919,0.895,0.889
0.901,0.914,0.893,0.882,0.929,0.913,0.909,0.896,0.896,0.88,0.895,0.893,0.926,0.888,0.884,0.904,0.901,1.0,0.951,0.909,0.943,0.929,0.943,0.898,0.903,0.902,0.933,0.891,0.895,0.903,0.883,0.931,0.032,0.93,0.874,0.893,0.908,0.923,0.896,0.925,0.89,0.925,0.925,0.892,0.89,0.886,0.922,0.921,0.885,0.894
0.909,0.921,0.888,0.884,0.934,0.915,0.917,0.888,0.891,0.882,0.899,0.891,0.934,0.89,0.884,0.912,0.904,0.951,1.0,0.918,0.944,0.938,0.941,0.906,0.905,0.91,0.937,0.883,0.891,0.9,0.872,0.929,0.031,0.932,0.883,0.885,0.917,0.924,0.891,0.93,0.883,0.928,0.928,0.883,0.881,0.882,0.917,0.916,0.889,0.897
0.907,0.909,0.886,0.886,0.911,0.912,0.996,0.89,0.895,0.885,0.879,0.891,0.904,0.888,0.88,0.985,0.896,0.909,0.918,1.0,0.918,0.918,0.924,0.895,0.896,0.895,0.909,0.89,0.897,0.908,0.877,0.906,0.03,0.913,0.873,0.888,0.997,0.906,0.899,0.907,0.887,0.91,0.901,0.89,0.89,0.885,0.905,0.904,0.884,0.9
0.898,0.909,0.886,0.884,0.919,0.908,0.917,0.889,0.89,0.878,0.89,0.895,0.933,0.883,0.886,0.909,0.896,0.943,0.944,0.918,1.0,0.936,0.947,0.899,0.901,0.902,0.935,0.88,0.889,0.898,0.875,0.934,0.031,0.935,0.875,0.886,0.918,0.924,0.892,0.929,0.885,0.917,0.923,0.883,0.882,0.883,0.917,0.916,0.887,0.895
0.908,0.911,0.881,0.878,0.923,0.92,0.92,0.887,0.898,0.893,0.911,0.89,0.948,0.886,0.878,0.917,0.91,0.929,0.938,0.918,0.936,1.0,0.963,0.908,0.914,0.909,0.935,0.881,0.896,0.905,0.871,0.921,0.029,0.953,0.888,0.891,0.919,0.936,0.887,0.945,0.884,0.912,0.938,0.882,0.882,0.871,0.904,0.903,0.894,0.896
0.901,0.911,0.895,0.885,0.925,0.916,0.923,0.896,0.893,0.872,0.892,0.892,0.931,0.89,0.891,0.919,0.899,0.943,0.941,0.924,0.947,0.963,1.0,0.897,0.904,0.9,0.932,0.888,0.889,0.902,0.885,0.941,0.03,0.953,0.875,0.885,0.923,0.925,0.888,0.931,0.887,0.916,0.924,0.896,0.895,0.886,0.914,0.914,0.883,0.899
0.896,0.938,0.866,0.876,0.912,0.934,0.896,0.879,0.889,0.894,0.91,0.884,0.921,0.881,0.872,0.896,0.931,0.898,0.906,0.895,0.899,0.908,0.897,1.0,0.948,0.933,0.92,0.879,0.893,0.895,0.873,0.908,0.029,0.903,0.933,0.879,0.895,0.917,0.882,0.921,0.881,0.919,0.923,0.88,0.878,0.865,0.916,0.915,0.885,0.887
0.897,0.953,0.871,0.873,0.912,0.939,0.898,0.878,0.885,0.891,0.896,0.884,0.916,0.879,0.873,0.9,0.93,0.903,0.905,0.896,0.901,0.914,0.904,0.948,1.0,0.939,0.915,0.879,0.893,0.889,0.869,0.906,0.029,0.907,0.921,0.878,0.897,0.922,0.881,0.918,0.88,0.921,0.924,0.883,0.883,0.863,0.918,0.917,0.89,0.887
0.898,0.932,0.871,0.881,0.912,0.92,0.896,0.88,0.888,0.891,0.899,0.882,0.911,0.882,0.877,0.897,0.945,0.902,0.91,0.895,0.902,0.909,0.9,0.933,0.939,1.0,0.913,0.879,0.89,0.888,0.865,0.903,0.029,0.904,0.91,0.882,0.896,0.916,0.885,0.92,0.879,0.919,0.92,0.881,0.881,0.873,0.916,0.915,0.886,0.885
0.914,0.925,0.884,0.885,0.931,0.921,0.911,0.883,0.904,0.89,0.909,0.895,0.942,0.885,0.881,0.911,0.915,0.933,0.937,0.909,0.935,0.935,0.932,0.92,0.915,0.913,1.0,0.884,0.911,0.908,0.874,0.933,0.032,0.928,0.891,0.893,0.91,0.955,0.89,0.946,0.887,0.92,0.952,0.885,0.883,0.875,0.913,0.912,0.896,0.903
0.898,0.897,0.881,0.939,0.895,0.894,0.888,0.965,0.888,0.928,0.856,0.936,0.873,0.943,0.934,0.887,0.881,0.891,0.883,0.89,0.88,0.881,0.888,0.879,0.879,0.879,0.884,1.0,0.893,0.894,0.933,0.89,0.028,0.888,0.85,0.909,0.89,0.884,0.923,0.875,0.949,0.893,0.874,0.988,0.982,0.883,0.899,0.898,0.929,0.894
0.916,0.9,0.888,0.89,0.9,0.905,0.9,0.89,0.906,0.898,0.87,0.899,0.896,0.895,0.89,0.899,0.892,0.895,0.891,0.897,0.889,0.896,0.889,0.893,0.893,0.89,0.911,0.893,1.0,0.909,0.881,0.892,0.029,0.895,0.874,0.894,0.898,0.906,0.9,0.9,0.899,0.897,0.899,0.889,0.892,0.896,0.893,0.892,0.896,0.943
0.92,0.905,0.884,0.891,0.902,0.9,0.91,0.893,0.915,0.894,0.873,0.896,0.899,0.891,0.882,0.908,0.885,0.903,0.9,0.908,0.898,0.905,0.902,0.895,0.889,0.888,0.908,0.894,0.909,1.0,0.884,0.897,0.031,0.895,0.867,0.887,0.91,0.898,0.89,0.902,0.896,0.901,0.9,0.892,0.891,0.889,0.899,0.898,0.891,0.905
0.884,0.884,0.884,0.929,0.884,0.881,0.877,0.929,0.886,0.93,0.846,0.924,0.867,0.933,0.936,0.872,0.871,0.883,0.872,0.877,0.875,0.871,0.885,0.873,0.869,0.865,0.874,0.933,0.881,0.884,1.0,0.885,0.028,0.883,0.845,0.904,0.877,0.865,0.922,0.86,0.963,0.885,0.862,0.938,0.936,0.885,0.888,0.888,0.919,0.886
0.899,0.92,0.895,0.89,0.924,0.912,0.905,0.89,0.893,0.876,0.884,0.893,0.922,0.887,0.894,0.901,0.91,0.931,0.929,0.906,0.934,0.921,0.941,0.908,0.906,0.903,0.933,0.89,0.892,0.897,0.885,1.0,0.03,0.928,0.874,0.882,0.905,0.933,0.887,0.934,0.889,0.922,0.928,0.898,0.896,0.893,0.927,0.927,0.888,0.9
0.031,0.031,0.031,0.03,0.031,0.028,0.03,0.027,0.031,0.03,0.031,0.03,0.031,0.029,0.029,0.031,0.032,0.032,0.031,0.03,0.031,0.029,0.03,0.029,0.029,0.029,0.032,0.028,0.029,0.031,0.028,0.03,1.0,0.03,0.028,0.03,0.03,0.032,0.032,0.031,0.029,0.032,0.033,0.03,0.028,0.03,0.029,0.029,0.03,0.029
0.907,0.917,0.887,0.887,0.928,0.924,0.911,0.891,0.887,0.885,0.899,0.894,0.934,0.893,0.887,0.913,0.908,0.93,0.932,0.913,0.935,0.953,0.953,0.903,0.907,0.904,0.928,0.888,0.895,0.895,0.883,0.928,0.03,1.0,0.88,0.894,0.912,0.924,0.9,0.928,0.892,0.915,0.928,0.887,0.89,0.881,0.913,0.912,0.895,0.902
0.876,0.91,0.837,0.85,0.896,0.913,0.876,0.846,0.859,0.863,0.913,0.855,0.892,0.857,0.85,0.874,0.909,0.874,0.883,0.873,0.875,0.888,0.875,0.933,0.921,0.91,0.891,0.85,0.874,0.867,0.845,0.874,0.028,0.88,1.0,0.853,0.874,0.891,0.858,0.895,0.853,0.889,0.898,0.849,0.851,0.841,0.885,0.884,0.86,0.857
0.901,0.89,0.872,0.908,0.886,0.892,0.89,0.911,0.893,0.916,0.863,0.916,0.881,0.911,0.908,0.888,0.89,0.893,0.885,0.888,0.886,0.891,0.885,0.879,0.878,0.882,0.893,0.909,0.894,0.887,0.904,0.882,0.03,0.894,0.853,1.0,0.889,0.885,0.933,0.88,0.917,0.884,0.882,0.908,0.909,0.88,0.883,0.882,0.913,0.897
0.908,0.91,0.887,0.886,0.912,0.912,0.997,0.89,0.896,0.887,0.88,0.891,0.905,0.888,0.88,0.987,0.898,0.908,0.917,0.997,0.918,0.919,0.923,0.895,0.897,0.896,0.91,0.89,0.898,0.91,0.877,0.905,0.03,0.912,0.874,0.889,1.0,0.908,0.898,0.909,0.887,0.909,0.903,0.89,0.89,0.886,0.904,0.903,0.885,0.899
0.916,0.927,0.88,0.878,0.929,0.926,0.908,0.883,0.897,0.886,0.904,0.894,0.94,0.885,0.876,0.908,0.911,0.923,0.924,0.906,0.924,0.936,0.925,0.917,0.922,0.916,0.955,0.884,0.906,0.898,0.865,0.933,0.032,0.924,0.891,0.885,0.908,1.0,0.885,0.943,0.878,0.921,0.956,0.884,0.881,0.877,0.912,0.911,0.895,0.894
0.902,0.891,0.878,0.93,0.898,0.899,0.897,0.927,0.888,0.931,0.866,0.935,0.875,0.939,0.929,0.892,0.892,0.896,0.891,0.899,0.892,0.887,0.888,0.882,0.881,0.885,0.89,0.923,0.9,0.89,0.922,0.887,0.032,0.9,0.858,0.933,0.898,0.885,1.0,0.882,0.937,0.893,0.882,0.921,0.924,0.89,0.896,0.895,0.929,0.9
0.91,0.914,0.873,0.875,0.921,0.916,0.91,0.875,0.896,0.887,0.914,0.886,0.954,0.881,0.874,0.909,0.921,0.925,0.93,0.907,0.929,0.945,0.931,0.921,0.918,0.92,0.946,0.875,0.9,0.902,0.86,0.934,0.031,0.928,0.895,0.88,0.909,0.943,0.882,1.0,0.874,0.908,0.949,0.876,0.876,0.871,0.911,0.91,0.885,0.897
0.895,0.894,0.882,0.946,0.901,0.892,0.886,0.937,0.895,0.945,0.857,0.94,0.878,0.949,0.944,0.884,0.882,0.89,0.883,0.887,0.885,0.884,0.887,0.881,0.88,0.879,0.887,0.949,0.899,0.896,0.963,0.889,0.029,0.892,0.853,0.917,0.887,0.878,0.937,0.874,1.0,0.89,0.876,0.946,0.946,0.88,0.894,0.893,0.933,0.9
0.899,0.929,0.888,0.885,0.926,0.921,0.91,0.89,0.895,0.882,0.892,0.898,0.91,0.895,0.89,0.908,0.911,0.925,0.928,0.91,0.917,0.912,0.916,0.919,0.921,0.919,0.92,0.893,0.897,0.901,0.885,0.922,0.032,0.915,0.889,0.884,0.909,0.921,0.893,0.908,0.89,1.0,0.916,0.894,0.888,0.881,0.936,0.935,0.889,0.899
0.904,0.92,0.876,0.874,0.929,0.917,0.904,0.874,0.897,0.891,0.913,0.885,0.944,0.876,0.873,0.903,0.922,0.925,0.928,0.901,0.923,0.938,0.924,0.923,0.924,0.92,0.952,0.874,0.899,0.9,0.862,0.928,0.033,0.928,0.898,0.882,0.903,0.956,0.882,0.949,0.876,0.916,1.0,0.872,0.872,0.87,0.903,0.902,0.888,0.888
0.897,0.9,0.892,0.935,0.892,0.892,0.888,0.965,0.889,0.926,0.853,0.934,0.874,0.938,0.94,0.885,0.882,0.892,0.883,0.89,0.883,0.882,0.896,0.88,0.883,0.881,0.885,0.988,0.889,0.892,0.938,0.898,0.03,0.887,0.849,0.908,0.89,0.884,0.921,0.876,0.946,0.894,0.872,1.0,0.989,0.891,0.904,0.904,0.928,0.894
0.897,0.9,0.893,0.934,0.892,0.894,0.888,0.959,0.886,0.926,0.849,0.935,0.871,0.939,0.942,0.887,0.882,0.89,0.881,0.89,0.882,0.882,0.895,0.878,0.883,0.881,0.883,0.982,0.892,0.891,0.936,0.896,0.028,0.89,0.851,0.909,0.89,0.881,0.924,0.876,0.946,0.888,0.872,0.989,1.0,0.89,0.899,0.899,0.926,0.895
0.885,0.884,0.886,0.875,0.878,0.881,0.885,0.893,0.881,0.877,0.84,0.883,0.868,0.881,0.888,0.879,0.873,0.886,0.882,0.885,0.883,0.871,0.886,0.865,0.863,0.873,0.875,0.883,0.896,0.889,0.885,0.893,0.03,0.881,0.841,0.88,0.886,0.877,0.89,0.871,0.88,0.881,0.87,0.891,0.89,1.0,0.889,0.889,0.879,0.915
0.901,0.928,0.895,0.894,0.925,0.924,0.904,0.897,0.897,0.884,0.889,0.895,0.91,0.894,0.895,0.902,0.92,0.922,0.917,0.905,0.917,0.904,0.914,0.916,0.918,0.916,0.913,0.899,0.893,0.899,0.888,0.927,0.029,0.913,0.885,0.883,0.904,0.912,0.896,0.911,0.894,0.936,0.903,0.904,0.899,0.889,1.0,0.999,0.889,0.905
0.9,0.928,0.895,0.893,0.924,0.923,0.903,0.897,0.896,0.883,0.888,0.894,0.909,0.893,0.895,0.901,0.919,0.921,0.916,0.904,0.916,0.903,0.914,0.915,0.917,0.915,0.912,0.898,0.892,0.898,0.888,0.927,0.029,0.912,0.884,0.882,0.903,0.911,0.895,0.91,0.893,0.935,0.902,0.904,0.899,0.889,0.999,1.0,0.888,0.904
0.906,0.903,0.872,0.922,0.898,0.9,0.886,0.925,0.887,0.93,0.871,0.927,0.889,0.93,0.923,0.887,0.895,0.885,0.889,0.884,0.887,0.894,0.883,0.885,0.89,0.886,0.896,0.929,0.896,0.891,0.919,0.888,0.03,0.895,0.86,0.913,0.885,0.895,0.929,0.885,0.933,0.889,0.888,0.928,0.926,0.879,0.889,0.888,1.0,0.889
0.91,0.893,0.893,0.892,0.889,0.891,0.899,0.901,0.904,0.888,0.861,0.896,0.889,0.891,0.901,0.899,0.889,0.894,0.897,0.9,0.895,0.896,0.899,0.887,0.887,0.885,0.903,0.894,0.943,0.905,0.886,0.9,0.029,0.902,0.857,0.897,0.899,0.894,0.9,0.897,0.9,0.899,0.888,0.894,0.895,0.915,0.905,0.904,0.889,1.0
