GCF_000163235.1_ASM16323v1_genomic.fna,GCF_000164555.1_ASM16455v1_genomic.fna,GCF_000208545.1_ASM20854v2_genomic.fna,GCF_000233875.1_ASM23387v1_genomic.fna,GCF_000249735.1_ASM24973v2_genomic.fna,GCF_000261145.1_Esch_coli_M919_V2_genomic.fna,GCF_000267705.2_ASM26770v2_genomic.fna,GCF_000350665.1_Esch_coli_KTE5_V1_genomic.fna,GCF_000351625.1_Esch_coli_KTE66_V1_genomic.fna,GCF_000352285.1_Esch_coli_KTE46_V1_genomic.fna,GCF_000358895.1_ASM35889v1_genomic.fna,GCF_000456385.1_Esch_coli_HVH_26_4-5703913_V1_genomic.fna,GCF_000458195.1_Esch_coli_HVH_147_4-5893887_V1_genomic.fna,GCF_000459755.1_Esch_coli_KOEGE_58_171a_V1_genomic.fna,GCF_000460055.1_Esch_coli_UMEA_3053-1_V1_genomic.fna,GCF_000462165.2_ASM46216v2_genomic.fna,GCF_000601135.1_ASM60113v1_genomic.fna,GCF_000614595.1_Ec2010EL1058_genomic.fna,GCF_000617745.1_Ec2010C-4529_genomic.fna,GCF_000618265.2_EcF6751_genomic.fna,GCF_000619005.2_Ec2009C-4052_genomic.fna,GCF_000619105.1_Ec2009C-4780_genomic.fna,GCF_000619765.2_Ec2009C-3279_genomic.fna,GCF_000687005.1_ASM68700v1_genomic.fna,GCF_000687025.1_ASM68702v1_genomic.fna,GCF_000700125.1_ASM70012v1_genomic.fna,GCF_000753315.1_FHI35_genomic.fna,GCF_000776375.1_ASM77637v1_genomic.fna,GCF_000779395.1_ASM77939v1_genomic.fna,GCF_000780315.1_ASM78031v1_genomic.fna,GCF_000781995.1_ASM78199v1_genomic.fna,GCF_000986765.1_ASM98676v1_genomic.fna,GCF_001041375.1_ViralProj287958_genomic.fna,GCF_001265335.1_302014_genomic.fna,GCF_001265625.1_100854_genomic.fna,GCF_001267345.1_303289_genomic.fna,GCF_001309985.1_ASM130998v1_genomic.fna,GCF_001521695.1_ASM152169v1_genomic.fna,GCF_001592595.1_ASM159259v1_genomic.fna,GCF_001614975.1_ASM161497v1_genomic.fna,GCF_001692775.1_ASM169277v1_genomic.fna,GCF_001748915.1_ASM174891v1_genomic.fna,GCF_001749235.1_ASM174923v1_genomic.fna,GCF_001881155.1_ASM188115v1_genomic.fna,GCF_001881345.1_ASM188134v1_genomic.fna,GCF_001892405.1_ASM189240v1_genomic.fna,GCF_001892585.1_ASM189258v1_genomic.fna,GCF_001893985.1_ASM189398v1_genomic.fna,GCF_002001595.1_ASM200159v1_genomic.fna,GCF_002002145.1_ASM200214v1_genomic.fna
1.0,0.582,0.489,0.514,0.578,0.566,0.559,0.513,0.654,0.516,0.557,0.528,0.573,0.512,0.5,0.56,0.555,0.559,0.558,0.55,0.538,0.573,0.573,0.58,0.55,0.543,0.559,0.507,0.588,0.643,0.497,0.561,0.0,0.562,0.545,0.505,0.556,0.569,0.511,0.571,0.51,0.555,0.573,0.508,0.521,0.526,0.561,0.561,0.512,0.588
0.582,1.0,0.449,0.506,0.698,0.818,0.613,0.5,0.549,0.488,0.662,0.508,0.674,0.496,0.484,0.61,0.735,0.669,0.675,0.607,0.643,0.67,0.667,0.815,0.82,0.733,0.678,0.493,0.537,0.544,0.489,0.677,0.0,0.661,0.777,0.483,0.61,0.698,0.495,0.683,0.497,0.729,0.686,0.511,0.504,0.478,0.735,0.736,0.501,0.542
0.489,0.449,1.0,0.428,0.453,0.449,0.43,0.404,0.468,0.415,0.457,0.422,0.464,0.426,0.408,0.445,0.45,0.433,0.456,0.423,0.421,0.446,0.434,0.456,0.446,0.438,0.436,0.418,0.466,0.481,0.395,0.439,0.0,0.439,0.425,0.415,0.429,0.428,0.412,0.444,0.404,0.429,0.454,0.41,0.403,0.409,0.453,0.453,0.432,0.474
0.514,0.506,0.428,1.0,0.506,0.509,0.475,0.757,0.502,0.764,0.502,0.784,0.495,0.804,0.819,0.485,0.499,0.476,0.506,0.468,0.466,0.485,0.487,0.502,0.498,0.492,0.486,0.806,0.546,0.497,0.763,0.492,0.0,0.477,0.473,0.684,0.474,0.478,0.728,0.489,0.785,0.478,0.489,0.784,0.783,0.501,0.497,0.497,0.738,0.548
0.578,0.698,0.453,0.506,1.0,0.691,0.62,0.508,0.565,0.501,0.796,0.51,0.759,0.508,0.507,0.62,0.684,0.714,0.726,0.612,0.717,0.751,0.742,0.687,0.667,0.67,0.75,0.499,0.569,0.571,0.511,0.744,0.0,0.732,0.654,0.5,0.619,0.752,0.506,0.759,0.521,0.702,0.769,0.5,0.503,0.489,0.712,0.712,0.497,0.556
0.566,0.818,0.449,0.509,0.691,1.0,0.619,0.5,0.543,0.495,0.68,0.503,0.688,0.508,0.492,0.624,0.74,0.668,0.689,0.611,0.645,0.667,0.663,0.82,0.825,0.736,0.664,0.504,0.542,0.546,0.489,0.672,0.0,0.662,0.789,0.51,0.615,0.674,0.526,0.689,0.498,0.731,0.684,0.492,0.495,0.469,0.747,0.748,0.503,0.541
0.559,0.613,0.43,0.475,0.62,0.619,1.0,0.468,0.56,0.454,0.595,0.472,0.603,0.469,0.465,0.955,0.602,0.662,0.652,0.983,0.654,0.639,0.641,0.623,0.601,0.585,0.615,0.463,0.524,0.551,0.47,0.621,0.0,0.61,0.589,0.486,0.99,0.595,0.48,0.617,0.471,0.61,0.622,0.469,0.474,0.472,0.6,0.599,0.463,0.542
0.513,0.5,0.404,0.757,0.508,0.5,0.468,1.0,0.5,0.738,0.484,0.758,0.486,0.746,0.756,0.471,0.476,0.475,0.498,0.462,0.457,0.486,0.478,0.501,0.477,0.469,0.495,0.904,0.553,0.49,0.742,0.487,0.0,0.481,0.457,0.659,0.466,0.507,0.717,0.5,0.746,0.477,0.491,0.905,0.897,0.499,0.478,0.477,0.701,0.545
0.654,0.549,0.468,0.502,0.565,0.543,0.56,0.5,1.0,0.495,0.551,0.498,0.555,0.503,0.494,0.557,0.541,0.556,0.547,0.559,0.536,0.561,0.562,0.549,0.526,0.523,0.564,0.491,0.579,0.669,0.499,0.558,0.0,0.556,0.519,0.502,0.559,0.555,0.503,0.561,0.503,0.546,0.572,0.493,0.496,0.535,0.539,0.539,0.502,0.596
0.516,0.488,0.415,0.764,0.501,0.495,0.454,0.738,0.495,1.0,0.52,0.742,0.508,0.757,0.749,0.463,0.488,0.464,0.493,0.448,0.45,0.477,0.467,0.501,0.489,0.477,0.482,0.763,0.545,0.49,0.756,0.472,0.0,0.466,0.482,0.672,0.453,0.481,0.717,0.486,0.765,0.463,0.484,0.734,0.745,0.489,0.488,0.488,0.719,0.534
0.557,0.662,0.457,0.502,0.796,0.68,0.595,0.484,0.551,0.52,1.0,0.497,0.802,0.512,0.489,0.607,0.685,0.71,0.736,0.586,0.696,0.744,0.724,0.715,0.686,0.682,0.724,0.499,0.531,0.554,0.483,0.713,0.0,0.715,0.71,0.503,0.594,0.718,0.498,0.745,0.489,0.679,0.759,0.476,0.478,0.46,0.691,0.692,0.493,0.537
0.528,0.508,0.422,0.784,0.51,0.503,0.472,0.758,0.498,0.742,0.497,1.0,0.492,0.778,0.875,0.48,0.484,0.474,0.496,0.465,0.469,0.489,0.492,0.507,0.49,0.476,0.483,0.774,0.548,0.504,0.742,0.483,0.0,0.481,0.466,0.67,0.468,0.487,0.735,0.493,0.765,0.469,0.495,0.767,0.771,0.494,0.486,0.486,0.705,0.543
0.573,0.674,0.464,0.495,0.759,0.688,0.603,0.486,0.555,0.508,0.802,0.492,1.0,0.505,0.486,0.613,0.688,0.745,0.782,0.593,0.744,0.802,0.786,0.718,0.684,0.689,0.779,0.495,0.547,0.561,0.48,0.75,0.0,0.778,0.683,0.504,0.601,0.763,0.502,0.801,0.483,0.679,0.792,0.474,0.475,0.473,0.709,0.71,0.492,0.552
0.512,0.496,0.426,0.804,0.508,0.508,0.469,0.746,0.503,0.757,0.512,0.778,0.505,1.0,0.809,0.48,0.503,0.485,0.513,0.464,0.463,0.489,0.489,0.502,0.502,0.493,0.493,0.793,0.553,0.496,0.758,0.496,0.0,0.48,0.475,0.689,0.469,0.483,0.721,0.492,0.779,0.474,0.494,0.769,0.77,0.495,0.496,0.496,0.727,0.544
0.5,0.484,0.408,0.819,0.507,0.492,0.465,0.756,0.494,0.749,0.489,0.875,0.486,0.809,1.0,0.476,0.477,0.468,0.49,0.46,0.458,0.488,0.483,0.482,0.473,0.469,0.483,0.781,0.541,0.488,0.768,0.477,0.0,0.481,0.457,0.67,0.464,0.474,0.733,0.486,0.789,0.462,0.484,0.77,0.772,0.487,0.487,0.487,0.713,0.537
0.56,0.61,0.445,0.485,0.62,0.624,0.955,0.471,0.557,0.463,0.607,0.48,0.613,0.48,0.476,1.0,0.607,0.648,0.661,0.948,0.633,0.633,0.631,0.628,0.606,0.589,0.609,0.476,0.526,0.557,0.47,0.603,0.0,0.604,0.595,0.495,0.956,0.588,0.491,0.62,0.471,0.605,0.619,0.469,0.474,0.471,0.614,0.613,0.473,0.538
0.555,0.735,0.45,0.499,0.684,0.74,0.602,0.476,0.541,0.488,0.685,0.484,0.688,0.503,0.477,0.607,1.0,0.649,0.679,0.592,0.634,0.67,0.654,0.783,0.756,0.793,0.649,0.488,0.515,0.54,0.462,0.675,0.0,0.652,0.72,0.509,0.597,0.646,0.495,0.676,0.474,0.697,0.675,0.474,0.482,0.452,0.735,0.735,0.489,0.515
0.559,0.669,0.433,0.476,0.714,0.668,0.662,0.475,0.556,0.464,0.71,0.474,0.745,0.485,0.468,0.648,0.649,1.0,0.791,0.657,0.772,0.786,0.772,0.669,0.641,0.644,0.757,0.467,0.536,0.544,0.477,0.739,0.0,0.742,0.637,0.498,0.659,0.721,0.486,0.741,0.478,0.671,0.75,0.47,0.475,0.468,0.669,0.67,0.465,0.549
0.558,0.675,0.456,0.506,0.726,0.689,0.652,0.498,0.547,0.493,0.736,0.496,0.782,0.513,0.49,0.661,0.679,0.791,1.0,0.647,0.765,0.791,0.773,0.694,0.663,0.666,0.76,0.502,0.537,0.553,0.487,0.747,0.0,0.739,0.664,0.513,0.649,0.736,0.504,0.763,0.492,0.683,0.778,0.486,0.488,0.469,0.695,0.696,0.497,0.542
0.55,0.607,0.423,0.468,0.612,0.611,0.983,0.462,0.559,0.448,0.586,0.465,0.593,0.464,0.46,0.948,0.592,0.657,0.647,1.0,0.653,0.631,0.641,0.614,0.596,0.574,0.611,0.457,0.518,0.546,0.464,0.618,0.0,0.608,0.582,0.478,0.987,0.592,0.474,0.607,0.465,0.6,0.612,0.464,0.469,0.471,0.591,0.59,0.457,0.536
0.538,0.643,0.421,0.466,0.717,0.645,0.654,0.457,0.536,0.45,0.696,0.469,0.744,0.463,0.458,0.633,0.634,0.772,0.765,0.653,1.0,0.785,0.799,0.647,0.626,0.634,0.754,0.458,0.51,0.525,0.468,0.756,0.0,0.768,0.617,0.479,0.651,0.74,0.479,0.746,0.473,0.65,0.755,0.462,0.465,0.471,0.664,0.666,0.457,0.526
0.573,0.67,0.446,0.485,0.751,0.667,0.639,0.486,0.561,0.477,0.744,0.489,0.802,0.489,0.488,0.633,0.67,0.786,0.791,0.631,0.785,1.0,0.925,0.67,0.65,0.655,0.775,0.479,0.548,0.551,0.486,0.767,0.0,0.878,0.641,0.497,0.639,0.75,0.491,0.786,0.491,0.679,0.787,0.481,0.482,0.473,0.678,0.679,0.484,0.553
0.573,0.667,0.434,0.487,0.742,0.663,0.641,0.478,0.562,0.467,0.724,0.492,0.786,0.489,0.483,0.631,0.654,0.772,0.773,0.641,0.799,0.925,1.0,0.664,0.648,0.644,0.778,0.472,0.546,0.54,0.483,0.771,0.0,0.871,0.628,0.487,0.638,0.766,0.485,0.767,0.492,0.661,0.774,0.476,0.48,0.482,0.663,0.664,0.476,0.55
0.58,0.815,0.456,0.502,0.687,0.82,0.623,0.501,0.549,0.501,0.715,0.507,0.718,0.502,0.482,0.628,0.783,0.669,0.694,0.614,0.647,0.67,0.664,1.0,0.854,0.773,0.668,0.497,0.533,0.55,0.475,0.669,0.0,0.657,0.826,0.513,0.619,0.665,0.497,0.686,0.482,0.74,0.686,0.482,0.49,0.462,0.741,0.742,0.492,0.532
0.55,0.82,0.446,0.498,0.667,0.825,0.601,0.477,0.526,0.489,0.686,0.49,0.684,0.502,0.473,0.606,0.756,0.641,0.663,0.596,0.626,0.65,0.648,0.854,1.0,0.774,0.646,0.487,0.524,0.528,0.467,0.66,0.0,0.631,0.817,0.491,0.601,0.65,0.49,0.66,0.477,0.717,0.665,0.482,0.475,0.461,0.721,0.72,0.496,0.519
0.543,0.733,0.438,0.492,0.67,0.736,0.585,0.469,0.523,0.477,0.682,0.476,0.689,0.493,0.469,0.589,0.793,0.644,0.666,0.574,0.634,0.655,0.644,0.773,0.774,1.0,0.638,0.478,0.508,0.531,0.462,0.648,0.0,0.632,0.723,0.49,0.581,0.635,0.481,0.667,0.466,0.705,0.658,0.473,0.466,0.454,0.73,0.731,0.482,0.511
0.559,0.678,0.436,0.486,0.75,0.664,0.615,0.495,0.564,0.482,0.724,0.483,0.779,0.493,0.483,0.609,0.649,0.757,0.76,0.611,0.754,0.775,0.778,0.668,0.646,0.638,1.0,0.475,0.551,0.548,0.49,0.777,0.0,0.762,0.635,0.482,0.614,0.834,0.483,0.779,0.5,0.677,0.851,0.487,0.483,0.48,0.674,0.676,0.484,0.554
0.507,0.493,0.418,0.806,0.499,0.504,0.463,0.904,0.491,0.763,0.499,0.774,0.495,0.793,0.781,0.476,0.488,0.467,0.502,0.457,0.458,0.479,0.472,0.497,0.487,0.478,0.475,1.0,0.547,0.49,0.74,0.487,0.0,0.468,0.464,0.683,0.463,0.491,0.721,0.491,0.759,0.466,0.488,0.963,0.945,0.495,0.488,0.488,0.725,0.537
0.588,0.537,0.466,0.546,0.569,0.542,0.524,0.553,0.579,0.545,0.531,0.548,0.547,0.553,0.541,0.526,0.515,0.536,0.537,0.518,0.51,0.548,0.546,0.533,0.524,0.508,0.551,0.547,1.0,0.578,0.556,0.542,0.0,0.544,0.507,0.529,0.523,0.552,0.548,0.539,0.559,0.523,0.549,0.547,0.552,0.62,0.524,0.524,0.536,0.851
0.643,0.544,0.481,0.497,0.571,0.546,0.551,0.49,0.669,0.49,0.554,0.504,0.561,0.496,0.488,0.557,0.54,0.544,0.553,0.546,0.525,0.551,0.54,0.55,0.528,0.531,0.548,0.49,0.578,1.0,0.491,0.541,0.0,0.538,0.522,0.503,0.55,0.542,0.51,0.572,0.498,0.547,0.567,0.488,0.487,0.537,0.554,0.555,0.495,0.59
0.497,0.489,0.395,0.763,0.511,0.489,0.47,0.742,0.499,0.756,0.483,0.742,0.48,0.758,0.768,0.47,0.462,0.477,0.487,0.464,0.468,0.486,0.483,0.475,0.467,0.462,0.49,0.74,0.556,0.491,1.0,0.487,0.0,0.478,0.451,0.665,0.469,0.477,0.705,0.487,0.898,0.477,0.488,0.744,0.745,0.489,0.472,0.472,0.699,0.546
0.561,0.677,0.439,0.492,0.744,0.672,0.621,0.487,0.558,0.472,0.713,0.483,0.75,0.496,0.477,0.603,0.675,0.739,0.747,0.618,0.756,0.767,0.771,0.669,0.66,0.648,0.777,0.487,0.542,0.541,0.487,1.0,0.0,0.761,0.626,0.488,0.619,0.782,0.494,0.765,0.487,0.681,0.794,0.49,0.493,0.472,0.675,0.677,0.475,0.543
0.0,0.0,0.0,0.0,0.0,0.0,0.0,0.0,0.0,0.0,0.0,0.0,0.0,0.0,0.0,0.0,0.0,0.0,0.0,0.0,0.0,0.0,0.0,0.0,0.0,0.0,0.0,0.0,0.0,0.0,0.0,0.0,1.0,0.0,0.0,0.0,0.0,0.0,0.0,0.0,0.0,0.0,0.0,0.0,0.0,0.0,0.0,0.0,0.0,0.0
0.562,0.661,0.439,0.477,0.732,0.662,0.61,0.481,0.556,0.466,0.715,0.481,0.778,0.48,0.481,0.604,0.652,0.742,0.739,0.608,0.768,0.878,0.871,0.657,0.631,0.632,0.762,0.468,0.544,0.538,0.478,0.761,0.0,1.0,0.63,0.508,0.61,0.75,0.5,0.763,0.479,0.659,0.77,0.47,0.48,0.479,0.663,0.664,0.472,0.548
0.545,0.777,0.425,0.473,0.654,0.789,0.589,0.457,0.519,0.482,0.71,0.466,0.683,0.475,0.457,0.595,0.72,0.637,0.664,0.582,0.617,0.641,0.628,0.826,0.817,0.723,0.635,0.464,0.507,0.522,0.451,0.626,0.0,0.63,1.0,0.483,0.587,0.628,0.469,0.662,0.456,0.708,0.658,0.449,0.454,0.441,0.705,0.704,0.467,0.507
0.505,0.483,0.415,0.684,0.5,0.51,0.486,0.659,0.502,0.672,0.503,0.67,0.504,0.689,0.67,0.495,0.509,0.498,0.513,0.478,0.479,0.497,0.487,0.513,0.491,0.49,0.482,0.683,0.529,0.503,0.665,0.488,0.0,0.508,0.483,1.0,0.483,0.464,0.693,0.498,0.675,0.477,0.485,0.663,0.672,0.486,0.484,0.484,0.665,0.529
0.556,0.61,0.429,0.474,0.619,0.615,0.99,0.466,0.559,0.453,0.594,0.468,0.601,0.469,0.464,0.956,0.597,0.659,0.649,0.987,0.651,0.639,0.638,0.619,0.601,0.581,0.614,0.463,0.523,0.55,0.469,0.619,0.0,0.61,0.587,0.483,1.0,0.593,0.48,0.613,0.47,0.607,0.62,0.469,0.473,0.472,0.598,0.597,0.462,0.54
0.569,0.698,0.428,0.478,0.752,0.674,0.595,0.507,0.555,0.481,0.718,0.487,0.763,0.483,0.474,0.588,0.646,0.721,0.736,0.592,0.74,0.75,0.766,0.665,0.65,0.635,0.834,0.491,0.552,0.542,0.477,0.782,0.0,0.75,0.628,0.464,0.593,1.0,0.486,0.769,0.489,0.673,0.861,0.493,0.487,0.494,0.685,0.686,0.474,0.547
0.511,0.495,0.412,0.728,0.506,0.526,0.48,0.717,0.503,0.717,0.498,0.735,0.502,0.721,0.733,0.491,0.495,0.486,0.504,0.474,0.479,0.491,0.485,0.497,0.49,0.481,0.483,0.721,0.548,0.51,0.705,0.494,0.0,0.5,0.469,0.693,0.48,0.486,1.0,0.502,0.715,0.486,0.495,0.714,0.725,0.482,0.5,0.5,0.689,0.544
0.571,0.683,0.444,0.489,0.759,0.689,0.617,0.5,0.561,0.486,0.745,0.493,0.801,0.492,0.486,0.62,0.676,0.741,0.763,0.607,0.746,0.786,0.767,0.686,0.66,0.667,0.779,0.491,0.539,0.572,0.487,0.765,0.0,0.763,0.662,0.498,0.613,0.769,0.502,1.0,0.49,0.691,0.8,0.485,0.493,0.483,0.711,0.712,0.484,0.549
0.51,0.497,0.404,0.785,0.521,0.498,0.471,0.746,0.503,0.765,0.489,0.765,0.483,0.779,0.789,0.471,0.474,0.478,0.492,0.465,0.473,0.491,0.492,0.482,0.477,0.466,0.5,0.759,0.559,0.498,0.898,0.487,0.0,0.479,0.456,0.675,0.47,0.489,0.715,0.49,1.0,0.48,0.488,0.761,0.765,0.489,0.474,0.474,0.707,0.547
0.555,0.729,0.429,0.478,0.702,0.731,0.61,0.477,0.546,0.463,0.679,0.469,0.679,0.474,0.462,0.605,0.697,0.671,0.683,0.6,0.65,0.679,0.661,0.74,0.717,0.705,0.677,0.466,0.523,0.547,0.477,0.681,0.0,0.659,0.708,0.477,0.607,0.673,0.486,0.691,0.48,1.0,0.72,0.47,0.471,0.45,0.757,0.759,0.47,0.522
0.573,0.686,0.454,0.489,0.769,0.684,0.622,0.491,0.572,0.484,0.759,0.495,0.792,0.494,0.484,0.619,0.675,0.75,0.778,0.612,0.755,0.787,0.774,0.686,0.665,0.658,0.851,0.488,0.549,0.567,0.488,0.794,0.0,0.77,0.658,0.485,0.62,0.861,0.495,0.8,0.488,0.72,1.0,0.487,0.486,0.486,0.702,0.704,0.484,0.556
0.508,0.511,0.41,0.784,0.5,0.492,0.469,0.905,0.493,0.734,0.476,0.767,0.474,0.769,0.77,0.469,0.474,0.47,0.486,0.464,0.462,0.481,0.476,0.482,0.482,0.473,0.487,0.963,0.547,0.488,0.744,0.49,0.0,0.47,0.449,0.663,0.469,0.493,0.714,0.485,0.761,0.47,0.487,1.0,0.963,0.502,0.476,0.476,0.717,0.539
0.521,0.504,0.403,0.783,0.503,0.495,0.474,0.897,0.496,0.745,0.478,0.771,0.475,0.77,0.772,0.474,0.482,0.475,0.488,0.469,0.465,0.482,0.48,0.49,0.475,0.466,0.483,0.945,0.552,0.487,0.745,0.493,0.0,0.48,0.454,0.672,0.473,0.487,0.725,0.493,0.765,0.471,0.486,0.963,1.0,0.493,0.48,0.48,0.709,0.538
0.526,0.478,0.409,0.501,0.489,0.469,0.472,0.499,0.535,0.489,0.46,0.494,0.473,0.495,0.487,0.471,0.452,0.468,0.469,0.471,0.471,0.473,0.482,0.462,0.461,0.454,0.48,0.495,0.62,0.537,0.489,0.472,0.0,0.479,0.441,0.486,0.472,0.494,0.482,0.483,0.489,0.45,0.486,0.502,0.493,1.0,0.496,0.495,0.492,0.664
0.561,0.735,0.453,0.497,0.712,0.747,0.6,0.478,0.539,0.488,0.691,0.486,0.709,0.496,0.487,0.614,0.735,0.669,0.695,0.591,0.664,0.678,0.663,0.741,0.721,0.73,0.674,0.488,0.524,0.554,0.472,0.675,0.0,0.663,0.705,0.484,0.598,0.685,0.5,0.711,0.474,0.757,0.702,0.476,0.48,0.496,1.0,0.997,0.494,0.538
0.561,0.736,0.453,0.497,0.712,0.748,0.599,0.477,0.539,0.488,0.692,0.486,0.71,0.496,0.487,0.613,0.735,0.67,0.696,0.59,0.666,0.679,0.664,0.742,0.72,0.731,0.676,0.488,0.524,0.555,0.472,0.677,0.0,0.664,0.704,0.484,0.597,0.686,0.5,0.712,0.474,0.759,0.704,0.476,0.48,0.495,0.997,1.0,0.494,0.538
0.512,0.501,0.432,0.738,0.497,0.503,0.463,0.701,0.502,0.719,0.493,0.705,0.492,0.727,0.713,0.473,0.489,0.465,0.497,0.457,0.457,0.484,0.476,0.492,0.496,0.482,0.484,0.725,0.536,0.495,0.699,0.475,0.0,0.472,0.467,0.665,0.462,0.474,0.689,0.484,0.707,0.47,0.484,0.717,0.709,0.492,0.494,0.494,1.0,0.534
0.588,0.542,0.474,0.548,0.556,0.541,0.542,0.545,0.596,0.534,0.537,0.543,0.552,0.544,0.537,0.538,0.515,0.549,0.542,0.536,0.526,0.553,0.55,0.532,0.519,0.511,0.554,0.537,0.851,0.59,0.546,0.543,0.0,0.548,0.507,0.529,0.54,0.547,0.544,0.549,0.547,0.522,0.556,0.539,0.538,0.664,0.538,0.538,0.534,1.0
