GCF_000163235.1_ASM16323v1_genomic.fna,GCF_000164555.1_ASM16455v1_genomic.fna,GCF_000208545.1_ASM20854v2_genomic.fna,GCF_000233875.1_ASM23387v1_genomic.fna,GCF_000249735.1_ASM24973v2_genomic.fna,GCF_000261145.1_Esch_coli_M919_V2_genomic.fna,GCF_000267705.2_ASM26770v2_genomic.fna,GCF_000350665.1_Esch_coli_KTE5_V1_genomic.fna,GCF_000351625.1_Esch_coli_KTE66_V1_genomic.fna,GCF_000352285.1_Esch_coli_KTE46_V1_genomic.fna,GCF_000358895.1_ASM35889v1_genomic.fna,GCF_000456385.1_Esch_coli_HVH_26_4-5703913_V1_genomic.fna,GCF_000458195.1_Esch_coli_HVH_147_4-5893887_V1_genomic.fna,GCF_000459755.1_Esch_coli_KOEGE_58_171a_V1_genomic.fna,GCF_000460055.1_Esch_coli_UMEA_3053-1_V1_genomic.fna,GCF_000462165.2_ASM46216v2_genomic.fna,GCF_000601135.1_ASM60113v1_genomic.fna,GCF_000614595.1_Ec2010EL1058_genomic.fna,GCF_000617745.1_Ec2010C-4529_genomic.fna,GCF_000618265.2_EcF6751_genomic.fna,GCF_000619005.2_Ec2009C-4052_genomic.fna,GCF_000619105.1_Ec2009C-4780_genomic.fna,GCF_000619765.2_Ec2009C-3279_genomic.fna,GCF_000687005.1_ASM68700v1_genomic.fna,GCF_000687025.1_ASM68702v1_genomic.fna,GCF_000700125.1_ASM70012v1_genomic.fna,GCF_000753315.1_FHI35_genomic.fna,GCF_000776375.1_ASM77637v1_genomic.fna,GCF_000779395.1_ASM77939v1_genomic.fna,GCF_000780315.1_ASM78031v1_genomic.fna,GCF_000781995.1_ASM78199v1_genomic.fna,GCF_000986765.1_ASM98676v1_genomic.fna,GCF_001041375.1_ViralProj287958_genomic.fna,GCF_001265335.1_302014_genomic.fna,GCF_001265625.1_100854_genomic.fna,GCF_001267345.1_303289_genomic.fna,GCF_001309985.1_ASM130998v1_genomic.fna,GCF_001521695.1_ASM152169v1_genomic.fna,GCF_001592595.1_ASM159259v1_genomic.fna,GCF_001614975.1_ASM161497v1_genomic.fna,GCF_001692775.1_ASM169277v1_genomic.fna,GCF_001748915.1_ASM174891v1_genomic.fna,GCF_001749235.1_ASM174923v1_genomic.fna,GCF_001881155.1_ASM188115v1_genomic.fna,GCF_001881345.1_ASM188134v1_genomic.fna,GCF_001892405.1_ASM189240v1_genomic.fna,GCF_001892585.1_ASM189258v1_genomic.fna,GCF_001893985.1_ASM189398v1_genomic.fna,GCF_002001595.1_ASM200159v1_genomic.fna,GCF_002002145.1_ASM200214v1_genomic.fna
1.0,0.546,0.506,0.512,0.559,0.543,0.535,0.516,0.654,0.494,0.537,0.525,0.553,0.499,0.497,0.549,0.537,0.535,0.547,0.532,0.527,0.54,0.543,0.548,0.544,0.541,0.549,0.509,0.565,0.638,0.482,0.54,0.0,0.537,0.512,0.502,0.532,0.562,0.502,0.569,0.506,0.526,0.554,0.507,0.517,0.529,0.533,0.533,0.493,0.585
0.546,1.0,0.44,0.487,0.675,0.791,0.59,0.497,0.527,0.469,0.642,0.502,0.662,0.477,0.473,0.592,0.732,0.664,0.665,0.591,0.645,0.661,0.668,0.793,0.81,0.73,0.653,0.492,0.513,0.527,0.472,0.68,0.0,0.65,0.753,0.453,0.589,0.671,0.466,0.662,0.473,0.707,0.668,0.507,0.505,0.513,0.706,0.707,0.487,0.536
0.506,0.44,1.0,0.399,0.449,0.433,0.414,0.418,0.476,0.387,0.424,0.414,0.446,0.398,0.403,0.425,0.437,0.43,0.441,0.413,0.424,0.43,0.431,0.427,0.429,0.416,0.445,0.416,0.455,0.482,0.389,0.431,0.0,0.43,0.397,0.406,0.414,0.447,0.404,0.456,0.404,0.422,0.45,0.426,0.419,0.435,0.439,0.438,0.402,0.483
0.512,0.487,0.399,1.0,0.495,0.482,0.463,0.738,0.517,0.735,0.476,0.761,0.486,0.791,0.784,0.47,0.48,0.485,0.488,0.459,0.467,0.484,0.491,0.494,0.491,0.5,0.482,0.779,0.527,0.493,0.738,0.485,0.0,0.471,0.476,0.66,0.46,0.492,0.697,0.48,0.774,0.472,0.487,0.764,0.757,0.512,0.472,0.472,0.701,0.538
0.559,0.675,0.449,0.495,1.0,0.707,0.595,0.52,0.552,0.474,0.777,0.51,0.749,0.491,0.49,0.61,0.696,0.694,0.729,0.592,0.708,0.718,0.71,0.698,0.689,0.694,0.733,0.504,0.539,0.555,0.476,0.711,0.0,0.714,0.669,0.482,0.595,0.751,0.496,0.756,0.488,0.684,0.76,0.503,0.502,0.504,0.703,0.704,0.483,0.544
0.543,0.791,0.433,0.482,0.707,1.0,0.603,0.511,0.545,0.466,0.653,0.49,0.661,0.478,0.47,0.608,0.744,0.678,0.685,0.599,0.654,0.675,0.679,0.801,0.811,0.719,0.647,0.488,0.535,0.53,0.472,0.678,0.0,0.681,0.762,0.484,0.603,0.676,0.507,0.667,0.482,0.729,0.671,0.493,0.499,0.512,0.729,0.731,0.481,0.547
0.535,0.59,0.414,0.463,0.595,0.603,1.0,0.475,0.533,0.435,0.577,0.462,0.588,0.448,0.449,0.95,0.597,0.645,0.622,0.986,0.632,0.63,0.643,0.596,0.587,0.576,0.598,0.455,0.498,0.511,0.444,0.617,0.0,0.604,0.569,0.463,0.987,0.579,0.464,0.592,0.442,0.578,0.593,0.463,0.467,0.483,0.566,0.569,0.437,0.521
0.516,0.497,0.418,0.738,0.52,0.511,0.475,1.0,0.511,0.709,0.478,0.731,0.498,0.718,0.719,0.486,0.497,0.499,0.509,0.472,0.476,0.492,0.498,0.504,0.502,0.496,0.493,0.897,0.55,0.509,0.726,0.494,0.0,0.484,0.466,0.635,0.472,0.506,0.685,0.499,0.744,0.495,0.504,0.897,0.887,0.516,0.481,0.483,0.684,0.55
0.654,0.527,0.476,0.517,0.552,0.545,0.533,0.511,1.0,0.505,0.551,0.515,0.557,0.521,0.515,0.548,0.54,0.531,0.537,0.532,0.51,0.536,0.527,0.562,0.54,0.547,0.556,0.518,0.56,0.671,0.493,0.541,0.0,0.532,0.529,0.527,0.532,0.549,0.508,0.56,0.508,0.533,0.562,0.507,0.504,0.52,0.533,0.532,0.501,0.578
0.494,0.469,0.387,0.735,0.474,0.466,0.435,0.709,0.505,1.0,0.497,0.7,0.491,0.735,0.701,0.447,0.453,0.457,0.465,0.433,0.439,0.456,0.449,0.481,0.465,0.476,0.462,0.747,0.528,0.483,0.735,0.449,0.0,0.451,0.483,0.658,0.435,0.471,0.685,0.475,0.76,0.455,0.46,0.718,0.718,0.482,0.449,0.45,0.697,0.515
0.537,0.642,0.424,0.476,0.777,0.653,0.577,0.478,0.551,0.497,1.0,0.48,0.777,0.485,0.466,0.593,0.655,0.685,0.704,0.574,0.684,0.713,0.696,0.699,0.65,0.658,0.72,0.49,0.526,0.536,0.454,0.687,0.0,0.69,0.697,0.483,0.576,0.723,0.475,0.742,0.466,0.656,0.724,0.476,0.474,0.477,0.652,0.652,0.472,0.517
0.525,0.502,0.414,0.761,0.51,0.49,0.462,0.731,0.515,0.7,0.48,1.0,0.498,0.746,0.856,0.473,0.483,0.48,0.484,0.459,0.474,0.484,0.489,0.502,0.492,0.502,0.485,0.747,0.54,0.505,0.709,0.48,0.0,0.475,0.475,0.643,0.459,0.502,0.701,0.495,0.747,0.472,0.493,0.735,0.735,0.513,0.482,0.485,0.668,0.546
0.553,0.662,0.446,0.486,0.749,0.661,0.588,0.498,0.557,0.491,0.777,0.498,1.0,0.49,0.48,0.606,0.672,0.728,0.762,0.585,0.738,0.797,0.782,0.705,0.663,0.665,0.788,0.509,0.558,0.56,0.468,0.735,0.0,0.778,0.683,0.487,0.588,0.779,0.487,0.802,0.481,0.669,0.78,0.491,0.488,0.502,0.67,0.67,0.49,0.541
0.499,0.477,0.398,0.791,0.491,0.478,0.448,0.718,0.521,0.735,0.485,0.746,0.49,1.0,0.783,0.457,0.474,0.475,0.475,0.446,0.447,0.479,0.474,0.497,0.477,0.491,0.478,0.767,0.537,0.49,0.737,0.47,0.0,0.465,0.48,0.66,0.447,0.491,0.694,0.484,0.77,0.467,0.477,0.739,0.735,0.507,0.465,0.466,0.709,0.534
0.497,0.473,0.403,0.784,0.49,0.47,0.449,0.719,0.515,0.701,0.466,0.856,0.48,0.783,1.0,0.456,0.475,0.469,0.467,0.447,0.454,0.476,0.476,0.476,0.475,0.486,0.476,0.749,0.536,0.485,0.738,0.464,0.0,0.463,0.465,0.641,0.447,0.488,0.697,0.479,0.767,0.461,0.478,0.734,0.73,0.513,0.482,0.484,0.684,0.559
0.549,0.592,0.425,0.47,0.61,0.608,0.95,0.486,0.548,0.447,0.593,0.473,0.606,0.457,0.456,1.0,0.605,0.64,0.631,0.945,0.618,0.636,0.638,0.604,0.594,0.583,0.604,0.467,0.507,0.526,0.446,0.603,0.0,0.605,0.579,0.476,0.95,0.592,0.473,0.606,0.454,0.588,0.604,0.472,0.473,0.484,0.578,0.579,0.448,0.528
0.537,0.732,0.437,0.48,0.696,0.744,0.597,0.497,0.54,0.453,0.655,0.483,0.672,0.474,0.475,0.605,1.0,0.668,0.678,0.591,0.65,0.689,0.678,0.761,0.752,0.767,0.666,0.484,0.53,0.527,0.461,0.705,0.0,0.676,0.702,0.48,0.595,0.671,0.478,0.674,0.467,0.707,0.687,0.494,0.501,0.484,0.73,0.732,0.469,0.547
0.535,0.664,0.43,0.485,0.694,0.678,0.645,0.499,0.531,0.457,0.685,0.48,0.728,0.475,0.469,0.64,0.668,1.0,0.791,0.639,0.759,0.779,0.768,0.671,0.663,0.64,0.743,0.483,0.514,0.518,0.463,0.721,0.0,0.736,0.644,0.494,0.638,0.713,0.482,0.729,0.466,0.669,0.735,0.491,0.494,0.499,0.667,0.669,0.459,0.537
0.547,0.665,0.441,0.488,0.729,0.685,0.622,0.509,0.537,0.465,0.704,0.484,0.762,0.475,0.467,0.631,0.678,0.791,1.0,0.618,0.773,0.798,0.78,0.684,0.678,0.663,0.754,0.489,0.524,0.545,0.463,0.731,0.0,0.749,0.658,0.487,0.619,0.732,0.48,0.753,0.476,0.684,0.747,0.491,0.492,0.511,0.681,0.68,0.464,0.543
0.532,0.591,0.413,0.459,0.592,0.599,0.986,0.472,0.532,0.433,0.574,0.459,0.585,0.446,0.447,0.945,0.591,0.639,0.618,1.0,0.629,0.626,0.639,0.592,0.584,0.569,0.592,0.453,0.496,0.51,0.441,0.617,0.0,0.601,0.566,0.46,0.99,0.575,0.462,0.589,0.439,0.574,0.592,0.459,0.464,0.482,0.564,0.567,0.435,0.519
0.527,0.645,0.424,0.467,0.708,0.654,0.632,0.476,0.51,0.439,0.684,0.474,0.738,0.447,0.454,0.618,0.65,0.759,0.773,0.629,1.0,0.776,0.791,0.656,0.642,0.644,0.742,0.467,0.502,0.512,0.446,0.722,0.0,0.756,0.623,0.476,0.63,0.722,0.461,0.732,0.456,0.647,0.731,0.475,0.481,0.495,0.66,0.662,0.444,0.52
0.54,0.661,0.43,0.484,0.718,0.675,0.63,0.492,0.536,0.456,0.713,0.484,0.797,0.479,0.476,0.636,0.689,0.779,0.798,0.626,0.776,1.0,0.919,0.673,0.671,0.646,0.753,0.484,0.519,0.531,0.467,0.754,0.0,0.884,0.645,0.473,0.629,0.747,0.479,0.758,0.468,0.666,0.769,0.487,0.492,0.51,0.669,0.672,0.466,0.539
0.543,0.668,0.431,0.491,0.71,0.679,0.643,0.498,0.527,0.449,0.696,0.489,0.782,0.474,0.476,0.638,0.678,0.768,0.78,0.639,0.791,0.919,1.0,0.666,0.666,0.643,0.746,0.487,0.52,0.528,0.468,0.771,0.0,0.87,0.63,0.48,0.64,0.738,0.487,0.746,0.466,0.655,0.749,0.494,0.497,0.515,0.658,0.66,0.47,0.533
0.548,0.793,0.427,0.494,0.698,0.801,0.596,0.504,0.562,0.481,0.699,0.502,0.705,0.497,0.476,0.604,0.761,0.671,0.684,0.592,0.656,0.673,0.666,1.0,0.824,0.765,0.686,0.506,0.542,0.553,0.461,0.666,0.0,0.657,0.832,0.494,0.592,0.685,0.48,0.698,0.478,0.721,0.679,0.49,0.492,0.493,0.724,0.724,0.487,0.534
0.544,0.81,0.429,0.491,0.689,0.811,0.587,0.502,0.54,0.465,0.65,0.492,0.663,0.477,0.475,0.594,0.752,0.663,0.678,0.584,0.642,0.671,0.666,0.824,1.0,0.76,0.658,0.49,0.519,0.52,0.465,0.684,0.0,0.652,0.788,0.465,0.586,0.678,0.478,0.672,0.475,0.714,0.677,0.506,0.506,0.511,0.727,0.729,0.486,0.534
0.541,0.73,0.416,0.5,0.694,0.719,0.576,0.496,0.547,0.476,0.658,0.502,0.665,0.491,0.486,0.583,0.767,0.64,0.663,0.569,0.644,0.646,0.643,0.765,0.76,1.0,0.666,0.497,0.526,0.536,0.461,0.648,0.0,0.633,0.728,0.488,0.572,0.67,0.487,0.678,0.477,0.707,0.659,0.505,0.497,0.489,0.721,0.719,0.498,0.53
0.549,0.653,0.445,0.482,0.733,0.647,0.598,0.493,0.556,0.462,0.72,0.485,0.788,0.478,0.476,0.604,0.666,0.743,0.754,0.592,0.742,0.753,0.746,0.686,0.658,0.666,1.0,0.487,0.532,0.542,0.463,0.753,0.0,0.735,0.651,0.475,0.595,0.836,0.468,0.777,0.473,0.654,0.846,0.482,0.481,0.502,0.654,0.654,0.47,0.531
0.509,0.492,0.416,0.779,0.504,0.488,0.455,0.897,0.518,0.747,0.49,0.747,0.509,0.767,0.749,0.467,0.484,0.483,0.489,0.453,0.467,0.484,0.487,0.506,0.49,0.497,0.487,1.0,0.552,0.51,0.731,0.492,0.0,0.472,0.478,0.656,0.454,0.505,0.693,0.501,0.767,0.483,0.491,0.949,0.93,0.512,0.479,0.481,0.723,0.539
0.565,0.513,0.455,0.527,0.539,0.535,0.498,0.55,0.56,0.528,0.526,0.54,0.558,0.537,0.536,0.507,0.53,0.514,0.524,0.496,0.502,0.519,0.52,0.542,0.519,0.526,0.532,0.552,1.0,0.549,0.504,0.524,0.0,0.517,0.529,0.535,0.496,0.549,0.516,0.552,0.519,0.506,0.539,0.538,0.541,0.581,0.518,0.519,0.525,0.82
0.638,0.527,0.482,0.493,0.555,0.53,0.511,0.509,0.671,0.483,0.536,0.505,0.56,0.49,0.485,0.526,0.527,0.518,0.545,0.51,0.512,0.531,0.528,0.553,0.52,0.536,0.542,0.51,0.549,1.0,0.472,0.524,0.0,0.522,0.512,0.497,0.51,0.558,0.487,0.576,0.494,0.536,0.549,0.5,0.496,0.545,0.536,0.536,0.49,0.566
0.482,0.472,0.389,0.738,0.476,0.472,0.444,0.726,0.493,0.735,0.454,0.709,0.468,0.737,0.738,0.446,0.461,0.463,0.463,0.441,0.446,0.467,0.468,0.461,0.465,0.461,0.463,0.731,0.504,0.472,1.0,0.467,0.0,0.462,0.439,0.63,0.443,0.47,0.666,0.458,0.887,0.46,0.466,0.739,0.74,0.499,0.453,0.453,0.673,0.514
0.54,0.68,0.431,0.485,0.711,0.678,0.617,0.494,0.541,0.449,0.687,0.48,0.735,0.47,0.464,0.603,0.705,0.721,0.731,0.617,0.722,0.754,0.771,0.666,0.684,0.648,0.753,0.492,0.524,0.524,0.467,1.0,0.0,0.744,0.625,0.46,0.614,0.759,0.475,0.74,0.464,0.668,0.766,0.496,0.499,0.517,0.673,0.674,0.461,0.529
0.0,0.0,0.0,0.0,0.0,0.0,0.0,0.0,0.0,0.0,0.0,0.0,0.0,0.0,0.0,0.0,0.0,0.0,0.0,0.0,0.0,0.0,0.0,0.0,0.0,0.0,0.0,0.0,0.0,0.0,0.0,0.0,1.0,0.0,0.0,0.0,0.0,0.0,0.0,0.0,0.0,0.0,0.0,0.0,0.0,0.0,0.0,0.0,0.0,0.0
0.537,0.65,0.43,0.471,0.714,0.681,0.604,0.484,0.532,0.451,0.69,0.475,0.778,0.465,0.463,0.605,0.676,0.736,0.749,0.601,0.756,0.884,0.87,0.657,0.652,0.633,0.735,0.472,0.517,0.522,0.462,0.744,0.0,1.0,0.628,0.477,0.602,0.733,0.489,0.747,0.462,0.648,0.756,0.476,0.485,0.499,0.664,0.667,0.457,0.534
0.512,0.753,0.397,0.476,0.669,0.762,0.569,0.466,0.529,0.483,0.697,0.475,0.683,0.48,0.465,0.579,0.702,0.644,0.658,0.566,0.623,0.645,0.63,0.832,0.788,0.728,0.651,0.478,0.529,0.512,0.439,0.625,0.0,0.628,1.0,0.474,0.566,0.652,0.466,0.67,0.453,0.692,0.656,0.462,0.465,0.468,0.686,0.686,0.463,0.509
0.502,0.453,0.406,0.66,0.482,0.484,0.463,0.635,0.527,0.658,0.483,0.643,0.487,0.66,0.641,0.476,0.48,0.494,0.487,0.46,0.476,0.473,0.48,0.494,0.465,0.488,0.475,0.656,0.535,0.497,0.63,0.46,0.0,0.477,0.474,1.0,0.458,0.466,0.673,0.491,0.652,0.469,0.469,0.64,0.636,0.489,0.454,0.455,0.655,0.532
0.532,0.589,0.414,0.46,0.595,0.603,0.987,0.472,0.532,0.435,0.576,0.459,0.588,0.447,0.447,0.95,0.595,0.638,0.619,0.99,0.63,0.629,0.64,0.592,0.586,0.572,0.595,0.454,0.496,0.51,0.443,0.614,0.0,0.602,0.566,0.458,1.0,0.578,0.459,0.592,0.441,0.577,0.594,0.46,0.464,0.481,0.566,0.569,0.436,0.52
0.562,0.671,0.447,0.492,0.751,0.676,0.579,0.506,0.549,0.471,0.723,0.502,0.779,0.491,0.488,0.592,0.671,0.713,0.732,0.575,0.722,0.747,0.738,0.685,0.678,0.67,0.836,0.505,0.549,0.558,0.47,0.759,0.0,0.733,0.652,0.466,0.578,1.0,0.49,0.782,0.482,0.663,0.864,0.503,0.496,0.508,0.68,0.682,0.485,0.545
0.502,0.466,0.404,0.697,0.496,0.507,0.464,0.685,0.508,0.685,0.475,0.701,0.487,0.694,0.697,0.473,0.478,0.482,0.48,0.462,0.461,0.479,0.487,0.48,0.478,0.487,0.468,0.693,0.516,0.487,0.666,0.475,0.0,0.489,0.466,0.673,0.459,0.49,1.0,0.491,0.693,0.476,0.488,0.684,0.683,0.488,0.473,0.473,0.668,0.522
0.569,0.662,0.456,0.48,0.756,0.667,0.592,0.499,0.56,0.475,0.742,0.495,0.802,0.484,0.479,0.606,0.674,0.729,0.753,0.589,0.732,0.758,0.746,0.698,0.672,0.678,0.777,0.501,0.552,0.576,0.458,0.74,0.0,0.747,0.67,0.491,0.592,0.782,0.491,1.0,0.476,0.668,0.778,0.482,0.489,0.501,0.697,0.697,0.474,0.553
0.506,0.473,0.404,0.774,0.488,0.482,0.442,0.744,0.508,0.76,0.466,0.747,0.481,0.77,0.767,0.454,0.467,0.466,0.476,0.439,0.456,0.468,0.466,0.478,0.475,0.477,0.473,0.767,0.519,0.494,0.887,0.464,0.0,0.462,0.453,0.652,0.441,0.482,0.693,0.476,1.0,0.472,0.474,0.768,0.765,0.499,0.461,0.461,0.696,0.527
0.526,0.707,0.422,0.472,0.684,0.729,0.578,0.495,0.533,0.455,0.656,0.472,0.669,0.467,0.461,0.588,0.707,0.669,0.684,0.574,0.647,0.666,0.655,0.721,0.714,0.707,0.654,0.483,0.506,0.536,0.46,0.668,0.0,0.648,0.692,0.469,0.577,0.663,0.476,0.668,0.472,1.0,0.691,0.488,0.487,0.482,0.734,0.734,0.46,0.516
0.554,0.668,0.45,0.487,0.76,0.671,0.593,0.504,0.562,0.46,0.724,0.493,0.78,0.477,0.478,0.604,0.687,0.735,0.747,0.592,0.731,0.769,0.749,0.679,0.677,0.659,0.846,0.491,0.539,0.549,0.466,0.766,0.0,0.756,0.656,0.469,0.594,0.864,0.488,0.778,0.474,0.691,1.0,0.49,0.49,0.514,0.681,0.682,0.467,0.554
0.507,0.507,0.426,0.764,0.503,0.493,0.463,0.897,0.507,0.718,0.476,0.735,0.491,0.739,0.734,0.472,0.494,0.491,0.491,0.459,0.475,0.487,0.494,0.49,0.506,0.505,0.482,0.949,0.538,0.5,0.739,0.496,0.0,0.476,0.462,0.64,0.46,0.503,0.684,0.482,0.768,0.488,0.49,1.0,0.956,0.517,0.481,0.483,0.712,0.541
0.517,0.505,0.419,0.757,0.502,0.499,0.467,0.887,0.504,0.718,0.474,0.735,0.488,0.735,0.73,0.473,0.501,0.494,0.492,0.464,0.481,0.492,0.497,0.492,0.506,0.497,0.481,0.93,0.541,0.496,0.74,0.499,0.0,0.485,0.465,0.636,0.464,0.496,0.683,0.489,0.765,0.487,0.49,0.956,1.0,0.517,0.491,0.494,0.697,0.543
0.529,0.513,0.435,0.512,0.504,0.512,0.483,0.516,0.52,0.482,0.477,0.513,0.502,0.507,0.513,0.484,0.484,0.499,0.511,0.482,0.495,0.51,0.515,0.493,0.511,0.489,0.502,0.512,0.581,0.545,0.499,0.517,0.0,0.499,0.468,0.489,0.481,0.508,0.488,0.501,0.499,0.482,0.514,0.517,0.517,1.0,0.531,0.532,0.498,0.661
0.533,0.706,0.439,0.472,0.703,0.729,0.566,0.481,0.533,0.449,0.652,0.482,0.67,0.465,0.482,0.578,0.73,0.667,0.681,0.564,0.66,0.669,0.658,0.724,0.727,0.721,0.654,0.479,0.518,0.536,0.453,0.673,0.0,0.664,0.686,0.454,0.566,0.68,0.473,0.697,0.461,0.734,0.681,0.481,0.491,0.531,1.0,0.994,0.458,0.556
0.533,0.707,0.438,0.472,0.704,0.731,0.569,0.483,0.532,0.45,0.652,0.485,0.67,0.466,0.484,0.579,0.732,0.669,0.68,0.567,0.662,0.672,0.66,0.724,0.729,0.719,0.654,0.481,0.519,0.536,0.453,0.674,0.0,0.667,0.686,0.455,0.569,0.682,0.473,0.697,0.461,0.734,0.682,0.483,0.494,0.532,0.994,1.0,0.458,0.557
0.493,0.487,0.402,0.701,0.483,0.481,0.437,0.684,0.501,0.697,0.472,0.668,0.49,0.709,0.684,0.448,0.469,0.459,0.464,0.435,0.444,0.466,0.47,0.487,0.486,0.498,0.47,0.723,0.525,0.49,0.673,0.461,0.0,0.457,0.463,0.655,0.436,0.485,0.668,0.474,0.696,0.46,0.467,0.712,0.697,0.498,0.458,0.458,1.0,0.516
0.585,0.536,0.483,0.538,0.544,0.547,0.521,0.55,0.578,0.515,0.517,0.546,0.541,0.534,0.559,0.528,0.547,0.537,0.543,0.519,0.52,0.539,0.533,0.534,0.534,0.53,0.531,0.539,0.82,0.566,0.514,0.529,0.0,0.534,0.509,0.532,0.52,0.545,0.522,0.553,0.527,0.516,0.554,0.541,0.543,0.661,0.556,0.557,0.516,1.0
