GCF_000163235.1_ASM16323v1_genomic.fna,GCF_000164555.1_ASM16455v1_genomic.fna,GCF_000208545.1_ASM20854v2_genomic.fna,GCF_000233875.1_ASM23387v1_genomic.fna,GCF_000249735.1_ASM24973v2_genomic.fna,GCF_000261145.1_Esch_coli_M919_V2_genomic.fna,GCF_000267705.2_ASM26770v2_genomic.fna,GCF_000350665.1_Esch_coli_KTE5_V1_genomic.fna,GCF_000351625.1_Esch_coli_KTE66_V1_genomic.fna,GCF_000352285.1_Esch_coli_KTE46_V1_genomic.fna,GCF_000358895.1_ASM35889v1_genomic.fna,GCF_000456385.1_Esch_coli_HVH_26_4-5703913_V1_genomic.fna,GCF_000458195.1_Esch_coli_HVH_147_4-5893887_V1_genomic.fna,GCF_000459755.1_Esch_coli_KOEGE_58_171a_V1_genomic.fna,GCF_000460055.1_Esch_coli_UMEA_3053-1_V1_genomic.fna,GCF_000462165.2_ASM46216v2_genomic.fna,GCF_000601135.1_ASM60113v1_genomic.fna,GCF_000614595.1_Ec2010EL1058_genomic.fna,GCF_000617745.1_Ec2010C-4529_genomic.fna,GCF_000618265.2_EcF6751_genomic.fna,GCF_000619005.2_Ec2009C-4052_genomic.fna,GCF_000619105.1_Ec2009C-4780_genomic.fna,GCF_000619765.2_Ec2009C-3279_genomic.fna,GCF_000687005.1_ASM68700v1_genomic.fna,GCF_000687025.1_ASM68702v1_genomic.fna,GCF_000700125.1_ASM70012v1_genomic.fna,GCF_000753315.1_FHI35_genomic.fna,GCF_000776375.1_ASM77637v1_genomic.fna,GCF_000779395.1_ASM77939v1_genomic.fna,GCF_000780315.1_ASM78031v1_genomic.fna,GCF_000781995.1_ASM78199v1_genomic.fna,GCF_000986765.1_ASM98676v1_genomic.fna,GCF_001041375.1_ViralProj287958_genomic.fna,GCF_001265335.1_302014_genomic.fna,GCF_001265625.1_100854_genomic.fna,GCF_001267345.1_303289_genomic.fna,GCF_001309985.1_ASM130998v1_genomic.fna,GCF_001521695.1_ASM152169v1_genomic.fna,GCF_001592595.1_ASM159259v1_genomic.fna,GCF_001614975.1_ASM161497v1_genomic.fna,GCF_001692775.1_ASM169277v1_genomic.fna,GCF_001748915.1_ASM174891v1_genomic.fna,GCF_001749235.1_ASM174923v1_genomic.fna,GCF_001881155.1_ASM188115v1_genomic.fna,GCF_001881345.1_ASM188134v1_genomic.fna,GCF_001892405.1_ASM189240v1_genomic.fna,GCF_001892585.1_ASM189258v1_genomic.fna,GCF_001893985.1_ASM189398v1_genomic.fna,GCF_002001595.1_ASM200159v1_genomic.fna,GCF_002002145.1_ASM200214v1_genomic.fna
1.0,0.564,0.475,0.509,0.553,0.542,0.532,0.523,0.655,0.507,0.526,0.524,0.542,0.508,0.494,0.531,0.542,0.536,0.541,0.531,0.52,0.534,0.557,0.56,0.541,0.535,0.544,0.507,0.594,0.638,0.493,0.546,0.0,0.539,0.509,0.51,0.531,0.556,0.503,0.552,0.504,0.537,0.549,0.507,0.528,0.546,0.529,0.527,0.522,0.601
0.564,1.0,0.446,0.488,0.655,0.777,0.563,0.504,0.528,0.489,0.605,0.507,0.637,0.484,0.47,0.566,0.725,0.637,0.631,0.562,0.622,0.628,0.647,0.791,0.807,0.737,0.65,0.486,0.523,0.518,0.477,0.669,0.0,0.631,0.731,0.467,0.563,0.674,0.472,0.629,0.481,0.706,0.647,0.509,0.507,0.498,0.714,0.715,0.51,0.509
0.475,0.446,1.0,0.395,0.433,0.43,0.413,0.407,0.459,0.387,0.414,0.398,0.427,0.401,0.39,0.413,0.422,0.419,0.424,0.413,0.411,0.421,0.438,0.435,0.43,0.438,0.429,0.403,0.46,0.463,0.387,0.435,0.0,0.428,0.393,0.394,0.413,0.428,0.403,0.43,0.396,0.436,0.432,0.418,0.407,0.437,0.433,0.432,0.421,0.468
0.509,0.488,0.395,1.0,0.506,0.49,0.477,0.75,0.504,0.763,0.486,0.773,0.51,0.826,0.796,0.488,0.492,0.474,0.492,0.473,0.458,0.496,0.498,0.502,0.493,0.487,0.483,0.792,0.555,0.516,0.738,0.497,0.0,0.48,0.469,0.682,0.472,0.484,0.698,0.505,0.774,0.474,0.486,0.771,0.775,0.488,0.469,0.468,0.71,0.539
0.553,0.655,0.433,0.506,1.0,0.682,0.6,0.517,0.54,0.498,0.785,0.504,0.756,0.506,0.491,0.609,0.69,0.698,0.717,0.596,0.696,0.729,0.728,0.705,0.672,0.696,0.729,0.504,0.568,0.552,0.461,0.734,0.0,0.732,0.656,0.485,0.595,0.734,0.474,0.747,0.477,0.691,0.748,0.499,0.509,0.493,0.683,0.682,0.491,0.537
0.542,0.777,0.43,0.49,0.682,1.0,0.602,0.503,0.542,0.478,0.63,0.485,0.673,0.495,0.479,0.604,0.726,0.682,0.672,0.6,0.637,0.664,0.689,0.802,0.814,0.718,0.667,0.485,0.538,0.531,0.479,0.69,0.0,0.671,0.761,0.477,0.601,0.689,0.5,0.668,0.483,0.73,0.683,0.487,0.483,0.499,0.733,0.733,0.495,0.547
0.532,0.563,0.413,0.477,0.6,0.602,1.0,0.488,0.537,0.458,0.58,0.465,0.612,0.48,0.461,0.955,0.6,0.644,0.664,0.987,0.615,0.627,0.651,0.613,0.599,0.6,0.613,0.475,0.526,0.528,0.447,0.614,0.0,0.608,0.581,0.491,0.989,0.583,0.474,0.612,0.458,0.602,0.609,0.476,0.479,0.49,0.572,0.571,0.481,0.535
0.523,0.504,0.407,0.75,0.517,0.503,0.488,1.0,0.513,0.746,0.483,0.746,0.504,0.761,0.736,0.493,0.501,0.49,0.498,0.483,0.466,0.487,0.497,0.523,0.492,0.491,0.492,0.909,0.566,0.513,0.716,0.493,0.0,0.487,0.466,0.673,0.483,0.521,0.682,0.512,0.73,0.495,0.499,0.906,0.896,0.495,0.479,0.478,0.725,0.545
0.655,0.528,0.459,0.504,0.54,0.542,0.537,0.513,1.0,0.503,0.522,0.495,0.552,0.507,0.494,0.534,0.541,0.542,0.554,0.532,0.514,0.54,0.546,0.559,0.538,0.534,0.555,0.507,0.588,0.67,0.476,0.537,0.0,0.533,0.514,0.511,0.532,0.538,0.484,0.564,0.485,0.538,0.565,0.508,0.508,0.529,0.532,0.532,0.516,0.597
0.507,0.489,0.387,0.763,0.498,0.478,0.458,0.746,0.503,1.0,0.495,0.744,0.517,0.759,0.73,0.47,0.478,0.463,0.48,0.453,0.442,0.478,0.466,0.492,0.476,0.477,0.476,0.771,0.549,0.509,0.744,0.467,0.0,0.47,0.472,0.69,0.453,0.473,0.709,0.5,0.759,0.467,0.478,0.742,0.766,0.473,0.467,0.467,0.713,0.526
0.526,0.605,0.414,0.486,0.785,0.63,0.58,0.483,0.522,0.495,1.0,0.476,0.77,0.49,0.463,0.593,0.649,0.676,0.693,0.575,0.662,0.726,0.699,0.671,0.62,0.66,0.701,0.494,0.535,0.544,0.44,0.683,0.0,0.701,0.682,0.486,0.574,0.693,0.457,0.748,0.453,0.647,0.722,0.474,0.486,0.471,0.632,0.632,0.47,0.529
0.524,0.507,0.398,0.773,0.504,0.485,0.465,0.746,0.495,0.744,0.476,1.0,0.491,0.776,0.857,0.474,0.489,0.46,0.473,0.46,0.45,0.477,0.476,0.51,0.487,0.484,0.466,0.759,0.549,0.514,0.688,0.484,0.0,0.47,0.46,0.667,0.461,0.483,0.698,0.493,0.728,0.478,0.486,0.744,0.759,0.487,0.475,0.475,0.697,0.532
0.542,0.637,0.427,0.51,0.756,0.673,0.612,0.504,0.552,0.517,0.77,0.491,1.0,0.51,0.487,0.623,0.684,0.723,0.746,0.607,0.72,0.817,0.798,0.71,0.658,0.693,0.768,0.509,0.551,0.567,0.462,0.744,0.0,0.795,0.691,0.498,0.607,0.746,0.47,0.802,0.472,0.682,0.776,0.488,0.493,0.477,0.667,0.667,0.495,0.548
0.508,0.484,0.401,0.826,0.506,0.495,0.48,0.761,0.507,0.759,0.49,0.776,0.51,1.0,0.796,0.49,0.491,0.485,0.495,0.476,0.457,0.498,0.493,0.504,0.492,0.489,0.488,0.789,0.554,0.515,0.747,0.489,0.0,0.478,0.47,0.694,0.476,0.493,0.704,0.514,0.78,0.483,0.494,0.771,0.778,0.491,0.478,0.478,0.719,0.538
0.494,0.47,0.39,0.796,0.491,0.479,0.461,0.736,0.494,0.73,0.463,0.857,0.487,0.796,1.0,0.465,0.48,0.465,0.474,0.457,0.445,0.471,0.48,0.486,0.474,0.474,0.47,0.749,0.54,0.496,0.722,0.484,0.0,0.462,0.448,0.668,0.457,0.48,0.699,0.487,0.755,0.465,0.476,0.747,0.746,0.484,0.479,0.479,0.71,0.542
0.531,0.566,0.413,0.488,0.609,0.604,0.955,0.493,0.534,0.47,0.593,0.474,0.623,0.49,0.465,1.0,0.605,0.638,0.66,0.949,0.602,0.639,0.64,0.621,0.595,0.605,0.605,0.484,0.536,0.541,0.446,0.601,0.0,0.616,0.597,0.502,0.948,0.58,0.478,0.618,0.458,0.601,0.61,0.48,0.488,0.491,0.568,0.567,0.481,0.535
0.542,0.725,0.422,0.492,0.69,0.726,0.6,0.501,0.541,0.478,0.649,0.489,0.684,0.491,0.48,0.605,1.0,0.663,0.655,0.596,0.617,0.682,0.677,0.784,0.747,0.788,0.665,0.489,0.54,0.541,0.453,0.699,0.0,0.69,0.726,0.489,0.598,0.654,0.471,0.676,0.466,0.717,0.684,0.487,0.5,0.477,0.709,0.708,0.48,0.528
0.536,0.637,0.419,0.474,0.698,0.682,0.644,0.49,0.542,0.463,0.676,0.46,0.723,0.485,0.465,0.638,0.663,1.0,0.801,0.643,0.736,0.767,0.783,0.684,0.659,0.66,0.736,0.474,0.515,0.541,0.451,0.727,0.0,0.731,0.643,0.489,0.642,0.702,0.473,0.724,0.459,0.682,0.723,0.478,0.476,0.479,0.66,0.66,0.478,0.523
0.541,0.631,0.424,0.492,0.717,0.672,0.664,0.498,0.554,0.48,0.693,0.473,0.746,0.495,0.474,0.66,0.655,0.801,1.0,0.658,0.757,0.774,0.778,0.683,0.657,0.66,0.752,0.482,0.54,0.551,0.456,0.736,0.0,0.743,0.651,0.5,0.656,0.724,0.472,0.75,0.468,0.677,0.746,0.484,0.486,0.489,0.654,0.653,0.489,0.545
0.531,0.562,0.413,0.473,0.596,0.6,0.987,0.483,0.532,0.453,0.575,0.46,0.607,0.476,0.457,0.949,0.596,0.643,0.658,1.0,0.613,0.621,0.647,0.605,0.601,0.596,0.612,0.47,0.52,0.523,0.446,0.614,0.0,0.603,0.574,0.486,0.994,0.582,0.472,0.608,0.457,0.602,0.604,0.47,0.472,0.49,0.572,0.571,0.479,0.529
0.52,0.622,0.411,0.458,0.696,0.637,0.615,0.466,0.514,0.442,0.662,0.45,0.72,0.457,0.445,0.602,0.617,0.736,0.757,0.613,1.0,0.738,0.769,0.629,0.619,0.634,0.73,0.455,0.497,0.512,0.439,0.73,0.0,0.723,0.599,0.461,0.612,0.71,0.464,0.717,0.447,0.64,0.717,0.456,0.463,0.491,0.654,0.655,0.462,0.502
0.534,0.628,0.421,0.496,0.729,0.664,0.627,0.487,0.54,0.478,0.726,0.477,0.817,0.498,0.471,0.639,0.682,0.767,0.774,0.621,0.738,1.0,0.912,0.696,0.656,0.676,0.75,0.486,0.536,0.547,0.447,0.742,0.0,0.865,0.668,0.49,0.621,0.732,0.46,0.784,0.454,0.662,0.776,0.475,0.479,0.479,0.647,0.647,0.472,0.53
0.557,0.647,0.438,0.498,0.728,0.689,0.651,0.497,0.546,0.466,0.699,0.476,0.798,0.493,0.48,0.64,0.677,0.783,0.778,0.647,0.769,0.912,1.0,0.688,0.674,0.67,0.774,0.485,0.537,0.534,0.466,0.77,0.0,0.855,0.645,0.483,0.649,0.752,0.483,0.756,0.475,0.679,0.767,0.484,0.484,0.488,0.667,0.666,0.485,0.533
0.56,0.791,0.435,0.502,0.705,0.802,0.613,0.523,0.559,0.492,0.671,0.51,0.71,0.504,0.486,0.621,0.784,0.684,0.683,0.605,0.629,0.696,0.688,1.0,0.826,0.776,0.68,0.502,0.558,0.564,0.464,0.695,0.0,0.699,0.82,0.497,0.607,0.672,0.472,0.694,0.476,0.754,0.7,0.497,0.51,0.477,0.729,0.73,0.491,0.548
0.541,0.807,0.43,0.493,0.672,0.814,0.599,0.492,0.538,0.476,0.62,0.487,0.658,0.492,0.474,0.595,0.747,0.659,0.657,0.601,0.619,0.656,0.674,0.826,1.0,0.765,0.668,0.481,0.533,0.523,0.463,0.703,0.0,0.661,0.773,0.474,0.603,0.67,0.474,0.651,0.478,0.732,0.672,0.5,0.489,0.481,0.716,0.716,0.51,0.526
0.535,0.737,0.438,0.487,0.696,0.718,0.6,0.491,0.534,0.477,0.66,0.484,0.693,0.489,0.474,0.605,0.788,0.66,0.66,0.596,0.634,0.676,0.67,0.776,0.765,1.0,0.677,0.48,0.538,0.539,0.452,0.675,0.0,0.671,0.727,0.484,0.596,0.665,0.46,0.692,0.462,0.728,0.674,0.496,0.487,0.481,0.721,0.72,0.503,0.527
0.544,0.65,0.429,0.483,0.729,0.667,0.613,0.492,0.555,0.476,0.701,0.466,0.768,0.488,0.47,0.605,0.665,0.736,0.752,0.612,0.73,0.75,0.774,0.68,0.668,0.677,1.0,0.479,0.533,0.542,0.459,0.767,0.0,0.742,0.636,0.483,0.612,0.822,0.463,0.774,0.474,0.679,0.837,0.491,0.483,0.489,0.664,0.663,0.492,0.526
0.507,0.486,0.403,0.792,0.504,0.485,0.475,0.909,0.507,0.771,0.494,0.759,0.509,0.789,0.749,0.484,0.489,0.474,0.482,0.47,0.455,0.486,0.485,0.502,0.481,0.48,0.479,1.0,0.557,0.517,0.716,0.491,0.0,0.472,0.475,0.68,0.47,0.501,0.679,0.508,0.749,0.475,0.487,0.956,0.942,0.488,0.469,0.469,0.728,0.533
0.594,0.523,0.46,0.555,0.568,0.538,0.526,0.566,0.588,0.549,0.535,0.549,0.551,0.554,0.54,0.536,0.54,0.515,0.54,0.52,0.497,0.536,0.537,0.558,0.533,0.538,0.533,0.557,1.0,0.577,0.506,0.546,0.0,0.539,0.522,0.542,0.519,0.533,0.519,0.554,0.517,0.538,0.547,0.55,0.561,0.61,0.517,0.516,0.548,0.834
0.638,0.518,0.463,0.516,0.552,0.531,0.528,0.513,0.67,0.509,0.544,0.514,0.567,0.515,0.496,0.541,0.541,0.541,0.551,0.523,0.512,0.547,0.534,0.564,0.523,0.539,0.542,0.517,0.577,1.0,0.469,0.525,0.0,0.534,0.524,0.517,0.522,0.532,0.478,0.576,0.487,0.535,0.551,0.507,0.516,0.532,0.527,0.527,0.511,0.585
0.493,0.477,0.387,0.738,0.461,0.479,0.447,0.716,0.476,0.744,0.44,0.688,0.462,0.747,0.722,0.446,0.453,0.451,0.456,0.446,0.439,0.447,0.466,0.464,0.463,0.452,0.459,0.716,0.506,0.469,1.0,0.47,0.0,0.443,0.424,0.641,0.447,0.472,0.692,0.463,0.894,0.457,0.453,0.719,0.721,0.474,0.462,0.461,0.692,0.5
0.546,0.669,0.435,0.497,0.734,0.69,0.614,0.493,0.537,0.467,0.683,0.484,0.744,0.489,0.484,0.601,0.699,0.727,0.736,0.614,0.73,0.742,0.77,0.695,0.703,0.675,0.767,0.491,0.546,0.525,0.47,1.0,0.0,0.736,0.643,0.471,0.613,0.771,0.479,0.754,0.476,0.694,0.773,0.492,0.495,0.484,0.687,0.687,0.483,0.524
0.0,0.0,0.0,0.0,0.0,0.0,0.0,0.0,0.0,0.0,0.0,0.0,0.0,0.0,0.0,0.0,0.0,0.0,0.0,0.0,0.0,0.0,0.0,0.0,0.0,0.0,0.0,0.0,0.0,0.0,0.0,0.0,1.0,0.0,0.0,0.0,0.0,0.0,0.0,0.0,0.0,0.0,0.0,0.0,0.0,0.0,0.0,0.0,0.0,0.0
0.539,0.631,0.428,0.48,0.732,0.671,0.608,0.487,0.533,0.47,0.701,0.47,0.795,0.478,0.462,0.616,0.69,0.731,0.743,0.603,0.723,0.865,0.855,0.699,0.661,0.671,0.742,0.472,0.539,0.534,0.443,0.736,0.0,1.0,0.656,0.494,0.604,0.73,0.476,0.755,0.449,0.669,0.768,0.468,0.477,0.468,0.654,0.653,0.468,0.526
0.509,0.731,0.393,0.469,0.656,0.761,0.581,0.466,0.514,0.472,0.682,0.46,0.691,0.47,0.448,0.597,0.726,0.643,0.651,0.574,0.599,0.668,0.645,0.82,0.773,0.727,0.636,0.475,0.522,0.524,0.424,0.643,0.0,0.656,1.0,0.472,0.575,0.629,0.438,0.667,0.434,0.693,0.657,0.456,0.463,0.444,0.667,0.667,0.454,0.502
0.51,0.467,0.394,0.682,0.485,0.477,0.491,0.673,0.511,0.69,0.486,0.667,0.498,0.694,0.668,0.502,0.489,0.489,0.5,0.486,0.461,0.49,0.483,0.497,0.474,0.484,0.483,0.68,0.542,0.517,0.641,0.471,0.0,0.494,0.472,1.0,0.487,0.466,0.673,0.502,0.662,0.475,0.476,0.669,0.682,0.487,0.463,0.462,0.658,0.53
0.531,0.563,0.413,0.472,0.595,0.601,0.989,0.483,0.532,0.453,0.574,0.461,0.607,0.476,0.457,0.948,0.598,0.642,0.656,0.994,0.612,0.621,0.649,0.607,0.603,0.596,0.612,0.47,0.519,0.522,0.447,0.613,0.0,0.604,0.575,0.487,1.0,0.581,0.472,0.606,0.458,0.602,0.603,0.47,0.473,0.489,0.572,0.571,0.479,0.528
0.556,0.674,0.428,0.484,0.734,0.689,0.583,0.521,0.538,0.473,0.693,0.483,0.746,0.493,0.48,0.58,0.654,0.702,0.724,0.582,0.71,0.732,0.752,0.672,0.67,0.665,0.822,0.501,0.533,0.532,0.472,0.771,0.0,0.73,0.629,0.466,0.581,1.0,0.475,0.764,0.479,0.683,0.851,0.503,0.49,0.485,0.684,0.683,0.497,0.522
0.503,0.472,0.403,0.698,0.474,0.5,0.474,0.682,0.484,0.709,0.457,0.698,0.47,0.704,0.699,0.478,0.471,0.473,0.472,0.472,0.464,0.46,0.483,0.472,0.474,0.46,0.463,0.679,0.519,0.478,0.692,0.479,0.0,0.476,0.438,0.673,0.472,0.475,1.0,0.476,0.696,0.481,0.468,0.682,0.692,0.49,0.477,0.478,0.676,0.518
0.552,0.629,0.43,0.505,0.747,0.668,0.612,0.512,0.564,0.5,0.748,0.493,0.802,0.514,0.487,0.618,0.676,0.724,0.75,0.608,0.717,0.784,0.756,0.694,0.651,0.692,0.774,0.508,0.554,0.576,0.463,0.754,0.0,0.755,0.667,0.502,0.606,0.764,0.476,1.0,0.471,0.66,0.787,0.497,0.503,0.497,0.676,0.676,0.487,0.553
0.504,0.481,0.396,0.774,0.477,0.483,0.458,0.73,0.485,0.759,0.453,0.728,0.472,0.78,0.755,0.458,0.466,0.459,0.468,0.457,0.447,0.454,0.475,0.476,0.478,0.462,0.474,0.749,0.517,0.487,0.894,0.476,0.0,0.449,0.434,0.662,0.458,0.479,0.696,0.471,1.0,0.47,0.459,0.753,0.756,0.475,0.467,0.466,0.716,0.513
0.537,0.706,0.436,0.474,0.691,0.73,0.602,0.495,0.538,0.467,0.647,0.478,0.682,0.483,0.465,0.601,0.717,0.682,0.677,0.602,0.64,0.662,0.679,0.754,0.732,0.728,0.679,0.475,0.538,0.535,0.457,0.694,0.0,0.669,0.693,0.475,0.602,0.683,0.481,0.66,0.47,1.0,0.713,0.478,0.479,0.474,0.749,0.749,0.484,0.534
0.549,0.647,0.432,0.486,0.748,0.683,0.609,0.499,0.565,0.478,0.722,0.486,0.776,0.494,0.476,0.61,0.684,0.723,0.746,0.604,0.717,0.776,0.767,0.7,0.672,0.674,0.837,0.487,0.547,0.551,0.453,0.773,0.0,0.768,0.657,0.476,0.603,0.851,0.468,0.787,0.459,0.713,1.0,0.488,0.49,0.485,0.677,0.677,0.486,0.542
0.507,0.509,0.418,0.771,0.499,0.487,0.476,0.906,0.508,0.742,0.474,0.744,0.488,0.771,0.747,0.48,0.487,0.478,0.484,0.47,0.456,0.475,0.484,0.497,0.5,0.496,0.491,0.956,0.55,0.507,0.719,0.492,0.0,0.468,0.456,0.669,0.47,0.503,0.682,0.497,0.753,0.478,0.488,1.0,0.95,0.497,0.47,0.47,0.743,0.533
0.528,0.507,0.407,0.775,0.509,0.483,0.479,0.896,0.508,0.766,0.486,0.759,0.493,0.778,0.746,0.488,0.5,0.476,0.486,0.472,0.463,0.479,0.484,0.51,0.489,0.487,0.483,0.942,0.561,0.516,0.721,0.495,0.0,0.477,0.463,0.682,0.473,0.49,0.692,0.503,0.756,0.479,0.49,0.95,1.0,0.49,0.476,0.476,0.727,0.531
0.546,0.498,0.437,0.488,0.493,0.499,0.49,0.495,0.529,0.473,0.471,0.487,0.477,0.491,0.484,0.491,0.477,0.479,0.489,0.49,0.491,0.479,0.488,0.477,0.481,0.481,0.489,0.488,0.61,0.532,0.474,0.484,0.0,0.468,0.444,0.487,0.489,0.485,0.49,0.497,0.475,0.474,0.485,0.497,0.49,1.0,0.511,0.51,0.504,0.665
0.529,0.714,0.433,0.469,0.683,0.733,0.572,0.479,0.532,0.467,0.632,0.475,0.667,0.478,0.479,0.568,0.709,0.66,0.654,0.572,0.654,0.647,0.667,0.729,0.716,0.721,0.664,0.469,0.517,0.527,0.462,0.687,0.0,0.654,0.667,0.463,0.572,0.684,0.477,0.676,0.467,0.749,0.677,0.47,0.476,0.511,1.0,0.998,0.479,0.528
0.527,0.715,0.432,0.468,0.682,0.733,0.571,0.478,0.532,0.467,0.632,0.475,0.667,0.478,0.479,0.567,0.708,0.66,0.653,0.571,0.655,0.647,0.666,0.73,0.716,0.72,0.663,0.469,0.516,0.527,0.461,0.687,0.0,0.653,0.667,0.462,0.571,0.683,0.478,0.676,0.466,0.749,0.677,0.47,0.476,0.51,0.998,1.0,0.479,0.527
0.522,0.51,0.421,0.71,0.491,0.495,0.481,0.725,0.516,0.713,0.47,0.697,0.495,0.719,0.71,0.481,0.48,0.478,0.489,0.479,0.462,0.472,0.485,0.491,0.51,0.503,0.492,0.728,0.548,0.511,0.692,0.483,0.0,0.468,0.454,0.658,0.479,0.497,0.676,0.487,0.716,0.484,0.486,0.743,0.727,0.504,0.479,0.479,1.0,0.55
0.601,0.509,0.468,0.539,0.537,0.547,0.535,0.545,0.597,0.526,0.529,0.532,0.548,0.538,0.542,0.535,0.528,0.523,0.545,0.529,0.502,0.53,0.533,0.548,0.526,0.527,0.526,0.533,0.834,0.585,0.5,0.524,0.0,0.526,0.502,0.53,0.528,0.522,0.518,0.553,0.513,0.534,0.542,0.533,0.531,0.665,0.528,0.527,0.55,1.0
