GCF_000163235.1_ASM16323v1_genomic.fna,GCF_000164555.1_ASM16455v1_genomic.fna,GCF_000208545.1_ASM20854v2_genomic.fna,GCF_000233875.1_ASM23387v1_genomic.fna,GCF_000249735.1_ASM24973v2_genomic.fna,GCF_000261145.1_Esch_coli_M919_V2_genomic.fna,GCF_000267705.2_ASM26770v2_genomic.fna,GCF_000350665.1_Esch_coli_KTE5_V1_genomic.fna,GCF_000351625.1_Esch_coli_KTE66_V1_genomic.fna,GCF_000352285.1_Esch_coli_KTE46_V1_genomic.fna,GCF_000358895.1_ASM35889v1_genomic.fna,GCF_000456385.1_Esch_coli_HVH_26_4-5703913_V1_genomic.fna,GCF_000458195.1_Esch_coli_HVH_147_4-5893887_V1_genomic.fna,GCF_000459755.1_Esch_coli_KOEGE_58_171a_V1_genomic.fna,GCF_000460055.1_Esch_coli_UMEA_3053-1_V1_genomic.fna,GCF_000462165.2_ASM46216v2_genomic.fna,GCF_000601135.1_ASM60113v1_genomic.fna,GCF_000614595.1_Ec2010EL1058_genomic.fna,GCF_000617745.1_Ec2010C-4529_genomic.fna,GCF_000618265.2_EcF6751_genomic.fna,GCF_000619005.2_Ec2009C-4052_genomic.fna,GCF_000619105.1_Ec2009C-4780_genomic.fna,GCF_000619765.2_Ec2009C-3279_genomic.fna,GCF_000687005.1_ASM68700v1_genomic.fna,GCF_000687025.1_ASM68702v1_genomic.fna,GCF_000700125.1_ASM70012v1_genomic.fna,GCF_000753315.1_FHI35_genomic.fna,GCF_000776375.1_ASM77637v1_genomic.fna,GCF_000779395.1_ASM77939v1_genomic.fna,GCF_000780315.1_ASM78031v1_genomic.fna,GCF_000781995.1_ASM78199v1_genomic.fna,GCF_000986765.1_ASM98676v1_genomic.fna,GCF_001041375.1_ViralProj287958_genomic.fna,GCF_001265335.1_302014_genomic.fna,GCF_001265625.1_100854_genomic.fna,GCF_001267345.1_303289_genomic.fna,GCF_001309985.1_ASM130998v1_genomic.fna,GCF_001521695.1_ASM152169v1_genomic.fna,GCF_001592595.1_ASM159259v1_genomic.fna,GCF_001614975.1_ASM161497v1_genomic.fna,GCF_001692775.1_ASM169277v1_genomic.fna,GCF_001748915.1_ASM174891v1_genomic.fna,GCF_001749235.1_ASM174923v1_genomic.fna,GCF_001881155.1_ASM188115v1_genomic.fna,GCF_001881345.1_ASM188134v1_genomic.fna,GCF_001892405.1_ASM189240v1_genomic.fna,GCF_001892585.1_ASM189258v1_genomic.fna,GCF_001893985.1_ASM189398v1_genomic.fna,GCF_002001595.1_ASM200159v1_genomic.fna,GCF_002002145.1_ASM200214v1_genomic.fna
1.0,0.576,0.484,0.507,0.568,0.551,0.526,0.518,0.639,0.516,0.551,0.521,0.548,0.491,0.489,0.537,0.545,0.56,0.554,0.523,0.526,0.557,0.546,0.563,0.554,0.53,0.545,0.51,0.594,0.652,0.48,0.558,0.0,0.548,0.523,0.487,0.523,0.577,0.494,0.549,0.489,0.55,0.556,0.503,0.514,0.515,0.55,0.55,0.488,0.582
0.576,1.0,0.453,0.504,0.691,0.797,0.572,0.511,0.536,0.51,0.65,0.522,0.65,0.483,0.489,0.584,0.729,0.643,0.654,0.569,0.63,0.65,0.634,0.804,0.812,0.707,0.652,0.506,0.545,0.545,0.475,0.67,0.0,0.641,0.75,0.474,0.57,0.695,0.477,0.649,0.484,0.716,0.672,0.512,0.519,0.465,0.711,0.712,0.486,0.529
0.484,0.453,1.0,0.403,0.445,0.431,0.414,0.425,0.469,0.403,0.431,0.424,0.431,0.409,0.412,0.422,0.437,0.43,0.439,0.415,0.43,0.44,0.447,0.441,0.438,0.414,0.439,0.411,0.461,0.466,0.4,0.44,0.0,0.442,0.404,0.404,0.413,0.452,0.406,0.436,0.411,0.441,0.457,0.422,0.421,0.413,0.455,0.455,0.403,0.471
0.507,0.504,0.403,1.0,0.482,0.498,0.456,0.749,0.484,0.751,0.466,0.766,0.475,0.791,0.802,0.459,0.487,0.491,0.492,0.451,0.458,0.481,0.471,0.5,0.502,0.47,0.474,0.786,0.536,0.488,0.742,0.497,0.0,0.47,0.459,0.655,0.45,0.49,0.696,0.468,0.76,0.481,0.484,0.771,0.765,0.484,0.494,0.494,0.706,0.525
0.568,0.691,0.445,0.482,1.0,0.698,0.576,0.501,0.545,0.506,0.784,0.491,0.752,0.493,0.483,0.59,0.687,0.69,0.708,0.572,0.7,0.716,0.692,0.693,0.695,0.675,0.718,0.5,0.556,0.557,0.467,0.718,0.0,0.713,0.656,0.48,0.571,0.745,0.477,0.733,0.48,0.711,0.733,0.486,0.492,0.481,0.706,0.706,0.491,0.531
0.551,0.797,0.431,0.498,0.698,1.0,0.586,0.504,0.53,0.504,0.659,0.486,0.665,0.498,0.484,0.593,0.733,0.649,0.658,0.578,0.629,0.656,0.635,0.819,0.833,0.718,0.646,0.509,0.556,0.538,0.468,0.667,0.0,0.664,0.772,0.489,0.579,0.679,0.483,0.66,0.479,0.725,0.66,0.492,0.495,0.465,0.726,0.725,0.49,0.528
0.526,0.572,0.414,0.456,0.576,0.586,1.0,0.467,0.534,0.451,0.57,0.453,0.573,0.449,0.441,0.954,0.58,0.624,0.606,0.983,0.621,0.614,0.619,0.585,0.576,0.567,0.591,0.458,0.513,0.519,0.435,0.584,0.0,0.603,0.558,0.455,0.985,0.578,0.457,0.578,0.437,0.588,0.596,0.462,0.467,0.449,0.568,0.568,0.436,0.514
0.518,0.511,0.425,0.749,0.501,0.504,0.467,1.0,0.5,0.726,0.475,0.741,0.495,0.742,0.738,0.47,0.491,0.499,0.503,0.463,0.474,0.492,0.486,0.512,0.499,0.473,0.49,0.908,0.55,0.514,0.731,0.507,0.0,0.49,0.463,0.647,0.461,0.53,0.705,0.495,0.729,0.484,0.502,0.905,0.888,0.498,0.505,0.505,0.699,0.541
0.639,0.536,0.469,0.484,0.545,0.53,0.534,0.5,1.0,0.488,0.528,0.501,0.534,0.495,0.494,0.531,0.522,0.547,0.535,0.533,0.532,0.545,0.538,0.529,0.523,0.5,0.552,0.492,0.572,0.664,0.478,0.542,0.0,0.531,0.496,0.486,0.532,0.551,0.487,0.535,0.484,0.533,0.557,0.49,0.488,0.517,0.533,0.533,0.479,0.58
0.516,0.51,0.403,0.751,0.506,0.504,0.451,0.726,0.488,1.0,0.512,0.72,0.52,0.748,0.722,0.461,0.485,0.491,0.486,0.448,0.452,0.48,0.46,0.521,0.497,0.502,0.478,0.751,0.527,0.495,0.746,0.478,0.0,0.471,0.48,0.654,0.447,0.495,0.696,0.515,0.752,0.494,0.487,0.725,0.729,0.474,0.498,0.497,0.72,0.507
0.551,0.65,0.431,0.466,0.784,0.659,0.57,0.475,0.528,0.512,1.0,0.467,0.793,0.49,0.467,0.586,0.645,0.7,0.699,0.566,0.684,0.709,0.676,0.698,0.656,0.676,0.699,0.487,0.525,0.537,0.448,0.702,0.0,0.695,0.677,0.476,0.566,0.714,0.468,0.748,0.454,0.678,0.713,0.465,0.468,0.462,0.652,0.653,0.471,0.522
0.521,0.522,0.424,0.766,0.491,0.486,0.453,0.741,0.501,0.72,0.467,1.0,0.482,0.759,0.856,0.456,0.497,0.486,0.486,0.451,0.469,0.48,0.481,0.504,0.485,0.474,0.479,0.747,0.54,0.516,0.718,0.495,0.0,0.469,0.453,0.642,0.451,0.498,0.709,0.477,0.739,0.472,0.49,0.756,0.758,0.49,0.496,0.496,0.678,0.536
0.548,0.65,0.431,0.475,0.752,0.665,0.573,0.495,0.534,0.52,0.793,0.482,1.0,0.491,0.477,0.581,0.647,0.722,0.743,0.569,0.722,0.777,0.747,0.703,0.659,0.684,0.753,0.503,0.535,0.545,0.454,0.728,0.0,0.765,0.675,0.476,0.57,0.756,0.48,0.801,0.46,0.686,0.758,0.481,0.479,0.463,0.673,0.673,0.488,0.524
0.491,0.483,0.409,0.791,0.493,0.498,0.449,0.742,0.495,0.748,0.49,0.759,0.491,1.0,0.804,0.453,0.48,0.488,0.484,0.446,0.457,0.482,0.471,0.485,0.488,0.471,0.477,0.792,0.543,0.492,0.737,0.491,0.0,0.472,0.448,0.664,0.445,0.497,0.693,0.486,0.757,0.478,0.482,0.763,0.758,0.489,0.491,0.491,0.717,0.534
0.489,0.489,0.412,0.802,0.483,0.484,0.441,0.738,0.494,0.722,0.467,0.856,0.477,0.804,1.0,0.447,0.487,0.484,0.481,0.437,0.454,0.483,0.469,0.479,0.479,0.464,0.474,0.763,0.541,0.495,0.74,0.489,0.0,0.472,0.443,0.654,0.436,0.491,0.705,0.472,0.756,0.467,0.485,0.756,0.752,0.49,0.506,0.506,0.696,0.55
0.537,0.584,0.422,0.459,0.59,0.593,0.954,0.47,0.531,0.461,0.586,0.456,0.581,0.453,0.447,1.0,0.59,0.624,0.613,0.945,0.609,0.627,0.607,0.592,0.587,0.576,0.583,0.464,0.518,0.523,0.434,0.587,0.0,0.603,0.56,0.458,0.946,0.584,0.456,0.586,0.439,0.595,0.596,0.462,0.469,0.451,0.576,0.576,0.446,0.511
0.545,0.729,0.437,0.487,0.687,0.733,0.58,0.491,0.522,0.485,0.645,0.497,0.647,0.48,0.487,0.59,1.0,0.645,0.642,0.574,0.621,0.665,0.646,0.76,0.748,0.755,0.639,0.489,0.533,0.526,0.454,0.692,0.0,0.66,0.692,0.492,0.576,0.655,0.475,0.659,0.455,0.713,0.658,0.489,0.495,0.453,0.722,0.722,0.467,0.511
0.56,0.643,0.43,0.491,0.69,0.649,0.624,0.499,0.547,0.491,0.7,0.486,0.722,0.488,0.484,0.624,0.645,1.0,0.778,0.618,0.741,0.769,0.747,0.655,0.641,0.633,0.72,0.5,0.536,0.529,0.463,0.709,0.0,0.727,0.622,0.494,0.619,0.717,0.494,0.703,0.465,0.663,0.728,0.49,0.49,0.469,0.651,0.651,0.472,0.528
0.554,0.654,0.439,0.492,0.708,0.658,0.606,0.503,0.535,0.486,0.699,0.486,0.743,0.484,0.481,0.613,0.642,0.778,1.0,0.599,0.751,0.761,0.735,0.666,0.656,0.635,0.737,0.497,0.543,0.543,0.465,0.722,0.0,0.721,0.638,0.487,0.601,0.737,0.49,0.728,0.468,0.677,0.739,0.487,0.487,0.468,0.667,0.666,0.476,0.533
0.523,0.569,0.415,0.451,0.572,0.578,0.983,0.463,0.533,0.448,0.566,0.451,0.569,0.446,0.437,0.945,0.574,0.618,0.599,1.0,0.62,0.607,0.615,0.58,0.571,0.563,0.591,0.454,0.51,0.515,0.435,0.582,0.0,0.597,0.552,0.451,0.991,0.574,0.454,0.575,0.438,0.584,0.592,0.461,0.465,0.451,0.565,0.565,0.433,0.514
0.526,0.63,0.43,0.458,0.7,0.629,0.621,0.474,0.532,0.452,0.684,0.469,0.722,0.457,0.454,0.609,0.621,0.741,0.751,0.62,1.0,0.76,0.766,0.637,0.626,0.623,0.738,0.463,0.5,0.531,0.445,0.713,0.0,0.737,0.6,0.465,0.62,0.721,0.463,0.708,0.454,0.639,0.729,0.468,0.468,0.454,0.649,0.65,0.445,0.511
0.557,0.65,0.44,0.481,0.716,0.656,0.614,0.492,0.545,0.48,0.709,0.48,0.777,0.482,0.483,0.627,0.665,0.769,0.761,0.607,0.76,1.0,0.912,0.66,0.653,0.635,0.748,0.494,0.54,0.534,0.452,0.739,0.0,0.881,0.628,0.477,0.611,0.754,0.479,0.751,0.459,0.673,0.766,0.482,0.478,0.474,0.662,0.662,0.473,0.535
0.546,0.634,0.447,0.471,0.692,0.635,0.619,0.486,0.538,0.46,0.676,0.481,0.747,0.471,0.469,0.607,0.646,0.747,0.735,0.615,0.766,0.912,1.0,0.637,0.629,0.614,0.752,0.475,0.521,0.523,0.449,0.726,0.0,0.848,0.601,0.472,0.618,0.736,0.483,0.721,0.455,0.645,0.743,0.482,0.481,0.478,0.635,0.635,0.456,0.532
0.563,0.804,0.441,0.5,0.693,0.819,0.585,0.512,0.529,0.521,0.698,0.504,0.703,0.485,0.479,0.592,0.76,0.655,0.666,0.58,0.637,0.66,0.637,1.0,0.849,0.773,0.654,0.508,0.539,0.542,0.467,0.659,0.0,0.656,0.822,0.482,0.581,0.671,0.466,0.694,0.474,0.734,0.665,0.493,0.492,0.466,0.718,0.718,0.484,0.524
0.554,0.812,0.438,0.502,0.695,0.833,0.576,0.499,0.523,0.497,0.656,0.485,0.659,0.488,0.479,0.587,0.748,0.641,0.656,0.571,0.626,0.653,0.629,0.849,1.0,0.75,0.643,0.504,0.534,0.527,0.459,0.679,0.0,0.643,0.789,0.466,0.571,0.677,0.465,0.666,0.468,0.73,0.665,0.495,0.485,0.456,0.719,0.718,0.493,0.513
0.53,0.707,0.414,0.47,0.675,0.718,0.567,0.473,0.5,0.502,0.676,0.474,0.684,0.471,0.464,0.576,0.755,0.633,0.635,0.563,0.623,0.635,0.614,0.773,0.75,1.0,0.634,0.478,0.511,0.507,0.44,0.65,0.0,0.623,0.725,0.466,0.564,0.647,0.449,0.682,0.444,0.71,0.639,0.471,0.466,0.442,0.701,0.701,0.476,0.493
0.545,0.652,0.439,0.474,0.718,0.646,0.591,0.49,0.552,0.478,0.699,0.479,0.753,0.477,0.474,0.583,0.639,0.72,0.737,0.591,0.738,0.748,0.752,0.654,0.643,0.634,1.0,0.477,0.539,0.54,0.464,0.743,0.0,0.734,0.616,0.465,0.592,0.824,0.464,0.745,0.471,0.664,0.842,0.484,0.478,0.475,0.651,0.651,0.464,0.535
0.51,0.506,0.411,0.786,0.5,0.509,0.458,0.908,0.492,0.751,0.487,0.747,0.503,0.792,0.763,0.464,0.489,0.5,0.497,0.454,0.463,0.494,0.475,0.508,0.504,0.478,0.477,1.0,0.546,0.499,0.728,0.499,0.0,0.483,0.469,0.657,0.453,0.516,0.694,0.491,0.747,0.483,0.493,0.952,0.93,0.481,0.501,0.5,0.724,0.527
0.594,0.545,0.461,0.536,0.556,0.556,0.513,0.55,0.572,0.527,0.525,0.54,0.535,0.543,0.541,0.518,0.533,0.536,0.543,0.51,0.5,0.54,0.521,0.539,0.534,0.511,0.539,0.546,1.0,0.565,0.514,0.54,0.0,0.537,0.506,0.523,0.509,0.551,0.506,0.532,0.519,0.538,0.543,0.529,0.531,0.583,0.54,0.54,0.513,0.834
0.652,0.545,0.466,0.488,0.557,0.538,0.519,0.514,0.664,0.495,0.537,0.516,0.545,0.492,0.495,0.523,0.526,0.529,0.543,0.515,0.531,0.534,0.523,0.542,0.527,0.507,0.54,0.499,0.565,1.0,0.482,0.532,0.0,0.53,0.502,0.484,0.514,0.551,0.486,0.541,0.49,0.532,0.554,0.499,0.496,0.519,0.533,0.534,0.48,0.572
0.48,0.475,0.4,0.742,0.467,0.468,0.435,0.731,0.478,0.746,0.448,0.718,0.454,0.737,0.74,0.434,0.454,0.463,0.465,0.435,0.445,0.452,0.449,0.467,0.459,0.44,0.464,0.728,0.514,0.482,1.0,0.471,0.0,0.45,0.432,0.645,0.434,0.477,0.675,0.461,0.888,0.457,0.469,0.734,0.729,0.48,0.473,0.473,0.693,0.518
0.558,0.67,0.44,0.497,0.718,0.667,0.584,0.507,0.542,0.478,0.702,0.495,0.728,0.491,0.489,0.587,0.692,0.709,0.722,0.582,0.713,0.739,0.726,0.659,0.679,0.65,0.743,0.499,0.54,0.532,0.471,1.0,0.0,0.725,0.618,0.471,0.582,0.771,0.481,0.755,0.466,0.675,0.766,0.492,0.493,0.469,0.679,0.68,0.466,0.526
0.0,0.0,0.0,0.0,0.0,0.0,0.0,0.0,0.0,0.0,0.0,0.0,0.0,0.0,0.0,0.0,0.0,0.0,0.0,0.0,0.0,0.0,0.0,0.0,0.0,0.0,0.0,0.0,0.0,0.0,0.0,0.0,1.0,0.0,0.0,0.0,0.0,0.0,0.0,0.0,0.0,0.0,0.0,0.0,0.0,0.0,0.0,0.0,0.0,0.0
0.548,0.641,0.442,0.47,0.713,0.664,0.603,0.49,0.531,0.471,0.695,0.469,0.765,0.472,0.472,0.603,0.66,0.727,0.721,0.597,0.737,0.881,0.848,0.656,0.643,0.623,0.734,0.483,0.537,0.53,0.45,0.725,0.0,1.0,0.626,0.484,0.599,0.747,0.484,0.736,0.452,0.661,0.753,0.474,0.478,0.459,0.66,0.66,0.466,0.522
0.523,0.75,0.404,0.459,0.656,0.772,0.558,0.463,0.496,0.48,0.677,0.453,0.675,0.448,0.443,0.56,0.692,0.622,0.638,0.552,0.6,0.628,0.601,0.822,0.789,0.725,0.616,0.469,0.506,0.502,0.432,0.618,0.0,0.626,1.0,0.446,0.555,0.63,0.443,0.655,0.434,0.696,0.635,0.45,0.451,0.431,0.673,0.672,0.442,0.48
0.487,0.474,0.404,0.655,0.48,0.489,0.455,0.647,0.486,0.654,0.476,0.642,0.476,0.664,0.654,0.458,0.492,0.494,0.487,0.451,0.465,0.477,0.472,0.482,0.466,0.466,0.465,0.657,0.523,0.484,0.645,0.471,0.0,0.484,0.446,1.0,0.451,0.469,0.645,0.483,0.655,0.468,0.473,0.64,0.639,0.463,0.472,0.471,0.643,0.519
0.523,0.57,0.413,0.45,0.571,0.579,0.985,0.461,0.532,0.447,0.566,0.451,0.57,0.445,0.436,0.946,0.576,0.619,0.601,0.991,0.62,0.611,0.618,0.581,0.571,0.564,0.592,0.453,0.509,0.514,0.434,0.582,0.0,0.599,0.555,0.451,1.0,0.573,0.455,0.575,0.437,0.583,0.591,0.461,0.465,0.45,0.564,0.564,0.432,0.512
0.577,0.695,0.452,0.49,0.745,0.679,0.578,0.53,0.551,0.495,0.714,0.498,0.756,0.497,0.491,0.584,0.655,0.717,0.737,0.574,0.721,0.754,0.736,0.671,0.677,0.647,0.824,0.516,0.551,0.551,0.477,0.771,0.0,0.747,0.63,0.469,0.573,1.0,0.487,0.759,0.485,0.68,0.875,0.511,0.5,0.486,0.689,0.689,0.491,0.54
0.494,0.477,0.406,0.696,0.477,0.483,0.457,0.705,0.487,0.696,0.468,0.709,0.48,0.693,0.705,0.456,0.475,0.494,0.49,0.454,0.463,0.479,0.483,0.466,0.465,0.449,0.464,0.694,0.506,0.486,0.675,0.481,0.0,0.484,0.443,0.645,0.455,0.487,1.0,0.475,0.676,0.474,0.492,0.705,0.705,0.467,0.475,0.475,0.671,0.511
0.549,0.649,0.436,0.468,0.733,0.66,0.578,0.495,0.535,0.515,0.748,0.477,0.801,0.486,0.472,0.586,0.659,0.703,0.728,0.575,0.708,0.751,0.721,0.694,0.666,0.682,0.745,0.491,0.532,0.541,0.461,0.755,0.0,0.736,0.655,0.483,0.575,0.759,0.475,1.0,0.463,0.686,0.768,0.474,0.476,0.472,0.676,0.676,0.482,0.527
0.489,0.484,0.411,0.76,0.48,0.479,0.437,0.729,0.484,0.752,0.454,0.739,0.46,0.757,0.756,0.439,0.455,0.465,0.468,0.438,0.454,0.459,0.455,0.474,0.468,0.444,0.471,0.747,0.519,0.49,0.888,0.466,0.0,0.452,0.434,0.655,0.437,0.485,0.676,0.463,1.0,0.467,0.467,0.753,0.747,0.478,0.475,0.475,0.695,0.517
0.55,0.716,0.441,0.481,0.711,0.725,0.588,0.484,0.533,0.494,0.678,0.472,0.686,0.478,0.467,0.595,0.713,0.663,0.677,0.584,0.639,0.673,0.645,0.734,0.73,0.71,0.664,0.483,0.538,0.532,0.457,0.675,0.0,0.661,0.696,0.468,0.583,0.68,0.474,0.686,0.467,1.0,0.698,0.474,0.473,0.452,0.733,0.733,0.471,0.515
0.556,0.672,0.457,0.484,0.733,0.66,0.596,0.502,0.557,0.487,0.713,0.49,0.758,0.482,0.485,0.596,0.658,0.728,0.739,0.592,0.729,0.766,0.743,0.665,0.665,0.639,0.842,0.493,0.543,0.554,0.469,0.766,0.0,0.753,0.635,0.473,0.591,0.875,0.492,0.768,0.467,0.698,1.0,0.488,0.486,0.484,0.683,0.683,0.477,0.535
0.503,0.512,0.422,0.771,0.486,0.492,0.462,0.905,0.49,0.725,0.465,0.756,0.481,0.763,0.756,0.462,0.489,0.49,0.487,0.461,0.468,0.482,0.482,0.493,0.495,0.471,0.484,0.952,0.529,0.499,0.734,0.492,0.0,0.474,0.45,0.64,0.461,0.511,0.705,0.474,0.753,0.474,0.488,1.0,0.959,0.488,0.493,0.493,0.708,0.53
0.514,0.519,0.421,0.765,0.492,0.495,0.467,0.888,0.488,0.729,0.468,0.758,0.479,0.758,0.752,0.469,0.495,0.49,0.487,0.465,0.468,0.478,0.481,0.492,0.485,0.466,0.478,0.93,0.531,0.496,0.729,0.493,0.0,0.478,0.451,0.639,0.465,0.5,0.705,0.476,0.747,0.473,0.486,0.959,1.0,0.484,0.495,0.495,0.696,0.528
0.515,0.465,0.413,0.484,0.481,0.465,0.449,0.498,0.517,0.474,0.462,0.49,0.463,0.489,0.49,0.451,0.453,0.469,0.468,0.451,0.454,0.474,0.478,0.466,0.456,0.442,0.475,0.481,0.583,0.519,0.48,0.469,0.0,0.459,0.431,0.463,0.45,0.486,0.467,0.472,0.478,0.452,0.484,0.488,0.484,1.0,0.492,0.492,0.472,0.656
0.55,0.711,0.455,0.494,0.706,0.726,0.568,0.505,0.533,0.498,0.652,0.496,0.673,0.491,0.506,0.576,0.722,0.651,0.667,0.565,0.649,0.662,0.635,0.718,0.719,0.701,0.651,0.501,0.54,0.533,0.473,0.679,0.0,0.66,0.673,0.472,0.564,0.689,0.475,0.676,0.475,0.733,0.683,0.493,0.495,0.492,1.0,0.999,0.492,0.539
0.55,0.712,0.455,0.494,0.706,0.725,0.568,0.505,0.533,0.497,0.653,0.496,0.673,0.491,0.506,0.576,0.722,0.651,0.666,0.565,0.65,0.662,0.635,0.718,0.718,0.701,0.651,0.5,0.54,0.534,0.473,0.68,0.0,0.66,0.672,0.471,0.564,0.689,0.475,0.676,0.475,0.733,0.683,0.493,0.495,0.492,0.999,1.0,0.491,0.539
0.488,0.486,0.403,0.706,0.491,0.49,0.436,0.699,0.479,0.72,0.471,0.678,0.488,0.717,0.696,0.446,0.467,0.472,0.476,0.433,0.445,0.473,0.456,0.484,0.493,0.476,0.464,0.724,0.513,0.48,0.693,0.466,0.0,0.466,0.442,0.643,0.432,0.491,0.671,0.482,0.695,0.471,0.477,0.708,0.696,0.472,0.492,0.491,1.0,0.503
0.582,0.529,0.471,0.525,0.531,0.528,0.514,0.541,0.58,0.507,0.522,0.536,0.524,0.534,0.55,0.511,0.511,0.528,0.533,0.514,0.511,0.535,0.532,0.524,0.513,0.493,0.535,0.527,0.834,0.572,0.518,0.526,0.0,0.522,0.48,0.519,0.512,0.54,0.511,0.527,0.517,0.515,0.535,0.53,0.528,0.656,0.539,0.539,0.503,1.0
