GCF_000163235.1_ASM16323v1_genomic.fna,GCF_000164555.1_ASM16455v1_genomic.fna,GCF_000208545.1_ASM20854v2_genomic.fna,GCF_000233875.1_ASM23387v1_genomic.fna,GCF_000249735.1_ASM24973v2_genomic.fna,GCF_000261145.1_Esch_coli_M919_V2_genomic.fna,GCF_000267705.2_ASM26770v2_genomic.fna,GCF_000350665.1_Esch_coli_KTE5_V1_genomic.fna,GCF_000351625.1_Esch_coli_KTE66_V1_genomic.fna,GCF_000352285.1_Esch_coli_KTE46_V1_genomic.fna,GCF_000358895.1_ASM35889v1_genomic.fna,GCF_000456385.1_Esch_coli_HVH_26_4-5703913_V1_genomic.fna,GCF_000458195.1_Esch_coli_HVH_147_4-5893887_V1_genomic.fna,GCF_000459755.1_Esch_coli_KOEGE_58_171a_V1_genomic.fna,GCF_000460055.1_Esch_coli_UMEA_3053-1_V1_genomic.fna,GCF_000462165.2_ASM46216v2_genomic.fna,GCF_000601135.1_ASM60113v1_genomic.fna,GCF_000614595.1_Ec2010EL1058_genomic.fna,GCF_000617745.1_Ec2010C-4529_genomic.fna,GCF_000618265.2_EcF6751_genomic.fna,GCF_000619005.2_Ec2009C-4052_genomic.fna,GCF_000619105.1_Ec2009C-4780_genomic.fna,GCF_000619765.2_Ec2009C-3279_genomic.fna,GCF_000687005.1_ASM68700v1_genomic.fna,GCF_000687025.1_ASM68702v1_genomic.fna,GCF_000700125.1_ASM70012v1_genomic.fna,GCF_000753315.1_FHI35_genomic.fna,GCF_000776375.1_ASM77637v1_genomic.fna,GCF_000779395.1_ASM77939v1_genomic.fna,GCF_000780315.1_ASM78031v1_genomic.fna,GCF_000781995.1_ASM78199v1_genomic.fna,GCF_000986765.1_ASM98676v1_genomic.fna,GCF_001041375.1_ViralProj287958_genomic.fna,GCF_001265335.1_302014_genomic.fna,GCF_001265625.1_100854_genomic.fna,GCF_001267345.1_303289_genomic.fna,GCF_001309985.1_ASM130998v1_genomic.fna,GCF_001521695.1_ASM152169v1_genomic.fna,GCF_001592595.1_ASM159259v1_genomic.fna,GCF_001614975.1_ASM161497v1_genomic.fna,GCF_001692775.1_ASM169277v1_genomic.fna,GCF_001748915.1_ASM174891v1_genomic.fna,GCF_001749235.1_ASM174923v1_genomic.fna,GCF_001881155.1_ASM188115v1_genomic.fna,GCF_001881345.1_ASM188134v1_genomic.fna,GCF_001892405.1_ASM189240v1_genomic.fna,GCF_001892585.1_ASM189258v1_genomic.fna,GCF_001893985.1_ASM189398v1_genomic.fna,GCF_002001595.1_ASM200159v1_genomic.fna,GCF_002002145.1_ASM200214v1_genomic.fna
1.0,0.913,0.892,0.887,0.895,0.902,0.91,0.897,0.921,0.885,0.88,0.891,0.905,0.881,0.886,0.909,0.903,0.907,0.909,0.908,0.907,0.902,0.913,0.89,0.898,0.89,0.899,0.89,0.907,0.914,0.895,0.908,0.016,0.904,0.887,0.891,0.908,0.898,0.888,0.907,0.89,0.896,0.903,0.894,0.894,0.889,0.901,0.901,0.882,0.902
0.913,1.0,0.89,0.889,0.927,0.947,0.914,0.893,0.907,0.882,0.905,0.886,0.926,0.88,0.884,0.915,0.931,0.93,0.926,0.913,0.927,0.926,0.934,0.941,0.945,0.92,0.921,0.889,0.902,0.898,0.895,0.927,0.015,0.927,0.928,0.883,0.912,0.927,0.885,0.926,0.887,0.93,0.925,0.895,0.895,0.898,0.933,0.933,0.881,0.895
0.892,0.89,1.0,0.888,0.884,0.888,0.877,0.885,0.894,0.885,0.886,0.896,0.894,0.889,0.888,0.878,0.885,0.886,0.89,0.878,0.883,0.893,0.889,0.891,0.896,0.894,0.904,0.894,0.897,0.897,0.877,0.888,0.014,0.887,0.888,0.883,0.877,0.891,0.894,0.894,0.885,0.882,0.9,0.887,0.88,0.878,0.876,0.876,0.895,0.901
0.887,0.889,0.888,1.0,0.875,0.885,0.88,0.927,0.886,0.93,0.887,0.941,0.892,0.942,0.949,0.882,0.881,0.883,0.886,0.88,0.884,0.889,0.892,0.895,0.89,0.892,0.898,0.937,0.889,0.892,0.921,0.887,0.016,0.891,0.888,0.909,0.879,0.886,0.927,0.885,0.936,0.879,0.888,0.932,0.933,0.877,0.878,0.878,0.924,0.9
0.895,0.927,0.884,0.875,1.0,0.921,0.914,0.878,0.904,0.871,0.918,0.873,0.923,0.875,0.878,0.909,0.916,0.934,0.929,0.913,0.931,0.922,0.931,0.912,0.919,0.899,0.923,0.875,0.899,0.901,0.888,0.934,0.015,0.922,0.905,0.878,0.913,0.934,0.88,0.93,0.882,0.925,0.931,0.879,0.878,0.897,0.928,0.928,0.873,0.891
0.902,0.947,0.888,0.885,0.921,1.0,0.914,0.897,0.909,0.877,0.906,0.884,0.932,0.878,0.881,0.914,0.935,0.929,0.933,0.91,0.924,0.925,0.932,0.939,0.942,0.918,0.92,0.888,0.902,0.904,0.889,0.911,0.014,0.929,0.927,0.893,0.91,0.929,0.886,0.924,0.886,0.925,0.926,0.893,0.894,0.885,0.929,0.93,0.882,0.898
0.91,0.914,0.877,0.88,0.914,0.914,1.0,0.891,0.913,0.873,0.894,0.879,0.91,0.88,0.877,0.988,0.907,0.934,0.915,0.995,0.925,0.922,0.921,0.896,0.903,0.89,0.913,0.884,0.898,0.894,0.886,0.921,0.015,0.913,0.895,0.886,0.996,0.913,0.889,0.913,0.885,0.908,0.921,0.891,0.891,0.893,0.911,0.91,0.874,0.899
0.897,0.893,0.885,0.927,0.878,0.897,0.891,1.0,0.89,0.92,0.883,0.925,0.897,0.923,0.921,0.891,0.889,0.885,0.894,0.889,0.884,0.896,0.898,0.893,0.896,0.882,0.893,0.974,0.907,0.905,0.927,0.886,0.015,0.902,0.884,0.909,0.889,0.897,0.93,0.895,0.933,0.883,0.899,0.977,0.969,0.879,0.884,0.885,0.913,0.905
0.921,0.907,0.894,0.886,0.904,0.909,0.913,0.89,1.0,0.883,0.888,0.883,0.902,0.886,0.889,0.911,0.903,0.906,0.908,0.911,0.906,0.904,0.916,0.897,0.901,0.884,0.904,0.885,0.906,0.919,0.898,0.903,0.016,0.903,0.89,0.89,0.911,0.898,0.89,0.904,0.891,0.9,0.903,0.89,0.891,0.892,0.911,0.911,0.88,0.905
0.885,0.882,0.885,0.93,0.871,0.877,0.873,0.92,0.883,1.0,0.899,0.932,0.896,0.936,0.919,0.873,0.875,0.878,0.881,0.872,0.873,0.884,0.884,0.895,0.885,0.885,0.895,0.93,0.893,0.89,0.917,0.871,0.015,0.885,0.893,0.899,0.871,0.879,0.922,0.888,0.931,0.872,0.881,0.924,0.921,0.869,0.869,0.87,0.928,0.902
0.88,0.905,0.886,0.887,0.918,0.906,0.894,0.883,0.888,0.899,1.0,0.886,0.937,0.89,0.882,0.895,0.903,0.915,0.92,0.891,0.912,0.927,0.923,0.929,0.907,0.91,0.932,0.887,0.888,0.894,0.876,0.905,0.016,0.922,0.921,0.871,0.891,0.921,0.884,0.929,0.882,0.895,0.927,0.884,0.881,0.864,0.894,0.895,0.897,0.889
0.891,0.886,0.896,0.941,0.873,0.884,0.879,0.925,0.883,0.932,0.886,1.0,0.895,0.942,0.947,0.877,0.881,0.88,0.884,0.877,0.881,0.89,0.89,0.9,0.891,0.896,0.895,0.934,0.896,0.893,0.913,0.882,0.017,0.894,0.898,0.908,0.877,0.88,0.927,0.888,0.93,0.879,0.888,0.933,0.932,0.88,0.878,0.878,0.924,0.898
0.905,0.926,0.894,0.892,0.923,0.932,0.91,0.897,0.902,0.896,0.937,0.895,1.0,0.886,0.892,0.909,0.922,0.937,0.943,0.907,0.939,0.955,0.953,0.931,0.931,0.921,0.952,0.891,0.905,0.913,0.892,0.93,0.015,0.952,0.919,0.888,0.907,0.944,0.892,0.949,0.896,0.916,0.948,0.896,0.891,0.882,0.918,0.919,0.889,0.9
0.881,0.88,0.889,0.942,0.875,0.878,0.88,0.923,0.886,0.936,0.89,0.942,0.886,1.0,0.944,0.879,0.874,0.878,0.877,0.879,0.875,0.883,0.884,0.896,0.883,0.889,0.895,0.939,0.893,0.889,0.926,0.873,0.016,0.885,0.894,0.91,0.878,0.877,0.93,0.882,0.94,0.876,0.878,0.934,0.932,0.872,0.878,0.877,0.929,0.902
0.886,0.884,0.888,0.949,0.878,0.881,0.877,0.921,0.889,0.919,0.882,0.947,0.892,0.944,1.0,0.874,0.882,0.882,0.886,0.875,0.881,0.885,0.889,0.892,0.886,0.885,0.897,0.927,0.894,0.89,0.923,0.881,0.015,0.887,0.884,0.908,0.874,0.881,0.925,0.883,0.935,0.876,0.884,0.924,0.925,0.873,0.881,0.881,0.914,0.906
0.909,0.915,0.878,0.882,0.909,0.914,0.988,0.891,0.911,0.873,0.895,0.877,0.909,0.879,0.874,1.0,0.905,0.927,0.919,0.988,0.922,0.92,0.92,0.896,0.905,0.892,0.913,0.885,0.9,0.896,0.886,0.917,0.016,0.914,0.896,0.886,0.988,0.912,0.892,0.911,0.884,0.905,0.917,0.89,0.893,0.892,0.908,0.908,0.878,0.899
0.903,0.931,0.885,0.881,0.916,0.935,0.907,0.889,0.903,0.875,0.903,0.881,0.922,0.874,0.882,0.905,1.0,0.921,0.923,0.905,0.92,0.925,0.934,0.929,0.937,0.928,0.923,0.879,0.895,0.899,0.881,0.923,0.015,0.926,0.918,0.888,0.905,0.923,0.886,0.928,0.877,0.919,0.926,0.887,0.89,0.883,0.924,0.924,0.879,0.891
0.907,0.93,0.886,0.883,0.934,0.929,0.934,0.885,0.906,0.878,0.915,0.88,0.937,0.878,0.882,0.927,0.921,1.0,0.948,0.933,0.947,0.944,0.947,0.917,0.915,0.901,0.934,0.88,0.898,0.903,0.894,0.937,0.016,0.937,0.901,0.888,0.932,0.934,0.889,0.934,0.886,0.925,0.932,0.885,0.887,0.904,0.929,0.929,0.882,0.892
0.909,0.926,0.89,0.886,0.929,0.933,0.915,0.894,0.908,0.881,0.92,0.884,0.943,0.877,0.886,0.919,0.923,0.948,1.0,0.913,0.951,0.943,0.95,0.921,0.925,0.907,0.939,0.886,0.897,0.91,0.891,0.932,0.016,0.942,0.915,0.89,0.913,0.948,0.895,0.94,0.888,0.92,0.944,0.888,0.891,0.89,0.921,0.921,0.883,0.896
0.908,0.913,0.878,0.88,0.913,0.91,0.995,0.889,0.911,0.872,0.891,0.877,0.907,0.879,0.875,0.988,0.905,0.933,0.913,1.0,0.923,0.922,0.921,0.893,0.902,0.89,0.911,0.884,0.896,0.892,0.885,0.921,0.015,0.911,0.892,0.884,0.999,0.912,0.889,0.91,0.884,0.906,0.917,0.89,0.89,0.894,0.909,0.908,0.874,0.895
0.907,0.927,0.883,0.884,0.931,0.924,0.925,0.884,0.906,0.873,0.912,0.881,0.939,0.875,0.881,0.922,0.92,0.947,0.951,0.923,1.0,0.944,0.955,0.918,0.922,0.908,0.938,0.879,0.895,0.904,0.89,0.94,0.015,0.949,0.907,0.893,0.923,0.945,0.887,0.938,0.887,0.919,0.938,0.884,0.883,0.895,0.926,0.927,0.878,0.89
0.902,0.926,0.893,0.889,0.922,0.925,0.922,0.896,0.904,0.884,0.927,0.89,0.955,0.883,0.885,0.92,0.925,0.944,0.943,0.922,0.944,1.0,0.975,0.927,0.933,0.916,0.943,0.894,0.903,0.905,0.885,0.935,0.016,0.962,0.919,0.889,0.922,0.943,0.895,0.949,0.892,0.917,0.951,0.9,0.897,0.885,0.92,0.921,0.885,0.906
0.913,0.934,0.889,0.892,0.931,0.932,0.921,0.898,0.916,0.884,0.923,0.89,0.953,0.884,0.889,0.92,0.934,0.947,0.95,0.921,0.955,0.975,1.0,0.929,0.934,0.917,0.944,0.895,0.905,0.906,0.894,0.944,0.016,0.96,0.913,0.896,0.92,0.947,0.894,0.942,0.894,0.924,0.948,0.901,0.899,0.894,0.926,0.927,0.884,0.899
0.89,0.941,0.891,0.895,0.912,0.939,0.896,0.893,0.897,0.895,0.929,0.9,0.931,0.896,0.892,0.896,0.929,0.917,0.921,0.893,0.918,0.927,0.929,1.0,0.948,0.936,0.933,0.894,0.902,0.904,0.882,0.912,0.015,0.927,0.96,0.888,0.893,0.919,0.894,0.923,0.888,0.921,0.924,0.892,0.889,0.875,0.917,0.918,0.895,0.902
0.898,0.945,0.896,0.89,0.919,0.942,0.903,0.896,0.901,0.885,0.907,0.891,0.931,0.883,0.886,0.905,0.937,0.915,0.925,0.902,0.922,0.933,0.934,0.948,1.0,0.936,0.929,0.892,0.905,0.905,0.878,0.919,0.015,0.931,0.94,0.888,0.902,0.925,0.896,0.932,0.886,0.924,0.927,0.898,0.893,0.884,0.923,0.924,0.887,0.9
0.89,0.92,0.894,0.892,0.899,0.918,0.89,0.882,0.884,0.885,0.91,0.896,0.921,0.889,0.885,0.892,0.928,0.901,0.907,0.89,0.908,0.916,0.917,0.936,0.936,1.0,0.919,0.89,0.891,0.887,0.871,0.902,0.016,0.906,0.928,0.886,0.889,0.909,0.889,0.916,0.88,0.907,0.912,0.887,0.883,0.873,0.907,0.907,0.894,0.894
0.899,0.921,0.904,0.898,0.923,0.92,0.913,0.893,0.904,0.895,0.932,0.895,0.952,0.895,0.897,0.913,0.923,0.934,0.939,0.911,0.938,0.943,0.944,0.933,0.929,0.919,1.0,0.896,0.902,0.913,0.887,0.936,0.015,0.94,0.92,0.889,0.911,0.951,0.895,0.948,0.899,0.91,0.955,0.893,0.891,0.885,0.911,0.911,0.893,0.904
0.89,0.889,0.894,0.937,0.875,0.888,0.884,0.974,0.885,0.93,0.887,0.934,0.891,0.939,0.927,0.885,0.879,0.88,0.886,0.884,0.879,0.894,0.895,0.894,0.892,0.89,0.896,1.0,0.902,0.9,0.923,0.88,0.015,0.894,0.889,0.91,0.883,0.887,0.933,0.89,0.937,0.879,0.891,0.988,0.975,0.876,0.879,0.88,0.923,0.904
0.907,0.902,0.897,0.889,0.899,0.902,0.898,0.907,0.906,0.893,0.888,0.896,0.905,0.893,0.894,0.9,0.895,0.898,0.897,0.896,0.895,0.903,0.905,0.902,0.905,0.891,0.902,0.902,1.0,0.906,0.897,0.891,0.015,0.901,0.892,0.895,0.895,0.897,0.901,0.906,0.9,0.897,0.899,0.904,0.898,0.896,0.89,0.891,0.889,0.944
0.914,0.898,0.897,0.892,0.901,0.904,0.894,0.905,0.919,0.89,0.894,0.893,0.913,0.889,0.89,0.896,0.899,0.903,0.91,0.892,0.904,0.905,0.906,0.904,0.905,0.887,0.913,0.9,0.906,1.0,0.898,0.888,0.015,0.913,0.892,0.898,0.892,0.907,0.899,0.914,0.901,0.9,0.907,0.901,0.898,0.881,0.899,0.9,0.896,0.903
0.895,0.895,0.877,0.921,0.888,0.889,0.886,0.927,0.898,0.917,0.876,0.913,0.892,0.926,0.923,0.886,0.881,0.894,0.891,0.885,0.89,0.885,0.894,0.882,0.878,0.871,0.887,0.923,0.897,0.898,1.0,0.883,0.015,0.891,0.872,0.905,0.884,0.886,0.917,0.887,0.957,0.889,0.879,0.925,0.926,0.88,0.891,0.89,0.904,0.893
0.908,0.927,0.888,0.887,0.934,0.911,0.921,0.886,0.903,0.871,0.905,0.882,0.93,0.873,0.881,0.917,0.923,0.937,0.932,0.921,0.94,0.935,0.944,0.912,0.919,0.902,0.936,0.88,0.891,0.888,0.883,1.0,0.016,0.935,0.9,0.883,0.921,0.94,0.883,0.933,0.876,0.924,0.941,0.884,0.888,0.898,0.925,0.924,0.876,0.886
0.016,0.015,0.014,0.016,0.015,0.014,0.015,0.015,0.016,0.015,0.016,0.017,0.015,0.016,0.015,0.016,0.015,0.016,0.016,0.015,0.015,0.016,0.016,0.015,0.015,0.016,0.015,0.015,0.015,0.015,0.015,0.016,1.0,0.014,0.016,0.015,0.015,0.015,0.016,0.016,0.015,0.015,0.015,0.014,0.014,0.013,0.017,0.017,0.015,0.014
0.904,0.927,0.887,0.891,0.922,0.929,0.913,0.902,0.903,0.885,0.922,0.894,0.952,0.885,0.887,0.914,0.926,0.937,0.942,0.911,0.949,0.962,0.96,0.927,0.931,0.906,0.94,0.894,0.901,0.913,0.891,0.935,0.014,1.0,0.918,0.896,0.912,0.943,0.899,0.943,0.891,0.919,0.947,0.9,0.905,0.891,0.92,0.921,0.887,0.9
0.887,0.928,0.888,0.888,0.905,0.927,0.895,0.884,0.89,0.893,0.921,0.898,0.919,0.894,0.884,0.896,0.918,0.901,0.915,0.892,0.907,0.919,0.913,0.96,0.94,0.928,0.92,0.889,0.892,0.892,0.872,0.9,0.016,0.918,1.0,0.881,0.893,0.909,0.89,0.919,0.879,0.909,0.915,0.887,0.885,0.867,0.912,0.913,0.892,0.898
0.891,0.883,0.883,0.909,0.878,0.893,0.886,0.909,0.89,0.899,0.871,0.908,0.888,0.91,0.908,0.886,0.888,0.888,0.89,0.884,0.893,0.889,0.896,0.888,0.888,0.886,0.889,0.91,0.895,0.898,0.905,0.883,0.015,0.896,0.881,1.0,0.884,0.884,0.92,0.896,0.911,0.877,0.885,0.915,0.919,0.882,0.883,0.884,0.901,0.893
0.908,0.912,0.877,0.879,0.913,0.91,0.996,0.889,0.911,0.871,0.891,0.877,0.907,0.878,0.874,0.988,0.905,0.932,0.913,0.999,0.923,0.922,0.92,0.893,0.902,0.889,0.911,0.883,0.895,0.892,0.884,0.921,0.015,0.912,0.893,0.884,1.0,0.911,0.888,0.91,0.883,0.907,0.918,0.89,0.89,0.894,0.91,0.909,0.873,0.895
0.898,0.927,0.891,0.886,0.934,0.929,0.913,0.897,0.898,0.879,0.921,0.88,0.944,0.877,0.881,0.912,0.923,0.934,0.948,0.912,0.945,0.943,0.947,0.919,0.925,0.909,0.951,0.887,0.897,0.907,0.886,0.94,0.015,0.943,0.909,0.884,0.911,1.0,0.893,0.944,0.883,0.921,0.961,0.89,0.889,0.891,0.92,0.92,0.88,0.896
0.888,0.885,0.894,0.927,0.88,0.886,0.889,0.93,0.89,0.922,0.884,0.927,0.892,0.93,0.925,0.892,0.886,0.889,0.895,0.889,0.887,0.895,0.894,0.894,0.896,0.889,0.895,0.933,0.901,0.899,0.917,0.883,0.016,0.899,0.89,0.92,0.888,0.893,1.0,0.892,0.933,0.881,0.889,0.931,0.929,0.881,0.883,0.884,0.921,0.907
0.907,0.926,0.894,0.885,0.93,0.924,0.913,0.895,0.904,0.888,0.929,0.888,0.949,0.882,0.883,0.911,0.928,0.934,0.94,0.91,0.938,0.949,0.942,0.923,0.932,0.916,0.948,0.89,0.906,0.914,0.887,0.933,0.016,0.943,0.919,0.896,0.91,0.944,0.892,1.0,0.891,0.915,0.953,0.894,0.891,0.886,0.92,0.921,0.891,0.901
0.89,0.887,0.885,0.936,0.882,0.886,0.885,0.933,0.891,0.931,0.882,0.93,0.896,0.94,0.935,0.884,0.877,0.886,0.888,0.884,0.887,0.892,0.894,0.888,0.886,0.88,0.899,0.937,0.9,0.901,0.957,0.876,0.015,0.891,0.879,0.911,0.883,0.883,0.933,0.891,1.0,0.888,0.884,0.938,0.931,0.872,0.881,0.881,0.912,0.901
0.896,0.93,0.882,0.879,0.925,0.925,0.908,0.883,0.9,0.872,0.895,0.879,0.916,0.876,0.876,0.905,0.919,0.925,0.92,0.906,0.919,0.917,0.924,0.921,0.924,0.907,0.91,0.879,0.897,0.9,0.889,0.924,0.015,0.919,0.909,0.877,0.907,0.921,0.881,0.915,0.888,1.0,0.923,0.884,0.886,0.897,0.94,0.94,0.871,0.89
0.903,0.925,0.9,0.888,0.931,0.926,0.921,0.899,0.903,0.881,0.927,0.888,0.948,0.878,0.884,0.917,0.926,0.932,0.944,0.917,0.938,0.951,0.948,0.924,0.927,0.912,0.955,0.891,0.899,0.907,0.879,0.941,0.015,0.947,0.915,0.885,0.918,0.961,0.889,0.953,0.884,0.923,1.0,0.895,0.892,0.882,0.918,0.918,0.886,0.899
0.894,0.895,0.887,0.932,0.879,0.893,0.891,0.977,0.89,0.924,0.884,0.933,0.896,0.934,0.924,0.89,0.887,0.885,0.888,0.89,0.884,0.9,0.901,0.892,0.898,0.887,0.893,0.988,0.904,0.901,0.925,0.884,0.014,0.9,0.887,0.915,0.89,0.89,0.931,0.894,0.938,0.884,0.895,1.0,0.985,0.88,0.885,0.886,0.918,0.901
0.894,0.895,0.88,0.933,0.878,0.894,0.891,0.969,0.891,0.921,0.881,0.932,0.891,0.932,0.925,0.893,0.89,0.887,0.891,0.89,0.883,0.897,0.899,0.889,0.893,0.883,0.891,0.975,0.898,0.898,0.926,0.888,0.014,0.905,0.885,0.919,0.89,0.889,0.929,0.891,0.931,0.886,0.892,0.985,1.0,0.883,0.887,0.888,0.914,0.899
0.889,0.898,0.878,0.877,0.897,0.885,0.893,0.879,0.892,0.869,0.864,0.88,0.882,0.872,0.873,0.892,0.883,0.904,0.89,0.894,0.895,0.885,0.894,0.875,0.884,0.873,0.885,0.876,0.896,0.881,0.88,0.898,0.013,0.891,0.867,0.882,0.894,0.891,0.881,0.886,0.872,0.897,0.882,0.88,0.883,1.0,0.893,0.892,0.866,0.902
0.901,0.933,0.876,0.878,0.928,0.929,0.911,0.884,0.911,0.869,0.894,0.878,0.918,0.878,0.881,0.908,0.924,0.929,0.921,0.909,0.926,0.92,0.926,0.917,0.923,0.907,0.911,0.879,0.89,0.899,0.891,0.925,0.017,0.92,0.912,0.883,0.91,0.92,0.883,0.92,0.881,0.94,0.918,0.885,0.887,0.893,1.0,0.998,0.873,0.888
0.901,0.933,0.876,0.878,0.928,0.93,0.91,0.885,0.911,0.87,0.895,0.878,0.919,0.877,0.881,0.908,0.924,0.929,0.921,0.908,0.927,0.921,0.927,0.918,0.924,0.907,0.911,0.88,0.891,0.9,0.89,0.924,0.017,0.921,0.913,0.884,0.909,0.92,0.884,0.921,0.881,0.94,0.918,0.886,0.888,0.892,0.998,1.0,0.874,0.888
0.882,0.881,0.895,0.924,0.873,0.882,0.874,0.913,0.88,0.928,0.897,0.924,0.889,0.929,0.914,0.878,0.879,0.882,0.883,0.874,0.878,0.885,0.884,0.895,0.887,0.894,0.893,0.923,0.889,0.896,0.904,0.876,0.015,0.887,0.892,0.901,0.873,0.88,0.921,0.891,0.912,0.871,0.886,0.918,0.914,0.866,0.873,0.874,1.0,0.899
0.902,0.895,0.901,0.9,0.891,0.898,0.899,0.905,0.905,0.902,0.889,0.898,0.9,0.902,0.906,0.899,0.891,0.892,0.896,0.895,0.89,0.906,0.899,0.902,0.9,0.894,0.904,0.904,0.944,0.903,0.893,0.886,0.014,0.9,0.898,0.893,0.895,0.896,0.907,0.901,0.901,0.89,0.899,0.901,0.899,0.902,0.888,0.888,0.899,1.0
