GCF_000163235.1_ASM16323v1_genomic.fna,GCF_000164555.1_ASM16455v1_genomic.fna,GCF_000208545.1_ASM20854v2_genomic.fna,GCF_000233875.1_ASM23387v1_genomic.fna,GCF_000249735.1_ASM24973v2_genomic.fna,GCF_000261145.1_Esch_coli_M919_V2_genomic.fna,GCF_000267705.2_ASM26770v2_genomic.fna,GCF_000350665.1_Esch_coli_KTE5_V1_genomic.fna,GCF_000351625.1_Esch_coli_KTE66_V1_genomic.fna,GCF_000352285.1_Esch_coli_KTE46_V1_genomic.fna,GCF_000358895.1_ASM35889v1_genomic.fna,GCF_000456385.1_Esch_coli_HVH_26_4-5703913_V1_genomic.fna,GCF_000458195.1_Esch_coli_HVH_147_4-5893887_V1_genomic.fna,GCF_000459755.1_Esch_coli_KOEGE_58_171a_V1_genomic.fna,GCF_000460055.1_Esch_coli_UMEA_3053-1_V1_genomic.fna,GCF_000462165.2_ASM46216v2_genomic.fna,GCF_000601135.1_ASM60113v1_genomic.fna,GCF_000614595.1_Ec2010EL1058_genomic.fna,GCF_000617745.1_Ec2010C-4529_genomic.fna,GCF_000618265.2_EcF6751_genomic.fna,GCF_000619005.2_Ec2009C-4052_genomic.fna,GCF_000619105.1_Ec2009C-4780_genomic.fna,GCF_000619765.2_Ec2009C-3279_genomic.fna,GCF_000687005.1_ASM68700v1_genomic.fna,GCF_000687025.1_ASM68702v1_genomic.fna,GCF_000700125.1_ASM70012v1_genomic.fna,GCF_000753315.1_FHI35_genomic.fna,GCF_000776375.1_ASM77637v1_genomic.fna,GCF_000779395.1_ASM77939v1_genomic.fna,GCF_000780315.1_ASM78031v1_genomic.fna,GCF_000781995.1_ASM78199v1_genomic.fna,GCF_000986765.1_ASM98676v1_genomic.fna,GCF_001041375.1_ViralProj287958_genomic.fna,GCF_001265335.1_302014_genomic.fna,GCF_001265625.1_100854_genomic.fna,GCF_001267345.1_303289_genomic.fna,GCF_001309985.1_ASM130998v1_genomic.fna,GCF_001521695.1_ASM152169v1_genomic.fna,GCF_001592595.1_ASM159259v1_genomic.fna,GCF_001614975.1_ASM161497v1_genomic.fna,GCF_001692775.1_ASM169277v1_genomic.fna,GCF_001748915.1_ASM174891v1_genomic.fna,GCF_001749235.1_ASM174923v1_genomic.fna,GCF_001881155.1_ASM188115v1_genomic.fna,GCF_001881345.1_ASM188134v1_genomic.fna,GCF_001892405.1_ASM189240v1_genomic.fna,GCF_001892585.1_ASM189258v1_genomic.fna,GCF_001893985.1_ASM189398v1_genomic.fna,GCF_002001595.1_ASM200159v1_genomic.fna,GCF_002002145.1_ASM200214v1_genomic.fna
1.0,0.466,0.415,0.437,0.467,0.456,0.458,0.426,0.606,0.442,0.482,0.418,0.482,0.427,0.402,0.464,0.45,0.457,0.454,0.457,0.43,0.471,0.473,0.474,0.464,0.454,0.473,0.43,0.529,0.57,0.405,0.43,0.0,0.462,0.443,0.432,0.457,0.473,0.421,0.47,0.421,0.445,0.463,0.418,0.423,0.456,0.445,0.444,0.41,0.514
0.466,1.0,0.379,0.419,0.637,0.793,0.519,0.432,0.468,0.431,0.609,0.419,0.631,0.417,0.409,0.532,0.712,0.617,0.596,0.516,0.566,0.615,0.619,0.795,0.813,0.714,0.604,0.427,0.465,0.477,0.386,0.598,0.0,0.611,0.752,0.416,0.518,0.639,0.415,0.626,0.398,0.666,0.611,0.434,0.426,0.409,0.676,0.676,0.418,0.458
0.415,0.379,1.0,0.342,0.373,0.37,0.349,0.342,0.398,0.347,0.348,0.335,0.38,0.335,0.332,0.353,0.368,0.359,0.366,0.349,0.354,0.37,0.375,0.366,0.37,0.368,0.37,0.339,0.391,0.405,0.323,0.366,0.0,0.365,0.342,0.346,0.349,0.373,0.339,0.376,0.337,0.364,0.378,0.347,0.338,0.351,0.37,0.369,0.351,0.398
0.437,0.419,0.342,1.0,0.408,0.408,0.395,0.715,0.428,0.74,0.409,0.717,0.418,0.762,0.761,0.399,0.41,0.404,0.408,0.394,0.379,0.422,0.421,0.41,0.421,0.408,0.405,0.759,0.494,0.423,0.701,0.405,0.0,0.406,0.38,0.625,0.394,0.418,0.667,0.404,0.73,0.397,0.403,0.742,0.744,0.434,0.404,0.402,0.681,0.491
0.467,0.637,0.373,0.408,1.0,0.642,0.5,0.426,0.459,0.421,0.745,0.415,0.697,0.412,0.414,0.502,0.631,0.662,0.663,0.497,0.654,0.681,0.693,0.621,0.631,0.606,0.684,0.419,0.457,0.486,0.395,0.666,0.0,0.682,0.594,0.406,0.5,0.707,0.426,0.696,0.41,0.616,0.688,0.416,0.427,0.41,0.633,0.635,0.406,0.449
0.456,0.793,0.37,0.408,0.642,1.0,0.532,0.436,0.461,0.418,0.614,0.41,0.634,0.409,0.409,0.532,0.707,0.618,0.607,0.529,0.58,0.62,0.636,0.773,0.804,0.698,0.604,0.421,0.462,0.466,0.381,0.604,0.0,0.626,0.75,0.414,0.531,0.635,0.441,0.625,0.4,0.675,0.613,0.419,0.425,0.406,0.677,0.678,0.406,0.455
0.458,0.519,0.349,0.395,0.5,0.532,1.0,0.399,0.457,0.386,0.502,0.384,0.518,0.397,0.386,0.955,0.532,0.557,0.558,0.989,0.546,0.557,0.584,0.522,0.513,0.512,0.532,0.388,0.433,0.464,0.365,0.511,0.0,0.538,0.498,0.414,0.99,0.52,0.406,0.508,0.378,0.511,0.52,0.391,0.391,0.4,0.499,0.497,0.376,0.448
0.426,0.432,0.342,0.715,0.426,0.436,0.399,1.0,0.422,0.724,0.411,0.705,0.427,0.719,0.704,0.401,0.413,0.415,0.421,0.398,0.384,0.419,0.429,0.419,0.417,0.409,0.421,0.911,0.488,0.426,0.68,0.416,0.0,0.416,0.387,0.604,0.398,0.453,0.68,0.417,0.7,0.411,0.42,0.907,0.901,0.439,0.413,0.412,0.655,0.47
0.606,0.468,0.398,0.428,0.459,0.461,0.457,0.422,1.0,0.43,0.479,0.4,0.495,0.418,0.4,0.466,0.453,0.467,0.454,0.457,0.439,0.487,0.479,0.474,0.469,0.451,0.479,0.427,0.505,0.603,0.386,0.451,0.0,0.47,0.444,0.436,0.457,0.471,0.414,0.478,0.394,0.45,0.471,0.415,0.42,0.443,0.44,0.438,0.408,0.504
0.442,0.431,0.347,0.74,0.421,0.418,0.386,0.724,0.43,1.0,0.427,0.702,0.433,0.728,0.719,0.393,0.407,0.422,0.415,0.385,0.38,0.428,0.421,0.411,0.423,0.409,0.418,0.739,0.487,0.436,0.733,0.402,0.0,0.413,0.389,0.636,0.385,0.43,0.687,0.422,0.749,0.405,0.414,0.721,0.728,0.422,0.405,0.403,0.69,0.462
0.482,0.609,0.348,0.409,0.745,0.614,0.502,0.411,0.479,0.427,1.0,0.397,0.728,0.405,0.402,0.512,0.603,0.682,0.672,0.501,0.649,0.7,0.684,0.649,0.621,0.611,0.682,0.415,0.454,0.469,0.382,0.651,0.0,0.665,0.63,0.412,0.502,0.674,0.405,0.713,0.391,0.613,0.683,0.404,0.406,0.399,0.601,0.602,0.397,0.451
0.418,0.419,0.335,0.717,0.415,0.41,0.384,0.705,0.4,0.702,0.397,1.0,0.409,0.725,0.843,0.383,0.401,0.396,0.414,0.385,0.388,0.411,0.416,0.4,0.401,0.395,0.408,0.716,0.484,0.427,0.671,0.405,0.0,0.408,0.373,0.598,0.385,0.423,0.66,0.404,0.709,0.4,0.406,0.72,0.717,0.436,0.409,0.411,0.644,0.473
0.482,0.631,0.38,0.418,0.697,0.634,0.518,0.427,0.495,0.433,0.728,0.409,1.0,0.406,0.415,0.528,0.622,0.716,0.719,0.516,0.707,0.798,0.785,0.637,0.629,0.614,0.756,0.424,0.47,0.49,0.389,0.695,0.0,0.776,0.606,0.422,0.518,0.744,0.416,0.764,0.401,0.618,0.736,0.412,0.414,0.413,0.609,0.609,0.409,0.463
0.427,0.417,0.335,0.762,0.412,0.409,0.397,0.719,0.418,0.728,0.405,0.725,0.406,1.0,0.758,0.4,0.403,0.407,0.403,0.396,0.376,0.409,0.417,0.394,0.405,0.394,0.402,0.75,0.485,0.419,0.693,0.4,0.0,0.403,0.376,0.611,0.396,0.415,0.675,0.405,0.725,0.395,0.398,0.738,0.741,0.432,0.396,0.394,0.67,0.476
0.402,0.409,0.332,0.761,0.414,0.409,0.386,0.704,0.4,0.719,0.402,0.843,0.415,0.758,1.0,0.391,0.41,0.401,0.405,0.386,0.38,0.417,0.425,0.39,0.402,0.394,0.401,0.729,0.472,0.413,0.693,0.401,0.0,0.412,0.373,0.606,0.386,0.415,0.67,0.409,0.721,0.393,0.396,0.719,0.722,0.431,0.407,0.404,0.66,0.488
0.464,0.532,0.353,0.399,0.502,0.532,0.955,0.401,0.466,0.393,0.512,0.383,0.528,0.4,0.391,1.0,0.539,0.562,0.555,0.952,0.532,0.567,0.578,0.528,0.524,0.517,0.525,0.396,0.439,0.468,0.365,0.503,0.0,0.542,0.51,0.418,0.956,0.517,0.41,0.519,0.378,0.512,0.519,0.39,0.393,0.4,0.5,0.498,0.386,0.455
0.45,0.712,0.368,0.41,0.631,0.707,0.532,0.413,0.453,0.407,0.603,0.401,0.622,0.403,0.41,0.539,1.0,0.603,0.597,0.531,0.577,0.614,0.631,0.714,0.715,0.738,0.606,0.414,0.452,0.462,0.379,0.62,0.0,0.623,0.655,0.425,0.533,0.612,0.413,0.619,0.39,0.666,0.606,0.413,0.424,0.405,0.682,0.681,0.396,0.457
0.457,0.617,0.359,0.404,0.662,0.618,0.557,0.415,0.467,0.422,0.682,0.396,0.716,0.407,0.401,0.562,0.603,1.0,0.745,0.553,0.697,0.734,0.731,0.614,0.605,0.604,0.71,0.411,0.46,0.467,0.381,0.666,0.0,0.697,0.586,0.431,0.553,0.678,0.414,0.698,0.391,0.615,0.68,0.405,0.409,0.404,0.604,0.603,0.403,0.465
0.454,0.596,0.366,0.408,0.663,0.607,0.558,0.421,0.454,0.415,0.672,0.414,0.719,0.403,0.405,0.555,0.597,0.745,1.0,0.556,0.718,0.731,0.741,0.602,0.589,0.587,0.722,0.415,0.434,0.464,0.392,0.684,0.0,0.702,0.577,0.423,0.555,0.696,0.43,0.699,0.406,0.627,0.7,0.416,0.419,0.409,0.597,0.6,0.397,0.442
0.457,0.516,0.349,0.394,0.497,0.529,0.989,0.398,0.457,0.385,0.501,0.385,0.516,0.396,0.386,0.952,0.531,0.553,0.556,1.0,0.547,0.554,0.58,0.521,0.511,0.511,0.531,0.387,0.433,0.464,0.365,0.511,0.0,0.535,0.497,0.415,0.993,0.518,0.405,0.507,0.378,0.511,0.519,0.39,0.39,0.4,0.499,0.497,0.376,0.448
0.43,0.566,0.354,0.379,0.654,0.58,0.546,0.384,0.439,0.38,0.649,0.388,0.707,0.376,0.38,0.532,0.577,0.697,0.718,0.547,1.0,0.712,0.735,0.568,0.564,0.572,0.7,0.38,0.412,0.446,0.37,0.696,0.0,0.699,0.554,0.4,0.547,0.679,0.394,0.693,0.375,0.572,0.694,0.384,0.387,0.406,0.564,0.567,0.37,0.427
0.471,0.615,0.37,0.422,0.681,0.62,0.557,0.419,0.487,0.428,0.7,0.411,0.798,0.409,0.417,0.567,0.614,0.734,0.731,0.554,0.712,1.0,0.923,0.626,0.624,0.609,0.735,0.421,0.46,0.473,0.385,0.702,0.0,0.872,0.603,0.432,0.554,0.719,0.418,0.744,0.398,0.6,0.725,0.408,0.41,0.41,0.602,0.602,0.412,0.459
0.473,0.619,0.375,0.421,0.693,0.636,0.584,0.429,0.479,0.421,0.684,0.416,0.785,0.417,0.425,0.578,0.631,0.731,0.741,0.58,0.735,0.923,1.0,0.616,0.627,0.609,0.752,0.422,0.457,0.481,0.391,0.719,0.0,0.877,0.587,0.431,0.581,0.728,0.432,0.734,0.409,0.608,0.731,0.42,0.422,0.413,0.609,0.609,0.41,0.459
0.474,0.795,0.366,0.41,0.621,0.773,0.522,0.419,0.474,0.411,0.649,0.4,0.637,0.394,0.39,0.528,0.714,0.614,0.602,0.521,0.568,0.626,0.616,1.0,0.819,0.718,0.607,0.413,0.455,0.459,0.373,0.593,0.0,0.608,0.799,0.417,0.523,0.6,0.403,0.626,0.383,0.665,0.606,0.403,0.412,0.391,0.657,0.657,0.393,0.444
0.464,0.813,0.37,0.421,0.631,0.804,0.513,0.417,0.469,0.423,0.621,0.401,0.629,0.405,0.402,0.524,0.715,0.605,0.589,0.511,0.564,0.624,0.627,0.819,1.0,0.741,0.594,0.421,0.456,0.454,0.379,0.605,0.0,0.609,0.78,0.416,0.513,0.605,0.414,0.617,0.391,0.661,0.601,0.421,0.418,0.395,0.655,0.654,0.412,0.439
0.454,0.714,0.368,0.408,0.606,0.698,0.512,0.409,0.451,0.409,0.611,0.395,0.614,0.394,0.394,0.517,0.738,0.604,0.587,0.511,0.572,0.609,0.609,0.718,0.741,1.0,0.594,0.41,0.452,0.452,0.365,0.581,0.0,0.585,0.679,0.408,0.513,0.6,0.408,0.616,0.383,0.668,0.588,0.417,0.41,0.393,0.677,0.675,0.41,0.449
0.473,0.604,0.37,0.405,0.684,0.604,0.532,0.421,0.479,0.418,0.682,0.408,0.756,0.402,0.401,0.525,0.606,0.71,0.722,0.531,0.7,0.735,0.752,0.607,0.594,0.594,1.0,0.413,0.45,0.485,0.388,0.716,0.0,0.72,0.565,0.412,0.533,0.825,0.41,0.736,0.399,0.609,0.828,0.422,0.418,0.422,0.599,0.599,0.394,0.454
0.43,0.427,0.339,0.759,0.419,0.421,0.388,0.911,0.427,0.739,0.415,0.716,0.424,0.75,0.729,0.396,0.414,0.411,0.415,0.387,0.38,0.421,0.422,0.413,0.421,0.41,0.413,1.0,0.488,0.426,0.69,0.412,0.0,0.41,0.385,0.622,0.387,0.435,0.679,0.416,0.718,0.403,0.407,0.966,0.955,0.437,0.408,0.407,0.675,0.469
0.529,0.465,0.391,0.494,0.457,0.462,0.433,0.488,0.505,0.487,0.454,0.484,0.47,0.485,0.472,0.439,0.452,0.46,0.434,0.433,0.412,0.46,0.457,0.455,0.456,0.452,0.45,0.488,1.0,0.486,0.443,0.436,0.0,0.451,0.429,0.472,0.433,0.466,0.47,0.454,0.456,0.435,0.447,0.474,0.475,0.542,0.436,0.436,0.456,0.815
0.57,0.477,0.405,0.423,0.486,0.466,0.464,0.426,0.603,0.436,0.469,0.427,0.49,0.419,0.413,0.468,0.462,0.467,0.464,0.464,0.446,0.473,0.481,0.459,0.454,0.452,0.485,0.426,0.486,1.0,0.4,0.458,0.0,0.469,0.441,0.425,0.464,0.482,0.412,0.499,0.414,0.466,0.479,0.422,0.429,0.457,0.47,0.47,0.401,0.492
0.405,0.386,0.323,0.701,0.395,0.381,0.365,0.68,0.386,0.733,0.382,0.671,0.389,0.693,0.693,0.365,0.379,0.381,0.392,0.365,0.37,0.385,0.391,0.373,0.379,0.365,0.388,0.69,0.443,0.4,1.0,0.393,0.0,0.383,0.353,0.59,0.365,0.395,0.647,0.385,0.882,0.384,0.389,0.692,0.689,0.425,0.375,0.376,0.634,0.441
0.43,0.598,0.366,0.405,0.666,0.604,0.511,0.416,0.451,0.402,0.651,0.405,0.695,0.4,0.401,0.503,0.62,0.666,0.684,0.511,0.696,0.702,0.719,0.593,0.605,0.581,0.716,0.412,0.436,0.458,0.393,1.0,0.0,0.695,0.553,0.394,0.511,0.722,0.413,0.717,0.39,0.605,0.726,0.415,0.417,0.416,0.598,0.601,0.386,0.435
0.0,0.0,0.0,0.0,0.0,0.0,0.0,0.0,0.0,0.0,0.0,0.0,0.0,0.0,0.0,0.0,0.0,0.0,0.0,0.0,0.0,0.0,0.0,0.0,0.0,0.0,0.0,0.0,0.0,0.0,0.0,0.0,1.0,0.0,0.0,0.0,0.0,0.0,0.0,0.0,0.0,0.0,0.0,0.0,0.0,0.0,0.0,0.0,0.0,0.0
0.462,0.611,0.365,0.406,0.682,0.626,0.538,0.416,0.47,0.413,0.665,0.408,0.776,0.403,0.412,0.542,0.623,0.697,0.702,0.535,0.699,0.872,0.877,0.608,0.609,0.585,0.72,0.41,0.451,0.469,0.383,0.695,0.0,1.0,0.583,0.434,0.535,0.711,0.433,0.727,0.395,0.597,0.715,0.406,0.41,0.411,0.6,0.602,0.398,0.454
0.443,0.752,0.342,0.38,0.594,0.75,0.498,0.387,0.444,0.389,0.63,0.373,0.606,0.376,0.373,0.51,0.655,0.586,0.577,0.497,0.554,0.603,0.587,0.799,0.78,0.679,0.565,0.385,0.429,0.441,0.353,0.553,0.0,0.583,1.0,0.391,0.498,0.569,0.382,0.596,0.363,0.63,0.573,0.374,0.381,0.375,0.633,0.632,0.377,0.419
0.432,0.416,0.346,0.625,0.406,0.414,0.414,0.604,0.436,0.636,0.412,0.598,0.422,0.611,0.606,0.418,0.425,0.431,0.423,0.415,0.4,0.432,0.431,0.417,0.416,0.408,0.412,0.622,0.472,0.425,0.59,0.394,0.0,0.434,0.391,1.0,0.415,0.405,0.637,0.424,0.605,0.415,0.415,0.609,0.617,0.42,0.398,0.397,0.605,0.477
0.457,0.518,0.349,0.394,0.5,0.531,0.99,0.398,0.457,0.385,0.502,0.385,0.518,0.396,0.386,0.956,0.533,0.553,0.555,0.993,0.547,0.554,0.581,0.523,0.513,0.513,0.533,0.387,0.433,0.464,0.365,0.511,0.0,0.535,0.498,0.415,1.0,0.52,0.404,0.508,0.378,0.511,0.519,0.39,0.39,0.4,0.499,0.497,0.376,0.448
0.473,0.639,0.373,0.418,0.707,0.635,0.52,0.453,0.471,0.43,0.674,0.423,0.744,0.415,0.415,0.517,0.612,0.678,0.696,0.518,0.679,0.719,0.728,0.6,0.605,0.6,0.825,0.435,0.466,0.482,0.395,0.722,0.0,0.711,0.569,0.405,0.52,1.0,0.433,0.733,0.417,0.62,0.851,0.44,0.432,0.418,0.622,0.623,0.41,0.452
0.421,0.415,0.339,0.667,0.426,0.441,0.406,0.68,0.414,0.687,0.405,0.66,0.416,0.675,0.67,0.41,0.413,0.414,0.43,0.405,0.394,0.418,0.432,0.403,0.414,0.408,0.41,0.679,0.47,0.412,0.647,0.413,0.0,0.433,0.382,0.637,0.404,0.433,1.0,0.419,0.662,0.411,0.425,0.677,0.689,0.423,0.407,0.405,0.644,0.471
0.47,0.626,0.376,0.404,0.696,0.625,0.508,0.417,0.478,0.422,0.713,0.404,0.764,0.405,0.409,0.519,0.619,0.698,0.699,0.507,0.693,0.744,0.734,0.626,0.617,0.616,0.736,0.416,0.454,0.499,0.385,0.717,0.0,0.727,0.596,0.424,0.508,0.733,0.419,1.0,0.395,0.61,0.741,0.407,0.417,0.417,0.633,0.632,0.393,0.465
0.421,0.398,0.337,0.73,0.41,0.4,0.378,0.7,0.394,0.749,0.391,0.709,0.401,0.725,0.721,0.378,0.39,0.391,0.406,0.378,0.375,0.398,0.409,0.383,0.391,0.383,0.399,0.718,0.456,0.414,0.882,0.39,0.0,0.395,0.363,0.605,0.378,0.417,0.662,0.395,1.0,0.393,0.397,0.72,0.718,0.428,0.389,0.39,0.658,0.452
0.445,0.666,0.364,0.397,0.616,0.675,0.511,0.411,0.45,0.405,0.613,0.4,0.618,0.395,0.393,0.512,0.666,0.615,0.627,0.511,0.572,0.6,0.608,0.665,0.661,0.668,0.609,0.403,0.435,0.466,0.384,0.605,0.0,0.597,0.63,0.415,0.511,0.62,0.411,0.61,0.393,1.0,0.654,0.407,0.405,0.403,0.698,0.7,0.388,0.44
0.463,0.611,0.378,0.403,0.688,0.613,0.52,0.42,0.471,0.414,0.683,0.406,0.736,0.398,0.396,0.519,0.606,0.68,0.7,0.519,0.694,0.725,0.731,0.606,0.601,0.588,0.828,0.407,0.447,0.479,0.389,0.726,0.0,0.715,0.573,0.415,0.519,0.851,0.425,0.741,0.397,0.654,1.0,0.413,0.412,0.429,0.61,0.613,0.394,0.453
0.418,0.434,0.347,0.742,0.416,0.419,0.391,0.907,0.415,0.721,0.404,0.72,0.412,0.738,0.719,0.39,0.413,0.405,0.416,0.39,0.384,0.408,0.42,0.403,0.421,0.417,0.422,0.966,0.474,0.422,0.692,0.415,0.0,0.406,0.374,0.609,0.39,0.44,0.677,0.407,0.72,0.407,0.413,1.0,0.96,0.441,0.413,0.413,0.673,0.46
0.423,0.426,0.338,0.744,0.427,0.425,0.391,0.901,0.42,0.728,0.406,0.717,0.414,0.741,0.722,0.393,0.424,0.409,0.419,0.39,0.387,0.41,0.422,0.412,0.418,0.41,0.418,0.955,0.475,0.429,0.689,0.417,0.0,0.41,0.381,0.617,0.39,0.432,0.689,0.417,0.718,0.405,0.412,0.96,1.0,0.438,0.42,0.419,0.668,0.465
0.456,0.409,0.351,0.434,0.41,0.406,0.4,0.439,0.443,0.422,0.399,0.436,0.413,0.432,0.431,0.4,0.405,0.404,0.409,0.4,0.406,0.41,0.413,0.391,0.395,0.393,0.422,0.437,0.542,0.457,0.425,0.416,0.0,0.411,0.375,0.42,0.4,0.418,0.423,0.417,0.428,0.403,0.429,0.441,0.438,1.0,0.427,0.43,0.416,0.603
0.445,0.676,0.37,0.404,0.633,0.677,0.499,0.413,0.44,0.405,0.601,0.409,0.609,0.396,0.407,0.5,0.682,0.604,0.597,0.499,0.564,0.602,0.609,0.657,0.655,0.677,0.599,0.408,0.436,0.47,0.375,0.598,0.0,0.6,0.633,0.398,0.499,0.622,0.407,0.633,0.389,0.698,0.61,0.413,0.42,0.427,1.0,0.994,0.393,0.458
0.444,0.676,0.369,0.402,0.635,0.678,0.497,0.412,0.438,0.403,0.602,0.411,0.609,0.394,0.404,0.498,0.681,0.603,0.6,0.497,0.567,0.602,0.609,0.657,0.654,0.675,0.599,0.407,0.436,0.47,0.376,0.601,0.0,0.602,0.632,0.397,0.497,0.623,0.405,0.632,0.39,0.7,0.613,0.413,0.419,0.43,0.994,1.0,0.391,0.455
0.41,0.418,0.351,0.681,0.406,0.406,0.376,0.655,0.408,0.69,0.397,0.644,0.409,0.67,0.66,0.386,0.396,0.403,0.397,0.376,0.37,0.412,0.41,0.393,0.412,0.41,0.394,0.675,0.456,0.401,0.634,0.386,0.0,0.398,0.377,0.605,0.376,0.41,0.644,0.393,0.658,0.388,0.394,0.673,0.668,0.416,0.393,0.391,1.0,0.457
0.514,0.458,0.398,0.491,0.449,0.455,0.448,0.47,0.504,0.462,0.451,0.473,0.463,0.476,0.488,0.455,0.457,0.465,0.442,0.448,0.427,0.459,0.459,0.444,0.439,0.449,0.454,0.469,0.815,0.492,0.441,0.435,0.0,0.454,0.419,0.477,0.448,0.452,0.471,0.465,0.452,0.44,0.453,0.46,0.465,0.603,0.458,0.455,0.457,1.0
