GCF_000163235.1_ASM16323v1_genomic.fna,GCF_000164555.1_ASM16455v1_genomic.fna,GCF_000208545.1_ASM20854v2_genomic.fna,GCF_000233875.1_ASM23387v1_genomic.fna,GCF_000249735.1_ASM24973v2_genomic.fna,GCF_000261145.1_Esch_coli_M919_V2_genomic.fna,GCF_000267705.2_ASM26770v2_genomic.fna,GCF_000350665.1_Esch_coli_KTE5_V1_genomic.fna,GCF_000351625.1_Esch_coli_KTE66_V1_genomic.fna,GCF_000352285.1_Esch_coli_KTE46_V1_genomic.fna,GCF_000358895.1_ASM35889v1_genomic.fna,GCF_000456385.1_Esch_coli_HVH_26_4-5703913_V1_genomic.fna,GCF_000458195.1_Esch_coli_HVH_147_4-5893887_V1_genomic.fna,GCF_000459755.1_Esch_coli_KOEGE_58_171a_V1_genomic.fna,GCF_000460055.1_Esch_coli_UMEA_3053-1_V1_genomic.fna,GCF_000462165.2_ASM46216v2_genomic.fna,GCF_000601135.1_ASM60113v1_genomic.fna,GCF_000614595.1_Ec2010EL1058_genomic.fna,GCF_000617745.1_Ec2010C-4529_genomic.fna,GCF_000618265.2_EcF6751_genomic.fna,GCF_000619005.2_Ec2009C-4052_genomic.fna,GCF_000619105.1_Ec2009C-4780_genomic.fna,GCF_000619765.2_Ec2009C-3279_genomic.fna,GCF_000687005.1_ASM68700v1_genomic.fna,GCF_000687025.1_ASM68702v1_genomic.fna,GCF_000700125.1_ASM70012v1_genomic.fna,GCF_000753315.1_FHI35_genomic.fna,GCF_000776375.1_ASM77637v1_genomic.fna,GCF_000779395.1_ASM77939v1_genomic.fna,GCF_000780315.1_ASM78031v1_genomic.fna,GCF_000781995.1_ASM78199v1_genomic.fna,GCF_000986765.1_ASM98676v1_genomic.fna,GCF_001041375.1_ViralProj287958_genomic.fna,GCF_001265335.1_302014_genomic.fna,GCF_001265625.1_100854_genomic.fna,GCF_001267345.1_303289_genomic.fna,GCF_001309985.1_ASM130998v1_genomic.fna,GCF_001521695.1_ASM152169v1_genomic.fna,GCF_001592595.1_ASM159259v1_genomic.fna,GCF_001614975.1_ASM161497v1_genomic.fna,GCF_001692775.1_ASM169277v1_genomic.fna,GCF_001748915.1_ASM174891v1_genomic.fna,GCF_001749235.1_ASM174923v1_genomic.fna,GCF_001881155.1_ASM188115v1_genomic.fna,GCF_001881345.1_ASM188134v1_genomic.fna,GCF_001892405.1_ASM189240v1_genomic.fna,GCF_001892585.1_ASM189258v1_genomic.fna,GCF_001893985.1_ASM189398v1_genomic.fna,GCF_002001595.1_ASM200159v1_genomic.fna,GCF_002002145.1_ASM200214v1_genomic.fna
1.0,0.581,0.484,0.504,0.562,0.552,0.561,0.527,0.659,0.507,0.555,0.513,0.558,0.493,0.476,0.565,0.559,0.571,0.568,0.559,0.538,0.551,0.551,0.562,0.547,0.552,0.549,0.515,0.589,0.664,0.482,0.537,0.0,0.543,0.526,0.496,0.561,0.576,0.472,0.556,0.486,0.535,0.565,0.506,0.517,0.539,0.531,0.532,0.496,0.595
0.581,1.0,0.435,0.504,0.677,0.806,0.588,0.512,0.534,0.509,0.656,0.518,0.664,0.492,0.475,0.597,0.73,0.674,0.67,0.584,0.63,0.659,0.648,0.817,0.817,0.741,0.661,0.511,0.541,0.558,0.484,0.645,0.0,0.648,0.773,0.483,0.586,0.699,0.476,0.658,0.484,0.707,0.677,0.507,0.515,0.499,0.73,0.73,0.522,0.541
0.484,0.435,1.0,0.407,0.436,0.414,0.424,0.423,0.464,0.408,0.412,0.408,0.432,0.393,0.395,0.423,0.434,0.418,0.429,0.423,0.416,0.422,0.425,0.425,0.414,0.428,0.427,0.41,0.456,0.472,0.395,0.417,0.0,0.435,0.384,0.407,0.424,0.441,0.406,0.428,0.399,0.426,0.444,0.414,0.403,0.416,0.42,0.42,0.411,0.465
0.504,0.504,0.407,1.0,0.491,0.476,0.476,0.754,0.49,0.734,0.472,0.769,0.471,0.777,0.793,0.473,0.485,0.477,0.497,0.479,0.486,0.485,0.502,0.484,0.484,0.475,0.478,0.79,0.517,0.503,0.764,0.482,0.0,0.484,0.45,0.632,0.478,0.492,0.712,0.468,0.784,0.471,0.483,0.782,0.774,0.5,0.465,0.465,0.701,0.53
0.562,0.677,0.436,0.491,1.0,0.666,0.597,0.513,0.544,0.488,0.778,0.502,0.742,0.48,0.495,0.601,0.678,0.717,0.726,0.598,0.724,0.732,0.739,0.665,0.66,0.674,0.745,0.498,0.557,0.566,0.488,0.722,0.0,0.745,0.643,0.475,0.597,0.755,0.478,0.739,0.489,0.68,0.757,0.496,0.496,0.511,0.687,0.688,0.493,0.546
0.552,0.806,0.414,0.476,0.666,1.0,0.593,0.492,0.53,0.478,0.645,0.473,0.657,0.475,0.46,0.599,0.719,0.676,0.659,0.587,0.621,0.655,0.648,0.803,0.814,0.722,0.655,0.485,0.54,0.535,0.469,0.628,0.0,0.657,0.778,0.487,0.589,0.677,0.48,0.642,0.471,0.713,0.671,0.477,0.477,0.475,0.732,0.733,0.495,0.524
0.561,0.588,0.424,0.476,0.597,0.593,1.0,0.478,0.543,0.454,0.58,0.466,0.598,0.457,0.452,0.955,0.593,0.646,0.631,0.981,0.622,0.632,0.638,0.6,0.59,0.589,0.608,0.468,0.512,0.545,0.455,0.582,0.0,0.615,0.571,0.485,0.988,0.602,0.459,0.598,0.453,0.594,0.619,0.461,0.456,0.481,0.58,0.581,0.466,0.53
0.527,0.512,0.423,0.754,0.513,0.492,0.478,1.0,0.507,0.732,0.482,0.744,0.506,0.738,0.723,0.476,0.517,0.491,0.509,0.479,0.487,0.505,0.514,0.51,0.492,0.494,0.499,0.91,0.551,0.515,0.739,0.491,0.0,0.506,0.466,0.644,0.479,0.533,0.713,0.497,0.741,0.489,0.511,0.903,0.885,0.507,0.486,0.487,0.694,0.545
0.659,0.534,0.464,0.49,0.544,0.53,0.543,0.507,1.0,0.502,0.541,0.487,0.544,0.505,0.483,0.546,0.542,0.55,0.558,0.54,0.523,0.544,0.532,0.542,0.529,0.537,0.548,0.504,0.59,0.675,0.482,0.516,0.0,0.528,0.506,0.514,0.542,0.553,0.48,0.546,0.48,0.536,0.56,0.491,0.487,0.539,0.52,0.52,0.497,0.594
0.507,0.509,0.408,0.734,0.488,0.478,0.454,0.732,0.502,1.0,0.499,0.702,0.497,0.745,0.707,0.459,0.469,0.479,0.489,0.452,0.459,0.479,0.466,0.501,0.478,0.488,0.48,0.745,0.536,0.505,0.767,0.449,0.0,0.464,0.466,0.659,0.454,0.484,0.702,0.478,0.762,0.472,0.477,0.726,0.732,0.484,0.468,0.468,0.725,0.526
0.555,0.656,0.412,0.472,0.778,0.645,0.58,0.482,0.541,0.499,1.0,0.473,0.765,0.477,0.465,0.588,0.647,0.721,0.728,0.574,0.693,0.731,0.71,0.695,0.651,0.671,0.723,0.483,0.544,0.556,0.465,0.674,0.0,0.711,0.684,0.492,0.577,0.734,0.461,0.728,0.466,0.659,0.739,0.47,0.469,0.485,0.659,0.659,0.496,0.54
0.513,0.518,0.408,0.769,0.502,0.473,0.466,0.744,0.487,0.702,0.473,1.0,0.485,0.739,0.843,0.464,0.492,0.479,0.499,0.464,0.489,0.492,0.503,0.499,0.484,0.493,0.484,0.745,0.524,0.505,0.713,0.482,0.0,0.49,0.456,0.618,0.467,0.5,0.696,0.481,0.739,0.474,0.489,0.743,0.744,0.51,0.472,0.473,0.685,0.535
0.558,0.664,0.432,0.471,0.742,0.657,0.598,0.506,0.544,0.497,0.765,0.485,1.0,0.474,0.474,0.605,0.659,0.745,0.753,0.591,0.736,0.805,0.787,0.68,0.652,0.668,0.794,0.495,0.559,0.561,0.473,0.716,0.0,0.786,0.646,0.485,0.595,0.787,0.466,0.789,0.472,0.659,0.789,0.483,0.479,0.494,0.675,0.675,0.5,0.552
0.493,0.492,0.393,0.777,0.48,0.475,0.457,0.738,0.505,0.745,0.477,0.739,0.474,1.0,0.784,0.457,0.47,0.481,0.487,0.455,0.458,0.486,0.475,0.477,0.472,0.468,0.474,0.783,0.539,0.497,0.762,0.46,0.0,0.464,0.447,0.638,0.457,0.493,0.707,0.47,0.771,0.465,0.483,0.764,0.755,0.495,0.462,0.462,0.714,0.543
0.476,0.475,0.395,0.793,0.495,0.46,0.452,0.723,0.483,0.707,0.465,0.843,0.474,0.784,1.0,0.449,0.474,0.47,0.485,0.453,0.482,0.485,0.5,0.461,0.46,0.467,0.476,0.75,0.518,0.487,0.757,0.477,0.0,0.476,0.437,0.614,0.453,0.492,0.713,0.473,0.771,0.46,0.479,0.753,0.749,0.509,0.464,0.465,0.699,0.54
0.565,0.597,0.423,0.473,0.601,0.599,0.955,0.476,0.546,0.459,0.588,0.464,0.605,0.457,0.449,1.0,0.593,0.635,0.634,0.953,0.604,0.638,0.63,0.603,0.593,0.593,0.603,0.465,0.521,0.549,0.455,0.572,0.0,0.612,0.571,0.486,0.953,0.604,0.46,0.595,0.455,0.593,0.622,0.456,0.454,0.484,0.586,0.586,0.477,0.528
0.559,0.73,0.434,0.485,0.678,0.719,0.593,0.517,0.542,0.469,0.647,0.492,0.659,0.47,0.474,0.593,1.0,0.67,0.66,0.593,0.638,0.653,0.656,0.749,0.725,0.745,0.656,0.506,0.535,0.546,0.469,0.669,0.0,0.664,0.697,0.49,0.593,0.665,0.479,0.653,0.469,0.705,0.673,0.5,0.502,0.49,0.714,0.715,0.486,0.534
0.571,0.674,0.418,0.477,0.717,0.676,0.646,0.491,0.55,0.479,0.721,0.479,0.745,0.481,0.47,0.635,0.67,1.0,0.784,0.637,0.747,0.772,0.752,0.682,0.66,0.669,0.756,0.491,0.548,0.563,0.466,0.701,0.0,0.741,0.651,0.506,0.64,0.739,0.481,0.736,0.465,0.676,0.754,0.483,0.48,0.498,0.679,0.679,0.492,0.546
0.568,0.67,0.429,0.497,0.726,0.659,0.631,0.509,0.558,0.489,0.728,0.499,0.753,0.487,0.485,0.634,0.66,0.784,1.0,0.626,0.748,0.776,0.753,0.671,0.662,0.656,0.756,0.504,0.544,0.565,0.481,0.708,0.0,0.738,0.65,0.494,0.628,0.751,0.479,0.743,0.48,0.678,0.76,0.497,0.495,0.503,0.658,0.66,0.502,0.553
0.559,0.584,0.423,0.479,0.598,0.587,0.981,0.479,0.54,0.452,0.574,0.464,0.591,0.455,0.453,0.953,0.593,0.637,0.626,1.0,0.618,0.626,0.636,0.592,0.588,0.582,0.604,0.471,0.508,0.544,0.456,0.583,0.0,0.614,0.566,0.479,0.987,0.596,0.46,0.591,0.455,0.593,0.613,0.461,0.457,0.483,0.576,0.577,0.465,0.525
0.538,0.63,0.416,0.486,0.724,0.621,0.622,0.487,0.523,0.459,0.693,0.489,0.736,0.458,0.482,0.604,0.638,0.747,0.748,0.618,1.0,0.755,0.789,0.63,0.618,0.639,0.741,0.481,0.523,0.541,0.46,0.741,0.0,0.769,0.606,0.476,0.621,0.743,0.478,0.741,0.463,0.638,0.746,0.484,0.487,0.509,0.634,0.636,0.463,0.538
0.551,0.659,0.422,0.485,0.732,0.655,0.632,0.505,0.544,0.479,0.731,0.492,0.805,0.486,0.485,0.638,0.653,0.772,0.776,0.626,0.755,1.0,0.914,0.664,0.657,0.657,0.774,0.494,0.536,0.548,0.476,0.723,0.0,0.869,0.628,0.492,0.628,0.768,0.47,0.763,0.475,0.662,0.786,0.489,0.485,0.496,0.659,0.661,0.498,0.545
0.551,0.648,0.425,0.502,0.739,0.648,0.638,0.514,0.532,0.466,0.71,0.503,0.787,0.475,0.5,0.63,0.656,0.752,0.753,0.636,0.789,0.914,1.0,0.648,0.642,0.641,0.766,0.504,0.537,0.539,0.477,0.751,0.0,0.88,0.617,0.488,0.638,0.76,0.495,0.744,0.477,0.651,0.768,0.508,0.509,0.506,0.641,0.643,0.487,0.543
0.562,0.817,0.425,0.484,0.665,0.803,0.6,0.51,0.542,0.501,0.695,0.499,0.68,0.477,0.461,0.603,0.749,0.682,0.671,0.592,0.63,0.664,0.648,1.0,0.83,0.756,0.657,0.492,0.536,0.549,0.467,0.639,0.0,0.656,0.82,0.496,0.597,0.666,0.466,0.65,0.47,0.72,0.672,0.477,0.477,0.479,0.721,0.722,0.499,0.531
0.547,0.817,0.414,0.484,0.66,0.814,0.59,0.492,0.529,0.478,0.651,0.484,0.652,0.472,0.46,0.593,0.725,0.66,0.662,0.588,0.618,0.657,0.642,0.83,1.0,0.762,0.651,0.486,0.52,0.53,0.462,0.643,0.0,0.635,0.786,0.483,0.589,0.67,0.467,0.64,0.461,0.704,0.669,0.487,0.476,0.483,0.721,0.722,0.502,0.522
0.552,0.741,0.428,0.475,0.674,0.722,0.589,0.494,0.537,0.488,0.671,0.493,0.668,0.468,0.467,0.593,0.745,0.669,0.656,0.582,0.639,0.657,0.641,0.756,0.762,1.0,0.651,0.486,0.519,0.546,0.463,0.629,0.0,0.642,0.715,0.487,0.587,0.678,0.465,0.655,0.463,0.701,0.662,0.49,0.478,0.483,0.721,0.722,0.515,0.524
0.549,0.661,0.427,0.478,0.745,0.655,0.608,0.499,0.548,0.48,0.723,0.484,0.794,0.474,0.476,0.603,0.656,0.756,0.756,0.604,0.741,0.774,0.766,0.657,0.651,0.651,1.0,0.49,0.55,0.549,0.479,0.729,0.0,0.758,0.628,0.483,0.607,0.847,0.465,0.78,0.479,0.671,0.85,0.486,0.477,0.496,0.658,0.659,0.486,0.555
0.515,0.511,0.41,0.79,0.498,0.485,0.468,0.91,0.504,0.745,0.483,0.745,0.495,0.783,0.75,0.465,0.506,0.491,0.504,0.471,0.481,0.494,0.504,0.492,0.486,0.486,0.49,1.0,0.545,0.512,0.752,0.485,0.0,0.489,0.461,0.649,0.47,0.519,0.709,0.483,0.768,0.478,0.495,0.965,0.94,0.494,0.477,0.477,0.713,0.543
0.589,0.541,0.456,0.517,0.557,0.54,0.512,0.551,0.59,0.536,0.544,0.524,0.559,0.539,0.518,0.521,0.535,0.548,0.544,0.508,0.523,0.536,0.537,0.536,0.52,0.519,0.55,0.545,1.0,0.565,0.524,0.533,0.0,0.537,0.503,0.539,0.509,0.563,0.514,0.541,0.52,0.513,0.552,0.534,0.534,0.606,0.526,0.525,0.536,0.832
0.664,0.558,0.472,0.503,0.566,0.535,0.545,0.515,0.675,0.505,0.556,0.505,0.561,0.497,0.487,0.549,0.546,0.563,0.565,0.544,0.541,0.548,0.539,0.549,0.53,0.546,0.549,0.512,0.565,1.0,0.494,0.52,0.0,0.531,0.52,0.498,0.546,0.56,0.49,0.559,0.499,0.543,0.558,0.5,0.494,0.546,0.544,0.545,0.504,0.578
0.482,0.484,0.395,0.764,0.488,0.469,0.455,0.739,0.482,0.767,0.465,0.713,0.473,0.762,0.757,0.455,0.469,0.466,0.481,0.456,0.46,0.476,0.477,0.467,0.462,0.463,0.479,0.752,0.524,0.494,1.0,0.453,0.0,0.472,0.438,0.644,0.456,0.487,0.706,0.474,0.912,0.468,0.475,0.741,0.735,0.49,0.465,0.465,0.707,0.525
0.537,0.645,0.417,0.482,0.722,0.628,0.582,0.491,0.516,0.449,0.674,0.482,0.716,0.46,0.477,0.572,0.669,0.701,0.708,0.583,0.741,0.723,0.751,0.639,0.643,0.629,0.729,0.485,0.533,0.52,0.453,1.0,0.0,0.725,0.596,0.462,0.582,0.758,0.483,0.726,0.451,0.65,0.752,0.488,0.498,0.517,0.646,0.648,0.465,0.533
0.0,0.0,0.0,0.0,0.0,0.0,0.0,0.0,0.0,0.0,0.0,0.0,0.0,0.0,0.0,0.0,0.0,0.0,0.0,0.0,0.0,0.0,0.0,0.0,0.0,0.0,0.0,0.0,0.0,0.0,0.0,0.0,1.0,0.0,0.0,0.0,0.0,0.0,0.0,0.0,0.0,0.0,0.0,0.0,0.0,0.0,0.0,0.0,0.0,0.0
0.543,0.648,0.435,0.484,0.745,0.657,0.615,0.506,0.528,0.464,0.711,0.49,0.786,0.464,0.476,0.612,0.664,0.741,0.738,0.614,0.769,0.869,0.88,0.656,0.635,0.642,0.758,0.489,0.537,0.531,0.472,0.725,0.0,1.0,0.625,0.492,0.614,0.757,0.485,0.751,0.469,0.66,0.772,0.486,0.488,0.496,0.652,0.654,0.478,0.538
0.526,0.773,0.384,0.45,0.643,0.778,0.571,0.466,0.506,0.466,0.684,0.456,0.646,0.447,0.437,0.571,0.697,0.651,0.65,0.566,0.606,0.628,0.617,0.82,0.786,0.715,0.628,0.461,0.503,0.52,0.438,0.596,0.0,0.625,1.0,0.471,0.568,0.633,0.438,0.622,0.439,0.689,0.639,0.448,0.449,0.454,0.689,0.689,0.467,0.492
0.496,0.483,0.407,0.632,0.475,0.487,0.485,0.644,0.514,0.659,0.492,0.618,0.485,0.638,0.614,0.486,0.49,0.506,0.494,0.479,0.476,0.492,0.488,0.496,0.483,0.487,0.483,0.649,0.539,0.498,0.644,0.462,0.0,0.492,0.471,1.0,0.483,0.487,0.654,0.481,0.642,0.469,0.489,0.635,0.633,0.496,0.467,0.467,0.668,0.53
0.561,0.586,0.424,0.478,0.597,0.589,0.988,0.479,0.542,0.454,0.577,0.467,0.595,0.457,0.453,0.953,0.593,0.64,0.628,0.987,0.621,0.628,0.638,0.597,0.589,0.587,0.607,0.47,0.509,0.546,0.456,0.582,0.0,0.614,0.568,0.483,1.0,0.601,0.458,0.596,0.454,0.594,0.616,0.462,0.457,0.482,0.577,0.578,0.467,0.529
0.576,0.699,0.441,0.492,0.755,0.677,0.602,0.533,0.553,0.484,0.734,0.5,0.787,0.493,0.492,0.604,0.665,0.739,0.751,0.596,0.743,0.768,0.76,0.666,0.67,0.678,0.847,0.519,0.563,0.56,0.487,0.758,0.0,0.757,0.633,0.487,0.601,1.0,0.483,0.775,0.487,0.686,0.88,0.514,0.501,0.518,0.691,0.693,0.504,0.563
0.472,0.476,0.406,0.712,0.478,0.48,0.459,0.713,0.48,0.702,0.461,0.696,0.466,0.707,0.713,0.46,0.479,0.481,0.479,0.46,0.478,0.47,0.495,0.466,0.467,0.465,0.465,0.709,0.514,0.49,0.706,0.483,0.0,0.485,0.438,0.654,0.458,0.483,1.0,0.476,0.709,0.467,0.477,0.714,0.726,0.49,0.461,0.461,0.674,0.512
0.556,0.658,0.428,0.468,0.739,0.642,0.598,0.497,0.546,0.478,0.728,0.481,0.789,0.47,0.473,0.595,0.653,0.736,0.743,0.591,0.741,0.763,0.744,0.65,0.64,0.655,0.78,0.483,0.541,0.559,0.474,0.726,0.0,0.751,0.622,0.481,0.596,0.775,0.476,1.0,0.468,0.666,0.781,0.472,0.471,0.512,0.678,0.679,0.476,0.555
0.486,0.484,0.399,0.784,0.489,0.471,0.453,0.741,0.48,0.762,0.466,0.739,0.472,0.771,0.771,0.455,0.469,0.465,0.48,0.455,0.463,0.475,0.477,0.47,0.461,0.463,0.479,0.768,0.52,0.499,0.912,0.451,0.0,0.469,0.439,0.642,0.454,0.487,0.709,0.468,1.0,0.471,0.474,0.756,0.751,0.48,0.459,0.459,0.709,0.516
0.535,0.707,0.426,0.471,0.68,0.713,0.594,0.489,0.536,0.472,0.659,0.474,0.659,0.465,0.46,0.593,0.705,0.676,0.678,0.593,0.638,0.662,0.651,0.72,0.704,0.701,0.671,0.478,0.513,0.543,0.468,0.65,0.0,0.66,0.689,0.469,0.594,0.686,0.467,0.666,0.471,1.0,0.708,0.468,0.464,0.478,0.728,0.73,0.476,0.523
0.565,0.677,0.444,0.483,0.757,0.671,0.619,0.511,0.56,0.477,0.739,0.489,0.789,0.483,0.479,0.622,0.673,0.754,0.76,0.613,0.746,0.786,0.768,0.672,0.669,0.662,0.85,0.495,0.552,0.558,0.475,0.752,0.0,0.772,0.639,0.489,0.616,0.88,0.477,0.781,0.474,0.708,1.0,0.49,0.485,0.509,0.679,0.681,0.497,0.565
0.506,0.507,0.414,0.782,0.496,0.477,0.461,0.903,0.491,0.726,0.47,0.743,0.483,0.764,0.753,0.456,0.5,0.483,0.497,0.461,0.484,0.489,0.508,0.477,0.487,0.49,0.486,0.965,0.534,0.5,0.741,0.488,0.0,0.486,0.448,0.635,0.462,0.514,0.714,0.472,0.756,0.468,0.49,1.0,0.954,0.501,0.471,0.472,0.706,0.535
0.517,0.515,0.403,0.774,0.496,0.477,0.456,0.885,0.487,0.732,0.469,0.744,0.479,0.755,0.749,0.454,0.502,0.48,0.495,0.457,0.487,0.485,0.509,0.477,0.476,0.478,0.477,0.94,0.534,0.494,0.735,0.498,0.0,0.488,0.449,0.633,0.457,0.501,0.726,0.471,0.751,0.464,0.485,0.954,1.0,0.507,0.471,0.472,0.698,0.526
0.539,0.499,0.416,0.5,0.511,0.475,0.481,0.507,0.539,0.484,0.485,0.51,0.494,0.495,0.509,0.484,0.49,0.498,0.503,0.483,0.509,0.496,0.506,0.479,0.483,0.483,0.496,0.494,0.606,0.546,0.49,0.517,0.0,0.496,0.454,0.496,0.482,0.518,0.49,0.512,0.48,0.478,0.509,0.501,0.507,1.0,0.502,0.503,0.491,0.675
0.531,0.73,0.42,0.465,0.687,0.732,0.58,0.486,0.52,0.468,0.659,0.472,0.675,0.462,0.464,0.586,0.714,0.679,0.658,0.576,0.634,0.659,0.641,0.721,0.721,0.721,0.658,0.477,0.526,0.544,0.465,0.646,0.0,0.652,0.689,0.467,0.577,0.691,0.461,0.678,0.459,0.728,0.679,0.471,0.471,0.502,1.0,0.998,0.476,0.535
0.532,0.73,0.42,0.465,0.688,0.733,0.581,0.487,0.52,0.468,0.659,0.473,0.675,0.462,0.465,0.586,0.715,0.679,0.66,0.577,0.636,0.661,0.643,0.722,0.722,0.722,0.659,0.477,0.525,0.545,0.465,0.648,0.0,0.654,0.689,0.467,0.578,0.693,0.461,0.679,0.459,0.73,0.681,0.472,0.472,0.503,0.998,1.0,0.476,0.535
0.496,0.522,0.411,0.701,0.493,0.495,0.466,0.694,0.497,0.725,0.496,0.685,0.5,0.714,0.699,0.477,0.486,0.492,0.502,0.465,0.463,0.498,0.487,0.499,0.502,0.515,0.486,0.713,0.536,0.504,0.707,0.465,0.0,0.478,0.467,0.668,0.467,0.504,0.674,0.476,0.709,0.476,0.497,0.706,0.698,0.491,0.476,0.476,1.0,0.529
0.595,0.541,0.465,0.53,0.546,0.524,0.53,0.545,0.594,0.526,0.54,0.535,0.552,0.543,0.54,0.528,0.534,0.546,0.553,0.525,0.538,0.545,0.543,0.531,0.522,0.524,0.555,0.543,0.832,0.578,0.525,0.533,0.0,0.538,0.492,0.53,0.529,0.563,0.512,0.555,0.516,0.523,0.565,0.535,0.526,0.675,0.535,0.535,0.529,1.0
