GCF_000163235.1_ASM16323v1_genomic.fna,GCF_000164555.1_ASM16455v1_genomic.fna,GCF_000208545.1_ASM20854v2_genomic.fna,GCF_000233875.1_ASM23387v1_genomic.fna,GCF_000249735.1_ASM24973v2_genomic.fna,GCF_000261145.1_Esch_coli_M919_V2_genomic.fna,GCF_000267705.2_ASM26770v2_genomic.fna,GCF_000350665.1_Esch_coli_KTE5_V1_genomic.fna,GCF_000351625.1_Esch_coli_KTE66_V1_genomic.fna,GCF_000352285.1_Esch_coli_KTE46_V1_genomic.fna,GCF_000358895.1_ASM35889v1_genomic.fna,GCF_000456385.1_Esch_coli_HVH_26_4-5703913_V1_genomic.fna,GCF_000458195.1_Esch_coli_HVH_147_4-5893887_V1_genomic.fna,GCF_000459755.1_Esch_coli_KOEGE_58_171a_V1_genomic.fna,GCF_000460055.1_Esch_coli_UMEA_3053-1_V1_genomic.fna,GCF_000462165.2_ASM46216v2_genomic.fna,GCF_000601135.1_ASM60113v1_genomic.fna,GCF_000614595.1_Ec2010EL1058_genomic.fna,GCF_000617745.1_Ec2010C-4529_genomic.fna,GCF_000618265.2_EcF6751_genomic.fna,GCF_000619005.2_Ec2009C-4052_genomic.fna,GCF_000619105.1_Ec2009C-4780_genomic.fna,GCF_000619765.2_Ec2009C-3279_genomic.fna,GCF_000687005.1_ASM68700v1_genomic.fna,GCF_000687025.1_ASM68702v1_genomic.fna,GCF_000700125.1_ASM70012v1_genomic.fna,GCF_000753315.1_FHI35_genomic.fna,GCF_000776375.1_ASM77637v1_genomic.fna,GCF_000779395.1_ASM77939v1_genomic.fna,GCF_000780315.1_ASM78031v1_genomic.fna,GCF_000781995.1_ASM78199v1_genomic.fna,GCF_000986765.1_ASM98676v1_genomic.fna,GCF_001041375.1_ViralProj287958_genomic.fna,GCF_001265335.1_302014_genomic.fna,GCF_001265625.1_100854_genomic.fna,GCF_001267345.1_303289_genomic.fna,GCF_001309985.1_ASM130998v1_genomic.fna,GCF_001521695.1_ASM152169v1_genomic.fna,GCF_001592595.1_ASM159259v1_genomic.fna,GCF_001614975.1_ASM161497v1_genomic.fna,GCF_001692775.1_ASM169277v1_genomic.fna,GCF_001748915.1_ASM174891v1_genomic.fna,GCF_001749235.1_ASM174923v1_genomic.fna,GCF_001881155.1_ASM188115v1_genomic.fna,GCF_001881345.1_ASM188134v1_genomic.fna,GCF_001892405.1_ASM189240v1_genomic.fna,GCF_001892585.1_ASM189258v1_genomic.fna,GCF_001893985.1_ASM189398v1_genomic.fna,GCF_002001595.1_ASM200159v1_genomic.fna,GCF_002002145.1_ASM200214v1_genomic.fna
1.0,0.51,0.388,0.434,0.485,0.478,0.462,0.433,0.584,0.448,0.478,0.436,0.492,0.434,0.418,0.472,0.482,0.477,0.46,0.459,0.452,0.488,0.483,0.489,0.485,0.475,0.489,0.444,0.516,0.584,0.415,0.473,0.0,0.491,0.456,0.428,0.46,0.51,0.413,0.482,0.434,0.461,0.491,0.434,0.444,0.454,0.474,0.471,0.415,0.522
0.51,1.0,0.341,0.443,0.637,0.793,0.52,0.439,0.464,0.454,0.607,0.443,0.619,0.443,0.426,0.528,0.716,0.62,0.595,0.513,0.572,0.628,0.618,0.803,0.81,0.714,0.619,0.447,0.484,0.48,0.424,0.608,0.0,0.619,0.755,0.422,0.519,0.656,0.42,0.638,0.44,0.687,0.627,0.439,0.439,0.408,0.704,0.702,0.433,0.47
0.388,0.341,1.0,0.293,0.333,0.321,0.318,0.309,0.353,0.304,0.325,0.301,0.335,0.297,0.29,0.324,0.322,0.327,0.317,0.315,0.319,0.329,0.336,0.327,0.328,0.315,0.331,0.306,0.347,0.372,0.297,0.329,0.0,0.334,0.297,0.3,0.318,0.338,0.3,0.337,0.298,0.325,0.336,0.315,0.311,0.332,0.324,0.324,0.304,0.364
0.434,0.443,0.293,1.0,0.42,0.439,0.4,0.691,0.425,0.744,0.42,0.71,0.427,0.775,0.742,0.402,0.437,0.412,0.396,0.396,0.387,0.425,0.423,0.446,0.446,0.424,0.423,0.744,0.447,0.417,0.699,0.412,0.0,0.419,0.412,0.639,0.399,0.43,0.662,0.424,0.734,0.402,0.414,0.722,0.72,0.416,0.416,0.413,0.654,0.455
0.485,0.637,0.333,0.42,1.0,0.629,0.52,0.43,0.455,0.438,0.739,0.431,0.691,0.432,0.432,0.53,0.622,0.662,0.644,0.514,0.644,0.679,0.679,0.626,0.622,0.606,0.69,0.433,0.479,0.473,0.422,0.665,0.0,0.679,0.583,0.414,0.519,0.706,0.425,0.702,0.429,0.632,0.695,0.427,0.433,0.417,0.657,0.653,0.419,0.473
0.478,0.793,0.321,0.439,0.629,1.0,0.524,0.435,0.455,0.439,0.599,0.427,0.618,0.445,0.43,0.534,0.703,0.624,0.589,0.519,0.566,0.619,0.626,0.782,0.802,0.697,0.609,0.445,0.47,0.474,0.414,0.596,0.0,0.616,0.756,0.435,0.522,0.635,0.435,0.623,0.431,0.673,0.615,0.424,0.428,0.402,0.705,0.702,0.43,0.471
0.462,0.52,0.318,0.4,0.52,0.524,1.0,0.408,0.442,0.39,0.51,0.395,0.519,0.393,0.395,0.95,0.511,0.553,0.546,0.981,0.548,0.56,0.587,0.525,0.528,0.516,0.524,0.4,0.441,0.439,0.398,0.542,0.0,0.54,0.505,0.411,0.988,0.51,0.41,0.522,0.395,0.52,0.52,0.412,0.412,0.404,0.522,0.523,0.383,0.449
0.433,0.439,0.309,0.691,0.43,0.435,0.408,1.0,0.399,0.692,0.402,0.691,0.425,0.71,0.694,0.412,0.418,0.424,0.413,0.402,0.4,0.434,0.437,0.435,0.426,0.412,0.416,0.896,0.463,0.416,0.703,0.435,0.0,0.434,0.393,0.608,0.407,0.447,0.668,0.438,0.701,0.428,0.432,0.896,0.888,0.413,0.423,0.423,0.639,0.456
0.584,0.464,0.353,0.425,0.455,0.455,0.442,0.399,1.0,0.438,0.473,0.394,0.48,0.415,0.39,0.449,0.467,0.448,0.43,0.437,0.424,0.463,0.454,0.474,0.46,0.445,0.471,0.421,0.485,0.595,0.399,0.444,0.0,0.452,0.444,0.421,0.441,0.472,0.396,0.463,0.413,0.439,0.468,0.404,0.407,0.43,0.444,0.441,0.395,0.503
0.448,0.454,0.304,0.744,0.438,0.439,0.39,0.692,0.438,1.0,0.428,0.709,0.45,0.742,0.72,0.399,0.438,0.426,0.401,0.386,0.4,0.434,0.424,0.449,0.443,0.441,0.442,0.726,0.455,0.435,0.735,0.409,0.0,0.427,0.413,0.645,0.389,0.448,0.669,0.441,0.753,0.416,0.429,0.697,0.706,0.408,0.423,0.42,0.672,0.456
0.478,0.607,0.325,0.42,0.739,0.599,0.51,0.402,0.473,0.428,1.0,0.405,0.719,0.417,0.4,0.519,0.602,0.657,0.639,0.503,0.622,0.668,0.661,0.647,0.608,0.604,0.681,0.417,0.449,0.463,0.395,0.629,0.0,0.652,0.634,0.41,0.508,0.682,0.402,0.694,0.401,0.602,0.668,0.405,0.408,0.396,0.599,0.596,0.399,0.457
0.436,0.443,0.301,0.71,0.431,0.427,0.395,0.691,0.394,0.709,0.405,1.0,0.416,0.735,0.857,0.402,0.426,0.404,0.404,0.388,0.399,0.427,0.425,0.431,0.426,0.423,0.419,0.715,0.474,0.414,0.669,0.414,0.0,0.422,0.391,0.611,0.394,0.427,0.668,0.427,0.702,0.409,0.419,0.709,0.716,0.402,0.425,0.423,0.639,0.458
0.492,0.619,0.335,0.427,0.691,0.618,0.519,0.425,0.48,0.45,0.719,0.416,1.0,0.434,0.415,0.527,0.61,0.707,0.702,0.512,0.69,0.766,0.757,0.641,0.616,0.607,0.744,0.437,0.462,0.482,0.423,0.702,0.0,0.74,0.605,0.421,0.517,0.744,0.412,0.752,0.431,0.62,0.729,0.424,0.424,0.407,0.632,0.629,0.421,0.474
0.434,0.443,0.297,0.775,0.432,0.445,0.393,0.71,0.415,0.742,0.417,0.735,0.434,1.0,0.771,0.396,0.439,0.418,0.4,0.39,0.393,0.436,0.432,0.441,0.442,0.427,0.432,0.757,0.469,0.418,0.706,0.423,0.0,0.428,0.405,0.634,0.392,0.443,0.672,0.431,0.74,0.411,0.422,0.735,0.735,0.41,0.42,0.418,0.654,0.465
0.418,0.426,0.29,0.742,0.432,0.43,0.395,0.694,0.39,0.72,0.4,0.857,0.415,0.771,1.0,0.397,0.421,0.408,0.392,0.391,0.388,0.427,0.422,0.419,0.415,0.406,0.417,0.737,0.46,0.4,0.701,0.408,0.0,0.421,0.387,0.621,0.393,0.422,0.678,0.429,0.732,0.405,0.42,0.72,0.721,0.401,0.425,0.424,0.658,0.471
0.472,0.528,0.324,0.402,0.53,0.534,0.95,0.412,0.449,0.399,0.519,0.402,0.527,0.396,0.397,1.0,0.515,0.546,0.55,0.942,0.527,0.56,0.582,0.53,0.532,0.52,0.524,0.406,0.448,0.448,0.401,0.535,0.0,0.544,0.505,0.416,0.95,0.52,0.419,0.529,0.401,0.522,0.523,0.413,0.416,0.403,0.529,0.529,0.392,0.452
0.482,0.716,0.322,0.437,0.622,0.703,0.511,0.418,0.467,0.438,0.602,0.426,0.61,0.439,0.421,0.515,1.0,0.604,0.582,0.503,0.566,0.615,0.607,0.735,0.733,0.742,0.612,0.428,0.461,0.464,0.403,0.632,0.0,0.619,0.685,0.435,0.507,0.621,0.418,0.617,0.414,0.661,0.614,0.426,0.43,0.401,0.677,0.677,0.408,0.454
0.477,0.62,0.327,0.412,0.662,0.624,0.553,0.424,0.448,0.426,0.657,0.404,0.707,0.418,0.408,0.546,0.604,1.0,0.745,0.549,0.704,0.739,0.742,0.61,0.608,0.599,0.726,0.428,0.454,0.461,0.417,0.691,0.0,0.701,0.583,0.43,0.549,0.698,0.421,0.729,0.418,0.635,0.709,0.43,0.43,0.408,0.641,0.642,0.402,0.474
0.46,0.595,0.317,0.396,0.644,0.589,0.546,0.413,0.43,0.401,0.639,0.404,0.702,0.4,0.392,0.55,0.582,0.745,1.0,0.541,0.703,0.732,0.741,0.592,0.585,0.577,0.704,0.409,0.436,0.452,0.399,0.679,0.0,0.687,0.573,0.405,0.542,0.681,0.418,0.701,0.398,0.636,0.689,0.42,0.417,0.404,0.621,0.622,0.391,0.455
0.459,0.513,0.315,0.396,0.514,0.519,0.981,0.402,0.437,0.386,0.503,0.388,0.512,0.39,0.391,0.942,0.503,0.549,0.541,1.0,0.547,0.554,0.575,0.516,0.523,0.508,0.516,0.395,0.436,0.433,0.394,0.543,0.0,0.531,0.496,0.406,0.986,0.503,0.404,0.515,0.391,0.513,0.512,0.405,0.405,0.404,0.515,0.516,0.379,0.444
0.452,0.572,0.319,0.387,0.644,0.566,0.548,0.4,0.424,0.4,0.622,0.399,0.69,0.393,0.388,0.527,0.566,0.704,0.703,0.547,1.0,0.711,0.736,0.566,0.56,0.565,0.688,0.403,0.421,0.437,0.397,0.701,0.0,0.688,0.54,0.405,0.544,0.673,0.401,0.7,0.397,0.591,0.683,0.411,0.411,0.427,0.604,0.604,0.387,0.437
0.488,0.628,0.329,0.425,0.679,0.619,0.56,0.434,0.463,0.434,0.668,0.427,0.766,0.436,0.427,0.56,0.615,0.739,0.732,0.554,0.711,1.0,0.915,0.615,0.618,0.601,0.736,0.44,0.464,0.466,0.425,0.716,0.0,0.864,0.591,0.424,0.557,0.73,0.428,0.759,0.435,0.626,0.752,0.434,0.432,0.409,0.638,0.636,0.417,0.485
0.483,0.618,0.336,0.423,0.679,0.626,0.587,0.437,0.454,0.424,0.661,0.425,0.757,0.432,0.422,0.582,0.607,0.742,0.741,0.575,0.736,0.915,1.0,0.606,0.611,0.597,0.74,0.437,0.46,0.457,0.431,0.734,0.0,0.86,0.59,0.426,0.579,0.724,0.443,0.749,0.43,0.631,0.732,0.445,0.443,0.412,0.633,0.633,0.411,0.474
0.489,0.803,0.327,0.446,0.626,0.782,0.525,0.435,0.474,0.449,0.647,0.431,0.641,0.441,0.419,0.53,0.735,0.61,0.592,0.516,0.566,0.615,0.606,1.0,0.812,0.717,0.61,0.436,0.467,0.471,0.41,0.599,0.0,0.608,0.815,0.43,0.521,0.622,0.411,0.614,0.422,0.683,0.608,0.423,0.427,0.393,0.684,0.681,0.414,0.46
0.485,0.81,0.328,0.446,0.622,0.802,0.528,0.426,0.46,0.443,0.608,0.426,0.616,0.442,0.415,0.532,0.733,0.608,0.585,0.523,0.56,0.618,0.611,0.812,1.0,0.749,0.612,0.433,0.459,0.471,0.41,0.609,0.0,0.606,0.787,0.426,0.528,0.632,0.414,0.616,0.423,0.672,0.617,0.433,0.427,0.4,0.685,0.681,0.426,0.45
0.475,0.714,0.315,0.424,0.606,0.697,0.516,0.412,0.445,0.441,0.604,0.423,0.607,0.427,0.406,0.52,0.742,0.599,0.577,0.508,0.565,0.601,0.597,0.717,0.749,1.0,0.602,0.419,0.445,0.46,0.398,0.583,0.0,0.59,0.683,0.422,0.513,0.612,0.41,0.61,0.407,0.665,0.593,0.419,0.417,0.395,0.668,0.667,0.425,0.447
0.489,0.619,0.331,0.423,0.69,0.609,0.524,0.416,0.471,0.442,0.681,0.419,0.744,0.432,0.417,0.524,0.612,0.726,0.704,0.516,0.688,0.736,0.74,0.61,0.612,0.602,1.0,0.433,0.461,0.476,0.419,0.705,0.0,0.714,0.582,0.428,0.522,0.835,0.408,0.767,0.434,0.629,0.833,0.423,0.421,0.406,0.627,0.624,0.415,0.475
0.444,0.447,0.306,0.744,0.433,0.445,0.4,0.896,0.421,0.726,0.417,0.715,0.437,0.757,0.737,0.406,0.428,0.428,0.409,0.395,0.403,0.44,0.437,0.436,0.433,0.419,0.433,1.0,0.474,0.433,0.712,0.431,0.0,0.434,0.399,0.634,0.399,0.45,0.671,0.441,0.742,0.419,0.426,0.951,0.936,0.411,0.428,0.425,0.671,0.463
0.516,0.484,0.347,0.447,0.479,0.47,0.441,0.463,0.485,0.455,0.449,0.474,0.462,0.469,0.46,0.448,0.461,0.454,0.436,0.436,0.421,0.464,0.46,0.467,0.459,0.445,0.461,0.474,1.0,0.489,0.44,0.461,0.0,0.463,0.433,0.445,0.44,0.477,0.437,0.468,0.454,0.46,0.463,0.461,0.462,0.541,0.458,0.456,0.436,0.832
0.584,0.48,0.372,0.417,0.473,0.474,0.439,0.416,0.595,0.435,0.463,0.414,0.482,0.418,0.4,0.448,0.464,0.461,0.452,0.433,0.437,0.466,0.457,0.471,0.471,0.46,0.476,0.433,0.489,1.0,0.405,0.451,0.0,0.456,0.447,0.433,0.437,0.481,0.404,0.478,0.418,0.453,0.475,0.418,0.42,0.439,0.471,0.467,0.414,0.507
0.415,0.424,0.297,0.699,0.422,0.414,0.398,0.703,0.399,0.735,0.395,0.669,0.423,0.706,0.701,0.401,0.403,0.417,0.399,0.394,0.397,0.425,0.431,0.41,0.41,0.398,0.419,0.712,0.44,0.405,1.0,0.421,0.0,0.422,0.378,0.616,0.397,0.416,0.656,0.429,0.897,0.409,0.409,0.709,0.71,0.412,0.404,0.404,0.641,0.449
0.473,0.608,0.329,0.412,0.665,0.596,0.542,0.435,0.444,0.409,0.629,0.414,0.702,0.423,0.408,0.535,0.632,0.691,0.679,0.543,0.701,0.716,0.734,0.599,0.609,0.583,0.705,0.431,0.461,0.451,0.421,1.0,0.0,0.714,0.56,0.408,0.542,0.721,0.424,0.725,0.414,0.628,0.717,0.443,0.44,0.431,0.628,0.63,0.403,0.454
0.0,0.0,0.0,0.0,0.0,0.0,0.0,0.0,0.0,0.0,0.0,0.0,0.0,0.0,0.0,0.0,0.0,0.0,0.0,0.0,0.0,0.0,0.0,0.0,0.0,0.0,0.0,0.0,0.0,0.0,0.0,0.0,1.0,0.0,0.0,0.0,0.0,0.0,0.0,0.0,0.0,0.0,0.0,0.0,0.0,0.0,0.0,0.0,0.0,0.0
0.491,0.619,0.334,0.419,0.679,0.616,0.54,0.434,0.452,0.427,0.652,0.422,0.74,0.428,0.421,0.544,0.619,0.701,0.687,0.531,0.688,0.864,0.86,0.608,0.606,0.59,0.714,0.434,0.463,0.456,0.422,0.714,0.0,1.0,0.583,0.43,0.536,0.724,0.442,0.738,0.425,0.617,0.733,0.432,0.438,0.41,0.637,0.637,0.412,0.47
0.456,0.755,0.297,0.412,0.583,0.756,0.505,0.393,0.444,0.413,0.634,0.391,0.605,0.405,0.387,0.505,0.685,0.583,0.573,0.496,0.54,0.591,0.59,0.815,0.787,0.683,0.582,0.399,0.433,0.447,0.378,0.56,0.0,0.583,1.0,0.402,0.498,0.595,0.386,0.588,0.387,0.651,0.589,0.385,0.388,0.368,0.647,0.644,0.383,0.422
0.428,0.422,0.3,0.639,0.414,0.435,0.411,0.608,0.421,0.645,0.41,0.611,0.421,0.634,0.621,0.416,0.435,0.43,0.405,0.406,0.405,0.424,0.426,0.43,0.426,0.422,0.428,0.634,0.445,0.433,0.616,0.408,0.0,0.43,0.402,1.0,0.406,0.418,0.643,0.429,0.63,0.408,0.411,0.618,0.62,0.389,0.411,0.407,0.603,0.45
0.46,0.519,0.318,0.399,0.519,0.522,0.988,0.407,0.441,0.389,0.508,0.394,0.517,0.392,0.393,0.95,0.507,0.549,0.542,0.986,0.544,0.557,0.579,0.521,0.528,0.513,0.522,0.399,0.44,0.437,0.397,0.542,0.0,0.536,0.498,0.406,1.0,0.508,0.407,0.52,0.394,0.516,0.517,0.41,0.41,0.404,0.52,0.521,0.382,0.448
0.51,0.656,0.338,0.43,0.706,0.635,0.51,0.447,0.472,0.448,0.682,0.427,0.744,0.443,0.422,0.52,0.621,0.698,0.681,0.503,0.673,0.73,0.724,0.622,0.632,0.612,0.835,0.45,0.477,0.481,0.416,0.721,0.0,0.724,0.595,0.418,0.508,1.0,0.417,0.758,0.429,0.627,0.863,0.436,0.432,0.412,0.646,0.643,0.42,0.479
0.413,0.42,0.3,0.662,0.425,0.435,0.41,0.668,0.396,0.669,0.402,0.668,0.412,0.672,0.678,0.419,0.418,0.421,0.418,0.404,0.401,0.428,0.443,0.411,0.414,0.41,0.408,0.671,0.437,0.404,0.656,0.424,0.0,0.442,0.386,0.643,0.407,0.417,1.0,0.43,0.659,0.411,0.418,0.67,0.677,0.415,0.416,0.416,0.634,0.445
0.482,0.638,0.337,0.424,0.702,0.623,0.522,0.438,0.463,0.441,0.694,0.427,0.752,0.431,0.429,0.529,0.617,0.729,0.701,0.515,0.7,0.759,0.749,0.614,0.616,0.61,0.767,0.441,0.468,0.478,0.429,0.725,0.0,0.738,0.588,0.429,0.52,0.758,0.43,1.0,0.433,0.637,0.768,0.435,0.443,0.428,0.658,0.655,0.42,0.486
0.434,0.44,0.298,0.734,0.429,0.431,0.395,0.701,0.413,0.753,0.401,0.702,0.431,0.74,0.732,0.401,0.414,0.418,0.398,0.391,0.397,0.435,0.43,0.422,0.423,0.407,0.434,0.742,0.454,0.418,0.897,0.414,0.0,0.425,0.387,0.63,0.394,0.429,0.659,0.433,1.0,0.413,0.418,0.724,0.725,0.409,0.414,0.41,0.658,0.454
0.461,0.687,0.325,0.402,0.632,0.673,0.52,0.428,0.439,0.416,0.602,0.409,0.62,0.411,0.405,0.522,0.661,0.635,0.636,0.513,0.591,0.626,0.631,0.683,0.672,0.665,0.629,0.419,0.46,0.453,0.409,0.628,0.0,0.617,0.651,0.408,0.516,0.627,0.411,0.637,0.413,1.0,0.655,0.429,0.428,0.397,0.712,0.712,0.403,0.46
0.491,0.627,0.336,0.414,0.695,0.615,0.52,0.432,0.468,0.429,0.668,0.419,0.729,0.422,0.42,0.523,0.614,0.709,0.689,0.512,0.683,0.752,0.732,0.608,0.617,0.593,0.833,0.426,0.463,0.475,0.409,0.717,0.0,0.733,0.589,0.411,0.517,0.863,0.418,0.768,0.418,0.655,1.0,0.422,0.424,0.415,0.644,0.64,0.407,0.471
0.434,0.439,0.315,0.722,0.427,0.424,0.412,0.896,0.404,0.697,0.405,0.709,0.424,0.735,0.72,0.413,0.426,0.43,0.42,0.405,0.411,0.434,0.445,0.423,0.433,0.419,0.423,0.951,0.461,0.418,0.709,0.443,0.0,0.432,0.385,0.618,0.41,0.436,0.67,0.435,0.724,0.429,0.422,1.0,0.964,0.419,0.425,0.425,0.651,0.454
0.444,0.439,0.311,0.72,0.433,0.428,0.412,0.888,0.407,0.706,0.408,0.716,0.424,0.735,0.721,0.416,0.43,0.43,0.417,0.405,0.411,0.432,0.443,0.427,0.427,0.417,0.421,0.936,0.462,0.42,0.71,0.44,0.0,0.438,0.388,0.62,0.41,0.432,0.677,0.443,0.725,0.428,0.424,0.964,1.0,0.421,0.424,0.424,0.649,0.457
0.454,0.408,0.332,0.416,0.417,0.402,0.404,0.413,0.43,0.408,0.396,0.402,0.407,0.41,0.401,0.403,0.401,0.408,0.404,0.404,0.427,0.409,0.412,0.393,0.4,0.395,0.406,0.411,0.541,0.439,0.412,0.431,0.0,0.41,0.368,0.389,0.404,0.412,0.415,0.428,0.409,0.397,0.415,0.419,0.421,1.0,0.44,0.443,0.405,0.586
0.474,0.704,0.324,0.416,0.657,0.705,0.522,0.423,0.444,0.423,0.599,0.425,0.632,0.42,0.425,0.529,0.677,0.641,0.621,0.515,0.604,0.638,0.633,0.684,0.685,0.668,0.627,0.428,0.458,0.471,0.404,0.628,0.0,0.637,0.647,0.411,0.52,0.646,0.416,0.658,0.414,0.712,0.644,0.425,0.424,0.44,1.0,0.995,0.411,0.477
0.471,0.702,0.324,0.413,0.653,0.702,0.523,0.423,0.441,0.42,0.596,0.423,0.629,0.418,0.424,0.529,0.677,0.642,0.622,0.516,0.604,0.636,0.633,0.681,0.681,0.667,0.624,0.425,0.456,0.467,0.404,0.63,0.0,0.637,0.644,0.407,0.521,0.643,0.416,0.655,0.41,0.712,0.64,0.425,0.424,0.443,0.995,1.0,0.408,0.476
0.415,0.433,0.304,0.654,0.419,0.43,0.383,0.639,0.395,0.672,0.399,0.639,0.421,0.654,0.658,0.392,0.408,0.402,0.391,0.379,0.387,0.417,0.411,0.414,0.426,0.425,0.415,0.671,0.436,0.414,0.641,0.403,0.0,0.412,0.383,0.603,0.382,0.42,0.634,0.42,0.658,0.403,0.407,0.651,0.649,0.405,0.411,0.408,1.0,0.438
0.522,0.47,0.364,0.455,0.473,0.471,0.449,0.456,0.503,0.456,0.457,0.458,0.474,0.465,0.471,0.452,0.454,0.474,0.455,0.444,0.437,0.485,0.474,0.46,0.45,0.447,0.475,0.463,0.832,0.507,0.449,0.454,0.0,0.47,0.422,0.45,0.448,0.479,0.445,0.486,0.454,0.46,0.471,0.454,0.457,0.586,0.477,0.476,0.438,1.0
