GCF_000163235.1_ASM16323v1_genomic.fna,GCF_000164555.1_ASM16455v1_genomic.fna,GCF_000208545.1_ASM20854v2_genomic.fna,GCF_000233875.1_ASM23387v1_genomic.fna,GCF_000249735.1_ASM24973v2_genomic.fna,GCF_000261145.1_Esch_coli_M919_V2_genomic.fna,GCF_000267705.2_ASM26770v2_genomic.fna,GCF_000350665.1_Esch_coli_KTE5_V1_genomic.fna,GCF_000351625.1_Esch_coli_KTE66_V1_genomic.fna,GCF_000352285.1_Esch_coli_KTE46_V1_genomic.fna,GCF_000358895.1_ASM35889v1_genomic.fna,GCF_000456385.1_Esch_coli_HVH_26_4-5703913_V1_genomic.fna,GCF_000458195.1_Esch_coli_HVH_147_4-5893887_V1_genomic.fna,GCF_000459755.1_Esch_coli_KOEGE_58_171a_V1_genomic.fna,GCF_000460055.1_Esch_coli_UMEA_3053-1_V1_genomic.fna,GCF_000462165.2_ASM46216v2_genomic.fna,GCF_000601135.1_ASM60113v1_genomic.fna,GCF_000614595.1_Ec2010EL1058_genomic.fna,GCF_000617745.1_Ec2010C-4529_genomic.fna,GCF_000618265.2_EcF6751_genomic.fna,GCF_000619005.2_Ec2009C-4052_genomic.fna,GCF_000619105.1_Ec2009C-4780_genomic.fna,GCF_000619765.2_Ec2009C-3279_genomic.fna,GCF_000687005.1_ASM68700v1_genomic.fna,GCF_000687025.1_ASM68702v1_genomic.fna,GCF_000700125.1_ASM70012v1_genomic.fna,GCF_000753315.1_FHI35_genomic.fna,GCF_000776375.1_ASM77637v1_genomic.fna,GCF_000779395.1_ASM77939v1_genomic.fna,GCF_000780315.1_ASM78031v1_genomic.fna,GCF_000781995.1_ASM78199v1_genomic.fna,GCF_000986765.1_ASM98676v1_genomic.fna,GCF_001041375.1_ViralProj287958_genomic.fna,GCF_001265335.1_302014_genomic.fna,GCF_001265625.1_100854_genomic.fna,GCF_001267345.1_303289_genomic.fna,GCF_001309985.1_ASM130998v1_genomic.fna,GCF_001521695.1_ASM152169v1_genomic.fna,GCF_001592595.1_ASM159259v1_genomic.fna,GCF_001614975.1_ASM161497v1_genomic.fna,GCF_001692775.1_ASM169277v1_genomic.fna,GCF_001748915.1_ASM174891v1_genomic.fna,GCF_001749235.1_ASM174923v1_genomic.fna,GCF_001881155.1_ASM188115v1_genomic.fna,GCF_001881345.1_ASM188134v1_genomic.fna,GCF_001892405.1_ASM189240v1_genomic.fna,GCF_001892585.1_ASM189258v1_genomic.fna,GCF_001893985.1_ASM189398v1_genomic.fna,GCF_002001595.1_ASM200159v1_genomic.fna,GCF_002002145.1_ASM200214v1_genomic.fna
1.0,0.496,0.394,0.421,0.498,0.48,0.476,0.429,0.595,0.412,0.483,0.427,0.502,0.416,0.407,0.486,0.481,0.496,0.496,0.474,0.48,0.489,0.503,0.489,0.474,0.465,0.506,0.412,0.503,0.57,0.397,0.478,0.0,0.486,0.448,0.405,0.475,0.515,0.392,0.497,0.401,0.478,0.5,0.416,0.426,0.467,0.487,0.487,0.407,0.516
0.496,1.0,0.354,0.398,0.605,0.755,0.523,0.409,0.457,0.39,0.571,0.41,0.593,0.396,0.393,0.518,0.684,0.583,0.584,0.52,0.577,0.587,0.606,0.782,0.784,0.685,0.601,0.395,0.466,0.447,0.38,0.611,0.0,0.594,0.711,0.388,0.521,0.612,0.378,0.591,0.388,0.673,0.586,0.418,0.409,0.44,0.689,0.69,0.419,0.464
0.394,0.354,1.0,0.308,0.36,0.342,0.339,0.323,0.374,0.303,0.345,0.319,0.357,0.317,0.316,0.349,0.36,0.349,0.351,0.339,0.346,0.352,0.354,0.35,0.354,0.34,0.354,0.312,0.366,0.373,0.31,0.356,0.0,0.362,0.317,0.316,0.338,0.361,0.302,0.355,0.31,0.349,0.359,0.323,0.315,0.333,0.361,0.36,0.32,0.371
0.421,0.398,0.308,1.0,0.412,0.398,0.379,0.699,0.422,0.695,0.389,0.721,0.404,0.759,0.764,0.392,0.399,0.389,0.4,0.378,0.381,0.382,0.396,0.409,0.409,0.389,0.397,0.724,0.454,0.392,0.733,0.385,0.0,0.39,0.384,0.61,0.378,0.394,0.661,0.396,0.735,0.388,0.393,0.717,0.726,0.412,0.386,0.386,0.662,0.451
0.498,0.605,0.36,0.412,1.0,0.629,0.519,0.424,0.491,0.394,0.742,0.413,0.706,0.412,0.404,0.537,0.633,0.665,0.67,0.519,0.659,0.677,0.675,0.635,0.633,0.615,0.686,0.413,0.482,0.473,0.394,0.664,0.0,0.684,0.59,0.409,0.516,0.699,0.392,0.693,0.397,0.627,0.717,0.409,0.414,0.434,0.657,0.656,0.406,0.464
0.48,0.755,0.342,0.398,0.629,1.0,0.556,0.41,0.459,0.377,0.576,0.402,0.605,0.396,0.398,0.554,0.682,0.606,0.601,0.552,0.583,0.6,0.626,0.773,0.791,0.666,0.604,0.392,0.475,0.443,0.381,0.599,0.0,0.62,0.727,0.394,0.552,0.615,0.403,0.602,0.385,0.683,0.61,0.392,0.394,0.43,0.703,0.703,0.401,0.481
0.476,0.523,0.339,0.379,0.519,0.556,1.0,0.379,0.458,0.358,0.502,0.375,0.528,0.365,0.37,0.935,0.532,0.556,0.559,0.988,0.564,0.541,0.565,0.532,0.525,0.514,0.535,0.367,0.443,0.446,0.366,0.526,0.0,0.523,0.499,0.393,0.988,0.514,0.381,0.533,0.367,0.517,0.524,0.374,0.372,0.413,0.512,0.512,0.374,0.458
0.429,0.409,0.323,0.699,0.424,0.41,0.379,1.0,0.412,0.668,0.388,0.696,0.407,0.703,0.682,0.394,0.408,0.392,0.397,0.378,0.378,0.384,0.388,0.427,0.411,0.398,0.394,0.892,0.472,0.393,0.686,0.386,0.0,0.4,0.377,0.597,0.378,0.439,0.64,0.405,0.679,0.392,0.407,0.889,0.881,0.427,0.391,0.39,0.652,0.46
0.595,0.457,0.374,0.422,0.491,0.459,0.458,0.412,1.0,0.418,0.476,0.417,0.492,0.438,0.417,0.475,0.464,0.461,0.469,0.458,0.443,0.474,0.473,0.476,0.469,0.454,0.474,0.418,0.513,0.581,0.402,0.453,0.0,0.465,0.441,0.422,0.457,0.472,0.402,0.49,0.397,0.451,0.484,0.405,0.41,0.452,0.464,0.465,0.408,0.517
0.412,0.39,0.303,0.695,0.394,0.377,0.358,0.668,0.418,1.0,0.41,0.664,0.407,0.705,0.679,0.372,0.385,0.379,0.382,0.358,0.363,0.381,0.371,0.405,0.402,0.398,0.383,0.685,0.442,0.406,0.721,0.366,0.0,0.378,0.4,0.608,0.358,0.384,0.632,0.401,0.711,0.366,0.388,0.666,0.681,0.409,0.37,0.37,0.645,0.433
0.483,0.571,0.345,0.389,0.742,0.576,0.502,0.388,0.476,0.41,1.0,0.387,0.72,0.398,0.382,0.525,0.599,0.653,0.663,0.502,0.636,0.692,0.665,0.625,0.597,0.612,0.673,0.395,0.457,0.468,0.377,0.643,0.0,0.654,0.632,0.405,0.498,0.671,0.374,0.707,0.37,0.599,0.689,0.382,0.387,0.414,0.606,0.606,0.39,0.452
0.427,0.41,0.319,0.721,0.413,0.402,0.375,0.696,0.417,0.664,0.387,1.0,0.406,0.722,0.846,0.387,0.41,0.391,0.4,0.373,0.389,0.395,0.405,0.422,0.41,0.396,0.4,0.699,0.472,0.403,0.682,0.388,0.0,0.407,0.381,0.602,0.371,0.412,0.659,0.396,0.698,0.392,0.408,0.701,0.707,0.424,0.403,0.403,0.641,0.452
0.502,0.593,0.357,0.404,0.706,0.605,0.528,0.407,0.492,0.407,0.72,0.406,1.0,0.42,0.405,0.547,0.605,0.716,0.75,0.527,0.706,0.79,0.758,0.643,0.619,0.618,0.73,0.412,0.475,0.485,0.391,0.713,0.0,0.761,0.607,0.422,0.526,0.729,0.376,0.788,0.382,0.613,0.747,0.401,0.406,0.427,0.616,0.616,0.406,0.473
0.416,0.396,0.317,0.759,0.412,0.396,0.365,0.703,0.438,0.705,0.398,0.722,0.42,1.0,0.756,0.382,0.404,0.398,0.403,0.365,0.371,0.4,0.399,0.411,0.412,0.393,0.399,0.741,0.474,0.407,0.735,0.386,0.0,0.395,0.381,0.619,0.364,0.401,0.669,0.407,0.742,0.385,0.398,0.721,0.732,0.425,0.383,0.383,0.669,0.453
0.407,0.393,0.316,0.764,0.404,0.398,0.37,0.682,0.417,0.679,0.382,0.846,0.405,0.756,1.0,0.378,0.401,0.392,0.392,0.37,0.383,0.39,0.404,0.4,0.398,0.382,0.395,0.699,0.461,0.396,0.725,0.384,0.0,0.393,0.373,0.603,0.368,0.403,0.67,0.399,0.731,0.385,0.397,0.7,0.704,0.427,0.4,0.401,0.658,0.466
0.486,0.518,0.349,0.392,0.537,0.554,0.935,0.394,0.475,0.372,0.525,0.387,0.547,0.382,0.378,1.0,0.54,0.553,0.565,0.937,0.542,0.552,0.558,0.544,0.54,0.525,0.531,0.383,0.456,0.461,0.378,0.515,0.0,0.536,0.512,0.406,0.934,0.526,0.387,0.545,0.373,0.521,0.539,0.381,0.387,0.416,0.514,0.513,0.38,0.46
0.481,0.684,0.36,0.399,0.633,0.682,0.532,0.408,0.464,0.385,0.599,0.41,0.605,0.404,0.401,0.54,1.0,0.593,0.588,0.528,0.587,0.613,0.624,0.715,0.707,0.724,0.599,0.399,0.472,0.452,0.385,0.625,0.0,0.624,0.65,0.416,0.528,0.596,0.382,0.599,0.38,0.678,0.599,0.409,0.411,0.413,0.696,0.696,0.397,0.451
0.496,0.583,0.349,0.389,0.665,0.606,0.556,0.392,0.461,0.379,0.653,0.391,0.716,0.398,0.392,0.553,0.593,1.0,0.744,0.552,0.718,0.732,0.74,0.607,0.584,0.576,0.706,0.387,0.455,0.455,0.378,0.674,0.0,0.694,0.557,0.418,0.555,0.684,0.383,0.711,0.371,0.609,0.692,0.39,0.392,0.411,0.611,0.612,0.392,0.457
0.496,0.584,0.351,0.4,0.67,0.601,0.559,0.397,0.469,0.382,0.663,0.4,0.75,0.403,0.392,0.565,0.588,0.744,1.0,0.558,0.728,0.75,0.743,0.606,0.599,0.584,0.708,0.397,0.461,0.468,0.384,0.687,0.0,0.708,0.583,0.426,0.555,0.692,0.383,0.723,0.378,0.602,0.703,0.396,0.402,0.422,0.608,0.608,0.399,0.461
0.474,0.52,0.339,0.378,0.519,0.552,0.988,0.378,0.458,0.358,0.502,0.373,0.527,0.365,0.37,0.937,0.528,0.552,0.558,1.0,0.561,0.539,0.56,0.528,0.524,0.51,0.533,0.367,0.442,0.446,0.366,0.522,0.0,0.522,0.494,0.392,0.984,0.512,0.38,0.531,0.367,0.515,0.523,0.374,0.373,0.414,0.512,0.511,0.375,0.459
0.48,0.577,0.346,0.381,0.659,0.583,0.564,0.378,0.443,0.363,0.636,0.389,0.706,0.371,0.383,0.542,0.587,0.718,0.728,0.561,1.0,0.715,0.745,0.58,0.576,0.567,0.699,0.374,0.441,0.442,0.368,0.699,0.0,0.703,0.549,0.413,0.559,0.693,0.383,0.71,0.38,0.579,0.698,0.378,0.377,0.419,0.6,0.6,0.382,0.454
0.489,0.587,0.352,0.382,0.677,0.6,0.541,0.384,0.474,0.381,0.692,0.395,0.79,0.4,0.39,0.552,0.613,0.732,0.75,0.539,0.715,1.0,0.908,0.633,0.627,0.606,0.723,0.391,0.46,0.47,0.375,0.701,0.0,0.859,0.595,0.411,0.537,0.717,0.371,0.76,0.364,0.607,0.74,0.381,0.385,0.417,0.617,0.617,0.385,0.462
0.503,0.606,0.354,0.396,0.675,0.626,0.565,0.388,0.473,0.371,0.665,0.405,0.758,0.399,0.404,0.558,0.624,0.74,0.743,0.56,0.745,0.908,1.0,0.614,0.614,0.584,0.742,0.384,0.465,0.46,0.381,0.726,0.0,0.845,0.573,0.412,0.56,0.719,0.381,0.736,0.383,0.621,0.725,0.385,0.386,0.423,0.63,0.631,0.396,0.467
0.489,0.782,0.35,0.409,0.635,0.773,0.532,0.427,0.476,0.405,0.625,0.422,0.643,0.411,0.4,0.544,0.715,0.607,0.606,0.528,0.58,0.633,0.614,1.0,0.819,0.719,0.601,0.411,0.463,0.471,0.39,0.599,0.0,0.622,0.782,0.407,0.528,0.614,0.383,0.626,0.385,0.685,0.618,0.404,0.412,0.42,0.688,0.689,0.396,0.459
0.474,0.784,0.354,0.409,0.633,0.791,0.525,0.411,0.469,0.402,0.597,0.41,0.619,0.412,0.398,0.54,0.707,0.584,0.599,0.524,0.576,0.627,0.614,0.819,1.0,0.737,0.596,0.413,0.461,0.455,0.391,0.606,0.0,0.606,0.767,0.403,0.527,0.608,0.385,0.609,0.383,0.682,0.615,0.419,0.407,0.427,0.696,0.697,0.42,0.456
0.465,0.685,0.34,0.389,0.615,0.666,0.514,0.398,0.454,0.398,0.612,0.396,0.618,0.393,0.382,0.525,0.724,0.576,0.584,0.51,0.567,0.606,0.584,0.719,0.737,1.0,0.574,0.394,0.454,0.458,0.375,0.573,0.0,0.595,0.677,0.4,0.511,0.577,0.368,0.604,0.368,0.664,0.581,0.402,0.393,0.417,0.681,0.68,0.393,0.445
0.506,0.601,0.354,0.397,0.686,0.604,0.535,0.394,0.474,0.383,0.673,0.4,0.73,0.399,0.395,0.531,0.599,0.706,0.708,0.533,0.699,0.723,0.742,0.601,0.596,0.574,1.0,0.387,0.468,0.457,0.383,0.721,0.0,0.705,0.557,0.406,0.532,0.798,0.372,0.743,0.387,0.607,0.808,0.395,0.392,0.439,0.618,0.617,0.406,0.465
0.412,0.395,0.312,0.724,0.413,0.392,0.367,0.892,0.418,0.685,0.395,0.699,0.412,0.741,0.699,0.383,0.399,0.387,0.397,0.367,0.374,0.391,0.384,0.411,0.413,0.394,0.387,1.0,0.466,0.4,0.686,0.381,0.0,0.389,0.381,0.598,0.366,0.419,0.634,0.406,0.693,0.38,0.4,0.954,0.94,0.417,0.388,0.388,0.651,0.448
0.503,0.466,0.366,0.454,0.482,0.475,0.443,0.472,0.513,0.442,0.457,0.472,0.475,0.474,0.461,0.456,0.472,0.455,0.461,0.442,0.441,0.46,0.465,0.463,0.461,0.454,0.468,0.466,1.0,0.496,0.453,0.451,0.0,0.468,0.43,0.447,0.443,0.475,0.44,0.467,0.449,0.452,0.471,0.467,0.47,0.558,0.457,0.457,0.451,0.818
0.57,0.447,0.373,0.392,0.473,0.443,0.446,0.393,0.581,0.406,0.468,0.403,0.485,0.407,0.396,0.461,0.452,0.455,0.468,0.446,0.442,0.47,0.46,0.471,0.455,0.458,0.457,0.4,0.496,1.0,0.39,0.44,0.0,0.451,0.433,0.402,0.445,0.462,0.386,0.48,0.39,0.446,0.476,0.388,0.392,0.458,0.459,0.459,0.402,0.494
0.397,0.38,0.31,0.733,0.394,0.381,0.366,0.686,0.402,0.721,0.377,0.682,0.391,0.735,0.725,0.378,0.385,0.378,0.384,0.366,0.368,0.375,0.381,0.39,0.391,0.375,0.383,0.686,0.453,0.39,1.0,0.367,0.0,0.379,0.364,0.602,0.365,0.382,0.644,0.381,0.899,0.375,0.382,0.688,0.688,0.421,0.375,0.375,0.655,0.444
0.478,0.611,0.356,0.385,0.664,0.599,0.526,0.386,0.453,0.366,0.643,0.388,0.713,0.386,0.384,0.515,0.625,0.674,0.687,0.522,0.699,0.701,0.726,0.599,0.606,0.573,0.721,0.381,0.451,0.44,0.367,1.0,0.0,0.693,0.547,0.397,0.525,0.722,0.376,0.719,0.371,0.602,0.719,0.383,0.386,0.425,0.627,0.627,0.392,0.451
0.0,0.0,0.0,0.0,0.0,0.0,0.0,0.0,0.0,0.0,0.0,0.0,0.0,0.0,0.0,0.0,0.0,0.0,0.0,0.0,0.0,0.0,0.0,0.0,0.0,0.0,0.0,0.0,0.0,0.0,0.0,0.0,1.0,0.0,0.0,0.0,0.0,0.0,0.0,0.0,0.0,0.0,0.0,0.0,0.0,0.0,0.0,0.0,0.0,0.0
0.486,0.594,0.362,0.39,0.684,0.62,0.523,0.4,0.465,0.378,0.654,0.407,0.761,0.395,0.393,0.536,0.624,0.694,0.708,0.522,0.703,0.859,0.845,0.622,0.606,0.595,0.705,0.389,0.468,0.451,0.379,0.693,0.0,1.0,0.577,0.435,0.52,0.711,0.392,0.729,0.372,0.6,0.726,0.385,0.393,0.417,0.618,0.617,0.387,0.467
0.448,0.711,0.317,0.384,0.59,0.727,0.499,0.377,0.441,0.4,0.632,0.381,0.607,0.381,0.373,0.512,0.65,0.557,0.583,0.494,0.549,0.595,0.573,0.782,0.767,0.677,0.557,0.381,0.43,0.433,0.364,0.547,0.0,0.577,1.0,0.383,0.496,0.559,0.363,0.593,0.358,0.644,0.576,0.371,0.377,0.379,0.645,0.645,0.373,0.419
0.405,0.388,0.316,0.61,0.409,0.394,0.393,0.597,0.422,0.608,0.405,0.602,0.422,0.619,0.603,0.406,0.416,0.418,0.426,0.392,0.413,0.411,0.412,0.407,0.403,0.4,0.406,0.598,0.447,0.402,0.602,0.397,0.0,0.435,0.383,1.0,0.392,0.402,0.615,0.422,0.599,0.388,0.414,0.59,0.599,0.411,0.384,0.383,0.587,0.443
0.475,0.521,0.338,0.378,0.516,0.552,0.988,0.378,0.457,0.358,0.498,0.371,0.526,0.364,0.368,0.934,0.528,0.555,0.555,0.984,0.559,0.537,0.56,0.528,0.527,0.511,0.532,0.366,0.443,0.445,0.365,0.525,0.0,0.52,0.496,0.392,1.0,0.512,0.38,0.53,0.366,0.514,0.522,0.373,0.371,0.41,0.508,0.508,0.374,0.456
0.515,0.612,0.361,0.394,0.699,0.615,0.514,0.439,0.472,0.384,0.671,0.412,0.729,0.401,0.403,0.526,0.596,0.684,0.692,0.512,0.693,0.717,0.719,0.614,0.608,0.577,0.798,0.419,0.475,0.462,0.382,0.722,0.0,0.711,0.559,0.402,0.512,1.0,0.384,0.75,0.381,0.614,0.857,0.421,0.405,0.443,0.638,0.637,0.409,0.467
0.392,0.378,0.302,0.661,0.392,0.403,0.381,0.64,0.402,0.632,0.374,0.659,0.376,0.669,0.67,0.387,0.382,0.383,0.383,0.38,0.383,0.371,0.381,0.383,0.385,0.368,0.372,0.634,0.44,0.386,0.644,0.376,0.0,0.392,0.363,0.615,0.38,0.384,1.0,0.379,0.653,0.379,0.383,0.639,0.643,0.399,0.382,0.381,0.63,0.442
0.497,0.591,0.355,0.396,0.693,0.602,0.533,0.405,0.49,0.401,0.707,0.396,0.788,0.407,0.399,0.545,0.599,0.711,0.723,0.531,0.71,0.76,0.736,0.626,0.609,0.604,0.743,0.406,0.467,0.48,0.381,0.719,0.0,0.729,0.593,0.422,0.53,0.75,0.379,1.0,0.372,0.615,0.764,0.394,0.398,0.419,0.628,0.627,0.394,0.471
0.401,0.388,0.31,0.735,0.397,0.385,0.367,0.679,0.397,0.711,0.37,0.698,0.382,0.742,0.731,0.373,0.38,0.371,0.378,0.367,0.38,0.364,0.383,0.385,0.383,0.368,0.387,0.693,0.449,0.39,0.899,0.371,0.0,0.372,0.358,0.599,0.366,0.381,0.653,0.372,1.0,0.38,0.377,0.695,0.695,0.425,0.377,0.377,0.662,0.445
0.478,0.673,0.349,0.388,0.627,0.683,0.517,0.392,0.451,0.366,0.599,0.392,0.613,0.385,0.385,0.521,0.678,0.609,0.602,0.515,0.579,0.607,0.621,0.685,0.682,0.664,0.607,0.38,0.452,0.446,0.375,0.602,0.0,0.6,0.644,0.388,0.514,0.614,0.379,0.615,0.38,1.0,0.633,0.381,0.38,0.404,0.74,0.74,0.385,0.451
0.5,0.586,0.359,0.393,0.717,0.61,0.524,0.407,0.484,0.388,0.689,0.408,0.747,0.398,0.397,0.539,0.599,0.692,0.703,0.523,0.698,0.74,0.725,0.618,0.615,0.581,0.808,0.4,0.471,0.476,0.382,0.719,0.0,0.726,0.576,0.414,0.522,0.857,0.383,0.764,0.377,0.633,1.0,0.393,0.396,0.426,0.622,0.622,0.399,0.463
0.416,0.418,0.323,0.717,0.409,0.392,0.374,0.889,0.405,0.666,0.382,0.701,0.401,0.721,0.7,0.381,0.409,0.39,0.396,0.374,0.378,0.381,0.385,0.404,0.419,0.402,0.395,0.954,0.467,0.388,0.688,0.383,0.0,0.385,0.371,0.59,0.373,0.421,0.639,0.394,0.695,0.381,0.393,1.0,0.948,0.423,0.391,0.391,0.671,0.45
0.426,0.409,0.315,0.726,0.414,0.394,0.372,0.881,0.41,0.681,0.387,0.707,0.406,0.732,0.704,0.387,0.411,0.392,0.402,0.373,0.377,0.385,0.386,0.412,0.407,0.393,0.392,0.94,0.47,0.392,0.688,0.386,0.0,0.393,0.377,0.599,0.371,0.405,0.643,0.398,0.695,0.38,0.396,0.948,1.0,0.417,0.393,0.392,0.654,0.451
0.467,0.44,0.333,0.412,0.434,0.43,0.413,0.427,0.452,0.409,0.414,0.424,0.427,0.425,0.427,0.416,0.413,0.411,0.422,0.414,0.419,0.417,0.423,0.42,0.427,0.417,0.439,0.417,0.558,0.458,0.421,0.425,0.0,0.417,0.379,0.411,0.41,0.443,0.399,0.419,0.425,0.404,0.426,0.423,0.417,1.0,0.457,0.455,0.43,0.623
0.487,0.689,0.361,0.386,0.657,0.703,0.512,0.391,0.464,0.37,0.606,0.403,0.616,0.383,0.4,0.514,0.696,0.611,0.608,0.512,0.6,0.617,0.63,0.688,0.696,0.681,0.618,0.388,0.457,0.459,0.375,0.627,0.0,0.618,0.645,0.384,0.508,0.638,0.382,0.628,0.377,0.74,0.622,0.391,0.393,0.457,1.0,0.997,0.398,0.474
0.487,0.69,0.36,0.386,0.656,0.703,0.512,0.39,0.465,0.37,0.606,0.403,0.616,0.383,0.401,0.513,0.696,0.612,0.608,0.511,0.6,0.617,0.631,0.689,0.697,0.68,0.617,0.388,0.457,0.459,0.375,0.627,0.0,0.617,0.645,0.383,0.508,0.637,0.381,0.627,0.377,0.74,0.622,0.391,0.392,0.455,0.997,1.0,0.397,0.473
0.407,0.419,0.32,0.662,0.406,0.401,0.374,0.652,0.408,0.645,0.39,0.641,0.406,0.669,0.658,0.38,0.397,0.392,0.399,0.375,0.382,0.385,0.396,0.396,0.42,0.393,0.406,0.651,0.451,0.402,0.655,0.392,0.0,0.387,0.373,0.587,0.374,0.409,0.63,0.394,0.662,0.385,0.399,0.671,0.654,0.43,0.398,0.397,1.0,0.451
0.516,0.464,0.371,0.451,0.464,0.481,0.458,0.46,0.517,0.433,0.452,0.452,0.473,0.453,0.466,0.46,0.451,0.457,0.461,0.459,0.454,0.462,0.467,0.459,0.456,0.445,0.465,0.448,0.818,0.494,0.444,0.451,0.0,0.467,0.419,0.443,0.456,0.467,0.442,0.471,0.445,0.451,0.463,0.45,0.451,0.623,0.474,0.473,0.451,1.0
