GCF_000163235.1_ASM16323v1_genomic.fna,GCF_000164555.1_ASM16455v1_genomic.fna,GCF_000208545.1_ASM20854v2_genomic.fna,GCF_000233875.1_ASM23387v1_genomic.fna,GCF_000249735.1_ASM24973v2_genomic.fna,GCF_000261145.1_Esch_coli_M919_V2_genomic.fna,GCF_000267705.2_ASM26770v2_genomic.fna,GCF_000350665.1_Esch_coli_KTE5_V1_genomic.fna,GCF_000351625.1_Esch_coli_KTE66_V1_genomic.fna,GCF_000352285.1_Esch_coli_KTE46_V1_genomic.fna,GCF_000358895.1_ASM35889v1_genomic.fna,GCF_000456385.1_Esch_coli_HVH_26_4-5703913_V1_genomic.fna,GCF_000458195.1_Esch_coli_HVH_147_4-5893887_V1_genomic.fna,GCF_000459755.1_Esch_coli_KOEGE_58_171a_V1_genomic.fna,GCF_000460055.1_Esch_coli_UMEA_3053-1_V1_genomic.fna,GCF_000462165.2_ASM46216v2_genomic.fna,GCF_000601135.1_ASM60113v1_genomic.fna,GCF_000614595.1_Ec2010EL1058_genomic.fna,GCF_000617745.1_Ec2010C-4529_genomic.fna,GCF_000618265.2_EcF6751_genomic.fna,GCF_000619005.2_Ec2009C-4052_genomic.fna,GCF_000619105.1_Ec2009C-4780_genomic.fna,GCF_000619765.2_Ec2009C-3279_genomic.fna,GCF_000687005.1_ASM68700v1_genomic.fna,GCF_000687025.1_ASM68702v1_genomic.fna,GCF_000700125.1_ASM70012v1_genomic.fna,GCF_000753315.1_FHI35_genomic.fna,GCF_000776375.1_ASM77637v1_genomic.fna,GCF_000779395.1_ASM77939v1_genomic.fna,GCF_000780315.1_ASM78031v1_genomic.fna,GCF_000781995.1_ASM78199v1_genomic.fna,GCF_000986765.1_ASM98676v1_genomic.fna,GCF_001041375.1_ViralProj287958_genomic.fna,GCF_001265335.1_302014_genomic.fna,GCF_001265625.1_100854_genomic.fna,GCF_001267345.1_303289_genomic.fna,GCF_001309985.1_ASM130998v1_genomic.fna,GCF_001521695.1_ASM152169v1_genomic.fna,GCF_001592595.1_ASM159259v1_genomic.fna,GCF_001614975.1_ASM161497v1_genomic.fna,GCF_001692775.1_ASM169277v1_genomic.fna,GCF_001748915.1_ASM174891v1_genomic.fna,GCF_001749235.1_ASM174923v1_genomic.fna,GCF_001881155.1_ASM188115v1_genomic.fna,GCF_001881345.1_ASM188134v1_genomic.fna,GCF_001892405.1_ASM189240v1_genomic.fna,GCF_001892585.1_ASM189258v1_genomic.fna,GCF_001893985.1_ASM189398v1_genomic.fna,GCF_002001595.1_ASM200159v1_genomic.fna,GCF_002002145.1_ASM200214v1_genomic.fna
1.0,0.491,0.398,0.44,0.483,0.466,0.47,0.436,0.591,0.453,0.467,0.452,0.474,0.436,0.438,0.476,0.483,0.493,0.475,0.468,0.481,0.484,0.49,0.491,0.481,0.463,0.489,0.427,0.521,0.578,0.417,0.474,0.0,0.482,0.456,0.44,0.467,0.498,0.438,0.475,0.424,0.472,0.497,0.42,0.426,0.451,0.475,0.478,0.415,0.524
0.491,1.0,0.351,0.44,0.633,0.792,0.537,0.435,0.458,0.444,0.589,0.463,0.602,0.438,0.443,0.536,0.718,0.611,0.599,0.535,0.598,0.606,0.609,0.802,0.809,0.719,0.603,0.437,0.462,0.46,0.428,0.636,0.0,0.604,0.763,0.429,0.535,0.632,0.432,0.606,0.433,0.692,0.619,0.44,0.442,0.404,0.692,0.692,0.443,0.447
0.398,0.351,1.0,0.347,0.341,0.342,0.33,0.328,0.401,0.351,0.342,0.348,0.346,0.341,0.34,0.336,0.349,0.342,0.344,0.33,0.329,0.332,0.336,0.35,0.345,0.342,0.344,0.323,0.385,0.394,0.321,0.346,0.0,0.338,0.324,0.342,0.329,0.343,0.328,0.333,0.329,0.337,0.358,0.322,0.314,0.348,0.345,0.347,0.339,0.393
0.44,0.44,0.347,1.0,0.437,0.426,0.404,0.714,0.434,0.759,0.415,0.742,0.418,0.789,0.775,0.41,0.431,0.427,0.416,0.403,0.407,0.415,0.422,0.429,0.432,0.425,0.419,0.747,0.466,0.421,0.736,0.43,0.0,0.412,0.411,0.638,0.401,0.429,0.692,0.413,0.758,0.418,0.422,0.733,0.724,0.433,0.415,0.417,0.669,0.474
0.483,0.633,0.341,0.437,1.0,0.635,0.521,0.417,0.463,0.435,0.757,0.44,0.69,0.435,0.431,0.532,0.644,0.681,0.659,0.521,0.672,0.686,0.696,0.638,0.62,0.625,0.688,0.412,0.465,0.46,0.415,0.684,0.0,0.688,0.609,0.424,0.519,0.708,0.425,0.695,0.423,0.633,0.704,0.405,0.406,0.402,0.654,0.657,0.414,0.469
0.466,0.792,0.342,0.426,0.635,1.0,0.549,0.426,0.451,0.417,0.592,0.443,0.602,0.431,0.433,0.54,0.692,0.613,0.599,0.542,0.594,0.605,0.612,0.788,0.812,0.687,0.603,0.415,0.465,0.45,0.408,0.635,0.0,0.624,0.763,0.428,0.544,0.626,0.436,0.61,0.413,0.684,0.616,0.413,0.407,0.398,0.68,0.685,0.427,0.466
0.47,0.537,0.33,0.404,0.521,0.549,1.0,0.401,0.448,0.401,0.507,0.411,0.524,0.402,0.399,0.947,0.541,0.549,0.548,0.985,0.55,0.546,0.575,0.546,0.545,0.524,0.528,0.394,0.442,0.449,0.395,0.538,0.0,0.549,0.518,0.427,0.989,0.524,0.419,0.525,0.397,0.53,0.533,0.389,0.386,0.392,0.528,0.531,0.391,0.441
0.436,0.435,0.328,0.714,0.417,0.426,0.401,1.0,0.417,0.706,0.399,0.704,0.408,0.723,0.712,0.395,0.414,0.413,0.393,0.401,0.392,0.4,0.4,0.42,0.417,0.407,0.399,0.91,0.472,0.4,0.735,0.418,0.0,0.39,0.386,0.61,0.399,0.432,0.687,0.405,0.732,0.403,0.411,0.9,0.878,0.454,0.396,0.397,0.655,0.457
0.591,0.458,0.401,0.434,0.463,0.451,0.448,0.417,1.0,0.436,0.464,0.414,0.471,0.41,0.414,0.455,0.469,0.489,0.459,0.449,0.461,0.485,0.486,0.477,0.45,0.452,0.483,0.41,0.52,0.598,0.408,0.46,0.0,0.476,0.448,0.439,0.447,0.474,0.429,0.475,0.414,0.457,0.496,0.4,0.395,0.445,0.448,0.45,0.409,0.532
0.453,0.444,0.351,0.759,0.435,0.417,0.401,0.706,0.436,1.0,0.416,0.72,0.42,0.741,0.72,0.417,0.414,0.422,0.409,0.4,0.397,0.414,0.412,0.427,0.42,0.417,0.415,0.71,0.48,0.421,0.742,0.41,0.0,0.407,0.401,0.644,0.4,0.423,0.692,0.411,0.743,0.402,0.422,0.699,0.7,0.436,0.406,0.409,0.675,0.478
0.467,0.589,0.342,0.415,0.757,0.592,0.507,0.399,0.464,0.416,1.0,0.409,0.73,0.417,0.404,0.52,0.601,0.679,0.667,0.506,0.651,0.691,0.677,0.623,0.587,0.625,0.686,0.396,0.439,0.45,0.398,0.655,0.0,0.662,0.637,0.413,0.504,0.667,0.407,0.714,0.404,0.613,0.69,0.387,0.384,0.39,0.616,0.618,0.393,0.45
0.452,0.463,0.348,0.742,0.44,0.443,0.411,0.704,0.414,0.72,0.409,1.0,0.413,0.745,0.872,0.407,0.441,0.418,0.407,0.408,0.406,0.41,0.413,0.443,0.448,0.425,0.406,0.717,0.49,0.428,0.692,0.428,0.0,0.409,0.408,0.631,0.407,0.432,0.683,0.409,0.721,0.419,0.421,0.706,0.705,0.439,0.428,0.431,0.653,0.468
0.474,0.602,0.346,0.418,0.69,0.602,0.524,0.408,0.471,0.42,0.73,0.413,1.0,0.417,0.405,0.537,0.622,0.704,0.711,0.524,0.697,0.779,0.766,0.64,0.595,0.631,0.734,0.4,0.444,0.446,0.397,0.704,0.0,0.752,0.632,0.417,0.522,0.709,0.398,0.759,0.401,0.616,0.729,0.393,0.389,0.393,0.626,0.628,0.396,0.461
0.436,0.438,0.341,0.789,0.435,0.431,0.402,0.723,0.41,0.741,0.417,0.745,0.417,1.0,0.777,0.406,0.424,0.428,0.405,0.402,0.401,0.414,0.418,0.418,0.43,0.419,0.417,0.752,0.483,0.412,0.735,0.433,0.0,0.407,0.401,0.637,0.401,0.428,0.689,0.411,0.761,0.417,0.421,0.738,0.729,0.439,0.415,0.418,0.677,0.474
0.438,0.443,0.34,0.775,0.431,0.433,0.399,0.712,0.414,0.72,0.404,0.872,0.405,0.777,1.0,0.398,0.43,0.41,0.4,0.399,0.391,0.403,0.408,0.418,0.42,0.413,0.401,0.734,0.475,0.421,0.731,0.425,0.0,0.397,0.393,0.629,0.398,0.42,0.703,0.4,0.751,0.41,0.41,0.72,0.713,0.445,0.418,0.421,0.676,0.474
0.476,0.536,0.336,0.41,0.532,0.54,0.947,0.395,0.455,0.417,0.52,0.407,0.537,0.406,0.398,1.0,0.54,0.55,0.555,0.95,0.543,0.552,0.57,0.559,0.546,0.53,0.536,0.393,0.445,0.463,0.395,0.531,0.0,0.551,0.523,0.426,0.949,0.535,0.411,0.535,0.399,0.536,0.541,0.385,0.385,0.394,0.535,0.538,0.392,0.451
0.483,0.718,0.349,0.431,0.644,0.692,0.541,0.414,0.469,0.414,0.601,0.441,0.622,0.424,0.43,0.54,1.0,0.634,0.597,0.539,0.622,0.628,0.634,0.73,0.718,0.752,0.617,0.413,0.475,0.46,0.405,0.659,0.0,0.645,0.691,0.441,0.539,0.628,0.433,0.624,0.406,0.683,0.633,0.413,0.419,0.39,0.693,0.695,0.41,0.46
0.493,0.611,0.342,0.427,0.681,0.613,0.549,0.413,0.489,0.422,0.679,0.418,0.704,0.428,0.41,0.55,0.634,1.0,0.73,0.549,0.723,0.744,0.75,0.641,0.6,0.63,0.717,0.4,0.458,0.466,0.406,0.69,0.0,0.716,0.606,0.445,0.543,0.686,0.42,0.722,0.408,0.618,0.706,0.392,0.387,0.387,0.636,0.637,0.4,0.47
0.475,0.599,0.344,0.416,0.659,0.599,0.548,0.393,0.459,0.409,0.667,0.407,0.711,0.405,0.4,0.555,0.597,0.73,1.0,0.547,0.714,0.741,0.725,0.62,0.587,0.615,0.716,0.384,0.439,0.445,0.39,0.664,0.0,0.698,0.609,0.416,0.546,0.675,0.4,0.714,0.394,0.595,0.698,0.377,0.376,0.383,0.605,0.606,0.39,0.456
0.468,0.535,0.33,0.403,0.521,0.542,0.985,0.401,0.449,0.4,0.506,0.408,0.524,0.402,0.399,0.95,0.539,0.549,0.547,1.0,0.544,0.544,0.571,0.543,0.544,0.522,0.527,0.394,0.441,0.45,0.395,0.537,0.0,0.544,0.513,0.424,0.991,0.524,0.415,0.524,0.397,0.53,0.532,0.388,0.385,0.393,0.527,0.53,0.391,0.442
0.481,0.598,0.329,0.407,0.672,0.594,0.55,0.392,0.461,0.397,0.651,0.406,0.697,0.401,0.391,0.543,0.622,0.723,0.714,0.544,1.0,0.724,0.741,0.611,0.593,0.609,0.713,0.389,0.435,0.461,0.388,0.712,0.0,0.716,0.592,0.415,0.547,0.7,0.413,0.716,0.395,0.601,0.702,0.383,0.379,0.387,0.623,0.625,0.385,0.441
0.484,0.606,0.332,0.415,0.686,0.605,0.546,0.4,0.485,0.414,0.691,0.41,0.779,0.414,0.403,0.552,0.628,0.744,0.741,0.544,0.724,1.0,0.912,0.637,0.605,0.62,0.755,0.394,0.447,0.457,0.39,0.714,0.0,0.867,0.612,0.418,0.542,0.727,0.407,0.763,0.395,0.607,0.754,0.387,0.383,0.386,0.617,0.62,0.393,0.461
0.49,0.609,0.336,0.422,0.696,0.612,0.575,0.4,0.486,0.412,0.677,0.413,0.766,0.418,0.408,0.57,0.634,0.75,0.725,0.571,0.741,0.912,1.0,0.635,0.614,0.617,0.75,0.398,0.454,0.463,0.396,0.728,0.0,0.865,0.605,0.419,0.57,0.733,0.407,0.746,0.402,0.61,0.747,0.39,0.387,0.389,0.622,0.625,0.393,0.466
0.491,0.802,0.35,0.429,0.638,0.788,0.546,0.42,0.477,0.427,0.623,0.443,0.64,0.418,0.418,0.559,0.73,0.641,0.62,0.543,0.611,0.637,0.635,1.0,0.813,0.743,0.631,0.408,0.468,0.472,0.403,0.629,0.0,0.641,0.808,0.433,0.541,0.627,0.419,0.634,0.409,0.705,0.637,0.404,0.411,0.393,0.7,0.701,0.415,0.474
0.481,0.809,0.345,0.432,0.62,0.812,0.545,0.417,0.45,0.42,0.587,0.448,0.595,0.43,0.42,0.546,0.718,0.6,0.587,0.544,0.593,0.605,0.614,0.813,1.0,0.726,0.604,0.415,0.456,0.454,0.406,0.642,0.0,0.617,0.781,0.425,0.543,0.62,0.424,0.607,0.413,0.698,0.612,0.42,0.414,0.386,0.689,0.692,0.432,0.443
0.463,0.719,0.342,0.425,0.625,0.687,0.524,0.407,0.452,0.417,0.625,0.425,0.631,0.419,0.413,0.53,0.752,0.63,0.615,0.522,0.609,0.62,0.617,0.743,0.726,1.0,0.622,0.403,0.451,0.445,0.4,0.616,0.0,0.61,0.719,0.416,0.522,0.616,0.413,0.638,0.404,0.674,0.618,0.405,0.402,0.378,0.684,0.682,0.415,0.461
0.489,0.603,0.344,0.419,0.688,0.603,0.528,0.399,0.483,0.415,0.686,0.406,0.734,0.417,0.401,0.536,0.617,0.717,0.716,0.527,0.713,0.755,0.75,0.631,0.604,0.622,1.0,0.39,0.449,0.458,0.392,0.722,0.0,0.73,0.6,0.414,0.525,0.808,0.395,0.746,0.401,0.618,0.842,0.388,0.379,0.398,0.62,0.623,0.397,0.458
0.427,0.437,0.323,0.747,0.412,0.415,0.394,0.91,0.41,0.71,0.396,0.717,0.4,0.752,0.734,0.393,0.413,0.4,0.384,0.394,0.389,0.394,0.398,0.408,0.415,0.403,0.39,1.0,0.465,0.396,0.739,0.417,0.0,0.385,0.379,0.606,0.393,0.42,0.683,0.398,0.759,0.402,0.404,0.969,0.944,0.453,0.395,0.399,0.663,0.45
0.521,0.462,0.385,0.466,0.465,0.465,0.442,0.472,0.52,0.48,0.439,0.49,0.444,0.483,0.475,0.445,0.475,0.458,0.439,0.441,0.435,0.447,0.454,0.468,0.456,0.451,0.449,0.465,1.0,0.481,0.463,0.459,0.0,0.456,0.426,0.481,0.441,0.463,0.479,0.444,0.463,0.455,0.457,0.459,0.454,0.558,0.456,0.459,0.454,0.829
0.578,0.46,0.394,0.421,0.46,0.45,0.449,0.4,0.598,0.421,0.45,0.428,0.446,0.412,0.421,0.463,0.46,0.466,0.445,0.45,0.461,0.457,0.463,0.472,0.454,0.445,0.458,0.396,0.481,1.0,0.401,0.448,0.0,0.45,0.44,0.427,0.449,0.462,0.417,0.461,0.412,0.46,0.47,0.392,0.39,0.45,0.463,0.464,0.396,0.499
0.417,0.428,0.321,0.736,0.415,0.408,0.395,0.735,0.408,0.742,0.398,0.692,0.397,0.735,0.731,0.395,0.405,0.406,0.39,0.395,0.388,0.39,0.396,0.403,0.406,0.4,0.392,0.739,0.463,0.401,1.0,0.415,0.0,0.39,0.379,0.618,0.395,0.399,0.689,0.395,0.897,0.399,0.4,0.728,0.722,0.445,0.395,0.396,0.662,0.45
0.474,0.636,0.346,0.43,0.684,0.635,0.538,0.418,0.46,0.41,0.655,0.428,0.704,0.433,0.425,0.531,0.659,0.69,0.664,0.537,0.712,0.714,0.728,0.629,0.642,0.616,0.722,0.417,0.459,0.448,0.415,1.0,0.0,0.718,0.593,0.425,0.536,0.73,0.431,0.73,0.415,0.626,0.734,0.409,0.41,0.401,0.633,0.635,0.415,0.445
0.0,0.0,0.0,0.0,0.0,0.0,0.0,0.0,0.0,0.0,0.0,0.0,0.0,0.0,0.0,0.0,0.0,0.0,0.0,0.0,0.0,0.0,0.0,0.0,0.0,0.0,0.0,0.0,0.0,0.0,0.0,0.0,1.0,0.0,0.0,0.0,0.0,0.0,0.0,0.0,0.0,0.0,0.0,0.0,0.0,0.0,0.0,0.0,0.0,0.0
0.482,0.604,0.338,0.412,0.688,0.624,0.549,0.39,0.476,0.407,0.662,0.409,0.752,0.407,0.397,0.551,0.645,0.716,0.698,0.544,0.716,0.867,0.865,0.641,0.617,0.61,0.73,0.385,0.456,0.45,0.39,0.718,0.0,1.0,0.613,0.435,0.546,0.721,0.415,0.732,0.393,0.606,0.746,0.379,0.379,0.385,0.625,0.628,0.386,0.46
0.456,0.763,0.324,0.411,0.609,0.763,0.518,0.386,0.448,0.401,0.637,0.408,0.632,0.401,0.393,0.523,0.691,0.606,0.609,0.513,0.592,0.612,0.605,0.808,0.781,0.719,0.6,0.379,0.426,0.44,0.379,0.593,0.0,0.613,1.0,0.408,0.513,0.594,0.402,0.621,0.384,0.669,0.61,0.375,0.373,0.361,0.658,0.659,0.389,0.44
0.44,0.429,0.342,0.638,0.424,0.428,0.427,0.61,0.439,0.644,0.413,0.631,0.417,0.637,0.629,0.426,0.441,0.445,0.416,0.424,0.415,0.418,0.419,0.433,0.425,0.416,0.414,0.606,0.481,0.427,0.618,0.425,0.0,0.435,0.408,1.0,0.422,0.414,0.651,0.416,0.625,0.42,0.422,0.598,0.597,0.435,0.417,0.417,0.616,0.479
0.467,0.535,0.329,0.401,0.519,0.544,0.989,0.399,0.447,0.4,0.504,0.407,0.522,0.401,0.398,0.949,0.539,0.543,0.546,0.991,0.547,0.542,0.57,0.541,0.543,0.522,0.525,0.393,0.441,0.449,0.395,0.536,0.0,0.546,0.513,0.422,1.0,0.522,0.416,0.522,0.397,0.528,0.53,0.387,0.384,0.392,0.525,0.528,0.39,0.441
0.498,0.632,0.343,0.429,0.708,0.626,0.524,0.432,0.474,0.423,0.667,0.432,0.709,0.428,0.42,0.535,0.628,0.686,0.675,0.524,0.7,0.727,0.733,0.627,0.62,0.616,0.808,0.42,0.463,0.462,0.399,0.73,0.0,0.721,0.594,0.414,0.522,1.0,0.415,0.728,0.404,0.626,0.85,0.417,0.398,0.399,0.64,0.641,0.416,0.461
0.438,0.432,0.328,0.692,0.425,0.436,0.419,0.687,0.429,0.692,0.407,0.683,0.398,0.689,0.703,0.411,0.433,0.42,0.4,0.415,0.413,0.407,0.407,0.419,0.424,0.413,0.395,0.683,0.479,0.417,0.689,0.431,0.0,0.415,0.402,0.651,0.416,0.415,1.0,0.407,0.701,0.409,0.414,0.678,0.676,0.437,0.41,0.412,0.655,0.471
0.475,0.606,0.333,0.413,0.695,0.61,0.525,0.405,0.475,0.411,0.714,0.409,0.759,0.411,0.4,0.535,0.624,0.722,0.714,0.524,0.716,0.763,0.746,0.634,0.607,0.638,0.746,0.398,0.444,0.461,0.395,0.73,0.0,0.732,0.621,0.416,0.522,0.728,0.407,1.0,0.394,0.617,0.748,0.389,0.387,0.405,0.631,0.633,0.392,0.46
0.424,0.433,0.329,0.758,0.423,0.413,0.397,0.732,0.414,0.743,0.404,0.721,0.401,0.761,0.751,0.399,0.406,0.408,0.394,0.397,0.395,0.395,0.402,0.409,0.413,0.404,0.401,0.759,0.463,0.412,0.897,0.415,0.0,0.393,0.384,0.625,0.397,0.404,0.701,0.394,1.0,0.41,0.403,0.748,0.739,0.448,0.396,0.397,0.667,0.457
0.472,0.692,0.337,0.418,0.633,0.684,0.53,0.403,0.457,0.402,0.613,0.419,0.616,0.417,0.41,0.536,0.683,0.618,0.595,0.53,0.601,0.607,0.61,0.705,0.698,0.674,0.618,0.402,0.455,0.46,0.399,0.626,0.0,0.606,0.669,0.42,0.528,0.626,0.409,0.617,0.41,1.0,0.642,0.4,0.391,0.389,0.718,0.719,0.408,0.447
0.497,0.619,0.358,0.422,0.704,0.616,0.533,0.411,0.496,0.422,0.69,0.421,0.729,0.421,0.41,0.541,0.633,0.706,0.698,0.532,0.702,0.754,0.747,0.637,0.612,0.618,0.842,0.404,0.457,0.47,0.4,0.734,0.0,0.746,0.61,0.422,0.53,0.85,0.414,0.748,0.403,0.642,1.0,0.399,0.392,0.4,0.641,0.643,0.405,0.463
0.42,0.44,0.322,0.733,0.405,0.413,0.389,0.9,0.4,0.699,0.387,0.706,0.393,0.738,0.72,0.385,0.413,0.392,0.377,0.388,0.383,0.387,0.39,0.404,0.42,0.405,0.388,0.969,0.459,0.392,0.728,0.409,0.0,0.379,0.375,0.598,0.387,0.417,0.678,0.389,0.748,0.4,0.399,1.0,0.957,0.455,0.392,0.394,0.665,0.443
0.426,0.442,0.314,0.724,0.406,0.407,0.386,0.878,0.395,0.7,0.384,0.705,0.389,0.729,0.713,0.385,0.419,0.387,0.376,0.385,0.379,0.383,0.387,0.411,0.414,0.402,0.379,0.944,0.454,0.39,0.722,0.41,0.0,0.379,0.373,0.597,0.384,0.398,0.676,0.387,0.739,0.391,0.392,0.957,1.0,0.456,0.393,0.395,0.656,0.437
0.451,0.404,0.348,0.433,0.402,0.398,0.392,0.454,0.445,0.436,0.39,0.439,0.393,0.439,0.445,0.394,0.39,0.387,0.383,0.393,0.387,0.386,0.389,0.393,0.386,0.378,0.398,0.453,0.558,0.45,0.445,0.401,0.0,0.385,0.361,0.435,0.392,0.399,0.437,0.405,0.448,0.389,0.4,0.455,0.456,1.0,0.408,0.41,0.417,0.611
0.475,0.692,0.345,0.415,0.654,0.68,0.528,0.396,0.448,0.406,0.616,0.428,0.626,0.415,0.418,0.535,0.693,0.636,0.605,0.527,0.623,0.617,0.622,0.7,0.689,0.684,0.62,0.395,0.456,0.463,0.395,0.633,0.0,0.625,0.658,0.417,0.525,0.64,0.41,0.631,0.396,0.718,0.641,0.392,0.393,0.408,1.0,0.995,0.403,0.469
0.478,0.692,0.347,0.417,0.657,0.685,0.531,0.397,0.45,0.409,0.618,0.431,0.628,0.418,0.421,0.538,0.695,0.637,0.606,0.53,0.625,0.62,0.625,0.701,0.692,0.682,0.623,0.399,0.459,0.464,0.396,0.635,0.0,0.628,0.659,0.417,0.528,0.641,0.412,0.633,0.397,0.719,0.643,0.394,0.395,0.41,0.995,1.0,0.405,0.471
0.415,0.443,0.339,0.669,0.414,0.427,0.391,0.655,0.409,0.675,0.393,0.653,0.396,0.677,0.676,0.392,0.41,0.4,0.39,0.391,0.385,0.393,0.393,0.415,0.432,0.415,0.397,0.663,0.454,0.396,0.662,0.415,0.0,0.386,0.389,0.616,0.39,0.416,0.655,0.392,0.667,0.408,0.405,0.665,0.656,0.417,0.403,0.405,1.0,0.444
0.524,0.447,0.393,0.474,0.469,0.466,0.441,0.457,0.532,0.478,0.45,0.468,0.461,0.474,0.474,0.451,0.46,0.47,0.456,0.442,0.441,0.461,0.466,0.474,0.443,0.461,0.458,0.45,0.829,0.499,0.45,0.445,0.0,0.46,0.44,0.479,0.441,0.461,0.471,0.46,0.457,0.447,0.463,0.443,0.437,0.611,0.469,0.471,0.444,1.0
