GCF_000163235.1_ASM16323v1_genomic.fna,GCF_000164555.1_ASM16455v1_genomic.fna,GCF_000208545.1_ASM20854v2_genomic.fna,GCF_000233875.1_ASM23387v1_genomic.fna,GCF_000249735.1_ASM24973v2_genomic.fna,GCF_000261145.1_Esch_coli_M919_V2_genomic.fna,GCF_000267705.2_ASM26770v2_genomic.fna,GCF_000350665.1_Esch_coli_KTE5_V1_genomic.fna,GCF_000351625.1_Esch_coli_KTE66_V1_genomic.fna,GCF_000352285.1_Esch_coli_KTE46_V1_genomic.fna,GCF_000358895.1_ASM35889v1_genomic.fna,GCF_000456385.1_Esch_coli_HVH_26_4-5703913_V1_genomic.fna,GCF_000458195.1_Esch_coli_HVH_147_4-5893887_V1_genomic.fna,GCF_000459755.1_Esch_coli_KOEGE_58_171a_V1_genomic.fna,GCF_000460055.1_Esch_coli_UMEA_3053-1_V1_genomic.fna,GCF_000462165.2_ASM46216v2_genomic.fna,GCF_000601135.1_ASM60113v1_genomic.fna,GCF_000614595.1_Ec2010EL1058_genomic.fna,GCF_000617745.1_Ec2010C-4529_genomic.fna,GCF_000618265.2_EcF6751_genomic.fna,GCF_000619005.2_Ec2009C-4052_genomic.fna,GCF_000619105.1_Ec2009C-4780_genomic.fna,GCF_000619765.2_Ec2009C-3279_genomic.fna,GCF_000687005.1_ASM68700v1_genomic.fna,GCF_000687025.1_ASM68702v1_genomic.fna,GCF_000700125.1_ASM70012v1_genomic.fna,GCF_000753315.1_FHI35_genomic.fna,GCF_000776375.1_ASM77637v1_genomic.fna,GCF_000779395.1_ASM77939v1_genomic.fna,GCF_000780315.1_ASM78031v1_genomic.fna,GCF_000781995.1_ASM78199v1_genomic.fna,GCF_000986765.1_ASM98676v1_genomic.fna,GCF_001041375.1_ViralProj287958_genomic.fna,GCF_001265335.1_302014_genomic.fna,GCF_001265625.1_100854_genomic.fna,GCF_001267345.1_303289_genomic.fna,GCF_001309985.1_ASM130998v1_genomic.fna,GCF_001521695.1_ASM152169v1_genomic.fna,GCF_001592595.1_ASM159259v1_genomic.fna,GCF_001614975.1_ASM161497v1_genomic.fna,GCF_001692775.1_ASM169277v1_genomic.fna,GCF_001748915.1_ASM174891v1_genomic.fna,GCF_001749235.1_ASM174923v1_genomic.fna,GCF_001881155.1_ASM188115v1_genomic.fna,GCF_001881345.1_ASM188134v1_genomic.fna,GCF_001892405.1_ASM189240v1_genomic.fna,GCF_001892585.1_ASM189258v1_genomic.fna,GCF_001893985.1_ASM189398v1_genomic.fna,GCF_002001595.1_ASM200159v1_genomic.fna,GCF_002002145.1_ASM200214v1_genomic.fna
1.0,0.483,0.396,0.422,0.464,0.457,0.445,0.421,0.569,0.423,0.442,0.434,0.466,0.4,0.393,0.451,0.474,0.449,0.454,0.444,0.45,0.434,0.441,0.47,0.464,0.456,0.449,0.415,0.495,0.561,0.396,0.441,0.0,0.434,0.433,0.414,0.443,0.456,0.396,0.447,0.407,0.453,0.46,0.416,0.434,0.452,0.439,0.44,0.401,0.489
0.483,1.0,0.361,0.412,0.63,0.788,0.535,0.423,0.465,0.419,0.599,0.436,0.643,0.393,0.395,0.541,0.72,0.622,0.598,0.534,0.608,0.619,0.62,0.789,0.809,0.713,0.62,0.42,0.457,0.47,0.403,0.63,0.0,0.607,0.738,0.414,0.533,0.642,0.404,0.623,0.411,0.682,0.634,0.429,0.442,0.417,0.697,0.699,0.406,0.45
0.396,0.361,1.0,0.334,0.341,0.333,0.335,0.332,0.381,0.346,0.341,0.337,0.359,0.33,0.32,0.344,0.366,0.334,0.345,0.331,0.342,0.338,0.334,0.351,0.347,0.35,0.344,0.342,0.37,0.396,0.324,0.34,0.0,0.345,0.318,0.344,0.333,0.353,0.32,0.347,0.334,0.334,0.357,0.341,0.339,0.344,0.354,0.353,0.347,0.358
0.422,0.412,0.334,1.0,0.403,0.398,0.382,0.689,0.434,0.731,0.401,0.737,0.415,0.774,0.772,0.389,0.404,0.399,0.409,0.382,0.387,0.389,0.393,0.412,0.394,0.407,0.403,0.757,0.472,0.416,0.717,0.388,0.0,0.387,0.381,0.64,0.38,0.412,0.659,0.397,0.734,0.389,0.414,0.737,0.724,0.433,0.403,0.403,0.655,0.459
0.464,0.63,0.341,0.403,1.0,0.626,0.511,0.407,0.462,0.411,0.751,0.428,0.716,0.395,0.406,0.519,0.632,0.638,0.654,0.51,0.663,0.668,0.669,0.63,0.633,0.623,0.697,0.404,0.455,0.461,0.389,0.673,0.0,0.676,0.588,0.411,0.511,0.702,0.388,0.701,0.4,0.631,0.715,0.404,0.412,0.395,0.646,0.648,0.4,0.424
0.457,0.788,0.333,0.398,0.626,1.0,0.541,0.424,0.467,0.386,0.591,0.412,0.632,0.379,0.392,0.543,0.709,0.631,0.603,0.54,0.61,0.614,0.634,0.777,0.803,0.691,0.61,0.402,0.45,0.465,0.389,0.622,0.0,0.621,0.739,0.41,0.539,0.628,0.405,0.629,0.394,0.683,0.629,0.404,0.407,0.422,0.687,0.689,0.378,0.465
0.445,0.535,0.335,0.382,0.511,0.541,1.0,0.376,0.455,0.379,0.494,0.38,0.535,0.368,0.368,0.951,0.547,0.551,0.537,0.982,0.553,0.536,0.546,0.551,0.534,0.539,0.536,0.379,0.424,0.444,0.365,0.512,0.0,0.528,0.525,0.402,0.985,0.526,0.364,0.526,0.366,0.531,0.535,0.376,0.375,0.381,0.518,0.52,0.371,0.417
0.421,0.423,0.332,0.689,0.407,0.424,0.376,1.0,0.421,0.67,0.384,0.689,0.412,0.679,0.68,0.373,0.407,0.403,0.397,0.376,0.393,0.4,0.395,0.42,0.415,0.399,0.398,0.877,0.482,0.411,0.679,0.395,0.0,0.393,0.382,0.598,0.374,0.42,0.66,0.407,0.682,0.405,0.411,0.888,0.88,0.444,0.388,0.39,0.622,0.475
0.569,0.465,0.381,0.434,0.462,0.467,0.455,0.421,1.0,0.431,0.45,0.427,0.476,0.426,0.417,0.452,0.466,0.452,0.449,0.453,0.446,0.444,0.445,0.466,0.455,0.461,0.471,0.424,0.495,0.618,0.421,0.437,0.0,0.447,0.443,0.439,0.455,0.466,0.405,0.472,0.42,0.461,0.479,0.424,0.417,0.45,0.461,0.463,0.408,0.486
0.423,0.419,0.346,0.731,0.411,0.386,0.379,0.67,0.431,1.0,0.405,0.701,0.407,0.726,0.7,0.391,0.402,0.395,0.398,0.378,0.372,0.381,0.373,0.407,0.395,0.41,0.389,0.708,0.484,0.417,0.72,0.373,0.0,0.381,0.375,0.636,0.378,0.406,0.664,0.394,0.724,0.389,0.401,0.693,0.695,0.411,0.392,0.392,0.676,0.452
0.442,0.599,0.341,0.401,0.751,0.591,0.494,0.384,0.45,0.405,1.0,0.401,0.732,0.389,0.394,0.511,0.595,0.638,0.66,0.492,0.647,0.658,0.651,0.632,0.606,0.634,0.672,0.394,0.438,0.456,0.37,0.643,0.0,0.658,0.631,0.412,0.492,0.679,0.376,0.696,0.374,0.613,0.694,0.385,0.389,0.374,0.614,0.613,0.395,0.424
0.434,0.436,0.337,0.737,0.428,0.412,0.38,0.689,0.427,0.701,0.401,1.0,0.417,0.726,0.847,0.388,0.41,0.398,0.404,0.379,0.39,0.402,0.4,0.429,0.413,0.406,0.403,0.715,0.484,0.416,0.669,0.389,0.0,0.408,0.38,0.62,0.377,0.416,0.66,0.404,0.695,0.389,0.415,0.707,0.71,0.436,0.407,0.407,0.64,0.459
0.466,0.643,0.359,0.415,0.716,0.632,0.535,0.412,0.476,0.407,0.732,0.417,1.0,0.397,0.409,0.544,0.646,0.702,0.73,0.531,0.727,0.771,0.768,0.67,0.638,0.658,0.75,0.417,0.47,0.485,0.391,0.71,0.0,0.771,0.625,0.423,0.531,0.746,0.399,0.764,0.395,0.643,0.76,0.408,0.403,0.408,0.643,0.642,0.402,0.441
0.4,0.393,0.33,0.774,0.395,0.379,0.368,0.679,0.426,0.726,0.389,0.726,0.397,1.0,0.774,0.375,0.394,0.388,0.388,0.367,0.367,0.374,0.375,0.4,0.379,0.392,0.393,0.744,0.47,0.399,0.702,0.372,0.0,0.378,0.38,0.616,0.367,0.396,0.648,0.381,0.717,0.379,0.393,0.725,0.714,0.417,0.389,0.389,0.656,0.441
0.393,0.395,0.32,0.772,0.406,0.392,0.368,0.68,0.417,0.7,0.394,0.847,0.409,0.774,1.0,0.372,0.401,0.387,0.393,0.368,0.374,0.388,0.385,0.406,0.39,0.398,0.389,0.728,0.472,0.398,0.705,0.378,0.0,0.39,0.374,0.618,0.367,0.402,0.66,0.394,0.717,0.383,0.398,0.711,0.703,0.42,0.411,0.411,0.649,0.467
0.451,0.541,0.344,0.389,0.519,0.543,0.951,0.373,0.452,0.391,0.511,0.388,0.544,0.375,0.372,1.0,0.55,0.538,0.55,0.945,0.534,0.535,0.536,0.557,0.539,0.553,0.533,0.381,0.431,0.447,0.363,0.503,0.0,0.525,0.535,0.406,0.95,0.53,0.368,0.528,0.365,0.531,0.532,0.373,0.381,0.381,0.527,0.528,0.383,0.417
0.474,0.72,0.366,0.404,0.632,0.709,0.547,0.407,0.466,0.402,0.595,0.41,0.646,0.394,0.401,0.55,1.0,0.616,0.612,0.544,0.607,0.623,0.614,0.741,0.741,0.743,0.621,0.409,0.457,0.468,0.386,0.634,0.0,0.636,0.681,0.427,0.543,0.616,0.398,0.634,0.388,0.687,0.641,0.413,0.417,0.396,0.703,0.704,0.396,0.439
0.449,0.622,0.334,0.399,0.638,0.631,0.551,0.403,0.452,0.395,0.638,0.398,0.702,0.388,0.387,0.538,0.616,1.0,0.717,0.549,0.705,0.724,0.718,0.616,0.612,0.605,0.684,0.401,0.443,0.46,0.388,0.675,0.0,0.68,0.572,0.423,0.547,0.666,0.393,0.697,0.387,0.619,0.691,0.4,0.402,0.396,0.606,0.608,0.377,0.44
0.454,0.598,0.345,0.409,0.654,0.603,0.537,0.397,0.449,0.398,0.66,0.404,0.73,0.388,0.393,0.55,0.612,0.717,1.0,0.535,0.693,0.698,0.69,0.629,0.6,0.617,0.7,0.403,0.448,0.462,0.381,0.67,0.0,0.678,0.593,0.426,0.536,0.686,0.386,0.707,0.383,0.617,0.701,0.394,0.39,0.399,0.615,0.613,0.383,0.427
0.444,0.534,0.331,0.382,0.51,0.54,0.982,0.376,0.453,0.378,0.492,0.379,0.531,0.367,0.368,0.945,0.544,0.549,0.535,1.0,0.552,0.535,0.544,0.547,0.535,0.537,0.534,0.378,0.419,0.441,0.364,0.512,0.0,0.527,0.522,0.399,0.99,0.523,0.363,0.522,0.365,0.531,0.534,0.377,0.375,0.382,0.514,0.516,0.37,0.416
0.45,0.608,0.342,0.387,0.663,0.61,0.553,0.393,0.446,0.372,0.647,0.39,0.727,0.367,0.374,0.534,0.607,0.705,0.693,0.552,1.0,0.74,0.742,0.616,0.614,0.602,0.711,0.391,0.42,0.452,0.37,0.69,0.0,0.721,0.571,0.405,0.55,0.685,0.385,0.715,0.378,0.606,0.714,0.391,0.391,0.399,0.604,0.605,0.368,0.432
0.434,0.619,0.338,0.389,0.668,0.614,0.536,0.4,0.444,0.381,0.658,0.402,0.771,0.374,0.388,0.535,0.623,0.724,0.698,0.535,0.74,1.0,0.921,0.613,0.611,0.6,0.712,0.39,0.44,0.445,0.38,0.71,0.0,0.865,0.575,0.413,0.535,0.701,0.386,0.721,0.382,0.613,0.731,0.392,0.392,0.399,0.594,0.596,0.38,0.437
0.441,0.62,0.334,0.393,0.669,0.634,0.546,0.395,0.445,0.373,0.651,0.4,0.768,0.375,0.385,0.536,0.614,0.718,0.69,0.544,0.742,0.921,1.0,0.612,0.608,0.596,0.717,0.389,0.438,0.44,0.381,0.728,0.0,0.846,0.57,0.403,0.543,0.69,0.391,0.713,0.384,0.604,0.718,0.39,0.39,0.4,0.591,0.593,0.373,0.445
0.47,0.789,0.351,0.412,0.63,0.777,0.551,0.42,0.466,0.407,0.632,0.429,0.67,0.4,0.406,0.557,0.741,0.616,0.629,0.547,0.616,0.613,0.612,1.0,0.821,0.754,0.627,0.415,0.467,0.475,0.395,0.604,0.0,0.63,0.795,0.42,0.545,0.633,0.383,0.637,0.399,0.711,0.642,0.407,0.408,0.396,0.713,0.713,0.401,0.441
0.464,0.809,0.347,0.394,0.633,0.803,0.534,0.415,0.455,0.395,0.606,0.413,0.638,0.379,0.39,0.539,0.741,0.612,0.6,0.535,0.614,0.611,0.608,0.821,1.0,0.744,0.623,0.407,0.446,0.462,0.39,0.616,0.0,0.615,0.775,0.401,0.535,0.635,0.385,0.627,0.394,0.701,0.636,0.416,0.416,0.408,0.693,0.694,0.397,0.434
0.456,0.713,0.35,0.407,0.623,0.691,0.539,0.399,0.461,0.41,0.634,0.406,0.658,0.392,0.398,0.553,0.743,0.605,0.617,0.537,0.602,0.6,0.596,0.754,0.744,1.0,0.621,0.408,0.45,0.461,0.386,0.601,0.0,0.609,0.72,0.406,0.538,0.624,0.38,0.642,0.388,0.68,0.622,0.404,0.403,0.395,0.701,0.699,0.414,0.43
0.449,0.62,0.344,0.403,0.697,0.61,0.536,0.398,0.471,0.389,0.672,0.403,0.75,0.393,0.389,0.533,0.621,0.684,0.7,0.534,0.711,0.712,0.717,0.627,0.623,0.621,1.0,0.395,0.455,0.462,0.388,0.712,0.0,0.715,0.594,0.414,0.535,0.811,0.369,0.766,0.389,0.618,0.835,0.397,0.39,0.397,0.606,0.608,0.385,0.428
0.415,0.42,0.342,0.757,0.404,0.402,0.379,0.877,0.424,0.708,0.394,0.715,0.417,0.744,0.728,0.381,0.409,0.401,0.403,0.378,0.391,0.39,0.389,0.415,0.407,0.408,0.395,1.0,0.494,0.414,0.694,0.395,0.0,0.393,0.386,0.616,0.376,0.423,0.657,0.398,0.717,0.399,0.414,0.966,0.938,0.438,0.404,0.404,0.653,0.468
0.495,0.457,0.37,0.472,0.455,0.45,0.424,0.482,0.495,0.484,0.438,0.484,0.47,0.47,0.472,0.431,0.457,0.443,0.448,0.419,0.42,0.44,0.438,0.467,0.446,0.45,0.455,0.494,1.0,0.491,0.454,0.43,0.0,0.446,0.433,0.476,0.42,0.454,0.451,0.451,0.454,0.439,0.459,0.488,0.483,0.545,0.443,0.441,0.455,0.806
0.561,0.47,0.396,0.416,0.461,0.465,0.444,0.411,0.618,0.417,0.456,0.416,0.485,0.399,0.398,0.447,0.468,0.46,0.462,0.441,0.452,0.445,0.44,0.475,0.462,0.461,0.462,0.414,0.491,1.0,0.4,0.436,0.0,0.453,0.446,0.418,0.443,0.465,0.388,0.484,0.407,0.461,0.476,0.413,0.405,0.456,0.461,0.462,0.4,0.483
0.396,0.403,0.324,0.717,0.389,0.389,0.365,0.679,0.421,0.72,0.37,0.669,0.391,0.702,0.705,0.363,0.386,0.388,0.381,0.364,0.37,0.38,0.381,0.395,0.39,0.386,0.388,0.694,0.454,0.4,1.0,0.374,0.0,0.381,0.359,0.622,0.363,0.388,0.65,0.385,0.893,0.392,0.392,0.697,0.69,0.413,0.38,0.38,0.629,0.447
0.441,0.63,0.34,0.388,0.673,0.622,0.512,0.395,0.437,0.373,0.643,0.389,0.71,0.372,0.378,0.503,0.634,0.675,0.67,0.512,0.69,0.71,0.728,0.604,0.616,0.601,0.712,0.395,0.43,0.436,0.374,1.0,0.0,0.695,0.563,0.397,0.51,0.71,0.396,0.713,0.373,0.612,0.721,0.398,0.401,0.404,0.609,0.611,0.365,0.437
0.0,0.0,0.0,0.0,0.0,0.0,0.0,0.0,0.0,0.0,0.0,0.0,0.0,0.0,0.0,0.0,0.0,0.0,0.0,0.0,0.0,0.0,0.0,0.0,0.0,0.0,0.0,0.0,0.0,0.0,0.0,0.0,1.0,0.0,0.0,0.0,0.0,0.0,0.0,0.0,0.0,0.0,0.0,0.0,0.0,0.0,0.0,0.0,0.0,0.0
0.434,0.607,0.345,0.387,0.676,0.621,0.528,0.393,0.447,0.381,0.658,0.408,0.771,0.378,0.39,0.525,0.636,0.68,0.678,0.527,0.721,0.865,0.846,0.63,0.615,0.609,0.715,0.393,0.446,0.453,0.381,0.695,0.0,1.0,0.584,0.428,0.526,0.702,0.397,0.717,0.383,0.619,0.732,0.394,0.393,0.387,0.605,0.606,0.377,0.429
0.433,0.738,0.318,0.381,0.588,0.739,0.525,0.382,0.443,0.375,0.631,0.38,0.625,0.38,0.374,0.535,0.681,0.572,0.593,0.522,0.571,0.575,0.57,0.795,0.775,0.72,0.594,0.386,0.433,0.446,0.359,0.563,0.0,0.584,1.0,0.392,0.523,0.592,0.353,0.599,0.361,0.658,0.601,0.376,0.373,0.365,0.669,0.667,0.376,0.408
0.414,0.414,0.344,0.64,0.411,0.41,0.402,0.598,0.439,0.636,0.412,0.62,0.423,0.616,0.618,0.406,0.427,0.423,0.426,0.399,0.405,0.413,0.403,0.42,0.401,0.406,0.414,0.616,0.476,0.418,0.622,0.397,0.0,0.428,0.392,1.0,0.397,0.414,0.631,0.416,0.62,0.403,0.424,0.606,0.603,0.408,0.401,0.401,0.589,0.467
0.443,0.533,0.333,0.38,0.511,0.539,0.985,0.374,0.455,0.378,0.492,0.377,0.531,0.367,0.367,0.95,0.543,0.547,0.536,0.99,0.55,0.535,0.543,0.545,0.535,0.538,0.535,0.376,0.42,0.443,0.363,0.51,0.0,0.526,0.523,0.397,1.0,0.524,0.362,0.523,0.365,0.53,0.534,0.375,0.373,0.382,0.515,0.517,0.369,0.415
0.456,0.642,0.353,0.412,0.702,0.628,0.526,0.42,0.466,0.406,0.679,0.416,0.746,0.396,0.402,0.53,0.616,0.666,0.686,0.523,0.685,0.701,0.69,0.633,0.635,0.624,0.811,0.423,0.454,0.465,0.388,0.71,0.0,0.702,0.592,0.414,0.524,1.0,0.395,0.75,0.393,0.622,0.86,0.421,0.41,0.398,0.634,0.636,0.4,0.441
0.396,0.404,0.32,0.659,0.388,0.405,0.364,0.66,0.405,0.664,0.376,0.66,0.399,0.648,0.66,0.368,0.398,0.393,0.386,0.363,0.385,0.386,0.391,0.383,0.385,0.38,0.369,0.657,0.451,0.388,0.65,0.396,0.0,0.397,0.353,0.631,0.362,0.395,1.0,0.389,0.658,0.387,0.395,0.66,0.669,0.426,0.383,0.385,0.597,0.46
0.447,0.623,0.347,0.397,0.701,0.629,0.526,0.407,0.472,0.394,0.696,0.404,0.764,0.381,0.394,0.528,0.634,0.697,0.707,0.522,0.715,0.721,0.713,0.637,0.627,0.642,0.766,0.398,0.451,0.484,0.385,0.713,0.0,0.717,0.599,0.416,0.523,0.75,0.389,1.0,0.384,0.641,0.777,0.398,0.395,0.401,0.648,0.65,0.381,0.444
0.407,0.411,0.334,0.734,0.4,0.394,0.366,0.682,0.42,0.724,0.374,0.695,0.395,0.717,0.717,0.365,0.388,0.387,0.383,0.365,0.378,0.382,0.384,0.399,0.394,0.388,0.389,0.717,0.454,0.407,0.893,0.373,0.0,0.383,0.361,0.62,0.365,0.393,0.658,0.384,1.0,0.394,0.391,0.72,0.711,0.415,0.383,0.383,0.637,0.448
0.453,0.682,0.334,0.389,0.631,0.683,0.531,0.405,0.461,0.389,0.613,0.389,0.643,0.379,0.383,0.531,0.687,0.619,0.617,0.531,0.606,0.613,0.604,0.711,0.701,0.68,0.618,0.399,0.439,0.461,0.392,0.612,0.0,0.619,0.658,0.403,0.53,0.622,0.387,0.641,0.394,1.0,0.653,0.4,0.397,0.388,0.704,0.707,0.382,0.428
0.46,0.634,0.357,0.414,0.715,0.629,0.535,0.411,0.479,0.401,0.694,0.415,0.76,0.393,0.398,0.532,0.641,0.691,0.701,0.534,0.714,0.731,0.718,0.642,0.636,0.622,0.835,0.414,0.459,0.476,0.392,0.721,0.0,0.732,0.601,0.424,0.534,0.86,0.395,0.777,0.391,0.653,1.0,0.414,0.406,0.404,0.63,0.632,0.387,0.439
0.416,0.429,0.341,0.737,0.404,0.404,0.376,0.888,0.424,0.693,0.385,0.707,0.408,0.725,0.711,0.373,0.413,0.4,0.394,0.377,0.391,0.392,0.39,0.407,0.416,0.404,0.397,0.966,0.488,0.413,0.697,0.398,0.0,0.394,0.376,0.606,0.375,0.421,0.66,0.398,0.72,0.4,0.414,1.0,0.957,0.445,0.397,0.398,0.644,0.469
0.434,0.442,0.339,0.724,0.412,0.407,0.375,0.88,0.417,0.695,0.389,0.71,0.403,0.714,0.703,0.381,0.417,0.402,0.39,0.375,0.391,0.392,0.39,0.408,0.416,0.403,0.39,0.938,0.483,0.405,0.69,0.401,0.0,0.393,0.373,0.603,0.373,0.41,0.669,0.395,0.711,0.397,0.406,0.957,1.0,0.445,0.396,0.397,0.642,0.473
0.452,0.417,0.344,0.433,0.395,0.422,0.381,0.444,0.45,0.411,0.374,0.436,0.408,0.417,0.42,0.381,0.396,0.396,0.399,0.382,0.399,0.399,0.4,0.396,0.408,0.395,0.397,0.438,0.545,0.456,0.413,0.404,0.0,0.387,0.365,0.408,0.382,0.398,0.426,0.401,0.415,0.388,0.404,0.445,0.445,1.0,0.418,0.42,0.401,0.612
0.439,0.697,0.354,0.403,0.646,0.687,0.518,0.388,0.461,0.392,0.614,0.407,0.643,0.389,0.411,0.527,0.703,0.606,0.615,0.514,0.604,0.594,0.591,0.713,0.693,0.701,0.606,0.404,0.443,0.461,0.38,0.609,0.0,0.605,0.669,0.401,0.515,0.634,0.383,0.648,0.383,0.704,0.63,0.397,0.396,0.418,1.0,0.996,0.391,0.449
0.44,0.699,0.353,0.403,0.648,0.689,0.52,0.39,0.463,0.392,0.613,0.407,0.642,0.389,0.411,0.528,0.704,0.608,0.613,0.516,0.605,0.596,0.593,0.713,0.694,0.699,0.608,0.404,0.441,0.462,0.38,0.611,0.0,0.606,0.667,0.401,0.517,0.636,0.385,0.65,0.383,0.707,0.632,0.398,0.397,0.42,0.996,1.0,0.391,0.451
0.401,0.406,0.347,0.655,0.4,0.378,0.371,0.622,0.408,0.676,0.395,0.64,0.402,0.656,0.649,0.383,0.396,0.377,0.383,0.37,0.368,0.38,0.373,0.401,0.397,0.414,0.385,0.653,0.455,0.4,0.629,0.365,0.0,0.377,0.376,0.589,0.369,0.4,0.597,0.381,0.637,0.382,0.387,0.644,0.642,0.401,0.391,0.391,1.0,0.435
0.489,0.45,0.358,0.459,0.424,0.465,0.417,0.475,0.486,0.452,0.424,0.459,0.441,0.441,0.467,0.417,0.439,0.44,0.427,0.416,0.432,0.437,0.445,0.441,0.434,0.43,0.428,0.468,0.806,0.483,0.447,0.437,0.0,0.429,0.408,0.467,0.415,0.441,0.46,0.444,0.448,0.428,0.439,0.469,0.473,0.612,0.449,0.451,0.435,1.0
