GCF_000163235.1_ASM16323v1_genomic.fna,GCF_000164555.1_ASM16455v1_genomic.fna,GCF_000208545.1_ASM20854v2_genomic.fna,GCF_000233875.1_ASM23387v1_genomic.fna,GCF_000249735.1_ASM24973v2_genomic.fna,GCF_000261145.1_Esch_coli_M919_V2_genomic.fna,GCF_000267705.2_ASM26770v2_genomic.fna,GCF_000350665.1_Esch_coli_KTE5_V1_genomic.fna,GCF_000351625.1_Esch_coli_KTE66_V1_genomic.fna,GCF_000352285.1_Esch_coli_KTE46_V1_genomic.fna,GCF_000358895.1_ASM35889v1_genomic.fna,GCF_000456385.1_Esch_coli_HVH_26_4-5703913_V1_genomic.fna,GCF_000458195.1_Esch_coli_HVH_147_4-5893887_V1_genomic.fna,GCF_000459755.1_Esch_coli_KOEGE_58_171a_V1_genomic.fna,GCF_000460055.1_Esch_coli_UMEA_3053-1_V1_genomic.fna,GCF_000462165.2_ASM46216v2_genomic.fna,GCF_000601135.1_ASM60113v1_genomic.fna,GCF_000614595.1_Ec2010EL1058_genomic.fna,GCF_000617745.1_Ec2010C-4529_genomic.fna,GCF_000618265.2_EcF6751_genomic.fna,GCF_000619005.2_Ec2009C-4052_genomic.fna,GCF_000619105.1_Ec2009C-4780_genomic.fna,GCF_000619765.2_Ec2009C-3279_genomic.fna,GCF_000687005.1_ASM68700v1_genomic.fna,GCF_000687025.1_ASM68702v1_genomic.fna,GCF_000700125.1_ASM70012v1_genomic.fna,GCF_000753315.1_FHI35_genomic.fna,GCF_000776375.1_ASM77637v1_genomic.fna,GCF_000779395.1_ASM77939v1_genomic.fna,GCF_000780315.1_ASM78031v1_genomic.fna,GCF_000781995.1_ASM78199v1_genomic.fna,GCF_000986765.1_ASM98676v1_genomic.fna,GCF_001041375.1_ViralProj287958_genomic.fna,GCF_001265335.1_302014_genomic.fna,GCF_001265625.1_100854_genomic.fna,GCF_001267345.1_303289_genomic.fna,GCF_001309985.1_ASM130998v1_genomic.fna,GCF_001521695.1_ASM152169v1_genomic.fna,GCF_001592595.1_ASM159259v1_genomic.fna,GCF_001614975.1_ASM161497v1_genomic.fna,GCF_001692775.1_ASM169277v1_genomic.fna,GCF_001748915.1_ASM174891v1_genomic.fna,GCF_001749235.1_ASM174923v1_genomic.fna,GCF_001881155.1_ASM188115v1_genomic.fna,GCF_001881345.1_ASM188134v1_genomic.fna,GCF_001892405.1_ASM189240v1_genomic.fna,GCF_001892585.1_ASM189258v1_genomic.fna,GCF_001893985.1_ASM189398v1_genomic.fna,GCF_002001595.1_ASM200159v1_genomic.fna,GCF_002002145.1_ASM200214v1_genomic.fna
1.0,0.48,0.36,0.433,0.48,0.452,0.452,0.434,0.583,0.427,0.455,0.446,0.454,0.428,0.421,0.468,0.449,0.457,0.455,0.448,0.454,0.464,0.476,0.459,0.454,0.443,0.459,0.431,0.497,0.563,0.426,0.472,0.0,0.461,0.438,0.433,0.449,0.464,0.416,0.464,0.435,0.452,0.454,0.433,0.443,0.457,0.443,0.446,0.405,0.502
0.48,1.0,0.338,0.405,0.634,0.777,0.497,0.41,0.454,0.394,0.587,0.41,0.6,0.399,0.383,0.513,0.705,0.588,0.599,0.49,0.585,0.598,0.604,0.801,0.806,0.705,0.603,0.401,0.438,0.437,0.394,0.617,0.0,0.602,0.756,0.392,0.492,0.612,0.38,0.606,0.399,0.678,0.603,0.416,0.419,0.406,0.678,0.682,0.397,0.434
0.36,0.338,1.0,0.309,0.336,0.319,0.303,0.316,0.366,0.307,0.327,0.303,0.324,0.312,0.302,0.315,0.323,0.329,0.318,0.298,0.321,0.329,0.327,0.326,0.322,0.318,0.324,0.31,0.358,0.356,0.303,0.34,0.0,0.334,0.303,0.318,0.299,0.314,0.305,0.33,0.307,0.311,0.331,0.32,0.318,0.319,0.323,0.324,0.317,0.363
0.433,0.405,0.309,1.0,0.414,0.382,0.391,0.706,0.426,0.707,0.391,0.73,0.391,0.762,0.751,0.4,0.385,0.39,0.393,0.386,0.391,0.387,0.392,0.395,0.399,0.384,0.394,0.738,0.457,0.392,0.71,0.399,0.0,0.386,0.38,0.601,0.386,0.4,0.637,0.397,0.744,0.378,0.398,0.743,0.739,0.431,0.381,0.383,0.664,0.468
0.48,0.634,0.336,0.414,1.0,0.62,0.523,0.419,0.48,0.408,0.765,0.419,0.702,0.415,0.411,0.54,0.621,0.674,0.675,0.518,0.688,0.681,0.672,0.633,0.625,0.627,0.702,0.405,0.455,0.451,0.404,0.687,0.0,0.686,0.617,0.419,0.519,0.704,0.397,0.711,0.41,0.629,0.715,0.414,0.414,0.397,0.651,0.655,0.413,0.452
0.452,0.777,0.319,0.382,0.62,1.0,0.516,0.403,0.437,0.371,0.574,0.387,0.586,0.395,0.377,0.517,0.679,0.589,0.598,0.509,0.588,0.6,0.616,0.773,0.784,0.672,0.579,0.384,0.442,0.416,0.382,0.617,0.0,0.606,0.751,0.382,0.51,0.6,0.41,0.594,0.391,0.68,0.596,0.39,0.393,0.403,0.678,0.68,0.384,0.435
0.452,0.497,0.303,0.391,0.523,0.516,1.0,0.38,0.444,0.359,0.491,0.385,0.491,0.383,0.378,0.946,0.506,0.519,0.531,0.981,0.544,0.511,0.53,0.503,0.5,0.492,0.505,0.367,0.417,0.415,0.371,0.524,0.0,0.495,0.489,0.408,0.986,0.492,0.396,0.504,0.372,0.491,0.502,0.371,0.376,0.39,0.481,0.482,0.365,0.414
0.434,0.41,0.316,0.706,0.419,0.403,0.38,1.0,0.417,0.707,0.403,0.691,0.414,0.708,0.696,0.386,0.392,0.403,0.407,0.375,0.398,0.404,0.398,0.416,0.399,0.393,0.412,0.9,0.473,0.399,0.692,0.402,0.0,0.397,0.387,0.597,0.375,0.43,0.639,0.416,0.701,0.387,0.41,0.896,0.89,0.419,0.396,0.399,0.651,0.46
0.583,0.454,0.366,0.426,0.48,0.437,0.444,0.417,1.0,0.421,0.467,0.42,0.47,0.418,0.414,0.458,0.448,0.461,0.457,0.44,0.456,0.471,0.465,0.458,0.454,0.445,0.471,0.415,0.505,0.615,0.408,0.462,0.0,0.465,0.434,0.434,0.443,0.46,0.394,0.474,0.41,0.444,0.466,0.42,0.419,0.453,0.444,0.445,0.403,0.516
0.427,0.394,0.307,0.707,0.408,0.371,0.359,0.707,0.421,1.0,0.414,0.686,0.42,0.715,0.697,0.369,0.377,0.383,0.383,0.354,0.368,0.381,0.368,0.403,0.383,0.39,0.399,0.724,0.462,0.402,0.731,0.379,0.0,0.37,0.385,0.626,0.356,0.397,0.642,0.403,0.732,0.364,0.386,0.704,0.714,0.406,0.384,0.382,0.656,0.444
0.455,0.587,0.327,0.391,0.765,0.574,0.491,0.403,0.467,0.414,1.0,0.39,0.728,0.402,0.389,0.511,0.579,0.667,0.651,0.486,0.662,0.68,0.655,0.632,0.586,0.598,0.686,0.406,0.456,0.449,0.38,0.65,0.0,0.663,0.625,0.418,0.488,0.677,0.373,0.702,0.384,0.589,0.679,0.395,0.398,0.381,0.615,0.613,0.395,0.43
0.446,0.41,0.303,0.73,0.419,0.387,0.385,0.691,0.42,0.686,0.39,1.0,0.405,0.731,0.859,0.389,0.389,0.384,0.392,0.38,0.396,0.39,0.384,0.399,0.4,0.396,0.4,0.701,0.469,0.399,0.662,0.4,0.0,0.386,0.379,0.604,0.379,0.4,0.64,0.405,0.699,0.375,0.399,0.704,0.711,0.435,0.387,0.389,0.628,0.464
0.454,0.6,0.324,0.391,0.702,0.586,0.491,0.414,0.47,0.42,0.728,0.405,1.0,0.403,0.4,0.51,0.589,0.696,0.704,0.487,0.705,0.768,0.751,0.631,0.593,0.605,0.757,0.411,0.46,0.461,0.384,0.714,0.0,0.746,0.609,0.416,0.489,0.727,0.382,0.77,0.39,0.595,0.734,0.402,0.403,0.393,0.626,0.625,0.401,0.434
0.428,0.399,0.312,0.762,0.415,0.395,0.383,0.708,0.418,0.715,0.402,0.731,0.403,1.0,0.771,0.395,0.392,0.395,0.391,0.378,0.391,0.391,0.388,0.397,0.402,0.389,0.401,0.739,0.467,0.402,0.7,0.396,0.0,0.381,0.384,0.607,0.379,0.409,0.656,0.406,0.726,0.381,0.397,0.733,0.73,0.432,0.393,0.392,0.665,0.467
0.421,0.383,0.302,0.751,0.411,0.377,0.378,0.696,0.414,0.697,0.389,0.859,0.4,0.771,1.0,0.389,0.385,0.378,0.382,0.373,0.386,0.384,0.377,0.383,0.384,0.378,0.389,0.718,0.462,0.39,0.7,0.387,0.0,0.374,0.369,0.599,0.374,0.401,0.64,0.398,0.727,0.369,0.389,0.718,0.718,0.429,0.389,0.391,0.648,0.481
0.468,0.513,0.315,0.4,0.54,0.517,0.946,0.386,0.458,0.369,0.511,0.389,0.51,0.395,0.389,1.0,0.517,0.528,0.546,0.941,0.542,0.526,0.536,0.515,0.51,0.5,0.519,0.376,0.433,0.432,0.381,0.526,0.0,0.505,0.498,0.413,0.945,0.512,0.39,0.521,0.381,0.499,0.518,0.382,0.386,0.392,0.498,0.5,0.378,0.43
0.449,0.705,0.323,0.385,0.621,0.679,0.506,0.392,0.448,0.377,0.579,0.389,0.589,0.392,0.385,0.517,1.0,0.589,0.589,0.5,0.575,0.604,0.595,0.723,0.716,0.731,0.589,0.381,0.441,0.422,0.374,0.611,0.0,0.606,0.674,0.39,0.5,0.58,0.381,0.593,0.382,0.644,0.595,0.388,0.396,0.384,0.671,0.674,0.378,0.43
0.457,0.588,0.329,0.39,0.674,0.589,0.519,0.403,0.461,0.383,0.667,0.384,0.696,0.395,0.378,0.528,0.589,1.0,0.737,0.515,0.692,0.726,0.704,0.609,0.597,0.582,0.69,0.39,0.442,0.438,0.377,0.673,0.0,0.68,0.586,0.41,0.515,0.657,0.384,0.708,0.379,0.607,0.67,0.392,0.395,0.387,0.604,0.607,0.389,0.43
0.455,0.599,0.318,0.393,0.675,0.598,0.531,0.407,0.457,0.383,0.651,0.392,0.704,0.391,0.382,0.546,0.589,0.737,1.0,0.528,0.709,0.729,0.715,0.609,0.605,0.587,0.702,0.392,0.444,0.433,0.378,0.692,0.0,0.687,0.594,0.405,0.526,0.669,0.382,0.709,0.383,0.613,0.687,0.398,0.398,0.39,0.6,0.604,0.386,0.435
0.448,0.49,0.298,0.386,0.518,0.509,0.981,0.375,0.44,0.354,0.486,0.38,0.487,0.378,0.373,0.941,0.5,0.515,0.528,1.0,0.539,0.507,0.523,0.498,0.494,0.486,0.5,0.362,0.412,0.413,0.366,0.518,0.0,0.49,0.482,0.401,0.989,0.488,0.395,0.499,0.367,0.487,0.497,0.366,0.37,0.391,0.477,0.478,0.36,0.409
0.454,0.585,0.321,0.391,0.688,0.588,0.544,0.398,0.456,0.368,0.662,0.396,0.705,0.391,0.386,0.542,0.575,0.692,0.709,0.539,1.0,0.735,0.745,0.596,0.586,0.585,0.707,0.385,0.429,0.435,0.373,0.709,0.0,0.711,0.575,0.404,0.54,0.683,0.385,0.711,0.38,0.59,0.692,0.389,0.391,0.382,0.603,0.606,0.381,0.424
0.464,0.598,0.329,0.387,0.681,0.6,0.511,0.404,0.471,0.381,0.68,0.39,0.768,0.391,0.384,0.526,0.604,0.726,0.729,0.507,0.735,1.0,0.921,0.614,0.605,0.588,0.753,0.39,0.445,0.443,0.37,0.712,0.0,0.868,0.585,0.406,0.505,0.73,0.378,0.752,0.377,0.592,0.741,0.396,0.396,0.385,0.612,0.615,0.389,0.439
0.476,0.604,0.327,0.392,0.672,0.616,0.53,0.398,0.465,0.368,0.655,0.384,0.751,0.388,0.377,0.536,0.595,0.704,0.715,0.523,0.745,0.921,1.0,0.601,0.6,0.579,0.736,0.388,0.442,0.433,0.372,0.722,0.0,0.852,0.581,0.403,0.525,0.712,0.384,0.728,0.379,0.599,0.726,0.397,0.396,0.387,0.6,0.604,0.378,0.431
0.459,0.801,0.326,0.395,0.633,0.773,0.503,0.416,0.458,0.403,0.632,0.399,0.631,0.397,0.383,0.515,0.723,0.609,0.609,0.498,0.596,0.614,0.601,1.0,0.82,0.74,0.618,0.404,0.453,0.453,0.387,0.61,0.0,0.61,0.808,0.407,0.499,0.601,0.377,0.618,0.389,0.682,0.603,0.394,0.404,0.389,0.693,0.692,0.392,0.44
0.454,0.806,0.322,0.399,0.625,0.784,0.5,0.399,0.454,0.383,0.586,0.4,0.593,0.402,0.384,0.51,0.716,0.597,0.605,0.494,0.586,0.605,0.6,0.82,1.0,0.732,0.605,0.397,0.445,0.432,0.389,0.608,0.0,0.604,0.785,0.399,0.496,0.604,0.377,0.608,0.392,0.661,0.599,0.405,0.405,0.399,0.683,0.684,0.407,0.434
0.443,0.705,0.318,0.384,0.627,0.672,0.492,0.393,0.445,0.39,0.598,0.396,0.605,0.389,0.378,0.5,0.731,0.582,0.587,0.486,0.585,0.588,0.579,0.74,0.732,1.0,0.593,0.393,0.442,0.437,0.371,0.583,0.0,0.581,0.696,0.391,0.486,0.585,0.366,0.599,0.374,0.659,0.577,0.392,0.386,0.379,0.688,0.687,0.397,0.431
0.459,0.603,0.324,0.394,0.702,0.579,0.505,0.412,0.471,0.399,0.686,0.4,0.757,0.401,0.389,0.519,0.589,0.69,0.702,0.5,0.707,0.753,0.736,0.618,0.605,0.593,1.0,0.399,0.455,0.45,0.389,0.714,0.0,0.728,0.589,0.406,0.502,0.815,0.38,0.769,0.394,0.594,0.833,0.409,0.405,0.399,0.608,0.611,0.406,0.435
0.431,0.401,0.31,0.738,0.405,0.384,0.367,0.9,0.415,0.724,0.406,0.701,0.411,0.739,0.718,0.376,0.381,0.39,0.392,0.362,0.385,0.39,0.388,0.404,0.397,0.393,0.399,1.0,0.475,0.406,0.693,0.393,0.0,0.382,0.378,0.602,0.361,0.419,0.635,0.405,0.721,0.375,0.397,0.959,0.947,0.411,0.396,0.394,0.672,0.46
0.497,0.438,0.358,0.457,0.455,0.442,0.417,0.473,0.505,0.462,0.456,0.469,0.46,0.467,0.462,0.433,0.441,0.442,0.444,0.412,0.429,0.445,0.442,0.453,0.445,0.442,0.455,0.475,1.0,0.488,0.448,0.446,0.0,0.441,0.436,0.457,0.412,0.452,0.441,0.456,0.448,0.427,0.438,0.465,0.469,0.551,0.438,0.436,0.459,0.816
0.563,0.437,0.356,0.392,0.451,0.416,0.415,0.399,0.615,0.402,0.449,0.399,0.461,0.402,0.39,0.432,0.422,0.438,0.433,0.413,0.435,0.443,0.433,0.453,0.432,0.437,0.45,0.406,0.488,1.0,0.384,0.427,0.0,0.432,0.433,0.414,0.414,0.44,0.384,0.459,0.391,0.428,0.446,0.393,0.394,0.444,0.437,0.435,0.392,0.489
0.426,0.394,0.303,0.71,0.404,0.382,0.371,0.692,0.408,0.731,0.38,0.662,0.384,0.7,0.7,0.381,0.374,0.377,0.378,0.366,0.373,0.37,0.372,0.387,0.389,0.371,0.389,0.693,0.448,0.384,1.0,0.382,0.0,0.37,0.364,0.588,0.368,0.386,0.638,0.385,0.901,0.377,0.38,0.697,0.697,0.422,0.37,0.372,0.638,0.447
0.472,0.617,0.34,0.399,0.687,0.617,0.524,0.402,0.462,0.379,0.65,0.4,0.714,0.396,0.387,0.526,0.611,0.673,0.692,0.518,0.709,0.712,0.722,0.61,0.608,0.583,0.714,0.393,0.446,0.427,0.382,1.0,0.0,0.705,0.59,0.4,0.517,0.716,0.397,0.717,0.382,0.621,0.721,0.4,0.406,0.4,0.622,0.625,0.393,0.433
0.0,0.0,0.0,0.0,0.0,0.0,0.0,0.0,0.0,0.0,0.0,0.0,0.0,0.0,0.0,0.0,0.0,0.0,0.0,0.0,0.0,0.0,0.0,0.0,0.0,0.0,0.0,0.0,0.0,0.0,0.0,0.0,1.0,0.0,0.0,0.0,0.0,0.0,0.0,0.0,0.0,0.0,0.0,0.0,0.0,0.0,0.0,0.0,0.0,0.0
0.461,0.602,0.334,0.386,0.686,0.606,0.495,0.397,0.465,0.37,0.663,0.386,0.746,0.381,0.374,0.505,0.606,0.68,0.687,0.49,0.711,0.868,0.852,0.61,0.604,0.581,0.728,0.382,0.441,0.432,0.37,0.705,0.0,1.0,0.583,0.416,0.49,0.711,0.385,0.729,0.37,0.586,0.733,0.388,0.391,0.383,0.601,0.605,0.38,0.433
0.438,0.756,0.303,0.38,0.617,0.751,0.489,0.387,0.434,0.385,0.625,0.379,0.609,0.384,0.369,0.498,0.674,0.586,0.594,0.482,0.575,0.585,0.581,0.808,0.785,0.696,0.589,0.378,0.436,0.433,0.364,0.59,0.0,0.583,1.0,0.401,0.482,0.574,0.371,0.599,0.369,0.648,0.581,0.371,0.377,0.374,0.655,0.654,0.377,0.419
0.433,0.392,0.318,0.601,0.419,0.382,0.408,0.597,0.434,0.626,0.418,0.604,0.416,0.607,0.599,0.413,0.39,0.41,0.405,0.401,0.404,0.406,0.403,0.407,0.399,0.391,0.406,0.602,0.457,0.414,0.588,0.4,0.0,0.416,0.401,1.0,0.402,0.4,0.591,0.411,0.596,0.379,0.397,0.594,0.597,0.414,0.397,0.394,0.587,0.454
0.449,0.492,0.299,0.386,0.519,0.51,0.986,0.375,0.443,0.356,0.488,0.379,0.489,0.379,0.374,0.945,0.5,0.515,0.526,0.989,0.54,0.505,0.525,0.499,0.496,0.486,0.502,0.361,0.412,0.414,0.368,0.517,0.0,0.49,0.482,0.402,1.0,0.489,0.394,0.501,0.368,0.488,0.498,0.365,0.369,0.39,0.478,0.479,0.361,0.41
0.464,0.612,0.314,0.4,0.704,0.6,0.492,0.43,0.46,0.397,0.677,0.4,0.727,0.409,0.401,0.512,0.58,0.657,0.669,0.488,0.683,0.73,0.712,0.601,0.604,0.585,0.815,0.419,0.452,0.44,0.386,0.716,0.0,0.711,0.574,0.4,0.489,1.0,0.394,0.749,0.395,0.597,0.849,0.421,0.411,0.396,0.631,0.634,0.415,0.444
0.416,0.38,0.305,0.637,0.397,0.41,0.396,0.639,0.394,0.642,0.373,0.64,0.382,0.656,0.64,0.39,0.381,0.384,0.382,0.395,0.385,0.378,0.384,0.377,0.377,0.366,0.38,0.635,0.441,0.384,0.638,0.397,0.0,0.385,0.371,0.591,0.394,0.394,1.0,0.381,0.638,0.381,0.391,0.639,0.643,0.433,0.371,0.372,0.58,0.436
0.464,0.606,0.33,0.397,0.711,0.594,0.504,0.416,0.474,0.403,0.702,0.405,0.77,0.406,0.398,0.521,0.593,0.708,0.709,0.499,0.711,0.752,0.728,0.618,0.608,0.599,0.769,0.405,0.456,0.459,0.385,0.717,0.0,0.729,0.599,0.411,0.501,0.749,0.381,1.0,0.391,0.606,0.759,0.405,0.409,0.396,0.636,0.638,0.4,0.448
0.435,0.399,0.307,0.744,0.41,0.391,0.372,0.701,0.41,0.732,0.384,0.699,0.39,0.726,0.727,0.381,0.382,0.379,0.383,0.367,0.38,0.377,0.379,0.389,0.392,0.374,0.394,0.721,0.448,0.391,0.901,0.382,0.0,0.37,0.369,0.596,0.368,0.395,0.638,0.391,1.0,0.386,0.382,0.725,0.722,0.42,0.376,0.378,0.649,0.453
0.452,0.678,0.311,0.378,0.629,0.68,0.491,0.387,0.444,0.364,0.589,0.375,0.595,0.381,0.369,0.499,0.644,0.607,0.613,0.487,0.59,0.592,0.599,0.682,0.661,0.659,0.594,0.375,0.427,0.428,0.377,0.621,0.0,0.586,0.648,0.379,0.488,0.597,0.381,0.606,0.386,1.0,0.616,0.381,0.38,0.379,0.702,0.704,0.365,0.42
0.454,0.603,0.331,0.398,0.715,0.596,0.502,0.41,0.466,0.386,0.679,0.399,0.734,0.397,0.389,0.518,0.595,0.67,0.687,0.497,0.692,0.741,0.726,0.603,0.599,0.577,0.833,0.397,0.438,0.446,0.38,0.721,0.0,0.733,0.581,0.397,0.498,0.849,0.391,0.759,0.382,0.616,1.0,0.407,0.408,0.398,0.615,0.618,0.398,0.44
0.433,0.416,0.32,0.743,0.414,0.39,0.371,0.896,0.42,0.704,0.395,0.704,0.402,0.733,0.718,0.382,0.388,0.392,0.398,0.366,0.389,0.396,0.397,0.394,0.405,0.392,0.409,0.959,0.465,0.393,0.697,0.4,0.0,0.388,0.371,0.594,0.365,0.421,0.639,0.405,0.725,0.381,0.407,1.0,0.962,0.422,0.389,0.392,0.672,0.463
0.443,0.419,0.318,0.739,0.414,0.393,0.376,0.89,0.419,0.714,0.398,0.711,0.403,0.73,0.718,0.386,0.396,0.395,0.398,0.37,0.391,0.396,0.396,0.404,0.405,0.386,0.405,0.947,0.469,0.394,0.697,0.406,0.0,0.391,0.377,0.597,0.369,0.411,0.643,0.409,0.722,0.38,0.408,0.962,1.0,0.419,0.394,0.396,0.661,0.463
0.457,0.406,0.319,0.431,0.397,0.403,0.39,0.419,0.453,0.406,0.381,0.435,0.393,0.432,0.429,0.392,0.384,0.387,0.39,0.391,0.382,0.385,0.387,0.389,0.399,0.379,0.399,0.411,0.551,0.444,0.422,0.4,0.0,0.383,0.374,0.414,0.39,0.396,0.433,0.396,0.42,0.379,0.398,0.422,0.419,1.0,0.408,0.409,0.412,0.616
0.443,0.678,0.323,0.381,0.651,0.678,0.481,0.396,0.444,0.384,0.615,0.387,0.626,0.393,0.389,0.498,0.671,0.604,0.6,0.477,0.603,0.612,0.6,0.693,0.683,0.688,0.608,0.396,0.438,0.437,0.37,0.622,0.0,0.601,0.655,0.397,0.478,0.631,0.371,0.636,0.376,0.702,0.615,0.389,0.394,0.408,1.0,0.994,0.394,0.446
0.446,0.682,0.324,0.383,0.655,0.68,0.482,0.399,0.445,0.382,0.613,0.389,0.625,0.392,0.391,0.5,0.674,0.607,0.604,0.478,0.606,0.615,0.604,0.692,0.684,0.687,0.611,0.394,0.436,0.435,0.372,0.625,0.0,0.605,0.654,0.394,0.479,0.634,0.372,0.638,0.378,0.704,0.618,0.392,0.396,0.409,0.994,1.0,0.392,0.449
0.405,0.397,0.317,0.664,0.413,0.384,0.365,0.651,0.403,0.656,0.395,0.628,0.401,0.665,0.648,0.378,0.378,0.389,0.386,0.36,0.381,0.389,0.378,0.392,0.407,0.397,0.406,0.672,0.459,0.392,0.638,0.393,0.0,0.38,0.377,0.587,0.361,0.415,0.58,0.4,0.649,0.365,0.398,0.672,0.661,0.412,0.394,0.392,1.0,0.456
0.502,0.434,0.363,0.468,0.452,0.435,0.414,0.46,0.516,0.444,0.43,0.464,0.434,0.467,0.481,0.43,0.43,0.43,0.435,0.409,0.424,0.439,0.431,0.44,0.434,0.431,0.435,0.46,0.816,0.489,0.447,0.433,0.0,0.433,0.419,0.454,0.41,0.444,0.436,0.448,0.453,0.42,0.44,0.463,0.463,0.616,0.446,0.449,0.456,1.0
