GCF_000163235.1_ASM16323v1_genomic.fna,GCF_000164555.1_ASM16455v1_genomic.fna,GCF_000208545.1_ASM20854v2_genomic.fna,GCF_000233875.1_ASM23387v1_genomic.fna,GCF_000249735.1_ASM24973v2_genomic.fna,GCF_000261145.1_Esch_coli_M919_V2_genomic.fna,GCF_000267705.2_ASM26770v2_genomic.fna,GCF_000350665.1_Esch_coli_KTE5_V1_genomic.fna,GCF_000351625.1_Esch_coli_KTE66_V1_genomic.fna,GCF_000352285.1_Esch_coli_KTE46_V1_genomic.fna,GCF_000358895.1_ASM35889v1_genomic.fna,GCF_000456385.1_Esch_coli_HVH_26_4-5703913_V1_genomic.fna,GCF_000458195.1_Esch_coli_HVH_147_4-5893887_V1_genomic.fna,GCF_000459755.1_Esch_coli_KOEGE_58_171a_V1_genomic.fna,GCF_000460055.1_Esch_coli_UMEA_3053-1_V1_genomic.fna,GCF_000462165.2_ASM46216v2_genomic.fna,GCF_000601135.1_ASM60113v1_genomic.fna,GCF_000614595.1_Ec2010EL1058_genomic.fna,GCF_000617745.1_Ec2010C-4529_genomic.fna,GCF_000618265.2_EcF6751_genomic.fna,GCF_000619005.2_Ec2009C-4052_genomic.fna,GCF_000619105.1_Ec2009C-4780_genomic.fna,GCF_000619765.2_Ec2009C-3279_genomic.fna,GCF_000687005.1_ASM68700v1_genomic.fna,GCF_000687025.1_ASM68702v1_genomic.fna,GCF_000700125.1_ASM70012v1_genomic.fna,GCF_000753315.1_FHI35_genomic.fna,GCF_000776375.1_ASM77637v1_genomic.fna,GCF_000779395.1_ASM77939v1_genomic.fna,GCF_000780315.1_ASM78031v1_genomic.fna,GCF_000781995.1_ASM78199v1_genomic.fna,GCF_000986765.1_ASM98676v1_genomic.fna,GCF_001041375.1_ViralProj287958_genomic.fna,GCF_001265335.1_302014_genomic.fna,GCF_001265625.1_100854_genomic.fna,GCF_001267345.1_303289_genomic.fna,GCF_001309985.1_ASM130998v1_genomic.fna,GCF_001521695.1_ASM152169v1_genomic.fna,GCF_001592595.1_ASM159259v1_genomic.fna,GCF_001614975.1_ASM161497v1_genomic.fna,GCF_001692775.1_ASM169277v1_genomic.fna,GCF_001748915.1_ASM174891v1_genomic.fna,GCF_001749235.1_ASM174923v1_genomic.fna,GCF_001881155.1_ASM188115v1_genomic.fna,GCF_001881345.1_ASM188134v1_genomic.fna,GCF_001892405.1_ASM189240v1_genomic.fna,GCF_001892585.1_ASM189258v1_genomic.fna,GCF_001893985.1_ASM189398v1_genomic.fna,GCF_002001595.1_ASM200159v1_genomic.fna,GCF_002002145.1_ASM200214v1_genomic.fna
1.0,0.49,0.396,0.418,0.483,0.479,0.482,0.413,0.592,0.431,0.465,0.415,0.487,0.424,0.411,0.489,0.471,0.489,0.484,0.48,0.456,0.486,0.486,0.474,0.479,0.472,0.482,0.41,0.522,0.605,0.422,0.461,0.0,0.473,0.437,0.398,0.48,0.488,0.405,0.479,0.422,0.469,0.488,0.412,0.424,0.462,0.483,0.482,0.398,0.516
0.49,1.0,0.357,0.413,0.633,0.776,0.527,0.408,0.472,0.42,0.578,0.429,0.606,0.419,0.409,0.533,0.699,0.615,0.611,0.523,0.578,0.608,0.602,0.776,0.792,0.701,0.603,0.406,0.476,0.468,0.418,0.604,0.0,0.605,0.723,0.396,0.525,0.615,0.401,0.601,0.425,0.679,0.616,0.423,0.426,0.433,0.678,0.677,0.415,0.468
0.396,0.357,1.0,0.327,0.359,0.347,0.365,0.332,0.396,0.33,0.338,0.327,0.358,0.334,0.322,0.362,0.362,0.358,0.357,0.362,0.356,0.362,0.364,0.343,0.355,0.348,0.354,0.333,0.392,0.392,0.327,0.366,0.0,0.367,0.326,0.314,0.361,0.359,0.326,0.365,0.338,0.348,0.373,0.339,0.335,0.348,0.366,0.364,0.328,0.391
0.418,0.413,0.327,1.0,0.412,0.408,0.397,0.699,0.425,0.722,0.409,0.711,0.413,0.779,0.737,0.398,0.403,0.402,0.404,0.392,0.38,0.404,0.404,0.428,0.415,0.397,0.41,0.743,0.463,0.403,0.722,0.403,0.0,0.4,0.393,0.617,0.394,0.409,0.665,0.407,0.735,0.382,0.401,0.727,0.729,0.424,0.392,0.392,0.677,0.457
0.483,0.633,0.359,0.412,1.0,0.641,0.536,0.411,0.49,0.42,0.744,0.434,0.711,0.429,0.427,0.548,0.635,0.668,0.668,0.533,0.659,0.688,0.68,0.621,0.628,0.619,0.696,0.407,0.488,0.483,0.414,0.672,0.0,0.687,0.589,0.4,0.534,0.707,0.416,0.713,0.426,0.631,0.722,0.408,0.415,0.432,0.663,0.662,0.42,0.477
0.479,0.776,0.347,0.408,0.641,1.0,0.545,0.419,0.49,0.414,0.599,0.419,0.63,0.421,0.411,0.556,0.7,0.639,0.623,0.543,0.589,0.632,0.629,0.787,0.804,0.692,0.619,0.41,0.497,0.47,0.414,0.601,0.0,0.631,0.743,0.412,0.544,0.626,0.425,0.628,0.416,0.693,0.631,0.412,0.415,0.44,0.687,0.685,0.411,0.481
0.482,0.527,0.365,0.397,0.536,0.545,1.0,0.39,0.484,0.395,0.498,0.392,0.528,0.401,0.386,0.947,0.544,0.57,0.562,0.985,0.559,0.572,0.58,0.534,0.524,0.524,0.523,0.383,0.461,0.466,0.394,0.526,0.0,0.548,0.499,0.401,0.988,0.522,0.395,0.522,0.393,0.533,0.538,0.386,0.388,0.414,0.535,0.534,0.379,0.461
0.413,0.408,0.332,0.699,0.411,0.419,0.39,1.0,0.437,0.7,0.389,0.689,0.41,0.692,0.684,0.394,0.396,0.4,0.402,0.386,0.382,0.407,0.4,0.418,0.414,0.394,0.411,0.9,0.471,0.411,0.689,0.394,0.0,0.4,0.374,0.602,0.387,0.424,0.66,0.41,0.683,0.38,0.409,0.886,0.882,0.423,0.38,0.38,0.65,0.457
0.592,0.472,0.396,0.425,0.49,0.49,0.484,0.437,1.0,0.443,0.466,0.432,0.492,0.449,0.432,0.494,0.49,0.485,0.486,0.482,0.466,0.5,0.499,0.484,0.476,0.476,0.491,0.43,0.518,0.615,0.425,0.476,0.0,0.498,0.443,0.422,0.483,0.492,0.439,0.493,0.425,0.487,0.508,0.432,0.433,0.458,0.485,0.484,0.41,0.52
0.431,0.42,0.33,0.722,0.42,0.414,0.395,0.7,0.443,1.0,0.404,0.697,0.425,0.718,0.714,0.401,0.401,0.405,0.407,0.393,0.382,0.402,0.4,0.421,0.418,0.4,0.423,0.717,0.475,0.413,0.728,0.388,0.0,0.403,0.387,0.625,0.393,0.412,0.671,0.421,0.718,0.388,0.407,0.7,0.711,0.438,0.392,0.391,0.679,0.461
0.465,0.578,0.338,0.409,0.744,0.599,0.498,0.389,0.466,0.404,1.0,0.413,0.746,0.405,0.402,0.509,0.592,0.649,0.643,0.493,0.631,0.669,0.652,0.656,0.617,0.596,0.691,0.391,0.448,0.453,0.393,0.632,0.0,0.656,0.636,0.405,0.495,0.67,0.401,0.724,0.387,0.593,0.684,0.382,0.385,0.404,0.605,0.604,0.398,0.454
0.415,0.429,0.327,0.711,0.434,0.419,0.392,0.689,0.432,0.697,0.413,1.0,0.429,0.707,0.866,0.395,0.418,0.402,0.408,0.388,0.392,0.412,0.41,0.433,0.427,0.406,0.415,0.714,0.474,0.422,0.662,0.403,0.0,0.405,0.401,0.604,0.39,0.419,0.652,0.42,0.676,0.387,0.421,0.693,0.704,0.425,0.402,0.402,0.652,0.453
0.487,0.606,0.358,0.413,0.711,0.63,0.528,0.41,0.492,0.425,0.746,0.429,1.0,0.415,0.419,0.536,0.609,0.708,0.719,0.525,0.712,0.779,0.763,0.656,0.634,0.618,0.781,0.413,0.477,0.474,0.411,0.706,0.0,0.761,0.617,0.422,0.526,0.738,0.418,0.799,0.408,0.622,0.753,0.403,0.405,0.43,0.63,0.629,0.417,0.472
0.424,0.419,0.334,0.779,0.429,0.421,0.401,0.692,0.449,0.718,0.405,0.707,0.415,1.0,0.742,0.405,0.405,0.412,0.411,0.399,0.385,0.409,0.405,0.413,0.419,0.401,0.419,0.731,0.478,0.432,0.715,0.404,0.0,0.406,0.387,0.617,0.398,0.422,0.668,0.419,0.725,0.392,0.411,0.716,0.721,0.432,0.395,0.395,0.668,0.467
0.411,0.409,0.322,0.737,0.427,0.411,0.386,0.684,0.432,0.714,0.402,0.866,0.419,0.742,1.0,0.392,0.416,0.402,0.405,0.384,0.384,0.406,0.404,0.409,0.415,0.396,0.418,0.726,0.467,0.416,0.703,0.401,0.0,0.403,0.389,0.615,0.384,0.418,0.676,0.416,0.71,0.381,0.413,0.706,0.712,0.44,0.404,0.403,0.672,0.475
0.489,0.533,0.362,0.398,0.548,0.556,0.947,0.394,0.494,0.401,0.509,0.395,0.536,0.405,0.392,1.0,0.547,0.57,0.566,0.946,0.539,0.575,0.567,0.541,0.53,0.526,0.528,0.388,0.47,0.472,0.396,0.516,0.0,0.546,0.504,0.4,0.946,0.532,0.396,0.531,0.398,0.534,0.546,0.392,0.393,0.415,0.533,0.53,0.388,0.466
0.471,0.699,0.362,0.403,0.635,0.7,0.544,0.396,0.49,0.401,0.592,0.418,0.609,0.405,0.416,0.547,1.0,0.625,0.612,0.539,0.589,0.631,0.622,0.709,0.713,0.731,0.607,0.397,0.48,0.468,0.402,0.633,0.0,0.631,0.659,0.414,0.541,0.598,0.411,0.61,0.408,0.678,0.621,0.4,0.409,0.411,0.685,0.684,0.393,0.474
0.489,0.615,0.358,0.402,0.668,0.639,0.57,0.4,0.485,0.405,0.649,0.402,0.708,0.412,0.402,0.57,0.625,1.0,0.757,0.565,0.729,0.737,0.725,0.619,0.605,0.607,0.71,0.396,0.47,0.474,0.411,0.681,0.0,0.698,0.576,0.426,0.568,0.687,0.418,0.703,0.413,0.625,0.715,0.399,0.399,0.424,0.629,0.627,0.398,0.473
0.484,0.611,0.357,0.404,0.668,0.623,0.562,0.402,0.486,0.407,0.643,0.408,0.719,0.411,0.405,0.566,0.612,0.757,1.0,0.557,0.723,0.737,0.72,0.612,0.606,0.593,0.72,0.402,0.463,0.465,0.405,0.685,0.0,0.693,0.579,0.413,0.559,0.705,0.413,0.706,0.408,0.619,0.723,0.405,0.405,0.421,0.624,0.624,0.398,0.46
0.48,0.523,0.362,0.392,0.533,0.543,0.985,0.386,0.482,0.393,0.493,0.388,0.525,0.399,0.384,0.946,0.539,0.565,0.557,1.0,0.551,0.567,0.579,0.531,0.521,0.519,0.519,0.379,0.455,0.463,0.391,0.526,0.0,0.543,0.495,0.398,0.993,0.519,0.39,0.517,0.39,0.533,0.533,0.382,0.385,0.416,0.531,0.53,0.378,0.457
0.456,0.578,0.356,0.38,0.659,0.589,0.559,0.382,0.466,0.382,0.631,0.392,0.712,0.385,0.384,0.539,0.589,0.729,0.723,0.551,1.0,0.734,0.739,0.583,0.575,0.589,0.701,0.389,0.446,0.454,0.39,0.691,0.0,0.714,0.551,0.4,0.555,0.689,0.404,0.702,0.401,0.595,0.706,0.39,0.393,0.42,0.61,0.61,0.376,0.454
0.486,0.608,0.362,0.404,0.688,0.632,0.572,0.407,0.5,0.402,0.669,0.412,0.779,0.409,0.406,0.575,0.631,0.737,0.737,0.567,0.734,1.0,0.92,0.615,0.615,0.593,0.748,0.401,0.474,0.476,0.406,0.715,0.0,0.879,0.578,0.414,0.57,0.731,0.418,0.745,0.407,0.619,0.76,0.404,0.404,0.434,0.629,0.627,0.401,0.477
0.486,0.602,0.364,0.404,0.68,0.629,0.58,0.4,0.499,0.4,0.652,0.41,0.763,0.405,0.404,0.567,0.622,0.725,0.72,0.579,0.739,0.92,1.0,0.61,0.608,0.588,0.74,0.396,0.473,0.465,0.403,0.727,0.0,0.857,0.568,0.418,0.577,0.724,0.416,0.732,0.409,0.62,0.743,0.398,0.398,0.436,0.624,0.625,0.396,0.47
0.474,0.776,0.343,0.428,0.621,0.787,0.534,0.418,0.484,0.421,0.656,0.433,0.656,0.413,0.409,0.541,0.709,0.619,0.612,0.531,0.583,0.615,0.61,1.0,0.815,0.719,0.624,0.403,0.469,0.469,0.405,0.594,0.0,0.603,0.793,0.422,0.532,0.604,0.409,0.634,0.401,0.689,0.618,0.394,0.401,0.421,0.672,0.671,0.41,0.459
0.479,0.792,0.355,0.415,0.628,0.804,0.524,0.414,0.476,0.418,0.617,0.427,0.634,0.419,0.415,0.53,0.713,0.605,0.606,0.521,0.575,0.615,0.608,0.815,1.0,0.74,0.62,0.406,0.472,0.457,0.41,0.607,0.0,0.598,0.772,0.41,0.524,0.601,0.419,0.626,0.406,0.676,0.613,0.414,0.41,0.424,0.666,0.665,0.423,0.456
0.472,0.701,0.348,0.397,0.619,0.692,0.524,0.394,0.476,0.4,0.596,0.406,0.618,0.401,0.396,0.526,0.731,0.607,0.593,0.519,0.589,0.593,0.588,0.719,0.74,1.0,0.602,0.386,0.462,0.452,0.398,0.588,0.0,0.589,0.668,0.394,0.521,0.594,0.396,0.619,0.39,0.683,0.594,0.403,0.397,0.408,0.669,0.667,0.4,0.457
0.482,0.603,0.354,0.41,0.696,0.619,0.523,0.411,0.491,0.423,0.691,0.415,0.781,0.419,0.418,0.528,0.607,0.71,0.72,0.519,0.701,0.748,0.74,0.624,0.62,0.602,1.0,0.406,0.476,0.459,0.415,0.716,0.0,0.726,0.58,0.414,0.518,0.814,0.41,0.774,0.415,0.599,0.832,0.408,0.407,0.428,0.617,0.615,0.413,0.469
0.41,0.406,0.333,0.743,0.407,0.41,0.383,0.9,0.43,0.717,0.391,0.714,0.413,0.731,0.726,0.388,0.397,0.396,0.402,0.379,0.389,0.401,0.396,0.403,0.406,0.386,0.406,1.0,0.472,0.406,0.702,0.397,0.0,0.397,0.379,0.619,0.38,0.419,0.665,0.409,0.711,0.373,0.402,0.952,0.947,0.427,0.381,0.38,0.675,0.452
0.522,0.476,0.392,0.463,0.488,0.497,0.461,0.471,0.518,0.475,0.448,0.474,0.477,0.478,0.467,0.47,0.48,0.47,0.463,0.455,0.446,0.474,0.473,0.469,0.472,0.462,0.476,0.472,1.0,0.521,0.469,0.469,0.0,0.47,0.438,0.459,0.458,0.479,0.459,0.472,0.462,0.459,0.486,0.477,0.482,0.564,0.465,0.464,0.454,0.845
0.605,0.468,0.392,0.403,0.483,0.47,0.466,0.411,0.615,0.413,0.453,0.422,0.474,0.432,0.416,0.472,0.468,0.474,0.465,0.463,0.454,0.476,0.465,0.469,0.457,0.452,0.459,0.406,0.521,1.0,0.417,0.455,0.0,0.469,0.428,0.418,0.464,0.467,0.413,0.479,0.426,0.464,0.476,0.41,0.411,0.482,0.479,0.477,0.393,0.528
0.422,0.418,0.327,0.722,0.414,0.414,0.394,0.689,0.425,0.728,0.393,0.662,0.411,0.715,0.703,0.396,0.402,0.411,0.405,0.391,0.39,0.406,0.403,0.405,0.41,0.398,0.415,0.702,0.469,0.417,1.0,0.397,0.0,0.404,0.378,0.601,0.391,0.417,0.656,0.41,0.883,0.385,0.405,0.707,0.709,0.434,0.386,0.385,0.658,0.456
0.461,0.604,0.366,0.403,0.672,0.601,0.526,0.394,0.476,0.388,0.632,0.403,0.706,0.404,0.401,0.516,0.633,0.681,0.685,0.526,0.691,0.715,0.727,0.594,0.607,0.588,0.716,0.397,0.469,0.455,0.397,1.0,0.0,0.706,0.551,0.391,0.528,0.715,0.406,0.726,0.399,0.621,0.737,0.399,0.406,0.425,0.622,0.622,0.394,0.451
0.0,0.0,0.0,0.0,0.0,0.0,0.0,0.0,0.0,0.0,0.0,0.0,0.0,0.0,0.0,0.0,0.0,0.0,0.0,0.0,0.0,0.0,0.0,0.0,0.0,0.0,0.0,0.0,0.0,0.0,0.0,0.0,1.0,0.0,0.0,0.0,0.0,0.0,0.0,0.0,0.0,0.0,0.0,0.0,0.0,0.0,0.0,0.0,0.0,0.0
0.473,0.605,0.367,0.4,0.687,0.631,0.548,0.4,0.498,0.403,0.656,0.405,0.761,0.406,0.403,0.546,0.631,0.698,0.693,0.543,0.714,0.879,0.857,0.603,0.598,0.589,0.726,0.397,0.47,0.469,0.404,0.706,0.0,1.0,0.564,0.417,0.544,0.723,0.422,0.73,0.408,0.607,0.739,0.401,0.402,0.426,0.627,0.624,0.393,0.473
0.437,0.723,0.326,0.393,0.589,0.743,0.499,0.374,0.443,0.387,0.636,0.401,0.617,0.387,0.389,0.504,0.659,0.576,0.579,0.495,0.551,0.578,0.568,0.793,0.772,0.668,0.58,0.379,0.438,0.428,0.378,0.551,0.0,0.564,1.0,0.393,0.498,0.557,0.385,0.597,0.374,0.632,0.58,0.369,0.378,0.392,0.62,0.618,0.383,0.433
0.398,0.396,0.314,0.617,0.4,0.412,0.401,0.602,0.422,0.625,0.405,0.604,0.422,0.617,0.615,0.4,0.414,0.426,0.413,0.398,0.4,0.414,0.418,0.422,0.41,0.394,0.414,0.619,0.459,0.418,0.601,0.391,0.0,0.417,0.393,1.0,0.396,0.391,0.624,0.415,0.602,0.382,0.399,0.603,0.609,0.427,0.382,0.38,0.603,0.447
0.48,0.525,0.361,0.394,0.534,0.544,0.988,0.387,0.483,0.393,0.495,0.39,0.526,0.398,0.384,0.946,0.541,0.568,0.559,0.993,0.555,0.57,0.577,0.532,0.524,0.521,0.518,0.38,0.458,0.464,0.391,0.528,0.0,0.544,0.498,0.396,1.0,0.52,0.391,0.519,0.39,0.534,0.534,0.383,0.385,0.415,0.531,0.531,0.378,0.457
0.488,0.615,0.359,0.409,0.707,0.626,0.522,0.424,0.492,0.412,0.67,0.419,0.738,0.422,0.418,0.532,0.598,0.687,0.705,0.519,0.689,0.731,0.724,0.604,0.601,0.594,0.814,0.419,0.479,0.467,0.417,0.715,0.0,0.723,0.557,0.391,0.52,1.0,0.414,0.744,0.42,0.608,0.849,0.423,0.414,0.432,0.639,0.638,0.415,0.467
0.405,0.401,0.326,0.665,0.416,0.425,0.395,0.66,0.439,0.671,0.401,0.652,0.418,0.668,0.676,0.396,0.411,0.418,0.413,0.39,0.404,0.418,0.416,0.409,0.419,0.396,0.41,0.665,0.459,0.413,0.656,0.406,0.0,0.422,0.385,0.624,0.391,0.414,1.0,0.42,0.657,0.398,0.413,0.658,0.659,0.43,0.398,0.398,0.631,0.45
0.479,0.601,0.365,0.407,0.713,0.628,0.522,0.41,0.493,0.421,0.724,0.42,0.799,0.419,0.416,0.531,0.61,0.703,0.706,0.517,0.702,0.745,0.732,0.634,0.626,0.619,0.774,0.409,0.472,0.479,0.41,0.726,0.0,0.73,0.597,0.415,0.519,0.744,0.42,1.0,0.406,0.612,0.753,0.399,0.404,0.429,0.644,0.643,0.411,0.47
0.422,0.425,0.338,0.735,0.426,0.416,0.393,0.683,0.425,0.718,0.387,0.676,0.408,0.725,0.71,0.398,0.408,0.413,0.408,0.39,0.401,0.407,0.409,0.401,0.406,0.39,0.415,0.711,0.462,0.426,0.883,0.399,0.0,0.408,0.374,0.602,0.39,0.42,0.657,0.406,1.0,0.393,0.412,0.719,0.716,0.439,0.391,0.391,0.651,0.459
0.469,0.679,0.348,0.382,0.631,0.693,0.533,0.38,0.487,0.388,0.593,0.387,0.622,0.392,0.381,0.534,0.678,0.625,0.619,0.533,0.595,0.619,0.62,0.689,0.676,0.683,0.599,0.373,0.459,0.464,0.385,0.621,0.0,0.607,0.632,0.382,0.534,0.608,0.398,0.612,0.393,1.0,0.635,0.373,0.376,0.412,0.719,0.72,0.386,0.456
0.488,0.616,0.373,0.401,0.722,0.631,0.538,0.409,0.508,0.407,0.684,0.421,0.753,0.411,0.413,0.546,0.621,0.715,0.723,0.533,0.706,0.76,0.743,0.618,0.613,0.594,0.832,0.402,0.486,0.476,0.405,0.737,0.0,0.739,0.58,0.399,0.534,0.849,0.413,0.753,0.412,0.635,1.0,0.404,0.403,0.44,0.64,0.639,0.403,0.475
0.412,0.423,0.339,0.727,0.408,0.412,0.386,0.886,0.432,0.7,0.382,0.693,0.403,0.716,0.706,0.392,0.4,0.399,0.405,0.382,0.39,0.404,0.398,0.394,0.414,0.403,0.408,0.952,0.477,0.41,0.707,0.399,0.0,0.401,0.369,0.603,0.383,0.423,0.658,0.399,0.719,0.373,0.404,1.0,0.96,0.432,0.379,0.378,0.673,0.454
0.424,0.426,0.335,0.729,0.415,0.415,0.388,0.882,0.433,0.711,0.385,0.704,0.405,0.721,0.712,0.393,0.409,0.399,0.405,0.385,0.393,0.404,0.398,0.401,0.41,0.397,0.407,0.947,0.482,0.411,0.709,0.406,0.0,0.402,0.378,0.609,0.385,0.414,0.659,0.404,0.716,0.376,0.403,0.96,1.0,0.436,0.391,0.389,0.662,0.459
0.462,0.433,0.348,0.424,0.432,0.44,0.414,0.423,0.458,0.438,0.404,0.425,0.43,0.432,0.44,0.415,0.411,0.424,0.421,0.416,0.42,0.434,0.436,0.421,0.424,0.408,0.428,0.427,0.564,0.482,0.434,0.425,0.0,0.426,0.392,0.427,0.415,0.432,0.43,0.429,0.439,0.412,0.44,0.432,0.436,1.0,0.445,0.444,0.428,0.602
0.483,0.678,0.366,0.392,0.663,0.687,0.535,0.38,0.485,0.392,0.605,0.402,0.63,0.395,0.404,0.533,0.685,0.629,0.624,0.531,0.61,0.629,0.624,0.672,0.666,0.669,0.617,0.381,0.465,0.479,0.386,0.622,0.0,0.627,0.62,0.382,0.531,0.639,0.398,0.644,0.391,0.719,0.64,0.379,0.391,0.445,1.0,0.996,0.388,0.485
0.482,0.677,0.364,0.392,0.662,0.685,0.534,0.38,0.484,0.391,0.604,0.402,0.629,0.395,0.403,0.53,0.684,0.627,0.624,0.53,0.61,0.627,0.625,0.671,0.665,0.667,0.615,0.38,0.464,0.477,0.385,0.622,0.0,0.624,0.618,0.38,0.531,0.638,0.398,0.643,0.391,0.72,0.639,0.378,0.389,0.444,0.996,1.0,0.386,0.484
0.398,0.415,0.328,0.677,0.42,0.411,0.379,0.65,0.41,0.679,0.398,0.652,0.417,0.668,0.672,0.388,0.393,0.398,0.398,0.378,0.376,0.401,0.396,0.41,0.423,0.4,0.413,0.675,0.454,0.393,0.658,0.394,0.0,0.393,0.383,0.603,0.378,0.415,0.631,0.411,0.651,0.386,0.403,0.673,0.662,0.428,0.388,0.386,1.0,0.445
0.516,0.468,0.391,0.457,0.477,0.481,0.461,0.457,0.52,0.461,0.454,0.453,0.472,0.467,0.475,0.466,0.474,0.473,0.46,0.457,0.454,0.477,0.47,0.459,0.456,0.457,0.469,0.452,0.845,0.528,0.456,0.451,0.0,0.473,0.433,0.447,0.457,0.467,0.45,0.47,0.459,0.456,0.475,0.454,0.459,0.602,0.485,0.484,0.445,1.0
