GCF_000163235.1_ASM16323v1_genomic.fna,GCF_000164555.1_ASM16455v1_genomic.fna,GCF_000208545.1_ASM20854v2_genomic.fna,GCF_000233875.1_ASM23387v1_genomic.fna,GCF_000249735.1_ASM24973v2_genomic.fna,GCF_000261145.1_Esch_coli_M919_V2_genomic.fna,GCF_000267705.2_ASM26770v2_genomic.fna,GCF_000350665.1_Esch_coli_KTE5_V1_genomic.fna,GCF_000351625.1_Esch_coli_KTE66_V1_genomic.fna,GCF_000352285.1_Esch_coli_KTE46_V1_genomic.fna,GCF_000358895.1_ASM35889v1_genomic.fna,GCF_000456385.1_Esch_coli_HVH_26_4-5703913_V1_genomic.fna,GCF_000458195.1_Esch_coli_HVH_147_4-5893887_V1_genomic.fna,GCF_000459755.1_Esch_coli_KOEGE_58_171a_V1_genomic.fna,GCF_000460055.1_Esch_coli_UMEA_3053-1_V1_genomic.fna,GCF_000462165.2_ASM46216v2_genomic.fna,GCF_000601135.1_ASM60113v1_genomic.fna,GCF_000614595.1_Ec2010EL1058_genomic.fna,GCF_000617745.1_Ec2010C-4529_genomic.fna,GCF_000618265.2_EcF6751_genomic.fna,GCF_000619005.2_Ec2009C-4052_genomic.fna,GCF_000619105.1_Ec2009C-4780_genomic.fna,GCF_000619765.2_Ec2009C-3279_genomic.fna,GCF_000687005.1_ASM68700v1_genomic.fna,GCF_000687025.1_ASM68702v1_genomic.fna,GCF_000700125.1_ASM70012v1_genomic.fna,GCF_000753315.1_FHI35_genomic.fna,GCF_000776375.1_ASM77637v1_genomic.fna,GCF_000779395.1_ASM77939v1_genomic.fna,GCF_000780315.1_ASM78031v1_genomic.fna,GCF_000781995.1_ASM78199v1_genomic.fna,GCF_000986765.1_ASM98676v1_genomic.fna,GCF_001041375.1_ViralProj287958_genomic.fna,GCF_001265335.1_302014_genomic.fna,GCF_001265625.1_100854_genomic.fna,GCF_001267345.1_303289_genomic.fna,GCF_001309985.1_ASM130998v1_genomic.fna,GCF_001521695.1_ASM152169v1_genomic.fna,GCF_001592595.1_ASM159259v1_genomic.fna,GCF_001614975.1_ASM161497v1_genomic.fna,GCF_001692775.1_ASM169277v1_genomic.fna,GCF_001748915.1_ASM174891v1_genomic.fna,GCF_001749235.1_ASM174923v1_genomic.fna,GCF_001881155.1_ASM188115v1_genomic.fna,GCF_001881345.1_ASM188134v1_genomic.fna,GCF_001892405.1_ASM189240v1_genomic.fna,GCF_001892585.1_ASM189258v1_genomic.fna,GCF_001893985.1_ASM189398v1_genomic.fna,GCF_002001595.1_ASM200159v1_genomic.fna,GCF_002002145.1_ASM200214v1_genomic.fna
1.0,0.492,0.413,0.409,0.484,0.476,0.444,0.448,0.593,0.417,0.475,0.418,0.478,0.409,0.405,0.452,0.47,0.476,0.462,0.439,0.444,0.474,0.478,0.472,0.467,0.465,0.461,0.432,0.51,0.545,0.401,0.464,0.0,0.467,0.45,0.428,0.439,0.473,0.411,0.473,0.405,0.481,0.473,0.434,0.445,0.466,0.447,0.448,0.408,0.52
0.492,1.0,0.372,0.407,0.643,0.792,0.519,0.434,0.454,0.412,0.602,0.411,0.606,0.401,0.393,0.52,0.717,0.602,0.613,0.515,0.59,0.603,0.614,0.8,0.81,0.699,0.574,0.422,0.447,0.462,0.397,0.62,0.0,0.604,0.761,0.389,0.517,0.611,0.401,0.595,0.401,0.7,0.604,0.431,0.44,0.417,0.704,0.704,0.415,0.461
0.413,0.372,1.0,0.328,0.373,0.353,0.339,0.346,0.409,0.332,0.356,0.33,0.359,0.331,0.326,0.339,0.365,0.347,0.344,0.337,0.338,0.35,0.359,0.354,0.348,0.341,0.341,0.34,0.385,0.394,0.326,0.359,0.0,0.349,0.324,0.354,0.338,0.347,0.33,0.357,0.332,0.362,0.354,0.343,0.339,0.349,0.369,0.369,0.335,0.392
0.409,0.407,0.328,1.0,0.4,0.397,0.386,0.703,0.437,0.71,0.414,0.713,0.408,0.767,0.756,0.394,0.398,0.387,0.391,0.383,0.365,0.403,0.394,0.422,0.406,0.398,0.401,0.742,0.471,0.406,0.711,0.4,0.0,0.395,0.394,0.614,0.383,0.4,0.655,0.392,0.742,0.398,0.399,0.729,0.726,0.436,0.385,0.385,0.668,0.47
0.484,0.643,0.373,0.4,1.0,0.635,0.538,0.425,0.452,0.407,0.754,0.394,0.697,0.404,0.396,0.539,0.657,0.675,0.675,0.533,0.694,0.673,0.681,0.625,0.621,0.644,0.658,0.416,0.475,0.464,0.399,0.692,0.0,0.669,0.605,0.399,0.534,0.689,0.402,0.687,0.401,0.656,0.685,0.415,0.413,0.43,0.655,0.656,0.407,0.478
0.476,0.792,0.353,0.397,0.635,1.0,0.548,0.426,0.457,0.389,0.604,0.392,0.61,0.401,0.394,0.549,0.703,0.618,0.616,0.541,0.588,0.609,0.616,0.795,0.802,0.688,0.575,0.415,0.46,0.466,0.39,0.61,0.0,0.609,0.776,0.405,0.545,0.6,0.418,0.592,0.395,0.7,0.6,0.414,0.417,0.407,0.685,0.684,0.406,0.457
0.444,0.519,0.339,0.386,0.538,0.548,1.0,0.4,0.434,0.374,0.517,0.37,0.518,0.39,0.377,0.955,0.527,0.57,0.547,0.985,0.555,0.544,0.564,0.521,0.512,0.525,0.512,0.394,0.429,0.434,0.377,0.532,0.0,0.523,0.506,0.399,0.985,0.515,0.39,0.513,0.378,0.535,0.524,0.392,0.391,0.4,0.527,0.527,0.386,0.445
0.448,0.434,0.346,0.703,0.425,0.426,0.4,1.0,0.443,0.69,0.408,0.675,0.419,0.695,0.673,0.408,0.412,0.409,0.411,0.396,0.38,0.416,0.415,0.434,0.421,0.415,0.398,0.901,0.481,0.43,0.697,0.408,0.0,0.408,0.393,0.609,0.397,0.426,0.654,0.401,0.695,0.409,0.413,0.899,0.886,0.442,0.403,0.403,0.662,0.482
0.593,0.454,0.409,0.437,0.452,0.457,0.434,0.443,1.0,0.437,0.466,0.419,0.473,0.44,0.425,0.449,0.45,0.448,0.449,0.432,0.432,0.461,0.448,0.474,0.463,0.468,0.455,0.445,0.515,0.609,0.434,0.452,0.0,0.452,0.439,0.452,0.431,0.457,0.433,0.462,0.434,0.464,0.466,0.438,0.439,0.461,0.438,0.438,0.425,0.527
0.417,0.412,0.332,0.71,0.407,0.389,0.374,0.69,0.437,1.0,0.44,0.69,0.418,0.705,0.696,0.381,0.388,0.386,0.384,0.371,0.362,0.399,0.387,0.416,0.405,0.399,0.405,0.711,0.475,0.42,0.714,0.388,0.0,0.394,0.397,0.61,0.37,0.399,0.67,0.402,0.728,0.39,0.396,0.698,0.702,0.429,0.394,0.394,0.662,0.469
0.475,0.602,0.356,0.414,0.754,0.604,0.517,0.408,0.466,0.44,1.0,0.407,0.73,0.421,0.402,0.529,0.614,0.68,0.678,0.513,0.668,0.702,0.678,0.663,0.631,0.65,0.703,0.413,0.471,0.461,0.398,0.678,0.0,0.685,0.641,0.413,0.513,0.676,0.415,0.725,0.413,0.628,0.692,0.4,0.399,0.413,0.611,0.611,0.41,0.475
0.418,0.411,0.33,0.713,0.394,0.392,0.37,0.675,0.419,0.69,0.407,1.0,0.407,0.714,0.857,0.38,0.394,0.385,0.382,0.365,0.363,0.396,0.385,0.428,0.411,0.401,0.407,0.688,0.476,0.41,0.657,0.395,0.0,0.392,0.409,0.589,0.365,0.405,0.67,0.392,0.693,0.387,0.404,0.677,0.681,0.416,0.382,0.383,0.636,0.452
0.478,0.606,0.359,0.408,0.697,0.61,0.518,0.419,0.473,0.418,0.73,0.407,1.0,0.414,0.402,0.53,0.617,0.71,0.729,0.515,0.731,0.791,0.771,0.644,0.619,0.627,0.748,0.418,0.467,0.487,0.409,0.728,0.0,0.783,0.619,0.409,0.514,0.732,0.428,0.767,0.416,0.62,0.753,0.405,0.407,0.412,0.622,0.621,0.418,0.479
0.409,0.401,0.331,0.767,0.404,0.401,0.39,0.695,0.44,0.705,0.421,0.714,0.414,1.0,0.755,0.399,0.401,0.398,0.393,0.387,0.371,0.406,0.394,0.42,0.407,0.401,0.416,0.729,0.48,0.411,0.705,0.398,0.0,0.399,0.394,0.615,0.387,0.416,0.659,0.397,0.734,0.396,0.404,0.713,0.711,0.419,0.384,0.384,0.658,0.472
0.405,0.393,0.326,0.756,0.396,0.394,0.377,0.673,0.425,0.696,0.402,0.857,0.402,0.755,1.0,0.387,0.403,0.388,0.382,0.372,0.364,0.402,0.391,0.414,0.401,0.393,0.402,0.703,0.466,0.405,0.706,0.394,0.0,0.393,0.393,0.605,0.372,0.402,0.67,0.39,0.734,0.387,0.4,0.691,0.691,0.426,0.386,0.386,0.653,0.474
0.452,0.52,0.339,0.394,0.539,0.549,0.955,0.408,0.449,0.381,0.529,0.38,0.53,0.399,0.387,1.0,0.534,0.565,0.559,0.952,0.543,0.552,0.553,0.534,0.524,0.536,0.523,0.402,0.44,0.446,0.383,0.537,0.0,0.529,0.517,0.403,0.955,0.528,0.391,0.524,0.385,0.539,0.534,0.401,0.4,0.402,0.526,0.526,0.393,0.458
0.47,0.717,0.365,0.398,0.657,0.703,0.527,0.412,0.45,0.388,0.614,0.394,0.617,0.401,0.403,0.534,1.0,0.616,0.614,0.522,0.604,0.615,0.623,0.72,0.712,0.74,0.601,0.409,0.454,0.458,0.39,0.657,0.0,0.612,0.682,0.399,0.523,0.623,0.41,0.615,0.397,0.686,0.63,0.41,0.418,0.402,0.7,0.7,0.399,0.46
0.476,0.602,0.347,0.387,0.675,0.618,0.57,0.409,0.448,0.386,0.68,0.385,0.71,0.398,0.388,0.565,0.616,1.0,0.767,0.569,0.736,0.742,0.741,0.608,0.593,0.62,0.696,0.397,0.46,0.471,0.395,0.71,0.0,0.688,0.592,0.406,0.565,0.677,0.406,0.703,0.397,0.636,0.698,0.395,0.397,0.417,0.613,0.612,0.396,0.475
0.462,0.613,0.344,0.391,0.675,0.616,0.547,0.411,0.449,0.384,0.678,0.382,0.729,0.393,0.382,0.559,0.614,0.767,1.0,0.544,0.741,0.754,0.741,0.619,0.61,0.622,0.701,0.397,0.451,0.459,0.392,0.724,0.0,0.707,0.601,0.398,0.544,0.688,0.402,0.706,0.393,0.626,0.7,0.397,0.396,0.412,0.618,0.617,0.39,0.466
0.439,0.515,0.337,0.383,0.533,0.541,0.985,0.396,0.432,0.371,0.513,0.365,0.515,0.387,0.372,0.952,0.522,0.569,0.544,1.0,0.552,0.538,0.559,0.517,0.508,0.522,0.509,0.39,0.426,0.431,0.374,0.528,0.0,0.516,0.502,0.393,0.993,0.511,0.383,0.51,0.375,0.532,0.52,0.388,0.387,0.4,0.525,0.525,0.384,0.443
0.444,0.59,0.338,0.365,0.694,0.588,0.555,0.38,0.432,0.362,0.668,0.363,0.731,0.371,0.364,0.543,0.604,0.736,0.741,0.552,1.0,0.74,0.752,0.591,0.577,0.605,0.691,0.378,0.425,0.447,0.373,0.718,0.0,0.72,0.576,0.392,0.55,0.681,0.383,0.709,0.379,0.604,0.697,0.377,0.378,0.41,0.616,0.615,0.37,0.44
0.474,0.603,0.35,0.403,0.673,0.609,0.544,0.416,0.461,0.399,0.702,0.396,0.791,0.406,0.402,0.552,0.615,0.742,0.754,0.538,0.74,1.0,0.914,0.625,0.615,0.629,0.722,0.414,0.453,0.474,0.401,0.741,0.0,0.871,0.604,0.413,0.538,0.723,0.413,0.739,0.405,0.616,0.74,0.405,0.403,0.418,0.607,0.606,0.409,0.471
0.478,0.614,0.359,0.394,0.681,0.616,0.564,0.415,0.448,0.387,0.678,0.385,0.771,0.394,0.391,0.553,0.623,0.741,0.741,0.559,0.752,0.914,1.0,0.607,0.601,0.609,0.705,0.406,0.445,0.458,0.388,0.731,0.0,0.838,0.59,0.409,0.559,0.703,0.403,0.715,0.392,0.616,0.72,0.408,0.409,0.422,0.612,0.612,0.401,0.46
0.472,0.8,0.354,0.422,0.625,0.795,0.521,0.434,0.474,0.416,0.663,0.428,0.644,0.42,0.414,0.534,0.72,0.608,0.619,0.517,0.591,0.625,0.607,1.0,0.832,0.714,0.624,0.424,0.461,0.477,0.402,0.615,0.0,0.628,0.834,0.417,0.518,0.615,0.421,0.635,0.418,0.7,0.628,0.413,0.423,0.408,0.691,0.69,0.414,0.46
0.467,0.81,0.348,0.406,0.621,0.802,0.512,0.421,0.463,0.405,0.631,0.411,0.619,0.407,0.401,0.524,0.712,0.593,0.61,0.508,0.577,0.615,0.601,0.832,1.0,0.739,0.595,0.418,0.45,0.461,0.397,0.624,0.0,0.61,0.809,0.409,0.509,0.618,0.421,0.616,0.406,0.687,0.617,0.42,0.419,0.403,0.676,0.675,0.428,0.449
0.465,0.699,0.341,0.398,0.644,0.688,0.525,0.415,0.468,0.399,0.65,0.401,0.627,0.401,0.393,0.536,0.74,0.62,0.622,0.522,0.605,0.629,0.609,0.714,0.739,1.0,0.608,0.412,0.452,0.468,0.402,0.624,0.0,0.611,0.697,0.4,0.523,0.618,0.406,0.63,0.403,0.704,0.615,0.412,0.409,0.385,0.697,0.697,0.415,0.458
0.461,0.574,0.341,0.401,0.658,0.575,0.512,0.398,0.455,0.405,0.703,0.407,0.748,0.416,0.402,0.523,0.601,0.696,0.701,0.509,0.691,0.722,0.705,0.624,0.595,0.608,1.0,0.4,0.447,0.454,0.398,0.703,0.0,0.707,0.595,0.407,0.508,0.797,0.401,0.747,0.413,0.596,0.809,0.399,0.394,0.407,0.583,0.583,0.4,0.454
0.432,0.422,0.34,0.742,0.416,0.415,0.394,0.901,0.445,0.711,0.413,0.688,0.418,0.729,0.703,0.402,0.409,0.397,0.397,0.39,0.378,0.414,0.406,0.424,0.418,0.412,0.4,1.0,0.479,0.429,0.711,0.407,0.0,0.409,0.391,0.627,0.392,0.423,0.664,0.397,0.725,0.405,0.406,0.966,0.947,0.436,0.4,0.4,0.687,0.474
0.51,0.447,0.385,0.471,0.475,0.46,0.429,0.481,0.515,0.475,0.471,0.476,0.467,0.48,0.466,0.44,0.454,0.46,0.451,0.426,0.425,0.453,0.445,0.461,0.45,0.452,0.447,0.479,1.0,0.485,0.464,0.45,0.0,0.449,0.438,0.476,0.426,0.455,0.476,0.467,0.472,0.452,0.455,0.468,0.471,0.535,0.429,0.429,0.462,0.823
0.545,0.462,0.394,0.406,0.464,0.466,0.434,0.43,0.609,0.42,0.461,0.41,0.487,0.411,0.405,0.446,0.458,0.471,0.459,0.431,0.447,0.474,0.458,0.477,0.461,0.468,0.454,0.429,0.485,1.0,0.415,0.455,0.0,0.459,0.451,0.431,0.431,0.454,0.416,0.471,0.418,0.473,0.46,0.423,0.42,0.465,0.452,0.452,0.409,0.508
0.401,0.397,0.326,0.711,0.399,0.39,0.377,0.697,0.434,0.714,0.398,0.657,0.409,0.705,0.706,0.383,0.39,0.395,0.392,0.374,0.373,0.401,0.388,0.402,0.397,0.402,0.398,0.711,0.464,0.415,1.0,0.398,0.0,0.398,0.38,0.605,0.374,0.407,0.656,0.391,0.899,0.392,0.4,0.701,0.7,0.421,0.385,0.385,0.659,0.473
0.464,0.62,0.359,0.4,0.692,0.61,0.532,0.408,0.452,0.388,0.678,0.395,0.728,0.398,0.394,0.537,0.657,0.71,0.724,0.528,0.718,0.741,0.731,0.615,0.624,0.624,0.703,0.407,0.45,0.455,0.398,1.0,0.0,0.725,0.59,0.396,0.526,0.72,0.403,0.732,0.402,0.632,0.728,0.403,0.405,0.409,0.629,0.629,0.398,0.46
0.0,0.0,0.0,0.0,0.0,0.0,0.0,0.0,0.0,0.0,0.0,0.0,0.0,0.0,0.0,0.0,0.0,0.0,0.0,0.0,0.0,0.0,0.0,0.0,0.0,0.0,0.0,0.0,0.0,0.0,0.0,0.0,1.0,0.0,0.0,0.0,0.0,0.0,0.0,0.0,0.0,0.0,0.0,0.0,0.0,0.0,0.0,0.0,0.0,0.0
0.467,0.604,0.349,0.395,0.669,0.609,0.523,0.408,0.452,0.394,0.685,0.392,0.783,0.399,0.393,0.529,0.612,0.688,0.707,0.516,0.72,0.871,0.838,0.628,0.61,0.611,0.707,0.409,0.449,0.459,0.398,0.725,0.0,1.0,0.598,0.425,0.517,0.715,0.416,0.728,0.401,0.602,0.737,0.398,0.405,0.404,0.603,0.603,0.402,0.451
0.45,0.761,0.324,0.394,0.605,0.776,0.506,0.393,0.439,0.397,0.641,0.409,0.619,0.394,0.393,0.517,0.682,0.592,0.601,0.502,0.576,0.604,0.59,0.834,0.809,0.697,0.595,0.391,0.438,0.451,0.38,0.59,0.0,0.598,1.0,0.386,0.502,0.582,0.389,0.611,0.393,0.674,0.599,0.382,0.386,0.376,0.662,0.662,0.389,0.433
0.428,0.389,0.354,0.614,0.399,0.405,0.399,0.609,0.452,0.61,0.413,0.589,0.409,0.615,0.605,0.403,0.399,0.406,0.398,0.393,0.392,0.413,0.409,0.417,0.409,0.4,0.407,0.627,0.476,0.431,0.605,0.396,0.0,0.425,0.386,1.0,0.394,0.391,0.624,0.409,0.613,0.397,0.401,0.612,0.614,0.425,0.376,0.376,0.612,0.477
0.439,0.517,0.338,0.383,0.534,0.545,0.985,0.397,0.431,0.37,0.513,0.365,0.514,0.387,0.372,0.955,0.523,0.565,0.544,0.993,0.55,0.538,0.559,0.518,0.509,0.523,0.508,0.392,0.426,0.431,0.374,0.526,0.0,0.517,0.502,0.394,1.0,0.511,0.383,0.509,0.375,0.532,0.52,0.39,0.389,0.4,0.527,0.527,0.384,0.442
0.473,0.611,0.347,0.4,0.689,0.6,0.515,0.426,0.457,0.399,0.676,0.405,0.732,0.416,0.402,0.528,0.623,0.677,0.688,0.511,0.681,0.723,0.703,0.615,0.618,0.618,0.797,0.423,0.455,0.454,0.407,0.72,0.0,0.715,0.582,0.391,0.511,1.0,0.409,0.73,0.411,0.61,0.858,0.418,0.405,0.418,0.605,0.604,0.407,0.468
0.411,0.401,0.33,0.655,0.402,0.418,0.39,0.654,0.433,0.67,0.415,0.67,0.428,0.659,0.67,0.391,0.41,0.406,0.402,0.383,0.383,0.413,0.403,0.421,0.421,0.406,0.401,0.664,0.476,0.416,0.656,0.403,0.0,0.416,0.389,0.624,0.383,0.409,1.0,0.417,0.669,0.395,0.411,0.652,0.657,0.428,0.387,0.387,0.634,0.463
0.473,0.595,0.357,0.392,0.687,0.592,0.513,0.401,0.462,0.402,0.725,0.392,0.767,0.397,0.39,0.524,0.615,0.703,0.706,0.51,0.709,0.739,0.715,0.635,0.616,0.63,0.747,0.397,0.467,0.471,0.391,0.732,0.0,0.728,0.611,0.409,0.509,0.73,0.417,1.0,0.4,0.615,0.751,0.388,0.393,0.412,0.622,0.622,0.391,0.475
0.405,0.401,0.332,0.742,0.401,0.395,0.378,0.695,0.434,0.728,0.413,0.693,0.416,0.734,0.734,0.385,0.397,0.397,0.393,0.375,0.379,0.405,0.392,0.418,0.406,0.403,0.413,0.725,0.472,0.418,0.899,0.402,0.0,0.401,0.393,0.613,0.375,0.411,0.669,0.4,1.0,0.395,0.402,0.715,0.713,0.421,0.387,0.387,0.667,0.476
0.481,0.7,0.362,0.398,0.656,0.7,0.535,0.409,0.464,0.39,0.628,0.387,0.62,0.396,0.387,0.539,0.686,0.636,0.626,0.532,0.604,0.616,0.616,0.7,0.687,0.704,0.596,0.405,0.452,0.473,0.392,0.632,0.0,0.602,0.674,0.397,0.532,0.61,0.395,0.615,0.395,1.0,0.634,0.407,0.41,0.404,0.73,0.73,0.4,0.463
0.473,0.604,0.354,0.399,0.685,0.6,0.524,0.413,0.466,0.396,0.692,0.404,0.753,0.404,0.4,0.534,0.63,0.698,0.7,0.52,0.697,0.74,0.72,0.628,0.617,0.615,0.809,0.406,0.455,0.46,0.4,0.728,0.0,0.737,0.599,0.401,0.52,0.858,0.411,0.751,0.402,0.634,1.0,0.402,0.401,0.416,0.604,0.605,0.401,0.465
0.434,0.431,0.343,0.729,0.415,0.414,0.392,0.899,0.438,0.698,0.4,0.677,0.405,0.713,0.691,0.401,0.41,0.395,0.397,0.388,0.377,0.405,0.408,0.413,0.42,0.412,0.399,0.966,0.468,0.423,0.701,0.403,0.0,0.398,0.382,0.612,0.39,0.418,0.652,0.388,0.715,0.407,0.402,1.0,0.961,0.437,0.401,0.402,0.682,0.468
0.445,0.44,0.339,0.726,0.413,0.417,0.391,0.886,0.439,0.702,0.399,0.681,0.407,0.711,0.691,0.4,0.418,0.397,0.396,0.387,0.378,0.403,0.409,0.423,0.419,0.409,0.394,0.947,0.471,0.42,0.7,0.405,0.0,0.405,0.386,0.614,0.389,0.405,0.657,0.393,0.713,0.41,0.401,0.961,1.0,0.435,0.406,0.406,0.679,0.47
0.466,0.417,0.349,0.436,0.43,0.407,0.4,0.442,0.461,0.429,0.413,0.416,0.412,0.419,0.426,0.402,0.402,0.417,0.412,0.4,0.41,0.418,0.422,0.408,0.403,0.385,0.407,0.436,0.535,0.465,0.421,0.409,0.0,0.404,0.376,0.425,0.4,0.418,0.428,0.412,0.421,0.404,0.416,0.437,0.435,1.0,0.438,0.439,0.42,0.6
0.447,0.704,0.369,0.385,0.655,0.685,0.527,0.403,0.438,0.394,0.611,0.382,0.622,0.384,0.386,0.526,0.7,0.613,0.618,0.525,0.616,0.607,0.612,0.691,0.676,0.697,0.583,0.4,0.429,0.452,0.385,0.629,0.0,0.603,0.662,0.376,0.527,0.605,0.387,0.622,0.387,0.73,0.604,0.401,0.406,0.438,1.0,0.998,0.394,0.454
0.448,0.704,0.369,0.385,0.656,0.684,0.527,0.403,0.438,0.394,0.611,0.383,0.621,0.384,0.386,0.526,0.7,0.612,0.617,0.525,0.615,0.606,0.612,0.69,0.675,0.697,0.583,0.4,0.429,0.452,0.385,0.629,0.0,0.603,0.662,0.376,0.527,0.604,0.387,0.622,0.387,0.73,0.605,0.402,0.406,0.439,0.998,1.0,0.394,0.454
0.408,0.415,0.335,0.668,0.407,0.406,0.386,0.662,0.425,0.662,0.41,0.636,0.418,0.658,0.653,0.393,0.399,0.396,0.39,0.384,0.37,0.409,0.401,0.414,0.428,0.415,0.4,0.687,0.462,0.409,0.659,0.398,0.0,0.402,0.389,0.612,0.384,0.407,0.634,0.391,0.667,0.4,0.401,0.682,0.679,0.42,0.394,0.394,1.0,0.464
0.52,0.461,0.392,0.47,0.478,0.457,0.445,0.482,0.527,0.469,0.475,0.452,0.479,0.472,0.474,0.458,0.46,0.475,0.466,0.443,0.44,0.471,0.46,0.46,0.449,0.458,0.454,0.474,0.823,0.508,0.473,0.46,0.0,0.451,0.433,0.477,0.442,0.468,0.463,0.475,0.476,0.463,0.465,0.468,0.47,0.6,0.454,0.454,0.464,1.0
