GCF_000163235.1_ASM16323v1_genomic.fna,GCF_000164555.1_ASM16455v1_genomic.fna,GCF_000208545.1_ASM20854v2_genomic.fna,GCF_000233875.1_ASM23387v1_genomic.fna,GCF_000249735.1_ASM24973v2_genomic.fna,GCF_000261145.1_Esch_coli_M919_V2_genomic.fna,GCF_000267705.2_ASM26770v2_genomic.fna,GCF_000350665.1_Esch_coli_KTE5_V1_genomic.fna,GCF_000351625.1_Esch_coli_KTE66_V1_genomic.fna,GCF_000352285.1_Esch_coli_KTE46_V1_genomic.fna,GCF_000358895.1_ASM35889v1_genomic.fna,GCF_000456385.1_Esch_coli_HVH_26_4-5703913_V1_genomic.fna,GCF_000458195.1_Esch_coli_HVH_147_4-5893887_V1_genomic.fna,GCF_000459755.1_Esch_coli_KOEGE_58_171a_V1_genomic.fna,GCF_000460055.1_Esch_coli_UMEA_3053-1_V1_genomic.fna,GCF_000462165.2_ASM46216v2_genomic.fna,GCF_000601135.1_ASM60113v1_genomic.fna,GCF_000614595.1_Ec2010EL1058_genomic.fna,GCF_000617745.1_Ec2010C-4529_genomic.fna,GCF_000618265.2_EcF6751_genomic.fna,GCF_000619005.2_Ec2009C-4052_genomic.fna,GCF_000619105.1_Ec2009C-4780_genomic.fna,GCF_000619765.2_Ec2009C-3279_genomic.fna,GCF_000687005.1_ASM68700v1_genomic.fna,GCF_000687025.1_ASM68702v1_genomic.fna,GCF_000700125.1_ASM70012v1_genomic.fna,GCF_000753315.1_FHI35_genomic.fna,GCF_000776375.1_ASM77637v1_genomic.fna,GCF_000779395.1_ASM77939v1_genomic.fna,GCF_000780315.1_ASM78031v1_genomic.fna,GCF_000781995.1_ASM78199v1_genomic.fna,GCF_000986765.1_ASM98676v1_genomic.fna,GCF_001041375.1_ViralProj287958_genomic.fna,GCF_001265335.1_302014_genomic.fna,GCF_001265625.1_100854_genomic.fna,GCF_001267345.1_303289_genomic.fna,GCF_001309985.1_ASM130998v1_genomic.fna,GCF_001521695.1_ASM152169v1_genomic.fna,GCF_001592595.1_ASM159259v1_genomic.fna,GCF_001614975.1_ASM161497v1_genomic.fna,GCF_001692775.1_ASM169277v1_genomic.fna,GCF_001748915.1_ASM174891v1_genomic.fna,GCF_001749235.1_ASM174923v1_genomic.fna,GCF_001881155.1_ASM188115v1_genomic.fna,GCF_001881345.1_ASM188134v1_genomic.fna,GCF_001892405.1_ASM189240v1_genomic.fna,GCF_001892585.1_ASM189258v1_genomic.fna,GCF_001893985.1_ASM189398v1_genomic.fna,GCF_002001595.1_ASM200159v1_genomic.fna,GCF_002002145.1_ASM200214v1_genomic.fna
1.0,0.48,0.394,0.431,0.472,0.469,0.452,0.429,0.595,0.442,0.488,0.412,0.478,0.411,0.401,0.458,0.452,0.471,0.472,0.452,0.443,0.454,0.453,0.493,0.475,0.456,0.47,0.427,0.523,0.59,0.379,0.467,0.0,0.461,0.458,0.401,0.452,0.491,0.4,0.475,0.387,0.447,0.476,0.417,0.433,0.469,0.444,0.444,0.386,0.534
0.48,1.0,0.351,0.388,0.597,0.763,0.518,0.408,0.449,0.399,0.58,0.405,0.585,0.389,0.384,0.519,0.679,0.586,0.576,0.518,0.572,0.575,0.562,0.779,0.792,0.702,0.6,0.4,0.445,0.46,0.373,0.604,0.0,0.575,0.737,0.36,0.519,0.613,0.371,0.584,0.384,0.676,0.6,0.417,0.411,0.407,0.675,0.676,0.393,0.455
0.394,0.351,1.0,0.313,0.342,0.336,0.345,0.313,0.375,0.314,0.341,0.309,0.339,0.309,0.303,0.352,0.339,0.336,0.342,0.345,0.328,0.35,0.346,0.337,0.339,0.331,0.346,0.313,0.367,0.393,0.284,0.345,0.0,0.353,0.319,0.313,0.345,0.353,0.307,0.35,0.298,0.33,0.353,0.316,0.313,0.352,0.336,0.336,0.31,0.38
0.431,0.388,0.313,1.0,0.403,0.394,0.385,0.712,0.419,0.728,0.4,0.7,0.397,0.762,0.756,0.392,0.37,0.394,0.386,0.384,0.373,0.393,0.393,0.402,0.399,0.382,0.39,0.744,0.478,0.423,0.697,0.386,0.0,0.392,0.378,0.621,0.385,0.398,0.687,0.39,0.73,0.375,0.394,0.732,0.73,0.451,0.375,0.375,0.667,0.476
0.472,0.597,0.342,0.403,1.0,0.625,0.533,0.402,0.468,0.404,0.764,0.401,0.682,0.408,0.407,0.544,0.616,0.666,0.661,0.533,0.652,0.655,0.646,0.609,0.604,0.601,0.678,0.398,0.463,0.473,0.383,0.67,0.0,0.667,0.589,0.398,0.532,0.697,0.392,0.682,0.397,0.624,0.696,0.395,0.403,0.421,0.635,0.636,0.397,0.471
0.469,0.763,0.336,0.394,0.625,1.0,0.534,0.397,0.453,0.389,0.618,0.376,0.615,0.395,0.382,0.541,0.701,0.625,0.605,0.533,0.587,0.59,0.591,0.8,0.825,0.703,0.607,0.387,0.468,0.462,0.366,0.602,0.0,0.601,0.775,0.39,0.534,0.627,0.382,0.615,0.38,0.679,0.625,0.387,0.386,0.4,0.694,0.694,0.373,0.462
0.452,0.518,0.345,0.385,0.533,0.534,1.0,0.398,0.449,0.369,0.525,0.393,0.531,0.376,0.396,0.956,0.524,0.579,0.575,0.988,0.582,0.562,0.573,0.534,0.525,0.522,0.542,0.384,0.429,0.446,0.373,0.549,0.0,0.538,0.515,0.393,0.99,0.534,0.398,0.527,0.383,0.532,0.537,0.389,0.391,0.409,0.504,0.504,0.376,0.451
0.429,0.408,0.313,0.712,0.402,0.397,0.398,1.0,0.41,0.712,0.382,0.708,0.394,0.714,0.709,0.4,0.369,0.389,0.384,0.397,0.385,0.409,0.407,0.404,0.39,0.373,0.405,0.907,0.46,0.426,0.699,0.391,0.0,0.408,0.365,0.606,0.399,0.425,0.678,0.393,0.723,0.391,0.402,0.896,0.886,0.442,0.383,0.383,0.675,0.478
0.595,0.449,0.375,0.419,0.468,0.453,0.449,0.41,1.0,0.423,0.463,0.4,0.454,0.407,0.405,0.456,0.434,0.451,0.449,0.449,0.427,0.45,0.451,0.455,0.449,0.429,0.464,0.413,0.505,0.601,0.39,0.448,0.0,0.452,0.427,0.417,0.451,0.47,0.406,0.457,0.399,0.448,0.472,0.401,0.4,0.453,0.431,0.431,0.387,0.526
0.442,0.399,0.314,0.728,0.404,0.389,0.369,0.712,0.423,1.0,0.411,0.682,0.412,0.72,0.694,0.376,0.373,0.386,0.376,0.368,0.364,0.385,0.382,0.4,0.39,0.384,0.389,0.731,0.483,0.429,0.71,0.38,0.0,0.393,0.382,0.627,0.37,0.4,0.672,0.4,0.729,0.367,0.392,0.707,0.718,0.434,0.372,0.372,0.669,0.464
0.488,0.58,0.341,0.4,0.764,0.618,0.525,0.382,0.463,0.411,1.0,0.383,0.749,0.39,0.388,0.538,0.603,0.682,0.677,0.525,0.655,0.672,0.659,0.63,0.61,0.613,0.693,0.385,0.469,0.482,0.367,0.687,0.0,0.669,0.627,0.391,0.523,0.695,0.386,0.722,0.376,0.62,0.705,0.379,0.383,0.407,0.613,0.614,0.375,0.458
0.412,0.405,0.309,0.7,0.401,0.376,0.393,0.708,0.4,0.682,0.383,1.0,0.381,0.719,0.855,0.394,0.366,0.377,0.376,0.393,0.377,0.396,0.394,0.391,0.38,0.367,0.387,0.719,0.449,0.415,0.668,0.388,0.0,0.395,0.358,0.597,0.392,0.392,0.664,0.382,0.694,0.374,0.39,0.728,0.737,0.438,0.373,0.373,0.663,0.455
0.478,0.585,0.339,0.397,0.682,0.615,0.531,0.394,0.454,0.412,0.749,0.381,1.0,0.396,0.391,0.536,0.601,0.712,0.714,0.531,0.684,0.758,0.743,0.63,0.609,0.604,0.737,0.391,0.48,0.478,0.374,0.71,0.0,0.752,0.612,0.388,0.531,0.731,0.376,0.758,0.379,0.614,0.733,0.385,0.385,0.406,0.607,0.608,0.377,0.46
0.411,0.389,0.309,0.762,0.408,0.395,0.376,0.714,0.407,0.72,0.39,0.719,0.396,1.0,0.766,0.383,0.37,0.391,0.388,0.376,0.374,0.395,0.392,0.385,0.386,0.375,0.393,0.753,0.484,0.426,0.709,0.382,0.0,0.397,0.366,0.615,0.378,0.404,0.688,0.391,0.74,0.381,0.394,0.735,0.733,0.442,0.377,0.377,0.675,0.479
0.401,0.384,0.303,0.756,0.407,0.382,0.396,0.709,0.405,0.694,0.388,0.855,0.391,0.766,1.0,0.397,0.365,0.383,0.375,0.395,0.379,0.403,0.405,0.377,0.374,0.365,0.393,0.733,0.448,0.42,0.703,0.39,0.0,0.396,0.359,0.614,0.397,0.394,0.695,0.389,0.734,0.381,0.388,0.735,0.732,0.45,0.374,0.374,0.687,0.482
0.458,0.519,0.352,0.392,0.544,0.541,0.956,0.4,0.456,0.376,0.538,0.394,0.536,0.383,0.397,1.0,0.533,0.573,0.579,0.955,0.563,0.564,0.566,0.537,0.529,0.526,0.543,0.389,0.435,0.458,0.372,0.544,0.0,0.545,0.517,0.4,0.957,0.544,0.408,0.534,0.387,0.532,0.542,0.386,0.393,0.41,0.515,0.515,0.38,0.455
0.452,0.679,0.339,0.37,0.616,0.701,0.524,0.369,0.434,0.373,0.603,0.366,0.601,0.37,0.365,0.533,1.0,0.598,0.584,0.523,0.572,0.586,0.582,0.723,0.708,0.732,0.596,0.369,0.435,0.448,0.345,0.617,0.0,0.598,0.667,0.374,0.523,0.605,0.368,0.603,0.35,0.654,0.608,0.365,0.378,0.385,0.678,0.679,0.35,0.438
0.471,0.586,0.336,0.394,0.666,0.625,0.579,0.389,0.451,0.386,0.682,0.377,0.712,0.391,0.383,0.573,0.598,1.0,0.754,0.577,0.707,0.723,0.718,0.615,0.602,0.599,0.706,0.388,0.447,0.467,0.371,0.679,0.0,0.692,0.593,0.404,0.577,0.693,0.383,0.713,0.379,0.629,0.695,0.385,0.387,0.404,0.616,0.617,0.371,0.458
0.472,0.576,0.342,0.386,0.661,0.605,0.575,0.384,0.449,0.376,0.677,0.376,0.714,0.388,0.375,0.579,0.584,0.754,1.0,0.577,0.719,0.717,0.702,0.598,0.593,0.577,0.705,0.382,0.455,0.472,0.356,0.691,0.0,0.691,0.587,0.385,0.574,0.695,0.381,0.713,0.365,0.603,0.696,0.376,0.379,0.402,0.6,0.601,0.359,0.455
0.452,0.518,0.345,0.384,0.533,0.533,0.988,0.397,0.449,0.368,0.525,0.393,0.531,0.376,0.395,0.955,0.523,0.577,0.577,1.0,0.578,0.565,0.572,0.533,0.526,0.521,0.541,0.383,0.429,0.446,0.373,0.55,0.0,0.538,0.514,0.392,0.989,0.534,0.398,0.527,0.382,0.532,0.537,0.389,0.391,0.409,0.504,0.504,0.375,0.451
0.443,0.572,0.328,0.373,0.652,0.587,0.582,0.385,0.427,0.364,0.655,0.377,0.684,0.374,0.379,0.563,0.572,0.707,0.719,0.578,1.0,0.732,0.752,0.57,0.57,0.565,0.708,0.379,0.422,0.44,0.361,0.714,0.0,0.71,0.564,0.38,0.579,0.696,0.378,0.695,0.369,0.588,0.695,0.386,0.384,0.42,0.59,0.59,0.364,0.44
0.454,0.575,0.35,0.393,0.655,0.59,0.562,0.409,0.45,0.385,0.672,0.396,0.758,0.395,0.403,0.564,0.586,0.723,0.717,0.565,0.732,1.0,0.914,0.583,0.573,0.562,0.732,0.399,0.443,0.464,0.377,0.735,0.0,0.87,0.563,0.397,0.563,0.721,0.392,0.733,0.388,0.612,0.729,0.399,0.398,0.412,0.581,0.582,0.38,0.459
0.453,0.562,0.346,0.393,0.646,0.591,0.573,0.407,0.451,0.382,0.659,0.394,0.743,0.392,0.405,0.566,0.582,0.718,0.702,0.572,0.752,0.914,1.0,0.577,0.568,0.557,0.728,0.397,0.44,0.453,0.389,0.728,0.0,0.841,0.553,0.4,0.571,0.708,0.389,0.72,0.393,0.602,0.713,0.409,0.408,0.418,0.571,0.571,0.377,0.452
0.493,0.779,0.337,0.402,0.609,0.8,0.534,0.404,0.455,0.4,0.63,0.391,0.63,0.385,0.377,0.537,0.723,0.615,0.598,0.533,0.57,0.583,0.577,1.0,0.829,0.752,0.603,0.388,0.457,0.463,0.363,0.604,0.0,0.588,0.801,0.382,0.533,0.61,0.374,0.605,0.371,0.689,0.61,0.384,0.39,0.393,0.689,0.69,0.364,0.445
0.475,0.792,0.339,0.399,0.604,0.825,0.525,0.39,0.449,0.39,0.61,0.38,0.609,0.386,0.374,0.529,0.708,0.602,0.593,0.526,0.57,0.573,0.568,0.829,1.0,0.761,0.595,0.385,0.449,0.458,0.359,0.616,0.0,0.574,0.8,0.372,0.525,0.605,0.366,0.6,0.368,0.678,0.613,0.396,0.384,0.393,0.68,0.681,0.374,0.441
0.456,0.702,0.331,0.382,0.601,0.703,0.522,0.373,0.429,0.384,0.613,0.367,0.604,0.375,0.365,0.526,0.732,0.599,0.577,0.521,0.565,0.562,0.557,0.752,0.761,1.0,0.588,0.375,0.441,0.441,0.346,0.588,0.0,0.568,0.703,0.365,0.518,0.588,0.359,0.591,0.355,0.663,0.587,0.383,0.372,0.384,0.682,0.683,0.365,0.434
0.47,0.6,0.346,0.39,0.678,0.607,0.542,0.405,0.464,0.389,0.693,0.387,0.737,0.393,0.393,0.543,0.596,0.706,0.705,0.541,0.708,0.732,0.728,0.603,0.595,0.588,1.0,0.396,0.463,0.463,0.377,0.731,0.0,0.726,0.575,0.387,0.539,0.826,0.384,0.747,0.383,0.628,0.831,0.397,0.392,0.422,0.598,0.599,0.38,0.467
0.427,0.4,0.313,0.744,0.398,0.387,0.384,0.907,0.413,0.731,0.385,0.719,0.391,0.753,0.733,0.389,0.369,0.388,0.382,0.383,0.379,0.399,0.397,0.388,0.385,0.375,0.396,1.0,0.463,0.433,0.703,0.384,0.0,0.403,0.364,0.617,0.384,0.418,0.691,0.397,0.736,0.381,0.396,0.947,0.929,0.439,0.386,0.386,0.688,0.472
0.523,0.445,0.367,0.478,0.463,0.468,0.429,0.46,0.505,0.483,0.469,0.449,0.48,0.484,0.448,0.435,0.435,0.447,0.455,0.429,0.422,0.443,0.44,0.457,0.449,0.441,0.463,0.463,1.0,0.512,0.437,0.447,0.0,0.45,0.431,0.46,0.429,0.474,0.453,0.451,0.449,0.435,0.462,0.449,0.453,0.564,0.432,0.432,0.436,0.819
0.59,0.46,0.393,0.423,0.473,0.462,0.446,0.426,0.601,0.429,0.482,0.415,0.478,0.426,0.42,0.458,0.448,0.467,0.472,0.446,0.44,0.464,0.453,0.463,0.458,0.441,0.463,0.433,0.512,1.0,0.39,0.45,0.0,0.465,0.439,0.417,0.449,0.482,0.418,0.486,0.407,0.446,0.48,0.419,0.418,0.474,0.447,0.448,0.395,0.52
0.379,0.373,0.284,0.697,0.383,0.366,0.373,0.699,0.39,0.71,0.367,0.668,0.374,0.709,0.703,0.372,0.345,0.371,0.356,0.373,0.361,0.377,0.389,0.363,0.359,0.346,0.377,0.703,0.437,0.39,1.0,0.37,0.0,0.373,0.337,0.587,0.373,0.378,0.662,0.369,0.896,0.363,0.372,0.712,0.71,0.437,0.351,0.351,0.665,0.45
0.467,0.604,0.345,0.386,0.67,0.602,0.549,0.391,0.448,0.38,0.687,0.388,0.71,0.382,0.39,0.544,0.617,0.679,0.691,0.55,0.714,0.735,0.728,0.604,0.616,0.588,0.731,0.384,0.447,0.45,0.37,1.0,0.0,0.722,0.574,0.378,0.546,0.729,0.375,0.727,0.377,0.615,0.742,0.387,0.393,0.413,0.608,0.609,0.368,0.453
0.0,0.0,0.0,0.0,0.0,0.0,0.0,0.0,0.0,0.0,0.0,0.0,0.0,0.0,0.0,0.0,0.0,0.0,0.0,0.0,0.0,0.0,0.0,0.0,0.0,0.0,0.0,0.0,0.0,0.0,0.0,0.0,1.0,0.0,0.0,0.0,0.0,0.0,0.0,0.0,0.0,0.0,0.0,0.0,0.0,0.0,0.0,0.0,0.0,0.0
0.461,0.575,0.353,0.392,0.667,0.601,0.538,0.408,0.452,0.393,0.669,0.395,0.752,0.397,0.396,0.545,0.598,0.692,0.691,0.538,0.71,0.87,0.841,0.588,0.574,0.568,0.726,0.403,0.45,0.465,0.373,0.722,0.0,1.0,0.564,0.41,0.537,0.726,0.404,0.723,0.384,0.598,0.732,0.399,0.402,0.406,0.587,0.588,0.379,0.461
0.458,0.737,0.319,0.378,0.589,0.775,0.515,0.365,0.427,0.382,0.627,0.358,0.612,0.366,0.359,0.517,0.667,0.593,0.587,0.514,0.564,0.563,0.553,0.801,0.8,0.703,0.575,0.364,0.431,0.439,0.337,0.574,0.0,0.564,1.0,0.364,0.515,0.584,0.355,0.591,0.347,0.646,0.59,0.355,0.361,0.371,0.651,0.651,0.346,0.423
0.401,0.36,0.313,0.621,0.398,0.39,0.393,0.606,0.417,0.627,0.391,0.597,0.388,0.615,0.614,0.4,0.374,0.404,0.385,0.392,0.38,0.397,0.4,0.382,0.372,0.365,0.387,0.617,0.46,0.417,0.587,0.378,0.0,0.41,0.364,1.0,0.392,0.393,0.622,0.397,0.611,0.362,0.391,0.602,0.602,0.43,0.361,0.361,0.596,0.464
0.452,0.519,0.345,0.385,0.532,0.534,0.99,0.399,0.451,0.37,0.523,0.392,0.531,0.378,0.397,0.957,0.523,0.577,0.574,0.989,0.579,0.563,0.571,0.533,0.525,0.518,0.539,0.384,0.429,0.449,0.373,0.546,0.0,0.537,0.515,0.392,1.0,0.533,0.4,0.525,0.385,0.53,0.534,0.387,0.389,0.408,0.504,0.504,0.377,0.451
0.491,0.613,0.353,0.398,0.697,0.627,0.534,0.425,0.47,0.4,0.695,0.392,0.731,0.404,0.394,0.544,0.605,0.693,0.695,0.534,0.696,0.721,0.708,0.61,0.605,0.588,0.826,0.418,0.474,0.482,0.378,0.729,0.0,0.726,0.584,0.393,0.533,1.0,0.389,0.755,0.389,0.615,0.861,0.408,0.403,0.421,0.621,0.622,0.386,0.472
0.4,0.371,0.307,0.687,0.392,0.382,0.398,0.678,0.406,0.672,0.386,0.664,0.376,0.688,0.695,0.408,0.368,0.383,0.381,0.398,0.378,0.392,0.389,0.374,0.366,0.359,0.384,0.691,0.453,0.418,0.662,0.375,0.0,0.404,0.355,0.622,0.4,0.389,1.0,0.388,0.683,0.373,0.392,0.673,0.677,0.43,0.362,0.362,0.653,0.457
0.475,0.584,0.35,0.39,0.682,0.615,0.527,0.393,0.457,0.4,0.722,0.382,0.758,0.391,0.389,0.534,0.603,0.713,0.713,0.527,0.695,0.733,0.72,0.605,0.6,0.591,0.747,0.397,0.451,0.486,0.369,0.727,0.0,0.723,0.591,0.397,0.525,0.755,0.388,1.0,0.376,0.615,0.764,0.391,0.392,0.418,0.616,0.617,0.369,0.461
0.387,0.384,0.298,0.73,0.397,0.38,0.383,0.723,0.399,0.729,0.376,0.694,0.379,0.74,0.734,0.387,0.35,0.379,0.365,0.382,0.369,0.388,0.393,0.371,0.368,0.355,0.383,0.736,0.449,0.407,0.896,0.377,0.0,0.384,0.347,0.611,0.385,0.389,0.683,0.376,1.0,0.378,0.379,0.732,0.726,0.433,0.359,0.359,0.686,0.464
0.447,0.676,0.33,0.375,0.624,0.679,0.532,0.391,0.448,0.367,0.62,0.374,0.614,0.381,0.381,0.532,0.654,0.629,0.603,0.532,0.588,0.612,0.602,0.689,0.678,0.663,0.628,0.381,0.435,0.446,0.363,0.615,0.0,0.598,0.646,0.362,0.53,0.615,0.373,0.615,0.378,1.0,0.642,0.387,0.382,0.391,0.694,0.695,0.359,0.462
0.476,0.6,0.353,0.394,0.696,0.625,0.537,0.402,0.472,0.392,0.705,0.39,0.733,0.394,0.388,0.542,0.608,0.695,0.696,0.537,0.695,0.729,0.713,0.61,0.613,0.587,0.831,0.396,0.462,0.48,0.372,0.742,0.0,0.732,0.59,0.391,0.534,0.861,0.392,0.764,0.379,0.642,1.0,0.389,0.39,0.424,0.613,0.615,0.378,0.465
0.417,0.417,0.316,0.732,0.395,0.387,0.389,0.896,0.401,0.707,0.379,0.728,0.385,0.735,0.735,0.386,0.365,0.385,0.376,0.389,0.386,0.399,0.409,0.384,0.396,0.383,0.397,0.947,0.449,0.419,0.712,0.387,0.0,0.399,0.355,0.602,0.387,0.408,0.673,0.391,0.732,0.387,0.389,1.0,0.955,0.451,0.379,0.379,0.696,0.465
0.433,0.411,0.313,0.73,0.403,0.386,0.391,0.886,0.4,0.718,0.383,0.737,0.385,0.733,0.732,0.393,0.378,0.387,0.379,0.391,0.384,0.398,0.408,0.39,0.384,0.372,0.392,0.929,0.453,0.418,0.71,0.393,0.0,0.402,0.361,0.602,0.389,0.403,0.677,0.392,0.726,0.382,0.39,0.955,1.0,0.453,0.381,0.381,0.686,0.468
0.469,0.407,0.352,0.451,0.421,0.4,0.409,0.442,0.453,0.434,0.407,0.438,0.406,0.442,0.45,0.41,0.385,0.404,0.402,0.409,0.42,0.412,0.418,0.393,0.393,0.384,0.422,0.439,0.564,0.474,0.437,0.413,0.0,0.406,0.371,0.43,0.408,0.421,0.43,0.418,0.433,0.391,0.424,0.451,0.453,1.0,0.413,0.413,0.431,0.625
0.444,0.675,0.336,0.375,0.635,0.694,0.504,0.383,0.431,0.372,0.613,0.373,0.607,0.377,0.374,0.515,0.678,0.616,0.6,0.504,0.59,0.581,0.571,0.689,0.68,0.682,0.598,0.386,0.432,0.447,0.351,0.608,0.0,0.587,0.651,0.361,0.504,0.621,0.362,0.616,0.359,0.694,0.613,0.379,0.381,0.413,1.0,0.998,0.365,0.454
0.444,0.676,0.336,0.375,0.636,0.694,0.504,0.383,0.431,0.372,0.614,0.373,0.608,0.377,0.374,0.515,0.679,0.617,0.601,0.504,0.59,0.582,0.571,0.69,0.681,0.683,0.599,0.386,0.432,0.448,0.351,0.609,0.0,0.588,0.651,0.361,0.504,0.622,0.362,0.617,0.359,0.695,0.615,0.379,0.381,0.413,0.998,1.0,0.365,0.454
0.386,0.393,0.31,0.667,0.397,0.373,0.376,0.675,0.387,0.669,0.375,0.663,0.377,0.675,0.687,0.38,0.35,0.371,0.359,0.375,0.364,0.38,0.377,0.364,0.374,0.365,0.38,0.688,0.436,0.395,0.665,0.368,0.0,0.379,0.346,0.596,0.377,0.386,0.653,0.369,0.686,0.359,0.378,0.696,0.686,0.431,0.365,0.365,1.0,0.447
0.534,0.455,0.38,0.476,0.471,0.462,0.451,0.478,0.526,0.464,0.458,0.455,0.46,0.479,0.482,0.455,0.438,0.458,0.455,0.451,0.44,0.459,0.452,0.445,0.441,0.434,0.467,0.472,0.819,0.52,0.45,0.453,0.0,0.461,0.423,0.464,0.451,0.472,0.457,0.461,0.464,0.462,0.465,0.465,0.468,0.625,0.454,0.454,0.447,1.0
