GCF_000163235.1_ASM16323v1_genomic.fna,GCF_000164555.1_ASM16455v1_genomic.fna,GCF_000208545.1_ASM20854v2_genomic.fna,GCF_000233875.1_ASM23387v1_genomic.fna,GCF_000249735.1_ASM24973v2_genomic.fna,GCF_000261145.1_Esch_coli_M919_V2_genomic.fna,GCF_000267705.2_ASM26770v2_genomic.fna,GCF_000350665.1_Esch_coli_KTE5_V1_genomic.fna,GCF_000351625.1_Esch_coli_KTE66_V1_genomic.fna,GCF_000352285.1_Esch_coli_KTE46_V1_genomic.fna,GCF_000358895.1_ASM35889v1_genomic.fna,GCF_000456385.1_Esch_coli_HVH_26_4-5703913_V1_genomic.fna,GCF_000458195.1_Esch_coli_HVH_147_4-5893887_V1_genomic.fna,GCF_000459755.1_Esch_coli_KOEGE_58_171a_V1_genomic.fna,GCF_000460055.1_Esch_coli_UMEA_3053-1_V1_genomic.fna,GCF_000462165.2_ASM46216v2_genomic.fna,GCF_000601135.1_ASM60113v1_genomic.fna,GCF_000614595.1_Ec2010EL1058_genomic.fna,GCF_000617745.1_Ec2010C-4529_genomic.fna,GCF_000618265.2_EcF6751_genomic.fna,GCF_000619005.2_Ec2009C-4052_genomic.fna,GCF_000619105.1_Ec2009C-4780_genomic.fna,GCF_000619765.2_Ec2009C-3279_genomic.fna,GCF_000687005.1_ASM68700v1_genomic.fna,GCF_000687025.1_ASM68702v1_genomic.fna,GCF_000700125.1_ASM70012v1_genomic.fna,GCF_000753315.1_FHI35_genomic.fna,GCF_000776375.1_ASM77637v1_genomic.fna,GCF_000779395.1_ASM77939v1_genomic.fna,GCF_000780315.1_ASM78031v1_genomic.fna,GCF_000781995.1_ASM78199v1_genomic.fna,GCF_000986765.1_ASM98676v1_genomic.fna,GCF_001041375.1_ViralProj287958_genomic.fna,GCF_001265335.1_302014_genomic.fna,GCF_001265625.1_100854_genomic.fna,GCF_001267345.1_303289_genomic.fna,GCF_001309985.1_ASM130998v1_genomic.fna,GCF_001521695.1_ASM152169v1_genomic.fna,GCF_001592595.1_ASM159259v1_genomic.fna,GCF_001614975.1_ASM161497v1_genomic.fna,GCF_001692775.1_ASM169277v1_genomic.fna,GCF_001748915.1_ASM174891v1_genomic.fna,GCF_001749235.1_ASM174923v1_genomic.fna,GCF_001881155.1_ASM188115v1_genomic.fna,GCF_001881345.1_ASM188134v1_genomic.fna,GCF_001892405.1_ASM189240v1_genomic.fna,GCF_001892585.1_ASM189258v1_genomic.fna,GCF_001893985.1_ASM189398v1_genomic.fna,GCF_002001595.1_ASM200159v1_genomic.fna,GCF_002002145.1_ASM200214v1_genomic.fna
1.0,0.493,0.419,0.426,0.497,0.451,0.447,0.433,0.584,0.448,0.476,0.466,0.464,0.426,0.434,0.463,0.482,0.476,0.472,0.443,0.454,0.471,0.478,0.474,0.456,0.471,0.467,0.427,0.518,0.567,0.4,0.476,0.0,0.474,0.443,0.426,0.446,0.493,0.415,0.476,0.417,0.481,0.475,0.413,0.43,0.449,0.476,0.476,0.416,0.529
0.493,1.0,0.372,0.423,0.648,0.777,0.494,0.423,0.459,0.432,0.598,0.456,0.607,0.415,0.431,0.511,0.707,0.598,0.598,0.491,0.576,0.606,0.603,0.797,0.806,0.701,0.604,0.421,0.476,0.469,0.398,0.621,0.0,0.606,0.758,0.394,0.495,0.64,0.408,0.597,0.412,0.681,0.609,0.418,0.421,0.429,0.675,0.677,0.416,0.468
0.419,0.372,1.0,0.355,0.38,0.353,0.333,0.346,0.394,0.353,0.358,0.355,0.347,0.343,0.347,0.346,0.365,0.348,0.346,0.332,0.34,0.357,0.359,0.361,0.352,0.351,0.35,0.347,0.385,0.395,0.323,0.367,0.0,0.362,0.334,0.338,0.333,0.359,0.332,0.354,0.336,0.36,0.36,0.335,0.333,0.345,0.355,0.355,0.338,0.387
0.426,0.423,0.355,1.0,0.42,0.41,0.405,0.71,0.432,0.728,0.394,0.722,0.397,0.759,0.759,0.412,0.428,0.399,0.404,0.403,0.383,0.409,0.416,0.41,0.418,0.426,0.393,0.757,0.471,0.42,0.711,0.417,0.0,0.401,0.393,0.627,0.405,0.409,0.669,0.393,0.727,0.409,0.405,0.73,0.718,0.441,0.403,0.402,0.677,0.481
0.497,0.648,0.38,0.42,1.0,0.626,0.5,0.425,0.464,0.429,0.754,0.443,0.697,0.414,0.44,0.516,0.631,0.662,0.658,0.498,0.653,0.687,0.688,0.623,0.629,0.619,0.68,0.422,0.474,0.478,0.394,0.698,0.0,0.69,0.597,0.399,0.501,0.702,0.413,0.695,0.407,0.647,0.702,0.409,0.41,0.409,0.639,0.642,0.422,0.456
0.451,0.777,0.353,0.41,0.626,1.0,0.509,0.412,0.448,0.411,0.6,0.426,0.609,0.408,0.421,0.516,0.683,0.6,0.584,0.506,0.565,0.599,0.591,0.794,0.813,0.694,0.584,0.408,0.47,0.467,0.388,0.599,0.0,0.597,0.783,0.397,0.508,0.603,0.406,0.601,0.398,0.654,0.598,0.399,0.4,0.408,0.676,0.678,0.401,0.464
0.447,0.494,0.333,0.405,0.5,0.509,1.0,0.39,0.448,0.389,0.477,0.414,0.492,0.391,0.401,0.951,0.519,0.549,0.541,0.988,0.546,0.539,0.559,0.499,0.497,0.506,0.506,0.38,0.423,0.437,0.4,0.512,0.0,0.509,0.493,0.419,0.988,0.493,0.4,0.497,0.394,0.497,0.501,0.386,0.388,0.394,0.48,0.479,0.386,0.434
0.433,0.423,0.346,0.71,0.425,0.412,0.39,1.0,0.422,0.693,0.39,0.716,0.401,0.706,0.692,0.401,0.425,0.4,0.401,0.389,0.385,0.4,0.408,0.418,0.411,0.419,0.382,0.907,0.467,0.408,0.692,0.411,0.0,0.395,0.384,0.619,0.391,0.423,0.672,0.402,0.7,0.399,0.402,0.903,0.876,0.428,0.391,0.39,0.659,0.463
0.584,0.459,0.394,0.432,0.464,0.448,0.448,0.422,1.0,0.436,0.45,0.428,0.449,0.426,0.428,0.461,0.456,0.441,0.444,0.446,0.428,0.463,0.457,0.45,0.447,0.461,0.457,0.425,0.508,0.596,0.41,0.447,0.0,0.451,0.427,0.415,0.448,0.455,0.405,0.455,0.413,0.46,0.462,0.409,0.408,0.449,0.452,0.451,0.406,0.518
0.448,0.432,0.353,0.728,0.429,0.411,0.389,0.693,0.436,1.0,0.41,0.688,0.409,0.72,0.696,0.405,0.432,0.397,0.4,0.388,0.383,0.408,0.401,0.416,0.414,0.435,0.397,0.718,0.47,0.437,0.722,0.405,0.0,0.398,0.39,0.625,0.391,0.407,0.665,0.405,0.728,0.41,0.4,0.69,0.698,0.428,0.404,0.403,0.675,0.47
0.476,0.598,0.358,0.394,0.754,0.6,0.477,0.39,0.45,0.41,1.0,0.41,0.738,0.39,0.405,0.496,0.595,0.654,0.65,0.476,0.651,0.671,0.661,0.632,0.591,0.63,0.681,0.393,0.429,0.475,0.37,0.671,0.0,0.66,0.618,0.393,0.477,0.677,0.395,0.733,0.382,0.613,0.685,0.377,0.382,0.387,0.607,0.61,0.388,0.439
0.466,0.456,0.355,0.722,0.443,0.426,0.414,0.716,0.428,0.688,0.41,1.0,0.417,0.73,0.854,0.42,0.449,0.417,0.426,0.411,0.41,0.417,0.428,0.439,0.434,0.446,0.405,0.714,0.481,0.433,0.69,0.434,0.0,0.416,0.407,0.615,0.412,0.432,0.68,0.413,0.715,0.422,0.419,0.723,0.72,0.45,0.424,0.423,0.657,0.481
0.464,0.607,0.347,0.397,0.697,0.609,0.492,0.401,0.449,0.409,0.738,0.417,1.0,0.396,0.403,0.509,0.595,0.696,0.699,0.491,0.701,0.757,0.746,0.629,0.602,0.615,0.733,0.398,0.436,0.466,0.377,0.699,0.0,0.746,0.606,0.395,0.492,0.727,0.382,0.763,0.385,0.607,0.735,0.383,0.386,0.396,0.615,0.616,0.387,0.444
0.426,0.415,0.343,0.759,0.414,0.408,0.391,0.706,0.426,0.72,0.39,0.73,0.396,1.0,0.766,0.4,0.417,0.401,0.404,0.391,0.379,0.404,0.41,0.402,0.414,0.425,0.392,0.744,0.485,0.415,0.713,0.419,0.0,0.391,0.381,0.629,0.391,0.41,0.678,0.391,0.727,0.399,0.401,0.723,0.714,0.432,0.393,0.392,0.68,0.48
0.434,0.431,0.347,0.759,0.44,0.421,0.401,0.692,0.428,0.696,0.405,0.854,0.403,0.766,1.0,0.41,0.44,0.403,0.411,0.399,0.39,0.408,0.423,0.414,0.422,0.434,0.4,0.718,0.477,0.42,0.706,0.425,0.0,0.407,0.398,0.611,0.401,0.416,0.675,0.4,0.717,0.415,0.413,0.704,0.697,0.435,0.416,0.415,0.674,0.486
0.463,0.511,0.346,0.412,0.516,0.516,0.951,0.401,0.461,0.405,0.496,0.42,0.509,0.4,0.41,1.0,0.527,0.55,0.553,0.951,0.543,0.553,0.566,0.514,0.502,0.511,0.514,0.389,0.436,0.45,0.397,0.519,0.0,0.521,0.502,0.428,0.952,0.508,0.405,0.513,0.401,0.509,0.517,0.387,0.388,0.391,0.491,0.49,0.397,0.445
0.482,0.707,0.365,0.428,0.631,0.683,0.519,0.425,0.456,0.432,0.595,0.449,0.595,0.417,0.44,0.527,1.0,0.591,0.582,0.516,0.587,0.616,0.6,0.717,0.711,0.733,0.598,0.427,0.474,0.462,0.4,0.636,0.0,0.615,0.673,0.416,0.519,0.61,0.422,0.597,0.407,0.68,0.609,0.423,0.432,0.409,0.674,0.676,0.415,0.471
0.476,0.598,0.348,0.399,0.662,0.6,0.549,0.4,0.441,0.397,0.654,0.417,0.696,0.401,0.403,0.55,0.591,1.0,0.743,0.545,0.728,0.733,0.741,0.596,0.582,0.588,0.694,0.39,0.45,0.453,0.381,0.68,0.0,0.698,0.573,0.417,0.547,0.675,0.4,0.687,0.384,0.595,0.683,0.385,0.383,0.404,0.595,0.594,0.385,0.454
0.472,0.598,0.346,0.404,0.658,0.584,0.541,0.401,0.444,0.4,0.65,0.426,0.699,0.404,0.411,0.553,0.582,0.743,1.0,0.536,0.728,0.737,0.734,0.587,0.575,0.589,0.705,0.396,0.436,0.447,0.378,0.695,0.0,0.7,0.574,0.424,0.539,0.69,0.4,0.688,0.388,0.604,0.699,0.388,0.391,0.392,0.585,0.586,0.386,0.444
0.443,0.491,0.332,0.403,0.498,0.506,0.988,0.389,0.446,0.388,0.476,0.411,0.491,0.391,0.399,0.951,0.516,0.545,0.536,1.0,0.542,0.535,0.554,0.498,0.499,0.506,0.505,0.379,0.423,0.437,0.399,0.511,0.0,0.505,0.49,0.418,0.991,0.492,0.397,0.497,0.393,0.496,0.501,0.384,0.386,0.394,0.48,0.479,0.385,0.434
0.454,0.576,0.34,0.383,0.653,0.565,0.546,0.385,0.428,0.383,0.651,0.41,0.701,0.379,0.39,0.543,0.587,0.728,0.728,0.542,1.0,0.724,0.745,0.577,0.561,0.581,0.705,0.38,0.428,0.44,0.365,0.697,0.0,0.711,0.566,0.409,0.541,0.68,0.396,0.687,0.376,0.578,0.692,0.379,0.376,0.4,0.587,0.585,0.368,0.436
0.471,0.606,0.357,0.409,0.687,0.599,0.539,0.4,0.463,0.408,0.671,0.417,0.757,0.404,0.408,0.553,0.616,0.733,0.737,0.535,0.724,1.0,0.915,0.599,0.592,0.593,0.736,0.399,0.444,0.453,0.383,0.719,0.0,0.86,0.576,0.406,0.535,0.721,0.401,0.721,0.39,0.595,0.738,0.383,0.382,0.399,0.596,0.596,0.398,0.448
0.478,0.603,0.359,0.416,0.688,0.591,0.559,0.408,0.457,0.401,0.661,0.428,0.746,0.41,0.423,0.566,0.6,0.741,0.734,0.554,0.745,0.915,1.0,0.595,0.586,0.587,0.736,0.396,0.454,0.446,0.389,0.723,0.0,0.85,0.569,0.418,0.555,0.717,0.407,0.708,0.401,0.592,0.723,0.391,0.388,0.401,0.587,0.587,0.395,0.444
0.474,0.797,0.361,0.41,0.623,0.794,0.499,0.418,0.45,0.416,0.632,0.439,0.629,0.402,0.414,0.514,0.717,0.596,0.587,0.498,0.577,0.599,0.595,1.0,0.812,0.73,0.604,0.403,0.459,0.485,0.388,0.599,0.0,0.604,0.81,0.396,0.498,0.605,0.395,0.618,0.403,0.683,0.602,0.394,0.399,0.407,0.685,0.688,0.389,0.462
0.456,0.806,0.352,0.418,0.629,0.813,0.497,0.411,0.447,0.414,0.591,0.434,0.602,0.414,0.422,0.502,0.711,0.582,0.575,0.499,0.561,0.592,0.586,0.812,1.0,0.728,0.589,0.414,0.46,0.458,0.389,0.621,0.0,0.583,0.796,0.385,0.501,0.604,0.399,0.594,0.399,0.67,0.6,0.413,0.41,0.413,0.683,0.683,0.412,0.45
0.471,0.701,0.351,0.426,0.619,0.694,0.506,0.419,0.461,0.435,0.63,0.446,0.615,0.425,0.434,0.511,0.733,0.588,0.589,0.506,0.581,0.593,0.587,0.73,0.728,1.0,0.598,0.421,0.464,0.479,0.404,0.601,0.0,0.582,0.701,0.406,0.507,0.605,0.422,0.622,0.407,0.656,0.594,0.419,0.417,0.409,0.68,0.683,0.42,0.465
0.467,0.604,0.35,0.393,0.68,0.584,0.506,0.382,0.457,0.397,0.681,0.405,0.733,0.392,0.4,0.514,0.598,0.694,0.705,0.505,0.705,0.736,0.736,0.604,0.589,0.598,1.0,0.384,0.446,0.46,0.379,0.721,0.0,0.725,0.572,0.385,0.505,0.831,0.378,0.737,0.384,0.605,0.84,0.379,0.37,0.393,0.6,0.6,0.378,0.445
0.427,0.421,0.347,0.757,0.422,0.408,0.38,0.907,0.425,0.718,0.393,0.714,0.398,0.744,0.718,0.389,0.427,0.39,0.396,0.379,0.38,0.399,0.396,0.403,0.414,0.421,0.384,1.0,0.468,0.416,0.695,0.418,0.0,0.392,0.38,0.619,0.381,0.418,0.667,0.395,0.715,0.395,0.399,0.955,0.925,0.421,0.397,0.396,0.688,0.471
0.518,0.476,0.385,0.471,0.474,0.47,0.423,0.467,0.508,0.47,0.429,0.481,0.436,0.485,0.477,0.436,0.474,0.45,0.436,0.423,0.428,0.444,0.454,0.459,0.46,0.464,0.446,0.468,1.0,0.504,0.448,0.465,0.0,0.45,0.442,0.455,0.425,0.457,0.453,0.442,0.455,0.455,0.45,0.451,0.449,0.555,0.454,0.453,0.454,0.836
0.567,0.469,0.395,0.42,0.478,0.467,0.437,0.408,0.596,0.437,0.475,0.433,0.466,0.415,0.42,0.45,0.462,0.453,0.447,0.437,0.44,0.453,0.446,0.485,0.458,0.479,0.46,0.416,0.504,1.0,0.393,0.46,0.0,0.445,0.451,0.412,0.437,0.465,0.408,0.491,0.406,0.466,0.466,0.398,0.396,0.445,0.476,0.476,0.412,0.525
0.4,0.398,0.323,0.711,0.394,0.388,0.4,0.692,0.41,0.722,0.37,0.69,0.377,0.713,0.706,0.397,0.4,0.381,0.378,0.399,0.365,0.383,0.389,0.388,0.389,0.404,0.379,0.695,0.448,0.393,1.0,0.387,0.0,0.373,0.371,0.614,0.4,0.386,0.655,0.377,0.9,0.381,0.378,0.698,0.697,0.438,0.379,0.378,0.641,0.445
0.476,0.621,0.367,0.417,0.698,0.599,0.512,0.411,0.447,0.405,0.671,0.434,0.699,0.419,0.425,0.519,0.636,0.68,0.695,0.511,0.697,0.719,0.723,0.599,0.621,0.601,0.721,0.418,0.465,0.46,0.387,1.0,0.0,0.704,0.567,0.391,0.511,0.73,0.4,0.722,0.388,0.6,0.738,0.406,0.402,0.406,0.609,0.608,0.398,0.453
0.0,0.0,0.0,0.0,0.0,0.0,0.0,0.0,0.0,0.0,0.0,0.0,0.0,0.0,0.0,0.0,0.0,0.0,0.0,0.0,0.0,0.0,0.0,0.0,0.0,0.0,0.0,0.0,0.0,0.0,0.0,0.0,1.0,0.0,0.0,0.0,0.0,0.0,0.0,0.0,0.0,0.0,0.0,0.0,0.0,0.0,0.0,0.0,0.0,0.0
0.474,0.606,0.362,0.401,0.69,0.597,0.509,0.395,0.451,0.398,0.66,0.416,0.746,0.391,0.407,0.521,0.615,0.698,0.7,0.505,0.711,0.86,0.85,0.604,0.583,0.582,0.725,0.392,0.45,0.445,0.373,0.704,0.0,1.0,0.571,0.412,0.509,0.71,0.402,0.708,0.38,0.595,0.725,0.38,0.381,0.382,0.593,0.593,0.383,0.442
0.443,0.758,0.334,0.393,0.597,0.783,0.493,0.384,0.427,0.39,0.618,0.407,0.606,0.381,0.398,0.502,0.673,0.573,0.574,0.49,0.566,0.576,0.569,0.81,0.796,0.701,0.572,0.38,0.442,0.451,0.371,0.567,0.0,0.571,1.0,0.383,0.491,0.57,0.38,0.595,0.374,0.653,0.587,0.37,0.37,0.383,0.657,0.658,0.37,0.435
0.426,0.394,0.338,0.627,0.399,0.397,0.419,0.619,0.415,0.625,0.393,0.615,0.395,0.629,0.611,0.428,0.416,0.417,0.424,0.418,0.409,0.406,0.418,0.396,0.385,0.406,0.385,0.619,0.455,0.412,0.614,0.391,0.0,0.412,0.383,1.0,0.42,0.389,0.656,0.395,0.63,0.405,0.394,0.621,0.623,0.429,0.389,0.388,0.603,0.463
0.446,0.495,0.333,0.405,0.501,0.508,0.988,0.391,0.448,0.391,0.477,0.412,0.492,0.391,0.401,0.952,0.519,0.547,0.539,0.991,0.541,0.535,0.555,0.498,0.501,0.507,0.505,0.381,0.425,0.437,0.4,0.511,0.0,0.509,0.491,0.42,1.0,0.494,0.4,0.497,0.396,0.498,0.502,0.387,0.389,0.393,0.48,0.479,0.387,0.434
0.493,0.64,0.359,0.409,0.702,0.603,0.493,0.423,0.455,0.407,0.677,0.432,0.727,0.41,0.416,0.508,0.61,0.675,0.69,0.492,0.68,0.721,0.717,0.605,0.604,0.605,0.831,0.418,0.457,0.465,0.386,0.73,0.0,0.71,0.57,0.389,0.494,1.0,0.392,0.728,0.397,0.61,0.861,0.405,0.389,0.41,0.616,0.617,0.396,0.459
0.415,0.408,0.332,0.669,0.413,0.406,0.4,0.672,0.405,0.665,0.395,0.68,0.382,0.678,0.675,0.405,0.422,0.4,0.4,0.397,0.396,0.401,0.407,0.395,0.399,0.422,0.378,0.667,0.453,0.408,0.655,0.4,0.0,0.402,0.38,0.656,0.4,0.392,1.0,0.397,0.669,0.398,0.388,0.676,0.687,0.423,0.387,0.386,0.64,0.454
0.476,0.597,0.354,0.393,0.695,0.601,0.497,0.402,0.455,0.405,0.733,0.413,0.763,0.391,0.4,0.513,0.597,0.687,0.688,0.497,0.687,0.721,0.708,0.618,0.594,0.622,0.737,0.395,0.442,0.491,0.377,0.722,0.0,0.708,0.595,0.395,0.497,0.728,0.397,1.0,0.383,0.602,0.736,0.384,0.387,0.391,0.618,0.618,0.387,0.446
0.417,0.412,0.336,0.727,0.407,0.398,0.394,0.7,0.413,0.728,0.382,0.715,0.385,0.727,0.717,0.401,0.407,0.384,0.388,0.393,0.376,0.39,0.401,0.403,0.399,0.407,0.384,0.715,0.455,0.406,0.9,0.388,0.0,0.38,0.374,0.63,0.396,0.397,0.669,0.383,1.0,0.398,0.385,0.719,0.721,0.436,0.388,0.387,0.649,0.451
0.481,0.681,0.36,0.409,0.647,0.654,0.497,0.399,0.46,0.41,0.613,0.422,0.607,0.399,0.415,0.509,0.68,0.595,0.604,0.496,0.578,0.595,0.592,0.683,0.67,0.656,0.605,0.395,0.455,0.466,0.381,0.6,0.0,0.595,0.653,0.405,0.498,0.61,0.398,0.602,0.398,1.0,0.628,0.384,0.386,0.401,0.705,0.708,0.4,0.45
0.475,0.609,0.36,0.405,0.702,0.598,0.501,0.402,0.462,0.4,0.685,0.419,0.735,0.401,0.413,0.517,0.609,0.683,0.699,0.501,0.692,0.738,0.723,0.602,0.6,0.594,0.84,0.399,0.45,0.466,0.378,0.738,0.0,0.725,0.587,0.394,0.502,0.861,0.388,0.736,0.385,0.628,1.0,0.385,0.38,0.398,0.615,0.615,0.387,0.451
0.413,0.418,0.335,0.73,0.409,0.399,0.386,0.903,0.409,0.69,0.377,0.723,0.383,0.723,0.704,0.387,0.423,0.385,0.388,0.384,0.379,0.383,0.391,0.394,0.413,0.419,0.379,0.955,0.451,0.398,0.698,0.406,0.0,0.38,0.37,0.621,0.387,0.405,0.676,0.384,0.719,0.384,0.385,1.0,0.95,0.424,0.384,0.383,0.673,0.452
0.43,0.421,0.333,0.718,0.41,0.4,0.388,0.876,0.408,0.698,0.382,0.72,0.386,0.714,0.697,0.388,0.432,0.383,0.391,0.386,0.376,0.382,0.388,0.399,0.41,0.417,0.37,0.925,0.449,0.396,0.697,0.402,0.0,0.381,0.37,0.623,0.389,0.389,0.687,0.387,0.721,0.386,0.38,0.95,1.0,0.418,0.389,0.388,0.664,0.446
0.449,0.429,0.345,0.441,0.409,0.408,0.394,0.428,0.449,0.428,0.387,0.45,0.396,0.432,0.435,0.391,0.409,0.404,0.392,0.394,0.4,0.399,0.401,0.407,0.413,0.409,0.393,0.421,0.555,0.445,0.438,0.406,0.0,0.382,0.383,0.429,0.393,0.41,0.423,0.391,0.436,0.401,0.398,0.424,0.418,1.0,0.42,0.418,0.419,0.606
0.476,0.675,0.355,0.403,0.639,0.676,0.48,0.391,0.452,0.404,0.607,0.424,0.615,0.393,0.416,0.491,0.674,0.595,0.585,0.48,0.587,0.596,0.587,0.685,0.683,0.68,0.6,0.397,0.454,0.476,0.379,0.609,0.0,0.593,0.657,0.389,0.48,0.616,0.387,0.618,0.388,0.705,0.615,0.384,0.389,0.42,1.0,0.995,0.395,0.459
0.476,0.677,0.355,0.402,0.642,0.678,0.479,0.39,0.451,0.403,0.61,0.423,0.616,0.392,0.415,0.49,0.676,0.594,0.586,0.479,0.585,0.596,0.587,0.688,0.683,0.683,0.6,0.396,0.453,0.476,0.378,0.608,0.0,0.593,0.658,0.388,0.479,0.617,0.386,0.618,0.387,0.708,0.615,0.383,0.388,0.418,0.995,1.0,0.394,0.459
0.416,0.416,0.338,0.677,0.422,0.401,0.386,0.659,0.406,0.675,0.388,0.657,0.387,0.68,0.674,0.397,0.415,0.385,0.386,0.385,0.368,0.398,0.395,0.389,0.412,0.42,0.378,0.688,0.454,0.412,0.641,0.398,0.0,0.383,0.37,0.603,0.387,0.396,0.64,0.387,0.649,0.4,0.387,0.673,0.664,0.419,0.395,0.394,1.0,0.459
0.529,0.468,0.387,0.481,0.456,0.464,0.434,0.463,0.518,0.47,0.439,0.481,0.444,0.48,0.486,0.445,0.471,0.454,0.444,0.434,0.436,0.448,0.444,0.462,0.45,0.465,0.445,0.471,0.836,0.525,0.445,0.453,0.0,0.442,0.435,0.463,0.434,0.459,0.454,0.446,0.451,0.45,0.451,0.452,0.446,0.606,0.459,0.459,0.459,1.0
