GCF_000163235.1_ASM16323v1_genomic.fna,GCF_000164555.1_ASM16455v1_genomic.fna,GCF_000208545.1_ASM20854v2_genomic.fna,GCF_000233875.1_ASM23387v1_genomic.fna,GCF_000249735.1_ASM24973v2_genomic.fna,GCF_000261145.1_Esch_coli_M919_V2_genomic.fna,GCF_000267705.2_ASM26770v2_genomic.fna,GCF_000350665.1_Esch_coli_KTE5_V1_genomic.fna,GCF_000351625.1_Esch_coli_KTE66_V1_genomic.fna,GCF_000352285.1_Esch_coli_KTE46_V1_genomic.fna,GCF_000358895.1_ASM35889v1_genomic.fna,GCF_000456385.1_Esch_coli_HVH_26_4-5703913_V1_genomic.fna,GCF_000458195.1_Esch_coli_HVH_147_4-5893887_V1_genomic.fna,GCF_000459755.1_Esch_coli_KOEGE_58_171a_V1_genomic.fna,GCF_000460055.1_Esch_coli_UMEA_3053-1_V1_genomic.fna,GCF_000462165.2_ASM46216v2_genomic.fna,GCF_000601135.1_ASM60113v1_genomic.fna,GCF_000614595.1_Ec2010EL1058_genomic.fna,GCF_000617745.1_Ec2010C-4529_genomic.fna,GCF_000618265.2_EcF6751_genomic.fna,GCF_000619005.2_Ec2009C-4052_genomic.fna,GCF_000619105.1_Ec2009C-4780_genomic.fna,GCF_000619765.2_Ec2009C-3279_genomic.fna,GCF_000687005.1_ASM68700v1_genomic.fna,GCF_000687025.1_ASM68702v1_genomic.fna,GCF_000700125.1_ASM70012v1_genomic.fna,GCF_000753315.1_FHI35_genomic.fna,GCF_000776375.1_ASM77637v1_genomic.fna,GCF_000779395.1_ASM77939v1_genomic.fna,GCF_000780315.1_ASM78031v1_genomic.fna,GCF_000781995.1_ASM78199v1_genomic.fna,GCF_000986765.1_ASM98676v1_genomic.fna,GCF_001041375.1_ViralProj287958_genomic.fna,GCF_001265335.1_302014_genomic.fna,GCF_001265625.1_100854_genomic.fna,GCF_001267345.1_303289_genomic.fna,GCF_001309985.1_ASM130998v1_genomic.fna,GCF_001521695.1_ASM152169v1_genomic.fna,GCF_001592595.1_ASM159259v1_genomic.fna,GCF_001614975.1_ASM161497v1_genomic.fna,GCF_001692775.1_ASM169277v1_genomic.fna,GCF_001748915.1_ASM174891v1_genomic.fna,GCF_001749235.1_ASM174923v1_genomic.fna,GCF_001881155.1_ASM188115v1_genomic.fna,GCF_001881345.1_ASM188134v1_genomic.fna,GCF_001892405.1_ASM189240v1_genomic.fna,GCF_001892585.1_ASM189258v1_genomic.fna,GCF_001893985.1_ASM189398v1_genomic.fna,GCF_002001595.1_ASM200159v1_genomic.fna,GCF_002002145.1_ASM200214v1_genomic.fna
1.0,0.468,0.415,0.454,0.449,0.442,0.436,0.456,0.577,0.473,0.45,0.458,0.467,0.439,0.432,0.441,0.444,0.443,0.451,0.429,0.434,0.442,0.451,0.468,0.449,0.455,0.442,0.459,0.517,0.555,0.408,0.444,0.0,0.447,0.435,0.439,0.43,0.472,0.434,0.472,0.419,0.43,0.453,0.443,0.459,0.473,0.443,0.443,0.425,0.516
0.468,1.0,0.366,0.414,0.638,0.805,0.513,0.434,0.433,0.42,0.59,0.436,0.626,0.409,0.411,0.513,0.716,0.622,0.61,0.509,0.604,0.624,0.627,0.809,0.823,0.713,0.597,0.414,0.457,0.44,0.391,0.638,0.0,0.618,0.747,0.398,0.509,0.623,0.408,0.617,0.398,0.704,0.616,0.432,0.442,0.427,0.702,0.703,0.404,0.453
0.415,0.366,1.0,0.339,0.351,0.344,0.328,0.352,0.373,0.338,0.345,0.321,0.368,0.33,0.33,0.335,0.348,0.346,0.339,0.325,0.342,0.345,0.35,0.364,0.348,0.343,0.345,0.348,0.381,0.399,0.309,0.351,0.0,0.349,0.321,0.345,0.327,0.363,0.335,0.365,0.319,0.345,0.363,0.341,0.34,0.348,0.365,0.365,0.332,0.377
0.454,0.414,0.339,1.0,0.402,0.397,0.379,0.694,0.426,0.742,0.393,0.718,0.418,0.774,0.771,0.378,0.407,0.403,0.399,0.375,0.394,0.402,0.413,0.413,0.409,0.417,0.381,0.751,0.479,0.415,0.721,0.408,0.0,0.405,0.388,0.632,0.376,0.411,0.675,0.403,0.735,0.404,0.39,0.727,0.713,0.455,0.405,0.405,0.66,0.476
0.449,0.638,0.351,0.402,1.0,0.647,0.504,0.429,0.446,0.411,0.739,0.415,0.696,0.405,0.397,0.516,0.635,0.661,0.659,0.5,0.673,0.679,0.69,0.641,0.653,0.634,0.662,0.407,0.465,0.429,0.383,0.684,0.0,0.686,0.605,0.402,0.502,0.682,0.417,0.687,0.395,0.632,0.682,0.414,0.426,0.425,0.662,0.663,0.396,0.45
0.442,0.805,0.344,0.397,0.647,1.0,0.523,0.434,0.428,0.397,0.591,0.409,0.63,0.398,0.393,0.525,0.711,0.638,0.626,0.516,0.614,0.63,0.642,0.799,0.821,0.701,0.604,0.4,0.464,0.437,0.381,0.641,0.0,0.63,0.751,0.405,0.515,0.634,0.421,0.623,0.391,0.704,0.623,0.411,0.417,0.414,0.707,0.708,0.385,0.442
0.436,0.513,0.328,0.379,0.504,0.523,1.0,0.407,0.441,0.372,0.486,0.393,0.498,0.378,0.38,0.957,0.516,0.552,0.537,0.981,0.53,0.538,0.545,0.521,0.517,0.496,0.485,0.377,0.429,0.425,0.357,0.508,0.0,0.51,0.482,0.393,0.98,0.484,0.403,0.499,0.359,0.522,0.498,0.385,0.389,0.408,0.511,0.511,0.358,0.431
0.456,0.434,0.352,0.694,0.429,0.434,0.407,1.0,0.43,0.699,0.399,0.704,0.418,0.703,0.689,0.407,0.426,0.426,0.429,0.402,0.409,0.424,0.429,0.422,0.43,0.412,0.395,0.881,0.492,0.425,0.691,0.421,0.0,0.422,0.375,0.621,0.402,0.441,0.677,0.415,0.691,0.418,0.413,0.897,0.888,0.467,0.422,0.422,0.627,0.478
0.577,0.433,0.373,0.426,0.446,0.428,0.441,0.43,1.0,0.43,0.442,0.426,0.462,0.426,0.432,0.442,0.434,0.439,0.44,0.437,0.433,0.442,0.442,0.446,0.428,0.436,0.454,0.431,0.5,0.58,0.398,0.438,0.0,0.447,0.404,0.428,0.44,0.46,0.414,0.46,0.397,0.424,0.459,0.421,0.415,0.455,0.438,0.438,0.4,0.507
0.473,0.42,0.338,0.742,0.411,0.397,0.372,0.699,0.43,1.0,0.402,0.699,0.417,0.724,0.718,0.379,0.405,0.392,0.396,0.368,0.388,0.397,0.396,0.417,0.398,0.431,0.381,0.729,0.479,0.423,0.703,0.385,0.0,0.397,0.376,0.643,0.369,0.408,0.684,0.407,0.709,0.401,0.381,0.709,0.711,0.442,0.401,0.401,0.677,0.472
0.45,0.59,0.345,0.393,0.739,0.591,0.486,0.399,0.442,0.402,1.0,0.386,0.722,0.394,0.384,0.495,0.587,0.654,0.651,0.481,0.643,0.68,0.673,0.636,0.594,0.614,0.675,0.408,0.44,0.431,0.361,0.657,0.0,0.666,0.63,0.391,0.483,0.676,0.392,0.716,0.367,0.602,0.669,0.389,0.385,0.392,0.598,0.599,0.388,0.44
0.458,0.436,0.321,0.718,0.415,0.409,0.393,0.704,0.426,0.699,0.386,1.0,0.403,0.731,0.833,0.394,0.417,0.401,0.401,0.389,0.416,0.405,0.413,0.413,0.421,0.414,0.382,0.696,0.48,0.413,0.683,0.4,0.0,0.41,0.382,0.601,0.388,0.407,0.679,0.396,0.707,0.408,0.398,0.71,0.708,0.452,0.418,0.418,0.632,0.48
0.467,0.626,0.368,0.418,0.696,0.63,0.498,0.418,0.462,0.417,0.722,0.403,1.0,0.402,0.404,0.503,0.62,0.7,0.708,0.492,0.698,0.761,0.757,0.665,0.63,0.647,0.737,0.426,0.458,0.46,0.379,0.713,0.0,0.754,0.616,0.406,0.494,0.736,0.41,0.766,0.38,0.628,0.727,0.406,0.403,0.413,0.64,0.641,0.397,0.457
0.439,0.409,0.33,0.774,0.405,0.398,0.378,0.703,0.426,0.724,0.394,0.731,0.402,1.0,0.78,0.377,0.401,0.394,0.406,0.374,0.382,0.397,0.396,0.411,0.399,0.412,0.387,0.743,0.483,0.41,0.716,0.392,0.0,0.395,0.378,0.637,0.375,0.41,0.685,0.397,0.731,0.4,0.383,0.722,0.71,0.46,0.401,0.401,0.665,0.478
0.432,0.411,0.33,0.771,0.397,0.393,0.38,0.689,0.432,0.718,0.384,0.833,0.404,0.78,1.0,0.375,0.4,0.397,0.399,0.375,0.392,0.403,0.403,0.401,0.395,0.409,0.387,0.724,0.485,0.417,0.709,0.394,0.0,0.402,0.369,0.627,0.377,0.41,0.683,0.397,0.721,0.4,0.394,0.711,0.697,0.452,0.412,0.412,0.664,0.49
0.441,0.513,0.335,0.378,0.516,0.525,0.957,0.407,0.442,0.379,0.495,0.394,0.503,0.377,0.375,1.0,0.524,0.546,0.541,0.956,0.524,0.538,0.548,0.519,0.518,0.502,0.481,0.379,0.43,0.43,0.355,0.505,0.0,0.506,0.48,0.393,0.957,0.491,0.401,0.505,0.362,0.526,0.497,0.386,0.393,0.408,0.515,0.515,0.366,0.431
0.444,0.716,0.348,0.407,0.635,0.711,0.516,0.426,0.434,0.405,0.587,0.417,0.62,0.401,0.4,0.524,1.0,0.628,0.605,0.509,0.601,0.631,0.636,0.733,0.725,0.744,0.593,0.408,0.455,0.427,0.383,0.644,0.0,0.628,0.667,0.406,0.51,0.605,0.422,0.608,0.39,0.684,0.608,0.423,0.429,0.413,0.687,0.688,0.389,0.439
0.443,0.622,0.346,0.403,0.661,0.638,0.552,0.426,0.439,0.392,0.654,0.401,0.7,0.394,0.397,0.546,0.628,1.0,0.739,0.547,0.724,0.738,0.737,0.646,0.629,0.623,0.689,0.404,0.443,0.442,0.385,0.696,0.0,0.692,0.59,0.411,0.544,0.666,0.415,0.701,0.388,0.63,0.677,0.414,0.408,0.405,0.636,0.637,0.372,0.44
0.451,0.61,0.339,0.399,0.659,0.626,0.537,0.429,0.44,0.396,0.651,0.401,0.708,0.406,0.399,0.541,0.605,0.739,1.0,0.532,0.701,0.735,0.726,0.639,0.625,0.607,0.69,0.411,0.438,0.434,0.378,0.692,0.0,0.687,0.598,0.412,0.531,0.676,0.423,0.699,0.382,0.606,0.679,0.413,0.412,0.406,0.619,0.62,0.385,0.442
0.429,0.509,0.325,0.375,0.5,0.516,0.981,0.402,0.437,0.368,0.481,0.389,0.492,0.374,0.375,0.956,0.509,0.547,0.532,1.0,0.524,0.532,0.539,0.513,0.512,0.489,0.478,0.373,0.424,0.42,0.353,0.502,0.0,0.502,0.475,0.389,0.989,0.478,0.396,0.494,0.355,0.515,0.492,0.38,0.385,0.408,0.505,0.505,0.354,0.427
0.434,0.604,0.342,0.394,0.673,0.614,0.53,0.409,0.433,0.388,0.643,0.416,0.698,0.382,0.392,0.524,0.601,0.724,0.701,0.524,1.0,0.731,0.749,0.62,0.616,0.607,0.686,0.396,0.427,0.425,0.372,0.688,0.0,0.708,0.588,0.393,0.523,0.685,0.417,0.691,0.383,0.607,0.684,0.405,0.401,0.411,0.632,0.633,0.372,0.437
0.442,0.624,0.345,0.402,0.679,0.63,0.538,0.424,0.442,0.397,0.68,0.405,0.761,0.397,0.403,0.538,0.631,0.738,0.735,0.532,0.731,1.0,0.927,0.649,0.638,0.622,0.717,0.411,0.439,0.438,0.376,0.715,0.0,0.863,0.603,0.398,0.533,0.709,0.415,0.726,0.38,0.629,0.731,0.412,0.408,0.412,0.634,0.635,0.387,0.446
0.451,0.627,0.35,0.413,0.69,0.642,0.545,0.429,0.442,0.396,0.673,0.413,0.757,0.396,0.403,0.548,0.636,0.737,0.726,0.539,0.749,0.927,1.0,0.652,0.648,0.628,0.719,0.412,0.446,0.437,0.382,0.727,0.0,0.851,0.605,0.397,0.54,0.713,0.418,0.719,0.386,0.634,0.721,0.418,0.415,0.414,0.638,0.639,0.386,0.444
0.468,0.809,0.364,0.413,0.641,0.799,0.521,0.422,0.446,0.417,0.636,0.413,0.665,0.411,0.401,0.519,0.733,0.646,0.639,0.513,0.62,0.649,0.652,1.0,0.826,0.756,0.633,0.413,0.466,0.461,0.376,0.64,0.0,0.644,0.801,0.406,0.512,0.634,0.402,0.654,0.385,0.715,0.634,0.405,0.406,0.396,0.697,0.698,0.4,0.461
0.449,0.823,0.348,0.409,0.653,0.821,0.517,0.43,0.428,0.398,0.594,0.421,0.63,0.399,0.395,0.518,0.725,0.629,0.625,0.512,0.616,0.638,0.648,0.826,1.0,0.737,0.61,0.406,0.448,0.429,0.382,0.665,0.0,0.625,0.772,0.395,0.515,0.623,0.414,0.622,0.388,0.702,0.628,0.424,0.421,0.406,0.701,0.7,0.397,0.438
0.455,0.713,0.343,0.417,0.634,0.701,0.496,0.412,0.436,0.431,0.614,0.414,0.647,0.412,0.409,0.502,0.744,0.623,0.607,0.489,0.607,0.622,0.628,0.756,0.737,1.0,0.612,0.417,0.448,0.441,0.379,0.625,0.0,0.621,0.704,0.402,0.491,0.63,0.403,0.643,0.385,0.685,0.61,0.415,0.411,0.4,0.687,0.688,0.416,0.445
0.442,0.597,0.345,0.381,0.662,0.604,0.485,0.395,0.454,0.381,0.675,0.382,0.737,0.387,0.387,0.481,0.593,0.689,0.69,0.478,0.686,0.717,0.719,0.633,0.61,0.612,1.0,0.391,0.441,0.444,0.357,0.716,0.0,0.714,0.589,0.381,0.48,0.81,0.377,0.745,0.362,0.603,0.813,0.388,0.384,0.392,0.603,0.604,0.364,0.434
0.459,0.414,0.348,0.751,0.407,0.4,0.377,0.881,0.431,0.729,0.408,0.696,0.426,0.743,0.724,0.379,0.408,0.404,0.411,0.373,0.396,0.411,0.412,0.413,0.406,0.417,0.391,1.0,0.486,0.423,0.688,0.409,0.0,0.412,0.377,0.622,0.374,0.429,0.662,0.415,0.7,0.396,0.399,0.944,0.912,0.442,0.403,0.403,0.658,0.467
0.517,0.457,0.381,0.479,0.465,0.464,0.429,0.492,0.5,0.479,0.44,0.48,0.458,0.483,0.485,0.43,0.455,0.443,0.438,0.424,0.427,0.439,0.446,0.466,0.448,0.448,0.441,0.486,1.0,0.502,0.447,0.452,0.0,0.445,0.429,0.461,0.423,0.459,0.469,0.451,0.446,0.439,0.439,0.479,0.471,0.561,0.437,0.436,0.455,0.836
0.555,0.44,0.399,0.415,0.429,0.437,0.425,0.425,0.58,0.423,0.431,0.413,0.46,0.41,0.417,0.43,0.427,0.442,0.434,0.42,0.425,0.438,0.437,0.461,0.429,0.441,0.444,0.423,0.502,1.0,0.387,0.431,0.0,0.434,0.418,0.408,0.421,0.446,0.391,0.468,0.395,0.433,0.443,0.414,0.408,0.479,0.429,0.43,0.402,0.522
0.408,0.391,0.309,0.721,0.383,0.381,0.357,0.691,0.398,0.703,0.361,0.683,0.379,0.716,0.709,0.355,0.383,0.385,0.378,0.353,0.372,0.376,0.382,0.376,0.382,0.379,0.357,0.688,0.447,0.387,1.0,0.38,0.0,0.38,0.344,0.603,0.353,0.364,0.663,0.363,0.885,0.39,0.36,0.703,0.694,0.445,0.385,0.385,0.616,0.444
0.444,0.638,0.351,0.408,0.684,0.641,0.508,0.421,0.438,0.385,0.657,0.4,0.713,0.392,0.394,0.505,0.644,0.696,0.692,0.502,0.688,0.715,0.727,0.64,0.665,0.625,0.716,0.409,0.452,0.431,0.38,1.0,0.0,0.707,0.591,0.395,0.503,0.734,0.416,0.723,0.374,0.63,0.737,0.414,0.407,0.409,0.634,0.635,0.384,0.443
0.0,0.0,0.0,0.0,0.0,0.0,0.0,0.0,0.0,0.0,0.0,0.0,0.0,0.0,0.0,0.0,0.0,0.0,0.0,0.0,0.0,0.0,0.0,0.0,0.0,0.0,0.0,0.0,0.0,0.0,0.0,0.0,1.0,0.0,0.0,0.0,0.0,0.0,0.0,0.0,0.0,0.0,0.0,0.0,0.0,0.0,0.0,0.0,0.0,0.0
0.447,0.618,0.349,0.405,0.686,0.63,0.51,0.422,0.447,0.397,0.666,0.41,0.754,0.395,0.402,0.506,0.628,0.692,0.687,0.502,0.708,0.863,0.851,0.644,0.625,0.621,0.714,0.412,0.445,0.434,0.38,0.707,0.0,1.0,0.6,0.399,0.503,0.707,0.425,0.716,0.38,0.626,0.721,0.411,0.41,0.409,0.631,0.632,0.378,0.446
0.435,0.747,0.321,0.388,0.605,0.751,0.482,0.375,0.404,0.376,0.63,0.382,0.616,0.378,0.369,0.48,0.667,0.59,0.598,0.475,0.588,0.603,0.605,0.801,0.772,0.704,0.589,0.377,0.429,0.418,0.344,0.591,0.0,0.6,1.0,0.366,0.476,0.597,0.377,0.615,0.348,0.66,0.594,0.365,0.366,0.381,0.655,0.654,0.366,0.426
0.439,0.398,0.345,0.632,0.402,0.405,0.393,0.621,0.428,0.643,0.391,0.601,0.406,0.637,0.627,0.393,0.406,0.411,0.412,0.389,0.393,0.398,0.397,0.406,0.395,0.402,0.381,0.622,0.461,0.408,0.603,0.395,0.0,0.399,0.366,1.0,0.386,0.386,0.635,0.398,0.613,0.397,0.386,0.617,0.609,0.423,0.395,0.395,0.595,0.458
0.43,0.509,0.327,0.376,0.502,0.515,0.98,0.402,0.44,0.369,0.483,0.388,0.494,0.375,0.377,0.957,0.51,0.544,0.531,0.989,0.523,0.533,0.54,0.512,0.515,0.491,0.48,0.374,0.423,0.421,0.353,0.503,0.0,0.503,0.476,0.386,1.0,0.482,0.394,0.495,0.355,0.517,0.495,0.381,0.386,0.406,0.507,0.507,0.355,0.425
0.472,0.623,0.363,0.411,0.682,0.634,0.484,0.441,0.46,0.408,0.676,0.407,0.736,0.41,0.41,0.491,0.605,0.666,0.676,0.478,0.685,0.709,0.713,0.634,0.623,0.63,0.81,0.429,0.459,0.446,0.364,0.734,0.0,0.707,0.597,0.386,0.482,1.0,0.408,0.746,0.372,0.603,0.85,0.415,0.407,0.401,0.627,0.628,0.4,0.452
0.434,0.408,0.335,0.675,0.417,0.421,0.403,0.677,0.414,0.684,0.392,0.679,0.41,0.685,0.683,0.401,0.422,0.415,0.423,0.396,0.417,0.415,0.418,0.402,0.414,0.403,0.377,0.662,0.469,0.391,0.663,0.416,0.0,0.425,0.377,0.635,0.394,0.408,1.0,0.401,0.669,0.412,0.408,0.675,0.672,0.449,0.406,0.406,0.621,0.46
0.472,0.617,0.365,0.403,0.687,0.623,0.499,0.415,0.46,0.407,0.716,0.396,0.766,0.397,0.397,0.505,0.608,0.701,0.699,0.494,0.691,0.726,0.719,0.654,0.622,0.643,0.745,0.415,0.451,0.468,0.363,0.723,0.0,0.716,0.615,0.398,0.495,0.746,0.401,1.0,0.369,0.617,0.744,0.397,0.402,0.415,0.633,0.634,0.385,0.461
0.419,0.398,0.319,0.735,0.395,0.391,0.359,0.691,0.397,0.709,0.367,0.707,0.38,0.731,0.721,0.362,0.39,0.388,0.382,0.355,0.383,0.38,0.386,0.385,0.388,0.385,0.362,0.7,0.446,0.395,0.885,0.374,0.0,0.38,0.348,0.613,0.355,0.372,0.669,0.369,1.0,0.398,0.364,0.718,0.712,0.449,0.392,0.392,0.621,0.451
0.43,0.704,0.345,0.404,0.632,0.704,0.522,0.418,0.424,0.401,0.602,0.408,0.628,0.4,0.4,0.526,0.684,0.63,0.606,0.515,0.607,0.629,0.634,0.715,0.702,0.685,0.603,0.396,0.439,0.433,0.39,0.63,0.0,0.626,0.66,0.397,0.517,0.603,0.412,0.617,0.398,1.0,0.627,0.404,0.41,0.406,0.734,0.735,0.382,0.433
0.453,0.616,0.363,0.39,0.682,0.623,0.498,0.413,0.459,0.381,0.669,0.398,0.727,0.383,0.394,0.497,0.608,0.677,0.679,0.492,0.684,0.731,0.721,0.634,0.628,0.61,0.813,0.399,0.439,0.443,0.36,0.737,0.0,0.721,0.594,0.386,0.495,0.85,0.408,0.744,0.364,0.627,1.0,0.398,0.395,0.406,0.626,0.627,0.374,0.44
0.443,0.432,0.341,0.727,0.414,0.411,0.385,0.897,0.421,0.709,0.389,0.71,0.406,0.722,0.711,0.386,0.423,0.414,0.413,0.38,0.405,0.412,0.418,0.405,0.424,0.415,0.388,0.944,0.479,0.414,0.703,0.414,0.0,0.411,0.365,0.617,0.381,0.415,0.675,0.397,0.718,0.404,0.398,1.0,0.951,0.454,0.409,0.409,0.639,0.464
0.459,0.442,0.34,0.713,0.426,0.417,0.389,0.888,0.415,0.711,0.385,0.708,0.403,0.71,0.697,0.393,0.429,0.408,0.412,0.385,0.401,0.408,0.415,0.406,0.421,0.411,0.384,0.912,0.471,0.408,0.694,0.407,0.0,0.41,0.366,0.609,0.386,0.407,0.672,0.402,0.712,0.41,0.395,0.951,1.0,0.457,0.418,0.418,0.623,0.457
0.473,0.427,0.348,0.455,0.425,0.414,0.408,0.467,0.455,0.442,0.392,0.452,0.413,0.46,0.452,0.408,0.413,0.405,0.406,0.408,0.411,0.412,0.414,0.396,0.406,0.4,0.392,0.442,0.561,0.479,0.445,0.409,0.0,0.409,0.381,0.423,0.406,0.401,0.449,0.415,0.449,0.406,0.406,0.454,0.457,1.0,0.437,0.437,0.426,0.61
0.443,0.702,0.365,0.405,0.662,0.707,0.511,0.422,0.438,0.401,0.598,0.418,0.64,0.401,0.412,0.515,0.687,0.636,0.619,0.505,0.632,0.634,0.638,0.697,0.701,0.687,0.603,0.403,0.437,0.429,0.385,0.634,0.0,0.631,0.655,0.395,0.507,0.627,0.406,0.633,0.392,0.734,0.626,0.409,0.418,0.437,1.0,0.997,0.386,0.445
0.443,0.703,0.365,0.405,0.663,0.708,0.511,0.422,0.438,0.401,0.599,0.418,0.641,0.401,0.412,0.515,0.688,0.637,0.62,0.505,0.633,0.635,0.639,0.698,0.7,0.688,0.604,0.403,0.436,0.43,0.385,0.635,0.0,0.632,0.654,0.395,0.507,0.628,0.406,0.634,0.392,0.735,0.627,0.409,0.418,0.437,0.997,1.0,0.386,0.444
0.425,0.404,0.332,0.66,0.396,0.385,0.358,0.627,0.4,0.677,0.388,0.632,0.397,0.665,0.664,0.366,0.389,0.372,0.385,0.354,0.372,0.387,0.386,0.4,0.397,0.416,0.364,0.658,0.455,0.402,0.616,0.384,0.0,0.378,0.366,0.595,0.355,0.4,0.621,0.385,0.621,0.382,0.374,0.639,0.623,0.426,0.386,0.386,1.0,0.45
0.516,0.453,0.377,0.476,0.45,0.442,0.431,0.478,0.507,0.472,0.44,0.48,0.457,0.478,0.49,0.431,0.439,0.44,0.442,0.427,0.437,0.446,0.444,0.461,0.438,0.445,0.434,0.467,0.836,0.522,0.444,0.443,0.0,0.446,0.426,0.458,0.425,0.452,0.46,0.461,0.451,0.433,0.44,0.464,0.457,0.61,0.445,0.444,0.45,1.0
