GCF_000163235.1_ASM16323v1_genomic.fna,GCF_000164555.1_ASM16455v1_genomic.fna,GCF_000208545.1_ASM20854v2_genomic.fna,GCF_000233875.1_ASM23387v1_genomic.fna,GCF_000249735.1_ASM24973v2_genomic.fna,GCF_000261145.1_Esch_coli_M919_V2_genomic.fna,GCF_000267705.2_ASM26770v2_genomic.fna,GCF_000350665.1_Esch_coli_KTE5_V1_genomic.fna,GCF_000351625.1_Esch_coli_KTE66_V1_genomic.fna,GCF_000352285.1_Esch_coli_KTE46_V1_genomic.fna,GCF_000358895.1_ASM35889v1_genomic.fna,GCF_000456385.1_Esch_coli_HVH_26_4-5703913_V1_genomic.fna,GCF_000458195.1_Esch_coli_HVH_147_4-5893887_V1_genomic.fna,GCF_000459755.1_Esch_coli_KOEGE_58_171a_V1_genomic.fna,GCF_000460055.1_Esch_coli_UMEA_3053-1_V1_genomic.fna,GCF_000462165.2_ASM46216v2_genomic.fna,GCF_000601135.1_ASM60113v1_genomic.fna,GCF_000614595.1_Ec2010EL1058_genomic.fna,GCF_000617745.1_Ec2010C-4529_genomic.fna,GCF_000618265.2_EcF6751_genomic.fna,GCF_000619005.2_Ec2009C-4052_genomic.fna,GCF_000619105.1_Ec2009C-4780_genomic.fna,GCF_000619765.2_Ec2009C-3279_genomic.fna,GCF_000687005.1_ASM68700v1_genomic.fna,GCF_000687025.1_ASM68702v1_genomic.fna,GCF_000700125.1_ASM70012v1_genomic.fna,GCF_000753315.1_FHI35_genomic.fna,GCF_000776375.1_ASM77637v1_genomic.fna,GCF_000779395.1_ASM77939v1_genomic.fna,GCF_000780315.1_ASM78031v1_genomic.fna,GCF_000781995.1_ASM78199v1_genomic.fna,GCF_000986765.1_ASM98676v1_genomic.fna,GCF_001041375.1_ViralProj287958_genomic.fna,GCF_001265335.1_302014_genomic.fna,GCF_001265625.1_100854_genomic.fna,GCF_001267345.1_303289_genomic.fna,GCF_001309985.1_ASM130998v1_genomic.fna,GCF_001521695.1_ASM152169v1_genomic.fna,GCF_001592595.1_ASM159259v1_genomic.fna,GCF_001614975.1_ASM161497v1_genomic.fna,GCF_001692775.1_ASM169277v1_genomic.fna,GCF_001748915.1_ASM174891v1_genomic.fna,GCF_001749235.1_ASM174923v1_genomic.fna,GCF_001881155.1_ASM188115v1_genomic.fna,GCF_001881345.1_ASM188134v1_genomic.fna,GCF_001892405.1_ASM189240v1_genomic.fna,GCF_001892585.1_ASM189258v1_genomic.fna,GCF_001893985.1_ASM189398v1_genomic.fna,GCF_002001595.1_ASM200159v1_genomic.fna,GCF_002002145.1_ASM200214v1_genomic.fna
1.0,0.491,0.383,0.412,0.505,0.486,0.462,0.426,0.585,0.418,0.478,0.436,0.477,0.407,0.399,0.466,0.483,0.464,0.464,0.459,0.456,0.481,0.492,0.488,0.485,0.468,0.472,0.42,0.508,0.583,0.393,0.476,0.0,0.488,0.457,0.402,0.46,0.492,0.402,0.482,0.408,0.467,0.483,0.409,0.422,0.45,0.483,0.484,0.384,0.515
0.491,1.0,0.378,0.433,0.632,0.794,0.546,0.457,0.475,0.442,0.606,0.452,0.593,0.43,0.422,0.542,0.708,0.604,0.605,0.545,0.584,0.59,0.599,0.79,0.795,0.686,0.58,0.445,0.495,0.462,0.426,0.613,0.0,0.6,0.745,0.411,0.545,0.614,0.416,0.596,0.434,0.681,0.598,0.45,0.457,0.413,0.683,0.683,0.429,0.475
0.383,0.378,1.0,0.325,0.351,0.356,0.345,0.329,0.366,0.32,0.335,0.331,0.338,0.326,0.323,0.342,0.365,0.338,0.332,0.342,0.339,0.336,0.342,0.358,0.356,0.344,0.338,0.321,0.378,0.367,0.323,0.348,0.0,0.349,0.329,0.31,0.344,0.351,0.311,0.335,0.324,0.34,0.352,0.331,0.329,0.344,0.366,0.366,0.323,0.377
0.412,0.433,0.325,1.0,0.417,0.428,0.417,0.698,0.413,0.702,0.4,0.724,0.401,0.739,0.747,0.413,0.419,0.405,0.411,0.415,0.403,0.402,0.417,0.422,0.426,0.414,0.4,0.737,0.472,0.395,0.704,0.416,0.0,0.412,0.402,0.596,0.415,0.408,0.678,0.41,0.73,0.401,0.404,0.722,0.721,0.418,0.413,0.413,0.658,0.471
0.505,0.632,0.351,0.417,1.0,0.654,0.553,0.433,0.483,0.429,0.772,0.432,0.695,0.429,0.428,0.557,0.649,0.662,0.674,0.551,0.675,0.678,0.69,0.642,0.646,0.625,0.665,0.432,0.483,0.484,0.409,0.667,0.0,0.687,0.622,0.415,0.55,0.688,0.43,0.704,0.427,0.638,0.693,0.419,0.433,0.43,0.677,0.677,0.424,0.484
0.486,0.794,0.356,0.428,0.654,1.0,0.56,0.449,0.473,0.429,0.618,0.442,0.604,0.441,0.428,0.56,0.702,0.611,0.609,0.555,0.581,0.602,0.617,0.794,0.812,0.679,0.587,0.439,0.496,0.459,0.411,0.603,0.0,0.618,0.775,0.415,0.553,0.617,0.436,0.603,0.426,0.691,0.612,0.428,0.435,0.408,0.706,0.706,0.427,0.494
0.462,0.546,0.345,0.417,0.553,0.56,1.0,0.428,0.461,0.414,0.539,0.424,0.528,0.416,0.414,0.958,0.544,0.587,0.555,0.985,0.559,0.555,0.581,0.559,0.546,0.536,0.521,0.418,0.463,0.45,0.404,0.533,0.0,0.548,0.534,0.417,0.985,0.523,0.431,0.531,0.413,0.545,0.532,0.409,0.412,0.401,0.548,0.547,0.405,0.468
0.426,0.457,0.329,0.698,0.433,0.449,0.428,1.0,0.418,0.683,0.416,0.69,0.416,0.691,0.672,0.424,0.441,0.419,0.429,0.427,0.402,0.41,0.421,0.459,0.441,0.425,0.404,0.896,0.494,0.41,0.698,0.429,0.0,0.425,0.427,0.578,0.427,0.432,0.661,0.42,0.697,0.426,0.418,0.895,0.89,0.434,0.434,0.433,0.637,0.48
0.585,0.475,0.366,0.413,0.483,0.473,0.461,0.418,1.0,0.442,0.475,0.423,0.483,0.423,0.425,0.471,0.474,0.456,0.469,0.46,0.451,0.475,0.48,0.484,0.47,0.464,0.474,0.423,0.51,0.623,0.418,0.456,0.0,0.478,0.449,0.426,0.46,0.473,0.423,0.481,0.426,0.467,0.484,0.408,0.408,0.441,0.468,0.468,0.403,0.518
0.418,0.442,0.32,0.702,0.429,0.429,0.414,0.683,0.442,1.0,0.436,0.677,0.433,0.714,0.682,0.42,0.425,0.41,0.416,0.415,0.399,0.421,0.412,0.444,0.44,0.437,0.417,0.714,0.491,0.414,0.706,0.399,0.0,0.423,0.416,0.616,0.414,0.429,0.683,0.432,0.729,0.405,0.417,0.682,0.694,0.417,0.421,0.422,0.653,0.464
0.478,0.606,0.335,0.4,0.772,0.618,0.539,0.416,0.475,0.436,1.0,0.413,0.762,0.426,0.415,0.549,0.634,0.664,0.667,0.538,0.658,0.709,0.689,0.653,0.629,0.655,0.706,0.422,0.472,0.465,0.395,0.646,0.0,0.695,0.652,0.435,0.537,0.69,0.409,0.732,0.405,0.624,0.696,0.401,0.407,0.396,0.622,0.621,0.396,0.466
0.436,0.452,0.331,0.724,0.432,0.442,0.424,0.69,0.423,0.677,0.413,1.0,0.41,0.72,0.838,0.423,0.435,0.408,0.417,0.421,0.401,0.408,0.415,0.441,0.439,0.425,0.4,0.71,0.478,0.42,0.677,0.418,0.0,0.418,0.407,0.589,0.419,0.423,0.67,0.413,0.707,0.412,0.419,0.693,0.704,0.422,0.424,0.425,0.637,0.465
0.477,0.593,0.338,0.401,0.695,0.604,0.528,0.416,0.483,0.433,0.762,0.41,1.0,0.42,0.414,0.537,0.621,0.679,0.709,0.527,0.701,0.781,0.763,0.637,0.606,0.651,0.766,0.421,0.481,0.474,0.398,0.685,0.0,0.768,0.629,0.435,0.526,0.73,0.408,0.762,0.407,0.605,0.739,0.399,0.402,0.407,0.619,0.618,0.397,0.472
0.407,0.43,0.326,0.739,0.429,0.441,0.416,0.691,0.423,0.714,0.426,0.72,0.42,1.0,0.761,0.417,0.436,0.415,0.414,0.416,0.393,0.417,0.418,0.44,0.443,0.429,0.421,0.741,0.498,0.41,0.707,0.416,0.0,0.423,0.417,0.599,0.415,0.429,0.68,0.422,0.736,0.412,0.42,0.71,0.711,0.44,0.425,0.425,0.652,0.488
0.399,0.422,0.323,0.747,0.428,0.428,0.414,0.672,0.425,0.682,0.415,0.838,0.414,0.761,1.0,0.419,0.432,0.401,0.41,0.414,0.395,0.414,0.416,0.427,0.428,0.419,0.409,0.713,0.478,0.41,0.694,0.408,0.0,0.426,0.409,0.604,0.413,0.422,0.678,0.427,0.718,0.402,0.415,0.686,0.687,0.424,0.426,0.426,0.637,0.475
0.466,0.542,0.342,0.413,0.557,0.56,0.958,0.424,0.471,0.42,0.549,0.423,0.537,0.417,0.419,1.0,0.55,0.573,0.554,0.957,0.542,0.56,0.576,0.561,0.552,0.539,0.526,0.422,0.464,0.455,0.404,0.528,0.0,0.555,0.537,0.419,0.957,0.531,0.43,0.538,0.414,0.546,0.539,0.408,0.412,0.401,0.549,0.548,0.409,0.467
0.483,0.708,0.365,0.419,0.649,0.702,0.544,0.441,0.474,0.425,0.634,0.435,0.621,0.436,0.432,0.55,1.0,0.606,0.607,0.538,0.593,0.63,0.621,0.745,0.728,0.735,0.601,0.437,0.486,0.455,0.405,0.636,0.0,0.637,0.696,0.428,0.538,0.62,0.431,0.627,0.414,0.668,0.634,0.43,0.434,0.402,0.693,0.693,0.408,0.471
0.464,0.604,0.338,0.405,0.662,0.611,0.587,0.419,0.456,0.41,0.664,0.408,0.679,0.415,0.401,0.573,0.606,1.0,0.735,0.585,0.712,0.71,0.727,0.601,0.6,0.586,0.665,0.412,0.458,0.465,0.401,0.674,0.0,0.677,0.58,0.418,0.582,0.646,0.411,0.679,0.404,0.63,0.666,0.407,0.409,0.404,0.61,0.61,0.39,0.464
0.464,0.605,0.332,0.411,0.674,0.609,0.555,0.429,0.469,0.416,0.667,0.417,0.709,0.414,0.41,0.554,0.607,0.735,1.0,0.552,0.724,0.736,0.736,0.618,0.611,0.604,0.693,0.429,0.467,0.462,0.401,0.682,0.0,0.708,0.596,0.421,0.55,0.678,0.415,0.705,0.412,0.616,0.688,0.416,0.42,0.4,0.618,0.617,0.398,0.468
0.459,0.545,0.342,0.415,0.551,0.555,0.985,0.427,0.46,0.415,0.538,0.421,0.527,0.416,0.414,0.957,0.538,0.585,0.552,1.0,0.556,0.553,0.577,0.553,0.543,0.532,0.518,0.418,0.46,0.45,0.405,0.53,0.0,0.542,0.526,0.413,0.99,0.521,0.427,0.53,0.413,0.543,0.531,0.41,0.413,0.401,0.546,0.546,0.407,0.467
0.456,0.584,0.339,0.403,0.675,0.581,0.559,0.402,0.451,0.399,0.658,0.401,0.701,0.393,0.395,0.542,0.593,0.712,0.724,0.556,1.0,0.715,0.738,0.589,0.582,0.588,0.689,0.405,0.454,0.454,0.381,0.697,0.0,0.708,0.572,0.405,0.554,0.671,0.405,0.708,0.392,0.595,0.681,0.396,0.4,0.406,0.617,0.617,0.384,0.46
0.481,0.59,0.336,0.402,0.678,0.602,0.555,0.41,0.475,0.421,0.709,0.408,0.781,0.417,0.414,0.56,0.63,0.71,0.736,0.553,0.715,1.0,0.913,0.631,0.619,0.623,0.726,0.42,0.474,0.462,0.391,0.686,0.0,0.867,0.605,0.423,0.551,0.723,0.413,0.752,0.399,0.597,0.731,0.401,0.406,0.407,0.607,0.606,0.395,0.469
0.492,0.599,0.342,0.417,0.69,0.617,0.581,0.421,0.48,0.412,0.689,0.415,0.763,0.418,0.416,0.576,0.621,0.727,0.736,0.577,0.738,0.913,1.0,0.623,0.621,0.612,0.716,0.422,0.472,0.469,0.399,0.705,0.0,0.854,0.594,0.418,0.575,0.706,0.421,0.731,0.41,0.612,0.711,0.409,0.412,0.412,0.616,0.615,0.402,0.474
0.488,0.79,0.358,0.422,0.642,0.794,0.559,0.459,0.484,0.444,0.653,0.441,0.637,0.44,0.427,0.561,0.745,0.601,0.618,0.553,0.589,0.631,0.623,1.0,0.82,0.736,0.62,0.442,0.499,0.461,0.407,0.604,0.0,0.635,0.814,0.432,0.552,0.632,0.425,0.63,0.422,0.695,0.628,0.427,0.437,0.404,0.695,0.695,0.412,0.477
0.485,0.795,0.356,0.426,0.646,0.812,0.546,0.441,0.47,0.44,0.629,0.439,0.606,0.443,0.428,0.552,0.728,0.6,0.611,0.543,0.582,0.619,0.621,0.82,1.0,0.733,0.597,0.442,0.492,0.452,0.412,0.603,0.0,0.622,0.794,0.418,0.542,0.618,0.433,0.618,0.427,0.686,0.614,0.437,0.438,0.406,0.697,0.697,0.429,0.476
0.468,0.686,0.344,0.414,0.625,0.679,0.536,0.425,0.464,0.437,0.655,0.425,0.651,0.429,0.419,0.539,0.735,0.586,0.604,0.532,0.588,0.623,0.612,0.736,0.733,1.0,0.623,0.43,0.468,0.451,0.403,0.584,0.0,0.615,0.704,0.428,0.53,0.615,0.422,0.632,0.416,0.668,0.612,0.423,0.423,0.387,0.679,0.678,0.421,0.462
0.472,0.58,0.338,0.4,0.665,0.587,0.521,0.404,0.474,0.417,0.706,0.4,0.766,0.421,0.409,0.526,0.601,0.665,0.693,0.518,0.689,0.726,0.716,0.62,0.597,0.623,1.0,0.41,0.477,0.468,0.397,0.681,0.0,0.712,0.601,0.424,0.518,0.793,0.395,0.748,0.408,0.592,0.798,0.395,0.394,0.411,0.601,0.6,0.389,0.465
0.42,0.445,0.321,0.737,0.432,0.439,0.418,0.896,0.423,0.714,0.422,0.71,0.421,0.741,0.713,0.422,0.437,0.412,0.429,0.418,0.405,0.42,0.422,0.442,0.442,0.43,0.41,1.0,0.494,0.415,0.702,0.42,0.0,0.425,0.418,0.604,0.417,0.433,0.684,0.423,0.732,0.416,0.415,0.948,0.937,0.427,0.434,0.434,0.659,0.476
0.508,0.495,0.378,0.472,0.483,0.496,0.463,0.494,0.51,0.491,0.472,0.478,0.481,0.498,0.478,0.464,0.486,0.458,0.467,0.46,0.454,0.474,0.472,0.499,0.492,0.468,0.477,0.494,1.0,0.493,0.459,0.48,0.0,0.48,0.474,0.46,0.46,0.487,0.468,0.474,0.472,0.451,0.478,0.475,0.479,0.551,0.473,0.474,0.452,0.815
0.583,0.462,0.367,0.395,0.484,0.459,0.45,0.41,0.623,0.414,0.465,0.42,0.474,0.41,0.41,0.455,0.455,0.465,0.462,0.45,0.454,0.462,0.469,0.461,0.452,0.451,0.468,0.415,0.493,1.0,0.406,0.451,0.0,0.466,0.437,0.41,0.45,0.47,0.406,0.471,0.415,0.462,0.481,0.403,0.404,0.434,0.471,0.471,0.388,0.499
0.393,0.426,0.323,0.704,0.409,0.411,0.404,0.698,0.418,0.706,0.395,0.677,0.398,0.707,0.694,0.404,0.405,0.401,0.401,0.405,0.381,0.391,0.399,0.407,0.412,0.403,0.397,0.702,0.459,0.406,1.0,0.399,0.0,0.398,0.382,0.586,0.405,0.402,0.646,0.404,0.89,0.398,0.393,0.704,0.704,0.421,0.41,0.41,0.647,0.448
0.476,0.613,0.348,0.416,0.667,0.603,0.533,0.429,0.456,0.399,0.646,0.418,0.685,0.416,0.408,0.528,0.636,0.674,0.682,0.53,0.697,0.686,0.705,0.604,0.603,0.584,0.681,0.42,0.48,0.451,0.399,1.0,0.0,0.689,0.57,0.408,0.532,0.706,0.413,0.699,0.402,0.6,0.706,0.413,0.418,0.405,0.619,0.62,0.395,0.461
0.0,0.0,0.0,0.0,0.0,0.0,0.0,0.0,0.0,0.0,0.0,0.0,0.0,0.0,0.0,0.0,0.0,0.0,0.0,0.0,0.0,0.0,0.0,0.0,0.0,0.0,0.0,0.0,0.0,0.0,0.0,0.0,1.0,0.0,0.0,0.0,0.0,0.0,0.0,0.0,0.0,0.0,0.0,0.0,0.0,0.0,0.0,0.0,0.0,0.0
0.488,0.6,0.349,0.412,0.687,0.618,0.548,0.425,0.478,0.423,0.695,0.418,0.768,0.423,0.426,0.555,0.637,0.677,0.708,0.542,0.708,0.867,0.854,0.635,0.622,0.615,0.712,0.425,0.48,0.466,0.398,0.689,0.0,1.0,0.605,0.441,0.542,0.716,0.424,0.745,0.404,0.604,0.73,0.404,0.407,0.406,0.616,0.615,0.393,0.468
0.457,0.745,0.329,0.402,0.622,0.775,0.534,0.427,0.449,0.416,0.652,0.407,0.629,0.417,0.409,0.537,0.696,0.58,0.596,0.526,0.572,0.605,0.594,0.814,0.794,0.704,0.601,0.418,0.474,0.437,0.382,0.57,0.0,0.605,1.0,0.416,0.526,0.601,0.405,0.608,0.393,0.67,0.611,0.401,0.403,0.386,0.66,0.66,0.389,0.457
0.402,0.411,0.31,0.596,0.415,0.415,0.417,0.578,0.426,0.616,0.435,0.589,0.435,0.599,0.604,0.419,0.428,0.418,0.421,0.413,0.405,0.423,0.418,0.432,0.418,0.428,0.424,0.604,0.46,0.41,0.586,0.408,0.0,0.441,0.416,1.0,0.412,0.419,0.604,0.433,0.6,0.41,0.422,0.574,0.578,0.407,0.418,0.418,0.571,0.447
0.46,0.545,0.344,0.415,0.55,0.553,0.985,0.427,0.46,0.414,0.537,0.419,0.526,0.415,0.413,0.957,0.538,0.582,0.55,0.99,0.554,0.551,0.575,0.552,0.542,0.53,0.518,0.417,0.46,0.45,0.405,0.532,0.0,0.542,0.526,0.412,1.0,0.521,0.428,0.529,0.412,0.544,0.529,0.41,0.413,0.402,0.546,0.546,0.407,0.466
0.492,0.614,0.351,0.408,0.688,0.617,0.523,0.432,0.473,0.429,0.69,0.423,0.73,0.429,0.422,0.531,0.62,0.646,0.678,0.521,0.671,0.723,0.706,0.632,0.618,0.615,0.793,0.433,0.487,0.47,0.402,0.706,0.0,0.716,0.601,0.419,0.521,1.0,0.42,0.751,0.415,0.601,0.838,0.416,0.418,0.417,0.627,0.626,0.401,0.467
0.402,0.416,0.311,0.678,0.43,0.436,0.431,0.661,0.423,0.683,0.409,0.67,0.408,0.68,0.678,0.43,0.431,0.411,0.415,0.427,0.405,0.413,0.421,0.425,0.433,0.422,0.395,0.684,0.468,0.406,0.646,0.413,0.0,0.424,0.405,0.604,0.428,0.42,1.0,0.423,0.668,0.401,0.415,0.662,0.668,0.413,0.417,0.418,0.629,0.461
0.482,0.596,0.335,0.41,0.704,0.603,0.531,0.42,0.481,0.432,0.732,0.413,0.762,0.422,0.427,0.538,0.627,0.679,0.705,0.53,0.708,0.752,0.731,0.63,0.618,0.632,0.748,0.423,0.474,0.471,0.404,0.699,0.0,0.745,0.608,0.433,0.529,0.751,0.423,1.0,0.416,0.607,0.747,0.4,0.409,0.411,0.647,0.645,0.397,0.475
0.408,0.434,0.324,0.73,0.427,0.426,0.413,0.697,0.426,0.729,0.405,0.707,0.407,0.736,0.718,0.414,0.414,0.404,0.412,0.413,0.392,0.399,0.41,0.422,0.427,0.416,0.408,0.732,0.472,0.415,0.89,0.402,0.0,0.404,0.393,0.6,0.412,0.415,0.668,0.416,1.0,0.41,0.404,0.717,0.717,0.422,0.423,0.423,0.66,0.461
0.467,0.681,0.34,0.401,0.638,0.691,0.545,0.426,0.467,0.405,0.624,0.412,0.605,0.412,0.402,0.546,0.668,0.63,0.616,0.543,0.595,0.597,0.612,0.695,0.686,0.668,0.592,0.416,0.451,0.462,0.398,0.6,0.0,0.604,0.67,0.41,0.544,0.601,0.401,0.607,0.41,1.0,0.629,0.41,0.411,0.386,0.708,0.708,0.401,0.46
0.483,0.598,0.352,0.404,0.693,0.612,0.532,0.418,0.484,0.417,0.696,0.419,0.739,0.42,0.415,0.539,0.634,0.666,0.688,0.531,0.681,0.731,0.711,0.628,0.614,0.612,0.798,0.415,0.478,0.481,0.393,0.706,0.0,0.73,0.611,0.422,0.529,0.838,0.415,0.747,0.404,0.629,1.0,0.397,0.401,0.413,0.624,0.624,0.389,0.466
0.409,0.45,0.331,0.722,0.419,0.428,0.409,0.895,0.408,0.682,0.401,0.693,0.399,0.71,0.686,0.408,0.43,0.407,0.416,0.41,0.396,0.401,0.409,0.427,0.437,0.423,0.395,0.948,0.475,0.403,0.704,0.413,0.0,0.404,0.401,0.574,0.41,0.416,0.662,0.4,0.717,0.41,0.397,1.0,0.961,0.433,0.425,0.426,0.657,0.465
0.422,0.457,0.329,0.721,0.433,0.435,0.412,0.89,0.408,0.694,0.407,0.704,0.402,0.711,0.687,0.412,0.434,0.409,0.42,0.413,0.4,0.406,0.412,0.437,0.438,0.423,0.394,0.937,0.479,0.404,0.704,0.418,0.0,0.407,0.403,0.578,0.413,0.418,0.668,0.409,0.717,0.411,0.401,0.961,1.0,0.437,0.435,0.437,0.654,0.469
0.45,0.413,0.344,0.418,0.43,0.408,0.401,0.434,0.441,0.417,0.396,0.422,0.407,0.44,0.424,0.401,0.402,0.404,0.4,0.401,0.406,0.407,0.412,0.404,0.406,0.387,0.411,0.427,0.551,0.434,0.421,0.405,0.0,0.406,0.386,0.407,0.402,0.417,0.413,0.411,0.422,0.386,0.413,0.433,0.437,1.0,0.432,0.432,0.407,0.606
0.483,0.683,0.366,0.413,0.677,0.706,0.548,0.434,0.468,0.421,0.622,0.424,0.619,0.425,0.426,0.549,0.693,0.61,0.618,0.546,0.617,0.607,0.616,0.695,0.697,0.679,0.601,0.434,0.473,0.471,0.41,0.619,0.0,0.616,0.66,0.418,0.546,0.627,0.417,0.647,0.423,0.708,0.624,0.425,0.435,0.432,1.0,0.998,0.418,0.492
0.484,0.683,0.366,0.413,0.677,0.706,0.547,0.433,0.468,0.422,0.621,0.425,0.618,0.425,0.426,0.548,0.693,0.61,0.617,0.546,0.617,0.606,0.615,0.695,0.697,0.678,0.6,0.434,0.474,0.471,0.41,0.62,0.0,0.615,0.66,0.418,0.546,0.626,0.418,0.645,0.423,0.708,0.624,0.426,0.437,0.432,0.998,1.0,0.418,0.492
0.384,0.429,0.323,0.658,0.424,0.427,0.405,0.637,0.403,0.653,0.396,0.637,0.397,0.652,0.637,0.409,0.408,0.39,0.398,0.407,0.384,0.395,0.402,0.412,0.429,0.421,0.389,0.659,0.452,0.388,0.647,0.395,0.0,0.393,0.389,0.571,0.407,0.401,0.629,0.397,0.66,0.401,0.389,0.657,0.654,0.407,0.418,0.418,1.0,0.445
0.515,0.475,0.377,0.471,0.484,0.494,0.468,0.48,0.518,0.464,0.466,0.465,0.472,0.488,0.475,0.467,0.471,0.464,0.468,0.467,0.46,0.469,0.474,0.477,0.476,0.462,0.465,0.476,0.815,0.499,0.448,0.461,0.0,0.468,0.457,0.447,0.466,0.467,0.461,0.475,0.461,0.46,0.466,0.465,0.469,0.606,0.492,0.492,0.445,1.0
