GCF_000163235.1_ASM16323v1_genomic.fna,GCF_000164555.1_ASM16455v1_genomic.fna,GCF_000208545.1_ASM20854v2_genomic.fna,GCF_000233875.1_ASM23387v1_genomic.fna,GCF_000249735.1_ASM24973v2_genomic.fna,GCF_000261145.1_Esch_coli_M919_V2_genomic.fna,GCF_000267705.2_ASM26770v2_genomic.fna,GCF_000350665.1_Esch_coli_KTE5_V1_genomic.fna,GCF_000351625.1_Esch_coli_KTE66_V1_genomic.fna,GCF_000352285.1_Esch_coli_KTE46_V1_genomic.fna,GCF_000358895.1_ASM35889v1_genomic.fna,GCF_000456385.1_Esch_coli_HVH_26_4-5703913_V1_genomic.fna,GCF_000458195.1_Esch_coli_HVH_147_4-5893887_V1_genomic.fna,GCF_000459755.1_Esch_coli_KOEGE_58_171a_V1_genomic.fna,GCF_000460055.1_Esch_coli_UMEA_3053-1_V1_genomic.fna,GCF_000462165.2_ASM46216v2_genomic.fna,GCF_000601135.1_ASM60113v1_genomic.fna,GCF_000614595.1_Ec2010EL1058_genomic.fna,GCF_000617745.1_Ec2010C-4529_genomic.fna,GCF_000618265.2_EcF6751_genomic.fna,GCF_000619005.2_Ec2009C-4052_genomic.fna,GCF_000619105.1_Ec2009C-4780_genomic.fna,GCF_000619765.2_Ec2009C-3279_genomic.fna,GCF_000687005.1_ASM68700v1_genomic.fna,GCF_000687025.1_ASM68702v1_genomic.fna,GCF_000700125.1_ASM70012v1_genomic.fna,GCF_000753315.1_FHI35_genomic.fna,GCF_000776375.1_ASM77637v1_genomic.fna,GCF_000779395.1_ASM77939v1_genomic.fna,GCF_000780315.1_ASM78031v1_genomic.fna,GCF_000781995.1_ASM78199v1_genomic.fna,GCF_000986765.1_ASM98676v1_genomic.fna,GCF_001041375.1_ViralProj287958_genomic.fna,GCF_001265335.1_302014_genomic.fna,GCF_001265625.1_100854_genomic.fna,GCF_001267345.1_303289_genomic.fna,GCF_001309985.1_ASM130998v1_genomic.fna,GCF_001521695.1_ASM152169v1_genomic.fna,GCF_001592595.1_ASM159259v1_genomic.fna,GCF_001614975.1_ASM161497v1_genomic.fna,GCF_001692775.1_ASM169277v1_genomic.fna,GCF_001748915.1_ASM174891v1_genomic.fna,GCF_001749235.1_ASM174923v1_genomic.fna,GCF_001881155.1_ASM188115v1_genomic.fna,GCF_001881345.1_ASM188134v1_genomic.fna,GCF_001892405.1_ASM189240v1_genomic.fna,GCF_001892585.1_ASM189258v1_genomic.fna,GCF_001893985.1_ASM189398v1_genomic.fna,GCF_002001595.1_ASM200159v1_genomic.fna,GCF_002002145.1_ASM200214v1_genomic.fna
1.0,0.501,0.408,0.402,0.477,0.471,0.458,0.421,0.602,0.431,0.464,0.427,0.481,0.413,0.407,0.457,0.482,0.485,0.472,0.457,0.454,0.468,0.485,0.463,0.449,0.454,0.478,0.405,0.535,0.562,0.394,0.486,0.0,0.472,0.432,0.406,0.456,0.502,0.404,0.482,0.396,0.467,0.48,0.407,0.422,0.474,0.456,0.457,0.393,0.543
0.501,1.0,0.361,0.426,0.609,0.757,0.522,0.44,0.456,0.443,0.573,0.446,0.599,0.423,0.425,0.522,0.7,0.6,0.587,0.521,0.572,0.584,0.6,0.758,0.767,0.678,0.589,0.432,0.456,0.464,0.414,0.606,0.0,0.59,0.72,0.393,0.521,0.623,0.423,0.597,0.413,0.672,0.6,0.441,0.444,0.415,0.678,0.679,0.434,0.462
0.408,0.361,1.0,0.324,0.34,0.346,0.336,0.332,0.39,0.332,0.343,0.335,0.355,0.334,0.332,0.337,0.35,0.346,0.346,0.336,0.338,0.345,0.349,0.341,0.347,0.342,0.353,0.329,0.388,0.389,0.318,0.348,0.0,0.357,0.314,0.316,0.338,0.347,0.335,0.348,0.325,0.347,0.359,0.335,0.328,0.343,0.375,0.375,0.336,0.394
0.402,0.426,0.324,1.0,0.399,0.418,0.384,0.702,0.409,0.735,0.412,0.733,0.396,0.756,0.757,0.395,0.405,0.4,0.396,0.384,0.378,0.401,0.4,0.425,0.42,0.432,0.393,0.75,0.42,0.422,0.722,0.383,0.0,0.383,0.402,0.607,0.385,0.376,0.669,0.386,0.741,0.384,0.383,0.725,0.721,0.402,0.403,0.402,0.664,0.438
0.477,0.609,0.34,0.399,1.0,0.64,0.526,0.424,0.471,0.412,0.755,0.421,0.704,0.416,0.411,0.534,0.622,0.674,0.669,0.526,0.659,0.666,0.675,0.618,0.619,0.619,0.692,0.409,0.452,0.472,0.397,0.654,0.0,0.675,0.594,0.4,0.528,0.669,0.416,0.7,0.399,0.619,0.703,0.404,0.411,0.384,0.651,0.651,0.41,0.438
0.471,0.757,0.346,0.418,0.64,1.0,0.547,0.443,0.469,0.437,0.601,0.436,0.624,0.428,0.416,0.555,0.686,0.633,0.615,0.545,0.571,0.615,0.616,0.768,0.798,0.685,0.614,0.424,0.457,0.469,0.41,0.601,0.0,0.611,0.755,0.414,0.548,0.592,0.444,0.614,0.407,0.665,0.604,0.42,0.424,0.397,0.696,0.695,0.428,0.463
0.458,0.522,0.336,0.384,0.526,0.547,1.0,0.396,0.466,0.392,0.521,0.391,0.534,0.385,0.386,0.946,0.542,0.578,0.558,0.99,0.555,0.547,0.567,0.533,0.53,0.527,0.525,0.384,0.427,0.463,0.374,0.511,0.0,0.526,0.519,0.391,0.986,0.489,0.409,0.533,0.375,0.519,0.526,0.389,0.395,0.382,0.535,0.535,0.383,0.437
0.421,0.44,0.332,0.702,0.424,0.443,0.396,1.0,0.42,0.707,0.4,0.703,0.403,0.714,0.688,0.401,0.417,0.407,0.403,0.395,0.376,0.404,0.405,0.444,0.43,0.424,0.394,0.907,0.457,0.429,0.702,0.384,0.0,0.394,0.396,0.602,0.395,0.407,0.664,0.407,0.7,0.401,0.388,0.896,0.878,0.406,0.414,0.413,0.648,0.456
0.602,0.456,0.39,0.409,0.471,0.469,0.466,0.42,1.0,0.422,0.468,0.409,0.474,0.418,0.413,0.465,0.475,0.472,0.468,0.467,0.45,0.47,0.476,0.456,0.448,0.447,0.478,0.413,0.501,0.604,0.403,0.45,0.0,0.463,0.433,0.422,0.468,0.454,0.43,0.472,0.406,0.454,0.482,0.412,0.413,0.442,0.469,0.468,0.413,0.514
0.431,0.443,0.332,0.735,0.412,0.437,0.392,0.707,0.422,1.0,0.419,0.712,0.413,0.724,0.702,0.404,0.421,0.405,0.408,0.392,0.381,0.416,0.409,0.436,0.429,0.437,0.403,0.724,0.451,0.446,0.744,0.388,0.0,0.403,0.403,0.624,0.393,0.38,0.68,0.399,0.739,0.391,0.388,0.701,0.711,0.42,0.413,0.413,0.69,0.458
0.464,0.573,0.343,0.412,0.755,0.601,0.521,0.4,0.468,0.419,1.0,0.401,0.704,0.41,0.389,0.537,0.591,0.68,0.661,0.52,0.646,0.679,0.672,0.624,0.587,0.622,0.686,0.406,0.421,0.48,0.385,0.633,0.0,0.654,0.613,0.414,0.522,0.646,0.404,0.698,0.38,0.592,0.679,0.392,0.393,0.377,0.605,0.603,0.398,0.429
0.427,0.446,0.335,0.733,0.421,0.436,0.391,0.703,0.409,0.712,0.401,1.0,0.412,0.732,0.851,0.396,0.43,0.41,0.41,0.389,0.393,0.413,0.415,0.431,0.433,0.437,0.398,0.717,0.455,0.431,0.693,0.4,0.0,0.405,0.4,0.607,0.388,0.396,0.674,0.402,0.713,0.401,0.393,0.712,0.716,0.416,0.422,0.423,0.656,0.452
0.481,0.599,0.355,0.396,0.704,0.624,0.534,0.403,0.474,0.413,0.704,0.412,1.0,0.413,0.405,0.541,0.613,0.73,0.726,0.534,0.726,0.784,0.787,0.619,0.609,0.609,0.762,0.394,0.441,0.476,0.396,0.696,0.0,0.759,0.584,0.404,0.536,0.704,0.408,0.758,0.392,0.604,0.739,0.39,0.39,0.387,0.635,0.633,0.406,0.439
0.413,0.423,0.334,0.756,0.416,0.428,0.385,0.714,0.418,0.724,0.41,0.732,0.413,1.0,0.756,0.397,0.41,0.408,0.407,0.386,0.381,0.409,0.406,0.408,0.415,0.415,0.404,0.741,0.444,0.428,0.721,0.386,0.0,0.394,0.393,0.604,0.387,0.383,0.682,0.405,0.738,0.391,0.391,0.728,0.726,0.409,0.414,0.413,0.672,0.453
0.407,0.425,0.332,0.757,0.411,0.416,0.386,0.688,0.413,0.702,0.389,0.851,0.405,0.756,1.0,0.384,0.417,0.398,0.397,0.386,0.381,0.393,0.405,0.405,0.406,0.41,0.396,0.707,0.446,0.42,0.723,0.386,0.0,0.397,0.388,0.6,0.386,0.383,0.686,0.403,0.741,0.393,0.393,0.709,0.711,0.42,0.416,0.416,0.65,0.464
0.457,0.522,0.337,0.395,0.534,0.555,0.946,0.401,0.465,0.404,0.537,0.396,0.541,0.397,0.384,1.0,0.533,0.578,0.558,0.951,0.53,0.556,0.554,0.54,0.536,0.533,0.533,0.395,0.423,0.474,0.381,0.498,0.0,0.527,0.526,0.398,0.953,0.487,0.403,0.531,0.379,0.516,0.522,0.386,0.389,0.381,0.535,0.535,0.398,0.433
0.482,0.7,0.35,0.405,0.622,0.686,0.542,0.417,0.475,0.421,0.591,0.43,0.613,0.41,0.417,0.533,1.0,0.61,0.594,0.54,0.598,0.618,0.63,0.69,0.698,0.731,0.609,0.406,0.454,0.454,0.397,0.646,0.0,0.619,0.654,0.411,0.54,0.596,0.42,0.614,0.399,0.663,0.619,0.412,0.422,0.394,0.679,0.679,0.413,0.442
0.485,0.6,0.346,0.4,0.674,0.633,0.578,0.407,0.472,0.405,0.68,0.41,0.73,0.408,0.398,0.578,0.61,1.0,0.763,0.575,0.708,0.728,0.731,0.621,0.605,0.6,0.725,0.396,0.432,0.478,0.389,0.665,0.0,0.691,0.595,0.417,0.576,0.654,0.42,0.703,0.386,0.604,0.696,0.393,0.396,0.388,0.624,0.622,0.398,0.453
0.472,0.587,0.346,0.396,0.669,0.615,0.558,0.403,0.468,0.408,0.661,0.41,0.726,0.407,0.397,0.558,0.594,0.763,1.0,0.556,0.728,0.727,0.738,0.598,0.598,0.594,0.712,0.394,0.435,0.468,0.385,0.665,0.0,0.696,0.574,0.408,0.557,0.653,0.419,0.718,0.387,0.59,0.694,0.395,0.396,0.395,0.62,0.618,0.399,0.446
0.457,0.521,0.336,0.384,0.526,0.545,0.99,0.395,0.467,0.392,0.52,0.389,0.534,0.386,0.386,0.951,0.54,0.575,0.556,1.0,0.551,0.545,0.566,0.532,0.53,0.525,0.526,0.385,0.426,0.463,0.375,0.511,0.0,0.525,0.517,0.39,0.991,0.488,0.404,0.532,0.376,0.518,0.526,0.389,0.395,0.382,0.533,0.533,0.384,0.435
0.454,0.572,0.338,0.378,0.659,0.571,0.555,0.376,0.45,0.381,0.646,0.393,0.726,0.381,0.381,0.53,0.598,0.708,0.728,0.551,1.0,0.725,0.753,0.582,0.573,0.586,0.726,0.371,0.418,0.443,0.365,0.677,0.0,0.714,0.544,0.387,0.55,0.682,0.401,0.723,0.369,0.587,0.708,0.376,0.378,0.382,0.606,0.606,0.378,0.426
0.468,0.584,0.345,0.401,0.666,0.615,0.547,0.404,0.47,0.416,0.679,0.413,0.784,0.409,0.393,0.556,0.618,0.728,0.727,0.545,0.725,1.0,0.92,0.609,0.603,0.601,0.745,0.401,0.433,0.472,0.386,0.685,0.0,0.862,0.577,0.407,0.545,0.681,0.406,0.741,0.384,0.584,0.727,0.393,0.394,0.386,0.613,0.611,0.404,0.441
0.485,0.6,0.349,0.4,0.675,0.616,0.567,0.405,0.476,0.409,0.672,0.415,0.787,0.406,0.405,0.554,0.63,0.731,0.738,0.566,0.753,0.92,1.0,0.611,0.609,0.602,0.754,0.396,0.446,0.468,0.388,0.718,0.0,0.868,0.577,0.408,0.565,0.699,0.417,0.753,0.389,0.593,0.741,0.398,0.402,0.396,0.623,0.622,0.397,0.447
0.463,0.758,0.341,0.425,0.618,0.768,0.533,0.444,0.456,0.436,0.624,0.431,0.619,0.408,0.405,0.54,0.69,0.621,0.598,0.532,0.582,0.609,0.611,1.0,0.8,0.728,0.616,0.428,0.443,0.467,0.398,0.598,0.0,0.605,0.789,0.41,0.533,0.578,0.409,0.6,0.396,0.662,0.597,0.418,0.421,0.393,0.679,0.678,0.413,0.432
0.449,0.767,0.347,0.42,0.619,0.798,0.53,0.43,0.448,0.429,0.587,0.433,0.609,0.415,0.406,0.536,0.698,0.605,0.598,0.53,0.573,0.603,0.609,0.8,1.0,0.735,0.605,0.423,0.444,0.463,0.4,0.606,0.0,0.591,0.768,0.402,0.53,0.58,0.421,0.596,0.401,0.651,0.599,0.421,0.418,0.387,0.672,0.671,0.432,0.436
0.454,0.678,0.342,0.432,0.619,0.685,0.527,0.424,0.447,0.437,0.622,0.437,0.609,0.415,0.41,0.533,0.731,0.6,0.594,0.525,0.586,0.601,0.602,0.728,0.735,1.0,0.593,0.424,0.437,0.462,0.4,0.583,0.0,0.592,0.688,0.405,0.526,0.579,0.406,0.598,0.397,0.646,0.581,0.423,0.417,0.388,0.672,0.671,0.436,0.434
0.478,0.589,0.353,0.393,0.692,0.614,0.525,0.394,0.478,0.403,0.686,0.398,0.762,0.404,0.396,0.533,0.609,0.725,0.712,0.526,0.726,0.745,0.754,0.616,0.605,0.593,1.0,0.387,0.443,0.476,0.392,0.713,0.0,0.728,0.578,0.409,0.527,0.779,0.396,0.761,0.391,0.599,0.824,0.386,0.385,0.393,0.624,0.622,0.404,0.443
0.405,0.432,0.329,0.75,0.409,0.424,0.384,0.907,0.413,0.724,0.406,0.717,0.394,0.741,0.707,0.395,0.406,0.396,0.394,0.385,0.371,0.401,0.396,0.428,0.423,0.424,0.387,1.0,0.441,0.437,0.704,0.378,0.0,0.387,0.391,0.601,0.386,0.397,0.663,0.399,0.721,0.391,0.382,0.957,0.933,0.415,0.411,0.41,0.668,0.45
0.535,0.456,0.388,0.42,0.452,0.457,0.427,0.457,0.501,0.451,0.421,0.455,0.441,0.444,0.446,0.423,0.454,0.432,0.435,0.426,0.418,0.433,0.446,0.443,0.444,0.437,0.443,0.441,1.0,0.48,0.421,0.447,0.0,0.441,0.426,0.433,0.425,0.433,0.453,0.442,0.422,0.443,0.441,0.442,0.451,0.553,0.45,0.451,0.432,0.827
0.562,0.464,0.389,0.422,0.472,0.469,0.463,0.429,0.604,0.446,0.48,0.431,0.476,0.428,0.42,0.474,0.454,0.478,0.468,0.463,0.443,0.472,0.468,0.467,0.463,0.462,0.476,0.437,0.48,1.0,0.408,0.439,0.0,0.461,0.434,0.428,0.464,0.45,0.426,0.475,0.404,0.441,0.474,0.424,0.423,0.449,0.467,0.465,0.423,0.492
0.394,0.414,0.318,0.722,0.397,0.41,0.374,0.702,0.403,0.744,0.385,0.693,0.396,0.721,0.723,0.381,0.397,0.389,0.385,0.375,0.365,0.386,0.388,0.398,0.4,0.4,0.392,0.704,0.421,0.408,1.0,0.366,0.0,0.385,0.374,0.592,0.376,0.367,0.674,0.39,0.897,0.381,0.374,0.701,0.699,0.392,0.397,0.396,0.658,0.425
0.486,0.606,0.348,0.383,0.654,0.601,0.511,0.384,0.45,0.388,0.633,0.4,0.696,0.386,0.386,0.498,0.646,0.665,0.665,0.511,0.677,0.685,0.718,0.598,0.606,0.583,0.713,0.378,0.447,0.439,0.366,1.0,0.0,0.681,0.559,0.379,0.511,0.726,0.404,0.72,0.368,0.609,0.718,0.379,0.388,0.403,0.62,0.62,0.378,0.44
0.0,0.0,0.0,0.0,0.0,0.0,0.0,0.0,0.0,0.0,0.0,0.0,0.0,0.0,0.0,0.0,0.0,0.0,0.0,0.0,0.0,0.0,0.0,0.0,0.0,0.0,0.0,0.0,0.0,0.0,0.0,0.0,1.0,0.0,0.0,0.0,0.0,0.0,0.0,0.0,0.0,0.0,0.0,0.0,0.0,0.0,0.0,0.0,0.0,0.0
0.472,0.59,0.357,0.383,0.675,0.611,0.526,0.394,0.463,0.403,0.654,0.405,0.759,0.394,0.397,0.527,0.619,0.691,0.696,0.525,0.714,0.862,0.868,0.605,0.591,0.592,0.728,0.387,0.441,0.461,0.385,0.681,0.0,1.0,0.564,0.408,0.528,0.686,0.411,0.73,0.383,0.588,0.729,0.387,0.393,0.381,0.618,0.618,0.39,0.438
0.432,0.72,0.314,0.402,0.594,0.755,0.519,0.396,0.433,0.403,0.613,0.4,0.584,0.393,0.388,0.526,0.654,0.595,0.574,0.517,0.544,0.577,0.577,0.789,0.768,0.688,0.578,0.391,0.426,0.434,0.374,0.559,0.0,0.564,1.0,0.382,0.519,0.549,0.393,0.575,0.372,0.628,0.573,0.378,0.385,0.371,0.643,0.644,0.388,0.42
0.406,0.393,0.316,0.607,0.4,0.414,0.391,0.602,0.422,0.624,0.414,0.607,0.404,0.604,0.6,0.398,0.411,0.417,0.408,0.39,0.387,0.407,0.408,0.41,0.402,0.405,0.409,0.601,0.433,0.428,0.592,0.379,0.0,0.408,0.382,1.0,0.391,0.367,0.622,0.399,0.596,0.377,0.393,0.59,0.594,0.394,0.389,0.388,0.597,0.445
0.456,0.521,0.338,0.385,0.528,0.548,0.986,0.395,0.468,0.393,0.522,0.388,0.536,0.387,0.386,0.953,0.54,0.576,0.557,0.991,0.55,0.545,0.565,0.533,0.53,0.526,0.527,0.386,0.425,0.464,0.376,0.511,0.0,0.528,0.519,0.391,1.0,0.488,0.406,0.533,0.377,0.518,0.526,0.389,0.394,0.382,0.536,0.536,0.385,0.435
0.502,0.623,0.347,0.376,0.669,0.592,0.489,0.407,0.454,0.38,0.646,0.396,0.704,0.383,0.383,0.487,0.596,0.654,0.653,0.488,0.682,0.681,0.699,0.578,0.58,0.579,0.779,0.397,0.433,0.45,0.367,0.726,0.0,0.686,0.549,0.367,0.488,1.0,0.398,0.723,0.366,0.606,0.82,0.4,0.385,0.395,0.611,0.612,0.392,0.444
0.404,0.423,0.335,0.669,0.416,0.444,0.409,0.664,0.43,0.68,0.404,0.674,0.408,0.682,0.686,0.403,0.42,0.42,0.419,0.404,0.401,0.406,0.417,0.409,0.421,0.406,0.396,0.663,0.453,0.426,0.674,0.404,0.0,0.411,0.393,0.622,0.406,0.398,1.0,0.407,0.677,0.417,0.415,0.664,0.67,0.413,0.418,0.419,0.627,0.459
0.482,0.597,0.348,0.386,0.7,0.614,0.533,0.407,0.472,0.399,0.698,0.402,0.758,0.405,0.403,0.531,0.614,0.703,0.718,0.532,0.723,0.741,0.753,0.6,0.596,0.598,0.761,0.399,0.442,0.475,0.39,0.72,0.0,0.73,0.575,0.399,0.533,0.723,0.407,1.0,0.388,0.606,0.755,0.4,0.405,0.4,0.64,0.639,0.389,0.455
0.396,0.413,0.325,0.741,0.399,0.407,0.375,0.7,0.406,0.739,0.38,0.713,0.392,0.738,0.741,0.379,0.399,0.386,0.387,0.376,0.369,0.384,0.389,0.396,0.401,0.397,0.391,0.721,0.422,0.404,0.897,0.368,0.0,0.383,0.372,0.596,0.377,0.366,0.677,0.388,1.0,0.382,0.374,0.722,0.717,0.391,0.394,0.393,0.658,0.426
0.467,0.672,0.347,0.384,0.619,0.665,0.519,0.401,0.454,0.391,0.592,0.401,0.604,0.391,0.393,0.516,0.663,0.604,0.59,0.518,0.587,0.584,0.593,0.662,0.651,0.646,0.599,0.391,0.443,0.441,0.381,0.609,0.0,0.588,0.628,0.377,0.518,0.606,0.417,0.606,0.382,1.0,0.628,0.392,0.391,0.38,0.699,0.698,0.384,0.429
0.48,0.6,0.359,0.383,0.703,0.604,0.526,0.388,0.482,0.388,0.679,0.393,0.739,0.391,0.393,0.522,0.619,0.696,0.694,0.526,0.708,0.727,0.741,0.597,0.599,0.581,0.824,0.382,0.441,0.474,0.374,0.718,0.0,0.729,0.573,0.393,0.526,0.82,0.415,0.755,0.374,0.628,1.0,0.383,0.388,0.396,0.629,0.63,0.387,0.44
0.407,0.441,0.335,0.725,0.404,0.42,0.389,0.896,0.412,0.701,0.392,0.712,0.39,0.728,0.709,0.386,0.412,0.393,0.395,0.389,0.376,0.393,0.398,0.418,0.421,0.423,0.386,0.957,0.442,0.424,0.701,0.379,0.0,0.387,0.378,0.59,0.389,0.4,0.664,0.4,0.722,0.392,0.383,1.0,0.954,0.412,0.412,0.411,0.662,0.45
0.422,0.444,0.328,0.721,0.411,0.424,0.395,0.878,0.413,0.711,0.393,0.716,0.39,0.726,0.711,0.389,0.422,0.396,0.396,0.395,0.378,0.394,0.402,0.421,0.418,0.417,0.385,0.933,0.451,0.423,0.699,0.388,0.0,0.393,0.385,0.594,0.394,0.385,0.67,0.405,0.717,0.391,0.388,0.954,1.0,0.418,0.414,0.415,0.651,0.452
0.474,0.415,0.343,0.402,0.384,0.397,0.382,0.406,0.442,0.42,0.377,0.416,0.387,0.409,0.42,0.381,0.394,0.388,0.395,0.382,0.382,0.386,0.396,0.393,0.387,0.388,0.393,0.415,0.553,0.449,0.392,0.403,0.0,0.381,0.371,0.394,0.382,0.395,0.413,0.4,0.391,0.38,0.396,0.412,0.418,1.0,0.424,0.426,0.408,0.623
0.456,0.678,0.375,0.403,0.651,0.696,0.535,0.414,0.469,0.413,0.605,0.422,0.635,0.414,0.416,0.535,0.679,0.624,0.62,0.533,0.606,0.613,0.623,0.679,0.672,0.672,0.624,0.411,0.45,0.467,0.397,0.62,0.0,0.618,0.643,0.389,0.536,0.611,0.418,0.64,0.394,0.699,0.629,0.412,0.414,0.424,1.0,0.997,0.413,0.451
0.457,0.679,0.375,0.402,0.651,0.695,0.535,0.413,0.468,0.413,0.603,0.423,0.633,0.413,0.416,0.535,0.679,0.622,0.618,0.533,0.606,0.611,0.622,0.678,0.671,0.671,0.622,0.41,0.451,0.465,0.396,0.62,0.0,0.618,0.644,0.388,0.536,0.612,0.419,0.639,0.393,0.698,0.63,0.411,0.415,0.426,0.997,1.0,0.413,0.451
0.393,0.434,0.336,0.664,0.41,0.428,0.383,0.648,0.413,0.69,0.398,0.656,0.406,0.672,0.65,0.398,0.413,0.398,0.399,0.384,0.378,0.404,0.397,0.413,0.432,0.436,0.404,0.668,0.432,0.423,0.658,0.378,0.0,0.39,0.388,0.597,0.385,0.392,0.627,0.389,0.658,0.384,0.387,0.662,0.651,0.408,0.413,0.413,1.0,0.447
0.543,0.462,0.394,0.438,0.438,0.463,0.437,0.456,0.514,0.458,0.429,0.452,0.439,0.453,0.464,0.433,0.442,0.453,0.446,0.435,0.426,0.441,0.447,0.432,0.436,0.434,0.443,0.45,0.827,0.492,0.425,0.44,0.0,0.438,0.42,0.445,0.435,0.444,0.459,0.455,0.426,0.429,0.44,0.45,0.452,0.623,0.451,0.451,0.447,1.0
