GCF_000163235.1_ASM16323v1_genomic.fna,GCF_000164555.1_ASM16455v1_genomic.fna,GCF_000208545.1_ASM20854v2_genomic.fna,GCF_000233875.1_ASM23387v1_genomic.fna,GCF_000249735.1_ASM24973v2_genomic.fna,GCF_000261145.1_Esch_coli_M919_V2_genomic.fna,GCF_000267705.2_ASM26770v2_genomic.fna,GCF_000350665.1_Esch_coli_KTE5_V1_genomic.fna,GCF_000351625.1_Esch_coli_KTE66_V1_genomic.fna,GCF_000352285.1_Esch_coli_KTE46_V1_genomic.fna,GCF_000358895.1_ASM35889v1_genomic.fna,GCF_000456385.1_Esch_coli_HVH_26_4-5703913_V1_genomic.fna,GCF_000458195.1_Esch_coli_HVH_147_4-5893887_V1_genomic.fna,GCF_000459755.1_Esch_coli_KOEGE_58_171a_V1_genomic.fna,GCF_000460055.1_Esch_coli_UMEA_3053-1_V1_genomic.fna,GCF_000462165.2_ASM46216v2_genomic.fna,GCF_000601135.1_ASM60113v1_genomic.fna,GCF_000614595.1_Ec2010EL1058_genomic.fna,GCF_000617745.1_Ec2010C-4529_genomic.fna,GCF_000618265.2_EcF6751_genomic.fna,GCF_000619005.2_Ec2009C-4052_genomic.fna,GCF_000619105.1_Ec2009C-4780_genomic.fna,GCF_000619765.2_Ec2009C-3279_genomic.fna,GCF_000687005.1_ASM68700v1_genomic.fna,GCF_000687025.1_ASM68702v1_genomic.fna,GCF_000700125.1_ASM70012v1_genomic.fna,GCF_000753315.1_FHI35_genomic.fna,GCF_000776375.1_ASM77637v1_genomic.fna,GCF_000779395.1_ASM77939v1_genomic.fna,GCF_000780315.1_ASM78031v1_genomic.fna,GCF_000781995.1_ASM78199v1_genomic.fna,GCF_000986765.1_ASM98676v1_genomic.fna,GCF_001041375.1_ViralProj287958_genomic.fna,GCF_001265335.1_302014_genomic.fna,GCF_001265625.1_100854_genomic.fna,GCF_001267345.1_303289_genomic.fna,GCF_001309985.1_ASM130998v1_genomic.fna,GCF_001521695.1_ASM152169v1_genomic.fna,GCF_001592595.1_ASM159259v1_genomic.fna,GCF_001614975.1_ASM161497v1_genomic.fna,GCF_001692775.1_ASM169277v1_genomic.fna,GCF_001748915.1_ASM174891v1_genomic.fna,GCF_001749235.1_ASM174923v1_genomic.fna,GCF_001881155.1_ASM188115v1_genomic.fna,GCF_001881345.1_ASM188134v1_genomic.fna,GCF_001892405.1_ASM189240v1_genomic.fna,GCF_001892585.1_ASM189258v1_genomic.fna,GCF_001893985.1_ASM189398v1_genomic.fna,GCF_002001595.1_ASM200159v1_genomic.fna,GCF_002002145.1_ASM200214v1_genomic.fna
1.0,0.486,0.389,0.439,0.507,0.483,0.451,0.441,0.594,0.425,0.479,0.455,0.485,0.434,0.425,0.465,0.465,0.477,0.47,0.445,0.454,0.464,0.453,0.493,0.479,0.468,0.469,0.435,0.518,0.587,0.426,0.464,0.0,0.454,0.462,0.418,0.445,0.491,0.415,0.486,0.437,0.469,0.467,0.437,0.444,0.455,0.462,0.461,0.428,0.517
0.486,1.0,0.338,0.404,0.614,0.774,0.519,0.417,0.458,0.398,0.576,0.42,0.583,0.388,0.384,0.536,0.709,0.591,0.588,0.513,0.589,0.596,0.602,0.786,0.793,0.699,0.591,0.401,0.439,0.46,0.389,0.605,0.0,0.591,0.731,0.385,0.511,0.615,0.387,0.588,0.398,0.66,0.593,0.423,0.426,0.406,0.662,0.665,0.409,0.448
0.389,0.338,1.0,0.311,0.345,0.339,0.326,0.342,0.39,0.308,0.331,0.328,0.341,0.335,0.317,0.336,0.348,0.323,0.325,0.324,0.325,0.337,0.338,0.332,0.333,0.331,0.328,0.341,0.374,0.375,0.327,0.324,0.0,0.347,0.316,0.305,0.322,0.334,0.324,0.335,0.331,0.329,0.344,0.351,0.343,0.35,0.344,0.344,0.338,0.378
0.439,0.404,0.311,1.0,0.422,0.387,0.369,0.699,0.431,0.73,0.418,0.724,0.412,0.773,0.767,0.377,0.395,0.395,0.403,0.364,0.386,0.406,0.4,0.416,0.399,0.4,0.387,0.742,0.482,0.411,0.719,0.395,0.0,0.396,0.402,0.613,0.364,0.397,0.677,0.404,0.745,0.398,0.389,0.717,0.708,0.415,0.384,0.383,0.661,0.48
0.507,0.614,0.345,0.422,1.0,0.643,0.53,0.432,0.475,0.406,0.773,0.423,0.71,0.41,0.406,0.547,0.624,0.673,0.685,0.524,0.689,0.694,0.676,0.634,0.624,0.627,0.689,0.422,0.471,0.483,0.412,0.672,0.0,0.683,0.6,0.404,0.522,0.71,0.408,0.705,0.427,0.641,0.706,0.421,0.426,0.405,0.643,0.645,0.413,0.451
0.483,0.774,0.339,0.387,0.643,1.0,0.539,0.416,0.464,0.379,0.594,0.399,0.604,0.382,0.378,0.553,0.704,0.621,0.609,0.535,0.601,0.614,0.62,0.783,0.8,0.678,0.601,0.396,0.454,0.464,0.382,0.616,0.0,0.608,0.751,0.389,0.532,0.633,0.401,0.603,0.391,0.678,0.618,0.406,0.409,0.401,0.697,0.697,0.396,0.458
0.451,0.519,0.326,0.369,0.53,0.539,1.0,0.383,0.435,0.352,0.516,0.374,0.522,0.364,0.362,0.957,0.538,0.545,0.528,0.981,0.577,0.546,0.574,0.539,0.537,0.526,0.522,0.366,0.412,0.441,0.365,0.541,0.0,0.537,0.51,0.378,0.982,0.518,0.37,0.517,0.366,0.522,0.53,0.376,0.379,0.4,0.517,0.517,0.365,0.421
0.441,0.417,0.342,0.699,0.432,0.416,0.383,1.0,0.427,0.685,0.399,0.69,0.411,0.699,0.679,0.396,0.413,0.396,0.395,0.379,0.387,0.41,0.403,0.422,0.414,0.395,0.401,0.901,0.491,0.411,0.711,0.4,0.0,0.4,0.384,0.599,0.379,0.428,0.658,0.418,0.708,0.401,0.409,0.914,0.895,0.439,0.398,0.398,0.66,0.487
0.594,0.458,0.39,0.431,0.475,0.464,0.435,0.427,1.0,0.422,0.46,0.433,0.466,0.429,0.428,0.444,0.441,0.467,0.451,0.432,0.455,0.461,0.452,0.471,0.457,0.445,0.465,0.421,0.503,0.593,0.416,0.443,0.0,0.452,0.441,0.433,0.431,0.459,0.414,0.471,0.418,0.461,0.473,0.419,0.417,0.455,0.446,0.446,0.425,0.516
0.425,0.398,0.308,0.73,0.406,0.379,0.352,0.685,0.422,1.0,0.423,0.696,0.399,0.728,0.717,0.365,0.378,0.373,0.378,0.349,0.363,0.377,0.361,0.404,0.384,0.385,0.371,0.713,0.451,0.402,0.716,0.358,0.0,0.364,0.399,0.614,0.349,0.383,0.66,0.392,0.734,0.386,0.374,0.689,0.691,0.395,0.372,0.371,0.66,0.437
0.479,0.576,0.331,0.418,0.773,0.594,0.516,0.399,0.46,0.423,1.0,0.407,0.725,0.408,0.403,0.531,0.583,0.664,0.68,0.51,0.668,0.691,0.659,0.637,0.584,0.612,0.673,0.409,0.437,0.465,0.389,0.646,0.0,0.657,0.628,0.399,0.509,0.679,0.396,0.704,0.401,0.63,0.69,0.395,0.395,0.377,0.587,0.588,0.395,0.426
0.455,0.42,0.328,0.724,0.423,0.399,0.374,0.69,0.433,0.696,0.407,1.0,0.412,0.739,0.84,0.389,0.397,0.387,0.397,0.368,0.385,0.394,0.38,0.422,0.4,0.403,0.383,0.718,0.485,0.423,0.679,0.384,0.0,0.387,0.389,0.61,0.37,0.404,0.666,0.398,0.711,0.402,0.39,0.702,0.695,0.416,0.397,0.396,0.649,0.467
0.485,0.583,0.341,0.412,0.71,0.604,0.522,0.411,0.466,0.399,0.725,0.412,1.0,0.408,0.402,0.535,0.595,0.702,0.722,0.516,0.71,0.78,0.754,0.63,0.592,0.612,0.724,0.417,0.453,0.478,0.393,0.693,0.0,0.744,0.6,0.397,0.516,0.723,0.405,0.752,0.406,0.636,0.718,0.402,0.399,0.38,0.613,0.613,0.404,0.44
0.434,0.388,0.335,0.773,0.41,0.382,0.364,0.699,0.429,0.728,0.408,0.739,0.408,1.0,0.783,0.374,0.387,0.389,0.396,0.36,0.381,0.398,0.39,0.406,0.391,0.387,0.388,0.736,0.472,0.404,0.727,0.382,0.0,0.384,0.388,0.624,0.36,0.397,0.666,0.394,0.748,0.384,0.382,0.72,0.714,0.422,0.373,0.373,0.669,0.464
0.425,0.384,0.317,0.767,0.406,0.378,0.362,0.679,0.428,0.717,0.403,0.84,0.402,0.783,1.0,0.372,0.376,0.384,0.386,0.358,0.378,0.384,0.379,0.402,0.387,0.381,0.377,0.716,0.469,0.401,0.708,0.374,0.0,0.374,0.395,0.61,0.358,0.39,0.674,0.39,0.728,0.382,0.381,0.699,0.694,0.41,0.38,0.38,0.649,0.471
0.465,0.536,0.336,0.377,0.547,0.553,0.957,0.396,0.444,0.365,0.531,0.389,0.535,0.374,0.372,1.0,0.547,0.546,0.54,0.951,0.571,0.559,0.568,0.547,0.549,0.533,0.528,0.379,0.421,0.453,0.377,0.537,0.0,0.545,0.517,0.389,0.947,0.533,0.383,0.533,0.378,0.533,0.539,0.388,0.392,0.4,0.528,0.528,0.381,0.429
0.465,0.709,0.348,0.395,0.624,0.704,0.538,0.413,0.441,0.378,0.583,0.397,0.595,0.387,0.376,0.547,1.0,0.6,0.586,0.533,0.602,0.616,0.615,0.726,0.728,0.735,0.595,0.393,0.441,0.439,0.381,0.64,0.0,0.63,0.668,0.4,0.532,0.594,0.386,0.601,0.385,0.663,0.606,0.403,0.413,0.4,0.675,0.678,0.389,0.442
0.477,0.591,0.323,0.395,0.673,0.621,0.545,0.396,0.467,0.373,0.664,0.387,0.702,0.389,0.384,0.546,0.6,1.0,0.755,0.537,0.722,0.737,0.711,0.619,0.595,0.616,0.686,0.391,0.442,0.471,0.39,0.668,0.0,0.68,0.592,0.399,0.534,0.67,0.387,0.7,0.392,0.63,0.686,0.388,0.389,0.393,0.605,0.607,0.393,0.441
0.47,0.588,0.325,0.403,0.685,0.609,0.528,0.395,0.451,0.378,0.68,0.397,0.722,0.396,0.386,0.54,0.586,0.755,1.0,0.52,0.726,0.738,0.713,0.619,0.599,0.606,0.698,0.392,0.437,0.469,0.389,0.689,0.0,0.691,0.592,0.404,0.52,0.686,0.392,0.703,0.398,0.617,0.692,0.388,0.386,0.385,0.598,0.6,0.396,0.439
0.445,0.513,0.324,0.364,0.524,0.535,0.981,0.379,0.432,0.349,0.51,0.368,0.516,0.36,0.358,0.951,0.533,0.537,0.52,1.0,0.57,0.539,0.568,0.533,0.536,0.519,0.514,0.362,0.41,0.435,0.361,0.534,0.0,0.53,0.506,0.372,0.993,0.511,0.366,0.51,0.362,0.516,0.522,0.372,0.376,0.398,0.512,0.512,0.361,0.416
0.454,0.589,0.325,0.386,0.689,0.601,0.577,0.387,0.455,0.363,0.668,0.385,0.71,0.381,0.378,0.571,0.602,0.722,0.726,0.57,1.0,0.742,0.75,0.599,0.592,0.596,0.711,0.383,0.416,0.454,0.385,0.717,0.0,0.723,0.576,0.387,0.569,0.691,0.383,0.705,0.387,0.593,0.7,0.387,0.389,0.399,0.605,0.608,0.378,0.426
0.464,0.596,0.337,0.406,0.694,0.614,0.546,0.41,0.461,0.377,0.691,0.394,0.78,0.398,0.384,0.559,0.616,0.737,0.738,0.539,0.742,1.0,0.894,0.62,0.608,0.606,0.731,0.397,0.446,0.465,0.392,0.715,0.0,0.853,0.59,0.389,0.537,0.719,0.391,0.742,0.395,0.623,0.731,0.398,0.395,0.388,0.61,0.611,0.394,0.446
0.453,0.602,0.338,0.4,0.676,0.62,0.574,0.403,0.452,0.361,0.659,0.38,0.754,0.39,0.379,0.568,0.615,0.711,0.713,0.568,0.75,0.894,1.0,0.604,0.604,0.593,0.729,0.389,0.435,0.447,0.387,0.738,0.0,0.84,0.572,0.385,0.566,0.707,0.386,0.714,0.39,0.605,0.707,0.396,0.396,0.398,0.606,0.609,0.379,0.443
0.493,0.786,0.332,0.416,0.634,0.783,0.539,0.422,0.471,0.404,0.637,0.422,0.63,0.406,0.402,0.547,0.726,0.619,0.619,0.533,0.599,0.62,0.604,1.0,0.807,0.736,0.605,0.409,0.457,0.482,0.388,0.608,0.0,0.603,0.816,0.41,0.532,0.607,0.398,0.61,0.402,0.702,0.605,0.394,0.397,0.39,0.667,0.668,0.397,0.438
0.479,0.793,0.333,0.399,0.624,0.8,0.537,0.414,0.457,0.384,0.584,0.4,0.592,0.391,0.387,0.549,0.728,0.595,0.599,0.536,0.592,0.608,0.604,0.807,1.0,0.728,0.593,0.397,0.444,0.461,0.391,0.634,0.0,0.593,0.779,0.392,0.535,0.602,0.391,0.597,0.397,0.67,0.609,0.415,0.413,0.398,0.672,0.672,0.406,0.444
0.468,0.699,0.331,0.4,0.627,0.678,0.526,0.395,0.445,0.385,0.612,0.403,0.612,0.387,0.381,0.533,0.735,0.616,0.606,0.519,0.596,0.606,0.593,0.736,0.728,1.0,0.585,0.392,0.447,0.459,0.38,0.602,0.0,0.584,0.689,0.396,0.518,0.59,0.376,0.612,0.392,0.692,0.591,0.396,0.392,0.387,0.675,0.676,0.404,0.432
0.469,0.591,0.328,0.387,0.689,0.601,0.522,0.401,0.465,0.371,0.673,0.383,0.724,0.388,0.377,0.528,0.595,0.686,0.698,0.514,0.711,0.731,0.729,0.605,0.593,0.585,1.0,0.387,0.432,0.453,0.388,0.729,0.0,0.711,0.572,0.383,0.514,0.81,0.377,0.739,0.387,0.598,0.816,0.396,0.391,0.381,0.594,0.596,0.388,0.437
0.435,0.401,0.341,0.742,0.422,0.396,0.366,0.901,0.421,0.713,0.409,0.718,0.417,0.736,0.716,0.379,0.393,0.391,0.392,0.362,0.383,0.397,0.389,0.409,0.397,0.392,0.387,1.0,0.488,0.411,0.716,0.388,0.0,0.388,0.388,0.614,0.362,0.409,0.674,0.404,0.742,0.393,0.388,0.954,0.932,0.426,0.386,0.385,0.675,0.47
0.518,0.439,0.374,0.482,0.471,0.454,0.412,0.491,0.503,0.451,0.437,0.485,0.453,0.472,0.469,0.421,0.441,0.442,0.437,0.41,0.416,0.446,0.435,0.457,0.444,0.447,0.432,0.488,1.0,0.501,0.474,0.432,0.0,0.432,0.429,0.469,0.408,0.437,0.454,0.448,0.48,0.449,0.434,0.485,0.487,0.555,0.434,0.433,0.463,0.833
0.587,0.46,0.375,0.411,0.483,0.464,0.441,0.411,0.593,0.402,0.465,0.423,0.478,0.404,0.401,0.453,0.439,0.471,0.469,0.435,0.454,0.465,0.447,0.482,0.461,0.459,0.453,0.411,0.501,1.0,0.407,0.45,0.0,0.448,0.442,0.426,0.435,0.468,0.406,0.484,0.417,0.465,0.466,0.407,0.405,0.462,0.46,0.461,0.409,0.504
0.426,0.389,0.327,0.719,0.412,0.382,0.365,0.711,0.416,0.716,0.389,0.679,0.393,0.727,0.708,0.377,0.381,0.39,0.389,0.361,0.385,0.392,0.387,0.388,0.391,0.38,0.388,0.716,0.474,0.407,1.0,0.375,0.0,0.385,0.367,0.621,0.361,0.392,0.666,0.405,0.897,0.38,0.383,0.718,0.714,0.428,0.371,0.37,0.662,0.473
0.464,0.605,0.324,0.395,0.672,0.616,0.541,0.4,0.443,0.358,0.646,0.384,0.693,0.382,0.374,0.537,0.64,0.668,0.689,0.534,0.717,0.715,0.738,0.608,0.634,0.602,0.729,0.388,0.432,0.45,0.375,1.0,0.0,0.712,0.571,0.371,0.532,0.727,0.382,0.722,0.372,0.613,0.728,0.396,0.401,0.4,0.62,0.623,0.375,0.43
0.0,0.0,0.0,0.0,0.0,0.0,0.0,0.0,0.0,0.0,0.0,0.0,0.0,0.0,0.0,0.0,0.0,0.0,0.0,0.0,0.0,0.0,0.0,0.0,0.0,0.0,0.0,0.0,0.0,0.0,0.0,0.0,1.0,0.0,0.0,0.0,0.0,0.0,0.0,0.0,0.0,0.0,0.0,0.0,0.0,0.0,0.0,0.0,0.0,0.0
0.454,0.591,0.347,0.396,0.683,0.608,0.537,0.4,0.452,0.364,0.657,0.387,0.744,0.384,0.374,0.545,0.63,0.68,0.691,0.53,0.723,0.853,0.84,0.603,0.593,0.584,0.711,0.388,0.432,0.448,0.385,0.712,0.0,1.0,0.567,0.406,0.53,0.693,0.397,0.718,0.379,0.602,0.712,0.393,0.397,0.387,0.606,0.609,0.381,0.439
0.462,0.731,0.316,0.402,0.6,0.751,0.51,0.384,0.441,0.399,0.628,0.389,0.6,0.388,0.395,0.517,0.668,0.592,0.592,0.506,0.576,0.59,0.572,0.816,0.779,0.689,0.572,0.388,0.429,0.442,0.367,0.571,0.0,0.567,1.0,0.393,0.504,0.576,0.377,0.589,0.382,0.654,0.58,0.373,0.379,0.374,0.629,0.628,0.374,0.419
0.418,0.385,0.305,0.613,0.404,0.389,0.378,0.599,0.433,0.614,0.399,0.61,0.397,0.624,0.61,0.389,0.4,0.399,0.404,0.372,0.387,0.389,0.385,0.41,0.392,0.396,0.383,0.614,0.469,0.426,0.621,0.371,0.0,0.406,0.393,1.0,0.373,0.386,0.643,0.409,0.639,0.399,0.384,0.595,0.596,0.411,0.38,0.379,0.607,0.465
0.445,0.511,0.322,0.364,0.522,0.532,0.982,0.379,0.431,0.349,0.509,0.37,0.516,0.36,0.358,0.947,0.532,0.534,0.52,0.993,0.569,0.537,0.566,0.532,0.535,0.518,0.514,0.362,0.408,0.435,0.361,0.532,0.0,0.53,0.504,0.373,1.0,0.511,0.366,0.51,0.361,0.515,0.521,0.372,0.374,0.399,0.51,0.51,0.362,0.416
0.491,0.615,0.334,0.397,0.71,0.633,0.518,0.428,0.459,0.383,0.679,0.404,0.723,0.397,0.39,0.533,0.594,0.67,0.686,0.511,0.691,0.719,0.707,0.607,0.602,0.59,0.81,0.409,0.437,0.468,0.392,0.727,0.0,0.693,0.576,0.386,0.511,1.0,0.403,0.743,0.4,0.617,0.846,0.417,0.408,0.4,0.618,0.618,0.404,0.444
0.415,0.387,0.324,0.677,0.408,0.401,0.37,0.658,0.414,0.66,0.396,0.666,0.405,0.666,0.674,0.383,0.386,0.387,0.392,0.366,0.383,0.391,0.386,0.398,0.391,0.376,0.377,0.674,0.454,0.406,0.666,0.382,0.0,0.397,0.377,0.643,0.366,0.403,1.0,0.403,0.684,0.399,0.39,0.655,0.653,0.407,0.387,0.386,0.643,0.449
0.486,0.588,0.335,0.404,0.705,0.603,0.517,0.418,0.471,0.392,0.704,0.398,0.752,0.394,0.39,0.533,0.601,0.7,0.703,0.51,0.705,0.742,0.714,0.61,0.597,0.612,0.739,0.404,0.448,0.484,0.405,0.722,0.0,0.718,0.589,0.409,0.51,0.743,0.403,1.0,0.408,0.618,0.746,0.403,0.409,0.402,0.63,0.63,0.402,0.451
0.437,0.398,0.331,0.745,0.427,0.391,0.366,0.708,0.418,0.734,0.401,0.711,0.406,0.748,0.728,0.378,0.385,0.392,0.398,0.362,0.387,0.395,0.39,0.402,0.397,0.392,0.387,0.742,0.48,0.417,0.897,0.372,0.0,0.379,0.382,0.639,0.361,0.4,0.684,0.408,1.0,0.395,0.385,0.725,0.719,0.42,0.374,0.373,0.675,0.469
0.469,0.66,0.329,0.398,0.641,0.678,0.522,0.401,0.461,0.386,0.63,0.402,0.636,0.384,0.382,0.533,0.663,0.63,0.617,0.516,0.593,0.623,0.605,0.702,0.67,0.692,0.598,0.393,0.449,0.465,0.38,0.613,0.0,0.602,0.654,0.399,0.515,0.617,0.399,0.618,0.395,1.0,0.638,0.39,0.387,0.38,0.715,0.717,0.388,0.435
0.467,0.593,0.344,0.389,0.706,0.618,0.53,0.409,0.473,0.374,0.69,0.39,0.718,0.382,0.381,0.539,0.606,0.686,0.692,0.522,0.7,0.731,0.707,0.605,0.609,0.591,0.816,0.388,0.434,0.466,0.383,0.728,0.0,0.712,0.58,0.384,0.521,0.846,0.39,0.746,0.385,0.638,1.0,0.397,0.398,0.392,0.611,0.612,0.39,0.433
0.437,0.423,0.351,0.717,0.421,0.406,0.376,0.914,0.419,0.689,0.395,0.702,0.402,0.72,0.699,0.388,0.403,0.388,0.388,0.372,0.387,0.398,0.396,0.394,0.415,0.396,0.396,0.954,0.485,0.407,0.718,0.396,0.0,0.393,0.373,0.595,0.372,0.417,0.655,0.403,0.725,0.39,0.397,1.0,0.959,0.435,0.397,0.397,0.679,0.479
0.444,0.426,0.343,0.708,0.426,0.409,0.379,0.895,0.417,0.691,0.395,0.695,0.399,0.714,0.694,0.392,0.413,0.389,0.386,0.376,0.389,0.395,0.396,0.397,0.413,0.392,0.391,0.932,0.487,0.405,0.714,0.401,0.0,0.397,0.379,0.596,0.374,0.408,0.653,0.409,0.719,0.387,0.398,0.959,1.0,0.433,0.41,0.41,0.667,0.48
0.455,0.406,0.35,0.415,0.405,0.401,0.4,0.439,0.455,0.395,0.377,0.416,0.38,0.422,0.41,0.4,0.4,0.393,0.385,0.398,0.399,0.388,0.398,0.39,0.398,0.387,0.381,0.426,0.555,0.462,0.428,0.4,0.0,0.387,0.374,0.411,0.399,0.4,0.407,0.402,0.42,0.38,0.392,0.435,0.433,1.0,0.421,0.421,0.419,0.605
0.462,0.662,0.344,0.384,0.643,0.697,0.517,0.398,0.446,0.372,0.587,0.397,0.613,0.373,0.38,0.528,0.675,0.605,0.598,0.512,0.605,0.61,0.606,0.667,0.672,0.675,0.594,0.386,0.434,0.46,0.371,0.62,0.0,0.606,0.629,0.38,0.51,0.618,0.387,0.63,0.374,0.715,0.611,0.397,0.41,0.421,1.0,0.996,0.391,0.45
0.461,0.665,0.344,0.383,0.645,0.697,0.517,0.398,0.446,0.371,0.588,0.396,0.613,0.373,0.38,0.528,0.678,0.607,0.6,0.512,0.608,0.611,0.609,0.668,0.672,0.676,0.596,0.385,0.433,0.461,0.37,0.623,0.0,0.609,0.628,0.379,0.51,0.618,0.386,0.63,0.373,0.717,0.612,0.397,0.41,0.421,0.996,1.0,0.39,0.45
0.428,0.409,0.338,0.661,0.413,0.396,0.365,0.66,0.425,0.66,0.395,0.649,0.404,0.669,0.649,0.381,0.389,0.393,0.396,0.361,0.378,0.394,0.379,0.397,0.406,0.404,0.388,0.675,0.463,0.409,0.662,0.375,0.0,0.381,0.374,0.607,0.362,0.404,0.643,0.402,0.675,0.388,0.39,0.679,0.667,0.419,0.391,0.39,1.0,0.455
0.517,0.448,0.378,0.48,0.451,0.458,0.421,0.487,0.516,0.437,0.426,0.467,0.44,0.464,0.471,0.429,0.442,0.441,0.439,0.416,0.426,0.446,0.443,0.438,0.444,0.432,0.437,0.47,0.833,0.504,0.473,0.43,0.0,0.439,0.419,0.465,0.416,0.444,0.449,0.451,0.469,0.435,0.433,0.479,0.48,0.605,0.45,0.45,0.455,1.0
