GCF_000163235.1_ASM16323v1_genomic.fna,GCF_000164555.1_ASM16455v1_genomic.fna,GCF_000208545.1_ASM20854v2_genomic.fna,GCF_000233875.1_ASM23387v1_genomic.fna,GCF_000249735.1_ASM24973v2_genomic.fna,GCF_000261145.1_Esch_coli_M919_V2_genomic.fna,GCF_000267705.2_ASM26770v2_genomic.fna,GCF_000350665.1_Esch_coli_KTE5_V1_genomic.fna,GCF_000351625.1_Esch_coli_KTE66_V1_genomic.fna,GCF_000352285.1_Esch_coli_KTE46_V1_genomic.fna,GCF_000358895.1_ASM35889v1_genomic.fna,GCF_000456385.1_Esch_coli_HVH_26_4-5703913_V1_genomic.fna,GCF_000458195.1_Esch_coli_HVH_147_4-5893887_V1_genomic.fna,GCF_000459755.1_Esch_coli_KOEGE_58_171a_V1_genomic.fna,GCF_000460055.1_Esch_coli_UMEA_3053-1_V1_genomic.fna,GCF_000462165.2_ASM46216v2_genomic.fna,GCF_000601135.1_ASM60113v1_genomic.fna,GCF_000614595.1_Ec2010EL1058_genomic.fna,GCF_000617745.1_Ec2010C-4529_genomic.fna,GCF_000618265.2_EcF6751_genomic.fna,GCF_000619005.2_Ec2009C-4052_genomic.fna,GCF_000619105.1_Ec2009C-4780_genomic.fna,GCF_000619765.2_Ec2009C-3279_genomic.fna,GCF_000687005.1_ASM68700v1_genomic.fna,GCF_000687025.1_ASM68702v1_genomic.fna,GCF_000700125.1_ASM70012v1_genomic.fna,GCF_000753315.1_FHI35_genomic.fna,GCF_000776375.1_ASM77637v1_genomic.fna,GCF_000779395.1_ASM77939v1_genomic.fna,GCF_000780315.1_ASM78031v1_genomic.fna,GCF_000781995.1_ASM78199v1_genomic.fna,GCF_000986765.1_ASM98676v1_genomic.fna,GCF_001041375.1_ViralProj287958_genomic.fna,GCF_001265335.1_302014_genomic.fna,GCF_001265625.1_100854_genomic.fna,GCF_001267345.1_303289_genomic.fna,GCF_001309985.1_ASM130998v1_genomic.fna,GCF_001521695.1_ASM152169v1_genomic.fna,GCF_001592595.1_ASM159259v1_genomic.fna,GCF_001614975.1_ASM161497v1_genomic.fna,GCF_001692775.1_ASM169277v1_genomic.fna,GCF_001748915.1_ASM174891v1_genomic.fna,GCF_001749235.1_ASM174923v1_genomic.fna,GCF_001881155.1_ASM188115v1_genomic.fna,GCF_001881345.1_ASM188134v1_genomic.fna,GCF_001892405.1_ASM189240v1_genomic.fna,GCF_001892585.1_ASM189258v1_genomic.fna,GCF_001893985.1_ASM189398v1_genomic.fna,GCF_002001595.1_ASM200159v1_genomic.fna,GCF_002002145.1_ASM200214v1_genomic.fna
1.0,0.487,0.389,0.422,0.466,0.462,0.439,0.414,0.575,0.428,0.463,0.416,0.468,0.412,0.403,0.456,0.449,0.469,0.462,0.432,0.46,0.47,0.473,0.492,0.466,0.456,0.467,0.413,0.505,0.574,0.389,0.465,0.0,0.462,0.426,0.418,0.439,0.489,0.392,0.479,0.384,0.463,0.473,0.404,0.414,0.459,0.462,0.462,0.405,0.504
0.487,1.0,0.362,0.417,0.626,0.794,0.492,0.422,0.468,0.423,0.58,0.427,0.592,0.417,0.418,0.508,0.699,0.596,0.585,0.487,0.592,0.604,0.61,0.813,0.817,0.717,0.586,0.425,0.458,0.471,0.406,0.603,0.0,0.599,0.739,0.422,0.493,0.615,0.406,0.596,0.398,0.681,0.592,0.422,0.42,0.415,0.666,0.666,0.439,0.458
0.389,0.362,1.0,0.304,0.353,0.348,0.334,0.316,0.367,0.323,0.348,0.314,0.338,0.313,0.311,0.34,0.347,0.331,0.337,0.33,0.337,0.336,0.341,0.354,0.351,0.334,0.345,0.315,0.361,0.357,0.307,0.355,0.0,0.345,0.312,0.315,0.334,0.355,0.312,0.342,0.31,0.346,0.356,0.313,0.309,0.346,0.351,0.351,0.325,0.359
0.422,0.417,0.304,1.0,0.409,0.398,0.381,0.676,0.434,0.742,0.405,0.717,0.401,0.777,0.751,0.386,0.39,0.4,0.389,0.375,0.38,0.403,0.406,0.415,0.408,0.398,0.404,0.728,0.471,0.42,0.713,0.403,0.0,0.388,0.375,0.62,0.378,0.396,0.669,0.401,0.714,0.395,0.4,0.704,0.706,0.437,0.406,0.406,0.656,0.475
0.466,0.626,0.353,0.409,1.0,0.632,0.502,0.434,0.467,0.425,0.751,0.427,0.692,0.427,0.442,0.519,0.633,0.651,0.649,0.497,0.674,0.676,0.687,0.62,0.623,0.616,0.669,0.428,0.469,0.454,0.42,0.679,0.0,0.678,0.586,0.425,0.501,0.693,0.424,0.701,0.415,0.624,0.685,0.412,0.418,0.423,0.634,0.635,0.424,0.466
0.462,0.794,0.348,0.398,0.632,1.0,0.511,0.424,0.468,0.407,0.579,0.409,0.589,0.408,0.41,0.53,0.699,0.614,0.595,0.507,0.593,0.603,0.618,0.794,0.819,0.691,0.574,0.415,0.472,0.463,0.399,0.6,0.0,0.611,0.746,0.42,0.511,0.598,0.421,0.59,0.396,0.683,0.591,0.4,0.406,0.416,0.669,0.67,0.417,0.469
0.439,0.492,0.334,0.381,0.502,0.511,1.0,0.397,0.447,0.379,0.491,0.394,0.483,0.386,0.381,0.95,0.512,0.517,0.5,0.984,0.523,0.517,0.535,0.502,0.498,0.491,0.494,0.386,0.417,0.431,0.379,0.506,0.0,0.5,0.476,0.394,0.991,0.486,0.397,0.493,0.38,0.509,0.494,0.39,0.393,0.425,0.478,0.478,0.375,0.433
0.414,0.422,0.316,0.676,0.434,0.424,0.397,1.0,0.398,0.685,0.396,0.704,0.402,0.704,0.684,0.404,0.414,0.391,0.392,0.392,0.383,0.402,0.412,0.432,0.41,0.393,0.41,0.897,0.473,0.393,0.7,0.41,0.0,0.396,0.366,0.585,0.395,0.432,0.672,0.411,0.709,0.408,0.41,0.899,0.893,0.462,0.405,0.405,0.622,0.463
0.575,0.468,0.367,0.434,0.467,0.468,0.447,0.398,1.0,0.442,0.473,0.413,0.472,0.422,0.423,0.459,0.455,0.471,0.444,0.442,0.443,0.471,0.461,0.488,0.466,0.452,0.478,0.411,0.514,0.616,0.412,0.452,0.0,0.451,0.454,0.428,0.448,0.453,0.417,0.479,0.4,0.466,0.48,0.397,0.4,0.459,0.46,0.461,0.41,0.517
0.428,0.423,0.323,0.742,0.425,0.407,0.379,0.685,0.442,1.0,0.417,0.681,0.419,0.731,0.71,0.389,0.396,0.405,0.397,0.375,0.383,0.412,0.407,0.408,0.405,0.413,0.415,0.711,0.486,0.429,0.727,0.402,0.0,0.396,0.376,0.63,0.378,0.418,0.683,0.421,0.716,0.401,0.409,0.688,0.696,0.446,0.411,0.412,0.656,0.473
0.463,0.58,0.348,0.405,0.751,0.579,0.491,0.396,0.473,0.417,1.0,0.394,0.731,0.413,0.404,0.508,0.585,0.678,0.671,0.486,0.651,0.679,0.668,0.602,0.579,0.613,0.684,0.404,0.462,0.466,0.391,0.648,0.0,0.648,0.611,0.416,0.491,0.664,0.401,0.723,0.381,0.587,0.695,0.39,0.392,0.4,0.614,0.615,0.42,0.463
0.416,0.427,0.314,0.717,0.427,0.409,0.394,0.704,0.413,0.681,0.394,1.0,0.391,0.717,0.845,0.399,0.412,0.386,0.372,0.388,0.382,0.405,0.414,0.418,0.41,0.394,0.39,0.705,0.472,0.407,0.695,0.413,0.0,0.405,0.361,0.592,0.392,0.412,0.672,0.395,0.708,0.402,0.404,0.702,0.706,0.457,0.407,0.408,0.634,0.458
0.468,0.592,0.338,0.401,0.692,0.589,0.483,0.402,0.472,0.419,0.731,0.391,1.0,0.411,0.409,0.5,0.588,0.718,0.734,0.48,0.711,0.781,0.772,0.613,0.582,0.612,0.765,0.405,0.467,0.475,0.39,0.704,0.0,0.747,0.588,0.404,0.483,0.73,0.402,0.771,0.384,0.599,0.749,0.393,0.392,0.409,0.623,0.624,0.41,0.464
0.412,0.417,0.313,0.777,0.427,0.408,0.386,0.704,0.422,0.731,0.413,0.717,0.411,1.0,0.768,0.392,0.403,0.404,0.397,0.382,0.387,0.418,0.422,0.405,0.405,0.399,0.415,0.749,0.473,0.411,0.737,0.411,0.0,0.403,0.375,0.628,0.385,0.423,0.681,0.418,0.735,0.405,0.413,0.729,0.73,0.449,0.41,0.411,0.674,0.481
0.403,0.418,0.311,0.751,0.442,0.41,0.381,0.684,0.423,0.71,0.404,0.845,0.409,0.768,1.0,0.387,0.411,0.396,0.38,0.377,0.389,0.412,0.418,0.402,0.405,0.398,0.404,0.716,0.478,0.411,0.727,0.413,0.0,0.405,0.373,0.616,0.381,0.424,0.691,0.409,0.722,0.404,0.413,0.697,0.698,0.452,0.413,0.414,0.652,0.485
0.456,0.508,0.34,0.386,0.519,0.53,0.95,0.404,0.459,0.389,0.508,0.399,0.5,0.392,0.387,1.0,0.521,0.518,0.521,0.946,0.526,0.531,0.546,0.513,0.513,0.502,0.503,0.398,0.426,0.448,0.386,0.51,0.0,0.511,0.483,0.406,0.954,0.502,0.406,0.509,0.389,0.526,0.506,0.397,0.401,0.427,0.494,0.494,0.389,0.443
0.449,0.699,0.347,0.39,0.633,0.699,0.512,0.414,0.455,0.396,0.585,0.412,0.588,0.403,0.411,0.521,1.0,0.584,0.575,0.505,0.588,0.612,0.624,0.724,0.716,0.72,0.577,0.414,0.458,0.445,0.388,0.645,0.0,0.615,0.658,0.409,0.51,0.59,0.41,0.602,0.386,0.65,0.597,0.405,0.41,0.405,0.665,0.666,0.402,0.444
0.469,0.596,0.331,0.4,0.651,0.614,0.517,0.391,0.471,0.405,0.678,0.386,0.718,0.404,0.396,0.518,0.584,1.0,0.752,0.516,0.718,0.737,0.734,0.629,0.599,0.618,0.712,0.398,0.461,0.476,0.38,0.671,0.0,0.684,0.591,0.406,0.518,0.677,0.396,0.726,0.368,0.602,0.699,0.387,0.388,0.41,0.617,0.618,0.399,0.468
0.462,0.585,0.337,0.389,0.649,0.595,0.5,0.392,0.444,0.397,0.671,0.372,0.734,0.397,0.38,0.521,0.575,0.752,1.0,0.5,0.706,0.726,0.721,0.601,0.588,0.607,0.709,0.4,0.439,0.453,0.377,0.665,0.0,0.677,0.593,0.395,0.5,0.664,0.395,0.719,0.367,0.596,0.689,0.384,0.387,0.4,0.61,0.611,0.401,0.456
0.432,0.487,0.33,0.375,0.497,0.507,0.984,0.392,0.442,0.375,0.486,0.388,0.48,0.382,0.377,0.946,0.505,0.516,0.5,1.0,0.518,0.517,0.534,0.496,0.495,0.485,0.49,0.382,0.413,0.427,0.375,0.502,0.0,0.496,0.471,0.389,0.988,0.482,0.392,0.49,0.376,0.506,0.49,0.386,0.389,0.424,0.473,0.473,0.37,0.43
0.46,0.592,0.337,0.38,0.674,0.593,0.523,0.383,0.443,0.383,0.651,0.382,0.711,0.387,0.389,0.526,0.588,0.718,0.706,0.518,1.0,0.728,0.747,0.598,0.592,0.587,0.699,0.393,0.432,0.449,0.378,0.71,0.0,0.71,0.558,0.413,0.524,0.686,0.397,0.713,0.375,0.582,0.686,0.38,0.385,0.416,0.611,0.612,0.396,0.445
0.47,0.604,0.336,0.403,0.676,0.603,0.517,0.402,0.471,0.412,0.679,0.405,0.781,0.418,0.412,0.531,0.612,0.737,0.726,0.517,0.728,1.0,0.924,0.62,0.598,0.608,0.744,0.412,0.447,0.47,0.392,0.706,0.0,0.856,0.58,0.42,0.519,0.721,0.408,0.746,0.382,0.605,0.741,0.401,0.401,0.405,0.62,0.621,0.416,0.465
0.473,0.61,0.341,0.406,0.687,0.618,0.535,0.412,0.461,0.407,0.668,0.414,0.772,0.422,0.418,0.546,0.624,0.734,0.721,0.534,0.747,0.924,1.0,0.625,0.614,0.603,0.736,0.417,0.446,0.464,0.397,0.728,0.0,0.859,0.574,0.428,0.537,0.728,0.416,0.734,0.39,0.615,0.726,0.404,0.407,0.408,0.616,0.617,0.411,0.457
0.492,0.813,0.354,0.415,0.62,0.794,0.502,0.432,0.488,0.408,0.602,0.418,0.613,0.405,0.402,0.513,0.724,0.629,0.601,0.496,0.598,0.62,0.625,1.0,0.819,0.736,0.608,0.415,0.472,0.47,0.392,0.614,0.0,0.614,0.779,0.424,0.501,0.614,0.406,0.621,0.389,0.702,0.614,0.403,0.406,0.406,0.693,0.694,0.417,0.465
0.466,0.817,0.351,0.408,0.623,0.819,0.498,0.41,0.466,0.405,0.579,0.41,0.582,0.405,0.405,0.513,0.716,0.599,0.588,0.495,0.592,0.598,0.614,0.819,1.0,0.729,0.586,0.415,0.453,0.454,0.393,0.618,0.0,0.595,0.761,0.412,0.499,0.599,0.407,0.603,0.388,0.681,0.595,0.411,0.408,0.424,0.667,0.668,0.428,0.46
0.456,0.717,0.334,0.398,0.616,0.691,0.491,0.393,0.452,0.413,0.613,0.394,0.612,0.399,0.398,0.502,0.72,0.618,0.607,0.485,0.587,0.608,0.603,0.736,0.729,1.0,0.602,0.399,0.459,0.456,0.382,0.6,0.0,0.589,0.699,0.401,0.49,0.594,0.39,0.625,0.376,0.665,0.597,0.395,0.392,0.389,0.698,0.699,0.423,0.452
0.467,0.586,0.345,0.404,0.669,0.574,0.494,0.41,0.478,0.415,0.684,0.39,0.765,0.415,0.404,0.503,0.577,0.712,0.709,0.49,0.699,0.744,0.736,0.608,0.586,0.602,1.0,0.409,0.466,0.466,0.401,0.695,0.0,0.71,0.585,0.405,0.494,0.799,0.396,0.768,0.389,0.595,0.831,0.4,0.398,0.414,0.599,0.6,0.414,0.471
0.413,0.425,0.315,0.728,0.428,0.415,0.386,0.897,0.411,0.711,0.404,0.705,0.405,0.749,0.716,0.398,0.414,0.398,0.4,0.382,0.393,0.412,0.417,0.415,0.415,0.399,0.409,1.0,0.47,0.41,0.727,0.417,0.0,0.403,0.366,0.61,0.385,0.426,0.688,0.413,0.729,0.402,0.403,0.953,0.939,0.459,0.41,0.411,0.653,0.469
0.505,0.458,0.361,0.471,0.469,0.472,0.417,0.473,0.514,0.486,0.462,0.472,0.467,0.473,0.478,0.426,0.458,0.461,0.439,0.413,0.432,0.447,0.446,0.472,0.453,0.459,0.466,0.47,1.0,0.495,0.457,0.451,0.0,0.438,0.436,0.477,0.417,0.463,0.468,0.463,0.441,0.449,0.467,0.454,0.46,0.562,0.471,0.472,0.454,0.825
0.574,0.471,0.357,0.42,0.454,0.463,0.431,0.393,0.616,0.429,0.466,0.407,0.475,0.411,0.411,0.448,0.445,0.476,0.453,0.427,0.449,0.47,0.464,0.47,0.454,0.456,0.466,0.41,0.495,1.0,0.403,0.455,0.0,0.449,0.444,0.42,0.432,0.46,0.398,0.485,0.396,0.464,0.471,0.395,0.399,0.466,0.476,0.477,0.416,0.504
0.389,0.406,0.307,0.713,0.42,0.399,0.379,0.7,0.412,0.727,0.391,0.695,0.39,0.737,0.727,0.386,0.388,0.38,0.377,0.375,0.378,0.392,0.397,0.392,0.393,0.382,0.401,0.727,0.457,0.403,1.0,0.395,0.0,0.39,0.358,0.619,0.379,0.401,0.683,0.396,0.89,0.394,0.391,0.711,0.71,0.445,0.386,0.387,0.656,0.456
0.465,0.603,0.355,0.403,0.679,0.6,0.506,0.41,0.452,0.402,0.648,0.413,0.704,0.411,0.413,0.51,0.645,0.671,0.665,0.502,0.71,0.706,0.728,0.614,0.618,0.6,0.695,0.417,0.451,0.455,0.395,1.0,0.0,0.703,0.552,0.397,0.505,0.716,0.412,0.718,0.385,0.599,0.712,0.405,0.411,0.414,0.609,0.609,0.402,0.446
0.0,0.0,0.0,0.0,0.0,0.0,0.0,0.0,0.0,0.0,0.0,0.0,0.0,0.0,0.0,0.0,0.0,0.0,0.0,0.0,0.0,0.0,0.0,0.0,0.0,0.0,0.0,0.0,0.0,0.0,0.0,0.0,1.0,0.0,0.0,0.0,0.0,0.0,0.0,0.0,0.0,0.0,0.0,0.0,0.0,0.0,0.0,0.0,0.0,0.0
0.462,0.599,0.345,0.388,0.678,0.611,0.5,0.396,0.451,0.396,0.648,0.405,0.747,0.403,0.405,0.511,0.615,0.684,0.677,0.496,0.71,0.856,0.859,0.614,0.595,0.589,0.71,0.403,0.438,0.449,0.39,0.703,0.0,1.0,0.564,0.422,0.5,0.711,0.413,0.711,0.38,0.605,0.716,0.387,0.391,0.399,0.604,0.605,0.399,0.442
0.426,0.739,0.312,0.375,0.586,0.746,0.476,0.366,0.454,0.376,0.611,0.361,0.588,0.375,0.373,0.483,0.658,0.591,0.593,0.471,0.558,0.58,0.574,0.779,0.761,0.699,0.585,0.366,0.436,0.444,0.358,0.552,0.0,0.564,1.0,0.383,0.475,0.568,0.37,0.593,0.348,0.648,0.594,0.351,0.357,0.371,0.656,0.657,0.38,0.432
0.418,0.422,0.315,0.62,0.425,0.42,0.394,0.585,0.428,0.63,0.416,0.592,0.404,0.628,0.616,0.406,0.409,0.406,0.395,0.389,0.413,0.42,0.428,0.424,0.412,0.401,0.405,0.61,0.477,0.42,0.619,0.397,0.0,0.422,0.383,1.0,0.393,0.406,0.629,0.422,0.609,0.414,0.403,0.594,0.599,0.439,0.405,0.406,0.604,0.477
0.439,0.493,0.334,0.378,0.501,0.511,0.991,0.395,0.448,0.378,0.491,0.392,0.483,0.385,0.381,0.954,0.51,0.518,0.5,0.988,0.524,0.519,0.537,0.501,0.499,0.49,0.494,0.385,0.417,0.432,0.379,0.505,0.0,0.5,0.475,0.393,1.0,0.486,0.395,0.494,0.379,0.509,0.494,0.389,0.392,0.425,0.477,0.478,0.375,0.432
0.489,0.615,0.355,0.396,0.693,0.598,0.486,0.432,0.453,0.418,0.664,0.412,0.73,0.423,0.424,0.502,0.59,0.677,0.664,0.482,0.686,0.721,0.728,0.614,0.599,0.594,0.799,0.426,0.463,0.46,0.401,0.716,0.0,0.711,0.568,0.406,0.486,1.0,0.413,0.746,0.398,0.606,0.836,0.412,0.408,0.425,0.62,0.62,0.426,0.464
0.392,0.406,0.312,0.669,0.424,0.421,0.397,0.672,0.417,0.683,0.401,0.672,0.402,0.681,0.691,0.406,0.41,0.396,0.395,0.392,0.397,0.408,0.416,0.406,0.407,0.39,0.396,0.688,0.468,0.398,0.683,0.412,0.0,0.413,0.37,0.629,0.395,0.413,1.0,0.406,0.666,0.404,0.407,0.67,0.674,0.452,0.394,0.395,0.626,0.461
0.479,0.596,0.342,0.401,0.701,0.59,0.493,0.411,0.479,0.421,0.723,0.395,0.771,0.418,0.409,0.509,0.602,0.726,0.719,0.49,0.713,0.746,0.734,0.621,0.603,0.625,0.768,0.413,0.463,0.485,0.396,0.718,0.0,0.711,0.593,0.422,0.494,0.746,0.406,1.0,0.388,0.609,0.764,0.398,0.403,0.42,0.635,0.635,0.414,0.479
0.384,0.398,0.31,0.714,0.415,0.396,0.38,0.709,0.4,0.716,0.381,0.708,0.384,0.735,0.722,0.389,0.386,0.368,0.367,0.376,0.375,0.382,0.39,0.389,0.388,0.376,0.389,0.729,0.441,0.396,0.89,0.385,0.0,0.38,0.348,0.609,0.379,0.398,0.666,0.388,1.0,0.393,0.381,0.733,0.732,0.448,0.381,0.382,0.64,0.447
0.463,0.681,0.346,0.395,0.624,0.683,0.509,0.408,0.466,0.401,0.587,0.402,0.599,0.405,0.404,0.526,0.65,0.602,0.596,0.506,0.582,0.605,0.615,0.702,0.681,0.665,0.595,0.402,0.449,0.464,0.394,0.599,0.0,0.605,0.648,0.414,0.509,0.606,0.404,0.609,0.393,1.0,0.62,0.39,0.393,0.403,0.695,0.696,0.408,0.454
0.473,0.592,0.356,0.4,0.685,0.591,0.494,0.41,0.48,0.409,0.695,0.404,0.749,0.413,0.413,0.506,0.597,0.699,0.689,0.49,0.686,0.741,0.726,0.614,0.595,0.597,0.831,0.403,0.467,0.471,0.391,0.712,0.0,0.716,0.594,0.403,0.494,0.836,0.407,0.764,0.381,0.62,1.0,0.391,0.394,0.422,0.618,0.619,0.413,0.474
0.404,0.422,0.313,0.704,0.412,0.4,0.39,0.899,0.397,0.688,0.39,0.702,0.393,0.729,0.697,0.397,0.405,0.387,0.384,0.386,0.38,0.401,0.404,0.403,0.411,0.395,0.4,0.953,0.454,0.395,0.711,0.405,0.0,0.387,0.351,0.594,0.389,0.412,0.67,0.398,0.733,0.39,0.391,1.0,0.962,0.469,0.396,0.397,0.643,0.458
0.414,0.42,0.309,0.706,0.418,0.406,0.393,0.893,0.4,0.696,0.392,0.706,0.392,0.73,0.698,0.401,0.41,0.388,0.387,0.389,0.385,0.401,0.407,0.406,0.408,0.392,0.398,0.939,0.46,0.399,0.71,0.411,0.0,0.391,0.357,0.599,0.392,0.408,0.674,0.403,0.732,0.393,0.394,0.962,1.0,0.467,0.402,0.403,0.632,0.461
0.459,0.415,0.346,0.437,0.423,0.416,0.425,0.462,0.459,0.446,0.4,0.457,0.409,0.449,0.452,0.427,0.405,0.41,0.4,0.424,0.416,0.405,0.408,0.406,0.424,0.389,0.414,0.459,0.562,0.466,0.445,0.414,0.0,0.399,0.371,0.439,0.425,0.425,0.452,0.42,0.448,0.403,0.422,0.469,0.467,1.0,0.426,0.427,0.445,0.61
0.462,0.666,0.351,0.406,0.634,0.669,0.478,0.405,0.46,0.411,0.614,0.407,0.623,0.41,0.413,0.494,0.665,0.617,0.61,0.473,0.611,0.62,0.616,0.693,0.667,0.698,0.599,0.41,0.471,0.476,0.386,0.609,0.0,0.604,0.656,0.405,0.477,0.62,0.394,0.635,0.381,0.695,0.618,0.396,0.402,0.426,1.0,0.998,0.409,0.478
0.462,0.666,0.351,0.406,0.635,0.67,0.478,0.405,0.461,0.412,0.615,0.408,0.624,0.411,0.414,0.494,0.666,0.618,0.611,0.473,0.612,0.621,0.617,0.694,0.668,0.699,0.6,0.411,0.472,0.477,0.387,0.609,0.0,0.605,0.657,0.406,0.478,0.62,0.395,0.635,0.382,0.696,0.619,0.397,0.403,0.427,0.998,1.0,0.41,0.478
0.405,0.439,0.325,0.656,0.424,0.417,0.375,0.622,0.41,0.656,0.42,0.634,0.41,0.674,0.652,0.389,0.402,0.399,0.401,0.37,0.396,0.416,0.411,0.417,0.428,0.423,0.414,0.653,0.454,0.416,0.656,0.402,0.0,0.399,0.38,0.604,0.375,0.426,0.626,0.414,0.64,0.408,0.413,0.643,0.632,0.445,0.409,0.41,1.0,0.455
0.504,0.458,0.359,0.475,0.466,0.469,0.433,0.463,0.517,0.473,0.463,0.458,0.464,0.481,0.485,0.443,0.444,0.468,0.456,0.43,0.445,0.465,0.457,0.465,0.46,0.452,0.471,0.469,0.825,0.504,0.456,0.446,0.0,0.442,0.432,0.477,0.432,0.464,0.461,0.479,0.447,0.454,0.474,0.458,0.461,0.61,0.478,0.478,0.455,1.0
