GCF_000163235.1_ASM16323v1_genomic.fna,GCF_000164555.1_ASM16455v1_genomic.fna,GCF_000208545.1_ASM20854v2_genomic.fna,GCF_000233875.1_ASM23387v1_genomic.fna,GCF_000249735.1_ASM24973v2_genomic.fna,GCF_000261145.1_Esch_coli_M919_V2_genomic.fna,GCF_000267705.2_ASM26770v2_genomic.fna,GCF_000350665.1_Esch_coli_KTE5_V1_genomic.fna,GCF_000351625.1_Esch_coli_KTE66_V1_genomic.fna,GCF_000352285.1_Esch_coli_KTE46_V1_genomic.fna,GCF_000358895.1_ASM35889v1_genomic.fna,GCF_000456385.1_Esch_coli_HVH_26_4-5703913_V1_genomic.fna,GCF_000458195.1_Esch_coli_HVH_147_4-5893887_V1_genomic.fna,GCF_000459755.1_Esch_coli_KOEGE_58_171a_V1_genomic.fna,GCF_000460055.1_Esch_coli_UMEA_3053-1_V1_genomic.fna,GCF_000462165.2_ASM46216v2_genomic.fna,GCF_000601135.1_ASM60113v1_genomic.fna,GCF_000614595.1_Ec2010EL1058_genomic.fna,GCF_000617745.1_Ec2010C-4529_genomic.fna,GCF_000618265.2_EcF6751_genomic.fna,GCF_000619005.2_Ec2009C-4052_genomic.fna,GCF_000619105.1_Ec2009C-4780_genomic.fna,GCF_000619765.2_Ec2009C-3279_genomic.fna,GCF_000687005.1_ASM68700v1_genomic.fna,GCF_000687025.1_ASM68702v1_genomic.fna,GCF_000700125.1_ASM70012v1_genomic.fna,GCF_000753315.1_FHI35_genomic.fna,GCF_000776375.1_ASM77637v1_genomic.fna,GCF_000779395.1_ASM77939v1_genomic.fna,GCF_000780315.1_ASM78031v1_genomic.fna,GCF_000781995.1_ASM78199v1_genomic.fna,GCF_000986765.1_ASM98676v1_genomic.fna,GCF_001041375.1_ViralProj287958_genomic.fna,GCF_001265335.1_302014_genomic.fna,GCF_001265625.1_100854_genomic.fna,GCF_001267345.1_303289_genomic.fna,GCF_001309985.1_ASM130998v1_genomic.fna,GCF_001521695.1_ASM152169v1_genomic.fna,GCF_001592595.1_ASM159259v1_genomic.fna,GCF_001614975.1_ASM161497v1_genomic.fna,GCF_001692775.1_ASM169277v1_genomic.fna,GCF_001748915.1_ASM174891v1_genomic.fna,GCF_001749235.1_ASM174923v1_genomic.fna,GCF_001881155.1_ASM188115v1_genomic.fna,GCF_001881345.1_ASM188134v1_genomic.fna,GCF_001892405.1_ASM189240v1_genomic.fna,GCF_001892585.1_ASM189258v1_genomic.fna,GCF_001893985.1_ASM189398v1_genomic.fna,GCF_002001595.1_ASM200159v1_genomic.fna,GCF_002002145.1_ASM200214v1_genomic.fna
1.0,0.486,0.391,0.454,0.49,0.474,0.476,0.434,0.572,0.453,0.466,0.446,0.488,0.447,0.424,0.479,0.455,0.483,0.47,0.469,0.482,0.479,0.489,0.473,0.469,0.453,0.494,0.444,0.484,0.572,0.407,0.494,0.0,0.473,0.435,0.435,0.475,0.501,0.42,0.494,0.434,0.466,0.495,0.425,0.439,0.454,0.466,0.466,0.417,0.5
0.486,1.0,0.356,0.428,0.609,0.765,0.524,0.411,0.436,0.414,0.573,0.421,0.601,0.412,0.398,0.527,0.684,0.595,0.592,0.524,0.591,0.591,0.597,0.774,0.786,0.686,0.606,0.417,0.426,0.439,0.389,0.619,0.0,0.589,0.713,0.409,0.525,0.63,0.406,0.601,0.416,0.679,0.619,0.416,0.418,0.407,0.667,0.668,0.414,0.437
0.391,0.356,1.0,0.335,0.368,0.352,0.339,0.333,0.368,0.334,0.359,0.335,0.37,0.335,0.332,0.346,0.351,0.355,0.349,0.337,0.357,0.354,0.36,0.355,0.352,0.35,0.363,0.342,0.361,0.376,0.319,0.364,0.0,0.357,0.316,0.344,0.339,0.375,0.327,0.368,0.343,0.36,0.378,0.334,0.326,0.347,0.367,0.365,0.337,0.36
0.454,0.428,0.335,1.0,0.431,0.423,0.419,0.713,0.432,0.738,0.411,0.743,0.42,0.768,0.764,0.417,0.406,0.423,0.412,0.413,0.418,0.411,0.425,0.408,0.414,0.411,0.425,0.762,0.488,0.412,0.704,0.44,0.0,0.416,0.379,0.634,0.418,0.434,0.675,0.424,0.751,0.422,0.432,0.724,0.728,0.452,0.416,0.415,0.675,0.498
0.49,0.609,0.368,0.431,1.0,0.624,0.54,0.415,0.476,0.427,0.765,0.426,0.707,0.43,0.419,0.548,0.625,0.648,0.665,0.531,0.66,0.66,0.655,0.622,0.624,0.609,0.678,0.427,0.458,0.468,0.395,0.686,0.0,0.666,0.584,0.419,0.538,0.706,0.415,0.707,0.427,0.631,0.709,0.405,0.409,0.418,0.648,0.645,0.409,0.443
0.474,0.765,0.352,0.423,0.624,1.0,0.538,0.411,0.451,0.419,0.594,0.419,0.619,0.417,0.408,0.549,0.688,0.617,0.616,0.529,0.599,0.608,0.623,0.786,0.799,0.673,0.604,0.419,0.443,0.448,0.386,0.634,0.0,0.619,0.738,0.429,0.537,0.646,0.43,0.62,0.42,0.686,0.638,0.402,0.399,0.409,0.696,0.696,0.4,0.455
0.476,0.524,0.339,0.419,0.54,0.538,1.0,0.396,0.444,0.402,0.519,0.408,0.55,0.415,0.401,0.953,0.529,0.574,0.55,0.98,0.583,0.571,0.586,0.533,0.516,0.523,0.557,0.414,0.422,0.436,0.383,0.556,0.0,0.554,0.491,0.42,0.985,0.547,0.399,0.547,0.409,0.525,0.557,0.393,0.396,0.41,0.517,0.517,0.396,0.451
0.434,0.411,0.333,0.713,0.415,0.411,0.396,1.0,0.409,0.692,0.39,0.701,0.414,0.708,0.673,0.398,0.389,0.397,0.397,0.396,0.394,0.396,0.405,0.402,0.386,0.378,0.408,0.904,0.436,0.398,0.702,0.414,0.0,0.401,0.357,0.607,0.396,0.441,0.671,0.408,0.718,0.39,0.419,0.907,0.905,0.457,0.391,0.391,0.663,0.454
0.572,0.436,0.368,0.432,0.476,0.451,0.444,0.409,1.0,0.451,0.469,0.426,0.476,0.437,0.429,0.45,0.437,0.466,0.46,0.436,0.453,0.469,0.469,0.451,0.448,0.439,0.467,0.423,0.487,0.585,0.408,0.473,0.0,0.465,0.421,0.43,0.443,0.472,0.409,0.483,0.427,0.451,0.483,0.401,0.402,0.437,0.454,0.45,0.414,0.492
0.453,0.414,0.334,0.738,0.427,0.419,0.402,0.692,0.451,1.0,0.414,0.718,0.422,0.733,0.728,0.405,0.404,0.41,0.404,0.394,0.393,0.404,0.408,0.412,0.408,0.403,0.419,0.734,0.484,0.425,0.714,0.418,0.0,0.406,0.374,0.612,0.399,0.431,0.672,0.423,0.746,0.398,0.423,0.693,0.706,0.446,0.404,0.4,0.664,0.475
0.466,0.573,0.359,0.411,0.765,0.594,0.519,0.39,0.469,0.414,1.0,0.409,0.733,0.415,0.404,0.526,0.596,0.646,0.643,0.51,0.643,0.654,0.649,0.631,0.6,0.607,0.659,0.414,0.438,0.46,0.383,0.661,0.0,0.658,0.615,0.413,0.516,0.672,0.399,0.686,0.411,0.602,0.68,0.387,0.389,0.396,0.612,0.608,0.396,0.428
0.446,0.421,0.335,0.743,0.426,0.419,0.408,0.701,0.426,0.718,0.409,1.0,0.416,0.73,0.845,0.411,0.399,0.409,0.402,0.401,0.403,0.403,0.411,0.414,0.403,0.396,0.421,0.734,0.471,0.416,0.663,0.421,0.0,0.406,0.362,0.611,0.405,0.434,0.667,0.421,0.713,0.407,0.43,0.698,0.706,0.448,0.411,0.411,0.648,0.476
0.488,0.601,0.37,0.42,0.707,0.619,0.55,0.414,0.476,0.422,0.733,0.416,1.0,0.42,0.407,0.553,0.608,0.706,0.719,0.541,0.725,0.765,0.763,0.646,0.614,0.63,0.741,0.426,0.456,0.488,0.388,0.729,0.0,0.767,0.599,0.416,0.548,0.734,0.41,0.757,0.414,0.627,0.747,0.399,0.4,0.408,0.639,0.635,0.403,0.457
0.447,0.412,0.335,0.768,0.43,0.417,0.415,0.708,0.437,0.733,0.415,0.73,0.42,1.0,0.76,0.416,0.405,0.421,0.406,0.407,0.411,0.411,0.421,0.402,0.407,0.402,0.427,0.764,0.483,0.411,0.702,0.441,0.0,0.415,0.373,0.629,0.412,0.44,0.686,0.425,0.75,0.417,0.433,0.722,0.726,0.455,0.408,0.409,0.67,0.483
0.424,0.398,0.332,0.764,0.419,0.408,0.401,0.673,0.429,0.728,0.404,0.845,0.407,0.76,1.0,0.404,0.401,0.413,0.398,0.393,0.394,0.399,0.407,0.398,0.396,0.396,0.409,0.73,0.471,0.405,0.683,0.424,0.0,0.402,0.365,0.608,0.399,0.422,0.659,0.419,0.724,0.393,0.423,0.688,0.691,0.455,0.411,0.411,0.65,0.491
0.479,0.527,0.346,0.417,0.548,0.549,0.953,0.398,0.45,0.405,0.526,0.411,0.553,0.416,0.404,1.0,0.527,0.573,0.556,0.945,0.574,0.568,0.58,0.533,0.52,0.521,0.55,0.416,0.426,0.448,0.381,0.553,0.0,0.552,0.493,0.425,0.949,0.553,0.403,0.548,0.41,0.529,0.557,0.394,0.395,0.41,0.523,0.523,0.401,0.447
0.455,0.684,0.351,0.406,0.625,0.688,0.529,0.389,0.437,0.404,0.596,0.399,0.608,0.405,0.401,0.527,1.0,0.61,0.606,0.519,0.595,0.604,0.605,0.731,0.721,0.722,0.609,0.397,0.433,0.432,0.37,0.663,0.0,0.618,0.667,0.416,0.525,0.62,0.397,0.628,0.393,0.671,0.63,0.382,0.39,0.384,0.677,0.675,0.384,0.427
0.483,0.595,0.355,0.423,0.648,0.617,0.574,0.397,0.466,0.41,0.646,0.409,0.706,0.421,0.413,0.573,0.61,1.0,0.752,0.566,0.72,0.734,0.734,0.615,0.605,0.596,0.712,0.411,0.438,0.452,0.383,0.708,0.0,0.702,0.572,0.441,0.569,0.691,0.413,0.704,0.407,0.613,0.706,0.393,0.396,0.407,0.621,0.622,0.389,0.454
0.47,0.592,0.349,0.412,0.665,0.616,0.55,0.397,0.46,0.404,0.643,0.402,0.719,0.406,0.398,0.556,0.606,0.752,1.0,0.542,0.723,0.741,0.733,0.614,0.602,0.603,0.707,0.405,0.431,0.453,0.367,0.704,0.0,0.713,0.574,0.421,0.549,0.692,0.408,0.711,0.395,0.618,0.708,0.384,0.39,0.396,0.622,0.619,0.385,0.436
0.469,0.524,0.337,0.413,0.531,0.529,0.98,0.396,0.436,0.394,0.51,0.401,0.541,0.407,0.393,0.945,0.519,0.566,0.542,1.0,0.579,0.563,0.577,0.523,0.51,0.513,0.548,0.411,0.416,0.429,0.383,0.546,0.0,0.546,0.484,0.421,0.984,0.537,0.397,0.539,0.409,0.516,0.548,0.39,0.394,0.409,0.509,0.509,0.395,0.446
0.482,0.591,0.357,0.418,0.66,0.599,0.583,0.394,0.453,0.393,0.643,0.403,0.725,0.411,0.394,0.574,0.595,0.72,0.723,0.579,1.0,0.739,0.758,0.596,0.582,0.592,0.727,0.409,0.421,0.459,0.379,0.717,0.0,0.732,0.554,0.44,0.581,0.7,0.411,0.723,0.407,0.606,0.717,0.389,0.392,0.408,0.609,0.61,0.393,0.454
0.479,0.591,0.354,0.411,0.66,0.608,0.571,0.396,0.469,0.404,0.654,0.403,0.765,0.411,0.399,0.568,0.604,0.734,0.741,0.563,0.739,1.0,0.931,0.605,0.599,0.6,0.724,0.409,0.436,0.46,0.369,0.724,0.0,0.87,0.558,0.419,0.57,0.718,0.408,0.727,0.395,0.603,0.742,0.386,0.388,0.405,0.619,0.615,0.388,0.448
0.489,0.597,0.36,0.425,0.655,0.623,0.586,0.405,0.469,0.408,0.649,0.411,0.763,0.421,0.407,0.58,0.605,0.734,0.733,0.577,0.758,0.931,1.0,0.606,0.598,0.598,0.742,0.419,0.441,0.462,0.384,0.735,0.0,0.861,0.555,0.43,0.585,0.722,0.419,0.721,0.411,0.61,0.739,0.396,0.397,0.412,0.617,0.618,0.397,0.455
0.473,0.774,0.355,0.408,0.622,0.786,0.533,0.402,0.451,0.412,0.631,0.414,0.646,0.402,0.398,0.533,0.731,0.615,0.614,0.523,0.596,0.605,0.606,1.0,0.818,0.737,0.618,0.4,0.445,0.466,0.374,0.628,0.0,0.625,0.792,0.407,0.529,0.63,0.393,0.632,0.403,0.692,0.635,0.382,0.391,0.39,0.686,0.681,0.378,0.432
0.469,0.786,0.352,0.414,0.624,0.799,0.516,0.386,0.448,0.408,0.6,0.403,0.614,0.407,0.396,0.52,0.721,0.605,0.602,0.51,0.582,0.599,0.598,0.818,1.0,0.731,0.609,0.394,0.438,0.456,0.372,0.633,0.0,0.61,0.774,0.404,0.517,0.624,0.391,0.612,0.397,0.673,0.628,0.395,0.382,0.4,0.684,0.68,0.396,0.428
0.453,0.686,0.35,0.411,0.609,0.673,0.523,0.378,0.439,0.403,0.607,0.396,0.63,0.402,0.396,0.521,0.722,0.596,0.603,0.513,0.592,0.6,0.598,0.737,0.731,1.0,0.596,0.397,0.423,0.45,0.364,0.614,0.0,0.602,0.682,0.404,0.52,0.606,0.391,0.616,0.392,0.669,0.606,0.395,0.379,0.382,0.672,0.669,0.402,0.42
0.494,0.606,0.363,0.425,0.678,0.604,0.557,0.408,0.467,0.419,0.659,0.421,0.741,0.427,0.409,0.55,0.609,0.712,0.707,0.548,0.727,0.724,0.742,0.618,0.609,0.596,1.0,0.42,0.443,0.456,0.392,0.736,0.0,0.723,0.565,0.429,0.554,0.806,0.405,0.744,0.418,0.626,0.823,0.401,0.402,0.418,0.625,0.626,0.402,0.456
0.444,0.417,0.342,0.762,0.427,0.419,0.414,0.904,0.423,0.734,0.414,0.734,0.426,0.764,0.73,0.416,0.397,0.411,0.405,0.411,0.409,0.409,0.419,0.4,0.394,0.397,0.42,1.0,0.458,0.41,0.705,0.426,0.0,0.413,0.365,0.624,0.414,0.451,0.678,0.419,0.754,0.404,0.424,0.942,0.93,0.45,0.409,0.409,0.687,0.471
0.484,0.426,0.361,0.488,0.458,0.443,0.422,0.436,0.487,0.484,0.438,0.471,0.456,0.483,0.471,0.426,0.433,0.438,0.431,0.416,0.421,0.436,0.441,0.445,0.438,0.423,0.443,0.458,1.0,0.478,0.436,0.454,0.0,0.45,0.399,0.446,0.421,0.454,0.448,0.457,0.46,0.435,0.45,0.43,0.435,0.532,0.432,0.429,0.433,0.815
0.572,0.439,0.376,0.412,0.468,0.448,0.436,0.398,0.585,0.425,0.46,0.416,0.488,0.411,0.405,0.448,0.432,0.452,0.453,0.429,0.459,0.46,0.462,0.466,0.456,0.45,0.456,0.41,0.478,1.0,0.384,0.46,0.0,0.453,0.43,0.424,0.436,0.458,0.392,0.482,0.411,0.435,0.475,0.388,0.388,0.444,0.448,0.444,0.391,0.48
0.407,0.389,0.319,0.704,0.395,0.386,0.383,0.702,0.408,0.714,0.383,0.663,0.388,0.702,0.683,0.381,0.37,0.383,0.367,0.383,0.379,0.369,0.384,0.374,0.372,0.364,0.392,0.705,0.436,0.384,1.0,0.398,0.0,0.375,0.345,0.599,0.383,0.401,0.653,0.393,0.883,0.386,0.394,0.708,0.708,0.451,0.373,0.373,0.657,0.444
0.494,0.619,0.364,0.44,0.686,0.634,0.556,0.414,0.473,0.418,0.661,0.421,0.729,0.441,0.424,0.553,0.663,0.708,0.704,0.546,0.717,0.724,0.735,0.628,0.633,0.614,0.736,0.426,0.454,0.46,0.398,1.0,0.0,0.726,0.576,0.423,0.553,0.737,0.421,0.739,0.417,0.645,0.743,0.403,0.414,0.414,0.642,0.641,0.406,0.458
0.0,0.0,0.0,0.0,0.0,0.0,0.0,0.0,0.0,0.0,0.0,0.0,0.0,0.0,0.0,0.0,0.0,0.0,0.0,0.0,0.0,0.0,0.0,0.0,0.0,0.0,0.0,0.0,0.0,0.0,0.0,0.0,1.0,0.0,0.0,0.0,0.0,0.0,0.0,0.0,0.0,0.0,0.0,0.0,0.0,0.0,0.0,0.0,0.0,0.0
0.473,0.589,0.357,0.416,0.666,0.619,0.554,0.401,0.465,0.406,0.658,0.406,0.767,0.415,0.402,0.552,0.618,0.702,0.713,0.546,0.732,0.87,0.861,0.625,0.61,0.602,0.723,0.413,0.45,0.453,0.375,0.726,0.0,1.0,0.577,0.438,0.554,0.722,0.425,0.728,0.4,0.612,0.747,0.386,0.394,0.397,0.616,0.612,0.387,0.452
0.435,0.713,0.316,0.379,0.584,0.738,0.491,0.357,0.421,0.374,0.615,0.362,0.599,0.373,0.365,0.493,0.667,0.572,0.574,0.484,0.554,0.558,0.555,0.792,0.774,0.682,0.565,0.365,0.399,0.43,0.345,0.576,0.0,0.577,1.0,0.375,0.492,0.573,0.356,0.585,0.368,0.629,0.594,0.345,0.349,0.359,0.64,0.635,0.346,0.396
0.435,0.409,0.344,0.634,0.419,0.429,0.42,0.607,0.43,0.612,0.413,0.611,0.416,0.629,0.608,0.425,0.416,0.441,0.421,0.421,0.44,0.419,0.43,0.407,0.404,0.404,0.429,0.624,0.446,0.424,0.599,0.423,0.0,0.438,0.375,1.0,0.419,0.421,0.651,0.424,0.634,0.42,0.427,0.611,0.615,0.444,0.408,0.408,0.621,0.471
0.475,0.525,0.339,0.418,0.538,0.537,0.985,0.396,0.443,0.399,0.516,0.405,0.548,0.412,0.399,0.949,0.525,0.569,0.549,0.984,0.581,0.57,0.585,0.529,0.517,0.52,0.554,0.414,0.421,0.436,0.383,0.553,0.0,0.554,0.492,0.419,1.0,0.546,0.399,0.545,0.409,0.522,0.555,0.391,0.394,0.409,0.515,0.516,0.396,0.451
0.501,0.63,0.375,0.434,0.706,0.646,0.547,0.441,0.472,0.431,0.672,0.434,0.734,0.44,0.422,0.553,0.62,0.691,0.692,0.537,0.7,0.718,0.722,0.63,0.624,0.606,0.806,0.451,0.454,0.458,0.401,0.737,0.0,0.722,0.573,0.421,0.546,1.0,0.425,0.746,0.437,0.638,0.859,0.427,0.417,0.419,0.66,0.658,0.418,0.455
0.42,0.406,0.327,0.675,0.415,0.43,0.399,0.671,0.409,0.672,0.399,0.667,0.41,0.686,0.659,0.403,0.397,0.413,0.408,0.397,0.411,0.408,0.419,0.393,0.391,0.391,0.405,0.678,0.448,0.392,0.653,0.421,0.0,0.425,0.356,0.651,0.399,0.425,1.0,0.406,0.676,0.414,0.418,0.669,0.676,0.446,0.403,0.403,0.645,0.457
0.494,0.601,0.368,0.424,0.707,0.62,0.547,0.408,0.483,0.423,0.686,0.421,0.757,0.425,0.419,0.548,0.628,0.704,0.711,0.539,0.723,0.727,0.721,0.632,0.612,0.616,0.744,0.419,0.457,0.482,0.393,0.739,0.0,0.728,0.585,0.424,0.545,0.746,0.406,1.0,0.418,0.618,0.766,0.395,0.399,0.422,0.657,0.654,0.397,0.465
0.434,0.416,0.343,0.751,0.427,0.42,0.409,0.718,0.427,0.746,0.411,0.713,0.414,0.75,0.724,0.41,0.393,0.407,0.395,0.409,0.407,0.395,0.411,0.403,0.397,0.392,0.418,0.754,0.46,0.411,0.883,0.417,0.0,0.4,0.368,0.634,0.409,0.437,0.676,0.418,1.0,0.414,0.418,0.726,0.728,0.455,0.4,0.4,0.685,0.467
0.466,0.679,0.36,0.422,0.631,0.686,0.525,0.39,0.451,0.398,0.602,0.407,0.627,0.417,0.393,0.529,0.671,0.613,0.618,0.516,0.606,0.603,0.61,0.692,0.673,0.669,0.626,0.404,0.435,0.435,0.386,0.645,0.0,0.612,0.629,0.42,0.522,0.638,0.414,0.618,0.414,1.0,0.652,0.39,0.383,0.397,0.705,0.707,0.4,0.439
0.495,0.619,0.378,0.432,0.709,0.638,0.557,0.419,0.483,0.423,0.68,0.43,0.747,0.433,0.423,0.557,0.63,0.706,0.708,0.548,0.717,0.742,0.739,0.635,0.628,0.606,0.823,0.424,0.45,0.475,0.394,0.743,0.0,0.747,0.594,0.427,0.555,0.859,0.418,0.766,0.418,0.652,1.0,0.399,0.401,0.418,0.657,0.653,0.403,0.458
0.425,0.416,0.334,0.724,0.405,0.402,0.393,0.907,0.401,0.693,0.387,0.698,0.399,0.722,0.688,0.394,0.382,0.393,0.384,0.39,0.389,0.386,0.396,0.382,0.395,0.395,0.401,0.942,0.43,0.388,0.708,0.403,0.0,0.386,0.345,0.611,0.391,0.427,0.669,0.395,0.726,0.39,0.399,1.0,0.952,0.464,0.386,0.386,0.688,0.448
0.439,0.418,0.326,0.728,0.409,0.399,0.396,0.905,0.402,0.706,0.389,0.706,0.4,0.726,0.691,0.395,0.39,0.396,0.39,0.394,0.392,0.388,0.397,0.391,0.382,0.379,0.402,0.93,0.435,0.388,0.708,0.414,0.0,0.394,0.349,0.615,0.394,0.417,0.676,0.399,0.728,0.383,0.401,0.952,1.0,0.457,0.386,0.386,0.668,0.449
0.454,0.407,0.347,0.452,0.418,0.409,0.41,0.457,0.437,0.446,0.396,0.448,0.408,0.455,0.455,0.41,0.384,0.407,0.396,0.409,0.408,0.405,0.412,0.39,0.4,0.382,0.418,0.45,0.532,0.444,0.451,0.414,0.0,0.397,0.359,0.444,0.409,0.419,0.446,0.422,0.455,0.397,0.418,0.464,0.457,1.0,0.42,0.421,0.452,0.61
0.466,0.667,0.367,0.416,0.648,0.696,0.517,0.391,0.454,0.404,0.612,0.411,0.639,0.408,0.411,0.523,0.677,0.621,0.622,0.509,0.609,0.619,0.617,0.686,0.684,0.672,0.625,0.409,0.432,0.448,0.373,0.642,0.0,0.616,0.64,0.408,0.515,0.66,0.403,0.657,0.4,0.705,0.657,0.386,0.386,0.42,1.0,0.994,0.389,0.456
0.466,0.668,0.365,0.415,0.645,0.696,0.517,0.391,0.45,0.4,0.608,0.411,0.635,0.409,0.411,0.523,0.675,0.622,0.619,0.509,0.61,0.615,0.618,0.681,0.68,0.669,0.626,0.409,0.429,0.444,0.373,0.641,0.0,0.612,0.635,0.408,0.516,0.658,0.403,0.654,0.4,0.707,0.653,0.386,0.386,0.421,0.994,1.0,0.389,0.456
0.417,0.414,0.337,0.675,0.409,0.4,0.396,0.663,0.414,0.664,0.396,0.648,0.403,0.67,0.65,0.401,0.384,0.389,0.385,0.395,0.393,0.388,0.397,0.378,0.396,0.402,0.402,0.687,0.433,0.391,0.657,0.406,0.0,0.387,0.346,0.621,0.396,0.418,0.645,0.397,0.685,0.4,0.403,0.688,0.668,0.452,0.389,0.389,1.0,0.442
0.5,0.437,0.36,0.498,0.443,0.455,0.451,0.454,0.492,0.475,0.428,0.476,0.457,0.483,0.491,0.447,0.427,0.454,0.436,0.446,0.454,0.448,0.455,0.432,0.428,0.42,0.456,0.471,0.815,0.48,0.444,0.458,0.0,0.452,0.396,0.471,0.451,0.455,0.457,0.465,0.467,0.439,0.458,0.448,0.449,0.61,0.456,0.456,0.442,1.0
