GCF_000163235.1_ASM16323v1_genomic.fna,GCF_000164555.1_ASM16455v1_genomic.fna,GCF_000208545.1_ASM20854v2_genomic.fna,GCF_000233875.1_ASM23387v1_genomic.fna,GCF_000249735.1_ASM24973v2_genomic.fna,GCF_000261145.1_Esch_coli_M919_V2_genomic.fna,GCF_000267705.2_ASM26770v2_genomic.fna,GCF_000350665.1_Esch_coli_KTE5_V1_genomic.fna,GCF_000351625.1_Esch_coli_KTE66_V1_genomic.fna,GCF_000352285.1_Esch_coli_KTE46_V1_genomic.fna,GCF_000358895.1_ASM35889v1_genomic.fna,GCF_000456385.1_Esch_coli_HVH_26_4-5703913_V1_genomic.fna,GCF_000458195.1_Esch_coli_HVH_147_4-5893887_V1_genomic.fna,GCF_000459755.1_Esch_coli_KOEGE_58_171a_V1_genomic.fna,GCF_000460055.1_Esch_coli_UMEA_3053-1_V1_genomic.fna,GCF_000462165.2_ASM46216v2_genomic.fna,GCF_000601135.1_ASM60113v1_genomic.fna,GCF_000614595.1_Ec2010EL1058_genomic.fna,GCF_000617745.1_Ec2010C-4529_genomic.fna,GCF_000618265.2_EcF6751_genomic.fna,GCF_000619005.2_Ec2009C-4052_genomic.fna,GCF_000619105.1_Ec2009C-4780_genomic.fna,GCF_000619765.2_Ec2009C-3279_genomic.fna,GCF_000687005.1_ASM68700v1_genomic.fna,GCF_000687025.1_ASM68702v1_genomic.fna,GCF_000700125.1_ASM70012v1_genomic.fna,GCF_000753315.1_FHI35_genomic.fna,GCF_000776375.1_ASM77637v1_genomic.fna,GCF_000779395.1_ASM77939v1_genomic.fna,GCF_000780315.1_ASM78031v1_genomic.fna,GCF_000781995.1_ASM78199v1_genomic.fna,GCF_000986765.1_ASM98676v1_genomic.fna,GCF_001041375.1_ViralProj287958_genomic.fna,GCF_001265335.1_302014_genomic.fna,GCF_001265625.1_100854_genomic.fna,GCF_001267345.1_303289_genomic.fna,GCF_001309985.1_ASM130998v1_genomic.fna,GCF_001521695.1_ASM152169v1_genomic.fna,GCF_001592595.1_ASM159259v1_genomic.fna,GCF_001614975.1_ASM161497v1_genomic.fna,GCF_001692775.1_ASM169277v1_genomic.fna,GCF_001748915.1_ASM174891v1_genomic.fna,GCF_001749235.1_ASM174923v1_genomic.fna,GCF_001881155.1_ASM188115v1_genomic.fna,GCF_001881345.1_ASM188134v1_genomic.fna,GCF_001892405.1_ASM189240v1_genomic.fna,GCF_001892585.1_ASM189258v1_genomic.fna,GCF_001893985.1_ASM189398v1_genomic.fna,GCF_002001595.1_ASM200159v1_genomic.fna,GCF_002002145.1_ASM200214v1_genomic.fna
1.0,0.585,0.491,0.486,0.546,0.569,0.544,0.499,0.644,0.501,0.53,0.53,0.545,0.49,0.486,0.546,0.569,0.542,0.549,0.544,0.539,0.532,0.552,0.565,0.548,0.545,0.541,0.493,0.587,0.644,0.474,0.538,0.0,0.541,0.526,0.506,0.545,0.565,0.501,0.532,0.485,0.549,0.551,0.499,0.51,0.521,0.559,0.56,0.486,0.598
0.585,1.0,0.454,0.476,0.673,0.801,0.603,0.502,0.54,0.494,0.634,0.521,0.654,0.482,0.489,0.599,0.758,0.661,0.654,0.603,0.643,0.655,0.666,0.795,0.821,0.739,0.659,0.494,0.551,0.534,0.473,0.674,0.0,0.657,0.758,0.471,0.603,0.683,0.494,0.649,0.471,0.724,0.658,0.517,0.513,0.477,0.732,0.733,0.5,0.537
0.491,0.454,1.0,0.364,0.427,0.434,0.419,0.385,0.46,0.378,0.409,0.401,0.421,0.373,0.385,0.417,0.444,0.415,0.414,0.419,0.411,0.413,0.423,0.423,0.43,0.427,0.427,0.383,0.44,0.462,0.37,0.431,0.0,0.418,0.398,0.406,0.421,0.435,0.395,0.415,0.38,0.432,0.432,0.398,0.386,0.419,0.452,0.452,0.402,0.458
0.486,0.476,0.364,1.0,0.479,0.474,0.462,0.747,0.458,0.749,0.497,0.75,0.484,0.798,0.794,0.466,0.461,0.462,0.471,0.46,0.45,0.483,0.486,0.5,0.485,0.491,0.469,0.787,0.51,0.472,0.753,0.465,0.0,0.469,0.487,0.659,0.461,0.479,0.679,0.48,0.782,0.465,0.476,0.759,0.76,0.457,0.465,0.466,0.701,0.505
0.546,0.673,0.427,0.479,1.0,0.696,0.582,0.508,0.536,0.489,0.787,0.514,0.745,0.495,0.501,0.597,0.681,0.71,0.718,0.582,0.714,0.727,0.738,0.685,0.697,0.679,0.739,0.504,0.531,0.545,0.48,0.705,0.0,0.726,0.66,0.491,0.582,0.74,0.493,0.739,0.491,0.692,0.754,0.505,0.506,0.456,0.701,0.698,0.5,0.5
0.569,0.801,0.434,0.474,0.696,1.0,0.613,0.514,0.557,0.482,0.647,0.506,0.674,0.482,0.485,0.616,0.748,0.678,0.671,0.61,0.662,0.666,0.689,0.801,0.819,0.731,0.669,0.5,0.547,0.544,0.468,0.677,0.0,0.682,0.764,0.494,0.609,0.692,0.515,0.675,0.476,0.741,0.681,0.509,0.509,0.474,0.742,0.74,0.492,0.541
0.544,0.603,0.419,0.462,0.582,0.613,1.0,0.477,0.546,0.458,0.566,0.486,0.586,0.461,0.475,0.949,0.616,0.63,0.627,0.984,0.635,0.611,0.638,0.612,0.608,0.595,0.599,0.469,0.508,0.519,0.454,0.606,0.0,0.595,0.579,0.489,0.987,0.591,0.488,0.578,0.456,0.604,0.6,0.484,0.484,0.442,0.595,0.595,0.457,0.506
0.499,0.502,0.385,0.747,0.508,0.514,0.477,1.0,0.478,0.741,0.5,0.74,0.518,0.737,0.725,0.482,0.487,0.49,0.502,0.476,0.474,0.509,0.509,0.538,0.511,0.514,0.502,0.915,0.526,0.493,0.742,0.486,0.0,0.499,0.495,0.672,0.477,0.521,0.704,0.517,0.744,0.503,0.511,0.892,0.884,0.454,0.491,0.49,0.711,0.497
0.644,0.54,0.46,0.458,0.536,0.557,0.546,0.478,1.0,0.476,0.526,0.48,0.541,0.468,0.476,0.549,0.543,0.541,0.543,0.545,0.53,0.537,0.547,0.548,0.536,0.53,0.538,0.471,0.568,0.663,0.457,0.525,0.0,0.532,0.518,0.491,0.546,0.54,0.487,0.526,0.458,0.562,0.549,0.479,0.479,0.497,0.553,0.55,0.47,0.568
0.501,0.494,0.378,0.749,0.489,0.482,0.458,0.741,0.476,1.0,0.528,0.71,0.501,0.742,0.717,0.468,0.47,0.468,0.476,0.457,0.45,0.484,0.478,0.507,0.487,0.497,0.484,0.739,0.522,0.489,0.765,0.457,0.0,0.473,0.493,0.671,0.457,0.494,0.687,0.496,0.766,0.47,0.485,0.718,0.724,0.46,0.475,0.474,0.706,0.504
0.53,0.634,0.409,0.497,0.787,0.647,0.566,0.5,0.526,0.528,1.0,0.501,0.763,0.503,0.496,0.577,0.645,0.711,0.709,0.565,0.69,0.734,0.713,0.683,0.65,0.678,0.717,0.495,0.504,0.542,0.485,0.675,0.0,0.692,0.676,0.49,0.566,0.706,0.487,0.762,0.495,0.663,0.729,0.481,0.481,0.437,0.663,0.66,0.499,0.492
0.53,0.521,0.401,0.75,0.514,0.506,0.486,0.74,0.48,0.71,0.501,1.0,0.506,0.754,0.854,0.494,0.498,0.49,0.494,0.481,0.488,0.507,0.508,0.539,0.517,0.516,0.503,0.752,0.536,0.505,0.705,0.485,0.0,0.506,0.498,0.664,0.484,0.521,0.712,0.501,0.733,0.492,0.518,0.745,0.753,0.479,0.496,0.497,0.702,0.521
0.545,0.654,0.421,0.484,0.745,0.674,0.586,0.518,0.541,0.501,0.763,0.506,1.0,0.494,0.495,0.6,0.657,0.761,0.771,0.586,0.738,0.826,0.813,0.697,0.671,0.682,0.782,0.505,0.525,0.556,0.486,0.726,0.0,0.794,0.675,0.502,0.587,0.754,0.495,0.803,0.491,0.678,0.774,0.494,0.492,0.448,0.674,0.672,0.505,0.511
0.49,0.482,0.373,0.798,0.495,0.482,0.461,0.737,0.468,0.742,0.503,0.754,0.494,1.0,0.782,0.468,0.475,0.481,0.479,0.457,0.458,0.494,0.496,0.497,0.485,0.491,0.485,0.774,0.527,0.484,0.746,0.473,0.0,0.478,0.483,0.659,0.458,0.498,0.691,0.492,0.775,0.472,0.489,0.747,0.75,0.466,0.475,0.476,0.711,0.514
0.486,0.489,0.385,0.794,0.501,0.485,0.475,0.725,0.476,0.717,0.496,0.854,0.495,0.782,1.0,0.479,0.476,0.476,0.477,0.473,0.468,0.501,0.496,0.513,0.494,0.503,0.486,0.752,0.516,0.493,0.735,0.47,0.0,0.482,0.481,0.658,0.474,0.506,0.701,0.489,0.751,0.479,0.498,0.727,0.728,0.478,0.485,0.485,0.711,0.516
0.546,0.599,0.417,0.466,0.597,0.616,0.949,0.482,0.549,0.468,0.577,0.494,0.6,0.468,0.479,1.0,0.608,0.626,0.63,0.946,0.614,0.623,0.639,0.616,0.617,0.601,0.604,0.476,0.516,0.535,0.461,0.585,0.0,0.605,0.591,0.492,0.948,0.597,0.492,0.59,0.464,0.611,0.606,0.487,0.488,0.439,0.596,0.593,0.466,0.5
0.569,0.758,0.444,0.461,0.681,0.748,0.616,0.487,0.543,0.47,0.645,0.498,0.657,0.475,0.476,0.608,1.0,0.667,0.66,0.614,0.659,0.663,0.68,0.752,0.759,0.764,0.658,0.486,0.541,0.521,0.458,0.71,0.0,0.671,0.707,0.491,0.616,0.66,0.5,0.664,0.458,0.725,0.663,0.499,0.503,0.457,0.735,0.735,0.471,0.526
0.542,0.661,0.415,0.462,0.71,0.678,0.63,0.49,0.541,0.468,0.711,0.49,0.761,0.481,0.476,0.626,0.667,1.0,0.788,0.624,0.745,0.775,0.789,0.691,0.672,0.671,0.761,0.486,0.524,0.542,0.461,0.716,0.0,0.746,0.655,0.501,0.628,0.727,0.493,0.738,0.462,0.692,0.753,0.494,0.495,0.446,0.689,0.686,0.474,0.51
0.549,0.654,0.414,0.471,0.718,0.671,0.627,0.502,0.543,0.476,0.709,0.494,0.771,0.479,0.477,0.63,0.66,0.788,1.0,0.622,0.773,0.775,0.783,0.678,0.663,0.658,0.764,0.486,0.522,0.546,0.465,0.724,0.0,0.742,0.66,0.501,0.622,0.739,0.513,0.745,0.468,0.691,0.755,0.497,0.498,0.459,0.681,0.678,0.481,0.513
0.544,0.603,0.419,0.46,0.582,0.61,0.984,0.476,0.545,0.457,0.565,0.481,0.586,0.457,0.473,0.946,0.614,0.624,0.622,1.0,0.631,0.608,0.631,0.608,0.607,0.594,0.596,0.467,0.507,0.519,0.452,0.603,0.0,0.588,0.575,0.484,0.993,0.588,0.482,0.578,0.454,0.604,0.599,0.479,0.479,0.441,0.595,0.595,0.456,0.507
0.539,0.643,0.411,0.45,0.714,0.662,0.635,0.474,0.53,0.45,0.69,0.488,0.738,0.458,0.468,0.614,0.659,0.745,0.773,0.631,1.0,0.756,0.781,0.661,0.649,0.644,0.749,0.473,0.502,0.532,0.447,0.736,0.0,0.747,0.632,0.491,0.633,0.739,0.486,0.728,0.458,0.649,0.734,0.482,0.48,0.454,0.671,0.669,0.466,0.504
0.532,0.655,0.413,0.483,0.727,0.666,0.611,0.509,0.537,0.484,0.734,0.507,0.826,0.494,0.501,0.623,0.663,0.775,0.775,0.608,0.756,1.0,0.922,0.697,0.675,0.675,0.768,0.502,0.52,0.539,0.479,0.735,0.0,0.865,0.661,0.501,0.609,0.747,0.486,0.782,0.479,0.672,0.768,0.491,0.492,0.451,0.667,0.663,0.496,0.506
0.552,0.666,0.423,0.486,0.738,0.689,0.638,0.509,0.547,0.478,0.713,0.508,0.813,0.496,0.496,0.639,0.68,0.789,0.783,0.631,0.781,0.922,1.0,0.691,0.694,0.673,0.792,0.5,0.531,0.543,0.476,0.76,0.0,0.861,0.655,0.507,0.632,0.756,0.501,0.774,0.48,0.681,0.772,0.511,0.513,0.456,0.676,0.673,0.489,0.513
0.565,0.795,0.423,0.5,0.685,0.801,0.612,0.538,0.548,0.507,0.683,0.539,0.697,0.497,0.513,0.616,0.752,0.691,0.678,0.608,0.661,0.697,0.691,1.0,0.826,0.782,0.678,0.52,0.541,0.557,0.492,0.668,0.0,0.679,0.813,0.515,0.611,0.662,0.504,0.69,0.498,0.74,0.679,0.515,0.516,0.466,0.718,0.717,0.505,0.522
0.548,0.821,0.43,0.485,0.697,0.819,0.608,0.511,0.536,0.487,0.65,0.517,0.671,0.485,0.494,0.617,0.759,0.672,0.663,0.607,0.649,0.675,0.694,0.826,1.0,0.787,0.676,0.5,0.544,0.537,0.474,0.68,0.0,0.675,0.8,0.491,0.607,0.674,0.498,0.672,0.475,0.736,0.681,0.522,0.512,0.458,0.722,0.719,0.505,0.519
0.545,0.739,0.427,0.491,0.679,0.731,0.595,0.514,0.53,0.497,0.678,0.516,0.682,0.491,0.503,0.601,0.764,0.671,0.658,0.594,0.644,0.675,0.673,0.782,0.787,1.0,0.677,0.503,0.525,0.536,0.483,0.657,0.0,0.66,0.743,0.5,0.596,0.654,0.497,0.688,0.486,0.719,0.664,0.512,0.501,0.447,0.719,0.716,0.517,0.508
0.541,0.659,0.427,0.469,0.739,0.669,0.599,0.502,0.538,0.484,0.717,0.503,0.782,0.485,0.486,0.604,0.658,0.761,0.764,0.596,0.749,0.768,0.792,0.678,0.676,0.677,1.0,0.487,0.516,0.541,0.475,0.744,0.0,0.755,0.639,0.498,0.598,0.824,0.493,0.77,0.481,0.674,0.849,0.511,0.501,0.451,0.671,0.668,0.498,0.499
0.493,0.494,0.383,0.787,0.504,0.5,0.469,0.915,0.471,0.739,0.495,0.752,0.505,0.774,0.752,0.476,0.486,0.486,0.486,0.467,0.473,0.502,0.5,0.52,0.5,0.503,0.487,1.0,0.522,0.494,0.742,0.482,0.0,0.492,0.485,0.67,0.469,0.512,0.694,0.494,0.76,0.486,0.497,0.953,0.943,0.456,0.488,0.488,0.726,0.495
0.587,0.551,0.44,0.51,0.531,0.547,0.508,0.526,0.568,0.522,0.504,0.536,0.525,0.527,0.516,0.516,0.541,0.524,0.522,0.507,0.502,0.52,0.531,0.541,0.544,0.525,0.516,0.522,1.0,0.55,0.519,0.51,0.0,0.517,0.522,0.533,0.509,0.526,0.537,0.51,0.515,0.534,0.518,0.528,0.531,0.599,0.532,0.53,0.512,0.842
0.644,0.534,0.462,0.472,0.545,0.544,0.519,0.493,0.663,0.489,0.542,0.505,0.556,0.484,0.493,0.535,0.521,0.542,0.546,0.519,0.532,0.539,0.543,0.557,0.537,0.536,0.541,0.494,0.55,1.0,0.474,0.515,0.0,0.535,0.534,0.504,0.52,0.535,0.485,0.557,0.484,0.54,0.557,0.485,0.484,0.507,0.532,0.529,0.476,0.541
0.474,0.473,0.37,0.753,0.48,0.468,0.454,0.742,0.457,0.765,0.485,0.705,0.486,0.746,0.735,0.461,0.458,0.461,0.465,0.452,0.447,0.479,0.476,0.492,0.474,0.483,0.475,0.742,0.519,0.474,1.0,0.456,0.0,0.465,0.464,0.66,0.453,0.486,0.673,0.481,0.895,0.459,0.475,0.717,0.719,0.458,0.461,0.46,0.699,0.493
0.538,0.674,0.431,0.465,0.705,0.677,0.606,0.486,0.525,0.457,0.675,0.485,0.726,0.473,0.47,0.585,0.71,0.716,0.724,0.603,0.736,0.735,0.76,0.668,0.68,0.657,0.744,0.482,0.51,0.515,0.456,1.0,0.0,0.729,0.624,0.469,0.604,0.753,0.484,0.75,0.453,0.676,0.744,0.491,0.495,0.446,0.684,0.685,0.466,0.502
0.0,0.0,0.0,0.0,0.0,0.0,0.0,0.0,0.0,0.0,0.0,0.0,0.0,0.0,0.0,0.0,0.0,0.0,0.0,0.0,0.0,0.0,0.0,0.0,0.0,0.0,0.0,0.0,0.0,0.0,0.0,0.0,1.0,0.0,0.0,0.0,0.0,0.0,0.0,0.0,0.0,0.0,0.0,0.0,0.0,0.0,0.0,0.0,0.0,0.0
0.541,0.657,0.418,0.469,0.726,0.682,0.595,0.499,0.532,0.473,0.692,0.506,0.794,0.478,0.482,0.605,0.671,0.746,0.742,0.588,0.747,0.865,0.861,0.679,0.675,0.66,0.755,0.492,0.517,0.535,0.465,0.729,0.0,1.0,0.652,0.508,0.591,0.742,0.497,0.754,0.466,0.662,0.772,0.495,0.501,0.45,0.668,0.665,0.476,0.504
0.526,0.758,0.398,0.487,0.66,0.764,0.579,0.495,0.518,0.493,0.676,0.498,0.675,0.483,0.481,0.591,0.707,0.655,0.66,0.575,0.632,0.661,0.655,0.813,0.8,0.743,0.639,0.485,0.522,0.534,0.464,0.624,0.0,0.652,1.0,0.488,0.577,0.626,0.486,0.677,0.473,0.712,0.65,0.479,0.482,0.437,0.681,0.678,0.472,0.5
0.506,0.471,0.406,0.659,0.491,0.494,0.489,0.672,0.491,0.671,0.49,0.664,0.502,0.659,0.658,0.492,0.491,0.501,0.501,0.484,0.491,0.501,0.507,0.515,0.491,0.5,0.498,0.67,0.533,0.504,0.66,0.469,0.0,0.508,0.488,1.0,0.486,0.481,0.695,0.49,0.667,0.485,0.493,0.662,0.662,0.466,0.481,0.48,0.654,0.521
0.545,0.603,0.421,0.461,0.582,0.609,0.987,0.477,0.546,0.457,0.566,0.484,0.587,0.458,0.474,0.948,0.616,0.628,0.622,0.993,0.633,0.609,0.632,0.611,0.607,0.596,0.598,0.469,0.509,0.52,0.453,0.604,0.0,0.591,0.577,0.486,1.0,0.589,0.484,0.577,0.455,0.604,0.599,0.483,0.483,0.442,0.595,0.595,0.457,0.508
0.565,0.683,0.435,0.479,0.74,0.692,0.591,0.521,0.54,0.494,0.706,0.521,0.754,0.498,0.506,0.597,0.66,0.727,0.739,0.588,0.739,0.747,0.756,0.662,0.674,0.654,0.824,0.512,0.526,0.535,0.486,0.753,0.0,0.742,0.626,0.481,0.589,1.0,0.509,0.751,0.49,0.678,0.857,0.522,0.512,0.464,0.703,0.702,0.502,0.515
0.501,0.494,0.395,0.679,0.493,0.515,0.488,0.704,0.487,0.687,0.487,0.712,0.495,0.691,0.701,0.492,0.5,0.493,0.513,0.482,0.486,0.486,0.501,0.504,0.498,0.497,0.493,0.694,0.537,0.485,0.673,0.484,0.0,0.497,0.486,0.695,0.484,0.509,1.0,0.494,0.674,0.495,0.506,0.708,0.708,0.474,0.498,0.497,0.671,0.525
0.532,0.649,0.415,0.48,0.739,0.675,0.578,0.517,0.526,0.496,0.762,0.501,0.803,0.492,0.489,0.59,0.664,0.738,0.745,0.578,0.728,0.782,0.774,0.69,0.672,0.688,0.77,0.494,0.51,0.557,0.481,0.75,0.0,0.754,0.677,0.49,0.577,0.751,0.494,1.0,0.486,0.673,0.778,0.487,0.491,0.457,0.683,0.679,0.484,0.503
0.485,0.471,0.38,0.782,0.491,0.476,0.456,0.744,0.458,0.766,0.495,0.733,0.491,0.775,0.751,0.464,0.458,0.462,0.468,0.454,0.458,0.479,0.48,0.498,0.475,0.486,0.481,0.76,0.515,0.484,0.895,0.453,0.0,0.466,0.473,0.667,0.455,0.49,0.674,0.486,1.0,0.468,0.475,0.735,0.732,0.46,0.466,0.466,0.702,0.494
0.549,0.724,0.432,0.465,0.692,0.741,0.604,0.503,0.562,0.47,0.663,0.492,0.678,0.472,0.479,0.611,0.725,0.692,0.691,0.604,0.649,0.672,0.681,0.74,0.736,0.719,0.674,0.486,0.534,0.54,0.459,0.676,0.0,0.662,0.712,0.485,0.604,0.678,0.495,0.673,0.468,1.0,0.696,0.495,0.494,0.462,0.767,0.764,0.482,0.521
0.551,0.658,0.432,0.476,0.754,0.681,0.6,0.511,0.549,0.485,0.729,0.518,0.774,0.489,0.498,0.606,0.663,0.753,0.755,0.599,0.734,0.768,0.772,0.679,0.681,0.664,0.849,0.497,0.518,0.557,0.475,0.744,0.0,0.772,0.65,0.493,0.599,0.857,0.506,0.778,0.475,0.696,1.0,0.504,0.507,0.461,0.696,0.692,0.493,0.508
0.499,0.517,0.398,0.759,0.505,0.509,0.484,0.892,0.479,0.718,0.481,0.745,0.494,0.747,0.727,0.487,0.499,0.494,0.497,0.479,0.482,0.491,0.511,0.515,0.522,0.512,0.511,0.953,0.528,0.485,0.717,0.491,0.0,0.495,0.479,0.662,0.483,0.522,0.708,0.487,0.735,0.495,0.504,1.0,0.964,0.465,0.497,0.497,0.716,0.5
0.51,0.513,0.386,0.76,0.506,0.509,0.484,0.884,0.479,0.724,0.481,0.753,0.492,0.75,0.728,0.488,0.503,0.495,0.498,0.479,0.48,0.492,0.513,0.516,0.512,0.501,0.501,0.943,0.531,0.484,0.719,0.495,0.0,0.501,0.482,0.662,0.483,0.512,0.708,0.491,0.732,0.494,0.507,0.964,1.0,0.462,0.501,0.5,0.702,0.503
0.521,0.477,0.419,0.457,0.456,0.474,0.442,0.454,0.497,0.46,0.437,0.479,0.448,0.466,0.478,0.439,0.457,0.446,0.459,0.441,0.454,0.451,0.456,0.466,0.458,0.447,0.451,0.456,0.599,0.507,0.458,0.446,0.0,0.45,0.437,0.466,0.442,0.464,0.474,0.457,0.46,0.462,0.461,0.465,0.462,1.0,0.505,0.505,0.476,0.676
0.559,0.732,0.452,0.465,0.701,0.742,0.595,0.491,0.553,0.475,0.663,0.496,0.674,0.475,0.485,0.596,0.735,0.689,0.681,0.595,0.671,0.667,0.676,0.718,0.722,0.719,0.671,0.488,0.532,0.532,0.461,0.684,0.0,0.668,0.681,0.481,0.595,0.703,0.498,0.683,0.466,0.767,0.696,0.497,0.501,0.505,1.0,0.995,0.49,0.537
0.56,0.733,0.452,0.466,0.698,0.74,0.595,0.49,0.55,0.474,0.66,0.497,0.672,0.476,0.485,0.593,0.735,0.686,0.678,0.595,0.669,0.663,0.673,0.717,0.719,0.716,0.668,0.488,0.53,0.529,0.46,0.685,0.0,0.665,0.678,0.48,0.595,0.702,0.497,0.679,0.466,0.764,0.692,0.497,0.5,0.505,0.995,1.0,0.489,0.537
0.486,0.5,0.402,0.701,0.5,0.492,0.457,0.711,0.47,0.706,0.499,0.702,0.505,0.711,0.711,0.466,0.471,0.474,0.481,0.456,0.466,0.496,0.489,0.505,0.505,0.517,0.498,0.726,0.512,0.476,0.699,0.466,0.0,0.476,0.472,0.654,0.457,0.502,0.671,0.484,0.702,0.482,0.493,0.716,0.702,0.476,0.49,0.489,1.0,0.502
0.598,0.537,0.458,0.505,0.5,0.541,0.506,0.497,0.568,0.504,0.492,0.521,0.511,0.514,0.516,0.5,0.526,0.51,0.513,0.507,0.504,0.506,0.513,0.522,0.519,0.508,0.499,0.495,0.842,0.541,0.493,0.502,0.0,0.504,0.5,0.521,0.508,0.515,0.525,0.503,0.494,0.521,0.508,0.5,0.503,0.676,0.537,0.537,0.502,1.0
