GCF_000163235.1_ASM16323v1_genomic.fna,GCF_000164555.1_ASM16455v1_genomic.fna,GCF_000208545.1_ASM20854v2_genomic.fna,GCF_000233875.1_ASM23387v1_genomic.fna,GCF_000249735.1_ASM24973v2_genomic.fna,GCF_000261145.1_Esch_coli_M919_V2_genomic.fna,GCF_000267705.2_ASM26770v2_genomic.fna,GCF_000350665.1_Esch_coli_KTE5_V1_genomic.fna,GCF_000351625.1_Esch_coli_KTE66_V1_genomic.fna,GCF_000352285.1_Esch_coli_KTE46_V1_genomic.fna,GCF_000358895.1_ASM35889v1_genomic.fna,GCF_000456385.1_Esch_coli_HVH_26_4-5703913_V1_genomic.fna,GCF_000458195.1_Esch_coli_HVH_147_4-5893887_V1_genomic.fna,GCF_000459755.1_Esch_coli_KOEGE_58_171a_V1_genomic.fna,GCF_000460055.1_Esch_coli_UMEA_3053-1_V1_genomic.fna,GCF_000462165.2_ASM46216v2_genomic.fna,GCF_000601135.1_ASM60113v1_genomic.fna,GCF_000614595.1_Ec2010EL1058_genomic.fna,GCF_000617745.1_Ec2010C-4529_genomic.fna,GCF_000618265.2_EcF6751_genomic.fna,GCF_000619005.2_Ec2009C-4052_genomic.fna,GCF_000619105.1_Ec2009C-4780_genomic.fna,GCF_000619765.2_Ec2009C-3279_genomic.fna,GCF_000687005.1_ASM68700v1_genomic.fna,GCF_000687025.1_ASM68702v1_genomic.fna,GCF_000700125.1_ASM70012v1_genomic.fna,GCF_000753315.1_FHI35_genomic.fna,GCF_000776375.1_ASM77637v1_genomic.fna,GCF_000779395.1_ASM77939v1_genomic.fna,GCF_000780315.1_ASM78031v1_genomic.fna,GCF_000781995.1_ASM78199v1_genomic.fna,GCF_000986765.1_ASM98676v1_genomic.fna,GCF_001041375.1_ViralProj287958_genomic.fna,GCF_001265335.1_302014_genomic.fna,GCF_001265625.1_100854_genomic.fna,GCF_001267345.1_303289_genomic.fna,GCF_001309985.1_ASM130998v1_genomic.fna,GCF_001521695.1_ASM152169v1_genomic.fna,GCF_001592595.1_ASM159259v1_genomic.fna,GCF_001614975.1_ASM161497v1_genomic.fna,GCF_001692775.1_ASM169277v1_genomic.fna,GCF_001748915.1_ASM174891v1_genomic.fna,GCF_001749235.1_ASM174923v1_genomic.fna,GCF_001881155.1_ASM188115v1_genomic.fna,GCF_001881345.1_ASM188134v1_genomic.fna,GCF_001892405.1_ASM189240v1_genomic.fna,GCF_001892585.1_ASM189258v1_genomic.fna,GCF_001893985.1_ASM189398v1_genomic.fna,GCF_002001595.1_ASM200159v1_genomic.fna,GCF_002002145.1_ASM200214v1_genomic.fna
1.0,0.59,0.516,0.485,0.562,0.577,0.562,0.501,0.676,0.502,0.537,0.506,0.548,0.483,0.477,0.578,0.555,0.559,0.549,0.56,0.516,0.54,0.544,0.582,0.564,0.55,0.541,0.487,0.6,0.657,0.474,0.544,0.0,0.541,0.537,0.506,0.561,0.571,0.484,0.547,0.484,0.558,0.551,0.487,0.506,0.563,0.559,0.564,0.493,0.608
0.59,1.0,0.457,0.508,0.682,0.819,0.6,0.522,0.556,0.52,0.647,0.52,0.664,0.498,0.496,0.618,0.731,0.685,0.66,0.595,0.631,0.656,0.659,0.807,0.822,0.726,0.656,0.52,0.552,0.544,0.497,0.683,0.0,0.652,0.747,0.497,0.596,0.697,0.497,0.666,0.501,0.71,0.673,0.527,0.535,0.507,0.709,0.713,0.524,0.54
0.516,0.457,1.0,0.408,0.45,0.451,0.436,0.408,0.487,0.412,0.443,0.412,0.434,0.411,0.399,0.444,0.444,0.441,0.428,0.433,0.417,0.432,0.434,0.448,0.437,0.429,0.44,0.412,0.464,0.481,0.398,0.443,0.0,0.436,0.405,0.415,0.435,0.453,0.414,0.45,0.413,0.45,0.454,0.417,0.416,0.426,0.458,0.46,0.416,0.47
0.485,0.508,0.408,1.0,0.472,0.495,0.45,0.718,0.481,0.775,0.496,0.747,0.502,0.789,0.787,0.458,0.491,0.474,0.469,0.447,0.442,0.473,0.47,0.516,0.494,0.507,0.492,0.778,0.519,0.476,0.743,0.481,0.0,0.459,0.475,0.657,0.447,0.493,0.674,0.481,0.766,0.477,0.489,0.762,0.763,0.474,0.483,0.484,0.708,0.529
0.562,0.682,0.45,0.472,1.0,0.699,0.614,0.505,0.554,0.487,0.756,0.488,0.711,0.473,0.478,0.624,0.67,0.702,0.715,0.611,0.702,0.706,0.717,0.676,0.686,0.667,0.701,0.484,0.547,0.528,0.48,0.736,0.0,0.709,0.635,0.48,0.613,0.733,0.486,0.717,0.492,0.698,0.719,0.489,0.498,0.503,0.69,0.695,0.499,0.53
0.577,0.819,0.451,0.495,0.699,1.0,0.612,0.527,0.563,0.5,0.659,0.503,0.674,0.496,0.491,0.626,0.728,0.706,0.676,0.607,0.648,0.683,0.69,0.806,0.826,0.727,0.669,0.502,0.558,0.542,0.49,0.686,0.0,0.685,0.759,0.517,0.607,0.697,0.518,0.68,0.499,0.724,0.686,0.51,0.511,0.503,0.714,0.718,0.518,0.546
0.562,0.6,0.436,0.45,0.614,0.612,1.0,0.468,0.553,0.445,0.579,0.457,0.585,0.442,0.453,0.947,0.584,0.652,0.646,0.985,0.637,0.625,0.637,0.607,0.599,0.594,0.589,0.455,0.521,0.529,0.443,0.611,0.0,0.605,0.577,0.485,0.985,0.589,0.477,0.585,0.444,0.599,0.593,0.465,0.466,0.486,0.586,0.591,0.464,0.517
0.501,0.522,0.408,0.718,0.505,0.527,0.468,1.0,0.498,0.712,0.477,0.713,0.5,0.708,0.701,0.478,0.499,0.493,0.501,0.465,0.474,0.49,0.498,0.515,0.502,0.498,0.489,0.901,0.531,0.469,0.724,0.502,0.0,0.485,0.468,0.641,0.465,0.535,0.69,0.487,0.733,0.504,0.492,0.904,0.881,0.488,0.493,0.498,0.705,0.521
0.676,0.556,0.487,0.481,0.554,0.563,0.553,0.498,1.0,0.497,0.543,0.482,0.543,0.483,0.478,0.564,0.546,0.555,0.547,0.55,0.523,0.555,0.552,0.562,0.555,0.546,0.555,0.489,0.592,0.66,0.479,0.545,0.0,0.544,0.522,0.524,0.553,0.55,0.494,0.558,0.483,0.563,0.566,0.489,0.489,0.552,0.562,0.564,0.493,0.595
0.502,0.52,0.412,0.775,0.487,0.5,0.445,0.712,0.497,1.0,0.514,0.727,0.515,0.751,0.745,0.457,0.49,0.47,0.469,0.443,0.443,0.47,0.463,0.519,0.496,0.509,0.5,0.746,0.527,0.486,0.746,0.471,0.0,0.458,0.485,0.658,0.443,0.501,0.689,0.498,0.759,0.481,0.492,0.729,0.747,0.474,0.485,0.486,0.708,0.519
0.537,0.647,0.443,0.496,0.756,0.659,0.579,0.477,0.543,0.514,1.0,0.476,0.774,0.49,0.481,0.591,0.65,0.703,0.696,0.576,0.67,0.708,0.696,0.704,0.66,0.685,0.734,0.481,0.517,0.527,0.457,0.699,0.0,0.678,0.7,0.484,0.578,0.713,0.465,0.75,0.474,0.663,0.729,0.471,0.48,0.468,0.664,0.665,0.47,0.525
0.506,0.52,0.412,0.747,0.488,0.503,0.457,0.713,0.482,0.727,0.476,1.0,0.484,0.739,0.857,0.466,0.501,0.471,0.467,0.453,0.451,0.472,0.47,0.515,0.5,0.506,0.472,0.748,0.528,0.482,0.698,0.485,0.0,0.466,0.472,0.636,0.454,0.497,0.675,0.479,0.722,0.479,0.482,0.732,0.744,0.475,0.495,0.496,0.685,0.518
0.548,0.664,0.434,0.502,0.711,0.674,0.585,0.5,0.543,0.515,0.774,0.484,1.0,0.487,0.489,0.595,0.666,0.716,0.733,0.58,0.711,0.782,0.776,0.702,0.663,0.688,0.782,0.5,0.525,0.548,0.462,0.738,0.0,0.76,0.673,0.487,0.582,0.748,0.472,0.788,0.474,0.667,0.766,0.49,0.495,0.477,0.669,0.67,0.487,0.527
0.483,0.498,0.411,0.789,0.473,0.496,0.442,0.708,0.483,0.751,0.49,0.739,0.487,1.0,0.789,0.449,0.484,0.47,0.468,0.44,0.44,0.469,0.461,0.505,0.494,0.499,0.49,0.76,0.534,0.474,0.736,0.477,0.0,0.453,0.461,0.658,0.44,0.492,0.681,0.48,0.758,0.472,0.484,0.748,0.75,0.476,0.475,0.477,0.707,0.531
0.477,0.496,0.399,0.787,0.478,0.491,0.453,0.701,0.478,0.745,0.481,0.857,0.489,0.789,1.0,0.457,0.492,0.46,0.458,0.45,0.437,0.468,0.462,0.505,0.489,0.497,0.481,0.748,0.512,0.469,0.729,0.47,0.0,0.451,0.47,0.64,0.45,0.492,0.67,0.479,0.749,0.468,0.482,0.73,0.732,0.471,0.493,0.494,0.703,0.524
0.578,0.618,0.444,0.458,0.624,0.626,0.947,0.478,0.564,0.457,0.591,0.466,0.595,0.449,0.457,1.0,0.595,0.648,0.646,0.945,0.618,0.624,0.632,0.616,0.606,0.607,0.592,0.466,0.533,0.544,0.449,0.607,0.0,0.607,0.581,0.49,0.946,0.596,0.477,0.596,0.452,0.609,0.598,0.476,0.478,0.492,0.595,0.6,0.481,0.526
0.555,0.731,0.444,0.491,0.67,0.728,0.584,0.499,0.546,0.49,0.65,0.501,0.666,0.484,0.492,0.595,1.0,0.656,0.647,0.581,0.63,0.678,0.666,0.768,0.742,0.775,0.66,0.505,0.537,0.529,0.463,0.695,0.0,0.666,0.699,0.492,0.583,0.668,0.478,0.675,0.473,0.698,0.683,0.498,0.515,0.479,0.715,0.717,0.48,0.519
0.559,0.685,0.441,0.474,0.702,0.706,0.652,0.493,0.555,0.47,0.703,0.471,0.716,0.47,0.46,0.648,0.656,1.0,0.789,0.645,0.739,0.761,0.769,0.689,0.681,0.666,0.73,0.477,0.536,0.53,0.467,0.737,0.0,0.732,0.637,0.506,0.647,0.716,0.491,0.724,0.468,0.686,0.721,0.481,0.482,0.489,0.678,0.681,0.482,0.535
0.549,0.66,0.428,0.469,0.715,0.676,0.646,0.501,0.547,0.469,0.696,0.467,0.733,0.468,0.458,0.646,0.647,0.789,1.0,0.638,0.776,0.773,0.781,0.666,0.656,0.651,0.736,0.473,0.52,0.52,0.468,0.751,0.0,0.733,0.633,0.497,0.641,0.723,0.492,0.733,0.471,0.671,0.723,0.475,0.478,0.485,0.652,0.657,0.478,0.522
0.56,0.595,0.433,0.447,0.611,0.607,0.985,0.465,0.55,0.443,0.576,0.453,0.58,0.44,0.45,0.945,0.581,0.645,0.638,1.0,0.629,0.617,0.63,0.601,0.599,0.592,0.584,0.452,0.519,0.527,0.441,0.607,0.0,0.6,0.572,0.483,0.992,0.585,0.475,0.581,0.442,0.596,0.588,0.461,0.462,0.487,0.582,0.587,0.46,0.515
0.516,0.631,0.417,0.442,0.702,0.648,0.637,0.474,0.523,0.443,0.67,0.451,0.711,0.44,0.437,0.618,0.63,0.739,0.776,0.629,1.0,0.745,0.763,0.642,0.63,0.635,0.727,0.458,0.492,0.505,0.441,0.739,0.0,0.733,0.61,0.47,0.629,0.713,0.475,0.725,0.449,0.645,0.716,0.464,0.462,0.478,0.64,0.644,0.46,0.498
0.54,0.656,0.432,0.473,0.706,0.683,0.625,0.49,0.555,0.47,0.708,0.472,0.782,0.469,0.468,0.624,0.678,0.761,0.773,0.617,0.745,1.0,0.927,0.671,0.671,0.662,0.749,0.48,0.515,0.518,0.466,0.753,0.0,0.87,0.625,0.486,0.619,0.741,0.474,0.753,0.477,0.664,0.751,0.482,0.484,0.477,0.668,0.673,0.475,0.52
0.544,0.659,0.434,0.47,0.717,0.69,0.637,0.498,0.552,0.463,0.696,0.47,0.776,0.461,0.462,0.632,0.666,0.769,0.781,0.63,0.763,0.927,1.0,0.666,0.669,0.654,0.749,0.476,0.516,0.513,0.465,0.769,0.0,0.874,0.621,0.489,0.631,0.736,0.49,0.744,0.47,0.669,0.734,0.48,0.481,0.48,0.661,0.666,0.482,0.512
0.582,0.807,0.448,0.516,0.676,0.806,0.607,0.515,0.562,0.519,0.704,0.515,0.702,0.505,0.505,0.616,0.768,0.689,0.666,0.601,0.642,0.671,0.666,1.0,0.816,0.788,0.696,0.511,0.554,0.562,0.474,0.681,0.0,0.66,0.799,0.498,0.604,0.678,0.482,0.696,0.483,0.732,0.692,0.498,0.514,0.501,0.723,0.724,0.49,0.553
0.564,0.822,0.437,0.494,0.686,0.826,0.599,0.502,0.555,0.496,0.66,0.5,0.663,0.494,0.489,0.606,0.742,0.681,0.656,0.599,0.63,0.671,0.669,0.816,1.0,0.76,0.668,0.499,0.545,0.529,0.483,0.697,0.0,0.658,0.767,0.499,0.6,0.689,0.497,0.672,0.491,0.715,0.677,0.508,0.513,0.496,0.714,0.718,0.504,0.54
0.55,0.726,0.429,0.507,0.667,0.727,0.594,0.498,0.546,0.509,0.685,0.506,0.688,0.499,0.497,0.607,0.775,0.666,0.651,0.592,0.635,0.662,0.654,0.788,0.76,1.0,0.677,0.505,0.543,0.53,0.469,0.669,0.0,0.642,0.722,0.486,0.595,0.657,0.473,0.68,0.48,0.708,0.667,0.502,0.51,0.477,0.715,0.717,0.491,0.54
0.541,0.656,0.44,0.492,0.701,0.669,0.589,0.489,0.555,0.5,0.734,0.472,0.782,0.49,0.481,0.592,0.66,0.73,0.736,0.584,0.727,0.749,0.749,0.696,0.668,0.677,1.0,0.486,0.528,0.523,0.467,0.749,0.0,0.723,0.65,0.486,0.587,0.814,0.471,0.778,0.475,0.661,0.847,0.484,0.487,0.478,0.663,0.662,0.477,0.529
0.487,0.52,0.412,0.778,0.484,0.502,0.455,0.901,0.489,0.746,0.481,0.748,0.5,0.76,0.748,0.466,0.505,0.477,0.473,0.452,0.458,0.48,0.476,0.511,0.499,0.505,0.486,1.0,0.529,0.48,0.732,0.493,0.0,0.467,0.468,0.648,0.453,0.524,0.682,0.485,0.757,0.488,0.492,0.964,0.945,0.48,0.497,0.497,0.712,0.517
0.6,0.552,0.464,0.519,0.547,0.558,0.521,0.531,0.592,0.527,0.517,0.528,0.525,0.534,0.512,0.533,0.537,0.536,0.52,0.519,0.492,0.515,0.516,0.554,0.545,0.543,0.528,0.529,1.0,0.561,0.515,0.54,0.0,0.513,0.515,0.535,0.521,0.545,0.515,0.523,0.522,0.531,0.529,0.522,0.533,0.598,0.543,0.542,0.516,0.846
0.657,0.544,0.481,0.476,0.528,0.542,0.529,0.469,0.66,0.486,0.527,0.482,0.548,0.474,0.469,0.544,0.529,0.53,0.52,0.527,0.505,0.518,0.513,0.562,0.529,0.53,0.523,0.48,0.561,1.0,0.456,0.527,0.0,0.505,0.514,0.489,0.53,0.524,0.459,0.557,0.467,0.529,0.542,0.473,0.474,0.538,0.538,0.539,0.466,0.578
0.474,0.497,0.398,0.743,0.48,0.49,0.443,0.724,0.479,0.746,0.457,0.698,0.462,0.736,0.729,0.449,0.463,0.467,0.468,0.441,0.441,0.466,0.465,0.474,0.483,0.469,0.467,0.732,0.515,0.456,1.0,0.475,0.0,0.459,0.436,0.644,0.441,0.489,0.68,0.462,0.893,0.483,0.465,0.734,0.732,0.464,0.467,0.471,0.704,0.507
0.544,0.683,0.443,0.481,0.736,0.686,0.611,0.502,0.545,0.471,0.699,0.485,0.738,0.477,0.47,0.607,0.695,0.737,0.751,0.607,0.739,0.753,0.769,0.681,0.697,0.669,0.749,0.493,0.54,0.527,0.475,1.0,0.0,0.748,0.626,0.481,0.609,0.761,0.493,0.762,0.474,0.675,0.762,0.494,0.502,0.488,0.668,0.672,0.487,0.526
0.0,0.0,0.0,0.0,0.0,0.0,0.0,0.0,0.0,0.0,0.0,0.0,0.0,0.0,0.0,0.0,0.0,0.0,0.0,0.0,0.0,0.0,0.0,0.0,0.0,0.0,0.0,0.0,0.0,0.0,0.0,0.0,1.0,0.0,0.0,0.0,0.0,0.0,0.0,0.0,0.0,0.0,0.0,0.0,0.0,0.0,0.0,0.0,0.0,0.0
0.541,0.652,0.436,0.459,0.709,0.685,0.605,0.485,0.544,0.458,0.678,0.466,0.76,0.453,0.451,0.607,0.666,0.732,0.733,0.6,0.733,0.87,0.874,0.66,0.658,0.642,0.723,0.467,0.513,0.505,0.459,0.748,0.0,1.0,0.616,0.496,0.601,0.722,0.498,0.735,0.459,0.661,0.73,0.472,0.477,0.471,0.657,0.662,0.473,0.507
0.537,0.747,0.405,0.475,0.635,0.759,0.577,0.468,0.522,0.485,0.7,0.472,0.673,0.461,0.47,0.581,0.699,0.637,0.633,0.572,0.61,0.625,0.621,0.799,0.767,0.722,0.65,0.468,0.515,0.514,0.436,0.626,0.0,0.616,1.0,0.467,0.572,0.642,0.458,0.655,0.445,0.673,0.653,0.458,0.472,0.455,0.668,0.669,0.457,0.506
0.506,0.497,0.415,0.657,0.48,0.517,0.485,0.641,0.524,0.658,0.484,0.636,0.487,0.658,0.64,0.49,0.492,0.506,0.497,0.483,0.47,0.486,0.489,0.498,0.499,0.486,0.486,0.648,0.535,0.489,0.644,0.481,0.0,0.496,0.467,1.0,0.481,0.49,0.667,0.495,0.663,0.496,0.49,0.648,0.652,0.481,0.491,0.494,0.645,0.538
0.561,0.596,0.435,0.447,0.613,0.607,0.985,0.465,0.553,0.443,0.578,0.454,0.582,0.44,0.45,0.946,0.583,0.647,0.641,0.992,0.629,0.619,0.631,0.604,0.6,0.595,0.587,0.453,0.521,0.53,0.441,0.609,0.0,0.601,0.572,0.481,1.0,0.587,0.473,0.583,0.442,0.597,0.59,0.463,0.464,0.487,0.585,0.589,0.46,0.517
0.571,0.697,0.453,0.493,0.733,0.697,0.589,0.535,0.55,0.501,0.713,0.497,0.748,0.492,0.492,0.596,0.668,0.716,0.723,0.585,0.713,0.741,0.736,0.678,0.689,0.657,0.814,0.524,0.545,0.524,0.489,0.761,0.0,0.722,0.642,0.49,0.587,1.0,0.49,0.76,0.502,0.667,0.841,0.529,0.516,0.492,0.683,0.683,0.506,0.532
0.484,0.497,0.414,0.674,0.486,0.518,0.477,0.69,0.494,0.689,0.465,0.675,0.472,0.681,0.67,0.477,0.478,0.491,0.492,0.475,0.475,0.474,0.49,0.482,0.497,0.473,0.471,0.682,0.515,0.459,0.68,0.493,0.0,0.498,0.458,0.667,0.473,0.49,1.0,0.469,0.686,0.49,0.489,0.689,0.689,0.483,0.481,0.485,0.68,0.512
0.547,0.666,0.45,0.481,0.717,0.68,0.585,0.487,0.558,0.498,0.75,0.479,0.788,0.48,0.479,0.596,0.675,0.724,0.733,0.581,0.725,0.753,0.744,0.696,0.672,0.68,0.778,0.485,0.523,0.557,0.462,0.762,0.0,0.735,0.655,0.495,0.583,0.76,0.469,1.0,0.472,0.68,0.795,0.476,0.483,0.479,0.688,0.689,0.474,0.53
0.484,0.501,0.413,0.766,0.492,0.499,0.444,0.733,0.483,0.759,0.474,0.722,0.474,0.758,0.749,0.452,0.473,0.468,0.471,0.442,0.449,0.477,0.47,0.483,0.491,0.48,0.475,0.757,0.522,0.467,0.893,0.474,0.0,0.459,0.445,0.663,0.442,0.502,0.686,0.472,1.0,0.487,0.47,0.761,0.755,0.468,0.48,0.484,0.711,0.518
0.558,0.71,0.45,0.477,0.698,0.724,0.599,0.504,0.563,0.481,0.663,0.479,0.667,0.472,0.468,0.609,0.698,0.686,0.671,0.596,0.645,0.664,0.669,0.732,0.715,0.708,0.661,0.488,0.531,0.529,0.483,0.675,0.0,0.661,0.673,0.496,0.597,0.667,0.49,0.68,0.487,1.0,0.69,0.492,0.491,0.487,0.736,0.742,0.49,0.524
0.551,0.673,0.454,0.489,0.719,0.686,0.593,0.492,0.566,0.492,0.729,0.482,0.766,0.484,0.482,0.598,0.683,0.721,0.723,0.588,0.716,0.751,0.734,0.692,0.677,0.667,0.847,0.492,0.529,0.542,0.465,0.762,0.0,0.73,0.653,0.49,0.59,0.841,0.489,0.795,0.47,0.69,1.0,0.486,0.493,0.49,0.68,0.68,0.477,0.532
0.487,0.527,0.417,0.762,0.489,0.51,0.465,0.904,0.489,0.729,0.471,0.732,0.49,0.748,0.73,0.476,0.498,0.481,0.475,0.461,0.464,0.482,0.48,0.498,0.508,0.502,0.484,0.964,0.522,0.473,0.734,0.494,0.0,0.472,0.458,0.648,0.463,0.529,0.689,0.476,0.761,0.492,0.486,1.0,0.955,0.483,0.494,0.499,0.723,0.513
0.506,0.535,0.416,0.763,0.498,0.511,0.466,0.881,0.489,0.747,0.48,0.744,0.495,0.75,0.732,0.478,0.515,0.482,0.478,0.462,0.462,0.484,0.481,0.514,0.513,0.51,0.487,0.945,0.533,0.474,0.732,0.502,0.0,0.477,0.472,0.652,0.464,0.516,0.689,0.483,0.755,0.491,0.493,0.955,1.0,0.486,0.504,0.506,0.715,0.518
0.563,0.507,0.426,0.474,0.503,0.503,0.486,0.488,0.552,0.474,0.468,0.475,0.477,0.476,0.471,0.492,0.479,0.489,0.485,0.487,0.478,0.477,0.48,0.501,0.496,0.477,0.478,0.48,0.598,0.538,0.464,0.488,0.0,0.471,0.455,0.481,0.487,0.492,0.483,0.479,0.468,0.487,0.49,0.483,0.486,1.0,0.518,0.52,0.488,0.647
0.559,0.709,0.458,0.483,0.69,0.714,0.586,0.493,0.562,0.485,0.664,0.495,0.669,0.475,0.493,0.595,0.715,0.678,0.652,0.582,0.64,0.668,0.661,0.723,0.714,0.715,0.663,0.497,0.543,0.538,0.467,0.668,0.0,0.657,0.668,0.491,0.585,0.683,0.481,0.688,0.48,0.736,0.68,0.494,0.504,0.518,1.0,0.994,0.486,0.551
0.564,0.713,0.46,0.484,0.695,0.718,0.591,0.498,0.564,0.486,0.665,0.496,0.67,0.477,0.494,0.6,0.717,0.681,0.657,0.587,0.644,0.673,0.666,0.724,0.718,0.717,0.662,0.497,0.542,0.539,0.471,0.672,0.0,0.662,0.669,0.494,0.589,0.683,0.485,0.689,0.484,0.742,0.68,0.499,0.506,0.52,0.994,1.0,0.49,0.55
0.493,0.524,0.416,0.708,0.499,0.518,0.464,0.705,0.493,0.708,0.47,0.685,0.487,0.707,0.703,0.481,0.48,0.482,0.478,0.46,0.46,0.475,0.482,0.49,0.504,0.491,0.477,0.712,0.516,0.466,0.704,0.487,0.0,0.473,0.457,0.645,0.46,0.506,0.68,0.474,0.711,0.49,0.477,0.723,0.715,0.488,0.486,0.49,1.0,0.512
0.608,0.54,0.47,0.529,0.53,0.546,0.517,0.521,0.595,0.519,0.525,0.518,0.527,0.531,0.524,0.526,0.519,0.535,0.522,0.515,0.498,0.52,0.512,0.553,0.54,0.54,0.529,0.517,0.846,0.578,0.507,0.526,0.0,0.507,0.506,0.538,0.517,0.532,0.512,0.53,0.518,0.524,0.532,0.513,0.518,0.647,0.551,0.55,0.512,1.0
