GCF_000163235.1_ASM16323v1_genomic.fna,GCF_000164555.1_ASM16455v1_genomic.fna,GCF_000208545.1_ASM20854v2_genomic.fna,GCF_000233875.1_ASM23387v1_genomic.fna,GCF_000249735.1_ASM24973v2_genomic.fna,GCF_000261145.1_Esch_coli_M919_V2_genomic.fna,GCF_000267705.2_ASM26770v2_genomic.fna,GCF_000350665.1_Esch_coli_KTE5_V1_genomic.fna,GCF_000351625.1_Esch_coli_KTE66_V1_genomic.fna,GCF_000352285.1_Esch_coli_KTE46_V1_genomic.fna,GCF_000358895.1_ASM35889v1_genomic.fna,GCF_000456385.1_Esch_coli_HVH_26_4-5703913_V1_genomic.fna,GCF_000458195.1_Esch_coli_HVH_147_4-5893887_V1_genomic.fna,GCF_000459755.1_Esch_coli_KOEGE_58_171a_V1_genomic.fna,GCF_000460055.1_Esch_coli_UMEA_3053-1_V1_genomic.fna,GCF_000462165.2_ASM46216v2_genomic.fna,GCF_000601135.1_ASM60113v1_genomic.fna,GCF_000614595.1_Ec2010EL1058_genomic.fna,GCF_000617745.1_Ec2010C-4529_genomic.fna,GCF_000618265.2_EcF6751_genomic.fna,GCF_000619005.2_Ec2009C-4052_genomic.fna,GCF_000619105.1_Ec2009C-4780_genomic.fna,GCF_000619765.2_Ec2009C-3279_genomic.fna,GCF_000687005.1_ASM68700v1_genomic.fna,GCF_000687025.1_ASM68702v1_genomic.fna,GCF_000700125.1_ASM70012v1_genomic.fna,GCF_000753315.1_FHI35_genomic.fna,GCF_000776375.1_ASM77637v1_genomic.fna,GCF_000779395.1_ASM77939v1_genomic.fna,GCF_000780315.1_ASM78031v1_genomic.fna,GCF_000781995.1_ASM78199v1_genomic.fna,GCF_000986765.1_ASM98676v1_genomic.fna,GCF_001041375.1_ViralProj287958_genomic.fna,GCF_001265335.1_302014_genomic.fna,GCF_001265625.1_100854_genomic.fna,GCF_001267345.1_303289_genomic.fna,GCF_001309985.1_ASM130998v1_genomic.fna,GCF_001521695.1_ASM152169v1_genomic.fna,GCF_001592595.1_ASM159259v1_genomic.fna,GCF_001614975.1_ASM161497v1_genomic.fna,GCF_001692775.1_ASM169277v1_genomic.fna,GCF_001748915.1_ASM174891v1_genomic.fna,GCF_001749235.1_ASM174923v1_genomic.fna,GCF_001881155.1_ASM188115v1_genomic.fna,GCF_001881345.1_ASM188134v1_genomic.fna,GCF_001892405.1_ASM189240v1_genomic.fna,GCF_001892585.1_ASM189258v1_genomic.fna,GCF_001893985.1_ASM189398v1_genomic.fna,GCF_002001595.1_ASM200159v1_genomic.fna,GCF_002002145.1_ASM200214v1_genomic.fna
1.0,0.469,0.388,0.41,0.462,0.456,0.428,0.43,0.567,0.427,0.458,0.427,0.462,0.412,0.4,0.442,0.45,0.462,0.461,0.426,0.461,0.464,0.469,0.448,0.435,0.449,0.466,0.428,0.515,0.568,0.389,0.461,0.0,0.461,0.422,0.4,0.426,0.472,0.4,0.466,0.401,0.451,0.464,0.419,0.429,0.44,0.442,0.443,0.393,0.516
0.469,1.0,0.336,0.413,0.62,0.765,0.516,0.43,0.436,0.417,0.589,0.425,0.606,0.402,0.402,0.517,0.681,0.595,0.592,0.512,0.598,0.596,0.611,0.767,0.778,0.71,0.61,0.427,0.459,0.454,0.401,0.623,0.0,0.599,0.73,0.393,0.512,0.617,0.396,0.599,0.404,0.675,0.595,0.442,0.44,0.408,0.669,0.672,0.402,0.449
0.388,0.336,1.0,0.323,0.33,0.333,0.309,0.312,0.366,0.321,0.324,0.318,0.346,0.308,0.316,0.322,0.33,0.332,0.336,0.308,0.334,0.349,0.338,0.33,0.34,0.342,0.35,0.324,0.353,0.379,0.298,0.341,0.0,0.34,0.307,0.304,0.308,0.345,0.297,0.348,0.314,0.327,0.349,0.321,0.311,0.329,0.337,0.334,0.309,0.368
0.41,0.413,0.323,1.0,0.401,0.418,0.37,0.71,0.396,0.704,0.379,0.735,0.388,0.755,0.768,0.381,0.401,0.404,0.403,0.368,0.392,0.399,0.404,0.4,0.406,0.399,0.408,0.754,0.467,0.404,0.717,0.413,0.0,0.397,0.382,0.626,0.366,0.406,0.666,0.401,0.746,0.393,0.399,0.733,0.73,0.411,0.387,0.387,0.666,0.468
0.462,0.62,0.33,0.401,1.0,0.653,0.519,0.41,0.448,0.417,0.777,0.416,0.717,0.409,0.401,0.537,0.636,0.653,0.657,0.516,0.671,0.662,0.654,0.64,0.635,0.626,0.692,0.408,0.445,0.458,0.394,0.679,0.0,0.654,0.62,0.399,0.516,0.697,0.396,0.691,0.409,0.635,0.711,0.399,0.404,0.393,0.634,0.634,0.399,0.443
0.456,0.765,0.333,0.418,0.653,1.0,0.537,0.426,0.439,0.414,0.613,0.428,0.635,0.417,0.417,0.551,0.705,0.631,0.611,0.528,0.604,0.616,0.619,0.783,0.8,0.703,0.623,0.421,0.465,0.447,0.396,0.621,0.0,0.617,0.757,0.421,0.528,0.623,0.424,0.61,0.416,0.682,0.618,0.414,0.418,0.392,0.681,0.681,0.414,0.461
0.428,0.516,0.309,0.37,0.519,0.537,1.0,0.388,0.438,0.366,0.494,0.362,0.519,0.372,0.356,0.95,0.519,0.551,0.541,0.984,0.559,0.539,0.565,0.515,0.514,0.526,0.511,0.373,0.419,0.443,0.357,0.527,0.0,0.529,0.499,0.38,0.982,0.493,0.371,0.502,0.359,0.516,0.506,0.377,0.376,0.384,0.498,0.5,0.352,0.423
0.43,0.43,0.312,0.71,0.41,0.426,0.388,1.0,0.398,0.709,0.384,0.691,0.391,0.697,0.686,0.391,0.395,0.398,0.398,0.388,0.391,0.387,0.401,0.413,0.404,0.396,0.409,0.906,0.475,0.413,0.709,0.413,0.0,0.393,0.376,0.594,0.385,0.414,0.656,0.402,0.708,0.392,0.393,0.907,0.89,0.428,0.387,0.389,0.643,0.466
0.567,0.436,0.366,0.396,0.448,0.439,0.438,0.398,1.0,0.407,0.448,0.39,0.456,0.393,0.389,0.453,0.43,0.452,0.45,0.437,0.452,0.453,0.452,0.434,0.429,0.439,0.455,0.406,0.495,0.594,0.384,0.456,0.0,0.443,0.412,0.394,0.434,0.455,0.387,0.458,0.393,0.446,0.456,0.392,0.39,0.435,0.431,0.431,0.381,0.511
0.427,0.417,0.321,0.704,0.417,0.414,0.366,0.709,0.407,1.0,0.402,0.712,0.409,0.724,0.717,0.383,0.399,0.389,0.388,0.366,0.38,0.392,0.39,0.413,0.41,0.402,0.407,0.728,0.47,0.422,0.73,0.404,0.0,0.392,0.39,0.639,0.364,0.41,0.674,0.41,0.746,0.389,0.405,0.708,0.713,0.422,0.383,0.383,0.665,0.47
0.458,0.589,0.324,0.379,0.777,0.613,0.494,0.384,0.448,0.402,1.0,0.394,0.724,0.393,0.384,0.512,0.601,0.66,0.66,0.492,0.66,0.668,0.654,0.652,0.611,0.612,0.687,0.391,0.437,0.437,0.375,0.669,0.0,0.643,0.648,0.401,0.49,0.69,0.388,0.702,0.39,0.621,0.716,0.378,0.38,0.375,0.604,0.602,0.382,0.44
0.427,0.425,0.318,0.735,0.416,0.428,0.362,0.691,0.39,0.712,0.394,1.0,0.396,0.744,0.86,0.377,0.408,0.394,0.402,0.36,0.389,0.391,0.392,0.419,0.425,0.4,0.405,0.721,0.467,0.413,0.695,0.412,0.0,0.392,0.4,0.632,0.359,0.417,0.685,0.406,0.726,0.393,0.409,0.699,0.706,0.423,0.395,0.396,0.66,0.465
0.462,0.606,0.346,0.388,0.717,0.635,0.519,0.391,0.456,0.409,0.724,0.396,1.0,0.393,0.386,0.538,0.614,0.698,0.713,0.519,0.721,0.774,0.762,0.639,0.619,0.629,0.752,0.398,0.45,0.466,0.38,0.714,0.0,0.742,0.618,0.4,0.518,0.734,0.384,0.745,0.39,0.631,0.746,0.386,0.386,0.395,0.614,0.612,0.393,0.454
0.412,0.402,0.308,0.755,0.409,0.417,0.372,0.697,0.393,0.724,0.393,0.744,0.393,1.0,0.762,0.389,0.397,0.398,0.395,0.372,0.386,0.388,0.385,0.396,0.411,0.395,0.415,0.74,0.468,0.405,0.705,0.402,0.0,0.381,0.386,0.633,0.369,0.419,0.666,0.401,0.736,0.388,0.407,0.714,0.708,0.418,0.381,0.382,0.663,0.466
0.4,0.402,0.316,0.768,0.401,0.417,0.356,0.686,0.389,0.717,0.384,0.86,0.386,0.762,1.0,0.372,0.392,0.389,0.391,0.355,0.386,0.39,0.381,0.39,0.404,0.394,0.396,0.733,0.458,0.405,0.722,0.401,0.0,0.38,0.381,0.626,0.354,0.404,0.683,0.397,0.743,0.382,0.398,0.704,0.699,0.414,0.392,0.39,0.668,0.475
0.442,0.517,0.322,0.381,0.537,0.551,0.95,0.391,0.453,0.383,0.512,0.377,0.538,0.389,0.372,1.0,0.532,0.553,0.55,0.949,0.552,0.555,0.557,0.532,0.529,0.541,0.525,0.388,0.436,0.455,0.365,0.529,0.0,0.536,0.508,0.39,0.942,0.513,0.384,0.518,0.373,0.531,0.521,0.378,0.38,0.385,0.518,0.517,0.371,0.44
0.45,0.681,0.33,0.401,0.636,0.705,0.519,0.395,0.43,0.399,0.601,0.408,0.614,0.397,0.392,0.532,1.0,0.594,0.586,0.515,0.591,0.611,0.609,0.715,0.713,0.737,0.61,0.399,0.443,0.436,0.367,0.641,0.0,0.61,0.675,0.404,0.514,0.603,0.392,0.625,0.382,0.66,0.604,0.396,0.402,0.369,0.664,0.666,0.386,0.445
0.462,0.595,0.332,0.404,0.653,0.631,0.551,0.398,0.452,0.389,0.66,0.394,0.698,0.398,0.389,0.553,0.594,1.0,0.722,0.547,0.72,0.715,0.711,0.61,0.599,0.619,0.699,0.406,0.437,0.449,0.386,0.675,0.0,0.683,0.599,0.411,0.543,0.67,0.402,0.683,0.394,0.636,0.684,0.393,0.394,0.384,0.607,0.604,0.391,0.44
0.461,0.592,0.336,0.403,0.657,0.611,0.541,0.398,0.45,0.388,0.66,0.402,0.713,0.395,0.391,0.55,0.586,0.722,1.0,0.534,0.728,0.72,0.71,0.589,0.586,0.605,0.705,0.407,0.443,0.459,0.383,0.689,0.0,0.674,0.6,0.407,0.534,0.669,0.398,0.69,0.395,0.612,0.684,0.396,0.395,0.391,0.602,0.601,0.389,0.45
0.426,0.512,0.308,0.368,0.516,0.528,0.984,0.388,0.437,0.366,0.492,0.36,0.519,0.372,0.355,0.949,0.515,0.547,0.534,1.0,0.557,0.535,0.559,0.514,0.517,0.524,0.509,0.372,0.417,0.442,0.355,0.525,0.0,0.524,0.493,0.375,0.985,0.494,0.365,0.501,0.359,0.513,0.502,0.375,0.373,0.384,0.496,0.498,0.352,0.424
0.461,0.598,0.334,0.392,0.671,0.604,0.559,0.391,0.452,0.38,0.66,0.389,0.721,0.386,0.386,0.552,0.591,0.72,0.728,0.557,1.0,0.728,0.745,0.593,0.586,0.607,0.708,0.397,0.428,0.456,0.382,0.72,0.0,0.72,0.594,0.401,0.554,0.687,0.387,0.707,0.384,0.608,0.696,0.391,0.387,0.396,0.606,0.608,0.38,0.439
0.464,0.596,0.349,0.399,0.662,0.616,0.539,0.387,0.453,0.392,0.668,0.391,0.774,0.388,0.39,0.555,0.611,0.715,0.72,0.535,0.728,1.0,0.916,0.608,0.603,0.607,0.745,0.402,0.448,0.458,0.377,0.722,0.0,0.856,0.588,0.394,0.535,0.709,0.386,0.727,0.387,0.605,0.731,0.389,0.389,0.399,0.601,0.598,0.39,0.456
0.469,0.611,0.338,0.404,0.654,0.619,0.565,0.401,0.452,0.39,0.654,0.392,0.762,0.385,0.381,0.557,0.609,0.711,0.71,0.559,0.745,0.916,1.0,0.598,0.597,0.597,0.735,0.4,0.442,0.456,0.38,0.732,0.0,0.856,0.586,0.402,0.56,0.694,0.395,0.711,0.386,0.603,0.705,0.406,0.406,0.409,0.592,0.596,0.388,0.448
0.448,0.767,0.33,0.4,0.64,0.783,0.515,0.413,0.434,0.413,0.652,0.419,0.639,0.396,0.39,0.532,0.715,0.61,0.589,0.514,0.593,0.608,0.598,1.0,0.809,0.716,0.618,0.401,0.446,0.445,0.382,0.613,0.0,0.605,0.814,0.406,0.512,0.616,0.387,0.616,0.398,0.678,0.633,0.392,0.401,0.394,0.676,0.673,0.388,0.451
0.435,0.778,0.34,0.406,0.635,0.8,0.514,0.404,0.429,0.41,0.611,0.425,0.619,0.411,0.404,0.529,0.713,0.599,0.586,0.517,0.586,0.603,0.597,0.809,1.0,0.731,0.614,0.411,0.438,0.43,0.381,0.625,0.0,0.59,0.772,0.406,0.516,0.618,0.398,0.616,0.399,0.668,0.617,0.414,0.411,0.387,0.673,0.671,0.407,0.439
0.449,0.71,0.342,0.399,0.626,0.703,0.526,0.396,0.439,0.402,0.612,0.4,0.629,0.395,0.394,0.541,0.737,0.619,0.605,0.524,0.607,0.607,0.597,0.716,0.731,1.0,0.623,0.401,0.44,0.439,0.376,0.62,0.0,0.59,0.683,0.393,0.523,0.607,0.392,0.634,0.389,0.689,0.607,0.405,0.399,0.393,0.691,0.688,0.393,0.444
0.466,0.61,0.35,0.408,0.692,0.623,0.511,0.409,0.455,0.407,0.687,0.405,0.752,0.415,0.396,0.525,0.61,0.699,0.705,0.509,0.708,0.745,0.735,0.618,0.614,0.623,1.0,0.413,0.447,0.452,0.398,0.735,0.0,0.707,0.599,0.401,0.507,0.806,0.384,0.746,0.406,0.619,0.818,0.412,0.403,0.402,0.611,0.609,0.401,0.452
0.428,0.427,0.324,0.754,0.408,0.421,0.373,0.906,0.406,0.728,0.391,0.721,0.398,0.74,0.733,0.388,0.399,0.406,0.407,0.372,0.397,0.402,0.4,0.401,0.411,0.401,0.413,1.0,0.489,0.415,0.723,0.413,0.0,0.395,0.385,0.609,0.371,0.424,0.676,0.402,0.739,0.394,0.403,0.96,0.942,0.421,0.394,0.393,0.671,0.479
0.515,0.459,0.353,0.467,0.445,0.465,0.419,0.475,0.495,0.47,0.437,0.467,0.45,0.468,0.458,0.436,0.443,0.437,0.443,0.417,0.428,0.448,0.442,0.446,0.438,0.44,0.447,0.489,1.0,0.484,0.443,0.442,0.0,0.444,0.419,0.461,0.414,0.445,0.453,0.446,0.454,0.435,0.442,0.468,0.468,0.529,0.433,0.431,0.452,0.837
0.568,0.454,0.379,0.404,0.458,0.447,0.443,0.413,0.594,0.422,0.437,0.413,0.466,0.405,0.405,0.455,0.436,0.449,0.459,0.442,0.456,0.458,0.456,0.445,0.43,0.439,0.452,0.415,0.484,1.0,0.404,0.461,0.0,0.446,0.423,0.397,0.44,0.454,0.396,0.473,0.413,0.44,0.459,0.404,0.399,0.451,0.438,0.439,0.398,0.503
0.389,0.401,0.298,0.717,0.394,0.396,0.357,0.709,0.384,0.73,0.375,0.695,0.38,0.705,0.722,0.365,0.367,0.386,0.383,0.355,0.382,0.377,0.38,0.382,0.381,0.376,0.398,0.723,0.443,0.404,1.0,0.393,0.0,0.38,0.361,0.6,0.354,0.393,0.649,0.383,0.891,0.378,0.384,0.71,0.705,0.412,0.374,0.375,0.651,0.445
0.461,0.623,0.341,0.413,0.679,0.621,0.527,0.413,0.456,0.404,0.669,0.412,0.714,0.402,0.401,0.529,0.641,0.675,0.689,0.525,0.72,0.722,0.732,0.613,0.625,0.62,0.735,0.413,0.442,0.461,0.393,1.0,0.0,0.708,0.584,0.396,0.525,0.726,0.402,0.732,0.392,0.63,0.726,0.41,0.416,0.395,0.636,0.636,0.394,0.437
0.0,0.0,0.0,0.0,0.0,0.0,0.0,0.0,0.0,0.0,0.0,0.0,0.0,0.0,0.0,0.0,0.0,0.0,0.0,0.0,0.0,0.0,0.0,0.0,0.0,0.0,0.0,0.0,0.0,0.0,0.0,0.0,1.0,0.0,0.0,0.0,0.0,0.0,0.0,0.0,0.0,0.0,0.0,0.0,0.0,0.0,0.0,0.0,0.0,0.0
0.461,0.599,0.34,0.397,0.654,0.617,0.529,0.393,0.443,0.392,0.643,0.392,0.742,0.381,0.38,0.536,0.61,0.683,0.674,0.524,0.72,0.856,0.856,0.605,0.59,0.59,0.707,0.395,0.444,0.446,0.38,0.708,0.0,1.0,0.582,0.404,0.524,0.685,0.407,0.691,0.386,0.598,0.705,0.39,0.394,0.398,0.596,0.598,0.383,0.448
0.422,0.73,0.307,0.382,0.62,0.757,0.499,0.376,0.412,0.39,0.648,0.4,0.618,0.386,0.381,0.508,0.675,0.599,0.6,0.493,0.594,0.588,0.586,0.814,0.772,0.683,0.599,0.385,0.419,0.423,0.361,0.584,0.0,0.582,1.0,0.39,0.494,0.594,0.382,0.606,0.373,0.656,0.62,0.377,0.383,0.367,0.645,0.642,0.373,0.43
0.4,0.393,0.304,0.626,0.399,0.421,0.38,0.594,0.394,0.639,0.401,0.632,0.4,0.633,0.626,0.39,0.404,0.411,0.407,0.375,0.401,0.394,0.402,0.406,0.406,0.393,0.401,0.609,0.461,0.397,0.6,0.396,0.0,0.404,0.39,1.0,0.372,0.39,0.633,0.41,0.623,0.393,0.399,0.592,0.596,0.406,0.381,0.381,0.589,0.465
0.426,0.512,0.308,0.366,0.516,0.528,0.982,0.385,0.434,0.364,0.49,0.359,0.518,0.369,0.354,0.942,0.514,0.543,0.534,0.985,0.554,0.535,0.56,0.512,0.516,0.523,0.507,0.371,0.414,0.44,0.354,0.525,0.0,0.524,0.494,0.372,1.0,0.491,0.365,0.5,0.356,0.513,0.502,0.375,0.374,0.383,0.496,0.497,0.349,0.42
0.472,0.617,0.345,0.406,0.697,0.623,0.493,0.414,0.455,0.41,0.69,0.417,0.734,0.419,0.404,0.513,0.603,0.67,0.669,0.494,0.687,0.709,0.694,0.616,0.618,0.607,0.806,0.424,0.445,0.454,0.393,0.726,0.0,0.685,0.594,0.39,0.491,1.0,0.391,0.724,0.411,0.615,0.849,0.408,0.402,0.389,0.618,0.616,0.405,0.446
0.4,0.396,0.297,0.666,0.396,0.424,0.371,0.656,0.387,0.674,0.388,0.685,0.384,0.666,0.683,0.384,0.392,0.402,0.398,0.365,0.387,0.386,0.395,0.387,0.398,0.392,0.384,0.676,0.453,0.396,0.649,0.402,0.0,0.407,0.382,0.633,0.365,0.391,1.0,0.392,0.665,0.39,0.388,0.661,0.67,0.404,0.386,0.384,0.631,0.453
0.466,0.599,0.348,0.401,0.691,0.61,0.502,0.402,0.458,0.41,0.702,0.406,0.745,0.401,0.397,0.518,0.625,0.683,0.69,0.501,0.707,0.727,0.711,0.616,0.616,0.634,0.746,0.402,0.446,0.473,0.383,0.732,0.0,0.691,0.606,0.41,0.5,0.724,0.392,1.0,0.396,0.621,0.738,0.391,0.394,0.396,0.633,0.629,0.396,0.464
0.401,0.404,0.314,0.746,0.409,0.416,0.359,0.708,0.393,0.746,0.39,0.726,0.39,0.736,0.743,0.373,0.382,0.394,0.395,0.359,0.384,0.387,0.386,0.398,0.399,0.389,0.406,0.739,0.454,0.413,0.891,0.392,0.0,0.386,0.373,0.623,0.356,0.411,0.665,0.396,1.0,0.39,0.394,0.714,0.708,0.41,0.385,0.385,0.671,0.46
0.451,0.675,0.327,0.393,0.635,0.682,0.516,0.392,0.446,0.389,0.621,0.393,0.631,0.388,0.382,0.531,0.66,0.636,0.612,0.513,0.608,0.605,0.603,0.678,0.668,0.689,0.619,0.394,0.435,0.44,0.378,0.63,0.0,0.598,0.656,0.393,0.513,0.615,0.39,0.621,0.39,1.0,0.632,0.382,0.384,0.377,0.72,0.72,0.381,0.43
0.464,0.595,0.349,0.399,0.711,0.618,0.506,0.393,0.456,0.405,0.716,0.409,0.746,0.407,0.398,0.521,0.604,0.684,0.684,0.502,0.696,0.731,0.705,0.633,0.617,0.607,0.818,0.403,0.442,0.459,0.384,0.726,0.0,0.705,0.62,0.399,0.502,0.849,0.388,0.738,0.394,0.632,1.0,0.391,0.392,0.39,0.617,0.615,0.395,0.447
0.419,0.442,0.321,0.733,0.399,0.414,0.377,0.907,0.392,0.708,0.378,0.699,0.386,0.714,0.704,0.378,0.396,0.393,0.396,0.375,0.391,0.389,0.406,0.392,0.414,0.405,0.412,0.96,0.468,0.404,0.71,0.41,0.0,0.39,0.377,0.592,0.375,0.408,0.661,0.391,0.714,0.382,0.391,1.0,0.957,0.43,0.381,0.383,0.658,0.46
0.429,0.44,0.311,0.73,0.404,0.418,0.376,0.89,0.39,0.713,0.38,0.706,0.386,0.708,0.699,0.38,0.402,0.394,0.395,0.373,0.387,0.389,0.406,0.401,0.411,0.399,0.403,0.942,0.468,0.399,0.705,0.416,0.0,0.394,0.383,0.596,0.374,0.402,0.67,0.394,0.708,0.384,0.392,0.957,1.0,0.432,0.386,0.388,0.654,0.459
0.44,0.408,0.329,0.411,0.393,0.392,0.384,0.428,0.435,0.422,0.375,0.423,0.395,0.418,0.414,0.385,0.369,0.384,0.391,0.384,0.396,0.399,0.409,0.394,0.387,0.393,0.402,0.421,0.529,0.451,0.412,0.395,0.0,0.398,0.367,0.406,0.383,0.389,0.404,0.396,0.41,0.377,0.39,0.43,0.432,1.0,0.406,0.408,0.4,0.571
0.442,0.669,0.337,0.387,0.634,0.681,0.498,0.387,0.431,0.383,0.604,0.395,0.614,0.381,0.392,0.518,0.664,0.607,0.602,0.496,0.606,0.601,0.592,0.676,0.673,0.691,0.611,0.394,0.433,0.438,0.374,0.636,0.0,0.596,0.645,0.381,0.496,0.618,0.386,0.633,0.385,0.72,0.617,0.381,0.386,0.406,1.0,0.993,0.378,0.452
0.443,0.672,0.334,0.387,0.634,0.681,0.5,0.389,0.431,0.383,0.602,0.396,0.612,0.382,0.39,0.517,0.666,0.604,0.601,0.498,0.608,0.598,0.596,0.673,0.671,0.688,0.609,0.393,0.431,0.439,0.375,0.636,0.0,0.598,0.642,0.381,0.497,0.616,0.384,0.629,0.385,0.72,0.615,0.383,0.388,0.408,0.993,1.0,0.377,0.45
0.393,0.402,0.309,0.666,0.399,0.414,0.352,0.643,0.381,0.665,0.382,0.66,0.393,0.663,0.668,0.371,0.386,0.391,0.389,0.352,0.38,0.39,0.388,0.388,0.407,0.393,0.401,0.671,0.452,0.398,0.651,0.394,0.0,0.383,0.373,0.589,0.349,0.405,0.631,0.396,0.671,0.381,0.395,0.658,0.654,0.4,0.378,0.377,1.0,0.456
0.516,0.449,0.368,0.468,0.443,0.461,0.423,0.466,0.511,0.47,0.44,0.465,0.454,0.466,0.475,0.44,0.445,0.44,0.45,0.424,0.439,0.456,0.448,0.451,0.439,0.444,0.452,0.479,0.837,0.503,0.445,0.437,0.0,0.448,0.43,0.465,0.42,0.446,0.453,0.464,0.46,0.43,0.447,0.46,0.459,0.571,0.452,0.45,0.456,1.0
