GCF_000163235.1_ASM16323v1_genomic.fna,GCF_000164555.1_ASM16455v1_genomic.fna,GCF_000208545.1_ASM20854v2_genomic.fna,GCF_000233875.1_ASM23387v1_genomic.fna,GCF_000249735.1_ASM24973v2_genomic.fna,GCF_000261145.1_Esch_coli_M919_V2_genomic.fna,GCF_000267705.2_ASM26770v2_genomic.fna,GCF_000350665.1_Esch_coli_KTE5_V1_genomic.fna,GCF_000351625.1_Esch_coli_KTE66_V1_genomic.fna,GCF_000352285.1_Esch_coli_KTE46_V1_genomic.fna,GCF_000358895.1_ASM35889v1_genomic.fna,GCF_000456385.1_Esch_coli_HVH_26_4-5703913_V1_genomic.fna,GCF_000458195.1_Esch_coli_HVH_147_4-5893887_V1_genomic.fna,GCF_000459755.1_Esch_coli_KOEGE_58_171a_V1_genomic.fna,GCF_000460055.1_Esch_coli_UMEA_3053-1_V1_genomic.fna,GCF_000462165.2_ASM46216v2_genomic.fna,GCF_000601135.1_ASM60113v1_genomic.fna,GCF_000614595.1_Ec2010EL1058_genomic.fna,GCF_000617745.1_Ec2010C-4529_genomic.fna,GCF_000618265.2_EcF6751_genomic.fna,GCF_000619005.2_Ec2009C-4052_genomic.fna,GCF_000619105.1_Ec2009C-4780_genomic.fna,GCF_000619765.2_Ec2009C-3279_genomic.fna,GCF_000687005.1_ASM68700v1_genomic.fna,GCF_000687025.1_ASM68702v1_genomic.fna,GCF_000700125.1_ASM70012v1_genomic.fna,GCF_000753315.1_FHI35_genomic.fna,GCF_000776375.1_ASM77637v1_genomic.fna,GCF_000779395.1_ASM77939v1_genomic.fna,GCF_000780315.1_ASM78031v1_genomic.fna,GCF_000781995.1_ASM78199v1_genomic.fna,GCF_000986765.1_ASM98676v1_genomic.fna,GCF_001041375.1_ViralProj287958_genomic.fna,GCF_001265335.1_302014_genomic.fna,GCF_001265625.1_100854_genomic.fna,GCF_001267345.1_303289_genomic.fna,GCF_001309985.1_ASM130998v1_genomic.fna,GCF_001521695.1_ASM152169v1_genomic.fna,GCF_001592595.1_ASM159259v1_genomic.fna,GCF_001614975.1_ASM161497v1_genomic.fna,GCF_001692775.1_ASM169277v1_genomic.fna,GCF_001748915.1_ASM174891v1_genomic.fna,GCF_001749235.1_ASM174923v1_genomic.fna,GCF_001881155.1_ASM188115v1_genomic.fna,GCF_001881345.1_ASM188134v1_genomic.fna,GCF_001892405.1_ASM189240v1_genomic.fna,GCF_001892585.1_ASM189258v1_genomic.fna,GCF_001893985.1_ASM189398v1_genomic.fna,GCF_002001595.1_ASM200159v1_genomic.fna,GCF_002002145.1_ASM200214v1_genomic.fna
1.0,0.569,0.481,0.468,0.543,0.542,0.548,0.474,0.635,0.478,0.53,0.487,0.531,0.474,0.456,0.551,0.541,0.527,0.516,0.542,0.534,0.534,0.546,0.55,0.547,0.528,0.54,0.469,0.556,0.636,0.452,0.536,0.0,0.542,0.516,0.487,0.545,0.554,0.464,0.544,0.467,0.527,0.546,0.468,0.494,0.519,0.544,0.544,0.454,0.569
0.569,1.0,0.434,0.472,0.673,0.796,0.609,0.489,0.538,0.495,0.64,0.5,0.643,0.468,0.475,0.61,0.745,0.642,0.63,0.603,0.653,0.659,0.665,0.81,0.82,0.731,0.662,0.478,0.526,0.553,0.471,0.675,0.0,0.657,0.76,0.476,0.605,0.691,0.472,0.664,0.477,0.729,0.682,0.498,0.504,0.499,0.723,0.721,0.494,0.533
0.481,0.434,1.0,0.377,0.421,0.421,0.428,0.398,0.465,0.382,0.414,0.398,0.414,0.393,0.388,0.434,0.428,0.405,0.395,0.422,0.417,0.409,0.414,0.428,0.431,0.416,0.415,0.393,0.454,0.482,0.377,0.419,0.0,0.406,0.397,0.39,0.425,0.424,0.382,0.416,0.39,0.417,0.424,0.405,0.397,0.43,0.438,0.438,0.4,0.461
0.468,0.472,0.377,1.0,0.453,0.47,0.456,0.728,0.484,0.747,0.485,0.752,0.465,0.791,0.783,0.463,0.458,0.455,0.465,0.451,0.435,0.454,0.467,0.496,0.488,0.486,0.463,0.775,0.521,0.477,0.738,0.447,0.0,0.432,0.489,0.658,0.451,0.456,0.682,0.443,0.761,0.457,0.45,0.744,0.745,0.484,0.464,0.463,0.702,0.525
0.543,0.673,0.421,0.453,1.0,0.682,0.6,0.471,0.534,0.465,0.779,0.471,0.728,0.471,0.467,0.601,0.682,0.707,0.691,0.595,0.728,0.715,0.723,0.68,0.677,0.661,0.732,0.467,0.535,0.565,0.459,0.724,0.0,0.705,0.645,0.469,0.597,0.737,0.471,0.736,0.466,0.666,0.742,0.469,0.473,0.482,0.688,0.687,0.461,0.533
0.542,0.796,0.421,0.47,0.682,1.0,0.617,0.492,0.535,0.465,0.645,0.477,0.648,0.473,0.467,0.629,0.754,0.661,0.639,0.611,0.657,0.661,0.674,0.801,0.827,0.723,0.669,0.477,0.534,0.548,0.459,0.678,0.0,0.665,0.766,0.475,0.612,0.675,0.484,0.673,0.47,0.734,0.678,0.484,0.487,0.496,0.741,0.741,0.469,0.549
0.548,0.609,0.428,0.456,0.6,0.617,1.0,0.472,0.544,0.451,0.586,0.461,0.601,0.466,0.457,0.956,0.608,0.647,0.618,0.98,0.646,0.637,0.645,0.618,0.603,0.591,0.62,0.459,0.516,0.548,0.455,0.615,0.0,0.623,0.587,0.474,0.987,0.609,0.46,0.611,0.458,0.611,0.625,0.461,0.464,0.487,0.601,0.6,0.447,0.526
0.474,0.489,0.398,0.728,0.471,0.492,0.472,1.0,0.487,0.737,0.47,0.723,0.481,0.754,0.721,0.483,0.481,0.463,0.474,0.466,0.448,0.458,0.465,0.52,0.5,0.497,0.477,0.915,0.543,0.49,0.742,0.464,0.0,0.444,0.479,0.658,0.468,0.492,0.687,0.467,0.754,0.472,0.467,0.893,0.883,0.487,0.478,0.478,0.704,0.53
0.635,0.538,0.465,0.484,0.534,0.535,0.544,0.487,1.0,0.484,0.541,0.488,0.55,0.501,0.488,0.544,0.542,0.535,0.533,0.537,0.53,0.548,0.547,0.566,0.552,0.539,0.559,0.484,0.568,0.674,0.48,0.54,0.0,0.529,0.538,0.505,0.541,0.555,0.484,0.547,0.483,0.533,0.558,0.484,0.483,0.522,0.543,0.543,0.483,0.572
0.478,0.495,0.382,0.747,0.465,0.465,0.451,0.737,0.484,1.0,0.5,0.711,0.48,0.733,0.725,0.461,0.466,0.456,0.468,0.448,0.439,0.454,0.456,0.501,0.488,0.497,0.47,0.754,0.537,0.478,0.758,0.442,0.0,0.437,0.493,0.66,0.447,0.467,0.694,0.46,0.765,0.466,0.455,0.722,0.746,0.47,0.462,0.462,0.709,0.516
0.53,0.64,0.414,0.485,0.779,0.645,0.586,0.47,0.541,0.5,1.0,0.475,0.776,0.482,0.48,0.591,0.649,0.713,0.739,0.579,0.713,0.724,0.72,0.695,0.666,0.687,0.737,0.483,0.534,0.537,0.469,0.692,0.0,0.699,0.697,0.508,0.581,0.719,0.474,0.735,0.477,0.661,0.728,0.461,0.467,0.469,0.651,0.65,0.478,0.524
0.487,0.5,0.398,0.752,0.471,0.477,0.461,0.723,0.488,0.711,0.475,1.0,0.477,0.755,0.855,0.471,0.479,0.459,0.462,0.456,0.454,0.459,0.464,0.51,0.494,0.492,0.471,0.732,0.536,0.496,0.707,0.459,0.0,0.445,0.473,0.653,0.455,0.473,0.69,0.456,0.735,0.467,0.468,0.718,0.736,0.493,0.479,0.478,0.678,0.528
0.531,0.643,0.414,0.465,0.728,0.648,0.601,0.481,0.55,0.48,0.776,0.477,1.0,0.473,0.478,0.606,0.652,0.738,0.767,0.594,0.753,0.801,0.797,0.696,0.659,0.667,0.779,0.475,0.542,0.549,0.469,0.731,0.0,0.761,0.663,0.481,0.595,0.752,0.465,0.778,0.477,0.651,0.744,0.463,0.467,0.473,0.664,0.663,0.472,0.528
0.474,0.468,0.393,0.791,0.471,0.473,0.466,0.754,0.501,0.733,0.482,0.755,0.473,1.0,0.79,0.473,0.464,0.474,0.471,0.463,0.45,0.462,0.465,0.493,0.482,0.488,0.479,0.78,0.549,0.488,0.759,0.456,0.0,0.443,0.465,0.669,0.462,0.471,0.708,0.461,0.779,0.464,0.467,0.766,0.765,0.489,0.471,0.472,0.702,0.541
0.456,0.475,0.388,0.783,0.467,0.467,0.457,0.721,0.488,0.725,0.48,0.855,0.478,0.79,1.0,0.462,0.468,0.46,0.463,0.452,0.446,0.46,0.465,0.499,0.484,0.488,0.464,0.752,0.533,0.48,0.745,0.452,0.0,0.438,0.473,0.66,0.453,0.471,0.705,0.449,0.767,0.455,0.46,0.728,0.732,0.493,0.47,0.471,0.703,0.537
0.551,0.61,0.434,0.463,0.601,0.629,0.956,0.483,0.544,0.461,0.591,0.471,0.606,0.473,0.462,1.0,0.612,0.639,0.62,0.951,0.636,0.636,0.642,0.617,0.608,0.592,0.617,0.47,0.521,0.556,0.463,0.602,0.0,0.616,0.587,0.483,0.957,0.613,0.471,0.611,0.469,0.611,0.621,0.47,0.477,0.488,0.605,0.605,0.457,0.526
0.541,0.745,0.428,0.458,0.682,0.754,0.608,0.481,0.542,0.466,0.649,0.479,0.652,0.464,0.468,0.612,1.0,0.654,0.643,0.6,0.659,0.679,0.682,0.774,0.765,0.767,0.677,0.47,0.54,0.554,0.456,0.693,0.0,0.679,0.716,0.485,0.603,0.673,0.473,0.681,0.466,0.71,0.686,0.474,0.486,0.485,0.735,0.735,0.465,0.538
0.527,0.642,0.405,0.455,0.707,0.661,0.647,0.463,0.535,0.456,0.713,0.459,0.738,0.474,0.46,0.639,0.654,1.0,0.771,0.643,0.755,0.768,0.773,0.678,0.652,0.646,0.752,0.46,0.535,0.547,0.462,0.715,0.0,0.723,0.644,0.487,0.643,0.72,0.481,0.741,0.461,0.669,0.731,0.462,0.465,0.479,0.658,0.657,0.452,0.533
0.516,0.63,0.395,0.465,0.691,0.639,0.618,0.474,0.533,0.468,0.739,0.462,0.767,0.471,0.463,0.62,0.643,0.771,1.0,0.611,0.746,0.758,0.76,0.68,0.651,0.664,0.749,0.473,0.528,0.542,0.459,0.715,0.0,0.71,0.662,0.5,0.612,0.726,0.468,0.732,0.465,0.639,0.73,0.455,0.461,0.463,0.636,0.635,0.461,0.518
0.542,0.603,0.422,0.451,0.595,0.611,0.98,0.466,0.537,0.448,0.579,0.456,0.594,0.463,0.452,0.951,0.6,0.643,0.611,1.0,0.642,0.628,0.639,0.607,0.597,0.587,0.613,0.455,0.51,0.54,0.45,0.606,0.0,0.62,0.581,0.469,0.989,0.603,0.455,0.606,0.453,0.608,0.618,0.456,0.459,0.486,0.595,0.595,0.443,0.52
0.534,0.653,0.417,0.435,0.728,0.657,0.646,0.448,0.53,0.439,0.713,0.454,0.753,0.45,0.446,0.636,0.659,0.755,0.746,0.642,1.0,0.774,0.79,0.673,0.66,0.653,0.751,0.448,0.521,0.549,0.435,0.753,0.0,0.749,0.639,0.473,0.641,0.744,0.454,0.765,0.447,0.649,0.75,0.449,0.451,0.479,0.667,0.667,0.438,0.527
0.534,0.659,0.409,0.454,0.715,0.661,0.637,0.458,0.548,0.454,0.724,0.459,0.801,0.462,0.46,0.636,0.679,0.768,0.758,0.628,0.774,1.0,0.937,0.683,0.668,0.645,0.779,0.459,0.535,0.553,0.455,0.753,0.0,0.866,0.651,0.475,0.632,0.76,0.464,0.773,0.459,0.656,0.773,0.463,0.463,0.482,0.66,0.659,0.45,0.533
0.546,0.665,0.414,0.467,0.723,0.674,0.645,0.465,0.547,0.456,0.72,0.464,0.797,0.465,0.465,0.642,0.682,0.773,0.76,0.639,0.79,0.937,1.0,0.682,0.671,0.646,0.788,0.465,0.537,0.556,0.459,0.768,0.0,0.873,0.649,0.476,0.638,0.766,0.465,0.776,0.464,0.659,0.771,0.465,0.469,0.482,0.664,0.663,0.451,0.537
0.55,0.81,0.428,0.496,0.68,0.801,0.618,0.52,0.566,0.501,0.695,0.51,0.696,0.493,0.499,0.617,0.774,0.678,0.68,0.607,0.673,0.683,0.682,1.0,0.84,0.784,0.694,0.5,0.545,0.559,0.492,0.678,0.0,0.657,0.823,0.51,0.612,0.681,0.486,0.685,0.504,0.737,0.686,0.493,0.504,0.487,0.73,0.729,0.5,0.541
0.547,0.82,0.431,0.488,0.677,0.827,0.603,0.5,0.552,0.488,0.666,0.494,0.659,0.482,0.484,0.608,0.765,0.652,0.651,0.597,0.66,0.668,0.671,0.84,1.0,0.78,0.681,0.49,0.537,0.544,0.479,0.686,0.0,0.653,0.809,0.492,0.598,0.691,0.491,0.67,0.485,0.73,0.685,0.507,0.503,0.49,0.732,0.731,0.493,0.537
0.528,0.731,0.416,0.486,0.661,0.723,0.591,0.497,0.539,0.497,0.687,0.492,0.667,0.488,0.488,0.592,0.767,0.646,0.664,0.587,0.653,0.645,0.646,0.784,0.78,1.0,0.665,0.495,0.528,0.537,0.477,0.649,0.0,0.632,0.749,0.507,0.588,0.671,0.481,0.667,0.49,0.695,0.65,0.494,0.488,0.481,0.722,0.721,0.508,0.528
0.54,0.662,0.415,0.463,0.732,0.669,0.62,0.477,0.559,0.47,0.737,0.471,0.779,0.479,0.464,0.617,0.677,0.752,0.749,0.613,0.751,0.779,0.788,0.694,0.681,0.665,1.0,0.468,0.551,0.563,0.471,0.759,0.0,0.741,0.66,0.474,0.614,0.832,0.463,0.792,0.474,0.672,0.845,0.472,0.468,0.492,0.668,0.668,0.455,0.546
0.469,0.478,0.393,0.775,0.467,0.477,0.459,0.915,0.484,0.754,0.483,0.732,0.475,0.78,0.752,0.47,0.47,0.46,0.473,0.455,0.448,0.459,0.465,0.5,0.49,0.495,0.468,1.0,0.534,0.486,0.747,0.456,0.0,0.439,0.477,0.666,0.455,0.475,0.687,0.452,0.775,0.465,0.461,0.953,0.934,0.484,0.473,0.473,0.725,0.524
0.556,0.526,0.454,0.521,0.535,0.534,0.516,0.543,0.568,0.537,0.534,0.536,0.542,0.549,0.533,0.521,0.54,0.535,0.528,0.51,0.521,0.535,0.537,0.545,0.537,0.528,0.551,0.534,1.0,0.567,0.536,0.535,0.0,0.513,0.521,0.533,0.514,0.541,0.531,0.537,0.537,0.513,0.531,0.534,0.539,0.617,0.528,0.528,0.514,0.849
0.636,0.553,0.482,0.477,0.565,0.548,0.548,0.49,0.674,0.478,0.537,0.496,0.549,0.488,0.48,0.556,0.554,0.547,0.542,0.54,0.549,0.553,0.556,0.559,0.544,0.537,0.563,0.486,0.567,1.0,0.477,0.543,0.0,0.539,0.523,0.5,0.544,0.559,0.483,0.558,0.487,0.542,0.561,0.489,0.491,0.548,0.57,0.569,0.47,0.585
0.452,0.471,0.377,0.738,0.459,0.459,0.455,0.742,0.48,0.758,0.469,0.707,0.469,0.759,0.745,0.463,0.456,0.462,0.459,0.45,0.435,0.455,0.459,0.492,0.479,0.477,0.471,0.747,0.536,0.477,1.0,0.444,0.0,0.44,0.463,0.655,0.451,0.46,0.689,0.452,0.894,0.464,0.453,0.736,0.74,0.489,0.465,0.464,0.696,0.516
0.536,0.675,0.419,0.447,0.724,0.678,0.615,0.464,0.54,0.442,0.692,0.459,0.731,0.456,0.452,0.602,0.693,0.715,0.715,0.606,0.753,0.753,0.768,0.678,0.686,0.649,0.759,0.456,0.535,0.543,0.444,1.0,0.0,0.743,0.634,0.458,0.607,0.768,0.458,0.767,0.446,0.668,0.768,0.462,0.462,0.488,0.684,0.683,0.441,0.538
0.0,0.0,0.0,0.0,0.0,0.0,0.0,0.0,0.0,0.0,0.0,0.0,0.0,0.0,0.0,0.0,0.0,0.0,0.0,0.0,0.0,0.0,0.0,0.0,0.0,0.0,0.0,0.0,0.0,0.0,0.0,0.0,1.0,0.0,0.0,0.0,0.0,0.0,0.0,0.0,0.0,0.0,0.0,0.0,0.0,0.0,0.0,0.0,0.0,0.0
0.542,0.657,0.406,0.432,0.705,0.665,0.623,0.444,0.529,0.437,0.699,0.445,0.761,0.443,0.438,0.616,0.679,0.723,0.71,0.62,0.749,0.866,0.873,0.657,0.653,0.632,0.741,0.439,0.513,0.539,0.44,0.743,0.0,1.0,0.633,0.471,0.621,0.737,0.454,0.754,0.441,0.65,0.751,0.44,0.451,0.485,0.655,0.653,0.432,0.52
0.516,0.76,0.397,0.489,0.645,0.766,0.587,0.479,0.538,0.493,0.697,0.473,0.663,0.465,0.473,0.587,0.716,0.644,0.662,0.581,0.639,0.651,0.649,0.823,0.809,0.749,0.66,0.477,0.521,0.523,0.463,0.634,0.0,0.633,1.0,0.497,0.582,0.654,0.458,0.656,0.467,0.693,0.655,0.458,0.465,0.468,0.695,0.693,0.476,0.518
0.487,0.476,0.39,0.658,0.469,0.475,0.474,0.658,0.505,0.66,0.508,0.653,0.481,0.669,0.66,0.483,0.485,0.487,0.5,0.469,0.473,0.475,0.476,0.51,0.492,0.507,0.474,0.666,0.533,0.5,0.655,0.458,0.0,0.471,0.497,1.0,0.469,0.465,0.661,0.469,0.669,0.477,0.466,0.641,0.652,0.479,0.477,0.476,0.648,0.522
0.545,0.605,0.425,0.451,0.597,0.612,0.987,0.468,0.541,0.447,0.581,0.455,0.595,0.462,0.453,0.957,0.603,0.643,0.612,0.989,0.641,0.632,0.638,0.612,0.598,0.588,0.614,0.455,0.514,0.544,0.451,0.607,0.0,0.621,0.582,0.469,1.0,0.604,0.455,0.607,0.453,0.609,0.619,0.455,0.459,0.486,0.596,0.596,0.443,0.523
0.554,0.691,0.424,0.456,0.737,0.675,0.609,0.492,0.555,0.467,0.719,0.473,0.752,0.471,0.471,0.613,0.673,0.72,0.726,0.603,0.744,0.76,0.766,0.681,0.691,0.671,0.832,0.475,0.541,0.559,0.46,0.768,0.0,0.737,0.654,0.465,0.604,1.0,0.471,0.786,0.47,0.67,0.864,0.478,0.47,0.494,0.681,0.681,0.463,0.538
0.464,0.472,0.382,0.682,0.471,0.484,0.46,0.687,0.484,0.694,0.474,0.69,0.465,0.708,0.705,0.471,0.473,0.481,0.468,0.455,0.454,0.464,0.465,0.486,0.491,0.481,0.463,0.687,0.531,0.483,0.689,0.458,0.0,0.454,0.458,0.661,0.455,0.471,1.0,0.466,0.7,0.472,0.467,0.692,0.7,0.483,0.48,0.479,0.658,0.515
0.544,0.664,0.416,0.443,0.736,0.673,0.611,0.467,0.547,0.46,0.735,0.456,0.778,0.461,0.449,0.611,0.681,0.741,0.732,0.606,0.765,0.773,0.776,0.685,0.67,0.667,0.792,0.452,0.537,0.558,0.452,0.767,0.0,0.754,0.656,0.469,0.607,0.786,0.466,1.0,0.456,0.666,0.791,0.452,0.464,0.491,0.691,0.69,0.442,0.551
0.467,0.477,0.39,0.761,0.466,0.47,0.458,0.754,0.483,0.765,0.477,0.735,0.477,0.779,0.767,0.469,0.466,0.461,0.465,0.453,0.447,0.459,0.464,0.504,0.485,0.49,0.474,0.775,0.537,0.487,0.894,0.446,0.0,0.441,0.467,0.669,0.453,0.47,0.7,0.456,1.0,0.475,0.459,0.762,0.763,0.492,0.47,0.469,0.714,0.518
0.527,0.729,0.417,0.457,0.666,0.734,0.611,0.472,0.533,0.466,0.661,0.467,0.651,0.464,0.455,0.611,0.71,0.669,0.639,0.608,0.649,0.656,0.659,0.737,0.73,0.695,0.672,0.465,0.513,0.542,0.464,0.668,0.0,0.65,0.693,0.477,0.609,0.67,0.472,0.666,0.475,1.0,0.699,0.469,0.469,0.476,0.747,0.746,0.462,0.524
0.546,0.682,0.424,0.45,0.742,0.678,0.625,0.467,0.558,0.455,0.728,0.468,0.744,0.467,0.46,0.621,0.686,0.731,0.73,0.618,0.75,0.773,0.771,0.686,0.685,0.65,0.845,0.461,0.531,0.561,0.453,0.768,0.0,0.751,0.655,0.466,0.619,0.864,0.467,0.791,0.459,0.699,1.0,0.465,0.464,0.49,0.675,0.673,0.453,0.545
0.468,0.498,0.405,0.744,0.469,0.484,0.461,0.893,0.484,0.722,0.461,0.718,0.463,0.766,0.728,0.47,0.474,0.462,0.455,0.456,0.449,0.463,0.465,0.493,0.507,0.494,0.472,0.953,0.534,0.489,0.736,0.462,0.0,0.44,0.458,0.641,0.455,0.478,0.692,0.452,0.762,0.469,0.465,1.0,0.944,0.491,0.476,0.476,0.709,0.523
0.494,0.504,0.397,0.745,0.473,0.487,0.464,0.883,0.483,0.746,0.467,0.736,0.467,0.765,0.732,0.477,0.486,0.465,0.461,0.459,0.451,0.463,0.469,0.504,0.503,0.488,0.468,0.934,0.539,0.491,0.74,0.462,0.0,0.451,0.465,0.652,0.459,0.47,0.7,0.464,0.763,0.469,0.464,0.944,1.0,0.49,0.486,0.486,0.698,0.525
0.519,0.499,0.43,0.484,0.482,0.496,0.487,0.487,0.522,0.47,0.469,0.493,0.473,0.489,0.493,0.488,0.485,0.479,0.463,0.486,0.479,0.482,0.482,0.487,0.49,0.481,0.492,0.484,0.617,0.548,0.489,0.488,0.0,0.485,0.468,0.479,0.486,0.494,0.483,0.491,0.492,0.476,0.49,0.491,0.49,1.0,0.512,0.511,0.48,0.672
0.544,0.723,0.438,0.464,0.688,0.741,0.601,0.478,0.543,0.462,0.651,0.479,0.664,0.471,0.47,0.605,0.735,0.658,0.636,0.595,0.667,0.66,0.664,0.73,0.732,0.722,0.668,0.473,0.528,0.57,0.465,0.684,0.0,0.655,0.695,0.477,0.596,0.681,0.48,0.691,0.47,0.747,0.675,0.476,0.486,0.512,1.0,0.998,0.468,0.546
0.544,0.721,0.438,0.463,0.687,0.741,0.6,0.478,0.543,0.462,0.65,0.478,0.663,0.472,0.471,0.605,0.735,0.657,0.635,0.595,0.667,0.659,0.663,0.729,0.731,0.721,0.668,0.473,0.528,0.569,0.464,0.683,0.0,0.653,0.693,0.476,0.596,0.681,0.479,0.69,0.469,0.746,0.673,0.476,0.486,0.511,0.998,1.0,0.468,0.547
0.454,0.494,0.4,0.702,0.461,0.469,0.447,0.704,0.483,0.709,0.478,0.678,0.472,0.702,0.703,0.457,0.465,0.452,0.461,0.443,0.438,0.45,0.451,0.5,0.493,0.508,0.455,0.725,0.514,0.47,0.696,0.441,0.0,0.432,0.476,0.648,0.443,0.463,0.658,0.442,0.714,0.462,0.453,0.709,0.698,0.48,0.468,0.468,1.0,0.507
0.569,0.533,0.461,0.525,0.533,0.549,0.526,0.53,0.572,0.516,0.524,0.528,0.528,0.541,0.537,0.526,0.538,0.533,0.518,0.52,0.527,0.533,0.537,0.541,0.537,0.528,0.546,0.524,0.849,0.585,0.516,0.538,0.0,0.52,0.518,0.522,0.523,0.538,0.515,0.551,0.518,0.524,0.545,0.523,0.525,0.672,0.546,0.547,0.507,1.0
