GCF_000163235.1_ASM16323v1_genomic.fna,GCF_000164555.1_ASM16455v1_genomic.fna,GCF_000208545.1_ASM20854v2_genomic.fna,GCF_000233875.1_ASM23387v1_genomic.fna,GCF_000249735.1_ASM24973v2_genomic.fna,GCF_000261145.1_Esch_coli_M919_V2_genomic.fna,GCF_000267705.2_ASM26770v2_genomic.fna,GCF_000350665.1_Esch_coli_KTE5_V1_genomic.fna,GCF_000351625.1_Esch_coli_KTE66_V1_genomic.fna,GCF_000352285.1_Esch_coli_KTE46_V1_genomic.fna,GCF_000358895.1_ASM35889v1_genomic.fna,GCF_000456385.1_Esch_coli_HVH_26_4-5703913_V1_genomic.fna,GCF_000458195.1_Esch_coli_HVH_147_4-5893887_V1_genomic.fna,GCF_000459755.1_Esch_coli_KOEGE_58_171a_V1_genomic.fna,GCF_000460055.1_Esch_coli_UMEA_3053-1_V1_genomic.fna,GCF_000462165.2_ASM46216v2_genomic.fna,GCF_000601135.1_ASM60113v1_genomic.fna,GCF_000614595.1_Ec2010EL1058_genomic.fna,GCF_000617745.1_Ec2010C-4529_genomic.fna,GCF_000618265.2_EcF6751_genomic.fna,GCF_000619005.2_Ec2009C-4052_genomic.fna,GCF_000619105.1_Ec2009C-4780_genomic.fna,GCF_000619765.2_Ec2009C-3279_genomic.fna,GCF_000687005.1_ASM68700v1_genomic.fna,GCF_000687025.1_ASM68702v1_genomic.fna,GCF_000700125.1_ASM70012v1_genomic.fna,GCF_000753315.1_FHI35_genomic.fna,GCF_000776375.1_ASM77637v1_genomic.fna,GCF_000779395.1_ASM77939v1_genomic.fna,GCF_000780315.1_ASM78031v1_genomic.fna,GCF_000781995.1_ASM78199v1_genomic.fna,GCF_000986765.1_ASM98676v1_genomic.fna,GCF_001041375.1_ViralProj287958_genomic.fna,GCF_001265335.1_302014_genomic.fna,GCF_001265625.1_100854_genomic.fna,GCF_001267345.1_303289_genomic.fna,GCF_001309985.1_ASM130998v1_genomic.fna,GCF_001521695.1_ASM152169v1_genomic.fna,GCF_001592595.1_ASM159259v1_genomic.fna,GCF_001614975.1_ASM161497v1_genomic.fna,GCF_001692775.1_ASM169277v1_genomic.fna,GCF_001748915.1_ASM174891v1_genomic.fna,GCF_001749235.1_ASM174923v1_genomic.fna,GCF_001881155.1_ASM188115v1_genomic.fna,GCF_001881345.1_ASM188134v1_genomic.fna,GCF_001892405.1_ASM189240v1_genomic.fna,GCF_001892585.1_ASM189258v1_genomic.fna,GCF_001893985.1_ASM189398v1_genomic.fna,GCF_002001595.1_ASM200159v1_genomic.fna,GCF_002002145.1_ASM200214v1_genomic.fna
1.0,0.903,0.881,0.89,0.897,0.886,0.891,0.877,0.909,0.875,0.868,0.889,0.888,0.884,0.886,0.891,0.901,0.896,0.895,0.89,0.885,0.889,0.89,0.899,0.892,0.884,0.894,0.88,0.912,0.903,0.865,0.884,0.02,0.886,0.884,0.872,0.891,0.895,0.874,0.883,0.873,0.887,0.891,0.874,0.877,0.847,0.878,0.878,0.877,0.903
0.903,1.0,0.878,0.878,0.912,0.922,0.893,0.877,0.897,0.866,0.876,0.882,0.896,0.868,0.873,0.893,0.92,0.903,0.915,0.89,0.902,0.902,0.904,0.929,0.931,0.921,0.898,0.877,0.89,0.886,0.867,0.902,0.02,0.903,0.918,0.882,0.892,0.916,0.872,0.89,0.867,0.914,0.896,0.879,0.88,0.852,0.904,0.903,0.879,0.88
0.881,0.878,1.0,0.857,0.873,0.876,0.883,0.864,0.874,0.844,0.83,0.861,0.858,0.857,0.859,0.885,0.869,0.858,0.869,0.884,0.871,0.858,0.866,0.86,0.864,0.854,0.859,0.859,0.872,0.883,0.855,0.887,0.019,0.864,0.848,0.872,0.883,0.878,0.861,0.853,0.86,0.879,0.856,0.867,0.867,0.867,0.878,0.88,0.864,0.866
0.89,0.878,0.857,1.0,0.874,0.866,0.874,0.913,0.88,0.922,0.852,0.929,0.873,0.946,0.944,0.87,0.874,0.882,0.878,0.871,0.879,0.879,0.883,0.879,0.88,0.871,0.878,0.931,0.887,0.866,0.916,0.87,0.019,0.869,0.868,0.899,0.872,0.871,0.908,0.876,0.926,0.865,0.867,0.924,0.925,0.845,0.86,0.86,0.919,0.889
0.897,0.912,0.873,0.874,1.0,0.903,0.894,0.878,0.892,0.868,0.901,0.881,0.91,0.88,0.878,0.896,0.902,0.906,0.924,0.892,0.917,0.906,0.905,0.904,0.903,0.898,0.912,0.879,0.878,0.884,0.868,0.911,0.021,0.907,0.894,0.884,0.894,0.922,0.879,0.908,0.874,0.913,0.909,0.879,0.88,0.857,0.908,0.908,0.88,0.874
0.886,0.922,0.876,0.866,0.903,1.0,0.904,0.874,0.89,0.856,0.864,0.872,0.889,0.868,0.866,0.903,0.919,0.897,0.9,0.902,0.891,0.896,0.904,0.922,0.926,0.911,0.893,0.867,0.892,0.885,0.87,0.911,0.02,0.903,0.903,0.898,0.903,0.899,0.873,0.888,0.864,0.922,0.883,0.874,0.873,0.862,0.919,0.919,0.872,0.883
0.891,0.893,0.883,0.874,0.894,0.904,1.0,0.873,0.89,0.855,0.862,0.877,0.875,0.865,0.875,0.987,0.888,0.905,0.905,0.995,0.904,0.9,0.907,0.89,0.894,0.886,0.893,0.866,0.882,0.899,0.869,0.906,0.017,0.897,0.88,0.891,0.998,0.889,0.877,0.887,0.867,0.902,0.88,0.871,0.872,0.858,0.892,0.892,0.863,0.879
0.877,0.877,0.864,0.913,0.878,0.874,0.873,1.0,0.879,0.899,0.844,0.919,0.864,0.915,0.908,0.872,0.868,0.873,0.88,0.873,0.866,0.864,0.877,0.874,0.868,0.867,0.872,0.952,0.881,0.874,0.9,0.876,0.019,0.87,0.854,0.903,0.873,0.886,0.914,0.868,0.902,0.873,0.862,0.958,0.955,0.858,0.865,0.866,0.908,0.874
0.909,0.897,0.874,0.88,0.892,0.89,0.89,0.879,1.0,0.868,0.855,0.881,0.87,0.872,0.88,0.889,0.881,0.881,0.884,0.888,0.882,0.885,0.884,0.89,0.885,0.876,0.882,0.874,0.89,0.913,0.874,0.881,0.022,0.884,0.87,0.882,0.89,0.888,0.878,0.879,0.871,0.888,0.876,0.872,0.871,0.858,0.883,0.881,0.873,0.899
0.875,0.866,0.844,0.922,0.868,0.856,0.855,0.899,0.868,1.0,0.873,0.909,0.888,0.923,0.913,0.855,0.868,0.874,0.867,0.852,0.867,0.87,0.862,0.872,0.866,0.867,0.878,0.917,0.875,0.858,0.91,0.858,0.018,0.858,0.87,0.888,0.856,0.865,0.901,0.878,0.912,0.854,0.878,0.905,0.907,0.838,0.848,0.848,0.912,0.875
0.868,0.876,0.83,0.852,0.901,0.864,0.862,0.844,0.855,0.873,1.0,0.854,0.914,0.859,0.85,0.863,0.889,0.891,0.893,0.86,0.883,0.889,0.879,0.898,0.886,0.894,0.896,0.85,0.863,0.849,0.839,0.87,0.018,0.88,0.904,0.851,0.863,0.882,0.848,0.91,0.841,0.873,0.91,0.839,0.839,0.821,0.859,0.859,0.851,0.862
0.889,0.882,0.861,0.929,0.881,0.872,0.877,0.919,0.881,0.909,0.854,1.0,0.873,0.923,0.951,0.875,0.872,0.884,0.884,0.874,0.876,0.873,0.879,0.878,0.872,0.865,0.879,0.924,0.887,0.881,0.905,0.87,0.021,0.872,0.861,0.895,0.875,0.88,0.909,0.874,0.915,0.871,0.868,0.92,0.922,0.855,0.865,0.866,0.909,0.886
0.888,0.896,0.858,0.873,0.91,0.889,0.875,0.864,0.87,0.888,0.914,0.873,1.0,0.882,0.875,0.876,0.915,0.911,0.919,0.873,0.909,0.929,0.923,0.913,0.903,0.909,0.929,0.874,0.872,0.869,0.851,0.906,0.019,0.913,0.914,0.864,0.874,0.919,0.86,0.928,0.863,0.897,0.935,0.867,0.866,0.842,0.896,0.895,0.865,0.878
0.884,0.868,0.857,0.946,0.88,0.868,0.865,0.915,0.872,0.923,0.859,0.923,0.882,1.0,0.934,0.865,0.879,0.888,0.885,0.863,0.88,0.882,0.88,0.878,0.877,0.874,0.887,0.938,0.881,0.86,0.912,0.872,0.019,0.868,0.864,0.897,0.865,0.876,0.907,0.882,0.924,0.87,0.868,0.93,0.928,0.847,0.859,0.86,0.925,0.883
0.886,0.873,0.859,0.944,0.878,0.866,0.875,0.908,0.88,0.913,0.85,0.951,0.875,0.934,1.0,0.875,0.874,0.879,0.883,0.873,0.877,0.877,0.886,0.878,0.876,0.864,0.879,0.922,0.886,0.875,0.915,0.873,0.02,0.868,0.864,0.902,0.874,0.885,0.906,0.877,0.93,0.87,0.868,0.914,0.915,0.851,0.867,0.866,0.919,0.893
0.891,0.893,0.885,0.87,0.896,0.903,0.987,0.872,0.889,0.855,0.863,0.875,0.876,0.865,0.875,1.0,0.885,0.9,0.903,0.988,0.902,0.901,0.904,0.89,0.894,0.881,0.892,0.866,0.881,0.899,0.872,0.905,0.019,0.893,0.88,0.891,0.987,0.892,0.876,0.887,0.867,0.902,0.88,0.868,0.87,0.856,0.892,0.892,0.862,0.878
0.901,0.92,0.869,0.874,0.902,0.919,0.888,0.868,0.881,0.868,0.889,0.872,0.915,0.879,0.874,0.885,1.0,0.907,0.912,0.885,0.907,0.917,0.917,0.943,0.932,0.929,0.915,0.872,0.892,0.873,0.853,0.908,0.018,0.911,0.923,0.874,0.887,0.907,0.868,0.914,0.858,0.912,0.912,0.865,0.866,0.847,0.91,0.909,0.87,0.887
0.896,0.903,0.858,0.882,0.906,0.897,0.905,0.873,0.881,0.874,0.891,0.884,0.911,0.888,0.879,0.9,0.907,1.0,0.943,0.903,0.924,0.938,0.932,0.904,0.906,0.904,0.926,0.885,0.89,0.882,0.862,0.909,0.019,0.925,0.896,0.88,0.905,0.907,0.88,0.913,0.873,0.91,0.908,0.877,0.877,0.855,0.897,0.897,0.882,0.888
0.895,0.915,0.869,0.878,0.924,0.9,0.905,0.88,0.884,0.867,0.893,0.884,0.919,0.885,0.883,0.903,0.912,0.943,1.0,0.903,0.927,0.937,0.934,0.908,0.904,0.903,0.927,0.882,0.891,0.887,0.867,0.916,0.021,0.917,0.902,0.884,0.904,0.923,0.871,0.922,0.874,0.909,0.916,0.88,0.88,0.854,0.899,0.899,0.881,0.89
0.89,0.89,0.884,0.871,0.892,0.902,0.995,0.873,0.888,0.852,0.86,0.874,0.873,0.863,0.873,0.988,0.885,0.903,0.903,1.0,0.901,0.9,0.904,0.888,0.892,0.883,0.89,0.865,0.88,0.9,0.868,0.907,0.017,0.894,0.878,0.89,0.995,0.889,0.874,0.885,0.865,0.9,0.88,0.869,0.87,0.861,0.893,0.893,0.861,0.877
0.885,0.902,0.871,0.879,0.917,0.891,0.904,0.866,0.882,0.867,0.883,0.876,0.909,0.88,0.877,0.902,0.907,0.924,0.927,0.901,1.0,0.93,0.937,0.904,0.914,0.9,0.918,0.878,0.883,0.864,0.866,0.911,0.02,0.926,0.898,0.875,0.904,0.918,0.869,0.917,0.871,0.902,0.91,0.869,0.869,0.853,0.899,0.898,0.873,0.884
0.889,0.902,0.858,0.879,0.906,0.896,0.9,0.864,0.885,0.87,0.889,0.873,0.929,0.882,0.877,0.901,0.917,0.938,0.937,0.9,0.93,1.0,0.966,0.912,0.919,0.908,0.929,0.873,0.882,0.88,0.857,0.91,0.019,0.943,0.904,0.878,0.899,0.914,0.869,0.931,0.862,0.903,0.918,0.866,0.865,0.852,0.894,0.893,0.871,0.891
0.89,0.904,0.866,0.883,0.905,0.904,0.907,0.877,0.884,0.862,0.879,0.879,0.923,0.88,0.886,0.904,0.917,0.932,0.934,0.904,0.937,0.966,1.0,0.908,0.914,0.902,0.926,0.879,0.883,0.879,0.866,0.917,0.019,0.944,0.894,0.881,0.905,0.922,0.873,0.927,0.871,0.91,0.911,0.876,0.873,0.853,0.901,0.9,0.873,0.885
0.899,0.929,0.86,0.879,0.904,0.922,0.89,0.874,0.89,0.872,0.898,0.878,0.913,0.878,0.878,0.89,0.943,0.904,0.908,0.888,0.904,0.912,0.908,1.0,0.939,0.932,0.916,0.875,0.893,0.878,0.859,0.9,0.019,0.907,0.94,0.875,0.889,0.903,0.868,0.917,0.86,0.908,0.919,0.864,0.868,0.849,0.897,0.896,0.88,0.888
0.892,0.931,0.864,0.88,0.903,0.926,0.894,0.868,0.885,0.866,0.886,0.872,0.903,0.877,0.876,0.894,0.932,0.906,0.904,0.892,0.914,0.919,0.914,0.939,1.0,0.94,0.911,0.875,0.89,0.871,0.861,0.907,0.019,0.909,0.931,0.881,0.893,0.905,0.873,0.908,0.866,0.913,0.906,0.87,0.871,0.847,0.903,0.902,0.883,0.89
0.884,0.921,0.854,0.871,0.898,0.911,0.886,0.867,0.876,0.867,0.894,0.865,0.909,0.874,0.864,0.881,0.929,0.904,0.903,0.883,0.9,0.908,0.902,0.932,0.94,1.0,0.911,0.87,0.878,0.867,0.849,0.893,0.018,0.899,0.928,0.875,0.884,0.897,0.863,0.908,0.852,0.904,0.913,0.868,0.865,0.842,0.89,0.89,0.879,0.874
0.894,0.898,0.859,0.878,0.912,0.893,0.893,0.872,0.882,0.878,0.896,0.879,0.929,0.887,0.879,0.892,0.915,0.926,0.927,0.89,0.918,0.929,0.926,0.916,0.911,0.911,1.0,0.872,0.883,0.879,0.866,0.915,0.017,0.916,0.901,0.876,0.893,0.927,0.869,0.933,0.869,0.905,0.942,0.868,0.867,0.845,0.895,0.894,0.875,0.887
0.88,0.877,0.859,0.931,0.879,0.867,0.866,0.952,0.874,0.917,0.85,0.924,0.874,0.938,0.922,0.866,0.872,0.885,0.882,0.865,0.878,0.873,0.879,0.875,0.875,0.87,0.872,1.0,0.887,0.873,0.9,0.871,0.02,0.871,0.864,0.897,0.866,0.883,0.915,0.871,0.916,0.873,0.865,0.982,0.975,0.848,0.866,0.867,0.922,0.879
0.912,0.89,0.872,0.887,0.878,0.892,0.882,0.881,0.89,0.875,0.863,0.887,0.872,0.881,0.886,0.881,0.892,0.89,0.891,0.88,0.883,0.882,0.883,0.893,0.89,0.878,0.883,0.887,1.0,0.884,0.874,0.879,0.02,0.882,0.88,0.888,0.882,0.885,0.876,0.875,0.872,0.886,0.878,0.879,0.879,0.869,0.874,0.873,0.885,0.952
0.903,0.886,0.883,0.866,0.884,0.885,0.899,0.874,0.913,0.858,0.849,0.881,0.869,0.86,0.875,0.899,0.873,0.882,0.887,0.9,0.864,0.88,0.879,0.878,0.871,0.867,0.879,0.873,0.884,1.0,0.877,0.89,0.019,0.881,0.865,0.88,0.899,0.888,0.875,0.883,0.869,0.897,0.872,0.874,0.871,0.871,0.877,0.876,0.863,0.886
0.865,0.867,0.855,0.916,0.868,0.87,0.869,0.9,0.874,0.91,0.839,0.905,0.851,0.912,0.915,0.872,0.853,0.862,0.867,0.868,0.866,0.857,0.866,0.859,0.861,0.849,0.866,0.9,0.874,0.877,1.0,0.869,0.018,0.856,0.845,0.904,0.869,0.866,0.903,0.862,0.955,0.871,0.85,0.905,0.907,0.853,0.862,0.862,0.908,0.872
0.884,0.902,0.887,0.87,0.911,0.911,0.906,0.876,0.881,0.858,0.87,0.87,0.906,0.872,0.873,0.905,0.908,0.909,0.916,0.907,0.911,0.91,0.917,0.9,0.907,0.893,0.915,0.871,0.879,0.89,0.869,1.0,0.018,0.913,0.886,0.889,0.907,0.924,0.881,0.91,0.868,0.923,0.909,0.874,0.877,0.873,0.92,0.918,0.87,0.876
0.02,0.02,0.019,0.019,0.021,0.02,0.017,0.019,0.022,0.018,0.018,0.021,0.019,0.019,0.02,0.019,0.018,0.019,0.021,0.017,0.02,0.019,0.019,0.019,0.019,0.018,0.017,0.02,0.02,0.019,0.018,0.018,1.0,0.019,0.019,0.02,0.017,0.018,0.02,0.019,0.019,0.02,0.018,0.019,0.019,0.018,0.018,0.018,0.02,0.02
0.886,0.903,0.864,0.869,0.907,0.903,0.897,0.87,0.884,0.858,0.88,0.872,0.913,0.868,0.868,0.893,0.911,0.925,0.917,0.894,0.926,0.943,0.944,0.907,0.909,0.899,0.916,0.871,0.882,0.881,0.856,0.913,0.019,1.0,0.897,0.879,0.896,0.924,0.876,0.919,0.859,0.904,0.913,0.867,0.867,0.853,0.896,0.896,0.873,0.879
0.884,0.918,0.848,0.868,0.894,0.903,0.88,0.854,0.87,0.87,0.904,0.861,0.914,0.864,0.864,0.88,0.923,0.896,0.902,0.878,0.898,0.904,0.894,0.94,0.931,0.928,0.901,0.864,0.88,0.865,0.845,0.886,0.019,0.897,1.0,0.866,0.881,0.885,0.858,0.904,0.846,0.895,0.916,0.855,0.858,0.832,0.884,0.883,0.861,0.871
0.872,0.882,0.872,0.899,0.884,0.898,0.891,0.903,0.882,0.888,0.851,0.895,0.864,0.897,0.902,0.891,0.874,0.88,0.884,0.89,0.875,0.878,0.881,0.875,0.881,0.875,0.876,0.897,0.888,0.88,0.904,0.889,0.02,0.879,0.866,1.0,0.89,0.883,0.914,0.869,0.898,0.89,0.868,0.906,0.904,0.866,0.874,0.874,0.906,0.879
0.891,0.892,0.883,0.872,0.894,0.903,0.998,0.873,0.89,0.856,0.863,0.875,0.874,0.865,0.874,0.987,0.887,0.905,0.904,0.995,0.904,0.899,0.905,0.889,0.893,0.884,0.893,0.866,0.882,0.899,0.869,0.907,0.017,0.896,0.881,0.89,1.0,0.89,0.877,0.888,0.866,0.902,0.881,0.87,0.871,0.859,0.891,0.891,0.863,0.88
0.895,0.916,0.878,0.871,0.922,0.899,0.889,0.886,0.888,0.865,0.882,0.88,0.919,0.876,0.885,0.892,0.907,0.907,0.923,0.889,0.918,0.914,0.922,0.903,0.905,0.897,0.927,0.883,0.885,0.888,0.866,0.924,0.018,0.924,0.885,0.883,0.89,1.0,0.878,0.916,0.876,0.913,0.932,0.883,0.879,0.857,0.914,0.913,0.88,0.881
0.874,0.872,0.861,0.908,0.879,0.873,0.877,0.914,0.878,0.901,0.848,0.909,0.86,0.907,0.906,0.876,0.868,0.88,0.871,0.874,0.869,0.869,0.873,0.868,0.873,0.863,0.869,0.915,0.876,0.875,0.903,0.881,0.02,0.876,0.858,0.914,0.877,0.878,1.0,0.867,0.904,0.883,0.857,0.921,0.921,0.856,0.867,0.867,0.9,0.873
0.883,0.89,0.853,0.876,0.908,0.888,0.887,0.868,0.879,0.878,0.91,0.874,0.928,0.882,0.877,0.887,0.914,0.913,0.922,0.885,0.917,0.931,0.927,0.917,0.908,0.908,0.933,0.871,0.875,0.883,0.862,0.91,0.019,0.919,0.904,0.869,0.888,0.916,0.867,1.0,0.864,0.894,0.932,0.865,0.864,0.85,0.889,0.889,0.871,0.88
0.873,0.867,0.86,0.926,0.874,0.864,0.867,0.902,0.871,0.912,0.841,0.915,0.863,0.924,0.93,0.867,0.858,0.873,0.874,0.865,0.871,0.862,0.871,0.86,0.866,0.852,0.869,0.916,0.872,0.869,0.955,0.868,0.019,0.859,0.846,0.898,0.866,0.876,0.904,0.864,1.0,0.875,0.856,0.915,0.917,0.848,0.866,0.866,0.915,0.874
0.887,0.914,0.879,0.865,0.913,0.922,0.902,0.873,0.888,0.854,0.873,0.871,0.897,0.87,0.87,0.902,0.912,0.91,0.909,0.9,0.902,0.903,0.91,0.908,0.913,0.904,0.905,0.873,0.886,0.897,0.871,0.923,0.02,0.904,0.895,0.89,0.902,0.913,0.883,0.894,0.875,1.0,0.906,0.876,0.875,0.865,0.929,0.927,0.866,0.881
0.891,0.896,0.856,0.867,0.909,0.883,0.88,0.862,0.876,0.878,0.91,0.868,0.935,0.868,0.868,0.88,0.912,0.908,0.916,0.88,0.91,0.918,0.911,0.919,0.906,0.913,0.942,0.865,0.878,0.872,0.85,0.909,0.018,0.913,0.916,0.868,0.881,0.932,0.857,0.932,0.856,0.906,1.0,0.857,0.857,0.839,0.894,0.893,0.866,0.874
0.874,0.879,0.867,0.924,0.879,0.874,0.871,0.958,0.872,0.905,0.839,0.92,0.867,0.93,0.914,0.868,0.865,0.877,0.88,0.869,0.869,0.866,0.876,0.864,0.87,0.868,0.868,0.982,0.879,0.874,0.905,0.874,0.019,0.867,0.855,0.906,0.87,0.883,0.921,0.865,0.915,0.876,0.857,1.0,0.985,0.856,0.871,0.872,0.917,0.871
0.877,0.88,0.867,0.925,0.88,0.873,0.872,0.955,0.871,0.907,0.839,0.922,0.866,0.928,0.915,0.87,0.866,0.877,0.88,0.87,0.869,0.865,0.873,0.868,0.871,0.865,0.867,0.975,0.879,0.871,0.907,0.877,0.019,0.867,0.858,0.904,0.871,0.879,0.921,0.864,0.917,0.875,0.857,0.985,1.0,0.856,0.868,0.869,0.916,0.869
0.847,0.852,0.867,0.845,0.857,0.862,0.858,0.858,0.858,0.838,0.821,0.855,0.842,0.847,0.851,0.856,0.847,0.855,0.854,0.861,0.853,0.852,0.853,0.849,0.847,0.842,0.845,0.848,0.869,0.871,0.853,0.873,0.018,0.853,0.832,0.866,0.859,0.857,0.856,0.85,0.848,0.865,0.839,0.856,0.856,1.0,0.863,0.864,0.86,0.879
0.878,0.904,0.878,0.86,0.908,0.919,0.892,0.865,0.883,0.848,0.859,0.865,0.896,0.859,0.867,0.892,0.91,0.897,0.899,0.893,0.899,0.894,0.901,0.897,0.903,0.89,0.895,0.866,0.874,0.877,0.862,0.92,0.018,0.896,0.884,0.874,0.891,0.914,0.867,0.889,0.866,0.929,0.894,0.871,0.868,0.863,1.0,0.998,0.86,0.871
0.878,0.903,0.88,0.86,0.908,0.919,0.892,0.866,0.881,0.848,0.859,0.866,0.895,0.86,0.866,0.892,0.909,0.897,0.899,0.893,0.898,0.893,0.9,0.896,0.902,0.89,0.894,0.867,0.873,0.876,0.862,0.918,0.018,0.896,0.883,0.874,0.891,0.913,0.867,0.889,0.866,0.927,0.893,0.872,0.869,0.864,0.998,1.0,0.861,0.87
0.877,0.879,0.864,0.919,0.88,0.872,0.863,0.908,0.873,0.912,0.851,0.909,0.865,0.925,0.919,0.862,0.87,0.882,0.881,0.861,0.873,0.871,0.873,0.88,0.883,0.879,0.875,0.922,0.885,0.863,0.908,0.87,0.02,0.873,0.861,0.906,0.863,0.88,0.9,0.871,0.915,0.866,0.866,0.917,0.916,0.86,0.86,0.861,1.0,0.884
0.903,0.88,0.866,0.889,0.874,0.883,0.879,0.874,0.899,0.875,0.862,0.886,0.878,0.883,0.893,0.878,0.887,0.888,0.89,0.877,0.884,0.891,0.885,0.888,0.89,0.874,0.887,0.879,0.952,0.886,0.872,0.876,0.02,0.879,0.871,0.879,0.88,0.881,0.873,0.88,0.874,0.881,0.874,0.871,0.869,0.879,0.871,0.87,0.884,1.0
