GCF_000163235.1_ASM16323v1_genomic.fna,GCF_000164555.1_ASM16455v1_genomic.fna,GCF_000208545.1_ASM20854v2_genomic.fna,GCF_000233875.1_ASM23387v1_genomic.fna,GCF_000249735.1_ASM24973v2_genomic.fna,GCF_000261145.1_Esch_coli_M919_V2_genomic.fna,GCF_000267705.2_ASM26770v2_genomic.fna,GCF_000350665.1_Esch_coli_KTE5_V1_genomic.fna,GCF_000351625.1_Esch_coli_KTE66_V1_genomic.fna,GCF_000352285.1_Esch_coli_KTE46_V1_genomic.fna,GCF_000358895.1_ASM35889v1_genomic.fna,GCF_000456385.1_Esch_coli_HVH_26_4-5703913_V1_genomic.fna,GCF_000458195.1_Esch_coli_HVH_147_4-5893887_V1_genomic.fna,GCF_000459755.1_Esch_coli_KOEGE_58_171a_V1_genomic.fna,GCF_000460055.1_Esch_coli_UMEA_3053-1_V1_genomic.fna,GCF_000462165.2_ASM46216v2_genomic.fna,GCF_000601135.1_ASM60113v1_genomic.fna,GCF_000614595.1_Ec2010EL1058_genomic.fna,GCF_000617745.1_Ec2010C-4529_genomic.fna,GCF_000618265.2_EcF6751_genomic.fna,GCF_000619005.2_Ec2009C-4052_genomic.fna,GCF_000619105.1_Ec2009C-4780_genomic.fna,GCF_000619765.2_Ec2009C-3279_genomic.fna,GCF_000687005.1_ASM68700v1_genomic.fna,GCF_000687025.1_ASM68702v1_genomic.fna,GCF_000700125.1_ASM70012v1_genomic.fna,GCF_000753315.1_FHI35_genomic.fna,GCF_000776375.1_ASM77637v1_genomic.fna,GCF_000779395.1_ASM77939v1_genomic.fna,GCF_000780315.1_ASM78031v1_genomic.fna,GCF_000781995.1_ASM78199v1_genomic.fna,GCF_000986765.1_ASM98676v1_genomic.fna,GCF_001041375.1_ViralProj287958_genomic.fna,GCF_001265335.1_302014_genomic.fna,GCF_001265625.1_100854_genomic.fna,GCF_001267345.1_303289_genomic.fna,GCF_001309985.1_ASM130998v1_genomic.fna,GCF_001521695.1_ASM152169v1_genomic.fna,GCF_001592595.1_ASM159259v1_genomic.fna,GCF_001614975.1_ASM161497v1_genomic.fna,GCF_001692775.1_ASM169277v1_genomic.fna,GCF_001748915.1_ASM174891v1_genomic.fna,GCF_001749235.1_ASM174923v1_genomic.fna,GCF_001881155.1_ASM188115v1_genomic.fna,GCF_001881345.1_ASM188134v1_genomic.fna,GCF_001892405.1_ASM189240v1_genomic.fna,GCF_001892585.1_ASM189258v1_genomic.fna,GCF_001893985.1_ASM189398v1_genomic.fna,GCF_002001595.1_ASM200159v1_genomic.fna,GCF_002002145.1_ASM200214v1_genomic.fna
1.0,0.893,0.89,0.893,0.899,0.895,0.884,0.886,0.912,0.895,0.899,0.88,0.906,0.885,0.885,0.883,0.898,0.903,0.894,0.882,0.9,0.897,0.898,0.91,0.893,0.898,0.896,0.882,0.909,0.912,0.868,0.883,0.017,0.904,0.901,0.876,0.885,0.894,0.879,0.899,0.882,0.899,0.905,0.878,0.88,0.875,0.892,0.894,0.887,0.906
0.893,1.0,0.885,0.886,0.923,0.943,0.897,0.9,0.871,0.876,0.893,0.896,0.905,0.884,0.894,0.895,0.938,0.918,0.91,0.899,0.921,0.908,0.908,0.934,0.948,0.925,0.916,0.883,0.88,0.889,0.9,0.927,0.018,0.911,0.919,0.901,0.897,0.923,0.895,0.916,0.882,0.931,0.912,0.887,0.893,0.901,0.927,0.925,0.883,0.881
0.89,0.885,1.0,0.886,0.886,0.88,0.877,0.885,0.876,0.87,0.872,0.872,0.883,0.879,0.877,0.872,0.885,0.886,0.883,0.875,0.886,0.887,0.887,0.887,0.886,0.888,0.891,0.878,0.884,0.881,0.868,0.878,0.017,0.892,0.873,0.869,0.878,0.888,0.879,0.894,0.88,0.884,0.89,0.878,0.876,0.875,0.889,0.89,0.886,0.887
0.893,0.886,0.886,1.0,0.893,0.892,0.88,0.93,0.887,0.939,0.876,0.939,0.891,0.956,0.949,0.876,0.894,0.894,0.888,0.878,0.886,0.895,0.893,0.894,0.89,0.895,0.893,0.945,0.904,0.895,0.928,0.884,0.016,0.893,0.886,0.904,0.878,0.89,0.928,0.894,0.95,0.892,0.894,0.94,0.939,0.889,0.89,0.892,0.938,0.903
0.899,0.923,0.886,0.893,1.0,0.939,0.912,0.901,0.891,0.886,0.927,0.897,0.926,0.893,0.902,0.908,0.924,0.933,0.931,0.909,0.933,0.928,0.936,0.918,0.93,0.916,0.925,0.89,0.897,0.896,0.895,0.925,0.018,0.927,0.909,0.895,0.912,0.933,0.898,0.931,0.891,0.932,0.933,0.892,0.895,0.903,0.929,0.929,0.884,0.889
0.895,0.943,0.88,0.892,0.939,1.0,0.909,0.907,0.881,0.878,0.908,0.898,0.917,0.893,0.902,0.908,0.934,0.928,0.924,0.906,0.929,0.915,0.924,0.934,0.953,0.927,0.921,0.888,0.893,0.893,0.897,0.928,0.018,0.918,0.933,0.898,0.907,0.93,0.9,0.928,0.891,0.939,0.925,0.89,0.895,0.904,0.932,0.932,0.883,0.894
0.884,0.897,0.877,0.88,0.912,0.909,1.0,0.886,0.871,0.856,0.883,0.88,0.901,0.882,0.888,0.989,0.909,0.917,0.916,0.994,0.913,0.91,0.914,0.892,0.905,0.895,0.897,0.874,0.881,0.875,0.877,0.9,0.018,0.903,0.89,0.886,0.996,0.901,0.89,0.904,0.869,0.906,0.9,0.877,0.879,0.893,0.899,0.899,0.868,0.89
0.886,0.9,0.885,0.93,0.901,0.907,0.886,1.0,0.878,0.913,0.864,0.926,0.877,0.929,0.928,0.884,0.905,0.896,0.892,0.884,0.89,0.888,0.887,0.888,0.898,0.897,0.885,0.967,0.891,0.886,0.921,0.892,0.017,0.887,0.876,0.917,0.887,0.893,0.93,0.895,0.926,0.898,0.884,0.968,0.964,0.9,0.9,0.898,0.918,0.891
0.912,0.871,0.876,0.887,0.891,0.881,0.871,0.878,1.0,0.897,0.904,0.869,0.896,0.878,0.87,0.869,0.887,0.888,0.89,0.868,0.89,0.888,0.888,0.894,0.879,0.884,0.889,0.877,0.895,0.919,0.864,0.871,0.018,0.889,0.891,0.868,0.869,0.884,0.869,0.893,0.881,0.88,0.897,0.871,0.873,0.869,0.884,0.885,0.869,0.885
0.895,0.876,0.87,0.939,0.886,0.878,0.856,0.913,0.897,1.0,0.897,0.917,0.889,0.932,0.915,0.853,0.877,0.875,0.876,0.852,0.871,0.883,0.877,0.891,0.874,0.885,0.881,0.927,0.896,0.89,0.91,0.867,0.017,0.881,0.879,0.895,0.855,0.875,0.909,0.882,0.933,0.881,0.882,0.919,0.921,0.878,0.885,0.887,0.918,0.889
0.899,0.893,0.872,0.876,0.927,0.908,0.883,0.864,0.904,0.897,1.0,0.865,0.935,0.865,0.867,0.879,0.899,0.921,0.919,0.877,0.91,0.92,0.919,0.921,0.899,0.906,0.921,0.867,0.885,0.881,0.86,0.901,0.021,0.923,0.912,0.863,0.88,0.915,0.865,0.926,0.872,0.903,0.928,0.863,0.859,0.868,0.903,0.905,0.874,0.88
0.88,0.896,0.872,0.939,0.897,0.898,0.88,0.926,0.869,0.917,0.865,1.0,0.883,0.939,0.964,0.875,0.894,0.891,0.89,0.878,0.888,0.883,0.884,0.886,0.898,0.889,0.884,0.93,0.895,0.883,0.922,0.884,0.016,0.879,0.873,0.912,0.879,0.888,0.932,0.887,0.93,0.9,0.884,0.93,0.932,0.895,0.896,0.898,0.927,0.892
0.906,0.905,0.883,0.891,0.926,0.917,0.901,0.877,0.896,0.889,0.935,0.883,1.0,0.883,0.887,0.897,0.915,0.929,0.931,0.898,0.93,0.946,0.946,0.928,0.912,0.914,0.935,0.88,0.907,0.898,0.876,0.924,0.018,0.949,0.918,0.878,0.899,0.928,0.878,0.941,0.887,0.914,0.935,0.876,0.875,0.881,0.912,0.914,0.885,0.901
0.885,0.884,0.879,0.956,0.893,0.893,0.882,0.929,0.878,0.932,0.865,0.939,0.883,1.0,0.947,0.877,0.891,0.895,0.889,0.878,0.886,0.89,0.895,0.888,0.892,0.888,0.887,0.946,0.899,0.888,0.927,0.878,0.016,0.883,0.879,0.901,0.88,0.889,0.926,0.894,0.944,0.889,0.88,0.94,0.939,0.893,0.895,0.897,0.927,0.902
0.885,0.894,0.877,0.949,0.902,0.902,0.888,0.928,0.87,0.915,0.867,0.964,0.887,0.947,1.0,0.882,0.903,0.9,0.897,0.887,0.895,0.892,0.895,0.887,0.897,0.891,0.888,0.933,0.9,0.883,0.93,0.894,0.016,0.887,0.877,0.916,0.887,0.894,0.936,0.891,0.936,0.906,0.891,0.933,0.933,0.897,0.903,0.903,0.923,0.903
0.883,0.895,0.872,0.876,0.908,0.908,0.989,0.884,0.869,0.853,0.879,0.875,0.897,0.877,0.882,1.0,0.906,0.915,0.912,0.985,0.911,0.908,0.914,0.891,0.904,0.892,0.895,0.874,0.877,0.873,0.876,0.897,0.019,0.9,0.889,0.882,0.988,0.896,0.889,0.898,0.867,0.908,0.894,0.876,0.879,0.889,0.896,0.896,0.865,0.885
0.898,0.938,0.885,0.894,0.924,0.934,0.909,0.905,0.887,0.877,0.899,0.894,0.915,0.891,0.903,0.906,1.0,0.927,0.916,0.908,0.933,0.916,0.922,0.93,0.941,0.931,0.923,0.892,0.886,0.892,0.893,0.933,0.018,0.921,0.917,0.897,0.91,0.921,0.903,0.923,0.887,0.927,0.919,0.892,0.899,0.9,0.932,0.931,0.888,0.888
0.903,0.918,0.886,0.894,0.933,0.928,0.917,0.896,0.888,0.875,0.921,0.891,0.929,0.895,0.9,0.915,0.927,1.0,0.952,0.914,0.948,0.947,0.952,0.923,0.928,0.916,0.937,0.891,0.889,0.888,0.886,0.927,0.018,0.939,0.915,0.889,0.916,0.93,0.891,0.94,0.886,0.927,0.934,0.89,0.888,0.896,0.924,0.926,0.878,0.897
0.894,0.91,0.883,0.888,0.931,0.924,0.916,0.892,0.89,0.876,0.919,0.89,0.931,0.889,0.897,0.912,0.916,0.952,1.0,0.911,0.947,0.944,0.946,0.911,0.918,0.905,0.931,0.887,0.891,0.884,0.884,0.923,0.019,0.939,0.905,0.893,0.913,0.93,0.882,0.935,0.887,0.926,0.93,0.887,0.884,0.894,0.926,0.928,0.88,0.893
0.882,0.899,0.875,0.878,0.909,0.906,0.994,0.884,0.868,0.852,0.877,0.878,0.898,0.878,0.887,0.985,0.908,0.914,0.911,1.0,0.909,0.907,0.913,0.891,0.905,0.894,0.895,0.871,0.877,0.874,0.879,0.905,0.017,0.903,0.888,0.887,0.995,0.899,0.89,0.9,0.867,0.905,0.898,0.874,0.876,0.894,0.895,0.895,0.865,0.886
0.9,0.921,0.886,0.886,0.933,0.929,0.913,0.89,0.89,0.871,0.91,0.888,0.93,0.886,0.895,0.911,0.933,0.948,0.947,0.909,1.0,0.942,0.95,0.913,0.923,0.911,0.933,0.88,0.888,0.89,0.886,0.933,0.017,0.942,0.906,0.893,0.911,0.934,0.893,0.939,0.885,0.923,0.929,0.882,0.883,0.891,0.933,0.934,0.883,0.892
0.897,0.908,0.887,0.895,0.928,0.915,0.91,0.888,0.888,0.883,0.92,0.883,0.946,0.89,0.892,0.908,0.916,0.947,0.944,0.907,0.942,1.0,0.978,0.917,0.914,0.912,0.933,0.889,0.897,0.889,0.886,0.924,0.018,0.969,0.908,0.888,0.909,0.934,0.884,0.939,0.889,0.919,0.935,0.886,0.881,0.889,0.916,0.918,0.889,0.904
0.898,0.908,0.887,0.893,0.936,0.924,0.914,0.887,0.888,0.877,0.919,0.884,0.946,0.895,0.895,0.914,0.922,0.952,0.946,0.913,0.95,0.978,1.0,0.918,0.922,0.912,0.94,0.888,0.894,0.891,0.886,0.932,0.018,0.966,0.914,0.888,0.915,0.94,0.888,0.942,0.89,0.925,0.937,0.885,0.883,0.888,0.923,0.925,0.886,0.898
0.91,0.934,0.887,0.894,0.918,0.934,0.892,0.888,0.894,0.891,0.921,0.886,0.928,0.888,0.887,0.891,0.93,0.923,0.911,0.891,0.913,0.917,0.918,1.0,0.949,0.934,0.923,0.886,0.898,0.901,0.88,0.914,0.019,0.927,0.952,0.884,0.892,0.919,0.884,0.926,0.891,0.925,0.93,0.879,0.878,0.88,0.915,0.916,0.882,0.893
0.893,0.948,0.886,0.89,0.93,0.953,0.905,0.898,0.879,0.874,0.899,0.898,0.912,0.892,0.897,0.904,0.941,0.928,0.918,0.905,0.923,0.914,0.922,0.949,1.0,0.944,0.92,0.886,0.886,0.891,0.888,0.924,0.018,0.918,0.94,0.886,0.904,0.931,0.892,0.921,0.887,0.936,0.923,0.891,0.889,0.892,0.925,0.926,0.888,0.886
0.898,0.925,0.888,0.895,0.916,0.927,0.895,0.897,0.884,0.885,0.906,0.889,0.914,0.888,0.891,0.892,0.931,0.916,0.905,0.894,0.911,0.912,0.912,0.934,0.944,1.0,0.916,0.889,0.889,0.891,0.883,0.91,0.018,0.917,0.924,0.884,0.894,0.92,0.886,0.92,0.892,0.917,0.922,0.889,0.886,0.884,0.919,0.92,0.894,0.894
0.896,0.916,0.891,0.893,0.925,0.921,0.897,0.885,0.889,0.881,0.921,0.884,0.935,0.887,0.888,0.895,0.923,0.937,0.931,0.895,0.933,0.933,0.94,0.923,0.92,0.916,1.0,0.885,0.895,0.896,0.88,0.93,0.018,0.94,0.916,0.883,0.896,0.947,0.881,0.943,0.889,0.918,0.949,0.885,0.882,0.885,0.913,0.914,0.889,0.897
0.882,0.883,0.878,0.945,0.89,0.888,0.874,0.967,0.877,0.927,0.867,0.93,0.88,0.946,0.933,0.874,0.892,0.891,0.887,0.871,0.88,0.889,0.888,0.886,0.886,0.889,0.885,1.0,0.894,0.886,0.922,0.882,0.017,0.885,0.875,0.907,0.874,0.888,0.923,0.892,0.938,0.887,0.88,0.991,0.981,0.892,0.89,0.891,0.929,0.891
0.909,0.88,0.884,0.904,0.897,0.893,0.881,0.891,0.895,0.896,0.885,0.895,0.907,0.899,0.9,0.877,0.886,0.889,0.891,0.877,0.888,0.897,0.894,0.898,0.886,0.889,0.895,0.894,1.0,0.905,0.89,0.884,0.017,0.891,0.889,0.893,0.88,0.893,0.892,0.892,0.898,0.9,0.9,0.89,0.888,0.903,0.889,0.891,0.898,0.955
0.912,0.889,0.881,0.895,0.896,0.893,0.875,0.886,0.919,0.89,0.881,0.883,0.898,0.888,0.883,0.873,0.892,0.888,0.884,0.874,0.89,0.889,0.891,0.901,0.891,0.891,0.896,0.886,0.905,1.0,0.873,0.877,0.018,0.895,0.892,0.888,0.874,0.892,0.884,0.895,0.892,0.891,0.895,0.882,0.88,0.893,0.89,0.891,0.888,0.902
0.868,0.9,0.868,0.928,0.895,0.897,0.877,0.921,0.864,0.91,0.86,0.922,0.876,0.927,0.93,0.876,0.893,0.886,0.884,0.879,0.886,0.886,0.886,0.88,0.888,0.883,0.88,0.922,0.89,0.873,1.0,0.898,0.015,0.881,0.869,0.918,0.877,0.881,0.923,0.888,0.946,0.897,0.881,0.925,0.929,0.905,0.899,0.898,0.91,0.89
0.883,0.927,0.878,0.884,0.925,0.928,0.9,0.892,0.871,0.867,0.901,0.884,0.924,0.878,0.894,0.897,0.933,0.927,0.923,0.905,0.933,0.924,0.932,0.914,0.924,0.91,0.93,0.882,0.884,0.877,0.898,1.0,0.018,0.923,0.898,0.9,0.903,0.933,0.895,0.919,0.877,0.921,0.925,0.884,0.891,0.893,0.916,0.916,0.875,0.877
0.017,0.018,0.017,0.016,0.018,0.018,0.018,0.017,0.018,0.017,0.021,0.016,0.018,0.016,0.016,0.019,0.018,0.018,0.019,0.017,0.017,0.018,0.018,0.019,0.018,0.018,0.018,0.017,0.017,0.018,0.015,0.018,1.0,0.018,0.019,0.017,0.017,0.017,0.016,0.018,0.015,0.017,0.017,0.017,0.018,0.018,0.018,0.018,0.017,0.017
0.904,0.911,0.892,0.893,0.927,0.918,0.903,0.887,0.889,0.881,0.923,0.879,0.949,0.883,0.887,0.9,0.921,0.939,0.939,0.903,0.942,0.969,0.966,0.927,0.918,0.917,0.94,0.885,0.891,0.895,0.881,0.923,0.018,1.0,0.913,0.88,0.903,0.934,0.88,0.947,0.891,0.917,0.938,0.881,0.88,0.885,0.921,0.923,0.884,0.897
0.901,0.919,0.873,0.886,0.909,0.933,0.89,0.876,0.891,0.879,0.912,0.873,0.918,0.879,0.877,0.889,0.917,0.915,0.905,0.888,0.906,0.908,0.914,0.952,0.94,0.924,0.916,0.875,0.889,0.892,0.869,0.898,0.019,0.913,1.0,0.87,0.89,0.912,0.877,0.918,0.879,0.912,0.926,0.872,0.871,0.872,0.904,0.906,0.873,0.883
0.876,0.901,0.869,0.904,0.895,0.898,0.886,0.917,0.868,0.895,0.863,0.912,0.878,0.901,0.916,0.882,0.897,0.889,0.893,0.887,0.893,0.888,0.888,0.884,0.886,0.884,0.883,0.907,0.893,0.888,0.918,0.9,0.017,0.88,0.87,1.0,0.886,0.881,0.918,0.88,0.905,0.898,0.877,0.907,0.911,0.911,0.891,0.89,0.899,0.896
0.885,0.897,0.878,0.878,0.912,0.907,0.996,0.887,0.869,0.855,0.88,0.879,0.899,0.88,0.887,0.988,0.91,0.916,0.913,0.995,0.911,0.909,0.915,0.892,0.904,0.894,0.896,0.874,0.88,0.874,0.877,0.903,0.017,0.903,0.89,0.886,1.0,0.9,0.89,0.902,0.867,0.906,0.899,0.877,0.878,0.894,0.897,0.897,0.867,0.889
0.894,0.923,0.888,0.89,0.933,0.93,0.901,0.893,0.884,0.875,0.915,0.888,0.928,0.889,0.894,0.896,0.921,0.93,0.93,0.899,0.934,0.934,0.94,0.919,0.931,0.92,0.947,0.888,0.893,0.892,0.881,0.933,0.017,0.934,0.912,0.881,0.9,1.0,0.885,0.94,0.883,0.927,0.953,0.887,0.884,0.889,0.927,0.927,0.887,0.888
0.879,0.895,0.879,0.928,0.898,0.9,0.89,0.93,0.869,0.909,0.865,0.932,0.878,0.926,0.936,0.889,0.903,0.891,0.882,0.89,0.893,0.884,0.888,0.884,0.892,0.886,0.881,0.923,0.892,0.884,0.923,0.895,0.016,0.88,0.877,0.918,0.89,0.885,1.0,0.884,0.921,0.895,0.877,0.924,0.928,0.898,0.9,0.899,0.914,0.895
0.899,0.916,0.894,0.894,0.931,0.928,0.904,0.895,0.893,0.882,0.926,0.887,0.941,0.894,0.891,0.898,0.923,0.94,0.935,0.9,0.939,0.939,0.942,0.926,0.921,0.92,0.943,0.892,0.892,0.895,0.888,0.919,0.018,0.947,0.918,0.88,0.902,0.94,0.884,1.0,0.899,0.917,0.938,0.889,0.888,0.894,0.924,0.924,0.885,0.897
0.882,0.882,0.88,0.95,0.891,0.891,0.869,0.926,0.881,0.933,0.872,0.93,0.887,0.944,0.936,0.867,0.887,0.886,0.887,0.867,0.885,0.889,0.89,0.891,0.887,0.892,0.889,0.938,0.898,0.892,0.946,0.877,0.015,0.891,0.879,0.905,0.867,0.883,0.921,0.899,1.0,0.889,0.885,0.935,0.935,0.885,0.895,0.896,0.928,0.896
0.899,0.931,0.884,0.892,0.932,0.939,0.906,0.898,0.88,0.881,0.903,0.9,0.914,0.889,0.906,0.908,0.927,0.927,0.926,0.905,0.923,0.919,0.925,0.925,0.936,0.917,0.918,0.887,0.9,0.891,0.897,0.921,0.017,0.917,0.912,0.898,0.906,0.927,0.895,0.917,0.889,1.0,0.928,0.889,0.889,0.9,0.933,0.932,0.884,0.891
0.905,0.912,0.89,0.894,0.933,0.925,0.9,0.884,0.897,0.882,0.928,0.884,0.935,0.88,0.891,0.894,0.919,0.934,0.93,0.898,0.929,0.935,0.937,0.93,0.923,0.922,0.949,0.88,0.9,0.895,0.881,0.925,0.017,0.938,0.926,0.877,0.899,0.953,0.877,0.938,0.885,0.928,1.0,0.877,0.877,0.884,0.916,0.918,0.882,0.892
0.878,0.887,0.878,0.94,0.892,0.89,0.877,0.968,0.871,0.919,0.863,0.93,0.876,0.94,0.933,0.876,0.892,0.89,0.887,0.874,0.882,0.886,0.885,0.879,0.891,0.889,0.885,0.991,0.89,0.882,0.925,0.884,0.017,0.881,0.872,0.907,0.877,0.887,0.924,0.889,0.935,0.889,0.877,1.0,0.984,0.893,0.891,0.892,0.927,0.887
0.88,0.893,0.876,0.939,0.895,0.895,0.879,0.964,0.873,0.921,0.859,0.932,0.875,0.939,0.933,0.879,0.899,0.888,0.884,0.876,0.883,0.881,0.883,0.878,0.889,0.886,0.882,0.981,0.888,0.88,0.929,0.891,0.018,0.88,0.871,0.911,0.878,0.884,0.928,0.888,0.935,0.889,0.877,0.984,1.0,0.893,0.896,0.895,0.921,0.884
0.875,0.901,0.875,0.889,0.903,0.904,0.893,0.9,0.869,0.878,0.868,0.895,0.881,0.893,0.897,0.889,0.9,0.896,0.894,0.894,0.891,0.889,0.888,0.88,0.892,0.884,0.885,0.892,0.903,0.893,0.905,0.893,0.018,0.885,0.872,0.911,0.894,0.889,0.898,0.894,0.885,0.9,0.884,0.893,0.893,1.0,0.902,0.9,0.883,0.915
0.892,0.927,0.889,0.89,0.929,0.932,0.899,0.9,0.884,0.885,0.903,0.896,0.912,0.895,0.903,0.896,0.932,0.924,0.926,0.895,0.933,0.916,0.923,0.915,0.925,0.919,0.913,0.89,0.889,0.89,0.899,0.916,0.018,0.921,0.904,0.891,0.897,0.927,0.9,0.924,0.895,0.933,0.916,0.891,0.896,0.902,1.0,0.998,0.886,0.886
0.894,0.925,0.89,0.892,0.929,0.932,0.899,0.898,0.885,0.887,0.905,0.898,0.914,0.897,0.903,0.896,0.931,0.926,0.928,0.895,0.934,0.918,0.925,0.916,0.926,0.92,0.914,0.891,0.891,0.891,0.898,0.916,0.018,0.923,0.906,0.89,0.897,0.927,0.899,0.924,0.896,0.932,0.918,0.892,0.895,0.9,0.998,1.0,0.887,0.888
0.887,0.883,0.886,0.938,0.884,0.883,0.868,0.918,0.869,0.918,0.874,0.927,0.885,0.927,0.923,0.865,0.888,0.878,0.88,0.865,0.883,0.889,0.886,0.882,0.888,0.894,0.889,0.929,0.898,0.888,0.91,0.875,0.017,0.884,0.873,0.899,0.867,0.887,0.914,0.885,0.928,0.884,0.882,0.927,0.921,0.883,0.886,0.887,1.0,0.901
0.906,0.881,0.887,0.903,0.889,0.894,0.89,0.891,0.885,0.889,0.88,0.892,0.901,0.902,0.903,0.885,0.888,0.897,0.893,0.886,0.892,0.904,0.898,0.893,0.886,0.894,0.897,0.891,0.955,0.902,0.89,0.877,0.017,0.897,0.883,0.896,0.889,0.888,0.895,0.897,0.896,0.891,0.892,0.887,0.884,0.915,0.886,0.888,0.901,1.0
