GCF_000163235.1_ASM16323v1_genomic.fna,GCF_000164555.1_ASM16455v1_genomic.fna,GCF_000208545.1_ASM20854v2_genomic.fna,GCF_000233875.1_ASM23387v1_genomic.fna,GCF_000249735.1_ASM24973v2_genomic.fna,GCF_000261145.1_Esch_coli_M919_V2_genomic.fna,GCF_000267705.2_ASM26770v2_genomic.fna,GCF_000350665.1_Esch_coli_KTE5_V1_genomic.fna,GCF_000351625.1_Esch_coli_KTE66_V1_genomic.fna,GCF_000352285.1_Esch_coli_KTE46_V1_genomic.fna,GCF_000358895.1_ASM35889v1_genomic.fna,GCF_000456385.1_Esch_coli_HVH_26_4-5703913_V1_genomic.fna,GCF_000458195.1_Esch_coli_HVH_147_4-5893887_V1_genomic.fna,GCF_000459755.1_Esch_coli_KOEGE_58_171a_V1_genomic.fna,GCF_000460055.1_Esch_coli_UMEA_3053-1_V1_genomic.fna,GCF_000462165.2_ASM46216v2_genomic.fna,GCF_000601135.1_ASM60113v1_genomic.fna,GCF_000614595.1_Ec2010EL1058_genomic.fna,GCF_000617745.1_Ec2010C-4529_genomic.fna,GCF_000618265.2_EcF6751_genomic.fna,GCF_000619005.2_Ec2009C-4052_genomic.fna,GCF_000619105.1_Ec2009C-4780_genomic.fna,GCF_000619765.2_Ec2009C-3279_genomic.fna,GCF_000687005.1_ASM68700v1_genomic.fna,GCF_000687025.1_ASM68702v1_genomic.fna,GCF_000700125.1_ASM70012v1_genomic.fna,GCF_000753315.1_FHI35_genomic.fna,GCF_000776375.1_ASM77637v1_genomic.fna,GCF_000779395.1_ASM77939v1_genomic.fna,GCF_000780315.1_ASM78031v1_genomic.fna,GCF_000781995.1_ASM78199v1_genomic.fna,GCF_000986765.1_ASM98676v1_genomic.fna,GCF_001041375.1_ViralProj287958_genomic.fna,GCF_001265335.1_302014_genomic.fna,GCF_001265625.1_100854_genomic.fna,GCF_001267345.1_303289_genomic.fna,GCF_001309985.1_ASM130998v1_genomic.fna,GCF_001521695.1_ASM152169v1_genomic.fna,GCF_001592595.1_ASM159259v1_genomic.fna,GCF_001614975.1_ASM161497v1_genomic.fna,GCF_001692775.1_ASM169277v1_genomic.fna,GCF_001748915.1_ASM174891v1_genomic.fna,GCF_001749235.1_ASM174923v1_genomic.fna,GCF_001881155.1_ASM188115v1_genomic.fna,GCF_001881345.1_ASM188134v1_genomic.fna,GCF_001892405.1_ASM189240v1_genomic.fna,GCF_001892585.1_ASM189258v1_genomic.fna,GCF_001893985.1_ASM189398v1_genomic.fna,GCF_002001595.1_ASM200159v1_genomic.fna,GCF_002002145.1_ASM200214v1_genomic.fna
1.0,0.902,0.891,0.892,0.909,0.898,0.9,0.886,0.91,0.893,0.886,0.885,0.886,0.884,0.882,0.902,0.899,0.894,0.898,0.896,0.896,0.901,0.902,0.902,0.891,0.9,0.901,0.886,0.909,0.913,0.877,0.899,0.019,0.906,0.888,0.892,0.898,0.901,0.894,0.898,0.883,0.9,0.906,0.881,0.88,0.891,0.896,0.896,0.878,0.9
0.902,1.0,0.885,0.89,0.915,0.935,0.906,0.886,0.891,0.882,0.895,0.882,0.9,0.885,0.879,0.903,0.93,0.911,0.912,0.902,0.914,0.908,0.915,0.938,0.935,0.924,0.911,0.883,0.89,0.89,0.884,0.923,0.018,0.919,0.93,0.894,0.904,0.916,0.884,0.911,0.883,0.922,0.913,0.884,0.883,0.891,0.907,0.907,0.885,0.895
0.891,0.885,1.0,0.873,0.87,0.889,0.877,0.87,0.889,0.856,0.857,0.879,0.858,0.87,0.868,0.873,0.88,0.878,0.883,0.878,0.879,0.879,0.888,0.87,0.886,0.878,0.874,0.867,0.879,0.881,0.874,0.88,0.018,0.889,0.867,0.878,0.877,0.876,0.879,0.878,0.878,0.893,0.878,0.874,0.87,0.886,0.884,0.884,0.882,0.881
0.892,0.89,0.873,1.0,0.879,0.892,0.874,0.93,0.888,0.916,0.859,0.932,0.865,0.95,0.937,0.87,0.88,0.873,0.88,0.875,0.883,0.883,0.885,0.869,0.881,0.871,0.885,0.942,0.888,0.879,0.916,0.888,0.02,0.889,0.861,0.916,0.876,0.885,0.925,0.872,0.93,0.881,0.886,0.941,0.936,0.879,0.877,0.877,0.913,0.883
0.909,0.915,0.87,0.879,1.0,0.914,0.897,0.882,0.893,0.883,0.923,0.874,0.923,0.882,0.874,0.902,0.911,0.923,0.915,0.894,0.921,0.922,0.923,0.921,0.911,0.917,0.925,0.879,0.905,0.904,0.88,0.926,0.018,0.927,0.913,0.888,0.895,0.923,0.88,0.931,0.877,0.918,0.927,0.87,0.869,0.887,0.905,0.905,0.87,0.897
0.898,0.935,0.889,0.892,0.914,1.0,0.906,0.891,0.899,0.879,0.891,0.885,0.899,0.885,0.88,0.906,0.924,0.907,0.914,0.905,0.912,0.912,0.915,0.932,0.939,0.916,0.909,0.885,0.89,0.892,0.883,0.922,0.018,0.922,0.928,0.894,0.906,0.912,0.9,0.912,0.885,0.925,0.917,0.884,0.881,0.893,0.917,0.917,0.886,0.894
0.9,0.906,0.877,0.874,0.897,0.906,1.0,0.879,0.888,0.869,0.877,0.874,0.889,0.877,0.864,0.982,0.906,0.91,0.905,0.994,0.92,0.906,0.918,0.904,0.895,0.908,0.917,0.878,0.883,0.896,0.873,0.908,0.019,0.918,0.894,0.881,0.997,0.901,0.884,0.897,0.872,0.907,0.908,0.874,0.869,0.878,0.896,0.896,0.869,0.881
0.886,0.886,0.87,0.93,0.882,0.891,0.879,1.0,0.89,0.922,0.858,0.927,0.874,0.929,0.919,0.871,0.89,0.885,0.893,0.878,0.885,0.887,0.886,0.874,0.877,0.879,0.894,0.967,0.883,0.888,0.917,0.889,0.02,0.889,0.864,0.905,0.88,0.895,0.92,0.887,0.925,0.883,0.89,0.961,0.954,0.873,0.872,0.872,0.919,0.88
0.91,0.891,0.889,0.888,0.893,0.899,0.888,0.89,1.0,0.877,0.869,0.891,0.886,0.885,0.891,0.883,0.894,0.881,0.89,0.887,0.89,0.89,0.892,0.885,0.892,0.891,0.902,0.886,0.9,0.912,0.892,0.895,0.019,0.896,0.872,0.895,0.889,0.896,0.896,0.889,0.895,0.902,0.897,0.888,0.884,0.899,0.9,0.9,0.885,0.902
0.893,0.882,0.856,0.916,0.883,0.879,0.869,0.922,0.877,1.0,0.881,0.907,0.888,0.919,0.905,0.871,0.872,0.876,0.871,0.866,0.875,0.88,0.874,0.891,0.872,0.876,0.883,0.926,0.893,0.882,0.915,0.877,0.02,0.879,0.884,0.902,0.867,0.88,0.911,0.886,0.921,0.879,0.883,0.913,0.913,0.868,0.863,0.863,0.901,0.887
0.886,0.895,0.857,0.859,0.923,0.891,0.877,0.858,0.869,0.881,1.0,0.849,0.928,0.862,0.851,0.881,0.892,0.908,0.899,0.875,0.905,0.908,0.907,0.914,0.888,0.894,0.907,0.862,0.877,0.877,0.854,0.904,0.015,0.902,0.915,0.866,0.875,0.903,0.861,0.911,0.857,0.894,0.907,0.851,0.849,0.865,0.883,0.883,0.851,0.869
0.885,0.882,0.879,0.932,0.874,0.885,0.874,0.927,0.891,0.907,0.849,1.0,0.861,0.937,0.956,0.868,0.881,0.872,0.88,0.874,0.875,0.879,0.882,0.867,0.873,0.874,0.878,0.929,0.887,0.876,0.918,0.877,0.02,0.888,0.859,0.907,0.876,0.884,0.922,0.875,0.923,0.883,0.884,0.936,0.934,0.882,0.88,0.88,0.918,0.883
0.886,0.9,0.858,0.865,0.923,0.899,0.889,0.874,0.886,0.888,0.928,0.861,1.0,0.865,0.862,0.893,0.897,0.922,0.916,0.885,0.917,0.933,0.929,0.927,0.891,0.902,0.923,0.874,0.891,0.896,0.863,0.915,0.016,0.921,0.92,0.866,0.887,0.928,0.874,0.935,0.866,0.905,0.93,0.863,0.858,0.875,0.891,0.891,0.855,0.891
0.884,0.885,0.87,0.95,0.882,0.885,0.877,0.929,0.885,0.919,0.862,0.937,0.865,1.0,0.948,0.869,0.878,0.873,0.88,0.877,0.881,0.879,0.882,0.868,0.879,0.874,0.89,0.941,0.887,0.876,0.916,0.884,0.02,0.88,0.865,0.91,0.878,0.888,0.92,0.874,0.934,0.879,0.884,0.934,0.931,0.872,0.87,0.87,0.913,0.883
0.882,0.879,0.868,0.937,0.874,0.88,0.864,0.919,0.891,0.905,0.851,0.956,0.862,0.948,1.0,0.857,0.875,0.869,0.878,0.865,0.871,0.875,0.878,0.861,0.872,0.871,0.884,0.923,0.884,0.868,0.922,0.882,0.019,0.885,0.857,0.902,0.866,0.882,0.915,0.871,0.929,0.885,0.881,0.929,0.928,0.884,0.877,0.877,0.917,0.888
0.902,0.903,0.873,0.87,0.902,0.906,0.982,0.871,0.883,0.871,0.881,0.868,0.893,0.869,0.857,1.0,0.899,0.908,0.899,0.981,0.91,0.908,0.91,0.902,0.892,0.901,0.907,0.872,0.886,0.899,0.865,0.897,0.017,0.911,0.897,0.876,0.982,0.895,0.88,0.897,0.868,0.902,0.906,0.867,0.862,0.874,0.892,0.892,0.863,0.88
0.899,0.93,0.88,0.88,0.911,0.924,0.906,0.89,0.894,0.872,0.892,0.881,0.897,0.878,0.875,0.899,1.0,0.916,0.912,0.903,0.913,0.917,0.92,0.929,0.922,0.932,0.911,0.882,0.888,0.895,0.877,0.922,0.017,0.92,0.907,0.895,0.906,0.907,0.884,0.908,0.88,0.911,0.913,0.882,0.882,0.881,0.91,0.91,0.875,0.888
0.894,0.911,0.878,0.873,0.923,0.907,0.91,0.885,0.881,0.876,0.908,0.872,0.922,0.873,0.869,0.908,0.916,1.0,0.938,0.906,0.935,0.939,0.939,0.913,0.902,0.918,0.926,0.882,0.894,0.898,0.878,0.926,0.017,0.931,0.903,0.884,0.908,0.925,0.881,0.932,0.876,0.906,0.93,0.875,0.873,0.878,0.897,0.897,0.867,0.895
0.898,0.912,0.883,0.88,0.915,0.914,0.905,0.893,0.89,0.871,0.899,0.88,0.916,0.88,0.878,0.899,0.912,0.938,1.0,0.904,0.937,0.942,0.939,0.907,0.913,0.911,0.928,0.88,0.891,0.893,0.883,0.929,0.019,0.934,0.899,0.889,0.905,0.923,0.893,0.925,0.883,0.922,0.923,0.879,0.877,0.889,0.902,0.902,0.882,0.891
0.896,0.902,0.878,0.875,0.894,0.905,0.994,0.878,0.887,0.866,0.875,0.874,0.885,0.877,0.865,0.981,0.903,0.906,0.904,1.0,0.916,0.903,0.915,0.898,0.896,0.903,0.912,0.875,0.882,0.893,0.875,0.907,0.019,0.917,0.889,0.879,0.997,0.897,0.886,0.893,0.875,0.905,0.903,0.875,0.87,0.881,0.896,0.896,0.871,0.878
0.896,0.914,0.879,0.883,0.921,0.912,0.92,0.885,0.89,0.875,0.905,0.875,0.917,0.881,0.871,0.91,0.913,0.935,0.937,0.916,1.0,0.938,0.945,0.911,0.903,0.914,0.934,0.885,0.883,0.897,0.879,0.936,0.018,0.94,0.903,0.89,0.918,0.925,0.89,0.931,0.877,0.919,0.929,0.88,0.876,0.881,0.906,0.906,0.871,0.89
0.901,0.908,0.879,0.883,0.922,0.912,0.906,0.887,0.89,0.88,0.908,0.879,0.933,0.879,0.875,0.908,0.917,0.939,0.942,0.903,0.938,1.0,0.972,0.921,0.904,0.913,0.935,0.885,0.897,0.906,0.878,0.93,0.018,0.955,0.904,0.884,0.904,0.933,0.884,0.936,0.881,0.916,0.94,0.878,0.873,0.882,0.905,0.905,0.868,0.899
0.902,0.915,0.888,0.885,0.923,0.915,0.918,0.886,0.892,0.874,0.907,0.882,0.929,0.882,0.878,0.91,0.92,0.939,0.939,0.915,0.945,0.972,1.0,0.919,0.909,0.915,0.942,0.882,0.892,0.902,0.885,0.937,0.016,0.966,0.904,0.885,0.917,0.936,0.89,0.931,0.882,0.921,0.939,0.881,0.877,0.888,0.909,0.909,0.868,0.896
0.902,0.938,0.87,0.869,0.921,0.932,0.904,0.874,0.885,0.891,0.914,0.867,0.927,0.868,0.861,0.902,0.929,0.913,0.907,0.898,0.911,0.921,0.919,1.0,0.931,0.931,0.918,0.873,0.896,0.903,0.867,0.919,0.017,0.914,0.953,0.878,0.901,0.908,0.875,0.921,0.868,0.921,0.923,0.864,0.86,0.876,0.906,0.906,0.867,0.894
0.891,0.935,0.886,0.881,0.911,0.939,0.895,0.877,0.892,0.872,0.888,0.873,0.891,0.879,0.872,0.892,0.922,0.902,0.913,0.896,0.903,0.904,0.909,0.931,1.0,0.93,0.912,0.871,0.882,0.888,0.885,0.917,0.016,0.911,0.924,0.881,0.896,0.906,0.893,0.908,0.882,0.919,0.905,0.876,0.876,0.888,0.909,0.909,0.885,0.887
0.9,0.924,0.878,0.871,0.917,0.916,0.908,0.879,0.891,0.876,0.894,0.874,0.902,0.874,0.871,0.901,0.932,0.918,0.911,0.903,0.914,0.913,0.915,0.931,0.93,1.0,0.917,0.878,0.889,0.901,0.873,0.922,0.018,0.914,0.916,0.883,0.905,0.912,0.878,0.918,0.87,0.923,0.918,0.873,0.87,0.881,0.908,0.908,0.879,0.895
0.901,0.911,0.874,0.885,0.925,0.909,0.917,0.894,0.902,0.883,0.907,0.878,0.923,0.89,0.884,0.907,0.911,0.926,0.928,0.912,0.934,0.935,0.942,0.918,0.912,0.917,1.0,0.887,0.891,0.901,0.888,0.936,0.017,0.936,0.901,0.888,0.915,0.947,0.884,0.935,0.879,0.917,0.955,0.88,0.878,0.888,0.903,0.903,0.871,0.897
0.886,0.883,0.867,0.942,0.879,0.885,0.878,0.967,0.886,0.926,0.862,0.929,0.874,0.941,0.923,0.872,0.882,0.882,0.88,0.875,0.885,0.885,0.882,0.873,0.871,0.878,0.887,1.0,0.883,0.884,0.915,0.888,0.02,0.879,0.863,0.903,0.876,0.894,0.918,0.884,0.93,0.881,0.886,0.981,0.97,0.873,0.87,0.87,0.917,0.886
0.909,0.89,0.879,0.888,0.905,0.89,0.883,0.883,0.9,0.893,0.877,0.887,0.891,0.887,0.884,0.886,0.888,0.894,0.891,0.882,0.883,0.897,0.892,0.896,0.882,0.889,0.891,0.883,1.0,0.899,0.879,0.891,0.02,0.89,0.882,0.886,0.884,0.898,0.887,0.898,0.887,0.888,0.897,0.877,0.874,0.906,0.883,0.883,0.871,0.947
0.913,0.89,0.881,0.879,0.904,0.892,0.896,0.888,0.912,0.882,0.877,0.876,0.896,0.876,0.868,0.899,0.895,0.898,0.893,0.893,0.897,0.906,0.902,0.903,0.888,0.901,0.901,0.884,0.899,1.0,0.87,0.895,0.017,0.897,0.886,0.89,0.894,0.891,0.883,0.905,0.879,0.889,0.903,0.877,0.871,0.881,0.89,0.89,0.873,0.904
0.877,0.884,0.874,0.916,0.88,0.883,0.873,0.917,0.892,0.915,0.854,0.918,0.863,0.916,0.922,0.865,0.877,0.878,0.883,0.875,0.879,0.878,0.885,0.867,0.885,0.873,0.888,0.915,0.879,0.87,1.0,0.89,0.02,0.886,0.856,0.9,0.875,0.884,0.909,0.876,0.955,0.886,0.883,0.922,0.916,0.885,0.878,0.878,0.913,0.876
0.899,0.923,0.88,0.888,0.926,0.922,0.908,0.889,0.895,0.877,0.904,0.877,0.915,0.884,0.882,0.897,0.922,0.926,0.929,0.907,0.936,0.93,0.937,0.919,0.917,0.922,0.936,0.888,0.891,0.895,0.89,1.0,0.018,0.941,0.897,0.889,0.908,0.936,0.89,0.929,0.887,0.925,0.934,0.883,0.882,0.895,0.917,0.917,0.876,0.895
0.019,0.018,0.018,0.02,0.018,0.018,0.019,0.02,0.019,0.02,0.015,0.02,0.016,0.02,0.019,0.017,0.017,0.017,0.019,0.019,0.018,0.018,0.016,0.017,0.016,0.018,0.017,0.02,0.02,0.017,0.02,0.018,1.0,0.019,0.017,0.02,0.019,0.018,0.019,0.017,0.02,0.018,0.018,0.02,0.02,0.021,0.02,0.02,0.019,0.018
0.906,0.919,0.889,0.889,0.927,0.922,0.918,0.889,0.896,0.879,0.902,0.888,0.921,0.88,0.885,0.911,0.92,0.931,0.934,0.917,0.94,0.955,0.966,0.914,0.911,0.914,0.936,0.879,0.89,0.897,0.886,0.941,0.019,1.0,0.905,0.894,0.918,0.936,0.898,0.931,0.886,0.927,0.942,0.883,0.883,0.891,0.913,0.913,0.879,0.89
0.888,0.93,0.867,0.861,0.913,0.928,0.894,0.864,0.872,0.884,0.915,0.859,0.92,0.865,0.857,0.897,0.907,0.903,0.899,0.889,0.903,0.904,0.904,0.953,0.924,0.916,0.901,0.863,0.882,0.886,0.856,0.897,0.017,0.905,1.0,0.873,0.891,0.896,0.874,0.908,0.864,0.911,0.907,0.854,0.853,0.87,0.894,0.894,0.86,0.882
0.892,0.894,0.878,0.916,0.888,0.894,0.881,0.905,0.895,0.902,0.866,0.907,0.866,0.91,0.902,0.876,0.895,0.884,0.889,0.879,0.89,0.884,0.885,0.878,0.881,0.883,0.888,0.903,0.886,0.89,0.9,0.889,0.02,0.894,0.873,1.0,0.881,0.886,0.916,0.881,0.909,0.888,0.89,0.901,0.901,0.882,0.882,0.882,0.904,0.887
0.898,0.904,0.877,0.876,0.895,0.906,0.997,0.88,0.889,0.867,0.875,0.876,0.887,0.878,0.866,0.982,0.906,0.908,0.905,0.997,0.918,0.904,0.917,0.901,0.896,0.905,0.915,0.876,0.884,0.894,0.875,0.908,0.019,0.918,0.891,0.881,1.0,0.899,0.886,0.894,0.874,0.907,0.906,0.875,0.87,0.88,0.896,0.896,0.87,0.88
0.901,0.916,0.876,0.885,0.923,0.912,0.901,0.895,0.896,0.88,0.903,0.884,0.928,0.888,0.882,0.895,0.907,0.925,0.923,0.897,0.925,0.933,0.936,0.908,0.906,0.912,0.947,0.894,0.898,0.891,0.884,0.936,0.018,0.936,0.896,0.886,0.899,1.0,0.886,0.936,0.884,0.917,0.952,0.882,0.878,0.887,0.908,0.908,0.879,0.9
0.894,0.884,0.879,0.925,0.88,0.9,0.884,0.92,0.896,0.911,0.861,0.922,0.874,0.92,0.915,0.88,0.884,0.881,0.893,0.886,0.89,0.884,0.89,0.875,0.893,0.878,0.884,0.918,0.887,0.883,0.909,0.89,0.019,0.898,0.874,0.916,0.886,0.886,1.0,0.878,0.916,0.889,0.885,0.919,0.918,0.88,0.881,0.881,0.91,0.887
0.898,0.911,0.878,0.872,0.931,0.912,0.897,0.887,0.889,0.886,0.911,0.875,0.935,0.874,0.871,0.897,0.908,0.932,0.925,0.893,0.931,0.936,0.931,0.921,0.908,0.918,0.935,0.884,0.898,0.905,0.876,0.929,0.017,0.931,0.908,0.881,0.894,0.936,0.878,1.0,0.88,0.916,0.941,0.873,0.869,0.886,0.909,0.909,0.874,0.905
0.883,0.883,0.878,0.93,0.877,0.885,0.872,0.925,0.895,0.921,0.857,0.923,0.866,0.934,0.929,0.868,0.88,0.876,0.883,0.875,0.877,0.881,0.882,0.868,0.882,0.87,0.879,0.93,0.887,0.879,0.955,0.887,0.02,0.886,0.864,0.909,0.874,0.884,0.916,0.88,1.0,0.885,0.881,0.93,0.927,0.884,0.882,0.882,0.918,0.887
0.9,0.922,0.893,0.881,0.918,0.925,0.907,0.883,0.902,0.879,0.894,0.883,0.905,0.879,0.885,0.902,0.911,0.906,0.922,0.905,0.919,0.916,0.921,0.921,0.919,0.923,0.917,0.881,0.888,0.889,0.886,0.925,0.018,0.927,0.911,0.888,0.907,0.917,0.889,0.916,0.885,1.0,0.924,0.881,0.877,0.886,0.928,0.928,0.883,0.886
0.906,0.913,0.878,0.886,0.927,0.917,0.908,0.89,0.897,0.883,0.907,0.884,0.93,0.884,0.881,0.906,0.913,0.93,0.923,0.903,0.929,0.94,0.939,0.923,0.905,0.918,0.955,0.886,0.897,0.903,0.883,0.934,0.018,0.942,0.907,0.89,0.906,0.952,0.885,0.941,0.881,0.924,1.0,0.876,0.872,0.885,0.9,0.9,0.873,0.904
0.881,0.884,0.874,0.941,0.87,0.884,0.874,0.961,0.888,0.913,0.851,0.936,0.863,0.934,0.929,0.867,0.882,0.875,0.879,0.875,0.88,0.878,0.881,0.864,0.876,0.873,0.88,0.981,0.877,0.877,0.922,0.883,0.02,0.883,0.854,0.901,0.875,0.882,0.919,0.873,0.93,0.881,0.876,1.0,0.984,0.879,0.871,0.871,0.927,0.874
0.88,0.883,0.87,0.936,0.869,0.881,0.869,0.954,0.884,0.913,0.849,0.934,0.858,0.931,0.928,0.862,0.882,0.873,0.877,0.87,0.876,0.873,0.877,0.86,0.876,0.87,0.878,0.97,0.874,0.871,0.916,0.882,0.02,0.883,0.853,0.901,0.87,0.878,0.918,0.869,0.927,0.877,0.872,0.984,1.0,0.884,0.868,0.868,0.923,0.869
0.891,0.891,0.886,0.879,0.887,0.893,0.878,0.873,0.899,0.868,0.865,0.882,0.875,0.872,0.884,0.874,0.881,0.878,0.889,0.881,0.881,0.882,0.888,0.876,0.888,0.881,0.888,0.873,0.906,0.881,0.885,0.895,0.021,0.891,0.87,0.882,0.88,0.887,0.88,0.886,0.884,0.886,0.885,0.879,0.884,1.0,0.897,0.897,0.877,0.921
0.896,0.907,0.884,0.877,0.905,0.917,0.896,0.872,0.9,0.863,0.883,0.88,0.891,0.87,0.877,0.892,0.91,0.897,0.902,0.896,0.906,0.905,0.909,0.906,0.909,0.908,0.903,0.87,0.883,0.89,0.878,0.917,0.02,0.913,0.894,0.882,0.896,0.908,0.881,0.909,0.882,0.928,0.9,0.871,0.868,0.897,1.0,1.0,0.874,0.89
0.896,0.907,0.884,0.877,0.905,0.917,0.896,0.872,0.9,0.863,0.883,0.88,0.891,0.87,0.877,0.892,0.91,0.897,0.902,0.896,0.906,0.905,0.909,0.906,0.909,0.908,0.903,0.87,0.883,0.89,0.878,0.917,0.02,0.913,0.894,0.882,0.896,0.908,0.881,0.909,0.882,0.928,0.9,0.871,0.868,0.897,1.0,1.0,0.874,0.89
0.878,0.885,0.882,0.913,0.87,0.886,0.869,0.919,0.885,0.901,0.851,0.918,0.855,0.913,0.917,0.863,0.875,0.867,0.882,0.871,0.871,0.868,0.868,0.867,0.885,0.879,0.871,0.917,0.871,0.873,0.913,0.876,0.019,0.879,0.86,0.904,0.87,0.879,0.91,0.874,0.918,0.883,0.873,0.927,0.923,0.877,0.874,0.874,1.0,0.871
0.9,0.895,0.881,0.883,0.897,0.894,0.881,0.88,0.902,0.887,0.869,0.883,0.891,0.883,0.888,0.88,0.888,0.895,0.891,0.878,0.89,0.899,0.896,0.894,0.887,0.895,0.897,0.886,0.947,0.904,0.876,0.895,0.018,0.89,0.882,0.887,0.88,0.9,0.887,0.905,0.887,0.886,0.904,0.874,0.869,0.921,0.89,0.89,0.871,1.0
