GCF_000163235.1_ASM16323v1_genomic.fna,GCF_000164555.1_ASM16455v1_genomic.fna,GCF_000208545.1_ASM20854v2_genomic.fna,GCF_000233875.1_ASM23387v1_genomic.fna,GCF_000249735.1_ASM24973v2_genomic.fna,GCF_000261145.1_Esch_coli_M919_V2_genomic.fna,GCF_000267705.2_ASM26770v2_genomic.fna,GCF_000350665.1_Esch_coli_KTE5_V1_genomic.fna,GCF_000351625.1_Esch_coli_KTE66_V1_genomic.fna,GCF_000352285.1_Esch_coli_KTE46_V1_genomic.fna,GCF_000358895.1_ASM35889v1_genomic.fna,GCF_000456385.1_Esch_coli_HVH_26_4-5703913_V1_genomic.fna,GCF_000458195.1_Esch_coli_HVH_147_4-5893887_V1_genomic.fna,GCF_000459755.1_Esch_coli_KOEGE_58_171a_V1_genomic.fna,GCF_000460055.1_Esch_coli_UMEA_3053-1_V1_genomic.fna,GCF_000462165.2_ASM46216v2_genomic.fna,GCF_000601135.1_ASM60113v1_genomic.fna,GCF_000614595.1_Ec2010EL1058_genomic.fna,GCF_000617745.1_Ec2010C-4529_genomic.fna,GCF_000618265.2_EcF6751_genomic.fna,GCF_000619005.2_Ec2009C-4052_genomic.fna,GCF_000619105.1_Ec2009C-4780_genomic.fna,GCF_000619765.2_Ec2009C-3279_genomic.fna,GCF_000687005.1_ASM68700v1_genomic.fna,GCF_000687025.1_ASM68702v1_genomic.fna,GCF_000700125.1_ASM70012v1_genomic.fna,GCF_000753315.1_FHI35_genomic.fna,GCF_000776375.1_ASM77637v1_genomic.fna,GCF_000779395.1_ASM77939v1_genomic.fna,GCF_000780315.1_ASM78031v1_genomic.fna,GCF_000781995.1_ASM78199v1_genomic.fna,GCF_000986765.1_ASM98676v1_genomic.fna,GCF_001041375.1_ViralProj287958_genomic.fna,GCF_001265335.1_302014_genomic.fna,GCF_001265625.1_100854_genomic.fna,GCF_001267345.1_303289_genomic.fna,GCF_001309985.1_ASM130998v1_genomic.fna,GCF_001521695.1_ASM152169v1_genomic.fna,GCF_001592595.1_ASM159259v1_genomic.fna,GCF_001614975.1_ASM161497v1_genomic.fna,GCF_001692775.1_ASM169277v1_genomic.fna,GCF_001748915.1_ASM174891v1_genomic.fna,GCF_001749235.1_ASM174923v1_genomic.fna,GCF_001881155.1_ASM188115v1_genomic.fna,GCF_001881345.1_ASM188134v1_genomic.fna,GCF_001892405.1_ASM189240v1_genomic.fna,GCF_001892585.1_ASM189258v1_genomic.fna,GCF_001893985.1_ASM189398v1_genomic.fna,GCF_002001595.1_ASM200159v1_genomic.fna,GCF_002002145.1_ASM200214v1_genomic.fna
1.0,0.911,0.899,0.889,0.91,0.905,0.905,0.902,0.91,0.897,0.879,0.901,0.901,0.901,0.898,0.904,0.914,0.902,0.901,0.903,0.901,0.9,0.912,0.911,0.912,0.91,0.907,0.905,0.911,0.923,0.898,0.914,0.016,0.904,0.888,0.891,0.903,0.91,0.898,0.904,0.904,0.908,0.904,0.901,0.902,0.885,0.902,0.902,0.896,0.905
0.911,1.0,0.882,0.88,0.909,0.933,0.895,0.886,0.878,0.875,0.878,0.88,0.9,0.893,0.879,0.897,0.931,0.906,0.902,0.898,0.915,0.908,0.912,0.933,0.937,0.919,0.906,0.892,0.899,0.901,0.888,0.916,0.016,0.915,0.915,0.875,0.895,0.917,0.899,0.907,0.893,0.923,0.908,0.898,0.904,0.885,0.923,0.923,0.879,0.883
0.899,0.882,1.0,0.873,0.881,0.884,0.879,0.889,0.884,0.865,0.856,0.878,0.89,0.885,0.877,0.884,0.888,0.887,0.884,0.878,0.886,0.884,0.891,0.885,0.885,0.879,0.885,0.892,0.896,0.886,0.878,0.889,0.017,0.89,0.863,0.873,0.878,0.886,0.886,0.885,0.884,0.896,0.894,0.89,0.885,0.869,0.89,0.891,0.873,0.882
0.889,0.88,0.873,1.0,0.894,0.88,0.878,0.928,0.888,0.925,0.863,0.934,0.885,0.939,0.937,0.878,0.883,0.886,0.889,0.874,0.875,0.888,0.893,0.889,0.881,0.885,0.885,0.934,0.9,0.873,0.926,0.888,0.018,0.877,0.876,0.904,0.877,0.89,0.908,0.89,0.927,0.881,0.882,0.928,0.928,0.868,0.874,0.875,0.919,0.899
0.91,0.909,0.881,0.894,1.0,0.919,0.912,0.893,0.888,0.884,0.911,0.9,0.923,0.89,0.892,0.916,0.926,0.917,0.914,0.91,0.915,0.921,0.929,0.92,0.92,0.918,0.924,0.895,0.901,0.891,0.888,0.937,0.017,0.932,0.897,0.884,0.911,0.937,0.895,0.926,0.893,0.921,0.929,0.893,0.89,0.874,0.917,0.918,0.891,0.892
0.905,0.933,0.884,0.88,0.919,1.0,0.915,0.883,0.89,0.866,0.886,0.876,0.914,0.892,0.879,0.914,0.93,0.917,0.913,0.911,0.916,0.911,0.915,0.932,0.937,0.919,0.91,0.89,0.899,0.898,0.882,0.914,0.016,0.923,0.917,0.881,0.913,0.917,0.891,0.915,0.89,0.927,0.913,0.89,0.886,0.876,0.928,0.928,0.882,0.89
0.905,0.895,0.879,0.878,0.912,0.915,1.0,0.88,0.883,0.874,0.887,0.881,0.9,0.885,0.878,0.986,0.907,0.915,0.915,0.994,0.921,0.914,0.919,0.905,0.905,0.899,0.91,0.891,0.88,0.897,0.879,0.915,0.017,0.908,0.888,0.88,0.997,0.906,0.889,0.91,0.887,0.912,0.916,0.891,0.889,0.873,0.894,0.894,0.885,0.876
0.902,0.886,0.889,0.928,0.893,0.883,0.88,1.0,0.894,0.925,0.864,0.927,0.889,0.933,0.927,0.882,0.894,0.891,0.887,0.876,0.887,0.89,0.899,0.891,0.882,0.887,0.892,0.968,0.907,0.888,0.928,0.893,0.018,0.887,0.871,0.907,0.878,0.895,0.92,0.889,0.917,0.881,0.891,0.963,0.958,0.874,0.882,0.883,0.923,0.896
0.91,0.878,0.884,0.888,0.888,0.89,0.883,0.894,1.0,0.894,0.884,0.898,0.898,0.882,0.896,0.883,0.89,0.886,0.893,0.881,0.878,0.893,0.896,0.895,0.887,0.883,0.893,0.886,0.892,0.905,0.89,0.889,0.016,0.879,0.89,0.894,0.882,0.891,0.882,0.898,0.884,0.887,0.895,0.883,0.879,0.863,0.879,0.88,0.885,0.905
0.897,0.875,0.865,0.925,0.884,0.866,0.874,0.925,0.894,1.0,0.864,0.926,0.883,0.914,0.916,0.873,0.872,0.877,0.884,0.869,0.867,0.884,0.885,0.88,0.87,0.88,0.879,0.918,0.893,0.876,0.922,0.876,0.016,0.875,0.874,0.912,0.872,0.885,0.909,0.879,0.913,0.865,0.872,0.912,0.913,0.859,0.87,0.871,0.915,0.899
0.879,0.878,0.856,0.863,0.911,0.886,0.887,0.864,0.884,0.864,1.0,0.874,0.927,0.856,0.867,0.89,0.888,0.902,0.915,0.885,0.896,0.915,0.91,0.904,0.889,0.891,0.909,0.865,0.867,0.869,0.864,0.909,0.017,0.898,0.91,0.862,0.886,0.908,0.855,0.917,0.862,0.892,0.907,0.862,0.857,0.841,0.876,0.877,0.856,0.878
0.901,0.88,0.878,0.934,0.9,0.876,0.881,0.927,0.898,0.926,0.874,1.0,0.893,0.929,0.963,0.881,0.889,0.883,0.888,0.877,0.877,0.889,0.889,0.895,0.878,0.885,0.887,0.927,0.899,0.88,0.914,0.889,0.018,0.883,0.88,0.906,0.879,0.895,0.913,0.894,0.917,0.879,0.886,0.919,0.919,0.86,0.873,0.874,0.916,0.901
0.901,0.9,0.89,0.885,0.923,0.914,0.9,0.889,0.898,0.883,0.927,0.893,1.0,0.877,0.886,0.902,0.91,0.927,0.941,0.898,0.918,0.946,0.941,0.922,0.911,0.917,0.935,0.886,0.889,0.891,0.886,0.929,0.017,0.933,0.908,0.883,0.9,0.933,0.879,0.944,0.884,0.915,0.922,0.883,0.879,0.861,0.905,0.906,0.883,0.897
0.901,0.893,0.885,0.939,0.89,0.892,0.885,0.933,0.882,0.914,0.856,0.929,0.877,1.0,0.94,0.888,0.885,0.882,0.877,0.881,0.885,0.884,0.894,0.878,0.882,0.879,0.883,0.942,0.909,0.886,0.923,0.886,0.019,0.892,0.867,0.903,0.884,0.893,0.913,0.886,0.934,0.885,0.893,0.938,0.935,0.874,0.882,0.882,0.913,0.898
0.898,0.879,0.877,0.937,0.892,0.879,0.878,0.927,0.896,0.916,0.867,0.963,0.886,0.94,1.0,0.878,0.888,0.882,0.883,0.873,0.883,0.892,0.893,0.89,0.882,0.881,0.885,0.927,0.9,0.877,0.928,0.887,0.018,0.885,0.87,0.909,0.877,0.89,0.911,0.894,0.926,0.875,0.886,0.92,0.92,0.859,0.88,0.881,0.918,0.901
0.904,0.897,0.884,0.878,0.916,0.914,0.986,0.882,0.883,0.873,0.89,0.881,0.902,0.888,0.878,1.0,0.904,0.918,0.918,0.984,0.918,0.916,0.92,0.905,0.907,0.898,0.909,0.891,0.879,0.896,0.881,0.915,0.017,0.909,0.89,0.883,0.985,0.908,0.887,0.911,0.888,0.915,0.92,0.891,0.888,0.869,0.897,0.897,0.884,0.877
0.914,0.931,0.888,0.883,0.926,0.93,0.907,0.894,0.89,0.872,0.888,0.889,0.91,0.885,0.888,0.904,1.0,0.905,0.903,0.904,0.913,0.913,0.915,0.93,0.927,0.924,0.908,0.895,0.897,0.894,0.885,0.933,0.019,0.922,0.907,0.885,0.906,0.914,0.894,0.912,0.895,0.921,0.914,0.896,0.894,0.875,0.925,0.925,0.885,0.886
0.902,0.906,0.887,0.886,0.917,0.917,0.915,0.891,0.886,0.877,0.902,0.883,0.927,0.882,0.882,0.918,0.905,1.0,0.936,0.913,0.927,0.934,0.939,0.913,0.917,0.912,0.934,0.892,0.889,0.891,0.894,0.932,0.018,0.919,0.894,0.895,0.914,0.922,0.889,0.925,0.889,0.916,0.926,0.891,0.887,0.866,0.908,0.908,0.887,0.89
0.901,0.902,0.884,0.889,0.914,0.913,0.915,0.887,0.893,0.884,0.915,0.888,0.941,0.877,0.883,0.918,0.903,0.936,1.0,0.912,0.917,0.942,0.937,0.921,0.916,0.91,0.926,0.881,0.885,0.887,0.88,0.928,0.016,0.919,0.913,0.882,0.914,0.922,0.877,0.935,0.875,0.912,0.917,0.88,0.878,0.859,0.903,0.904,0.875,0.897
0.903,0.898,0.878,0.874,0.91,0.911,0.994,0.876,0.881,0.869,0.885,0.877,0.898,0.881,0.873,0.984,0.904,0.913,0.912,1.0,0.924,0.91,0.915,0.902,0.903,0.894,0.906,0.888,0.877,0.9,0.875,0.914,0.017,0.907,0.884,0.878,0.996,0.904,0.891,0.908,0.884,0.909,0.914,0.892,0.891,0.873,0.891,0.891,0.881,0.873
0.901,0.915,0.886,0.875,0.915,0.916,0.921,0.887,0.878,0.867,0.896,0.877,0.918,0.885,0.883,0.918,0.913,0.927,0.917,0.924,1.0,0.93,0.937,0.909,0.91,0.906,0.922,0.892,0.89,0.909,0.883,0.926,0.017,0.929,0.884,0.882,0.922,0.921,0.896,0.926,0.893,0.908,0.924,0.897,0.898,0.883,0.907,0.907,0.88,0.886
0.9,0.908,0.884,0.888,0.921,0.911,0.914,0.89,0.893,0.884,0.915,0.889,0.946,0.884,0.892,0.916,0.913,0.934,0.942,0.91,0.93,1.0,0.976,0.929,0.914,0.913,0.933,0.886,0.891,0.888,0.892,0.936,0.018,0.943,0.903,0.889,0.913,0.932,0.883,0.943,0.89,0.917,0.929,0.886,0.883,0.863,0.905,0.906,0.883,0.891
0.912,0.912,0.891,0.893,0.929,0.915,0.919,0.899,0.896,0.885,0.91,0.889,0.941,0.894,0.893,0.92,0.915,0.939,0.937,0.915,0.937,0.976,1.0,0.922,0.914,0.916,0.936,0.895,0.897,0.896,0.9,0.943,0.018,0.949,0.898,0.89,0.917,0.939,0.89,0.939,0.898,0.923,0.933,0.895,0.894,0.87,0.908,0.909,0.894,0.89
0.911,0.933,0.885,0.889,0.92,0.932,0.905,0.891,0.895,0.88,0.904,0.895,0.922,0.878,0.89,0.905,0.93,0.913,0.921,0.902,0.909,0.929,0.922,1.0,0.941,0.928,0.917,0.891,0.9,0.888,0.881,0.927,0.017,0.912,0.934,0.885,0.903,0.926,0.88,0.926,0.881,0.923,0.915,0.886,0.887,0.868,0.921,0.922,0.88,0.899
0.912,0.937,0.885,0.881,0.92,0.937,0.905,0.882,0.887,0.87,0.889,0.878,0.911,0.882,0.882,0.907,0.927,0.917,0.916,0.903,0.91,0.914,0.914,0.941,1.0,0.935,0.92,0.887,0.892,0.893,0.888,0.927,0.017,0.912,0.923,0.878,0.904,0.92,0.885,0.921,0.887,0.93,0.911,0.885,0.882,0.867,0.919,0.92,0.879,0.889
0.91,0.919,0.879,0.885,0.918,0.919,0.899,0.887,0.883,0.88,0.891,0.885,0.917,0.879,0.881,0.898,0.924,0.912,0.91,0.894,0.906,0.913,0.916,0.928,0.935,1.0,0.918,0.882,0.895,0.888,0.886,0.916,0.016,0.905,0.915,0.884,0.897,0.918,0.878,0.915,0.878,0.919,0.907,0.879,0.88,0.869,0.92,0.921,0.887,0.889
0.907,0.906,0.885,0.885,0.924,0.91,0.91,0.892,0.893,0.879,0.909,0.887,0.935,0.883,0.885,0.909,0.908,0.934,0.926,0.906,0.922,0.933,0.936,0.917,0.92,0.918,1.0,0.889,0.897,0.893,0.893,0.937,0.017,0.923,0.895,0.885,0.909,0.953,0.887,0.933,0.888,0.918,0.945,0.888,0.882,0.865,0.899,0.9,0.884,0.894
0.905,0.892,0.892,0.934,0.895,0.89,0.891,0.968,0.886,0.918,0.865,0.927,0.886,0.942,0.927,0.891,0.895,0.892,0.881,0.888,0.892,0.886,0.895,0.891,0.887,0.882,0.889,1.0,0.909,0.889,0.921,0.892,0.018,0.891,0.867,0.901,0.889,0.894,0.915,0.887,0.929,0.888,0.898,0.991,0.982,0.876,0.88,0.88,0.914,0.896
0.911,0.899,0.896,0.9,0.901,0.899,0.88,0.907,0.892,0.893,0.867,0.899,0.889,0.909,0.9,0.879,0.897,0.889,0.885,0.877,0.89,0.891,0.897,0.9,0.892,0.895,0.897,0.909,1.0,0.892,0.909,0.902,0.018,0.895,0.874,0.894,0.878,0.899,0.902,0.893,0.899,0.893,0.894,0.903,0.901,0.883,0.888,0.889,0.901,0.947
0.923,0.901,0.886,0.873,0.891,0.898,0.897,0.888,0.905,0.876,0.869,0.88,0.891,0.886,0.877,0.896,0.894,0.891,0.887,0.9,0.909,0.888,0.896,0.888,0.893,0.888,0.893,0.889,0.892,1.0,0.883,0.891,0.018,0.895,0.871,0.879,0.897,0.892,0.894,0.903,0.897,0.898,0.894,0.895,0.895,0.889,0.89,0.89,0.876,0.889
0.898,0.888,0.878,0.926,0.888,0.882,0.879,0.928,0.89,0.922,0.864,0.914,0.886,0.923,0.928,0.881,0.885,0.894,0.88,0.875,0.883,0.892,0.9,0.881,0.888,0.886,0.893,0.921,0.909,0.883,1.0,0.892,0.016,0.888,0.867,0.913,0.878,0.895,0.913,0.887,0.951,0.881,0.883,0.915,0.915,0.866,0.878,0.879,0.925,0.898
0.914,0.916,0.889,0.888,0.937,0.914,0.915,0.893,0.889,0.876,0.909,0.889,0.929,0.886,0.887,0.915,0.933,0.932,0.928,0.914,0.926,0.936,0.943,0.927,0.927,0.916,0.937,0.892,0.902,0.891,0.892,1.0,0.016,0.93,0.899,0.89,0.913,0.944,0.891,0.932,0.891,0.918,0.937,0.891,0.887,0.869,0.913,0.914,0.886,0.89
0.016,0.016,0.017,0.018,0.017,0.016,0.017,0.018,0.016,0.016,0.017,0.018,0.017,0.019,0.018,0.017,0.019,0.018,0.016,0.017,0.017,0.018,0.018,0.017,0.017,0.016,0.017,0.018,0.018,0.018,0.016,0.016,1.0,0.017,0.017,0.015,0.017,0.018,0.018,0.018,0.016,0.016,0.017,0.018,0.018,0.017,0.015,0.015,0.018,0.019
0.904,0.915,0.89,0.877,0.932,0.923,0.908,0.887,0.879,0.875,0.898,0.883,0.933,0.892,0.885,0.909,0.922,0.919,0.919,0.907,0.929,0.943,0.949,0.912,0.912,0.905,0.923,0.891,0.895,0.895,0.888,0.93,0.017,1.0,0.89,0.888,0.909,0.932,0.899,0.923,0.902,0.916,0.929,0.894,0.891,0.868,0.903,0.903,0.88,0.883
0.888,0.915,0.863,0.876,0.897,0.917,0.888,0.871,0.89,0.874,0.91,0.88,0.908,0.867,0.87,0.89,0.907,0.894,0.913,0.884,0.884,0.903,0.898,0.934,0.923,0.915,0.895,0.867,0.874,0.871,0.867,0.899,0.017,0.89,1.0,0.865,0.886,0.904,0.858,0.907,0.864,0.907,0.893,0.862,0.863,0.848,0.899,0.9,0.857,0.884
0.891,0.875,0.873,0.904,0.884,0.881,0.88,0.907,0.894,0.912,0.862,0.906,0.883,0.903,0.909,0.883,0.885,0.895,0.882,0.878,0.882,0.889,0.89,0.885,0.878,0.884,0.885,0.901,0.894,0.879,0.913,0.89,0.015,0.888,0.865,1.0,0.879,0.881,0.92,0.887,0.903,0.872,0.879,0.898,0.899,0.861,0.876,0.877,0.91,0.894
0.903,0.895,0.878,0.877,0.911,0.913,0.997,0.878,0.882,0.872,0.886,0.879,0.9,0.884,0.877,0.985,0.906,0.914,0.914,0.996,0.922,0.913,0.917,0.903,0.904,0.897,0.909,0.889,0.878,0.897,0.878,0.913,0.017,0.909,0.886,0.879,1.0,0.905,0.89,0.909,0.887,0.91,0.915,0.891,0.889,0.874,0.893,0.893,0.884,0.874
0.91,0.917,0.886,0.89,0.937,0.917,0.906,0.895,0.891,0.885,0.908,0.895,0.933,0.893,0.89,0.908,0.914,0.922,0.922,0.904,0.921,0.932,0.939,0.926,0.92,0.918,0.953,0.894,0.899,0.892,0.895,0.944,0.018,0.932,0.904,0.881,0.905,1.0,0.889,0.937,0.897,0.923,0.948,0.894,0.883,0.868,0.911,0.912,0.885,0.895
0.898,0.899,0.886,0.908,0.895,0.891,0.889,0.92,0.882,0.909,0.855,0.913,0.879,0.913,0.911,0.887,0.894,0.889,0.877,0.891,0.896,0.883,0.89,0.88,0.885,0.878,0.887,0.915,0.902,0.894,0.913,0.891,0.018,0.899,0.858,0.92,0.89,0.889,1.0,0.883,0.917,0.881,0.886,0.921,0.922,0.878,0.882,0.882,0.917,0.89
0.904,0.907,0.885,0.89,0.926,0.915,0.91,0.889,0.898,0.879,0.917,0.894,0.944,0.886,0.894,0.911,0.912,0.925,0.935,0.908,0.926,0.943,0.939,0.926,0.921,0.915,0.933,0.887,0.893,0.903,0.887,0.932,0.018,0.923,0.907,0.887,0.909,0.937,0.883,1.0,0.885,0.916,0.927,0.885,0.881,0.871,0.916,0.917,0.879,0.902
0.904,0.893,0.884,0.927,0.893,0.89,0.887,0.917,0.884,0.913,0.862,0.917,0.884,0.934,0.926,0.888,0.895,0.889,0.875,0.884,0.893,0.89,0.898,0.881,0.887,0.878,0.888,0.929,0.899,0.897,0.951,0.891,0.016,0.902,0.864,0.903,0.887,0.897,0.917,0.885,1.0,0.892,0.89,0.929,0.926,0.877,0.879,0.879,0.915,0.889
0.908,0.923,0.896,0.881,0.921,0.927,0.912,0.881,0.887,0.865,0.892,0.879,0.915,0.885,0.875,0.915,0.921,0.916,0.912,0.909,0.908,0.917,0.923,0.923,0.93,0.919,0.918,0.888,0.893,0.898,0.881,0.918,0.016,0.916,0.907,0.872,0.91,0.923,0.881,0.916,0.892,1.0,0.925,0.886,0.883,0.865,0.928,0.928,0.875,0.884
0.904,0.908,0.894,0.882,0.929,0.913,0.916,0.891,0.895,0.872,0.907,0.886,0.922,0.893,0.886,0.92,0.914,0.926,0.917,0.914,0.924,0.929,0.933,0.915,0.911,0.907,0.945,0.898,0.894,0.894,0.883,0.937,0.017,0.929,0.893,0.879,0.915,0.948,0.886,0.927,0.89,0.925,1.0,0.898,0.892,0.879,0.913,0.912,0.876,0.892
0.901,0.898,0.89,0.928,0.893,0.89,0.891,0.963,0.883,0.912,0.862,0.919,0.883,0.938,0.92,0.891,0.896,0.891,0.88,0.892,0.897,0.886,0.895,0.886,0.885,0.879,0.888,0.991,0.903,0.895,0.915,0.891,0.018,0.894,0.862,0.898,0.891,0.894,0.921,0.885,0.929,0.886,0.898,1.0,0.985,0.882,0.878,0.878,0.912,0.891
0.902,0.904,0.885,0.928,0.89,0.886,0.889,0.958,0.879,0.913,0.857,0.919,0.879,0.935,0.92,0.888,0.894,0.887,0.878,0.891,0.898,0.883,0.894,0.887,0.882,0.88,0.882,0.982,0.901,0.895,0.915,0.887,0.018,0.891,0.863,0.899,0.889,0.883,0.922,0.881,0.926,0.883,0.892,0.985,1.0,0.883,0.879,0.879,0.91,0.887
0.885,0.885,0.869,0.868,0.874,0.876,0.873,0.874,0.863,0.859,0.841,0.86,0.861,0.874,0.859,0.869,0.875,0.866,0.859,0.873,0.883,0.863,0.87,0.868,0.867,0.869,0.865,0.876,0.883,0.889,0.866,0.869,0.017,0.868,0.848,0.861,0.874,0.868,0.878,0.871,0.877,0.865,0.879,0.882,0.883,1.0,0.879,0.878,0.864,0.884
0.902,0.923,0.89,0.874,0.917,0.928,0.894,0.882,0.879,0.87,0.876,0.873,0.905,0.882,0.88,0.897,0.925,0.908,0.903,0.891,0.907,0.905,0.908,0.921,0.919,0.92,0.899,0.88,0.888,0.89,0.878,0.913,0.015,0.903,0.899,0.876,0.893,0.911,0.882,0.916,0.879,0.928,0.913,0.878,0.879,0.879,1.0,0.999,0.876,0.886
0.902,0.923,0.891,0.875,0.918,0.928,0.894,0.883,0.88,0.871,0.877,0.874,0.906,0.882,0.881,0.897,0.925,0.908,0.904,0.891,0.907,0.906,0.909,0.922,0.92,0.921,0.9,0.88,0.889,0.89,0.879,0.914,0.015,0.903,0.9,0.877,0.893,0.912,0.882,0.917,0.879,0.928,0.912,0.878,0.879,0.878,0.999,1.0,0.877,0.887
0.896,0.879,0.873,0.919,0.891,0.882,0.885,0.923,0.885,0.915,0.856,0.916,0.883,0.913,0.918,0.884,0.885,0.887,0.875,0.881,0.88,0.883,0.894,0.88,0.879,0.887,0.884,0.914,0.901,0.876,0.925,0.886,0.018,0.88,0.857,0.91,0.884,0.885,0.917,0.879,0.915,0.875,0.876,0.912,0.91,0.864,0.876,0.877,1.0,0.889
0.905,0.883,0.882,0.899,0.892,0.89,0.876,0.896,0.905,0.899,0.878,0.901,0.897,0.898,0.901,0.877,0.886,0.89,0.897,0.873,0.886,0.891,0.89,0.899,0.889,0.889,0.894,0.896,0.947,0.889,0.898,0.89,0.019,0.883,0.884,0.894,0.874,0.895,0.89,0.902,0.889,0.884,0.892,0.891,0.887,0.884,0.886,0.887,0.889,1.0
