GCF_000163235.1_ASM16323v1_genomic.fna,GCF_000164555.1_ASM16455v1_genomic.fna,GCF_000208545.1_ASM20854v2_genomic.fna,GCF_000233875.1_ASM23387v1_genomic.fna,GCF_000249735.1_ASM24973v2_genomic.fna,GCF_000261145.1_Esch_coli_M919_V2_genomic.fna,GCF_000267705.2_ASM26770v2_genomic.fna,GCF_000350665.1_Esch_coli_KTE5_V1_genomic.fna,GCF_000351625.1_Esch_coli_KTE66_V1_genomic.fna,GCF_000352285.1_Esch_coli_KTE46_V1_genomic.fna,GCF_000358895.1_ASM35889v1_genomic.fna,GCF_000456385.1_Esch_coli_HVH_26_4-5703913_V1_genomic.fna,GCF_000458195.1_Esch_coli_HVH_147_4-5893887_V1_genomic.fna,GCF_000459755.1_Esch_coli_KOEGE_58_171a_V1_genomic.fna,GCF_000460055.1_Esch_coli_UMEA_3053-1_V1_genomic.fna,GCF_000462165.2_ASM46216v2_genomic.fna,GCF_000601135.1_ASM60113v1_genomic.fna,GCF_000614595.1_Ec2010EL1058_genomic.fna,GCF_000617745.1_Ec2010C-4529_genomic.fna,GCF_000618265.2_EcF6751_genomic.fna,GCF_000619005.2_Ec2009C-4052_genomic.fna,GCF_000619105.1_Ec2009C-4780_genomic.fna,GCF_000619765.2_Ec2009C-3279_genomic.fna,GCF_000687005.1_ASM68700v1_genomic.fna,GCF_000687025.1_ASM68702v1_genomic.fna,GCF_000700125.1_ASM70012v1_genomic.fna,GCF_000753315.1_FHI35_genomic.fna,GCF_000776375.1_ASM77637v1_genomic.fna,GCF_000779395.1_ASM77939v1_genomic.fna,GCF_000780315.1_ASM78031v1_genomic.fna,GCF_000781995.1_ASM78199v1_genomic.fna,GCF_000986765.1_ASM98676v1_genomic.fna,GCF_001041375.1_ViralProj287958_genomic.fna,GCF_001265335.1_302014_genomic.fna,GCF_001265625.1_100854_genomic.fna,GCF_001267345.1_303289_genomic.fna,GCF_001309985.1_ASM130998v1_genomic.fna,GCF_001521695.1_ASM152169v1_genomic.fna,GCF_001592595.1_ASM159259v1_genomic.fna,GCF_001614975.1_ASM161497v1_genomic.fna,GCF_001692775.1_ASM169277v1_genomic.fna,GCF_001748915.1_ASM174891v1_genomic.fna,GCF_001749235.1_ASM174923v1_genomic.fna,GCF_001881155.1_ASM188115v1_genomic.fna,GCF_001881345.1_ASM188134v1_genomic.fna,GCF_001892405.1_ASM189240v1_genomic.fna,GCF_001892585.1_ASM189258v1_genomic.fna,GCF_001893985.1_ASM189398v1_genomic.fna,GCF_002001595.1_ASM200159v1_genomic.fna,GCF_002002145.1_ASM200214v1_genomic.fna
1.0,0.481,0.379,0.451,0.46,0.466,0.445,0.433,0.586,0.465,0.462,0.454,0.469,0.449,0.438,0.454,0.465,0.459,0.473,0.441,0.453,0.454,0.465,0.476,0.471,0.457,0.471,0.442,0.522,0.58,0.427,0.464,0.0,0.455,0.455,0.446,0.44,0.491,0.434,0.481,0.432,0.458,0.479,0.437,0.451,0.457,0.462,0.46,0.435,0.516
0.481,1.0,0.353,0.426,0.622,0.779,0.52,0.439,0.44,0.431,0.577,0.441,0.595,0.404,0.41,0.526,0.68,0.592,0.59,0.516,0.59,0.594,0.601,0.778,0.798,0.688,0.602,0.431,0.454,0.442,0.411,0.62,0.0,0.591,0.729,0.417,0.515,0.625,0.416,0.609,0.412,0.66,0.608,0.452,0.46,0.405,0.681,0.683,0.426,0.445
0.379,0.353,1.0,0.334,0.34,0.34,0.335,0.342,0.365,0.329,0.332,0.327,0.336,0.327,0.328,0.337,0.334,0.335,0.339,0.335,0.334,0.337,0.345,0.343,0.349,0.331,0.338,0.342,0.381,0.368,0.326,0.345,0.0,0.34,0.326,0.332,0.334,0.342,0.349,0.339,0.337,0.344,0.341,0.353,0.344,0.344,0.348,0.349,0.342,0.379
0.451,0.426,0.334,1.0,0.423,0.413,0.382,0.71,0.428,0.734,0.43,0.712,0.425,0.771,0.764,0.386,0.414,0.417,0.431,0.377,0.404,0.414,0.425,0.418,0.43,0.415,0.425,0.756,0.476,0.428,0.722,0.423,0.0,0.4,0.413,0.64,0.377,0.428,0.66,0.426,0.735,0.42,0.419,0.733,0.734,0.432,0.41,0.409,0.676,0.48
0.46,0.622,0.34,0.423,1.0,0.632,0.524,0.439,0.439,0.423,0.747,0.434,0.697,0.412,0.419,0.544,0.615,0.655,0.665,0.526,0.679,0.686,0.683,0.618,0.621,0.616,0.689,0.426,0.465,0.449,0.418,0.69,0.0,0.674,0.586,0.421,0.523,0.706,0.431,0.697,0.427,0.636,0.708,0.434,0.446,0.405,0.652,0.654,0.411,0.451
0.466,0.779,0.34,0.413,0.632,1.0,0.519,0.435,0.446,0.419,0.597,0.421,0.607,0.409,0.41,0.538,0.681,0.616,0.607,0.516,0.582,0.609,0.612,0.778,0.795,0.674,0.609,0.423,0.456,0.444,0.404,0.609,0.0,0.601,0.737,0.433,0.514,0.635,0.438,0.61,0.417,0.68,0.62,0.429,0.431,0.397,0.697,0.695,0.417,0.459
0.445,0.52,0.335,0.382,0.524,0.519,1.0,0.388,0.433,0.376,0.506,0.386,0.518,0.378,0.383,0.942,0.511,0.56,0.565,0.979,0.566,0.552,0.576,0.522,0.515,0.506,0.537,0.384,0.44,0.444,0.373,0.542,0.0,0.531,0.506,0.415,0.981,0.522,0.403,0.527,0.374,0.518,0.533,0.393,0.397,0.388,0.517,0.518,0.376,0.443
0.433,0.439,0.342,0.71,0.439,0.435,0.388,1.0,0.417,0.702,0.416,0.7,0.42,0.7,0.689,0.395,0.419,0.402,0.422,0.384,0.42,0.422,0.427,0.436,0.436,0.41,0.421,0.892,0.483,0.413,0.698,0.428,0.0,0.409,0.406,0.608,0.383,0.451,0.666,0.431,0.704,0.435,0.434,0.901,0.892,0.424,0.422,0.423,0.653,0.466
0.586,0.44,0.365,0.428,0.439,0.446,0.433,0.417,1.0,0.439,0.442,0.422,0.447,0.441,0.431,0.442,0.436,0.446,0.454,0.432,0.427,0.448,0.445,0.45,0.443,0.422,0.467,0.421,0.52,0.608,0.419,0.439,0.0,0.445,0.429,0.428,0.431,0.466,0.419,0.451,0.419,0.457,0.469,0.415,0.414,0.439,0.442,0.441,0.419,0.533
0.465,0.431,0.329,0.734,0.423,0.419,0.376,0.702,0.439,1.0,0.441,0.689,0.441,0.735,0.722,0.388,0.407,0.399,0.414,0.374,0.395,0.407,0.403,0.432,0.425,0.418,0.425,0.726,0.471,0.438,0.733,0.404,0.0,0.391,0.407,0.644,0.373,0.433,0.668,0.427,0.738,0.421,0.417,0.71,0.717,0.414,0.406,0.404,0.682,0.462
0.462,0.577,0.332,0.43,0.747,0.597,0.506,0.416,0.442,0.441,1.0,0.408,0.744,0.423,0.421,0.522,0.601,0.657,0.666,0.504,0.643,0.673,0.666,0.653,0.613,0.617,0.68,0.43,0.447,0.46,0.404,0.652,0.0,0.64,0.649,0.434,0.502,0.682,0.414,0.717,0.412,0.615,0.678,0.418,0.42,0.384,0.607,0.606,0.405,0.448
0.454,0.441,0.327,0.712,0.434,0.421,0.386,0.7,0.422,0.689,0.408,1.0,0.416,0.723,0.843,0.395,0.417,0.41,0.416,0.381,0.413,0.424,0.431,0.418,0.422,0.405,0.414,0.705,0.478,0.416,0.678,0.422,0.0,0.407,0.391,0.602,0.381,0.428,0.673,0.411,0.698,0.418,0.418,0.711,0.718,0.436,0.417,0.418,0.647,0.471
0.469,0.595,0.336,0.425,0.697,0.607,0.518,0.42,0.447,0.441,0.744,0.416,1.0,0.421,0.426,0.536,0.597,0.689,0.713,0.517,0.705,0.759,0.752,0.642,0.604,0.615,0.739,0.428,0.463,0.473,0.4,0.703,0.0,0.736,0.607,0.429,0.515,0.728,0.416,0.763,0.409,0.62,0.727,0.419,0.422,0.394,0.627,0.626,0.413,0.474
0.449,0.404,0.327,0.771,0.412,0.409,0.378,0.7,0.441,0.735,0.423,0.723,0.421,1.0,0.784,0.385,0.415,0.408,0.417,0.377,0.395,0.405,0.406,0.413,0.42,0.41,0.421,0.744,0.488,0.433,0.719,0.412,0.0,0.393,0.405,0.637,0.374,0.423,0.675,0.42,0.729,0.413,0.408,0.723,0.723,0.43,0.396,0.395,0.682,0.486
0.438,0.41,0.328,0.764,0.419,0.41,0.383,0.689,0.431,0.722,0.421,0.843,0.426,0.784,1.0,0.393,0.426,0.405,0.417,0.382,0.403,0.419,0.423,0.414,0.42,0.417,0.425,0.726,0.474,0.427,0.712,0.415,0.0,0.401,0.407,0.632,0.381,0.43,0.666,0.426,0.724,0.418,0.413,0.706,0.709,0.434,0.41,0.409,0.679,0.488
0.454,0.526,0.337,0.386,0.544,0.538,0.942,0.395,0.442,0.388,0.522,0.395,0.536,0.385,0.393,1.0,0.528,0.562,0.576,0.941,0.554,0.562,0.565,0.536,0.528,0.515,0.547,0.391,0.448,0.46,0.383,0.528,0.0,0.531,0.513,0.428,0.943,0.541,0.405,0.541,0.389,0.531,0.545,0.399,0.407,0.391,0.534,0.535,0.391,0.455
0.465,0.68,0.334,0.414,0.615,0.681,0.511,0.419,0.436,0.407,0.601,0.417,0.597,0.415,0.426,0.528,1.0,0.6,0.595,0.507,0.581,0.607,0.598,0.726,0.719,0.748,0.599,0.43,0.443,0.448,0.397,0.622,0.0,0.599,0.677,0.446,0.507,0.603,0.422,0.621,0.404,0.659,0.61,0.427,0.435,0.376,0.673,0.672,0.403,0.436
0.459,0.592,0.335,0.417,0.655,0.616,0.56,0.402,0.446,0.399,0.657,0.41,0.689,0.408,0.405,0.562,0.6,1.0,0.744,0.554,0.716,0.735,0.73,0.611,0.599,0.602,0.71,0.416,0.46,0.464,0.4,0.684,0.0,0.686,0.589,0.438,0.555,0.689,0.408,0.696,0.403,0.633,0.7,0.413,0.415,0.383,0.621,0.619,0.393,0.464
0.473,0.59,0.339,0.431,0.665,0.607,0.565,0.422,0.454,0.414,0.666,0.416,0.713,0.417,0.417,0.576,0.595,0.744,1.0,0.559,0.718,0.726,0.721,0.603,0.601,0.593,0.723,0.43,0.462,0.475,0.407,0.681,0.0,0.671,0.591,0.431,0.561,0.702,0.422,0.709,0.416,0.626,0.706,0.425,0.426,0.395,0.621,0.619,0.409,0.467
0.441,0.516,0.335,0.377,0.526,0.516,0.979,0.384,0.432,0.374,0.504,0.381,0.517,0.377,0.382,0.941,0.507,0.554,0.559,1.0,0.56,0.548,0.566,0.519,0.517,0.505,0.537,0.38,0.437,0.444,0.37,0.539,0.0,0.524,0.496,0.408,0.989,0.521,0.397,0.524,0.371,0.516,0.531,0.387,0.392,0.39,0.515,0.516,0.375,0.441
0.453,0.59,0.334,0.404,0.679,0.582,0.566,0.42,0.427,0.395,0.643,0.413,0.705,0.395,0.403,0.554,0.581,0.716,0.718,0.56,1.0,0.738,0.757,0.58,0.576,0.588,0.706,0.42,0.44,0.451,0.393,0.705,0.0,0.713,0.56,0.416,0.558,0.688,0.42,0.705,0.402,0.588,0.701,0.428,0.431,0.399,0.607,0.609,0.391,0.445
0.454,0.594,0.337,0.414,0.686,0.609,0.552,0.422,0.448,0.407,0.673,0.424,0.759,0.405,0.419,0.562,0.607,0.735,0.726,0.548,0.738,1.0,0.919,0.602,0.596,0.598,0.73,0.425,0.45,0.447,0.402,0.718,0.0,0.855,0.582,0.412,0.548,0.721,0.419,0.729,0.407,0.624,0.735,0.429,0.431,0.397,0.624,0.625,0.401,0.464
0.465,0.601,0.345,0.425,0.683,0.612,0.576,0.427,0.445,0.403,0.666,0.431,0.752,0.406,0.423,0.565,0.598,0.73,0.721,0.566,0.757,0.919,1.0,0.601,0.599,0.601,0.729,0.426,0.458,0.447,0.402,0.738,0.0,0.848,0.584,0.414,0.569,0.717,0.435,0.719,0.407,0.62,0.721,0.432,0.435,0.402,0.617,0.618,0.401,0.465
0.476,0.778,0.343,0.418,0.618,0.778,0.522,0.436,0.45,0.432,0.653,0.418,0.642,0.413,0.414,0.536,0.726,0.611,0.603,0.519,0.58,0.602,0.601,1.0,0.817,0.721,0.612,0.435,0.455,0.471,0.397,0.602,0.0,0.591,0.815,0.447,0.516,0.617,0.41,0.632,0.41,0.692,0.611,0.426,0.432,0.381,0.685,0.683,0.407,0.448
0.471,0.798,0.349,0.43,0.621,0.795,0.515,0.436,0.443,0.425,0.613,0.422,0.604,0.42,0.42,0.528,0.719,0.599,0.601,0.517,0.576,0.596,0.599,0.817,1.0,0.736,0.601,0.436,0.442,0.459,0.401,0.621,0.0,0.584,0.791,0.435,0.518,0.622,0.423,0.621,0.407,0.672,0.612,0.444,0.44,0.395,0.682,0.679,0.425,0.442
0.457,0.688,0.331,0.415,0.616,0.674,0.506,0.41,0.422,0.418,0.617,0.405,0.615,0.41,0.417,0.515,0.748,0.602,0.593,0.505,0.588,0.598,0.601,0.721,0.736,1.0,0.607,0.423,0.426,0.449,0.393,0.592,0.0,0.583,0.685,0.429,0.504,0.607,0.408,0.635,0.398,0.668,0.603,0.429,0.425,0.376,0.682,0.681,0.415,0.429
0.471,0.602,0.338,0.425,0.689,0.609,0.537,0.421,0.467,0.425,0.68,0.414,0.739,0.421,0.425,0.547,0.599,0.71,0.723,0.537,0.706,0.73,0.729,0.612,0.601,0.607,1.0,0.432,0.468,0.459,0.415,0.728,0.0,0.704,0.587,0.421,0.535,0.827,0.411,0.752,0.418,0.625,0.833,0.434,0.431,0.398,0.629,0.627,0.416,0.475
0.442,0.431,0.342,0.756,0.426,0.423,0.384,0.892,0.421,0.726,0.43,0.705,0.428,0.744,0.726,0.391,0.43,0.416,0.43,0.38,0.42,0.425,0.426,0.435,0.436,0.423,0.432,1.0,0.482,0.423,0.712,0.423,0.0,0.405,0.421,0.63,0.38,0.445,0.661,0.434,0.727,0.439,0.423,0.95,0.928,0.417,0.418,0.416,0.687,0.471
0.522,0.454,0.381,0.476,0.465,0.456,0.44,0.483,0.52,0.471,0.447,0.478,0.463,0.488,0.474,0.448,0.443,0.46,0.462,0.437,0.44,0.45,0.458,0.455,0.442,0.426,0.468,0.482,1.0,0.509,0.462,0.461,0.0,0.449,0.432,0.464,0.436,0.478,0.462,0.455,0.461,0.449,0.47,0.476,0.485,0.564,0.449,0.447,0.459,0.855
0.58,0.442,0.368,0.428,0.449,0.444,0.444,0.413,0.608,0.438,0.46,0.416,0.473,0.433,0.427,0.46,0.448,0.464,0.475,0.444,0.451,0.447,0.447,0.471,0.459,0.449,0.459,0.423,0.509,1.0,0.4,0.429,0.0,0.444,0.45,0.431,0.444,0.462,0.408,0.491,0.414,0.457,0.46,0.412,0.412,0.437,0.458,0.457,0.42,0.515
0.427,0.411,0.326,0.722,0.418,0.404,0.373,0.698,0.419,0.733,0.404,0.678,0.4,0.719,0.712,0.383,0.397,0.4,0.407,0.37,0.393,0.402,0.402,0.397,0.401,0.393,0.415,0.712,0.462,0.4,1.0,0.405,0.0,0.393,0.38,0.613,0.371,0.419,0.658,0.409,0.906,0.412,0.408,0.703,0.707,0.421,0.399,0.397,0.654,0.456
0.464,0.62,0.345,0.423,0.69,0.609,0.542,0.428,0.439,0.404,0.652,0.422,0.703,0.412,0.415,0.528,0.622,0.684,0.681,0.539,0.705,0.718,0.738,0.602,0.621,0.592,0.728,0.423,0.461,0.429,0.405,1.0,0.0,0.704,0.579,0.41,0.538,0.742,0.434,0.722,0.402,0.618,0.737,0.43,0.441,0.409,0.631,0.633,0.395,0.45
0.0,0.0,0.0,0.0,0.0,0.0,0.0,0.0,0.0,0.0,0.0,0.0,0.0,0.0,0.0,0.0,0.0,0.0,0.0,0.0,0.0,0.0,0.0,0.0,0.0,0.0,0.0,0.0,0.0,0.0,0.0,0.0,1.0,0.0,0.0,0.0,0.0,0.0,0.0,0.0,0.0,0.0,0.0,0.0,0.0,0.0,0.0,0.0,0.0,0.0
0.455,0.591,0.34,0.4,0.674,0.601,0.531,0.409,0.445,0.391,0.64,0.407,0.736,0.393,0.401,0.531,0.599,0.686,0.671,0.524,0.713,0.855,0.848,0.591,0.584,0.583,0.704,0.405,0.449,0.444,0.393,0.704,0.0,1.0,0.574,0.414,0.528,0.701,0.422,0.701,0.391,0.609,0.717,0.408,0.415,0.396,0.617,0.618,0.382,0.456
0.455,0.729,0.326,0.413,0.586,0.737,0.506,0.406,0.429,0.407,0.649,0.391,0.607,0.405,0.407,0.513,0.677,0.589,0.591,0.496,0.56,0.582,0.584,0.815,0.791,0.685,0.587,0.421,0.432,0.45,0.38,0.579,0.0,0.574,1.0,0.428,0.497,0.594,0.395,0.608,0.383,0.653,0.591,0.41,0.416,0.37,0.649,0.646,0.393,0.436
0.446,0.417,0.332,0.64,0.421,0.433,0.415,0.608,0.428,0.644,0.434,0.602,0.429,0.637,0.632,0.428,0.446,0.438,0.431,0.408,0.416,0.412,0.414,0.447,0.435,0.429,0.421,0.63,0.464,0.431,0.613,0.41,0.0,0.414,0.428,1.0,0.407,0.418,0.623,0.436,0.628,0.432,0.415,0.617,0.622,0.411,0.422,0.419,0.616,0.469
0.44,0.515,0.334,0.377,0.523,0.514,0.981,0.383,0.431,0.373,0.502,0.381,0.515,0.374,0.381,0.943,0.507,0.555,0.561,0.989,0.558,0.548,0.569,0.516,0.518,0.504,0.535,0.38,0.436,0.444,0.371,0.538,0.0,0.528,0.497,0.407,1.0,0.52,0.396,0.523,0.37,0.513,0.529,0.387,0.39,0.389,0.512,0.513,0.374,0.439
0.491,0.625,0.342,0.428,0.706,0.635,0.522,0.451,0.466,0.433,0.682,0.428,0.728,0.423,0.43,0.541,0.603,0.689,0.702,0.521,0.688,0.721,0.717,0.617,0.622,0.607,0.827,0.445,0.478,0.462,0.419,0.742,0.0,0.701,0.594,0.418,0.52,1.0,0.429,0.748,0.428,0.629,0.853,0.446,0.447,0.407,0.653,0.651,0.429,0.48
0.434,0.416,0.349,0.66,0.431,0.438,0.403,0.666,0.419,0.668,0.414,0.673,0.416,0.675,0.666,0.405,0.422,0.408,0.422,0.397,0.42,0.419,0.435,0.41,0.423,0.408,0.411,0.661,0.462,0.408,0.658,0.434,0.0,0.422,0.395,0.623,0.396,0.429,1.0,0.421,0.663,0.426,0.424,0.672,0.677,0.428,0.412,0.413,0.627,0.458
0.481,0.609,0.339,0.426,0.697,0.61,0.527,0.431,0.451,0.427,0.717,0.411,0.763,0.42,0.426,0.541,0.621,0.696,0.709,0.524,0.705,0.729,0.719,0.632,0.621,0.635,0.752,0.434,0.455,0.491,0.409,0.722,0.0,0.701,0.608,0.436,0.523,0.748,0.421,1.0,0.415,0.632,0.745,0.427,0.434,0.403,0.643,0.642,0.409,0.467
0.432,0.412,0.337,0.735,0.427,0.417,0.374,0.704,0.419,0.738,0.412,0.698,0.409,0.729,0.724,0.389,0.404,0.403,0.416,0.371,0.402,0.407,0.407,0.41,0.407,0.398,0.418,0.727,0.461,0.414,0.906,0.402,0.0,0.391,0.383,0.628,0.37,0.428,0.663,0.415,1.0,0.422,0.409,0.713,0.718,0.426,0.403,0.401,0.668,0.462
0.458,0.66,0.344,0.42,0.636,0.68,0.518,0.435,0.457,0.421,0.615,0.418,0.62,0.413,0.418,0.531,0.659,0.633,0.626,0.516,0.588,0.624,0.62,0.692,0.672,0.668,0.625,0.439,0.449,0.457,0.412,0.618,0.0,0.609,0.653,0.432,0.513,0.629,0.426,0.632,0.422,1.0,0.648,0.44,0.442,0.385,0.715,0.715,0.416,0.449
0.479,0.608,0.341,0.419,0.708,0.62,0.533,0.434,0.469,0.417,0.678,0.418,0.727,0.408,0.413,0.545,0.61,0.7,0.706,0.531,0.701,0.735,0.721,0.611,0.612,0.603,0.833,0.423,0.47,0.46,0.408,0.737,0.0,0.717,0.591,0.415,0.529,0.853,0.424,0.745,0.409,0.648,1.0,0.425,0.43,0.399,0.654,0.652,0.404,0.469
0.437,0.452,0.353,0.733,0.434,0.429,0.393,0.901,0.415,0.71,0.418,0.711,0.419,0.723,0.706,0.399,0.427,0.413,0.425,0.387,0.428,0.429,0.432,0.426,0.444,0.429,0.434,0.95,0.476,0.412,0.703,0.43,0.0,0.408,0.41,0.617,0.387,0.446,0.672,0.427,0.713,0.44,0.425,1.0,0.952,0.426,0.42,0.421,0.683,0.466
0.451,0.46,0.344,0.734,0.446,0.431,0.397,0.892,0.414,0.717,0.42,0.718,0.422,0.723,0.709,0.407,0.435,0.415,0.426,0.392,0.431,0.431,0.435,0.432,0.44,0.425,0.431,0.928,0.485,0.412,0.707,0.441,0.0,0.415,0.416,0.622,0.39,0.447,0.677,0.434,0.718,0.442,0.43,0.952,1.0,0.429,0.431,0.432,0.666,0.469
0.457,0.405,0.344,0.432,0.405,0.397,0.388,0.424,0.439,0.414,0.384,0.436,0.394,0.43,0.434,0.391,0.376,0.383,0.395,0.39,0.399,0.397,0.402,0.381,0.395,0.376,0.398,0.417,0.564,0.437,0.421,0.409,0.0,0.396,0.37,0.411,0.389,0.407,0.428,0.403,0.426,0.385,0.399,0.426,0.429,1.0,0.425,0.426,0.418,0.607
0.462,0.681,0.348,0.41,0.652,0.697,0.517,0.422,0.442,0.406,0.607,0.417,0.627,0.396,0.41,0.534,0.673,0.621,0.621,0.515,0.607,0.624,0.617,0.685,0.682,0.682,0.629,0.418,0.449,0.458,0.399,0.631,0.0,0.617,0.649,0.422,0.512,0.653,0.412,0.643,0.403,0.715,0.654,0.42,0.431,0.425,1.0,0.994,0.399,0.47
0.46,0.683,0.349,0.409,0.654,0.695,0.518,0.423,0.441,0.404,0.606,0.418,0.626,0.395,0.409,0.535,0.672,0.619,0.619,0.516,0.609,0.625,0.618,0.683,0.679,0.681,0.627,0.416,0.447,0.457,0.397,0.633,0.0,0.618,0.646,0.419,0.513,0.651,0.413,0.642,0.401,0.715,0.652,0.421,0.432,0.426,0.994,1.0,0.397,0.469
0.435,0.426,0.342,0.676,0.411,0.417,0.376,0.653,0.419,0.682,0.405,0.647,0.413,0.682,0.679,0.391,0.403,0.393,0.409,0.375,0.391,0.401,0.401,0.407,0.425,0.415,0.416,0.687,0.459,0.42,0.654,0.395,0.0,0.382,0.393,0.616,0.374,0.429,0.627,0.409,0.668,0.416,0.404,0.683,0.666,0.418,0.399,0.397,1.0,0.462
0.516,0.445,0.379,0.48,0.451,0.459,0.443,0.466,0.533,0.462,0.448,0.471,0.474,0.486,0.488,0.455,0.436,0.464,0.467,0.441,0.445,0.464,0.465,0.448,0.442,0.429,0.475,0.471,0.855,0.515,0.456,0.45,0.0,0.456,0.436,0.469,0.439,0.48,0.458,0.467,0.462,0.449,0.469,0.466,0.469,0.607,0.47,0.469,0.462,1.0
