GCF_000163235.1_ASM16323v1_genomic.fna,GCF_000164555.1_ASM16455v1_genomic.fna,GCF_000208545.1_ASM20854v2_genomic.fna,GCF_000233875.1_ASM23387v1_genomic.fna,GCF_000249735.1_ASM24973v2_genomic.fna,GCF_000261145.1_Esch_coli_M919_V2_genomic.fna,GCF_000267705.2_ASM26770v2_genomic.fna,GCF_000350665.1_Esch_coli_KTE5_V1_genomic.fna,GCF_000351625.1_Esch_coli_KTE66_V1_genomic.fna,GCF_000352285.1_Esch_coli_KTE46_V1_genomic.fna,GCF_000358895.1_ASM35889v1_genomic.fna,GCF_000456385.1_Esch_coli_HVH_26_4-5703913_V1_genomic.fna,GCF_000458195.1_Esch_coli_HVH_147_4-5893887_V1_genomic.fna,GCF_000459755.1_Esch_coli_KOEGE_58_171a_V1_genomic.fna,GCF_000460055.1_Esch_coli_UMEA_3053-1_V1_genomic.fna,GCF_000462165.2_ASM46216v2_genomic.fna,GCF_000601135.1_ASM60113v1_genomic.fna,GCF_000614595.1_Ec2010EL1058_genomic.fna,GCF_000617745.1_Ec2010C-4529_genomic.fna,GCF_000618265.2_EcF6751_genomic.fna,GCF_000619005.2_Ec2009C-4052_genomic.fna,GCF_000619105.1_Ec2009C-4780_genomic.fna,GCF_000619765.2_Ec2009C-3279_genomic.fna,GCF_000687005.1_ASM68700v1_genomic.fna,GCF_000687025.1_ASM68702v1_genomic.fna,GCF_000700125.1_ASM70012v1_genomic.fna,GCF_000753315.1_FHI35_genomic.fna,GCF_000776375.1_ASM77637v1_genomic.fna,GCF_000779395.1_ASM77939v1_genomic.fna,GCF_000780315.1_ASM78031v1_genomic.fna,GCF_000781995.1_ASM78199v1_genomic.fna,GCF_000986765.1_ASM98676v1_genomic.fna,GCF_001041375.1_ViralProj287958_genomic.fna,GCF_001265335.1_302014_genomic.fna,GCF_001265625.1_100854_genomic.fna,GCF_001267345.1_303289_genomic.fna,GCF_001309985.1_ASM130998v1_genomic.fna,GCF_001521695.1_ASM152169v1_genomic.fna,GCF_001592595.1_ASM159259v1_genomic.fna,GCF_001614975.1_ASM161497v1_genomic.fna,GCF_001692775.1_ASM169277v1_genomic.fna,GCF_001748915.1_ASM174891v1_genomic.fna,GCF_001749235.1_ASM174923v1_genomic.fna,GCF_001881155.1_ASM188115v1_genomic.fna,GCF_001881345.1_ASM188134v1_genomic.fna,GCF_001892405.1_ASM189240v1_genomic.fna,GCF_001892585.1_ASM189258v1_genomic.fna,GCF_001893985.1_ASM189398v1_genomic.fna,GCF_002001595.1_ASM200159v1_genomic.fna,GCF_002002145.1_ASM200214v1_genomic.fna
1.0,0.483,0.386,0.419,0.463,0.466,0.446,0.415,0.567,0.42,0.429,0.418,0.45,0.39,0.386,0.456,0.474,0.458,0.46,0.444,0.456,0.452,0.466,0.48,0.464,0.466,0.447,0.41,0.475,0.566,0.401,0.461,0.0,0.442,0.44,0.423,0.448,0.472,0.412,0.455,0.412,0.452,0.452,0.42,0.428,0.454,0.436,0.44,0.405,0.5
0.483,1.0,0.359,0.421,0.634,0.773,0.529,0.414,0.451,0.424,0.598,0.417,0.617,0.394,0.391,0.542,0.716,0.618,0.604,0.525,0.595,0.607,0.607,0.803,0.8,0.716,0.622,0.413,0.465,0.465,0.403,0.626,0.0,0.604,0.74,0.415,0.529,0.643,0.413,0.619,0.408,0.706,0.628,0.418,0.414,0.41,0.668,0.67,0.419,0.478
0.386,0.359,1.0,0.325,0.351,0.35,0.321,0.312,0.369,0.321,0.338,0.329,0.349,0.305,0.319,0.332,0.358,0.33,0.336,0.317,0.335,0.342,0.335,0.353,0.351,0.352,0.338,0.317,0.372,0.364,0.318,0.346,0.0,0.343,0.323,0.326,0.321,0.348,0.312,0.34,0.329,0.344,0.348,0.313,0.313,0.341,0.343,0.343,0.327,0.376
0.419,0.421,0.325,1.0,0.41,0.422,0.395,0.685,0.433,0.718,0.397,0.73,0.413,0.761,0.762,0.395,0.411,0.396,0.407,0.39,0.399,0.413,0.416,0.425,0.424,0.414,0.406,0.733,0.466,0.42,0.712,0.422,0.0,0.406,0.392,0.605,0.395,0.411,0.663,0.414,0.738,0.409,0.411,0.715,0.715,0.423,0.41,0.412,0.654,0.477
0.463,0.634,0.351,0.41,1.0,0.641,0.524,0.4,0.45,0.412,0.756,0.401,0.701,0.397,0.391,0.533,0.64,0.665,0.672,0.519,0.669,0.671,0.67,0.623,0.628,0.615,0.694,0.399,0.452,0.449,0.397,0.689,0.0,0.678,0.597,0.402,0.523,0.705,0.404,0.7,0.407,0.635,0.713,0.394,0.399,0.413,0.639,0.642,0.409,0.46
0.466,0.773,0.35,0.422,0.641,1.0,0.526,0.411,0.463,0.416,0.599,0.411,0.627,0.407,0.408,0.544,0.708,0.629,0.598,0.519,0.581,0.617,0.608,0.79,0.814,0.7,0.626,0.413,0.483,0.456,0.395,0.604,0.0,0.62,0.75,0.414,0.526,0.643,0.423,0.623,0.409,0.689,0.639,0.406,0.405,0.41,0.686,0.691,0.42,0.477
0.446,0.529,0.321,0.395,0.524,0.526,1.0,0.378,0.45,0.38,0.509,0.369,0.527,0.367,0.364,0.948,0.538,0.571,0.572,0.985,0.579,0.556,0.58,0.532,0.519,0.524,0.543,0.371,0.424,0.434,0.385,0.568,0.0,0.539,0.5,0.411,0.989,0.529,0.404,0.54,0.384,0.533,0.543,0.385,0.387,0.396,0.506,0.506,0.378,0.447
0.415,0.414,0.312,0.685,0.4,0.411,0.378,1.0,0.424,0.676,0.372,0.66,0.396,0.672,0.654,0.38,0.416,0.391,0.414,0.376,0.394,0.401,0.413,0.407,0.4,0.389,0.395,0.895,0.467,0.402,0.693,0.413,0.0,0.405,0.366,0.606,0.379,0.424,0.655,0.397,0.695,0.397,0.398,0.903,0.894,0.426,0.39,0.391,0.622,0.47
0.567,0.451,0.369,0.433,0.45,0.463,0.45,0.424,1.0,0.431,0.444,0.422,0.466,0.42,0.418,0.459,0.454,0.452,0.447,0.445,0.425,0.462,0.453,0.466,0.455,0.455,0.468,0.435,0.499,0.598,0.418,0.447,0.0,0.449,0.436,0.45,0.451,0.459,0.413,0.477,0.42,0.452,0.473,0.426,0.422,0.45,0.451,0.453,0.441,0.509
0.42,0.424,0.321,0.718,0.412,0.416,0.38,0.676,0.431,1.0,0.412,0.689,0.426,0.715,0.696,0.388,0.408,0.396,0.406,0.379,0.389,0.403,0.391,0.435,0.417,0.413,0.404,0.701,0.472,0.428,0.742,0.404,0.0,0.398,0.396,0.605,0.381,0.413,0.664,0.422,0.736,0.414,0.407,0.684,0.691,0.423,0.415,0.413,0.672,0.462
0.429,0.598,0.338,0.397,0.756,0.599,0.509,0.372,0.444,0.412,1.0,0.384,0.743,0.401,0.378,0.519,0.603,0.658,0.648,0.505,0.644,0.675,0.652,0.637,0.611,0.62,0.687,0.383,0.44,0.456,0.38,0.659,0.0,0.656,0.631,0.396,0.508,0.687,0.385,0.723,0.383,0.606,0.704,0.374,0.375,0.384,0.622,0.618,0.403,0.44
0.418,0.417,0.329,0.73,0.401,0.411,0.369,0.66,0.422,0.689,0.384,1.0,0.406,0.711,0.848,0.368,0.393,0.38,0.392,0.365,0.391,0.397,0.396,0.422,0.412,0.402,0.391,0.693,0.468,0.413,0.661,0.395,0.0,0.392,0.382,0.59,0.367,0.406,0.648,0.402,0.688,0.385,0.401,0.676,0.674,0.425,0.398,0.399,0.645,0.462
0.45,0.617,0.349,0.413,0.701,0.627,0.527,0.396,0.466,0.426,0.743,0.406,1.0,0.41,0.399,0.54,0.62,0.7,0.695,0.524,0.688,0.772,0.75,0.647,0.631,0.633,0.749,0.402,0.467,0.474,0.395,0.7,0.0,0.754,0.63,0.401,0.527,0.732,0.4,0.774,0.399,0.627,0.742,0.391,0.391,0.394,0.647,0.643,0.418,0.462
0.39,0.394,0.305,0.761,0.397,0.407,0.367,0.672,0.42,0.715,0.401,0.711,0.41,1.0,0.737,0.37,0.396,0.384,0.385,0.365,0.377,0.397,0.394,0.411,0.407,0.403,0.391,0.718,0.456,0.413,0.694,0.398,0.0,0.394,0.39,0.584,0.367,0.395,0.648,0.406,0.712,0.389,0.39,0.699,0.698,0.407,0.391,0.392,0.648,0.444
0.386,0.391,0.319,0.762,0.391,0.408,0.364,0.654,0.418,0.696,0.378,0.848,0.399,0.737,1.0,0.369,0.386,0.375,0.381,0.361,0.368,0.394,0.392,0.408,0.403,0.391,0.387,0.697,0.462,0.401,0.692,0.388,0.0,0.387,0.376,0.597,0.364,0.394,0.666,0.397,0.711,0.385,0.388,0.675,0.674,0.42,0.392,0.394,0.661,0.461
0.456,0.542,0.332,0.395,0.533,0.544,0.948,0.38,0.459,0.388,0.519,0.368,0.54,0.37,0.369,1.0,0.551,0.574,0.581,0.948,0.559,0.569,0.585,0.545,0.531,0.532,0.55,0.374,0.429,0.446,0.386,0.556,0.0,0.554,0.513,0.416,0.954,0.547,0.405,0.548,0.388,0.543,0.55,0.379,0.384,0.396,0.521,0.52,0.389,0.451
0.474,0.716,0.358,0.411,0.64,0.708,0.538,0.416,0.454,0.408,0.603,0.393,0.62,0.396,0.386,0.551,1.0,0.629,0.626,0.533,0.618,0.626,0.64,0.726,0.718,0.74,0.631,0.407,0.46,0.448,0.403,0.671,0.0,0.633,0.667,0.431,0.537,0.623,0.415,0.635,0.407,0.678,0.63,0.416,0.419,0.402,0.657,0.66,0.41,0.473
0.458,0.618,0.33,0.396,0.665,0.629,0.571,0.391,0.452,0.396,0.658,0.38,0.7,0.384,0.375,0.574,0.629,1.0,0.743,0.565,0.705,0.737,0.727,0.631,0.613,0.616,0.705,0.391,0.441,0.444,0.383,0.675,0.0,0.703,0.585,0.412,0.568,0.686,0.408,0.703,0.384,0.632,0.698,0.386,0.388,0.386,0.624,0.624,0.387,0.455
0.46,0.604,0.336,0.407,0.672,0.598,0.572,0.414,0.447,0.406,0.648,0.392,0.695,0.385,0.381,0.581,0.626,0.743,1.0,0.568,0.723,0.73,0.735,0.61,0.592,0.598,0.707,0.4,0.428,0.447,0.396,0.709,0.0,0.704,0.574,0.421,0.572,0.685,0.417,0.699,0.399,0.619,0.701,0.41,0.411,0.402,0.597,0.598,0.391,0.447
0.444,0.525,0.317,0.39,0.519,0.519,0.985,0.376,0.445,0.379,0.505,0.365,0.524,0.365,0.361,0.948,0.533,0.565,0.568,1.0,0.577,0.554,0.574,0.526,0.513,0.521,0.538,0.369,0.42,0.429,0.381,0.563,0.0,0.538,0.496,0.409,0.986,0.526,0.401,0.536,0.38,0.527,0.538,0.381,0.382,0.396,0.502,0.502,0.377,0.444
0.456,0.595,0.335,0.399,0.669,0.581,0.579,0.394,0.425,0.389,0.644,0.391,0.688,0.377,0.368,0.559,0.618,0.705,0.723,0.577,1.0,0.729,0.748,0.6,0.58,0.6,0.704,0.382,0.413,0.425,0.383,0.712,0.0,0.715,0.555,0.406,0.575,0.685,0.411,0.701,0.396,0.599,0.69,0.394,0.396,0.403,0.599,0.6,0.379,0.436
0.452,0.607,0.342,0.413,0.671,0.617,0.556,0.401,0.462,0.403,0.675,0.397,0.772,0.397,0.394,0.569,0.626,0.737,0.73,0.554,0.729,1.0,0.912,0.618,0.609,0.606,0.745,0.405,0.449,0.449,0.395,0.714,0.0,0.866,0.582,0.407,0.554,0.734,0.416,0.748,0.398,0.611,0.744,0.401,0.4,0.399,0.619,0.619,0.404,0.456
0.466,0.607,0.335,0.416,0.67,0.608,0.58,0.413,0.453,0.391,0.652,0.396,0.75,0.394,0.392,0.585,0.64,0.727,0.735,0.574,0.748,0.912,1.0,0.603,0.6,0.594,0.732,0.403,0.443,0.438,0.404,0.736,0.0,0.85,0.564,0.412,0.575,0.713,0.424,0.725,0.41,0.607,0.721,0.412,0.412,0.403,0.597,0.6,0.392,0.458
0.48,0.803,0.353,0.425,0.623,0.79,0.532,0.407,0.466,0.435,0.637,0.422,0.647,0.411,0.408,0.545,0.726,0.631,0.61,0.526,0.6,0.618,0.603,1.0,0.827,0.748,0.632,0.414,0.477,0.476,0.402,0.611,0.0,0.609,0.788,0.414,0.532,0.632,0.406,0.646,0.415,0.697,0.633,0.41,0.411,0.399,0.694,0.691,0.428,0.471
0.464,0.8,0.351,0.424,0.628,0.814,0.519,0.4,0.455,0.417,0.611,0.412,0.631,0.407,0.403,0.531,0.718,0.613,0.592,0.513,0.58,0.609,0.6,0.827,1.0,0.758,0.613,0.404,0.475,0.457,0.392,0.619,0.0,0.592,0.784,0.403,0.519,0.632,0.412,0.626,0.398,0.689,0.636,0.403,0.4,0.4,0.689,0.688,0.429,0.462
0.466,0.716,0.352,0.414,0.615,0.7,0.524,0.389,0.455,0.413,0.62,0.402,0.633,0.403,0.391,0.532,0.74,0.616,0.598,0.521,0.6,0.606,0.594,0.748,0.758,1.0,0.62,0.397,0.462,0.46,0.391,0.615,0.0,0.598,0.704,0.399,0.524,0.621,0.397,0.643,0.395,0.689,0.626,0.4,0.396,0.398,0.688,0.685,0.423,0.458
0.447,0.622,0.338,0.406,0.694,0.626,0.543,0.395,0.468,0.404,0.687,0.391,0.749,0.391,0.387,0.55,0.631,0.705,0.707,0.538,0.704,0.745,0.732,0.632,0.613,0.62,1.0,0.394,0.458,0.449,0.39,0.723,0.0,0.724,0.581,0.399,0.539,0.816,0.396,0.768,0.396,0.624,0.835,0.395,0.391,0.394,0.63,0.632,0.405,0.457
0.41,0.413,0.317,0.733,0.399,0.413,0.371,0.895,0.435,0.701,0.383,0.693,0.402,0.718,0.697,0.374,0.407,0.391,0.4,0.369,0.382,0.405,0.403,0.414,0.404,0.397,0.394,1.0,0.481,0.407,0.702,0.402,0.0,0.401,0.379,0.6,0.372,0.418,0.643,0.4,0.72,0.398,0.396,0.947,0.928,0.419,0.4,0.4,0.659,0.469
0.475,0.465,0.372,0.466,0.452,0.483,0.424,0.467,0.499,0.472,0.44,0.468,0.467,0.456,0.462,0.429,0.46,0.441,0.428,0.42,0.413,0.449,0.443,0.477,0.475,0.462,0.458,0.481,1.0,0.476,0.45,0.447,0.0,0.445,0.436,0.465,0.423,0.463,0.453,0.462,0.449,0.446,0.457,0.469,0.468,0.538,0.458,0.456,0.467,0.802
0.566,0.465,0.364,0.42,0.449,0.456,0.434,0.402,0.598,0.428,0.456,0.413,0.474,0.413,0.401,0.446,0.448,0.444,0.447,0.429,0.425,0.449,0.438,0.476,0.457,0.46,0.449,0.407,0.476,1.0,0.401,0.434,0.0,0.428,0.452,0.419,0.434,0.458,0.396,0.477,0.408,0.466,0.461,0.394,0.395,0.466,0.462,0.46,0.415,0.5
0.401,0.403,0.318,0.712,0.397,0.395,0.385,0.693,0.418,0.742,0.38,0.661,0.395,0.694,0.692,0.386,0.403,0.383,0.396,0.381,0.383,0.395,0.404,0.402,0.392,0.391,0.39,0.702,0.45,0.401,1.0,0.404,0.0,0.395,0.369,0.615,0.384,0.393,0.671,0.395,0.895,0.403,0.392,0.706,0.705,0.423,0.387,0.387,0.654,0.451
0.461,0.626,0.346,0.422,0.689,0.604,0.568,0.413,0.447,0.404,0.659,0.395,0.7,0.398,0.388,0.556,0.671,0.675,0.709,0.563,0.712,0.714,0.736,0.611,0.619,0.615,0.723,0.402,0.447,0.434,0.404,1.0,0.0,0.7,0.562,0.406,0.566,0.714,0.415,0.72,0.407,0.629,0.723,0.411,0.412,0.412,0.613,0.615,0.39,0.461
0.0,0.0,0.0,0.0,0.0,0.0,0.0,0.0,0.0,0.0,0.0,0.0,0.0,0.0,0.0,0.0,0.0,0.0,0.0,0.0,0.0,0.0,0.0,0.0,0.0,0.0,0.0,0.0,0.0,0.0,0.0,0.0,1.0,0.0,0.0,0.0,0.0,0.0,0.0,0.0,0.0,0.0,0.0,0.0,0.0,0.0,0.0,0.0,0.0,0.0
0.442,0.604,0.343,0.406,0.678,0.62,0.539,0.405,0.449,0.398,0.656,0.392,0.754,0.394,0.387,0.554,0.633,0.703,0.704,0.538,0.715,0.866,0.85,0.609,0.592,0.598,0.724,0.401,0.445,0.428,0.395,0.7,0.0,1.0,0.569,0.414,0.542,0.716,0.416,0.732,0.399,0.612,0.733,0.403,0.406,0.396,0.611,0.613,0.395,0.461
0.44,0.74,0.323,0.392,0.597,0.75,0.5,0.366,0.436,0.396,0.631,0.382,0.63,0.39,0.376,0.513,0.667,0.585,0.574,0.496,0.555,0.582,0.564,0.788,0.784,0.704,0.581,0.379,0.436,0.452,0.369,0.562,0.0,0.569,1.0,0.38,0.501,0.591,0.374,0.6,0.373,0.665,0.602,0.368,0.37,0.377,0.656,0.655,0.4,0.439
0.423,0.415,0.326,0.605,0.402,0.414,0.411,0.606,0.45,0.605,0.396,0.59,0.401,0.584,0.597,0.416,0.431,0.412,0.421,0.409,0.406,0.407,0.412,0.414,0.403,0.399,0.399,0.6,0.465,0.419,0.615,0.406,0.0,0.414,0.38,1.0,0.411,0.392,0.636,0.404,0.621,0.409,0.395,0.611,0.609,0.424,0.388,0.389,0.585,0.469
0.448,0.529,0.321,0.395,0.523,0.526,0.989,0.379,0.451,0.381,0.508,0.367,0.527,0.367,0.364,0.954,0.537,0.568,0.572,0.986,0.575,0.554,0.575,0.532,0.519,0.524,0.539,0.372,0.423,0.434,0.384,0.566,0.0,0.542,0.501,0.411,1.0,0.53,0.404,0.54,0.384,0.531,0.541,0.384,0.385,0.394,0.505,0.505,0.379,0.446
0.472,0.643,0.348,0.411,0.705,0.643,0.529,0.424,0.459,0.413,0.687,0.406,0.732,0.395,0.394,0.547,0.623,0.686,0.685,0.526,0.685,0.734,0.713,0.632,0.632,0.621,0.816,0.418,0.463,0.458,0.393,0.714,0.0,0.716,0.591,0.392,0.53,1.0,0.407,0.764,0.399,0.624,0.85,0.41,0.399,0.411,0.647,0.647,0.417,0.469
0.412,0.413,0.312,0.663,0.404,0.423,0.404,0.655,0.413,0.664,0.385,0.648,0.4,0.648,0.666,0.405,0.415,0.408,0.417,0.401,0.411,0.416,0.424,0.406,0.412,0.397,0.396,0.643,0.453,0.396,0.671,0.415,0.0,0.416,0.374,0.636,0.404,0.407,1.0,0.403,0.671,0.408,0.407,0.654,0.659,0.432,0.393,0.393,0.621,0.453
0.455,0.619,0.34,0.414,0.7,0.623,0.54,0.397,0.477,0.422,0.723,0.402,0.774,0.406,0.397,0.548,0.635,0.703,0.699,0.536,0.701,0.748,0.725,0.646,0.626,0.643,0.768,0.4,0.462,0.477,0.395,0.72,0.0,0.732,0.6,0.404,0.54,0.764,0.403,1.0,0.397,0.627,0.777,0.393,0.39,0.42,0.661,0.657,0.414,0.468
0.412,0.408,0.329,0.738,0.407,0.409,0.384,0.695,0.42,0.736,0.383,0.688,0.399,0.712,0.711,0.388,0.407,0.384,0.399,0.38,0.396,0.398,0.41,0.415,0.398,0.395,0.396,0.72,0.449,0.408,0.895,0.407,0.0,0.399,0.373,0.621,0.384,0.399,0.671,0.397,1.0,0.408,0.393,0.726,0.723,0.432,0.391,0.392,0.655,0.459
0.452,0.706,0.344,0.409,0.635,0.689,0.533,0.397,0.452,0.414,0.606,0.385,0.627,0.389,0.385,0.543,0.678,0.632,0.619,0.527,0.599,0.611,0.607,0.697,0.689,0.689,0.624,0.398,0.446,0.466,0.403,0.629,0.0,0.612,0.665,0.409,0.531,0.624,0.408,0.627,0.408,1.0,0.642,0.398,0.397,0.402,0.701,0.703,0.407,0.468
0.452,0.628,0.348,0.411,0.713,0.639,0.543,0.398,0.473,0.407,0.704,0.401,0.742,0.39,0.388,0.55,0.63,0.698,0.701,0.538,0.69,0.744,0.721,0.633,0.636,0.626,0.835,0.396,0.457,0.461,0.392,0.723,0.0,0.733,0.602,0.395,0.541,0.85,0.407,0.777,0.393,0.642,1.0,0.389,0.388,0.413,0.652,0.655,0.407,0.463
0.42,0.418,0.313,0.715,0.394,0.406,0.385,0.903,0.426,0.684,0.374,0.676,0.391,0.699,0.675,0.379,0.416,0.386,0.41,0.381,0.394,0.401,0.412,0.41,0.403,0.4,0.395,0.947,0.469,0.394,0.706,0.411,0.0,0.403,0.368,0.611,0.384,0.41,0.654,0.393,0.726,0.398,0.389,1.0,0.955,0.427,0.392,0.394,0.642,0.465
0.428,0.414,0.313,0.715,0.399,0.405,0.387,0.894,0.422,0.691,0.375,0.674,0.391,0.698,0.674,0.384,0.419,0.388,0.411,0.382,0.396,0.4,0.412,0.411,0.4,0.396,0.391,0.928,0.468,0.395,0.705,0.412,0.0,0.406,0.37,0.609,0.385,0.399,0.659,0.39,0.723,0.397,0.388,0.955,1.0,0.427,0.393,0.393,0.636,0.463
0.454,0.41,0.341,0.423,0.413,0.41,0.396,0.426,0.45,0.423,0.384,0.425,0.394,0.407,0.42,0.396,0.402,0.386,0.402,0.396,0.403,0.399,0.403,0.399,0.4,0.398,0.394,0.419,0.538,0.466,0.423,0.412,0.0,0.396,0.377,0.424,0.394,0.411,0.432,0.42,0.432,0.402,0.413,0.427,0.427,1.0,0.424,0.425,0.424,0.608
0.436,0.668,0.343,0.41,0.639,0.686,0.506,0.39,0.451,0.415,0.622,0.398,0.647,0.391,0.392,0.521,0.657,0.624,0.597,0.502,0.599,0.619,0.597,0.694,0.689,0.688,0.63,0.4,0.458,0.462,0.387,0.613,0.0,0.611,0.656,0.388,0.505,0.647,0.393,0.661,0.391,0.701,0.652,0.392,0.393,0.424,1.0,0.991,0.416,0.469
0.44,0.67,0.343,0.412,0.642,0.691,0.506,0.391,0.453,0.413,0.618,0.399,0.643,0.392,0.394,0.52,0.66,0.624,0.598,0.502,0.6,0.619,0.6,0.691,0.688,0.685,0.632,0.4,0.456,0.46,0.387,0.615,0.0,0.613,0.655,0.389,0.505,0.647,0.393,0.657,0.392,0.703,0.655,0.394,0.393,0.425,0.991,1.0,0.413,0.471
0.405,0.419,0.327,0.654,0.409,0.42,0.378,0.622,0.441,0.672,0.403,0.645,0.418,0.648,0.661,0.389,0.41,0.387,0.391,0.377,0.379,0.404,0.392,0.428,0.429,0.423,0.405,0.659,0.467,0.415,0.654,0.39,0.0,0.395,0.4,0.585,0.379,0.417,0.621,0.414,0.655,0.407,0.407,0.642,0.636,0.424,0.416,0.413,1.0,0.455
0.5,0.478,0.376,0.477,0.46,0.477,0.447,0.47,0.509,0.462,0.44,0.462,0.462,0.444,0.461,0.451,0.473,0.455,0.447,0.444,0.436,0.456,0.458,0.471,0.462,0.458,0.457,0.469,0.802,0.5,0.451,0.461,0.0,0.461,0.439,0.469,0.446,0.469,0.453,0.468,0.459,0.468,0.463,0.465,0.463,0.608,0.469,0.471,0.455,1.0
