GCF_000163235.1_ASM16323v1_genomic.fna,GCF_000164555.1_ASM16455v1_genomic.fna,GCF_000208545.1_ASM20854v2_genomic.fna,GCF_000233875.1_ASM23387v1_genomic.fna,GCF_000249735.1_ASM24973v2_genomic.fna,GCF_000261145.1_Esch_coli_M919_V2_genomic.fna,GCF_000267705.2_ASM26770v2_genomic.fna,GCF_000350665.1_Esch_coli_KTE5_V1_genomic.fna,GCF_000351625.1_Esch_coli_KTE66_V1_genomic.fna,GCF_000352285.1_Esch_coli_KTE46_V1_genomic.fna,GCF_000358895.1_ASM35889v1_genomic.fna,GCF_000456385.1_Esch_coli_HVH_26_4-5703913_V1_genomic.fna,GCF_000458195.1_Esch_coli_HVH_147_4-5893887_V1_genomic.fna,GCF_000459755.1_Esch_coli_KOEGE_58_171a_V1_genomic.fna,GCF_000460055.1_Esch_coli_UMEA_3053-1_V1_genomic.fna,GCF_000462165.2_ASM46216v2_genomic.fna,GCF_000601135.1_ASM60113v1_genomic.fna,GCF_000614595.1_Ec2010EL1058_genomic.fna,GCF_000617745.1_Ec2010C-4529_genomic.fna,GCF_000618265.2_EcF6751_genomic.fna,GCF_000619005.2_Ec2009C-4052_genomic.fna,GCF_000619105.1_Ec2009C-4780_genomic.fna,GCF_000619765.2_Ec2009C-3279_genomic.fna,GCF_000687005.1_ASM68700v1_genomic.fna,GCF_000687025.1_ASM68702v1_genomic.fna,GCF_000700125.1_ASM70012v1_genomic.fna,GCF_000753315.1_FHI35_genomic.fna,GCF_000776375.1_ASM77637v1_genomic.fna,GCF_000779395.1_ASM77939v1_genomic.fna,GCF_000780315.1_ASM78031v1_genomic.fna,GCF_000781995.1_ASM78199v1_genomic.fna,GCF_000986765.1_ASM98676v1_genomic.fna,GCF_001041375.1_ViralProj287958_genomic.fna,GCF_001265335.1_302014_genomic.fna,GCF_001265625.1_100854_genomic.fna,GCF_001267345.1_303289_genomic.fna,GCF_001309985.1_ASM130998v1_genomic.fna,GCF_001521695.1_ASM152169v1_genomic.fna,GCF_001592595.1_ASM159259v1_genomic.fna,GCF_001614975.1_ASM161497v1_genomic.fna,GCF_001692775.1_ASM169277v1_genomic.fna,GCF_001748915.1_ASM174891v1_genomic.fna,GCF_001749235.1_ASM174923v1_genomic.fna,GCF_001881155.1_ASM188115v1_genomic.fna,GCF_001881345.1_ASM188134v1_genomic.fna,GCF_001892405.1_ASM189240v1_genomic.fna,GCF_001892585.1_ASM189258v1_genomic.fna,GCF_001893985.1_ASM189398v1_genomic.fna,GCF_002001595.1_ASM200159v1_genomic.fna,GCF_002002145.1_ASM200214v1_genomic.fna
1.0,0.584,0.497,0.517,0.57,0.576,0.568,0.523,0.652,0.536,0.546,0.545,0.563,0.516,0.514,0.572,0.56,0.56,0.561,0.569,0.552,0.556,0.567,0.578,0.565,0.56,0.552,0.511,0.606,0.659,0.484,0.565,0.0,0.55,0.532,0.512,0.568,0.574,0.515,0.556,0.499,0.557,0.56,0.521,0.54,0.528,0.551,0.552,0.516,0.605
0.584,1.0,0.462,0.524,0.687,0.807,0.617,0.528,0.555,0.536,0.647,0.539,0.658,0.513,0.506,0.617,0.743,0.659,0.665,0.616,0.661,0.654,0.658,0.811,0.811,0.737,0.658,0.519,0.555,0.565,0.498,0.666,0.0,0.65,0.762,0.506,0.617,0.691,0.513,0.657,0.508,0.721,0.667,0.535,0.543,0.493,0.723,0.724,0.535,0.552
0.497,0.462,1.0,0.405,0.455,0.448,0.447,0.411,0.481,0.409,0.444,0.417,0.447,0.417,0.41,0.452,0.446,0.446,0.45,0.447,0.457,0.448,0.454,0.454,0.449,0.432,0.443,0.408,0.461,0.499,0.403,0.458,0.0,0.447,0.414,0.414,0.447,0.45,0.415,0.449,0.416,0.444,0.446,0.417,0.413,0.426,0.445,0.445,0.433,0.475
0.517,0.524,0.405,1.0,0.514,0.521,0.506,0.772,0.519,0.787,0.486,0.77,0.5,0.815,0.811,0.509,0.51,0.505,0.516,0.503,0.492,0.502,0.517,0.514,0.518,0.497,0.49,0.796,0.553,0.502,0.761,0.527,0.0,0.498,0.487,0.682,0.503,0.499,0.718,0.492,0.782,0.5,0.491,0.804,0.794,0.493,0.496,0.496,0.723,0.54
0.57,0.687,0.455,0.514,1.0,0.71,0.629,0.528,0.562,0.528,0.794,0.512,0.756,0.529,0.513,0.641,0.702,0.737,0.741,0.628,0.739,0.738,0.749,0.702,0.701,0.687,0.751,0.523,0.568,0.559,0.483,0.745,0.0,0.732,0.669,0.523,0.625,0.766,0.519,0.762,0.497,0.71,0.769,0.525,0.522,0.494,0.712,0.712,0.522,0.546
0.576,0.807,0.448,0.521,0.71,1.0,0.628,0.541,0.567,0.525,0.665,0.515,0.689,0.522,0.507,0.635,0.761,0.686,0.689,0.626,0.683,0.678,0.696,0.827,0.841,0.744,0.679,0.522,0.569,0.555,0.491,0.694,0.0,0.683,0.792,0.522,0.625,0.712,0.539,0.685,0.5,0.753,0.698,0.528,0.53,0.484,0.744,0.746,0.525,0.557
0.568,0.617,0.447,0.506,0.629,0.628,1.0,0.506,0.573,0.505,0.602,0.497,0.617,0.49,0.497,0.957,0.621,0.648,0.633,0.988,0.642,0.624,0.641,0.621,0.619,0.611,0.622,0.493,0.546,0.563,0.471,0.628,0.0,0.613,0.592,0.509,0.99,0.616,0.495,0.616,0.475,0.627,0.625,0.5,0.497,0.486,0.613,0.613,0.492,0.562
0.523,0.528,0.411,0.772,0.528,0.541,0.506,1.0,0.516,0.769,0.5,0.737,0.515,0.776,0.737,0.509,0.523,0.514,0.535,0.503,0.505,0.514,0.523,0.537,0.53,0.51,0.499,0.917,0.556,0.514,0.73,0.528,0.0,0.507,0.49,0.678,0.503,0.526,0.721,0.514,0.743,0.511,0.508,0.916,0.895,0.49,0.5,0.498,0.71,0.545
0.652,0.555,0.481,0.519,0.562,0.567,0.573,0.516,1.0,0.517,0.544,0.503,0.56,0.524,0.513,0.569,0.558,0.566,0.564,0.572,0.553,0.553,0.561,0.562,0.556,0.549,0.561,0.508,0.6,0.664,0.489,0.571,0.0,0.549,0.537,0.531,0.572,0.557,0.514,0.554,0.493,0.566,0.562,0.513,0.51,0.522,0.554,0.554,0.511,0.6
0.536,0.536,0.409,0.787,0.528,0.525,0.505,0.769,0.517,1.0,0.515,0.749,0.521,0.762,0.755,0.516,0.518,0.507,0.52,0.502,0.496,0.52,0.514,0.54,0.53,0.523,0.511,0.78,0.55,0.508,0.766,0.513,0.0,0.512,0.502,0.692,0.502,0.504,0.738,0.513,0.767,0.502,0.497,0.768,0.774,0.496,0.505,0.505,0.728,0.53
0.546,0.647,0.444,0.486,0.794,0.665,0.602,0.5,0.544,0.515,1.0,0.487,0.773,0.502,0.483,0.609,0.663,0.715,0.709,0.6,0.703,0.74,0.725,0.703,0.679,0.683,0.75,0.502,0.545,0.539,0.458,0.71,0.0,0.726,0.711,0.506,0.598,0.727,0.495,0.743,0.474,0.691,0.74,0.491,0.489,0.458,0.666,0.665,0.488,0.529
0.545,0.539,0.417,0.77,0.512,0.515,0.497,0.737,0.503,0.749,0.487,1.0,0.489,0.769,0.862,0.502,0.502,0.487,0.5,0.497,0.496,0.496,0.502,0.51,0.512,0.495,0.479,0.737,0.554,0.519,0.719,0.511,0.0,0.49,0.474,0.659,0.497,0.501,0.729,0.489,0.744,0.489,0.491,0.743,0.756,0.501,0.492,0.493,0.709,0.546
0.563,0.658,0.447,0.5,0.756,0.689,0.617,0.515,0.56,0.521,0.773,0.489,1.0,0.508,0.489,0.623,0.685,0.757,0.762,0.614,0.761,0.831,0.821,0.714,0.686,0.698,0.816,0.514,0.548,0.556,0.466,0.761,0.0,0.829,0.686,0.503,0.613,0.777,0.492,0.799,0.472,0.689,0.793,0.503,0.496,0.469,0.682,0.682,0.504,0.535
0.516,0.513,0.417,0.815,0.529,0.522,0.49,0.776,0.524,0.762,0.502,0.769,0.508,1.0,0.815,0.49,0.514,0.511,0.519,0.487,0.495,0.517,0.523,0.511,0.52,0.499,0.502,0.795,0.558,0.5,0.758,0.533,0.0,0.507,0.489,0.68,0.487,0.517,0.723,0.501,0.775,0.503,0.503,0.798,0.789,0.498,0.497,0.498,0.73,0.54
0.514,0.506,0.41,0.811,0.513,0.507,0.497,0.737,0.513,0.755,0.483,0.862,0.489,0.815,1.0,0.492,0.507,0.489,0.497,0.494,0.486,0.497,0.509,0.492,0.499,0.486,0.482,0.756,0.547,0.505,0.748,0.512,0.0,0.491,0.471,0.669,0.494,0.5,0.733,0.484,0.763,0.482,0.491,0.761,0.758,0.501,0.501,0.502,0.73,0.564
0.572,0.617,0.452,0.509,0.641,0.635,0.957,0.509,0.569,0.516,0.609,0.502,0.623,0.49,0.492,1.0,0.631,0.64,0.635,0.956,0.634,0.625,0.634,0.633,0.626,0.616,0.618,0.499,0.551,0.569,0.469,0.624,0.0,0.612,0.596,0.517,0.956,0.621,0.499,0.622,0.479,0.634,0.624,0.505,0.499,0.489,0.618,0.618,0.503,0.554
0.56,0.743,0.446,0.51,0.702,0.761,0.621,0.523,0.558,0.518,0.663,0.502,0.685,0.514,0.507,0.631,1.0,0.674,0.67,0.62,0.671,0.69,0.689,0.779,0.772,0.779,0.681,0.517,0.556,0.548,0.473,0.71,0.0,0.678,0.726,0.519,0.618,0.683,0.513,0.682,0.477,0.727,0.691,0.518,0.523,0.473,0.744,0.746,0.511,0.546
0.56,0.659,0.446,0.505,0.737,0.686,0.648,0.514,0.566,0.507,0.715,0.487,0.757,0.511,0.489,0.64,0.674,1.0,0.8,0.643,0.777,0.76,0.775,0.68,0.668,0.669,0.774,0.501,0.552,0.567,0.475,0.756,0.0,0.743,0.648,0.523,0.644,0.752,0.503,0.765,0.479,0.701,0.766,0.504,0.498,0.484,0.691,0.691,0.496,0.55
0.561,0.665,0.45,0.516,0.741,0.689,0.633,0.535,0.564,0.52,0.709,0.5,0.762,0.519,0.497,0.635,0.67,0.8,1.0,0.63,0.781,0.776,0.779,0.688,0.675,0.652,0.77,0.522,0.558,0.562,0.484,0.756,0.0,0.743,0.653,0.53,0.63,0.754,0.514,0.765,0.493,0.689,0.759,0.52,0.511,0.473,0.667,0.666,0.508,0.544
0.569,0.616,0.447,0.503,0.628,0.626,0.988,0.503,0.572,0.502,0.6,0.497,0.614,0.487,0.494,0.956,0.62,0.643,0.63,1.0,0.64,0.62,0.637,0.62,0.62,0.61,0.621,0.491,0.545,0.564,0.471,0.626,0.0,0.61,0.59,0.507,0.993,0.614,0.495,0.614,0.475,0.626,0.622,0.497,0.497,0.487,0.611,0.611,0.489,0.563
0.552,0.661,0.457,0.492,0.739,0.683,0.642,0.505,0.553,0.496,0.703,0.496,0.761,0.495,0.486,0.634,0.671,0.777,0.781,0.64,1.0,0.776,0.796,0.675,0.666,0.664,0.77,0.496,0.54,0.559,0.462,0.771,0.0,0.768,0.636,0.508,0.638,0.774,0.508,0.768,0.481,0.678,0.776,0.5,0.5,0.469,0.675,0.676,0.489,0.541
0.556,0.654,0.448,0.502,0.738,0.678,0.624,0.514,0.553,0.52,0.74,0.496,0.831,0.517,0.497,0.625,0.69,0.76,0.776,0.62,0.776,1.0,0.928,0.703,0.687,0.685,0.805,0.514,0.554,0.546,0.47,0.764,0.0,0.895,0.658,0.509,0.62,0.776,0.502,0.779,0.478,0.684,0.795,0.504,0.495,0.477,0.674,0.674,0.502,0.546
0.567,0.658,0.454,0.517,0.749,0.696,0.641,0.523,0.561,0.514,0.725,0.502,0.821,0.523,0.509,0.634,0.689,0.775,0.779,0.637,0.796,0.928,1.0,0.689,0.692,0.683,0.795,0.519,0.559,0.554,0.479,0.779,0.0,0.886,0.65,0.518,0.635,0.782,0.515,0.785,0.489,0.688,0.794,0.516,0.51,0.48,0.682,0.682,0.509,0.55
0.578,0.811,0.454,0.514,0.702,0.827,0.621,0.537,0.562,0.54,0.703,0.51,0.714,0.511,0.492,0.633,0.779,0.68,0.688,0.62,0.675,0.703,0.689,1.0,0.855,0.788,0.704,0.534,0.551,0.561,0.479,0.679,0.0,0.696,0.827,0.523,0.617,0.69,0.507,0.689,0.491,0.759,0.691,0.522,0.524,0.477,0.743,0.744,0.505,0.537
0.565,0.811,0.449,0.518,0.701,0.841,0.619,0.53,0.556,0.53,0.679,0.512,0.686,0.52,0.499,0.626,0.772,0.668,0.675,0.62,0.666,0.687,0.692,0.855,1.0,0.796,0.683,0.526,0.552,0.551,0.478,0.691,0.0,0.675,0.812,0.52,0.619,0.683,0.517,0.683,0.485,0.748,0.691,0.529,0.526,0.485,0.744,0.744,0.527,0.538
0.56,0.737,0.432,0.497,0.687,0.744,0.611,0.51,0.549,0.523,0.683,0.495,0.698,0.499,0.486,0.616,0.779,0.669,0.652,0.61,0.664,0.685,0.683,0.788,0.796,1.0,0.687,0.509,0.535,0.541,0.46,0.665,0.0,0.682,0.745,0.51,0.608,0.666,0.496,0.677,0.469,0.731,0.675,0.515,0.505,0.464,0.739,0.74,0.509,0.524
0.552,0.658,0.443,0.49,0.751,0.679,0.622,0.499,0.561,0.511,0.75,0.479,0.816,0.502,0.482,0.618,0.681,0.774,0.77,0.621,0.77,0.805,0.795,0.704,0.683,0.687,1.0,0.498,0.548,0.55,0.465,0.78,0.0,0.789,0.672,0.509,0.62,0.841,0.477,0.805,0.467,0.699,0.854,0.494,0.483,0.469,0.681,0.681,0.489,0.536
0.511,0.519,0.408,0.796,0.523,0.522,0.493,0.917,0.508,0.78,0.502,0.737,0.514,0.795,0.756,0.499,0.517,0.501,0.522,0.491,0.496,0.514,0.519,0.534,0.526,0.509,0.498,1.0,0.549,0.504,0.732,0.525,0.0,0.505,0.495,0.68,0.491,0.518,0.706,0.505,0.76,0.498,0.496,0.963,0.937,0.485,0.493,0.492,0.711,0.53
0.606,0.555,0.461,0.553,0.568,0.569,0.546,0.556,0.6,0.55,0.545,0.554,0.548,0.558,0.547,0.551,0.556,0.552,0.558,0.545,0.54,0.554,0.559,0.551,0.552,0.535,0.548,0.549,1.0,0.577,0.524,0.565,0.0,0.545,0.525,0.54,0.545,0.56,0.535,0.546,0.523,0.537,0.559,0.549,0.547,0.603,0.538,0.538,0.539,0.833
0.659,0.565,0.499,0.502,0.559,0.555,0.563,0.514,0.664,0.508,0.539,0.519,0.556,0.5,0.505,0.569,0.548,0.567,0.562,0.564,0.559,0.546,0.554,0.561,0.551,0.541,0.55,0.504,0.577,1.0,0.491,0.558,0.0,0.537,0.532,0.508,0.564,0.55,0.499,0.566,0.505,0.554,0.559,0.51,0.509,0.549,0.542,0.543,0.503,0.592
0.484,0.498,0.403,0.761,0.483,0.491,0.471,0.73,0.489,0.766,0.458,0.719,0.466,0.758,0.748,0.469,0.473,0.475,0.484,0.471,0.462,0.47,0.479,0.479,0.478,0.46,0.465,0.732,0.524,0.491,1.0,0.491,0.0,0.468,0.451,0.647,0.471,0.465,0.708,0.469,0.9,0.473,0.459,0.738,0.74,0.492,0.46,0.46,0.701,0.522
0.565,0.666,0.458,0.527,0.745,0.694,0.628,0.528,0.571,0.513,0.71,0.511,0.761,0.533,0.512,0.624,0.71,0.756,0.756,0.626,0.771,0.764,0.779,0.679,0.691,0.665,0.78,0.525,0.565,0.558,0.491,1.0,0.0,0.748,0.64,0.51,0.625,0.786,0.516,0.782,0.493,0.692,0.789,0.528,0.532,0.483,0.688,0.69,0.511,0.547
0.0,0.0,0.0,0.0,0.0,0.0,0.0,0.0,0.0,0.0,0.0,0.0,0.0,0.0,0.0,0.0,0.0,0.0,0.0,0.0,0.0,0.0,0.0,0.0,0.0,0.0,0.0,0.0,0.0,0.0,0.0,0.0,1.0,0.0,0.0,0.0,0.0,0.0,0.0,0.0,0.0,0.0,0.0,0.0,0.0,0.0,0.0,0.0,0.0,0.0
0.55,0.65,0.447,0.498,0.732,0.683,0.613,0.507,0.549,0.512,0.726,0.49,0.829,0.507,0.491,0.612,0.678,0.743,0.743,0.61,0.768,0.895,0.886,0.696,0.675,0.682,0.789,0.505,0.545,0.537,0.468,0.748,0.0,1.0,0.651,0.518,0.609,0.76,0.51,0.766,0.472,0.67,0.783,0.494,0.492,0.468,0.673,0.673,0.49,0.539
0.532,0.762,0.414,0.487,0.669,0.792,0.592,0.49,0.537,0.502,0.711,0.474,0.686,0.489,0.471,0.596,0.726,0.648,0.653,0.59,0.636,0.658,0.65,0.827,0.812,0.745,0.672,0.495,0.525,0.532,0.451,0.64,0.0,0.651,1.0,0.494,0.59,0.648,0.476,0.658,0.456,0.717,0.663,0.483,0.48,0.443,0.704,0.704,0.474,0.508
0.512,0.506,0.414,0.682,0.523,0.522,0.509,0.678,0.531,0.692,0.506,0.659,0.503,0.68,0.669,0.517,0.519,0.523,0.53,0.507,0.508,0.509,0.518,0.523,0.52,0.51,0.509,0.68,0.54,0.508,0.647,0.51,0.0,0.518,0.494,1.0,0.505,0.5,0.682,0.511,0.663,0.509,0.498,0.673,0.663,0.487,0.498,0.498,0.662,0.53
0.568,0.617,0.447,0.503,0.625,0.625,0.99,0.503,0.572,0.502,0.598,0.497,0.613,0.487,0.494,0.956,0.618,0.644,0.63,0.993,0.638,0.62,0.635,0.617,0.619,0.608,0.62,0.491,0.545,0.564,0.471,0.625,0.0,0.609,0.59,0.505,1.0,0.612,0.495,0.612,0.475,0.624,0.621,0.497,0.497,0.487,0.611,0.611,0.489,0.563
0.574,0.691,0.45,0.499,0.766,0.712,0.616,0.526,0.557,0.504,0.727,0.501,0.777,0.517,0.5,0.621,0.683,0.752,0.754,0.614,0.774,0.776,0.782,0.69,0.683,0.666,0.841,0.518,0.56,0.55,0.465,0.786,0.0,0.76,0.648,0.5,0.612,1.0,0.505,0.78,0.479,0.695,0.88,0.527,0.513,0.474,0.698,0.699,0.508,0.54
0.515,0.513,0.415,0.718,0.519,0.539,0.495,0.721,0.514,0.738,0.495,0.729,0.492,0.723,0.733,0.499,0.513,0.503,0.514,0.495,0.508,0.502,0.515,0.507,0.517,0.496,0.477,0.706,0.535,0.499,0.708,0.516,0.0,0.51,0.476,0.682,0.495,0.505,1.0,0.499,0.723,0.503,0.498,0.712,0.722,0.489,0.501,0.502,0.702,0.537
0.556,0.657,0.449,0.492,0.762,0.685,0.616,0.514,0.554,0.513,0.743,0.489,0.799,0.501,0.484,0.622,0.682,0.765,0.765,0.614,0.768,0.779,0.785,0.689,0.683,0.677,0.805,0.505,0.546,0.566,0.469,0.782,0.0,0.766,0.658,0.511,0.612,0.78,0.499,1.0,0.477,0.697,0.805,0.501,0.497,0.478,0.701,0.7,0.492,0.54
0.499,0.508,0.416,0.782,0.497,0.5,0.475,0.743,0.493,0.767,0.474,0.744,0.472,0.775,0.763,0.479,0.477,0.479,0.493,0.475,0.481,0.478,0.489,0.491,0.485,0.469,0.467,0.76,0.523,0.505,0.9,0.493,0.0,0.472,0.456,0.663,0.475,0.479,0.723,0.477,1.0,0.481,0.46,0.768,0.766,0.499,0.464,0.464,0.708,0.529
0.557,0.721,0.444,0.5,0.71,0.753,0.627,0.511,0.566,0.502,0.691,0.489,0.689,0.503,0.482,0.634,0.727,0.701,0.689,0.626,0.678,0.684,0.688,0.759,0.748,0.731,0.699,0.498,0.537,0.554,0.473,0.692,0.0,0.67,0.717,0.509,0.624,0.695,0.503,0.697,0.481,1.0,0.723,0.498,0.492,0.46,0.771,0.771,0.497,0.531
0.56,0.667,0.446,0.491,0.769,0.698,0.625,0.508,0.562,0.497,0.74,0.491,0.793,0.503,0.491,0.624,0.691,0.766,0.759,0.622,0.776,0.795,0.794,0.691,0.691,0.675,0.854,0.496,0.559,0.559,0.459,0.789,0.0,0.783,0.663,0.498,0.621,0.88,0.498,0.805,0.46,0.723,1.0,0.495,0.488,0.478,0.694,0.695,0.484,0.544
0.521,0.535,0.417,0.804,0.525,0.528,0.5,0.916,0.513,0.768,0.491,0.743,0.503,0.798,0.761,0.505,0.518,0.504,0.52,0.497,0.5,0.504,0.516,0.522,0.529,0.515,0.494,0.963,0.549,0.51,0.738,0.528,0.0,0.494,0.483,0.673,0.497,0.527,0.712,0.501,0.768,0.498,0.495,1.0,0.952,0.494,0.498,0.498,0.73,0.533
0.54,0.543,0.413,0.794,0.522,0.53,0.497,0.895,0.51,0.774,0.489,0.756,0.496,0.789,0.758,0.499,0.523,0.498,0.511,0.497,0.5,0.495,0.51,0.524,0.526,0.505,0.483,0.937,0.547,0.509,0.74,0.532,0.0,0.492,0.48,0.663,0.497,0.513,0.722,0.497,0.766,0.492,0.488,0.952,1.0,0.49,0.499,0.5,0.718,0.535
0.528,0.493,0.426,0.493,0.494,0.484,0.486,0.49,0.522,0.496,0.458,0.501,0.469,0.498,0.501,0.489,0.473,0.484,0.473,0.487,0.469,0.477,0.48,0.477,0.485,0.464,0.469,0.485,0.603,0.549,0.492,0.483,0.0,0.468,0.443,0.487,0.487,0.474,0.489,0.478,0.499,0.46,0.478,0.494,0.49,1.0,0.487,0.487,0.493,0.661
0.551,0.723,0.445,0.496,0.712,0.744,0.613,0.5,0.554,0.505,0.666,0.492,0.682,0.497,0.501,0.618,0.744,0.691,0.667,0.611,0.675,0.674,0.682,0.743,0.744,0.739,0.681,0.493,0.538,0.542,0.46,0.688,0.0,0.673,0.704,0.498,0.611,0.698,0.501,0.701,0.464,0.771,0.694,0.498,0.499,0.487,1.0,0.996,0.494,0.545
0.552,0.724,0.445,0.496,0.712,0.746,0.613,0.498,0.554,0.505,0.665,0.493,0.682,0.498,0.502,0.618,0.746,0.691,0.666,0.611,0.676,0.674,0.682,0.744,0.744,0.74,0.681,0.492,0.538,0.543,0.46,0.69,0.0,0.673,0.704,0.498,0.611,0.699,0.502,0.7,0.464,0.771,0.695,0.498,0.5,0.487,0.996,1.0,0.494,0.546
0.516,0.535,0.433,0.723,0.522,0.525,0.492,0.71,0.511,0.728,0.488,0.709,0.504,0.73,0.73,0.503,0.511,0.496,0.508,0.489,0.489,0.502,0.509,0.505,0.527,0.509,0.489,0.711,0.539,0.503,0.701,0.511,0.0,0.49,0.474,0.662,0.489,0.508,0.702,0.492,0.708,0.497,0.484,0.73,0.718,0.493,0.494,0.494,1.0,0.524
0.605,0.552,0.475,0.54,0.546,0.557,0.562,0.545,0.6,0.53,0.529,0.546,0.535,0.54,0.564,0.554,0.546,0.55,0.544,0.563,0.541,0.546,0.55,0.537,0.538,0.524,0.536,0.53,0.833,0.592,0.522,0.547,0.0,0.539,0.508,0.53,0.563,0.54,0.537,0.54,0.529,0.531,0.544,0.533,0.535,0.661,0.545,0.546,0.524,1.0
