GCF_000163235.1_ASM16323v1_genomic.fna,GCF_000164555.1_ASM16455v1_genomic.fna,GCF_000208545.1_ASM20854v2_genomic.fna,GCF_000233875.1_ASM23387v1_genomic.fna,GCF_000249735.1_ASM24973v2_genomic.fna,GCF_000261145.1_Esch_coli_M919_V2_genomic.fna,GCF_000267705.2_ASM26770v2_genomic.fna,GCF_000350665.1_Esch_coli_KTE5_V1_genomic.fna,GCF_000351625.1_Esch_coli_KTE66_V1_genomic.fna,GCF_000352285.1_Esch_coli_KTE46_V1_genomic.fna,GCF_000358895.1_ASM35889v1_genomic.fna,GCF_000456385.1_Esch_coli_HVH_26_4-5703913_V1_genomic.fna,GCF_000458195.1_Esch_coli_HVH_147_4-5893887_V1_genomic.fna,GCF_000459755.1_Esch_coli_KOEGE_58_171a_V1_genomic.fna,GCF_000460055.1_Esch_coli_UMEA_3053-1_V1_genomic.fna,GCF_000462165.2_ASM46216v2_genomic.fna,GCF_000601135.1_ASM60113v1_genomic.fna,GCF_000614595.1_Ec2010EL1058_genomic.fna,GCF_000617745.1_Ec2010C-4529_genomic.fna,GCF_000618265.2_EcF6751_genomic.fna,GCF_000619005.2_Ec2009C-4052_genomic.fna,GCF_000619105.1_Ec2009C-4780_genomic.fna,GCF_000619765.2_Ec2009C-3279_genomic.fna,GCF_000687005.1_ASM68700v1_genomic.fna,GCF_000687025.1_ASM68702v1_genomic.fna,GCF_000700125.1_ASM70012v1_genomic.fna,GCF_000753315.1_FHI35_genomic.fna,GCF_000776375.1_ASM77637v1_genomic.fna,GCF_000779395.1_ASM77939v1_genomic.fna,GCF_000780315.1_ASM78031v1_genomic.fna,GCF_000781995.1_ASM78199v1_genomic.fna,GCF_000986765.1_ASM98676v1_genomic.fna,GCF_001041375.1_ViralProj287958_genomic.fna,GCF_001265335.1_302014_genomic.fna,GCF_001265625.1_100854_genomic.fna,GCF_001267345.1_303289_genomic.fna,GCF_001309985.1_ASM130998v1_genomic.fna,GCF_001521695.1_ASM152169v1_genomic.fna,GCF_001592595.1_ASM159259v1_genomic.fna,GCF_001614975.1_ASM161497v1_genomic.fna,GCF_001692775.1_ASM169277v1_genomic.fna,GCF_001748915.1_ASM174891v1_genomic.fna,GCF_001749235.1_ASM174923v1_genomic.fna,GCF_001881155.1_ASM188115v1_genomic.fna,GCF_001881345.1_ASM188134v1_genomic.fna,GCF_001892405.1_ASM189240v1_genomic.fna,GCF_001892585.1_ASM189258v1_genomic.fna,GCF_001893985.1_ASM189398v1_genomic.fna,GCF_002001595.1_ASM200159v1_genomic.fna,GCF_002002145.1_ASM200214v1_genomic.fna
1.0,0.482,0.392,0.433,0.481,0.466,0.451,0.456,0.599,0.438,0.459,0.442,0.464,0.426,0.414,0.461,0.458,0.462,0.457,0.449,0.456,0.464,0.474,0.466,0.461,0.456,0.46,0.45,0.503,0.595,0.429,0.472,0.0,0.471,0.424,0.425,0.449,0.496,0.408,0.477,0.434,0.46,0.475,0.455,0.465,0.45,0.464,0.461,0.414,0.51
0.482,1.0,0.341,0.432,0.621,0.772,0.508,0.453,0.45,0.43,0.587,0.441,0.599,0.42,0.411,0.516,0.71,0.6,0.589,0.502,0.558,0.586,0.598,0.789,0.794,0.703,0.581,0.442,0.46,0.463,0.418,0.599,0.0,0.598,0.723,0.41,0.501,0.617,0.406,0.592,0.432,0.674,0.597,0.45,0.447,0.416,0.673,0.671,0.42,0.457
0.392,0.341,1.0,0.336,0.344,0.335,0.342,0.352,0.394,0.324,0.337,0.336,0.329,0.328,0.327,0.35,0.334,0.333,0.33,0.341,0.331,0.335,0.34,0.331,0.338,0.332,0.323,0.341,0.401,0.4,0.324,0.347,0.0,0.343,0.306,0.327,0.342,0.341,0.331,0.338,0.332,0.332,0.34,0.352,0.352,0.342,0.344,0.345,0.326,0.4
0.433,0.432,0.336,1.0,0.418,0.42,0.4,0.713,0.434,0.715,0.407,0.718,0.409,0.76,0.752,0.406,0.422,0.412,0.412,0.396,0.393,0.406,0.41,0.419,0.436,0.424,0.4,0.749,0.466,0.41,0.724,0.424,0.0,0.405,0.393,0.627,0.397,0.419,0.65,0.415,0.75,0.402,0.417,0.739,0.727,0.432,0.411,0.41,0.681,0.481
0.481,0.621,0.344,0.418,1.0,0.625,0.514,0.443,0.448,0.438,0.759,0.422,0.707,0.422,0.408,0.52,0.614,0.676,0.665,0.512,0.659,0.679,0.666,0.635,0.634,0.627,0.692,0.436,0.454,0.467,0.42,0.675,0.0,0.676,0.6,0.42,0.512,0.709,0.411,0.703,0.428,0.61,0.719,0.43,0.437,0.403,0.639,0.637,0.424,0.448
0.466,0.772,0.335,0.42,0.625,1.0,0.537,0.448,0.454,0.414,0.596,0.421,0.607,0.415,0.411,0.542,0.694,0.618,0.608,0.531,0.584,0.601,0.617,0.77,0.792,0.682,0.585,0.432,0.463,0.451,0.416,0.616,0.0,0.617,0.728,0.413,0.533,0.613,0.419,0.609,0.431,0.688,0.603,0.435,0.439,0.409,0.685,0.683,0.405,0.469
0.451,0.508,0.342,0.4,0.514,0.537,1.0,0.405,0.464,0.383,0.498,0.411,0.51,0.393,0.401,0.954,0.526,0.554,0.539,0.984,0.557,0.53,0.559,0.518,0.521,0.512,0.514,0.399,0.437,0.453,0.39,0.544,0.0,0.531,0.49,0.399,0.983,0.51,0.4,0.519,0.391,0.516,0.521,0.403,0.401,0.394,0.514,0.515,0.391,0.448
0.456,0.453,0.352,0.713,0.443,0.448,0.405,1.0,0.443,0.698,0.418,0.702,0.43,0.706,0.696,0.41,0.444,0.425,0.423,0.401,0.403,0.418,0.419,0.454,0.446,0.436,0.41,0.91,0.481,0.441,0.695,0.428,0.0,0.423,0.415,0.628,0.402,0.456,0.652,0.429,0.71,0.418,0.433,0.895,0.879,0.431,0.424,0.424,0.669,0.487
0.599,0.45,0.394,0.434,0.448,0.454,0.464,0.443,1.0,0.424,0.445,0.429,0.448,0.432,0.429,0.464,0.444,0.446,0.448,0.461,0.447,0.45,0.452,0.46,0.452,0.445,0.443,0.446,0.516,0.616,0.432,0.459,0.0,0.451,0.427,0.439,0.459,0.454,0.423,0.462,0.434,0.448,0.462,0.449,0.446,0.459,0.454,0.454,0.416,0.532
0.438,0.43,0.324,0.715,0.438,0.414,0.383,0.698,0.424,1.0,0.431,0.681,0.421,0.707,0.683,0.388,0.414,0.405,0.402,0.382,0.391,0.399,0.389,0.426,0.424,0.43,0.405,0.709,0.456,0.408,0.715,0.403,0.0,0.392,0.403,0.645,0.381,0.424,0.661,0.423,0.723,0.4,0.417,0.689,0.696,0.414,0.402,0.401,0.672,0.456
0.459,0.587,0.337,0.407,0.759,0.596,0.498,0.418,0.445,0.431,1.0,0.394,0.731,0.403,0.386,0.501,0.581,0.662,0.651,0.496,0.633,0.668,0.648,0.628,0.601,0.613,0.685,0.416,0.429,0.454,0.405,0.648,0.0,0.647,0.652,0.417,0.494,0.687,0.399,0.697,0.41,0.59,0.683,0.406,0.404,0.388,0.59,0.586,0.399,0.44
0.442,0.441,0.336,0.718,0.422,0.421,0.411,0.702,0.429,0.681,0.394,1.0,0.395,0.722,0.863,0.414,0.414,0.399,0.397,0.405,0.39,0.393,0.404,0.409,0.418,0.414,0.382,0.713,0.47,0.414,0.669,0.417,0.0,0.401,0.377,0.598,0.408,0.414,0.656,0.397,0.696,0.399,0.411,0.721,0.728,0.43,0.418,0.419,0.649,0.468
0.464,0.599,0.329,0.409,0.707,0.607,0.51,0.43,0.448,0.421,0.731,0.395,1.0,0.404,0.388,0.512,0.594,0.71,0.702,0.506,0.699,0.776,0.754,0.636,0.599,0.608,0.742,0.423,0.43,0.463,0.404,0.71,0.0,0.752,0.614,0.406,0.506,0.721,0.392,0.748,0.408,0.607,0.732,0.412,0.407,0.388,0.608,0.605,0.405,0.444
0.426,0.42,0.328,0.76,0.422,0.415,0.393,0.706,0.432,0.707,0.403,0.722,0.404,1.0,0.756,0.396,0.413,0.409,0.405,0.39,0.381,0.403,0.403,0.403,0.419,0.407,0.39,0.74,0.484,0.406,0.713,0.421,0.0,0.401,0.383,0.626,0.39,0.417,0.659,0.403,0.738,0.391,0.411,0.728,0.717,0.425,0.404,0.403,0.683,0.484
0.414,0.411,0.327,0.752,0.408,0.411,0.401,0.696,0.429,0.683,0.386,0.863,0.388,0.756,1.0,0.403,0.406,0.393,0.385,0.399,0.381,0.39,0.402,0.396,0.405,0.394,0.379,0.725,0.473,0.404,0.704,0.412,0.0,0.392,0.369,0.6,0.399,0.404,0.663,0.39,0.722,0.384,0.401,0.728,0.728,0.437,0.414,0.414,0.649,0.487
0.461,0.516,0.35,0.406,0.52,0.542,0.954,0.41,0.464,0.388,0.501,0.414,0.512,0.396,0.403,1.0,0.528,0.547,0.532,0.951,0.545,0.53,0.55,0.519,0.527,0.512,0.509,0.404,0.442,0.458,0.392,0.537,0.0,0.527,0.492,0.399,0.951,0.516,0.399,0.523,0.39,0.518,0.52,0.409,0.413,0.394,0.516,0.517,0.4,0.455
0.458,0.71,0.334,0.422,0.614,0.694,0.526,0.444,0.444,0.414,0.581,0.414,0.594,0.413,0.406,0.528,1.0,0.595,0.588,0.519,0.558,0.602,0.603,0.728,0.72,0.727,0.583,0.432,0.441,0.439,0.414,0.63,0.0,0.62,0.67,0.428,0.519,0.592,0.411,0.592,0.419,0.65,0.601,0.431,0.441,0.386,0.66,0.658,0.409,0.444
0.462,0.6,0.333,0.412,0.676,0.618,0.554,0.425,0.446,0.405,0.662,0.399,0.71,0.409,0.393,0.547,0.595,1.0,0.743,0.55,0.693,0.721,0.709,0.623,0.612,0.598,0.698,0.422,0.432,0.461,0.403,0.68,0.0,0.689,0.583,0.415,0.548,0.683,0.411,0.691,0.402,0.602,0.693,0.412,0.41,0.394,0.601,0.597,0.395,0.455
0.457,0.589,0.33,0.412,0.665,0.608,0.539,0.423,0.448,0.402,0.651,0.397,0.702,0.405,0.385,0.532,0.588,0.743,1.0,0.535,0.698,0.711,0.71,0.607,0.599,0.585,0.685,0.418,0.429,0.452,0.399,0.691,0.0,0.682,0.575,0.413,0.534,0.677,0.402,0.693,0.401,0.59,0.687,0.409,0.408,0.396,0.597,0.594,0.396,0.444
0.449,0.502,0.341,0.396,0.512,0.531,0.984,0.401,0.461,0.382,0.496,0.405,0.506,0.39,0.399,0.951,0.519,0.55,0.535,1.0,0.553,0.526,0.554,0.512,0.517,0.506,0.509,0.395,0.434,0.45,0.387,0.541,0.0,0.523,0.484,0.396,0.992,0.506,0.398,0.515,0.387,0.511,0.519,0.399,0.397,0.395,0.51,0.511,0.388,0.444
0.456,0.558,0.331,0.393,0.659,0.584,0.557,0.403,0.447,0.391,0.633,0.39,0.699,0.381,0.381,0.545,0.558,0.693,0.698,0.553,1.0,0.707,0.736,0.566,0.562,0.563,0.685,0.394,0.424,0.455,0.394,0.706,0.0,0.711,0.533,0.395,0.552,0.668,0.4,0.682,0.399,0.563,0.671,0.396,0.401,0.399,0.584,0.583,0.378,0.437
0.464,0.586,0.335,0.406,0.679,0.601,0.53,0.418,0.45,0.399,0.668,0.393,0.776,0.403,0.39,0.53,0.602,0.721,0.711,0.526,0.707,1.0,0.901,0.616,0.611,0.593,0.719,0.415,0.429,0.448,0.395,0.709,0.0,0.857,0.571,0.403,0.526,0.706,0.393,0.716,0.399,0.591,0.72,0.406,0.401,0.383,0.584,0.581,0.398,0.443
0.474,0.598,0.34,0.41,0.666,0.617,0.559,0.419,0.452,0.389,0.648,0.404,0.754,0.403,0.402,0.55,0.603,0.709,0.71,0.554,0.736,0.901,1.0,0.599,0.604,0.577,0.708,0.412,0.431,0.455,0.409,0.733,0.0,0.851,0.552,0.4,0.553,0.692,0.399,0.697,0.413,0.602,0.696,0.41,0.406,0.387,0.597,0.595,0.394,0.447
0.466,0.789,0.331,0.419,0.635,0.77,0.518,0.454,0.46,0.426,0.628,0.409,0.636,0.403,0.396,0.519,0.728,0.623,0.607,0.512,0.566,0.616,0.599,1.0,0.814,0.75,0.622,0.43,0.453,0.45,0.405,0.603,0.0,0.608,0.791,0.416,0.512,0.625,0.397,0.622,0.411,0.686,0.62,0.422,0.427,0.394,0.672,0.669,0.397,0.453
0.461,0.794,0.338,0.436,0.634,0.792,0.521,0.446,0.452,0.424,0.601,0.418,0.599,0.419,0.405,0.527,0.72,0.612,0.599,0.517,0.562,0.611,0.604,0.814,1.0,0.751,0.589,0.44,0.444,0.44,0.41,0.609,0.0,0.6,0.767,0.413,0.518,0.61,0.405,0.602,0.42,0.668,0.612,0.439,0.439,0.405,0.665,0.663,0.43,0.443
0.456,0.703,0.332,0.424,0.627,0.682,0.512,0.436,0.445,0.43,0.613,0.414,0.608,0.407,0.394,0.512,0.727,0.598,0.585,0.506,0.563,0.593,0.577,0.75,0.751,1.0,0.595,0.43,0.436,0.448,0.412,0.579,0.0,0.579,0.697,0.419,0.508,0.597,0.397,0.605,0.417,0.66,0.596,0.431,0.429,0.387,0.663,0.661,0.418,0.449
0.46,0.581,0.323,0.4,0.692,0.585,0.514,0.41,0.443,0.405,0.685,0.382,0.742,0.39,0.379,0.509,0.583,0.698,0.685,0.509,0.685,0.719,0.708,0.622,0.589,0.595,1.0,0.403,0.431,0.45,0.395,0.705,0.0,0.698,0.581,0.399,0.509,0.8,0.379,0.749,0.398,0.579,0.821,0.402,0.395,0.387,0.568,0.566,0.386,0.444
0.45,0.442,0.341,0.749,0.436,0.432,0.399,0.91,0.446,0.709,0.416,0.713,0.423,0.74,0.725,0.404,0.432,0.422,0.418,0.395,0.394,0.415,0.412,0.43,0.44,0.43,0.403,1.0,0.474,0.437,0.702,0.432,0.0,0.412,0.4,0.635,0.395,0.445,0.648,0.421,0.73,0.409,0.425,0.96,0.94,0.431,0.423,0.423,0.68,0.481
0.503,0.46,0.401,0.466,0.454,0.463,0.437,0.481,0.516,0.456,0.429,0.47,0.43,0.484,0.473,0.442,0.441,0.432,0.429,0.434,0.424,0.429,0.431,0.453,0.444,0.436,0.431,0.474,1.0,0.5,0.464,0.452,0.0,0.433,0.419,0.467,0.433,0.445,0.454,0.433,0.468,0.436,0.443,0.477,0.481,0.56,0.458,0.458,0.439,0.829
0.595,0.463,0.4,0.41,0.467,0.451,0.453,0.441,0.616,0.408,0.454,0.414,0.463,0.406,0.404,0.458,0.439,0.461,0.452,0.45,0.455,0.448,0.455,0.45,0.44,0.448,0.45,0.437,0.5,1.0,0.409,0.455,0.0,0.451,0.418,0.411,0.45,0.458,0.4,0.479,0.414,0.455,0.466,0.44,0.439,0.461,0.46,0.459,0.395,0.52
0.429,0.418,0.324,0.724,0.42,0.416,0.39,0.695,0.432,0.715,0.405,0.669,0.404,0.713,0.704,0.392,0.414,0.403,0.399,0.387,0.394,0.395,0.409,0.405,0.41,0.412,0.395,0.702,0.464,0.409,1.0,0.417,0.0,0.401,0.378,0.616,0.387,0.412,0.648,0.403,0.892,0.401,0.411,0.703,0.696,0.409,0.409,0.409,0.653,0.467
0.472,0.599,0.347,0.424,0.675,0.616,0.544,0.428,0.459,0.403,0.648,0.417,0.71,0.421,0.412,0.537,0.63,0.68,0.691,0.541,0.706,0.709,0.733,0.603,0.609,0.579,0.705,0.432,0.452,0.455,0.417,1.0,0.0,0.71,0.554,0.405,0.539,0.72,0.426,0.71,0.42,0.61,0.722,0.437,0.443,0.407,0.626,0.628,0.403,0.44
0.0,0.0,0.0,0.0,0.0,0.0,0.0,0.0,0.0,0.0,0.0,0.0,0.0,0.0,0.0,0.0,0.0,0.0,0.0,0.0,0.0,0.0,0.0,0.0,0.0,0.0,0.0,0.0,0.0,0.0,0.0,0.0,1.0,0.0,0.0,0.0,0.0,0.0,0.0,0.0,0.0,0.0,0.0,0.0,0.0,0.0,0.0,0.0,0.0,0.0
0.471,0.598,0.343,0.405,0.676,0.617,0.531,0.423,0.451,0.392,0.647,0.401,0.752,0.401,0.392,0.527,0.62,0.689,0.682,0.523,0.711,0.857,0.851,0.608,0.6,0.579,0.698,0.412,0.433,0.451,0.401,0.71,0.0,1.0,0.567,0.422,0.524,0.698,0.409,0.7,0.404,0.598,0.708,0.408,0.404,0.384,0.599,0.597,0.396,0.447
0.424,0.723,0.306,0.393,0.6,0.728,0.49,0.415,0.427,0.403,0.652,0.377,0.614,0.383,0.369,0.492,0.67,0.583,0.575,0.484,0.533,0.571,0.552,0.791,0.767,0.697,0.581,0.4,0.419,0.418,0.378,0.554,0.0,0.567,1.0,0.391,0.484,0.573,0.369,0.592,0.384,0.63,0.578,0.391,0.394,0.37,0.62,0.618,0.375,0.42
0.425,0.41,0.327,0.627,0.42,0.413,0.399,0.628,0.439,0.645,0.417,0.598,0.406,0.626,0.6,0.399,0.428,0.415,0.413,0.396,0.395,0.403,0.4,0.416,0.413,0.419,0.399,0.635,0.467,0.411,0.616,0.405,0.0,0.422,0.391,1.0,0.397,0.414,0.622,0.409,0.627,0.403,0.412,0.622,0.625,0.417,0.398,0.396,0.611,0.468
0.449,0.501,0.342,0.397,0.512,0.533,0.983,0.402,0.459,0.381,0.494,0.408,0.506,0.39,0.399,0.951,0.519,0.548,0.534,0.992,0.552,0.526,0.553,0.512,0.518,0.508,0.509,0.395,0.433,0.45,0.387,0.539,0.0,0.524,0.484,0.397,1.0,0.506,0.398,0.516,0.387,0.512,0.517,0.399,0.397,0.394,0.509,0.51,0.387,0.443
0.496,0.617,0.341,0.419,0.709,0.613,0.51,0.456,0.454,0.424,0.687,0.414,0.721,0.417,0.404,0.516,0.592,0.683,0.677,0.506,0.668,0.706,0.692,0.625,0.61,0.597,0.8,0.445,0.445,0.458,0.412,0.72,0.0,0.698,0.573,0.414,0.506,1.0,0.409,0.741,0.422,0.595,0.849,0.441,0.433,0.4,0.606,0.604,0.415,0.445
0.408,0.406,0.331,0.65,0.411,0.419,0.4,0.652,0.423,0.661,0.399,0.656,0.392,0.659,0.663,0.399,0.411,0.411,0.402,0.398,0.4,0.393,0.399,0.397,0.405,0.397,0.379,0.648,0.454,0.4,0.648,0.426,0.0,0.409,0.369,0.622,0.398,0.409,1.0,0.397,0.656,0.397,0.405,0.66,0.671,0.43,0.408,0.409,0.633,0.456
0.477,0.592,0.338,0.415,0.703,0.609,0.519,0.429,0.462,0.423,0.697,0.397,0.748,0.403,0.39,0.523,0.592,0.691,0.693,0.515,0.682,0.716,0.697,0.622,0.602,0.605,0.749,0.421,0.433,0.479,0.403,0.71,0.0,0.7,0.592,0.409,0.516,0.741,0.397,1.0,0.408,0.594,0.75,0.413,0.419,0.402,0.617,0.616,0.403,0.452
0.434,0.432,0.332,0.75,0.428,0.431,0.391,0.71,0.434,0.723,0.41,0.696,0.408,0.738,0.722,0.39,0.419,0.402,0.401,0.387,0.399,0.399,0.413,0.411,0.42,0.417,0.398,0.73,0.468,0.414,0.892,0.42,0.0,0.404,0.384,0.627,0.387,0.422,0.656,0.408,1.0,0.415,0.414,0.726,0.721,0.413,0.411,0.411,0.667,0.469
0.46,0.674,0.332,0.402,0.61,0.688,0.516,0.418,0.448,0.4,0.59,0.399,0.607,0.391,0.384,0.518,0.65,0.602,0.59,0.511,0.563,0.591,0.602,0.686,0.668,0.66,0.579,0.409,0.436,0.455,0.401,0.61,0.0,0.598,0.63,0.403,0.512,0.595,0.397,0.594,0.415,1.0,0.611,0.412,0.41,0.394,0.705,0.703,0.389,0.442
0.475,0.597,0.34,0.417,0.719,0.603,0.521,0.433,0.462,0.417,0.683,0.411,0.732,0.411,0.401,0.52,0.601,0.693,0.687,0.519,0.671,0.72,0.696,0.62,0.612,0.596,0.821,0.425,0.443,0.466,0.411,0.722,0.0,0.708,0.578,0.412,0.517,0.849,0.405,0.75,0.414,0.611,1.0,0.424,0.414,0.409,0.596,0.594,0.405,0.451
0.455,0.45,0.352,0.739,0.43,0.435,0.403,0.895,0.449,0.689,0.406,0.721,0.412,0.728,0.728,0.409,0.431,0.412,0.409,0.399,0.396,0.406,0.41,0.422,0.439,0.431,0.402,0.96,0.477,0.44,0.703,0.437,0.0,0.408,0.391,0.622,0.399,0.441,0.66,0.413,0.726,0.412,0.424,1.0,0.957,0.434,0.427,0.427,0.672,0.481
0.465,0.447,0.352,0.727,0.437,0.439,0.401,0.879,0.446,0.696,0.404,0.728,0.407,0.717,0.728,0.413,0.441,0.41,0.408,0.397,0.401,0.401,0.406,0.427,0.439,0.429,0.395,0.94,0.481,0.439,0.696,0.443,0.0,0.404,0.394,0.625,0.397,0.433,0.671,0.419,0.721,0.41,0.414,0.957,1.0,0.435,0.437,0.439,0.668,0.48
0.45,0.416,0.342,0.432,0.403,0.409,0.394,0.431,0.459,0.414,0.388,0.43,0.388,0.425,0.437,0.394,0.386,0.394,0.396,0.395,0.399,0.383,0.387,0.394,0.405,0.387,0.387,0.431,0.56,0.461,0.409,0.407,0.0,0.384,0.37,0.417,0.394,0.4,0.43,0.402,0.413,0.394,0.409,0.434,0.435,1.0,0.438,0.439,0.402,0.614
0.464,0.673,0.344,0.411,0.639,0.685,0.514,0.424,0.454,0.402,0.59,0.418,0.608,0.404,0.414,0.516,0.66,0.601,0.597,0.51,0.584,0.584,0.597,0.672,0.665,0.663,0.568,0.423,0.458,0.46,0.409,0.626,0.0,0.599,0.62,0.398,0.509,0.606,0.408,0.617,0.411,0.705,0.596,0.427,0.437,0.438,1.0,0.995,0.396,0.463
0.461,0.671,0.345,0.41,0.637,0.683,0.515,0.424,0.454,0.401,0.586,0.419,0.605,0.403,0.414,0.517,0.658,0.597,0.594,0.511,0.583,0.581,0.595,0.669,0.663,0.661,0.566,0.423,0.458,0.459,0.409,0.628,0.0,0.597,0.618,0.396,0.51,0.604,0.409,0.616,0.411,0.703,0.594,0.427,0.439,0.439,0.995,1.0,0.395,0.461
0.414,0.42,0.326,0.681,0.424,0.405,0.391,0.669,0.416,0.672,0.399,0.649,0.405,0.683,0.649,0.4,0.409,0.395,0.396,0.388,0.378,0.398,0.394,0.397,0.43,0.418,0.386,0.68,0.439,0.395,0.653,0.403,0.0,0.396,0.375,0.611,0.387,0.415,0.633,0.403,0.667,0.389,0.405,0.672,0.668,0.402,0.396,0.395,1.0,0.447
0.51,0.457,0.4,0.481,0.448,0.469,0.448,0.487,0.532,0.456,0.44,0.468,0.444,0.484,0.487,0.455,0.444,0.455,0.444,0.444,0.437,0.443,0.447,0.453,0.443,0.449,0.444,0.481,0.829,0.52,0.467,0.44,0.0,0.447,0.42,0.468,0.443,0.445,0.456,0.452,0.469,0.442,0.451,0.481,0.48,0.614,0.463,0.461,0.447,1.0
