GCF_000163235.1_ASM16323v1_genomic.fna,GCF_000164555.1_ASM16455v1_genomic.fna,GCF_000208545.1_ASM20854v2_genomic.fna,GCF_000233875.1_ASM23387v1_genomic.fna,GCF_000249735.1_ASM24973v2_genomic.fna,GCF_000261145.1_Esch_coli_M919_V2_genomic.fna,GCF_000267705.2_ASM26770v2_genomic.fna,GCF_000350665.1_Esch_coli_KTE5_V1_genomic.fna,GCF_000351625.1_Esch_coli_KTE66_V1_genomic.fna,GCF_000352285.1_Esch_coli_KTE46_V1_genomic.fna,GCF_000358895.1_ASM35889v1_genomic.fna,GCF_000456385.1_Esch_coli_HVH_26_4-5703913_V1_genomic.fna,GCF_000458195.1_Esch_coli_HVH_147_4-5893887_V1_genomic.fna,GCF_000459755.1_Esch_coli_KOEGE_58_171a_V1_genomic.fna,GCF_000460055.1_Esch_coli_UMEA_3053-1_V1_genomic.fna,GCF_000462165.2_ASM46216v2_genomic.fna,GCF_000601135.1_ASM60113v1_genomic.fna,GCF_000614595.1_Ec2010EL1058_genomic.fna,GCF_000617745.1_Ec2010C-4529_genomic.fna,GCF_000618265.2_EcF6751_genomic.fna,GCF_000619005.2_Ec2009C-4052_genomic.fna,GCF_000619105.1_Ec2009C-4780_genomic.fna,GCF_000619765.2_Ec2009C-3279_genomic.fna,GCF_000687005.1_ASM68700v1_genomic.fna,GCF_000687025.1_ASM68702v1_genomic.fna,GCF_000700125.1_ASM70012v1_genomic.fna,GCF_000753315.1_FHI35_genomic.fna,GCF_000776375.1_ASM77637v1_genomic.fna,GCF_000779395.1_ASM77939v1_genomic.fna,GCF_000780315.1_ASM78031v1_genomic.fna,GCF_000781995.1_ASM78199v1_genomic.fna,GCF_000986765.1_ASM98676v1_genomic.fna,GCF_001041375.1_ViralProj287958_genomic.fna,GCF_001265335.1_302014_genomic.fna,GCF_001265625.1_100854_genomic.fna,GCF_001267345.1_303289_genomic.fna,GCF_001309985.1_ASM130998v1_genomic.fna,GCF_001521695.1_ASM152169v1_genomic.fna,GCF_001592595.1_ASM159259v1_genomic.fna,GCF_001614975.1_ASM161497v1_genomic.fna,GCF_001692775.1_ASM169277v1_genomic.fna,GCF_001748915.1_ASM174891v1_genomic.fna,GCF_001749235.1_ASM174923v1_genomic.fna,GCF_001881155.1_ASM188115v1_genomic.fna,GCF_001881345.1_ASM188134v1_genomic.fna,GCF_001892405.1_ASM189240v1_genomic.fna,GCF_001892585.1_ASM189258v1_genomic.fna,GCF_001893985.1_ASM189398v1_genomic.fna,GCF_002001595.1_ASM200159v1_genomic.fna,GCF_002002145.1_ASM200214v1_genomic.fna
1.0,0.915,0.893,0.903,0.899,0.898,0.888,0.895,0.914,0.901,0.887,0.897,0.904,0.905,0.89,0.892,0.903,0.905,0.896,0.887,0.88,0.899,0.903,0.903,0.901,0.893,0.903,0.891,0.901,0.906,0.879,0.887,0.018,0.891,0.891,0.896,0.888,0.891,0.889,0.895,0.892,0.905,0.902,0.889,0.891,0.876,0.886,0.887,0.888,0.896
0.915,1.0,0.884,0.902,0.919,0.94,0.902,0.896,0.9,0.899,0.899,0.899,0.924,0.894,0.889,0.903,0.93,0.918,0.915,0.899,0.902,0.916,0.919,0.945,0.945,0.929,0.914,0.895,0.899,0.897,0.885,0.91,0.018,0.913,0.919,0.896,0.901,0.916,0.89,0.915,0.894,0.929,0.923,0.893,0.897,0.876,0.915,0.915,0.886,0.886
0.893,0.884,1.0,0.89,0.894,0.88,0.882,0.882,0.875,0.876,0.873,0.884,0.888,0.882,0.886,0.883,0.883,0.885,0.879,0.88,0.884,0.886,0.89,0.879,0.875,0.876,0.878,0.882,0.885,0.889,0.875,0.888,0.016,0.884,0.871,0.891,0.881,0.882,0.885,0.886,0.887,0.891,0.885,0.88,0.88,0.867,0.89,0.891,0.879,0.883
0.903,0.902,0.89,1.0,0.901,0.895,0.89,0.937,0.889,0.931,0.882,0.946,0.897,0.951,0.949,0.892,0.899,0.891,0.896,0.886,0.885,0.893,0.901,0.886,0.892,0.891,0.89,0.95,0.895,0.895,0.927,0.886,0.018,0.891,0.876,0.921,0.888,0.888,0.931,0.894,0.945,0.89,0.902,0.945,0.944,0.876,0.891,0.892,0.931,0.893
0.899,0.919,0.894,0.901,1.0,0.921,0.897,0.897,0.899,0.889,0.927,0.895,0.938,0.893,0.893,0.9,0.915,0.917,0.926,0.895,0.918,0.93,0.936,0.908,0.913,0.911,0.925,0.892,0.907,0.903,0.888,0.928,0.018,0.93,0.901,0.9,0.894,0.927,0.899,0.926,0.902,0.919,0.93,0.888,0.893,0.88,0.917,0.918,0.884,0.898
0.898,0.94,0.88,0.895,0.921,1.0,0.906,0.894,0.895,0.885,0.891,0.902,0.921,0.888,0.897,0.905,0.92,0.914,0.909,0.901,0.909,0.921,0.924,0.93,0.928,0.916,0.91,0.891,0.899,0.899,0.891,0.912,0.018,0.921,0.911,0.901,0.903,0.923,0.899,0.913,0.896,0.933,0.925,0.89,0.897,0.877,0.935,0.936,0.879,0.898
0.888,0.902,0.882,0.89,0.897,0.906,1.0,0.89,0.896,0.876,0.878,0.9,0.895,0.88,0.89,0.983,0.9,0.905,0.907,0.994,0.914,0.906,0.915,0.9,0.899,0.897,0.897,0.888,0.899,0.897,0.884,0.908,0.016,0.911,0.887,0.907,0.996,0.905,0.892,0.902,0.883,0.909,0.904,0.893,0.894,0.877,0.907,0.907,0.882,0.893
0.895,0.896,0.882,0.937,0.897,0.894,0.89,1.0,0.89,0.925,0.876,0.939,0.89,0.93,0.933,0.892,0.884,0.885,0.891,0.886,0.883,0.894,0.9,0.879,0.885,0.886,0.879,0.972,0.899,0.9,0.925,0.885,0.017,0.895,0.867,0.92,0.888,0.898,0.927,0.894,0.934,0.893,0.895,0.968,0.965,0.879,0.887,0.887,0.925,0.893
0.914,0.9,0.875,0.889,0.899,0.895,0.896,0.89,1.0,0.901,0.897,0.885,0.9,0.893,0.885,0.896,0.894,0.9,0.894,0.894,0.878,0.895,0.897,0.906,0.908,0.904,0.901,0.883,0.895,0.911,0.878,0.89,0.015,0.892,0.89,0.889,0.895,0.882,0.88,0.897,0.883,0.891,0.897,0.882,0.886,0.868,0.886,0.886,0.888,0.891
0.901,0.899,0.876,0.931,0.889,0.885,0.876,0.925,0.901,1.0,0.893,0.925,0.895,0.937,0.92,0.877,0.89,0.895,0.886,0.871,0.875,0.883,0.882,0.892,0.891,0.889,0.893,0.928,0.889,0.889,0.923,0.875,0.019,0.882,0.881,0.904,0.874,0.877,0.919,0.887,0.939,0.881,0.889,0.923,0.927,0.866,0.878,0.879,0.932,0.879
0.887,0.899,0.873,0.882,0.927,0.891,0.878,0.876,0.897,0.893,1.0,0.874,0.922,0.88,0.869,0.883,0.902,0.917,0.913,0.876,0.896,0.912,0.911,0.917,0.91,0.912,0.921,0.87,0.88,0.879,0.863,0.9,0.019,0.905,0.916,0.875,0.876,0.901,0.88,0.913,0.88,0.899,0.913,0.866,0.869,0.857,0.888,0.889,0.88,0.871
0.897,0.899,0.884,0.946,0.895,0.902,0.9,0.939,0.885,0.925,0.874,1.0,0.892,0.937,0.958,0.895,0.889,0.889,0.892,0.896,0.889,0.89,0.898,0.88,0.885,0.881,0.886,0.945,0.902,0.897,0.921,0.891,0.015,0.902,0.866,0.916,0.898,0.895,0.926,0.894,0.934,0.892,0.892,0.943,0.943,0.887,0.898,0.899,0.921,0.901
0.904,0.924,0.888,0.897,0.938,0.921,0.895,0.89,0.9,0.895,0.922,0.892,1.0,0.891,0.888,0.896,0.914,0.937,0.938,0.892,0.922,0.945,0.943,0.919,0.917,0.917,0.943,0.886,0.897,0.9,0.878,0.918,0.015,0.934,0.913,0.892,0.893,0.927,0.895,0.94,0.892,0.92,0.941,0.883,0.887,0.868,0.908,0.909,0.892,0.884
0.905,0.894,0.882,0.951,0.893,0.888,0.88,0.93,0.893,0.937,0.88,0.937,0.891,1.0,0.939,0.881,0.896,0.889,0.885,0.875,0.877,0.885,0.892,0.886,0.89,0.884,0.889,0.941,0.894,0.885,0.916,0.875,0.018,0.884,0.875,0.909,0.878,0.882,0.92,0.883,0.937,0.88,0.891,0.934,0.939,0.87,0.88,0.881,0.938,0.887
0.89,0.889,0.886,0.949,0.893,0.897,0.89,0.933,0.885,0.92,0.869,0.958,0.888,0.939,1.0,0.885,0.888,0.884,0.883,0.887,0.885,0.885,0.893,0.874,0.878,0.874,0.877,0.94,0.903,0.895,0.93,0.89,0.017,0.895,0.863,0.922,0.889,0.891,0.925,0.89,0.936,0.884,0.892,0.941,0.942,0.887,0.899,0.9,0.921,0.9
0.892,0.903,0.883,0.892,0.9,0.905,0.983,0.892,0.896,0.877,0.883,0.895,0.896,0.881,0.885,1.0,0.901,0.904,0.907,0.98,0.903,0.905,0.912,0.9,0.899,0.896,0.896,0.888,0.894,0.898,0.881,0.898,0.016,0.904,0.885,0.901,0.981,0.904,0.89,0.901,0.887,0.911,0.906,0.889,0.892,0.874,0.902,0.902,0.884,0.888
0.903,0.93,0.883,0.899,0.915,0.92,0.9,0.884,0.894,0.89,0.902,0.889,0.914,0.896,0.888,0.901,1.0,0.921,0.919,0.899,0.894,0.919,0.921,0.934,0.933,0.933,0.914,0.884,0.888,0.881,0.876,0.911,0.019,0.916,0.919,0.89,0.898,0.903,0.894,0.908,0.883,0.926,0.919,0.882,0.885,0.866,0.923,0.924,0.881,0.878
0.905,0.918,0.885,0.891,0.917,0.914,0.905,0.885,0.9,0.895,0.917,0.889,0.937,0.889,0.884,0.904,0.921,1.0,0.938,0.901,0.916,0.937,0.94,0.924,0.913,0.914,0.939,0.879,0.888,0.895,0.88,0.913,0.016,0.929,0.91,0.893,0.902,0.919,0.89,0.929,0.881,0.92,0.93,0.876,0.882,0.863,0.907,0.908,0.892,0.878
0.896,0.915,0.879,0.896,0.926,0.909,0.907,0.891,0.894,0.886,0.913,0.892,0.938,0.885,0.883,0.907,0.919,0.938,1.0,0.904,0.921,0.945,0.94,0.909,0.911,0.917,0.936,0.883,0.892,0.89,0.88,0.912,0.015,0.932,0.902,0.893,0.903,0.917,0.893,0.931,0.889,0.914,0.929,0.881,0.886,0.865,0.903,0.904,0.884,0.886
0.887,0.899,0.88,0.886,0.895,0.901,0.994,0.886,0.894,0.871,0.876,0.896,0.892,0.875,0.887,0.98,0.899,0.901,0.904,1.0,0.916,0.903,0.911,0.898,0.898,0.896,0.893,0.885,0.9,0.896,0.885,0.908,0.016,0.91,0.885,0.906,0.997,0.901,0.888,0.899,0.881,0.906,0.902,0.89,0.891,0.878,0.906,0.905,0.877,0.893
0.88,0.902,0.884,0.885,0.918,0.909,0.914,0.883,0.878,0.875,0.896,0.889,0.922,0.877,0.885,0.903,0.894,0.916,0.921,0.916,1.0,0.928,0.938,0.898,0.901,0.898,0.918,0.881,0.902,0.886,0.888,0.934,0.015,0.933,0.885,0.903,0.915,0.92,0.887,0.92,0.883,0.909,0.92,0.883,0.885,0.883,0.914,0.914,0.877,0.899
0.899,0.916,0.886,0.893,0.93,0.921,0.906,0.894,0.895,0.883,0.912,0.89,0.945,0.885,0.885,0.905,0.919,0.937,0.945,0.903,0.928,1.0,0.976,0.912,0.91,0.908,0.935,0.887,0.895,0.891,0.881,0.919,0.014,0.967,0.906,0.897,0.903,0.934,0.896,0.935,0.887,0.921,0.947,0.884,0.888,0.867,0.909,0.91,0.883,0.883
0.903,0.919,0.89,0.901,0.936,0.924,0.915,0.9,0.897,0.882,0.911,0.898,0.943,0.892,0.893,0.912,0.921,0.94,0.94,0.911,0.938,0.976,1.0,0.919,0.92,0.913,0.939,0.896,0.901,0.895,0.888,0.93,0.015,0.962,0.91,0.905,0.911,0.938,0.902,0.94,0.895,0.928,0.949,0.892,0.895,0.875,0.913,0.914,0.884,0.889
0.903,0.945,0.879,0.886,0.908,0.93,0.9,0.879,0.906,0.892,0.917,0.88,0.919,0.886,0.874,0.9,0.934,0.924,0.909,0.898,0.898,0.912,0.919,1.0,0.953,0.934,0.924,0.879,0.884,0.887,0.871,0.904,0.017,0.906,0.951,0.886,0.898,0.908,0.88,0.906,0.876,0.92,0.919,0.876,0.88,0.857,0.903,0.904,0.883,0.875
0.901,0.945,0.875,0.892,0.913,0.928,0.899,0.885,0.908,0.891,0.91,0.885,0.917,0.89,0.878,0.899,0.933,0.913,0.911,0.898,0.901,0.91,0.92,0.953,1.0,0.944,0.916,0.881,0.887,0.884,0.872,0.912,0.02,0.905,0.939,0.888,0.899,0.907,0.885,0.901,0.878,0.923,0.918,0.88,0.883,0.86,0.906,0.907,0.887,0.876
0.893,0.929,0.876,0.891,0.911,0.916,0.897,0.886,0.904,0.889,0.912,0.881,0.917,0.884,0.874,0.896,0.933,0.914,0.917,0.896,0.898,0.908,0.913,0.934,0.944,1.0,0.917,0.882,0.885,0.888,0.876,0.904,0.018,0.907,0.923,0.888,0.896,0.904,0.883,0.905,0.884,0.929,0.913,0.882,0.883,0.867,0.909,0.909,0.891,0.876
0.903,0.914,0.878,0.89,0.925,0.91,0.897,0.879,0.901,0.893,0.921,0.886,0.943,0.889,0.877,0.896,0.914,0.939,0.936,0.893,0.918,0.935,0.939,0.924,0.916,0.917,1.0,0.875,0.896,0.887,0.876,0.919,0.017,0.929,0.91,0.888,0.895,0.935,0.89,0.937,0.883,0.91,0.948,0.871,0.876,0.868,0.903,0.904,0.888,0.889
0.891,0.895,0.882,0.95,0.892,0.891,0.888,0.972,0.883,0.928,0.87,0.945,0.886,0.941,0.94,0.888,0.884,0.879,0.883,0.885,0.881,0.887,0.896,0.879,0.881,0.882,0.875,1.0,0.891,0.896,0.925,0.883,0.017,0.892,0.866,0.914,0.887,0.891,0.923,0.889,0.94,0.889,0.89,0.991,0.987,0.881,0.886,0.886,0.926,0.886
0.901,0.899,0.885,0.895,0.907,0.899,0.899,0.899,0.895,0.889,0.88,0.902,0.897,0.894,0.903,0.894,0.888,0.888,0.892,0.9,0.902,0.895,0.901,0.884,0.887,0.885,0.896,0.891,1.0,0.901,0.9,0.915,0.016,0.9,0.871,0.901,0.9,0.906,0.905,0.902,0.893,0.898,0.906,0.895,0.896,0.904,0.897,0.897,0.881,0.951
0.906,0.897,0.889,0.895,0.903,0.899,0.897,0.9,0.911,0.889,0.879,0.897,0.9,0.885,0.895,0.898,0.881,0.895,0.89,0.896,0.886,0.891,0.895,0.887,0.884,0.888,0.887,0.896,0.901,1.0,0.886,0.896,0.018,0.892,0.869,0.899,0.897,0.897,0.891,0.905,0.897,0.899,0.905,0.894,0.895,0.881,0.889,0.889,0.886,0.9
0.879,0.885,0.875,0.927,0.888,0.891,0.884,0.925,0.878,0.923,0.863,0.921,0.878,0.916,0.93,0.881,0.876,0.88,0.88,0.885,0.888,0.881,0.888,0.871,0.872,0.876,0.876,0.925,0.9,0.886,1.0,0.887,0.017,0.89,0.857,0.924,0.884,0.882,0.903,0.882,0.951,0.889,0.884,0.929,0.928,0.887,0.884,0.884,0.912,0.9
0.887,0.91,0.888,0.886,0.928,0.912,0.908,0.885,0.89,0.875,0.9,0.891,0.918,0.875,0.89,0.898,0.911,0.913,0.912,0.908,0.934,0.919,0.93,0.904,0.912,0.904,0.919,0.883,0.915,0.896,0.887,1.0,0.018,0.924,0.888,0.902,0.909,0.927,0.89,0.921,0.88,0.919,0.927,0.887,0.888,0.886,0.921,0.921,0.874,0.903
0.018,0.018,0.016,0.018,0.018,0.018,0.016,0.017,0.015,0.019,0.019,0.015,0.015,0.018,0.017,0.016,0.019,0.016,0.015,0.016,0.015,0.014,0.015,0.017,0.02,0.018,0.017,0.017,0.016,0.018,0.017,0.018,1.0,0.015,0.019,0.019,0.016,0.02,0.018,0.015,0.018,0.02,0.018,0.017,0.017,0.015,0.017,0.017,0.018,0.015
0.891,0.913,0.884,0.891,0.93,0.921,0.911,0.895,0.892,0.882,0.905,0.902,0.934,0.884,0.895,0.904,0.916,0.929,0.932,0.91,0.933,0.967,0.962,0.906,0.905,0.907,0.929,0.892,0.9,0.892,0.89,0.924,0.015,1.0,0.899,0.907,0.909,0.933,0.897,0.933,0.891,0.92,0.935,0.892,0.899,0.873,0.914,0.915,0.878,0.887
0.891,0.919,0.871,0.876,0.901,0.911,0.887,0.867,0.89,0.881,0.916,0.866,0.913,0.875,0.863,0.885,0.919,0.91,0.902,0.885,0.885,0.906,0.91,0.951,0.939,0.923,0.91,0.866,0.871,0.869,0.857,0.888,0.019,0.899,1.0,0.871,0.885,0.889,0.872,0.894,0.863,0.916,0.905,0.862,0.867,0.845,0.89,0.891,0.877,0.863
0.896,0.896,0.891,0.921,0.9,0.901,0.907,0.92,0.889,0.904,0.875,0.916,0.892,0.909,0.922,0.901,0.89,0.893,0.893,0.906,0.903,0.897,0.905,0.886,0.888,0.888,0.888,0.914,0.901,0.899,0.924,0.902,0.019,0.907,0.871,1.0,0.907,0.896,0.924,0.895,0.921,0.898,0.9,0.92,0.918,0.892,0.901,0.901,0.908,0.905
0.888,0.901,0.881,0.888,0.894,0.903,0.996,0.888,0.895,0.874,0.876,0.898,0.893,0.878,0.889,0.981,0.898,0.902,0.903,0.997,0.915,0.903,0.911,0.898,0.899,0.896,0.895,0.887,0.9,0.897,0.884,0.909,0.016,0.909,0.885,0.907,1.0,0.903,0.889,0.9,0.882,0.906,0.902,0.892,0.893,0.877,0.907,0.906,0.88,0.893
0.891,0.916,0.882,0.888,0.927,0.923,0.905,0.898,0.882,0.877,0.901,0.895,0.927,0.882,0.891,0.904,0.903,0.919,0.917,0.901,0.92,0.934,0.938,0.908,0.907,0.904,0.935,0.891,0.906,0.897,0.882,0.927,0.02,0.933,0.889,0.896,0.903,1.0,0.89,0.929,0.883,0.921,0.948,0.892,0.89,0.877,0.916,0.916,0.88,0.896
0.889,0.89,0.885,0.931,0.899,0.899,0.892,0.927,0.88,0.919,0.88,0.926,0.895,0.92,0.925,0.89,0.894,0.89,0.893,0.888,0.887,0.896,0.902,0.88,0.885,0.883,0.89,0.923,0.905,0.891,0.903,0.89,0.018,0.897,0.872,0.924,0.889,0.89,1.0,0.9,0.921,0.893,0.906,0.921,0.926,0.875,0.891,0.892,0.917,0.898
0.895,0.915,0.886,0.894,0.926,0.913,0.902,0.894,0.897,0.887,0.913,0.894,0.94,0.883,0.89,0.901,0.908,0.929,0.931,0.899,0.92,0.935,0.94,0.906,0.901,0.905,0.937,0.889,0.902,0.905,0.882,0.921,0.015,0.933,0.894,0.895,0.9,0.929,0.9,1.0,0.895,0.923,0.94,0.885,0.894,0.876,0.915,0.915,0.877,0.897
0.892,0.894,0.887,0.945,0.902,0.896,0.883,0.934,0.883,0.939,0.88,0.934,0.892,0.937,0.936,0.887,0.883,0.881,0.889,0.881,0.883,0.887,0.895,0.876,0.878,0.884,0.883,0.94,0.893,0.897,0.951,0.88,0.018,0.891,0.863,0.921,0.882,0.883,0.921,0.895,1.0,0.896,0.895,0.937,0.94,0.874,0.885,0.886,0.924,0.888
0.905,0.929,0.891,0.89,0.919,0.933,0.909,0.893,0.891,0.881,0.899,0.892,0.92,0.88,0.884,0.911,0.926,0.92,0.914,0.906,0.909,0.921,0.928,0.92,0.923,0.929,0.91,0.889,0.898,0.899,0.889,0.919,0.02,0.92,0.916,0.898,0.906,0.921,0.893,0.923,0.896,1.0,0.933,0.888,0.891,0.873,0.929,0.93,0.877,0.888
0.902,0.923,0.885,0.902,0.93,0.925,0.904,0.895,0.897,0.889,0.913,0.892,0.941,0.891,0.892,0.906,0.919,0.93,0.929,0.902,0.92,0.947,0.949,0.919,0.918,0.913,0.948,0.89,0.906,0.905,0.884,0.927,0.018,0.935,0.905,0.9,0.902,0.948,0.906,0.94,0.895,0.933,1.0,0.886,0.89,0.875,0.915,0.916,0.887,0.894
0.889,0.893,0.88,0.945,0.888,0.89,0.893,0.968,0.882,0.923,0.866,0.943,0.883,0.934,0.941,0.889,0.882,0.876,0.881,0.89,0.883,0.884,0.892,0.876,0.88,0.882,0.871,0.991,0.895,0.894,0.929,0.887,0.017,0.892,0.862,0.92,0.892,0.892,0.921,0.885,0.937,0.888,0.886,1.0,0.989,0.885,0.889,0.889,0.923,0.889
0.891,0.897,0.88,0.944,0.893,0.897,0.894,0.965,0.886,0.927,0.869,0.943,0.887,0.939,0.942,0.892,0.885,0.882,0.886,0.891,0.885,0.888,0.895,0.88,0.883,0.883,0.876,0.987,0.896,0.895,0.928,0.888,0.017,0.899,0.867,0.918,0.893,0.89,0.926,0.894,0.94,0.891,0.89,0.989,1.0,0.882,0.892,0.892,0.924,0.888
0.876,0.876,0.867,0.876,0.88,0.877,0.877,0.879,0.868,0.866,0.857,0.887,0.868,0.87,0.887,0.874,0.866,0.863,0.865,0.878,0.883,0.867,0.875,0.857,0.86,0.867,0.868,0.881,0.904,0.881,0.887,0.886,0.015,0.873,0.845,0.892,0.877,0.877,0.875,0.876,0.874,0.873,0.875,0.885,0.882,1.0,0.891,0.89,0.867,0.924
0.886,0.915,0.89,0.891,0.917,0.935,0.907,0.887,0.886,0.878,0.888,0.898,0.908,0.88,0.899,0.902,0.923,0.907,0.903,0.906,0.914,0.909,0.913,0.903,0.906,0.909,0.903,0.886,0.897,0.889,0.884,0.921,0.017,0.914,0.89,0.901,0.907,0.916,0.891,0.915,0.885,0.929,0.915,0.889,0.892,0.891,1.0,0.999,0.874,0.899
0.887,0.915,0.891,0.892,0.918,0.936,0.907,0.887,0.886,0.879,0.889,0.899,0.909,0.881,0.9,0.902,0.924,0.908,0.904,0.905,0.914,0.91,0.914,0.904,0.907,0.909,0.904,0.886,0.897,0.889,0.884,0.921,0.017,0.915,0.891,0.901,0.906,0.916,0.892,0.915,0.886,0.93,0.916,0.889,0.892,0.89,0.999,1.0,0.875,0.899
0.888,0.886,0.879,0.931,0.884,0.879,0.882,0.925,0.888,0.932,0.88,0.921,0.892,0.938,0.921,0.884,0.881,0.892,0.884,0.877,0.877,0.883,0.884,0.883,0.887,0.891,0.888,0.926,0.881,0.886,0.912,0.874,0.018,0.878,0.877,0.908,0.88,0.88,0.917,0.877,0.924,0.877,0.887,0.923,0.924,0.867,0.874,0.875,1.0,0.874
0.896,0.886,0.883,0.893,0.898,0.898,0.893,0.893,0.891,0.879,0.871,0.901,0.884,0.887,0.9,0.888,0.878,0.878,0.886,0.893,0.899,0.883,0.889,0.875,0.876,0.876,0.889,0.886,0.951,0.9,0.9,0.903,0.015,0.887,0.863,0.905,0.893,0.896,0.898,0.897,0.888,0.888,0.894,0.889,0.888,0.924,0.899,0.899,0.874,1.0
