GCF_000163235.1_ASM16323v1_genomic.fna,GCF_000164555.1_ASM16455v1_genomic.fna,GCF_000208545.1_ASM20854v2_genomic.fna,GCF_000233875.1_ASM23387v1_genomic.fna,GCF_000249735.1_ASM24973v2_genomic.fna,GCF_000261145.1_Esch_coli_M919_V2_genomic.fna,GCF_000267705.2_ASM26770v2_genomic.fna,GCF_000350665.1_Esch_coli_KTE5_V1_genomic.fna,GCF_000351625.1_Esch_coli_KTE66_V1_genomic.fna,GCF_000352285.1_Esch_coli_KTE46_V1_genomic.fna,GCF_000358895.1_ASM35889v1_genomic.fna,GCF_000456385.1_Esch_coli_HVH_26_4-5703913_V1_genomic.fna,GCF_000458195.1_Esch_coli_HVH_147_4-5893887_V1_genomic.fna,GCF_000459755.1_Esch_coli_KOEGE_58_171a_V1_genomic.fna,GCF_000460055.1_Esch_coli_UMEA_3053-1_V1_genomic.fna,GCF_000462165.2_ASM46216v2_genomic.fna,GCF_000601135.1_ASM60113v1_genomic.fna,GCF_000614595.1_Ec2010EL1058_genomic.fna,GCF_000617745.1_Ec2010C-4529_genomic.fna,GCF_000618265.2_EcF6751_genomic.fna,GCF_000619005.2_Ec2009C-4052_genomic.fna,GCF_000619105.1_Ec2009C-4780_genomic.fna,GCF_000619765.2_Ec2009C-3279_genomic.fna,GCF_000687005.1_ASM68700v1_genomic.fna,GCF_000687025.1_ASM68702v1_genomic.fna,GCF_000700125.1_ASM70012v1_genomic.fna,GCF_000753315.1_FHI35_genomic.fna,GCF_000776375.1_ASM77637v1_genomic.fna,GCF_000779395.1_ASM77939v1_genomic.fna,GCF_000780315.1_ASM78031v1_genomic.fna,GCF_000781995.1_ASM78199v1_genomic.fna,GCF_000986765.1_ASM98676v1_genomic.fna,GCF_001041375.1_ViralProj287958_genomic.fna,GCF_001265335.1_302014_genomic.fna,GCF_001265625.1_100854_genomic.fna,GCF_001267345.1_303289_genomic.fna,GCF_001309985.1_ASM130998v1_genomic.fna,GCF_001521695.1_ASM152169v1_genomic.fna,GCF_001592595.1_ASM159259v1_genomic.fna,GCF_001614975.1_ASM161497v1_genomic.fna,GCF_001692775.1_ASM169277v1_genomic.fna,GCF_001748915.1_ASM174891v1_genomic.fna,GCF_001749235.1_ASM174923v1_genomic.fna,GCF_001881155.1_ASM188115v1_genomic.fna,GCF_001881345.1_ASM188134v1_genomic.fna,GCF_001892405.1_ASM189240v1_genomic.fna,GCF_001892585.1_ASM189258v1_genomic.fna,GCF_001893985.1_ASM189398v1_genomic.fna,GCF_002001595.1_ASM200159v1_genomic.fna,GCF_002002145.1_ASM200214v1_genomic.fna
1.0,0.585,0.507,0.502,0.564,0.562,0.547,0.516,0.632,0.512,0.54,0.51,0.565,0.505,0.481,0.558,0.544,0.558,0.547,0.547,0.541,0.555,0.558,0.565,0.554,0.541,0.558,0.502,0.579,0.646,0.473,0.545,0.0,0.545,0.509,0.495,0.547,0.574,0.493,0.567,0.485,0.544,0.554,0.501,0.52,0.55,0.552,0.55,0.507,0.592
0.585,1.0,0.469,0.524,0.685,0.814,0.608,0.534,0.538,0.529,0.653,0.524,0.666,0.513,0.492,0.616,0.754,0.673,0.662,0.602,0.649,0.662,0.654,0.82,0.82,0.745,0.66,0.52,0.555,0.559,0.499,0.676,0.0,0.651,0.757,0.513,0.604,0.694,0.5,0.673,0.502,0.729,0.673,0.53,0.539,0.525,0.73,0.731,0.528,0.558
0.507,0.469,1.0,0.437,0.454,0.457,0.446,0.455,0.473,0.45,0.443,0.438,0.453,0.452,0.437,0.454,0.447,0.457,0.456,0.444,0.455,0.448,0.454,0.458,0.453,0.441,0.458,0.442,0.473,0.488,0.435,0.46,0.0,0.453,0.416,0.445,0.447,0.467,0.443,0.461,0.442,0.452,0.462,0.446,0.446,0.447,0.468,0.468,0.45,0.491
0.502,0.524,0.437,1.0,0.511,0.52,0.498,0.765,0.5,0.753,0.493,0.767,0.498,0.817,0.794,0.493,0.494,0.502,0.499,0.495,0.491,0.495,0.495,0.514,0.523,0.501,0.501,0.797,0.545,0.496,0.759,0.5,0.0,0.477,0.481,0.674,0.498,0.51,0.703,0.493,0.781,0.497,0.501,0.789,0.784,0.511,0.486,0.485,0.731,0.559
0.564,0.685,0.454,0.511,1.0,0.683,0.594,0.518,0.539,0.525,0.779,0.502,0.745,0.526,0.494,0.608,0.662,0.699,0.705,0.592,0.702,0.709,0.699,0.675,0.673,0.667,0.737,0.513,0.563,0.568,0.484,0.706,0.0,0.693,0.628,0.497,0.593,0.751,0.497,0.744,0.497,0.685,0.742,0.505,0.513,0.524,0.682,0.683,0.528,0.563
0.562,0.814,0.457,0.52,0.683,1.0,0.621,0.529,0.554,0.514,0.651,0.495,0.676,0.519,0.484,0.625,0.738,0.684,0.671,0.615,0.636,0.675,0.669,0.813,0.832,0.738,0.666,0.519,0.57,0.562,0.483,0.661,0.0,0.659,0.766,0.507,0.617,0.683,0.504,0.671,0.49,0.731,0.674,0.511,0.507,0.527,0.726,0.726,0.524,0.574
0.547,0.608,0.446,0.498,0.594,0.621,1.0,0.504,0.519,0.475,0.587,0.496,0.598,0.494,0.481,0.964,0.596,0.662,0.638,0.99,0.647,0.639,0.658,0.608,0.61,0.59,0.616,0.488,0.528,0.53,0.483,0.62,0.0,0.618,0.574,0.518,0.992,0.607,0.498,0.61,0.482,0.601,0.614,0.496,0.497,0.501,0.592,0.594,0.492,0.533
0.516,0.534,0.455,0.765,0.518,0.529,0.504,1.0,0.496,0.744,0.493,0.74,0.505,0.773,0.73,0.504,0.505,0.507,0.507,0.501,0.494,0.498,0.496,0.527,0.524,0.503,0.503,0.906,0.546,0.502,0.739,0.503,0.0,0.482,0.482,0.682,0.503,0.542,0.712,0.501,0.749,0.5,0.5,0.913,0.9,0.52,0.506,0.505,0.722,0.552
0.632,0.538,0.473,0.5,0.539,0.554,0.519,0.496,1.0,0.518,0.547,0.485,0.558,0.523,0.489,0.523,0.523,0.542,0.528,0.518,0.509,0.53,0.527,0.564,0.539,0.543,0.564,0.504,0.596,0.657,0.476,0.519,0.0,0.516,0.527,0.511,0.518,0.538,0.489,0.555,0.48,0.545,0.558,0.489,0.489,0.527,0.527,0.526,0.499,0.598
0.512,0.529,0.45,0.753,0.525,0.514,0.475,0.744,0.518,1.0,0.52,0.715,0.53,0.768,0.715,0.482,0.483,0.489,0.502,0.473,0.475,0.481,0.471,0.527,0.512,0.516,0.507,0.764,0.551,0.514,0.752,0.481,0.0,0.469,0.49,0.672,0.473,0.504,0.687,0.508,0.757,0.501,0.508,0.738,0.754,0.501,0.488,0.486,0.728,0.543
0.54,0.653,0.443,0.493,0.779,0.651,0.587,0.493,0.547,0.52,1.0,0.476,0.778,0.508,0.47,0.597,0.632,0.699,0.7,0.583,0.672,0.707,0.692,0.687,0.651,0.682,0.739,0.499,0.553,0.556,0.469,0.682,0.0,0.683,0.676,0.493,0.584,0.717,0.484,0.743,0.471,0.67,0.747,0.482,0.485,0.492,0.645,0.645,0.498,0.548
0.51,0.524,0.438,0.767,0.502,0.495,0.496,0.74,0.485,0.715,0.476,1.0,0.48,0.769,0.869,0.497,0.487,0.482,0.483,0.495,0.495,0.475,0.487,0.501,0.502,0.494,0.481,0.737,0.536,0.487,0.729,0.5,0.0,0.471,0.459,0.659,0.495,0.494,0.718,0.482,0.754,0.478,0.482,0.751,0.761,0.525,0.485,0.486,0.695,0.542
0.565,0.666,0.453,0.498,0.745,0.676,0.598,0.505,0.558,0.53,0.778,0.48,1.0,0.501,0.471,0.603,0.64,0.735,0.739,0.593,0.719,0.789,0.775,0.69,0.657,0.677,0.797,0.5,0.57,0.573,0.478,0.728,0.0,0.762,0.648,0.49,0.595,0.768,0.489,0.793,0.48,0.68,0.784,0.485,0.485,0.502,0.662,0.663,0.511,0.561
0.505,0.513,0.452,0.817,0.526,0.519,0.494,0.773,0.523,0.768,0.508,0.769,0.501,1.0,0.802,0.492,0.489,0.503,0.505,0.492,0.486,0.491,0.486,0.512,0.515,0.502,0.512,0.81,0.57,0.509,0.759,0.496,0.0,0.471,0.481,0.682,0.492,0.516,0.711,0.498,0.78,0.494,0.506,0.79,0.786,0.524,0.486,0.485,0.747,0.569
0.481,0.492,0.437,0.794,0.494,0.484,0.481,0.73,0.489,0.715,0.47,0.869,0.471,0.802,1.0,0.476,0.477,0.475,0.467,0.481,0.479,0.471,0.48,0.479,0.482,0.473,0.474,0.748,0.534,0.481,0.766,0.492,0.0,0.467,0.447,0.662,0.478,0.484,0.722,0.472,0.781,0.461,0.474,0.754,0.751,0.53,0.483,0.483,0.709,0.556
0.558,0.616,0.454,0.493,0.608,0.625,0.964,0.504,0.523,0.482,0.597,0.497,0.603,0.492,0.476,1.0,0.602,0.65,0.633,0.96,0.632,0.636,0.648,0.611,0.611,0.594,0.612,0.488,0.526,0.537,0.479,0.614,0.0,0.616,0.571,0.517,0.961,0.61,0.498,0.613,0.481,0.609,0.613,0.494,0.502,0.501,0.598,0.6,0.5,0.531
0.544,0.754,0.447,0.494,0.662,0.738,0.596,0.505,0.523,0.483,0.632,0.487,0.64,0.489,0.477,0.602,1.0,0.657,0.647,0.59,0.623,0.651,0.646,0.755,0.753,0.755,0.642,0.49,0.532,0.536,0.463,0.663,0.0,0.64,0.685,0.497,0.591,0.645,0.493,0.654,0.468,0.717,0.647,0.499,0.5,0.49,0.725,0.726,0.489,0.536
0.558,0.673,0.457,0.502,0.699,0.684,0.662,0.507,0.542,0.489,0.699,0.482,0.735,0.503,0.475,0.65,0.657,1.0,0.798,0.655,0.762,0.793,0.783,0.675,0.661,0.653,0.743,0.492,0.558,0.55,0.481,0.732,0.0,0.746,0.629,0.524,0.657,0.724,0.5,0.742,0.476,0.688,0.729,0.49,0.49,0.509,0.672,0.671,0.496,0.557
0.547,0.662,0.456,0.499,0.705,0.671,0.638,0.507,0.528,0.502,0.7,0.483,0.739,0.505,0.467,0.633,0.647,0.798,1.0,0.634,0.757,0.775,0.759,0.683,0.662,0.657,0.752,0.504,0.549,0.554,0.477,0.722,0.0,0.708,0.636,0.501,0.635,0.724,0.493,0.749,0.479,0.691,0.732,0.491,0.489,0.501,0.651,0.653,0.502,0.552
0.547,0.602,0.444,0.495,0.592,0.615,0.99,0.501,0.518,0.473,0.583,0.495,0.593,0.492,0.481,0.96,0.59,0.655,0.634,1.0,0.649,0.633,0.654,0.604,0.603,0.587,0.613,0.486,0.523,0.528,0.48,0.618,0.0,0.613,0.57,0.513,0.993,0.604,0.496,0.606,0.481,0.598,0.61,0.493,0.494,0.503,0.588,0.59,0.49,0.532
0.541,0.649,0.455,0.491,0.702,0.636,0.647,0.494,0.509,0.475,0.672,0.495,0.719,0.486,0.479,0.632,0.623,0.762,0.757,0.649,1.0,0.768,0.79,0.646,0.632,0.638,0.747,0.482,0.521,0.533,0.47,0.754,0.0,0.757,0.599,0.515,0.646,0.728,0.511,0.741,0.479,0.639,0.725,0.491,0.494,0.521,0.657,0.659,0.481,0.539
0.555,0.662,0.448,0.495,0.709,0.675,0.639,0.498,0.53,0.481,0.707,0.475,0.789,0.491,0.471,0.636,0.651,0.793,0.775,0.633,0.768,1.0,0.932,0.665,0.654,0.64,0.764,0.49,0.549,0.542,0.466,0.749,0.0,0.864,0.621,0.495,0.633,0.766,0.489,0.765,0.467,0.673,0.766,0.484,0.483,0.512,0.653,0.654,0.497,0.556
0.558,0.654,0.454,0.495,0.699,0.669,0.658,0.496,0.527,0.471,0.692,0.487,0.775,0.486,0.48,0.648,0.646,0.783,0.759,0.654,0.79,0.932,1.0,0.659,0.651,0.637,0.76,0.48,0.542,0.531,0.472,0.758,0.0,0.871,0.612,0.504,0.653,0.754,0.501,0.752,0.475,0.659,0.751,0.489,0.486,0.515,0.645,0.648,0.487,0.55
0.565,0.82,0.458,0.514,0.675,0.813,0.608,0.527,0.564,0.527,0.687,0.501,0.69,0.512,0.479,0.611,0.755,0.675,0.683,0.604,0.646,0.665,0.659,1.0,0.838,0.773,0.68,0.519,0.569,0.573,0.476,0.661,0.0,0.646,0.798,0.511,0.604,0.669,0.495,0.687,0.483,0.754,0.685,0.505,0.505,0.508,0.718,0.718,0.51,0.556
0.554,0.82,0.453,0.523,0.673,0.832,0.61,0.524,0.539,0.512,0.651,0.502,0.657,0.515,0.482,0.611,0.753,0.661,0.662,0.603,0.632,0.654,0.651,0.838,1.0,0.76,0.66,0.514,0.557,0.556,0.479,0.671,0.0,0.636,0.778,0.499,0.605,0.665,0.498,0.663,0.484,0.734,0.666,0.506,0.508,0.51,0.715,0.713,0.523,0.554
0.541,0.745,0.441,0.501,0.667,0.738,0.59,0.503,0.543,0.516,0.682,0.494,0.677,0.502,0.473,0.594,0.755,0.653,0.657,0.587,0.638,0.64,0.637,0.773,0.76,1.0,0.669,0.501,0.552,0.552,0.464,0.638,0.0,0.625,0.724,0.491,0.589,0.66,0.478,0.675,0.464,0.715,0.669,0.497,0.501,0.502,0.712,0.713,0.509,0.544
0.558,0.66,0.458,0.501,0.737,0.666,0.616,0.503,0.564,0.507,0.739,0.481,0.797,0.512,0.474,0.612,0.642,0.743,0.752,0.613,0.747,0.764,0.76,0.68,0.66,0.669,1.0,0.502,0.579,0.571,0.476,0.755,0.0,0.734,0.633,0.493,0.614,0.831,0.486,0.797,0.478,0.677,0.862,0.492,0.488,0.515,0.653,0.655,0.506,0.571
0.502,0.52,0.442,0.797,0.513,0.519,0.488,0.906,0.504,0.764,0.499,0.737,0.5,0.81,0.748,0.488,0.49,0.492,0.504,0.486,0.482,0.49,0.48,0.519,0.514,0.501,0.502,1.0,0.556,0.511,0.738,0.489,0.0,0.468,0.478,0.677,0.487,0.521,0.697,0.498,0.767,0.492,0.501,0.954,0.937,0.514,0.494,0.493,0.735,0.555
0.579,0.555,0.473,0.545,0.563,0.57,0.528,0.546,0.596,0.551,0.553,0.536,0.57,0.57,0.534,0.526,0.532,0.558,0.549,0.523,0.521,0.549,0.542,0.569,0.557,0.552,0.579,0.556,1.0,0.58,0.521,0.537,0.0,0.538,0.539,0.545,0.526,0.567,0.539,0.567,0.521,0.546,0.571,0.534,0.535,0.611,0.523,0.522,0.548,0.855
0.646,0.559,0.488,0.496,0.568,0.562,0.53,0.502,0.657,0.514,0.556,0.487,0.573,0.509,0.481,0.537,0.536,0.55,0.554,0.528,0.533,0.542,0.531,0.573,0.556,0.552,0.571,0.511,0.58,1.0,0.474,0.524,0.0,0.522,0.521,0.498,0.53,0.565,0.488,0.586,0.488,0.565,0.573,0.494,0.493,0.55,0.562,0.563,0.513,0.593
0.473,0.499,0.435,0.759,0.484,0.483,0.483,0.739,0.476,0.752,0.469,0.729,0.478,0.759,0.766,0.479,0.463,0.481,0.477,0.48,0.47,0.466,0.472,0.476,0.479,0.464,0.476,0.738,0.521,0.474,1.0,0.487,0.0,0.468,0.445,0.665,0.48,0.485,0.697,0.471,0.899,0.468,0.469,0.742,0.741,0.505,0.472,0.472,0.704,0.528
0.545,0.676,0.46,0.5,0.706,0.661,0.62,0.503,0.519,0.481,0.682,0.5,0.728,0.496,0.492,0.614,0.663,0.732,0.722,0.618,0.754,0.749,0.758,0.661,0.671,0.638,0.755,0.489,0.537,0.524,0.487,1.0,0.0,0.744,0.608,0.496,0.615,0.749,0.508,0.761,0.484,0.659,0.748,0.494,0.497,0.52,0.661,0.663,0.492,0.544
0.0,0.0,0.0,0.0,0.0,0.0,0.0,0.0,0.0,0.0,0.0,0.0,0.0,0.0,0.0,0.0,0.0,0.0,0.0,0.0,0.0,0.0,0.0,0.0,0.0,0.0,0.0,0.0,0.0,0.0,0.0,0.0,1.0,0.0,0.0,0.0,0.0,0.0,0.0,0.0,0.0,0.0,0.0,0.0,0.0,0.0,0.0,0.0,0.0,0.0
0.545,0.651,0.453,0.477,0.693,0.659,0.618,0.482,0.516,0.469,0.683,0.471,0.762,0.471,0.467,0.616,0.64,0.746,0.708,0.613,0.757,0.864,0.871,0.646,0.636,0.625,0.734,0.468,0.538,0.522,0.468,0.744,0.0,1.0,0.61,0.501,0.613,0.742,0.501,0.74,0.467,0.651,0.753,0.473,0.476,0.499,0.643,0.646,0.476,0.54
0.509,0.757,0.416,0.481,0.628,0.766,0.574,0.482,0.527,0.49,0.676,0.459,0.648,0.481,0.447,0.571,0.685,0.629,0.636,0.57,0.599,0.621,0.612,0.798,0.778,0.724,0.633,0.478,0.539,0.521,0.445,0.608,0.0,0.61,1.0,0.467,0.57,0.614,0.463,0.64,0.449,0.688,0.641,0.464,0.465,0.477,0.665,0.663,0.472,0.522
0.495,0.513,0.445,0.674,0.497,0.507,0.518,0.682,0.511,0.672,0.493,0.659,0.49,0.682,0.662,0.517,0.497,0.524,0.501,0.513,0.515,0.495,0.504,0.511,0.499,0.491,0.493,0.677,0.545,0.498,0.665,0.496,0.0,0.501,0.467,1.0,0.514,0.492,0.691,0.503,0.673,0.497,0.485,0.686,0.685,0.515,0.487,0.488,0.666,0.55
0.547,0.604,0.447,0.498,0.593,0.617,0.992,0.503,0.518,0.473,0.584,0.495,0.595,0.492,0.478,0.961,0.591,0.657,0.635,0.993,0.646,0.633,0.653,0.604,0.605,0.589,0.614,0.487,0.526,0.53,0.48,0.615,0.0,0.613,0.57,0.514,1.0,0.605,0.494,0.608,0.48,0.598,0.611,0.495,0.496,0.502,0.589,0.591,0.491,0.534
0.574,0.694,0.467,0.51,0.751,0.683,0.607,0.542,0.538,0.504,0.717,0.494,0.768,0.516,0.484,0.61,0.645,0.724,0.724,0.604,0.728,0.766,0.754,0.669,0.665,0.66,0.831,0.521,0.567,0.565,0.485,0.749,0.0,0.742,0.614,0.492,0.605,1.0,0.497,0.781,0.491,0.677,0.863,0.516,0.505,0.531,0.674,0.674,0.522,0.57
0.493,0.5,0.443,0.703,0.497,0.504,0.498,0.712,0.489,0.687,0.484,0.718,0.489,0.711,0.722,0.498,0.493,0.5,0.493,0.496,0.511,0.489,0.501,0.495,0.498,0.478,0.486,0.697,0.539,0.488,0.697,0.508,0.0,0.501,0.463,0.691,0.494,0.497,1.0,0.489,0.709,0.476,0.48,0.714,0.713,0.517,0.48,0.48,0.682,0.547
0.567,0.673,0.461,0.493,0.744,0.671,0.61,0.501,0.555,0.508,0.743,0.482,0.793,0.498,0.472,0.613,0.654,0.742,0.749,0.606,0.741,0.765,0.752,0.687,0.663,0.675,0.797,0.498,0.567,0.586,0.471,0.761,0.0,0.74,0.64,0.503,0.608,0.781,0.489,1.0,0.473,0.691,0.798,0.483,0.487,0.521,0.681,0.682,0.504,0.576
0.485,0.502,0.442,0.781,0.497,0.49,0.482,0.749,0.48,0.757,0.471,0.754,0.48,0.78,0.781,0.481,0.468,0.476,0.479,0.481,0.479,0.467,0.475,0.483,0.484,0.464,0.478,0.767,0.521,0.488,0.899,0.484,0.0,0.467,0.449,0.673,0.48,0.491,0.709,0.473,1.0,0.475,0.467,0.775,0.769,0.506,0.474,0.475,0.71,0.528
0.544,0.729,0.452,0.497,0.685,0.731,0.601,0.5,0.545,0.501,0.67,0.478,0.68,0.494,0.461,0.609,0.717,0.688,0.691,0.598,0.639,0.673,0.659,0.754,0.734,0.715,0.677,0.492,0.546,0.565,0.468,0.659,0.0,0.651,0.688,0.497,0.598,0.677,0.476,0.691,0.475,1.0,0.698,0.486,0.486,0.495,0.734,0.734,0.504,0.539
0.554,0.673,0.462,0.501,0.742,0.674,0.614,0.5,0.558,0.508,0.747,0.482,0.784,0.506,0.474,0.613,0.647,0.729,0.732,0.61,0.725,0.766,0.751,0.685,0.666,0.669,0.862,0.501,0.571,0.573,0.469,0.748,0.0,0.753,0.641,0.485,0.611,0.863,0.48,0.798,0.467,0.698,1.0,0.488,0.487,0.511,0.669,0.669,0.504,0.562
0.501,0.53,0.446,0.789,0.505,0.511,0.496,0.913,0.489,0.738,0.482,0.751,0.485,0.79,0.754,0.494,0.499,0.49,0.491,0.493,0.491,0.484,0.489,0.505,0.506,0.497,0.492,0.954,0.534,0.494,0.742,0.494,0.0,0.473,0.464,0.686,0.495,0.516,0.714,0.483,0.775,0.486,0.488,1.0,0.966,0.518,0.493,0.494,0.729,0.541
0.52,0.539,0.446,0.784,0.513,0.507,0.497,0.9,0.489,0.754,0.485,0.761,0.485,0.786,0.751,0.502,0.5,0.49,0.489,0.494,0.494,0.483,0.486,0.505,0.508,0.501,0.488,0.937,0.535,0.493,0.741,0.497,0.0,0.476,0.465,0.685,0.496,0.505,0.713,0.487,0.769,0.486,0.487,0.966,1.0,0.518,0.498,0.499,0.722,0.541
0.55,0.525,0.447,0.511,0.524,0.527,0.501,0.52,0.527,0.501,0.492,0.525,0.502,0.524,0.53,0.501,0.49,0.509,0.501,0.503,0.521,0.512,0.515,0.508,0.51,0.502,0.515,0.514,0.611,0.55,0.505,0.52,0.0,0.499,0.477,0.515,0.502,0.531,0.517,0.521,0.506,0.495,0.511,0.518,0.518,1.0,0.545,0.545,0.518,0.676
0.552,0.73,0.468,0.486,0.682,0.726,0.592,0.506,0.527,0.488,0.645,0.485,0.662,0.486,0.483,0.598,0.725,0.672,0.651,0.588,0.657,0.653,0.645,0.718,0.715,0.712,0.653,0.494,0.523,0.562,0.472,0.661,0.0,0.643,0.665,0.487,0.589,0.674,0.48,0.681,0.474,0.734,0.669,0.493,0.498,0.545,1.0,0.995,0.499,0.553
0.55,0.731,0.468,0.485,0.683,0.726,0.594,0.505,0.526,0.486,0.645,0.486,0.663,0.485,0.483,0.6,0.726,0.671,0.653,0.59,0.659,0.654,0.648,0.718,0.713,0.713,0.655,0.493,0.522,0.563,0.472,0.663,0.0,0.646,0.663,0.488,0.591,0.674,0.48,0.682,0.475,0.734,0.669,0.494,0.499,0.545,0.995,1.0,0.497,0.552
0.507,0.528,0.45,0.731,0.528,0.524,0.492,0.722,0.499,0.728,0.498,0.695,0.511,0.747,0.709,0.5,0.489,0.496,0.502,0.49,0.481,0.497,0.487,0.51,0.523,0.509,0.506,0.735,0.548,0.513,0.704,0.492,0.0,0.476,0.472,0.666,0.491,0.522,0.682,0.504,0.71,0.504,0.504,0.729,0.722,0.518,0.499,0.497,1.0,0.561
0.592,0.558,0.491,0.559,0.563,0.574,0.533,0.552,0.598,0.543,0.548,0.542,0.561,0.569,0.556,0.531,0.536,0.557,0.552,0.532,0.539,0.556,0.55,0.556,0.554,0.544,0.571,0.555,0.855,0.593,0.528,0.544,0.0,0.54,0.522,0.55,0.534,0.57,0.547,0.576,0.528,0.539,0.562,0.541,0.541,0.676,0.553,0.552,0.561,1.0
