GCF_000163235.1_ASM16323v1_genomic.fna,GCF_000164555.1_ASM16455v1_genomic.fna,GCF_000208545.1_ASM20854v2_genomic.fna,GCF_000233875.1_ASM23387v1_genomic.fna,GCF_000249735.1_ASM24973v2_genomic.fna,GCF_000261145.1_Esch_coli_M919_V2_genomic.fna,GCF_000267705.2_ASM26770v2_genomic.fna,GCF_000350665.1_Esch_coli_KTE5_V1_genomic.fna,GCF_000351625.1_Esch_coli_KTE66_V1_genomic.fna,GCF_000352285.1_Esch_coli_KTE46_V1_genomic.fna,GCF_000358895.1_ASM35889v1_genomic.fna,GCF_000456385.1_Esch_coli_HVH_26_4-5703913_V1_genomic.fna,GCF_000458195.1_Esch_coli_HVH_147_4-5893887_V1_genomic.fna,GCF_000459755.1_Esch_coli_KOEGE_58_171a_V1_genomic.fna,GCF_000460055.1_Esch_coli_UMEA_3053-1_V1_genomic.fna,GCF_000462165.2_ASM46216v2_genomic.fna,GCF_000601135.1_ASM60113v1_genomic.fna,GCF_000614595.1_Ec2010EL1058_genomic.fna,GCF_000617745.1_Ec2010C-4529_genomic.fna,GCF_000618265.2_EcF6751_genomic.fna,GCF_000619005.2_Ec2009C-4052_genomic.fna,GCF_000619105.1_Ec2009C-4780_genomic.fna,GCF_000619765.2_Ec2009C-3279_genomic.fna,GCF_000687005.1_ASM68700v1_genomic.fna,GCF_000687025.1_ASM68702v1_genomic.fna,GCF_000700125.1_ASM70012v1_genomic.fna,GCF_000753315.1_FHI35_genomic.fna,GCF_000776375.1_ASM77637v1_genomic.fna,GCF_000779395.1_ASM77939v1_genomic.fna,GCF_000780315.1_ASM78031v1_genomic.fna,GCF_000781995.1_ASM78199v1_genomic.fna,GCF_000986765.1_ASM98676v1_genomic.fna,GCF_001041375.1_ViralProj287958_genomic.fna,GCF_001265335.1_302014_genomic.fna,GCF_001265625.1_100854_genomic.fna,GCF_001267345.1_303289_genomic.fna,GCF_001309985.1_ASM130998v1_genomic.fna,GCF_001521695.1_ASM152169v1_genomic.fna,GCF_001592595.1_ASM159259v1_genomic.fna,GCF_001614975.1_ASM161497v1_genomic.fna,GCF_001692775.1_ASM169277v1_genomic.fna,GCF_001748915.1_ASM174891v1_genomic.fna,GCF_001749235.1_ASM174923v1_genomic.fna,GCF_001881155.1_ASM188115v1_genomic.fna,GCF_001881345.1_ASM188134v1_genomic.fna,GCF_001892405.1_ASM189240v1_genomic.fna,GCF_001892585.1_ASM189258v1_genomic.fna,GCF_001893985.1_ASM189398v1_genomic.fna,GCF_002001595.1_ASM200159v1_genomic.fna,GCF_002002145.1_ASM200214v1_genomic.fna
1.0,0.576,0.491,0.513,0.555,0.557,0.546,0.521,0.637,0.528,0.54,0.529,0.552,0.506,0.498,0.561,0.543,0.554,0.551,0.543,0.534,0.558,0.55,0.554,0.537,0.534,0.554,0.503,0.588,0.644,0.498,0.544,0.0,0.541,0.522,0.514,0.548,0.562,0.494,0.554,0.51,0.547,0.558,0.513,0.532,0.531,0.536,0.537,0.491,0.59
0.576,1.0,0.457,0.517,0.685,0.794,0.589,0.517,0.547,0.514,0.655,0.532,0.676,0.509,0.508,0.608,0.749,0.662,0.667,0.587,0.638,0.658,0.654,0.803,0.797,0.75,0.674,0.508,0.564,0.558,0.503,0.671,0.0,0.645,0.757,0.497,0.593,0.687,0.5,0.677,0.507,0.73,0.679,0.532,0.535,0.511,0.729,0.729,0.504,0.559
0.491,0.457,1.0,0.403,0.426,0.433,0.427,0.41,0.456,0.401,0.433,0.419,0.438,0.399,0.404,0.427,0.431,0.432,0.432,0.426,0.434,0.441,0.452,0.429,0.42,0.427,0.439,0.399,0.458,0.482,0.389,0.453,0.0,0.448,0.396,0.412,0.425,0.439,0.41,0.438,0.396,0.429,0.449,0.416,0.414,0.453,0.435,0.435,0.398,0.468
0.513,0.517,0.403,1.0,0.505,0.5,0.461,0.755,0.504,0.753,0.493,0.754,0.505,0.801,0.792,0.471,0.481,0.482,0.491,0.458,0.481,0.5,0.498,0.491,0.487,0.496,0.495,0.794,0.536,0.487,0.744,0.492,0.0,0.48,0.468,0.685,0.46,0.51,0.693,0.496,0.77,0.486,0.494,0.778,0.779,0.491,0.478,0.479,0.715,0.531
0.555,0.685,0.426,0.505,1.0,0.702,0.595,0.504,0.546,0.494,0.79,0.5,0.756,0.502,0.506,0.609,0.685,0.704,0.733,0.593,0.706,0.738,0.725,0.681,0.674,0.684,0.746,0.49,0.545,0.559,0.493,0.719,0.0,0.709,0.653,0.491,0.597,0.758,0.486,0.752,0.504,0.696,0.747,0.496,0.501,0.497,0.713,0.713,0.477,0.541
0.557,0.794,0.433,0.5,0.702,1.0,0.602,0.511,0.556,0.495,0.664,0.5,0.686,0.504,0.502,0.62,0.744,0.672,0.671,0.6,0.641,0.667,0.66,0.8,0.805,0.744,0.68,0.49,0.567,0.546,0.485,0.673,0.0,0.659,0.773,0.507,0.603,0.693,0.51,0.686,0.496,0.751,0.678,0.498,0.504,0.491,0.746,0.747,0.484,0.563
0.546,0.589,0.427,0.461,0.595,0.602,1.0,0.463,0.518,0.456,0.576,0.46,0.595,0.452,0.45,0.951,0.584,0.646,0.634,0.99,0.63,0.639,0.65,0.591,0.573,0.587,0.596,0.449,0.512,0.527,0.447,0.605,0.0,0.616,0.57,0.476,0.988,0.591,0.469,0.592,0.448,0.598,0.603,0.46,0.462,0.472,0.572,0.572,0.44,0.529
0.521,0.517,0.41,0.755,0.504,0.511,0.463,1.0,0.498,0.729,0.479,0.737,0.498,0.74,0.734,0.476,0.493,0.478,0.497,0.46,0.473,0.507,0.501,0.501,0.488,0.498,0.502,0.901,0.554,0.484,0.733,0.497,0.0,0.49,0.465,0.667,0.462,0.532,0.696,0.504,0.734,0.489,0.506,0.906,0.893,0.486,0.477,0.477,0.699,0.539
0.637,0.547,0.456,0.504,0.546,0.556,0.518,0.498,1.0,0.509,0.543,0.497,0.558,0.516,0.508,0.533,0.545,0.534,0.543,0.516,0.518,0.555,0.54,0.548,0.538,0.54,0.56,0.502,0.577,0.678,0.492,0.526,0.0,0.524,0.513,0.505,0.523,0.55,0.493,0.57,0.501,0.555,0.564,0.496,0.496,0.515,0.532,0.533,0.488,0.576
0.528,0.514,0.401,0.753,0.494,0.495,0.456,0.729,0.509,1.0,0.504,0.72,0.512,0.756,0.723,0.467,0.483,0.48,0.486,0.455,0.469,0.492,0.482,0.506,0.494,0.504,0.493,0.758,0.539,0.492,0.758,0.481,0.0,0.478,0.473,0.671,0.457,0.498,0.689,0.507,0.776,0.488,0.49,0.734,0.747,0.487,0.481,0.482,0.719,0.523
0.54,0.655,0.433,0.493,0.79,0.664,0.576,0.479,0.543,0.504,1.0,0.473,0.766,0.498,0.478,0.597,0.659,0.708,0.72,0.574,0.681,0.725,0.707,0.706,0.675,0.686,0.732,0.485,0.527,0.538,0.465,0.691,0.0,0.686,0.695,0.486,0.58,0.733,0.472,0.758,0.478,0.673,0.731,0.475,0.479,0.465,0.667,0.667,0.477,0.516
0.529,0.532,0.419,0.754,0.5,0.5,0.46,0.737,0.497,0.72,0.473,1.0,0.496,0.747,0.858,0.472,0.49,0.481,0.495,0.456,0.482,0.498,0.498,0.495,0.481,0.493,0.49,0.73,0.55,0.504,0.721,0.501,0.0,0.488,0.462,0.665,0.461,0.51,0.7,0.491,0.738,0.486,0.503,0.738,0.749,0.499,0.488,0.489,0.667,0.543
0.552,0.676,0.438,0.505,0.756,0.686,0.595,0.498,0.558,0.512,0.766,0.496,1.0,0.51,0.499,0.615,0.681,0.739,0.761,0.593,0.724,0.8,0.789,0.707,0.678,0.684,0.79,0.503,0.554,0.56,0.488,0.738,0.0,0.772,0.667,0.501,0.599,0.775,0.486,0.807,0.502,0.701,0.773,0.491,0.494,0.478,0.689,0.689,0.492,0.54
0.506,0.509,0.399,0.801,0.502,0.504,0.452,0.74,0.516,0.756,0.498,0.747,0.51,1.0,0.788,0.464,0.488,0.479,0.494,0.45,0.468,0.498,0.489,0.494,0.49,0.506,0.5,0.785,0.557,0.491,0.745,0.48,0.0,0.476,0.472,0.665,0.454,0.512,0.693,0.502,0.768,0.489,0.493,0.756,0.758,0.493,0.482,0.483,0.717,0.538
0.498,0.508,0.404,0.792,0.506,0.502,0.45,0.734,0.508,0.723,0.478,0.858,0.499,0.788,1.0,0.461,0.486,0.474,0.491,0.448,0.473,0.496,0.492,0.478,0.474,0.493,0.499,0.742,0.548,0.495,0.755,0.486,0.0,0.477,0.456,0.673,0.454,0.518,0.706,0.492,0.763,0.484,0.501,0.742,0.746,0.496,0.494,0.495,0.691,0.547
0.561,0.608,0.427,0.471,0.609,0.62,0.951,0.476,0.533,0.467,0.597,0.472,0.615,0.464,0.461,1.0,0.606,0.643,0.647,0.951,0.612,0.646,0.632,0.605,0.589,0.605,0.612,0.462,0.529,0.547,0.457,0.593,0.0,0.609,0.58,0.488,0.955,0.608,0.473,0.608,0.459,0.612,0.622,0.472,0.476,0.474,0.593,0.593,0.45,0.545
0.543,0.749,0.431,0.481,0.685,0.744,0.584,0.493,0.545,0.483,0.659,0.49,0.681,0.488,0.486,0.606,1.0,0.657,0.667,0.581,0.627,0.663,0.656,0.771,0.745,0.767,0.673,0.48,0.563,0.536,0.471,0.688,0.0,0.647,0.715,0.504,0.586,0.675,0.482,0.688,0.476,0.738,0.675,0.487,0.5,0.477,0.739,0.74,0.474,0.536
0.554,0.662,0.432,0.482,0.704,0.672,0.646,0.478,0.534,0.48,0.708,0.481,0.739,0.479,0.474,0.643,0.657,1.0,0.795,0.643,0.756,0.777,0.773,0.659,0.637,0.637,0.745,0.467,0.53,0.541,0.475,0.72,0.0,0.725,0.628,0.501,0.648,0.72,0.499,0.731,0.475,0.667,0.742,0.475,0.477,0.472,0.658,0.658,0.461,0.542
0.551,0.667,0.432,0.491,0.733,0.671,0.634,0.497,0.543,0.486,0.72,0.495,0.761,0.494,0.491,0.647,0.667,0.795,1.0,0.633,0.753,0.779,0.764,0.664,0.64,0.653,0.756,0.483,0.532,0.553,0.483,0.73,0.0,0.722,0.635,0.498,0.636,0.731,0.491,0.751,0.485,0.672,0.75,0.49,0.493,0.48,0.664,0.663,0.468,0.544
0.543,0.587,0.426,0.458,0.593,0.6,0.99,0.46,0.516,0.455,0.574,0.456,0.593,0.45,0.448,0.951,0.581,0.643,0.633,1.0,0.629,0.637,0.647,0.588,0.573,0.585,0.593,0.447,0.51,0.525,0.445,0.603,0.0,0.614,0.567,0.474,0.987,0.588,0.466,0.591,0.446,0.595,0.601,0.457,0.459,0.471,0.569,0.569,0.438,0.527
0.534,0.638,0.434,0.481,0.706,0.641,0.63,0.473,0.518,0.469,0.681,0.482,0.724,0.468,0.473,0.612,0.627,0.756,0.753,0.629,1.0,0.761,0.78,0.639,0.615,0.632,0.732,0.463,0.513,0.532,0.461,0.731,0.0,0.745,0.616,0.486,0.626,0.717,0.484,0.729,0.474,0.648,0.725,0.469,0.471,0.487,0.663,0.662,0.451,0.529
0.558,0.658,0.441,0.5,0.738,0.667,0.639,0.507,0.555,0.492,0.725,0.498,0.8,0.498,0.496,0.646,0.663,0.777,0.779,0.637,0.761,1.0,0.928,0.654,0.64,0.643,0.771,0.495,0.529,0.552,0.487,0.751,0.0,0.864,0.631,0.495,0.641,0.755,0.505,0.768,0.492,0.676,0.779,0.5,0.501,0.484,0.655,0.655,0.472,0.543
0.55,0.654,0.452,0.498,0.725,0.66,0.65,0.501,0.54,0.482,0.707,0.498,0.789,0.489,0.492,0.632,0.656,0.773,0.764,0.647,0.78,0.928,1.0,0.651,0.631,0.633,0.757,0.49,0.525,0.538,0.479,0.767,0.0,0.87,0.623,0.494,0.644,0.742,0.506,0.752,0.485,0.666,0.757,0.495,0.496,0.489,0.646,0.646,0.464,0.526
0.554,0.803,0.429,0.491,0.681,0.8,0.591,0.501,0.548,0.506,0.706,0.495,0.707,0.494,0.478,0.605,0.771,0.659,0.664,0.588,0.639,0.654,0.651,1.0,0.845,0.787,0.673,0.485,0.562,0.539,0.473,0.663,0.0,0.649,0.832,0.501,0.592,0.67,0.482,0.689,0.485,0.763,0.66,0.48,0.492,0.475,0.733,0.734,0.481,0.542
0.537,0.797,0.42,0.487,0.674,0.805,0.573,0.488,0.538,0.494,0.675,0.481,0.678,0.49,0.474,0.589,0.745,0.637,0.64,0.573,0.615,0.64,0.631,0.845,1.0,0.796,0.659,0.48,0.55,0.523,0.466,0.657,0.0,0.62,0.805,0.488,0.577,0.658,0.472,0.672,0.477,0.738,0.649,0.494,0.49,0.477,0.721,0.722,0.494,0.531
0.534,0.75,0.427,0.496,0.684,0.744,0.587,0.498,0.54,0.504,0.686,0.493,0.684,0.506,0.493,0.605,0.767,0.637,0.653,0.585,0.632,0.643,0.633,0.787,0.796,1.0,0.664,0.496,0.544,0.539,0.478,0.634,0.0,0.621,0.748,0.493,0.59,0.666,0.48,0.687,0.486,0.724,0.649,0.5,0.5,0.493,0.723,0.723,0.506,0.538
0.554,0.674,0.439,0.495,0.746,0.68,0.596,0.502,0.56,0.493,0.732,0.49,0.79,0.5,0.499,0.612,0.673,0.745,0.756,0.593,0.732,0.771,0.757,0.673,0.659,0.664,1.0,0.491,0.549,0.557,0.494,0.737,0.0,0.739,0.635,0.494,0.6,0.833,0.484,0.789,0.503,0.689,0.84,0.502,0.498,0.481,0.677,0.677,0.481,0.545
0.503,0.508,0.399,0.794,0.49,0.49,0.449,0.901,0.502,0.758,0.485,0.73,0.503,0.785,0.742,0.462,0.48,0.467,0.483,0.447,0.463,0.495,0.49,0.485,0.48,0.496,0.491,1.0,0.541,0.48,0.736,0.486,0.0,0.474,0.458,0.661,0.45,0.514,0.69,0.497,0.761,0.478,0.484,0.95,0.931,0.481,0.468,0.469,0.722,0.526
0.588,0.564,0.458,0.536,0.545,0.567,0.512,0.554,0.577,0.539,0.527,0.55,0.554,0.557,0.548,0.529,0.563,0.53,0.532,0.51,0.513,0.529,0.525,0.562,0.55,0.544,0.549,0.541,1.0,0.56,0.533,0.531,0.0,0.519,0.53,0.532,0.515,0.549,0.527,0.545,0.539,0.541,0.542,0.538,0.55,0.601,0.534,0.535,0.526,0.833
0.644,0.558,0.482,0.487,0.559,0.546,0.527,0.484,0.678,0.492,0.538,0.504,0.56,0.491,0.495,0.547,0.536,0.541,0.553,0.525,0.532,0.552,0.538,0.539,0.523,0.539,0.557,0.48,0.56,1.0,0.484,0.526,0.0,0.524,0.506,0.492,0.532,0.548,0.479,0.567,0.492,0.554,0.561,0.488,0.488,0.55,0.544,0.545,0.467,0.583
0.498,0.503,0.389,0.744,0.493,0.485,0.447,0.733,0.492,0.758,0.465,0.721,0.488,0.745,0.755,0.457,0.471,0.475,0.483,0.445,0.461,0.487,0.479,0.473,0.466,0.478,0.494,0.736,0.533,0.484,1.0,0.479,0.0,0.477,0.445,0.67,0.45,0.497,0.688,0.486,0.9,0.479,0.485,0.74,0.744,0.493,0.471,0.471,0.679,0.524
0.544,0.671,0.453,0.492,0.719,0.673,0.605,0.497,0.526,0.481,0.691,0.501,0.738,0.48,0.486,0.593,0.688,0.72,0.73,0.603,0.731,0.751,0.767,0.663,0.657,0.634,0.737,0.486,0.531,0.526,0.479,1.0,0.0,0.743,0.62,0.493,0.6,0.754,0.513,0.746,0.479,0.679,0.755,0.496,0.505,0.486,0.67,0.67,0.464,0.522
0.0,0.0,0.0,0.0,0.0,0.0,0.0,0.0,0.0,0.0,0.0,0.0,0.0,0.0,0.0,0.0,0.0,0.0,0.0,0.0,0.0,0.0,0.0,0.0,0.0,0.0,0.0,0.0,0.0,0.0,0.0,0.0,1.0,0.0,0.0,0.0,0.0,0.0,0.0,0.0,0.0,0.0,0.0,0.0,0.0,0.0,0.0,0.0,0.0,0.0
0.541,0.645,0.448,0.48,0.709,0.659,0.616,0.49,0.524,0.478,0.686,0.488,0.772,0.476,0.477,0.609,0.647,0.725,0.722,0.614,0.745,0.864,0.87,0.649,0.62,0.621,0.739,0.474,0.519,0.524,0.477,0.743,0.0,1.0,0.615,0.501,0.611,0.728,0.503,0.736,0.477,0.651,0.743,0.48,0.49,0.47,0.641,0.64,0.456,0.517
0.522,0.757,0.396,0.468,0.653,0.773,0.57,0.465,0.513,0.473,0.695,0.462,0.667,0.472,0.456,0.58,0.715,0.628,0.635,0.567,0.616,0.631,0.623,0.832,0.805,0.748,0.635,0.458,0.53,0.506,0.445,0.62,0.0,0.615,1.0,0.474,0.571,0.626,0.451,0.661,0.454,0.721,0.634,0.451,0.464,0.448,0.697,0.697,0.459,0.51
0.514,0.497,0.412,0.685,0.491,0.507,0.476,0.667,0.505,0.671,0.486,0.665,0.501,0.665,0.673,0.488,0.504,0.501,0.498,0.474,0.486,0.495,0.494,0.501,0.488,0.493,0.494,0.661,0.532,0.492,0.67,0.493,0.0,0.501,0.474,1.0,0.477,0.489,0.686,0.502,0.681,0.491,0.485,0.669,0.677,0.482,0.478,0.478,0.647,0.53
0.548,0.593,0.425,0.46,0.597,0.603,0.988,0.462,0.523,0.457,0.58,0.461,0.599,0.454,0.454,0.955,0.586,0.648,0.636,0.987,0.626,0.641,0.644,0.592,0.577,0.59,0.6,0.45,0.515,0.532,0.45,0.6,0.0,0.611,0.571,0.477,1.0,0.594,0.468,0.596,0.451,0.601,0.606,0.46,0.462,0.472,0.577,0.577,0.442,0.532
0.562,0.687,0.439,0.51,0.758,0.693,0.591,0.532,0.55,0.498,0.733,0.51,0.775,0.512,0.518,0.608,0.675,0.72,0.731,0.588,0.717,0.755,0.742,0.67,0.658,0.666,0.833,0.514,0.549,0.548,0.497,0.754,0.0,0.728,0.626,0.489,0.594,1.0,0.503,0.773,0.504,0.685,0.862,0.521,0.507,0.484,0.693,0.692,0.498,0.547
0.494,0.5,0.41,0.693,0.486,0.51,0.469,0.696,0.493,0.689,0.472,0.7,0.486,0.693,0.706,0.473,0.482,0.499,0.491,0.466,0.484,0.505,0.506,0.482,0.472,0.48,0.484,0.69,0.527,0.479,0.688,0.513,0.0,0.503,0.451,0.686,0.468,0.503,1.0,0.491,0.692,0.488,0.502,0.7,0.708,0.488,0.467,0.468,0.655,0.523
0.554,0.677,0.438,0.496,0.752,0.686,0.592,0.504,0.57,0.507,0.758,0.491,0.807,0.502,0.492,0.608,0.688,0.731,0.751,0.591,0.729,0.768,0.752,0.689,0.672,0.687,0.789,0.497,0.545,0.567,0.486,0.746,0.0,0.736,0.661,0.502,0.596,0.773,0.491,1.0,0.499,0.702,0.778,0.491,0.499,0.486,0.703,0.703,0.484,0.548
0.51,0.507,0.396,0.77,0.504,0.496,0.448,0.734,0.501,0.776,0.478,0.738,0.502,0.768,0.763,0.459,0.476,0.475,0.485,0.446,0.474,0.492,0.485,0.485,0.477,0.486,0.503,0.761,0.539,0.492,0.9,0.479,0.0,0.477,0.454,0.681,0.451,0.504,0.692,0.499,1.0,0.494,0.491,0.753,0.752,0.489,0.475,0.475,0.698,0.523
0.547,0.73,0.429,0.486,0.696,0.751,0.598,0.489,0.555,0.488,0.673,0.486,0.701,0.489,0.484,0.612,0.738,0.667,0.672,0.595,0.648,0.676,0.666,0.763,0.738,0.724,0.689,0.478,0.541,0.554,0.479,0.679,0.0,0.651,0.721,0.491,0.601,0.685,0.488,0.702,0.494,1.0,0.696,0.482,0.48,0.47,0.774,0.775,0.47,0.532
0.558,0.679,0.449,0.494,0.747,0.678,0.603,0.506,0.564,0.49,0.731,0.503,0.773,0.493,0.501,0.622,0.675,0.742,0.75,0.601,0.725,0.779,0.757,0.66,0.649,0.649,0.84,0.484,0.542,0.561,0.485,0.755,0.0,0.743,0.634,0.485,0.606,0.862,0.502,0.778,0.491,0.696,1.0,0.497,0.495,0.484,0.676,0.676,0.476,0.549
0.513,0.532,0.416,0.778,0.496,0.498,0.46,0.906,0.496,0.734,0.475,0.738,0.491,0.756,0.742,0.472,0.487,0.475,0.49,0.457,0.469,0.5,0.495,0.48,0.494,0.5,0.502,0.95,0.538,0.488,0.74,0.496,0.0,0.48,0.451,0.669,0.46,0.521,0.7,0.491,0.753,0.482,0.497,1.0,0.953,0.491,0.468,0.469,0.714,0.531
0.532,0.535,0.414,0.779,0.501,0.504,0.462,0.893,0.496,0.747,0.479,0.749,0.494,0.758,0.746,0.476,0.5,0.477,0.493,0.459,0.471,0.501,0.496,0.492,0.49,0.5,0.498,0.931,0.55,0.488,0.744,0.505,0.0,0.49,0.464,0.677,0.462,0.507,0.708,0.499,0.752,0.48,0.495,0.953,1.0,0.492,0.482,0.483,0.705,0.536
0.531,0.511,0.453,0.491,0.497,0.491,0.472,0.486,0.515,0.487,0.465,0.499,0.478,0.493,0.496,0.474,0.477,0.472,0.48,0.471,0.487,0.484,0.489,0.475,0.477,0.493,0.481,0.481,0.601,0.55,0.493,0.486,0.0,0.47,0.448,0.482,0.472,0.484,0.488,0.486,0.489,0.47,0.484,0.491,0.492,1.0,0.501,0.501,0.487,0.666
0.536,0.729,0.435,0.478,0.713,0.746,0.572,0.477,0.532,0.481,0.667,0.488,0.689,0.482,0.494,0.593,0.739,0.658,0.664,0.569,0.663,0.655,0.646,0.733,0.721,0.723,0.677,0.468,0.534,0.544,0.471,0.67,0.0,0.641,0.697,0.478,0.577,0.693,0.467,0.703,0.475,0.774,0.676,0.468,0.482,0.501,1.0,0.998,0.46,0.548
0.537,0.729,0.435,0.479,0.713,0.747,0.572,0.477,0.533,0.482,0.667,0.489,0.689,0.483,0.495,0.593,0.74,0.658,0.663,0.569,0.662,0.655,0.646,0.734,0.722,0.723,0.677,0.469,0.535,0.545,0.471,0.67,0.0,0.64,0.697,0.478,0.577,0.692,0.468,0.703,0.475,0.775,0.676,0.469,0.483,0.501,0.998,1.0,0.461,0.549
0.491,0.504,0.398,0.715,0.477,0.484,0.44,0.699,0.488,0.719,0.477,0.667,0.492,0.717,0.691,0.45,0.474,0.461,0.468,0.438,0.451,0.472,0.464,0.481,0.494,0.506,0.481,0.722,0.526,0.467,0.679,0.464,0.0,0.456,0.459,0.647,0.442,0.498,0.655,0.484,0.698,0.47,0.476,0.714,0.705,0.487,0.46,0.461,1.0,0.513
0.59,0.559,0.468,0.531,0.541,0.563,0.529,0.539,0.576,0.523,0.516,0.543,0.54,0.538,0.547,0.545,0.536,0.542,0.544,0.527,0.529,0.543,0.526,0.542,0.531,0.538,0.545,0.526,0.833,0.583,0.524,0.522,0.0,0.517,0.51,0.53,0.532,0.547,0.523,0.548,0.523,0.532,0.549,0.531,0.536,0.666,0.548,0.549,0.513,1.0
