GCF_000163235.1_ASM16323v1_genomic.fna,GCF_000164555.1_ASM16455v1_genomic.fna,GCF_000208545.1_ASM20854v2_genomic.fna,GCF_000233875.1_ASM23387v1_genomic.fna,GCF_000249735.1_ASM24973v2_genomic.fna,GCF_000261145.1_Esch_coli_M919_V2_genomic.fna,GCF_000267705.2_ASM26770v2_genomic.fna,GCF_000350665.1_Esch_coli_KTE5_V1_genomic.fna,GCF_000351625.1_Esch_coli_KTE66_V1_genomic.fna,GCF_000352285.1_Esch_coli_KTE46_V1_genomic.fna,GCF_000358895.1_ASM35889v1_genomic.fna,GCF_000456385.1_Esch_coli_HVH_26_4-5703913_V1_genomic.fna,GCF_000458195.1_Esch_coli_HVH_147_4-5893887_V1_genomic.fna,GCF_000459755.1_Esch_coli_KOEGE_58_171a_V1_genomic.fna,GCF_000460055.1_Esch_coli_UMEA_3053-1_V1_genomic.fna,GCF_000462165.2_ASM46216v2_genomic.fna,GCF_000601135.1_ASM60113v1_genomic.fna,GCF_000614595.1_Ec2010EL1058_genomic.fna,GCF_000617745.1_Ec2010C-4529_genomic.fna,GCF_000618265.2_EcF6751_genomic.fna,GCF_000619005.2_Ec2009C-4052_genomic.fna,GCF_000619105.1_Ec2009C-4780_genomic.fna,GCF_000619765.2_Ec2009C-3279_genomic.fna,GCF_000687005.1_ASM68700v1_genomic.fna,GCF_000687025.1_ASM68702v1_genomic.fna,GCF_000700125.1_ASM70012v1_genomic.fna,GCF_000753315.1_FHI35_genomic.fna,GCF_000776375.1_ASM77637v1_genomic.fna,GCF_000779395.1_ASM77939v1_genomic.fna,GCF_000780315.1_ASM78031v1_genomic.fna,GCF_000781995.1_ASM78199v1_genomic.fna,GCF_000986765.1_ASM98676v1_genomic.fna,GCF_001041375.1_ViralProj287958_genomic.fna,GCF_001265335.1_302014_genomic.fna,GCF_001265625.1_100854_genomic.fna,GCF_001267345.1_303289_genomic.fna,GCF_001309985.1_ASM130998v1_genomic.fna,GCF_001521695.1_ASM152169v1_genomic.fna,GCF_001592595.1_ASM159259v1_genomic.fna,GCF_001614975.1_ASM161497v1_genomic.fna,GCF_001692775.1_ASM169277v1_genomic.fna,GCF_001748915.1_ASM174891v1_genomic.fna,GCF_001749235.1_ASM174923v1_genomic.fna,GCF_001881155.1_ASM188115v1_genomic.fna,GCF_001881345.1_ASM188134v1_genomic.fna,GCF_001892405.1_ASM189240v1_genomic.fna,GCF_001892585.1_ASM189258v1_genomic.fna,GCF_001893985.1_ASM189398v1_genomic.fna,GCF_002001595.1_ASM200159v1_genomic.fna,GCF_002002145.1_ASM200214v1_genomic.fna
1.0,0.486,0.369,0.411,0.479,0.483,0.472,0.417,0.587,0.409,0.47,0.429,0.482,0.419,0.402,0.481,0.5,0.49,0.461,0.47,0.47,0.478,0.484,0.496,0.482,0.477,0.467,0.41,0.521,0.595,0.393,0.472,0.0,0.48,0.468,0.414,0.472,0.489,0.415,0.47,0.4,0.461,0.482,0.411,0.421,0.451,0.466,0.466,0.391,0.502
0.486,1.0,0.349,0.402,0.658,0.792,0.541,0.414,0.473,0.408,0.615,0.42,0.625,0.406,0.396,0.552,0.718,0.641,0.62,0.54,0.614,0.61,0.617,0.797,0.804,0.707,0.611,0.407,0.464,0.46,0.39,0.645,0.0,0.621,0.748,0.395,0.54,0.65,0.39,0.621,0.395,0.683,0.628,0.421,0.417,0.427,0.704,0.703,0.409,0.468
0.369,0.349,1.0,0.288,0.341,0.332,0.337,0.293,0.357,0.293,0.325,0.296,0.333,0.293,0.289,0.337,0.335,0.335,0.317,0.337,0.327,0.329,0.34,0.329,0.333,0.333,0.321,0.293,0.351,0.357,0.285,0.336,0.0,0.34,0.301,0.293,0.336,0.326,0.296,0.326,0.292,0.333,0.331,0.303,0.293,0.329,0.345,0.345,0.297,0.351
0.411,0.402,0.288,1.0,0.385,0.401,0.376,0.724,0.417,0.727,0.398,0.741,0.398,0.772,0.774,0.379,0.399,0.402,0.388,0.374,0.377,0.394,0.395,0.415,0.405,0.405,0.385,0.769,0.437,0.399,0.731,0.399,0.0,0.386,0.39,0.632,0.377,0.397,0.66,0.386,0.752,0.375,0.384,0.762,0.761,0.396,0.363,0.363,0.67,0.428
0.479,0.658,0.341,0.385,1.0,0.671,0.538,0.403,0.472,0.394,0.756,0.402,0.706,0.403,0.405,0.55,0.644,0.686,0.667,0.536,0.684,0.672,0.68,0.656,0.652,0.632,0.682,0.391,0.464,0.482,0.395,0.69,0.0,0.681,0.629,0.391,0.539,0.701,0.402,0.686,0.405,0.652,0.699,0.393,0.396,0.421,0.664,0.663,0.391,0.468
0.483,0.792,0.332,0.401,0.671,1.0,0.564,0.425,0.482,0.395,0.63,0.408,0.655,0.412,0.397,0.569,0.728,0.67,0.638,0.562,0.621,0.635,0.645,0.804,0.809,0.701,0.616,0.404,0.47,0.465,0.391,0.64,0.0,0.649,0.772,0.409,0.56,0.655,0.428,0.64,0.398,0.696,0.646,0.407,0.41,0.416,0.718,0.718,0.402,0.473
0.472,0.541,0.337,0.376,0.538,0.564,1.0,0.367,0.479,0.364,0.532,0.379,0.533,0.383,0.373,0.957,0.546,0.584,0.564,0.99,0.586,0.553,0.584,0.553,0.543,0.526,0.546,0.364,0.433,0.463,0.356,0.558,0.0,0.549,0.526,0.383,0.989,0.538,0.378,0.531,0.356,0.533,0.539,0.364,0.369,0.404,0.534,0.535,0.363,0.441
0.417,0.414,0.293,0.724,0.403,0.425,0.367,1.0,0.405,0.719,0.408,0.708,0.421,0.718,0.699,0.372,0.413,0.405,0.4,0.365,0.381,0.401,0.395,0.436,0.418,0.422,0.398,0.907,0.453,0.417,0.703,0.393,0.0,0.394,0.404,0.619,0.368,0.425,0.65,0.409,0.7,0.379,0.4,0.888,0.876,0.392,0.377,0.377,0.657,0.434
0.587,0.473,0.357,0.417,0.472,0.482,0.479,0.405,1.0,0.418,0.486,0.409,0.493,0.431,0.408,0.483,0.484,0.498,0.477,0.477,0.472,0.491,0.475,0.496,0.479,0.485,0.483,0.403,0.521,0.625,0.398,0.465,0.0,0.478,0.474,0.426,0.48,0.499,0.411,0.488,0.4,0.461,0.486,0.405,0.408,0.457,0.462,0.462,0.404,0.514
0.409,0.408,0.293,0.727,0.394,0.395,0.364,0.719,0.418,1.0,0.42,0.688,0.412,0.724,0.701,0.37,0.399,0.396,0.384,0.362,0.375,0.396,0.386,0.408,0.402,0.404,0.396,0.727,0.45,0.421,0.74,0.383,0.0,0.382,0.398,0.624,0.365,0.402,0.658,0.398,0.734,0.369,0.387,0.71,0.713,0.39,0.371,0.37,0.668,0.432
0.47,0.615,0.325,0.398,0.756,0.63,0.532,0.408,0.486,0.42,1.0,0.399,0.734,0.42,0.4,0.542,0.632,0.687,0.661,0.53,0.667,0.695,0.67,0.662,0.631,0.648,0.697,0.404,0.443,0.478,0.398,0.665,0.0,0.669,0.658,0.412,0.531,0.703,0.388,0.708,0.4,0.607,0.693,0.398,0.399,0.401,0.618,0.618,0.405,0.446
0.429,0.42,0.296,0.741,0.402,0.408,0.379,0.708,0.409,0.688,0.399,1.0,0.405,0.736,0.868,0.382,0.409,0.397,0.384,0.377,0.381,0.39,0.391,0.422,0.406,0.407,0.389,0.726,0.457,0.422,0.674,0.395,0.0,0.385,0.398,0.593,0.38,0.407,0.658,0.395,0.705,0.38,0.395,0.728,0.728,0.394,0.379,0.378,0.632,0.437
0.482,0.625,0.333,0.398,0.706,0.655,0.533,0.421,0.493,0.412,0.734,0.405,1.0,0.417,0.4,0.545,0.638,0.719,0.725,0.532,0.72,0.793,0.763,0.658,0.642,0.63,0.77,0.406,0.473,0.495,0.4,0.73,0.0,0.759,0.632,0.404,0.535,0.761,0.414,0.778,0.403,0.635,0.757,0.409,0.409,0.407,0.626,0.626,0.403,0.467
0.419,0.406,0.293,0.772,0.403,0.412,0.383,0.718,0.431,0.724,0.42,0.736,0.417,1.0,0.773,0.388,0.406,0.415,0.396,0.381,0.386,0.406,0.398,0.409,0.406,0.411,0.4,0.759,0.456,0.422,0.718,0.4,0.0,0.399,0.4,0.63,0.384,0.408,0.668,0.399,0.734,0.375,0.394,0.746,0.745,0.399,0.375,0.375,0.659,0.446
0.402,0.396,0.289,0.774,0.405,0.397,0.373,0.699,0.408,0.701,0.4,0.868,0.4,0.773,1.0,0.377,0.406,0.389,0.375,0.371,0.375,0.387,0.384,0.401,0.401,0.405,0.382,0.739,0.446,0.41,0.711,0.389,0.0,0.379,0.387,0.614,0.374,0.399,0.67,0.391,0.731,0.37,0.381,0.732,0.731,0.403,0.378,0.377,0.65,0.442
0.481,0.552,0.337,0.379,0.55,0.569,0.957,0.372,0.483,0.37,0.542,0.382,0.545,0.388,0.377,1.0,0.554,0.579,0.57,0.952,0.572,0.559,0.575,0.557,0.548,0.532,0.549,0.37,0.436,0.474,0.362,0.555,0.0,0.555,0.532,0.389,0.956,0.547,0.383,0.54,0.364,0.532,0.547,0.371,0.374,0.405,0.543,0.543,0.37,0.444
0.5,0.718,0.335,0.399,0.644,0.728,0.546,0.413,0.484,0.399,0.632,0.409,0.638,0.406,0.406,0.554,1.0,0.636,0.615,0.543,0.606,0.636,0.629,0.752,0.736,0.755,0.63,0.405,0.468,0.469,0.394,0.664,0.0,0.627,0.7,0.406,0.545,0.641,0.412,0.635,0.396,0.669,0.64,0.409,0.413,0.408,0.691,0.69,0.398,0.465
0.49,0.641,0.335,0.402,0.686,0.67,0.584,0.405,0.498,0.396,0.687,0.397,0.719,0.415,0.389,0.579,0.636,1.0,0.762,0.579,0.723,0.729,0.727,0.661,0.645,0.632,0.707,0.4,0.48,0.486,0.39,0.698,0.0,0.707,0.626,0.415,0.581,0.693,0.405,0.703,0.392,0.653,0.704,0.401,0.403,0.431,0.636,0.635,0.39,0.49
0.461,0.62,0.317,0.388,0.667,0.638,0.564,0.4,0.477,0.384,0.661,0.384,0.725,0.396,0.375,0.57,0.615,0.762,1.0,0.56,0.729,0.731,0.73,0.627,0.614,0.599,0.707,0.389,0.449,0.467,0.382,0.705,0.0,0.708,0.603,0.392,0.562,0.688,0.385,0.702,0.383,0.616,0.695,0.388,0.39,0.399,0.609,0.609,0.377,0.453
0.47,0.54,0.337,0.374,0.536,0.562,0.99,0.365,0.477,0.362,0.53,0.377,0.532,0.381,0.371,0.952,0.543,0.579,0.56,1.0,0.582,0.55,0.578,0.551,0.546,0.524,0.544,0.362,0.432,0.462,0.354,0.556,0.0,0.546,0.525,0.381,0.99,0.536,0.376,0.529,0.354,0.533,0.537,0.363,0.367,0.404,0.532,0.533,0.361,0.44
0.47,0.614,0.327,0.377,0.684,0.621,0.586,0.381,0.472,0.375,0.667,0.381,0.72,0.386,0.375,0.572,0.606,0.723,0.729,0.582,1.0,0.728,0.748,0.62,0.607,0.601,0.71,0.38,0.447,0.465,0.366,0.713,0.0,0.728,0.583,0.396,0.582,0.69,0.384,0.717,0.375,0.611,0.697,0.38,0.38,0.405,0.624,0.623,0.37,0.455
0.478,0.61,0.329,0.394,0.672,0.635,0.553,0.401,0.491,0.396,0.695,0.39,0.793,0.406,0.387,0.559,0.636,0.729,0.731,0.55,0.728,1.0,0.919,0.636,0.636,0.614,0.74,0.392,0.46,0.478,0.385,0.715,0.0,0.854,0.6,0.398,0.553,0.728,0.408,0.74,0.389,0.621,0.739,0.396,0.396,0.406,0.615,0.614,0.386,0.464
0.484,0.617,0.34,0.395,0.68,0.645,0.584,0.395,0.475,0.386,0.67,0.391,0.763,0.398,0.384,0.575,0.629,0.727,0.73,0.578,0.748,0.919,1.0,0.627,0.623,0.6,0.727,0.389,0.459,0.464,0.376,0.729,0.0,0.865,0.593,0.392,0.58,0.708,0.404,0.717,0.381,0.632,0.714,0.39,0.392,0.408,0.625,0.625,0.379,0.466
0.496,0.797,0.329,0.415,0.656,0.804,0.553,0.436,0.496,0.408,0.662,0.422,0.658,0.409,0.401,0.557,0.752,0.661,0.627,0.551,0.62,0.636,0.627,1.0,0.826,0.758,0.64,0.421,0.46,0.478,0.402,0.647,0.0,0.625,0.814,0.423,0.552,0.66,0.393,0.652,0.406,0.692,0.644,0.419,0.428,0.415,0.701,0.7,0.4,0.464
0.482,0.804,0.333,0.405,0.652,0.809,0.543,0.418,0.479,0.402,0.631,0.406,0.642,0.406,0.401,0.548,0.736,0.645,0.614,0.546,0.607,0.636,0.623,0.826,1.0,0.745,0.629,0.403,0.459,0.469,0.391,0.643,0.0,0.617,0.784,0.408,0.545,0.653,0.401,0.63,0.392,0.677,0.636,0.42,0.413,0.412,0.702,0.701,0.411,0.456
0.477,0.707,0.333,0.405,0.632,0.701,0.526,0.422,0.485,0.404,0.648,0.407,0.63,0.411,0.405,0.532,0.755,0.632,0.599,0.524,0.601,0.614,0.6,0.758,0.745,1.0,0.615,0.414,0.448,0.465,0.401,0.628,0.0,0.596,0.71,0.405,0.526,0.627,0.393,0.633,0.406,0.669,0.617,0.43,0.419,0.41,0.674,0.673,0.418,0.455
0.467,0.611,0.321,0.385,0.682,0.616,0.546,0.398,0.483,0.396,0.697,0.389,0.77,0.4,0.382,0.549,0.63,0.707,0.707,0.544,0.71,0.74,0.727,0.64,0.629,0.615,1.0,0.389,0.461,0.475,0.387,0.73,0.0,0.708,0.602,0.388,0.547,0.827,0.39,0.766,0.391,0.61,0.825,0.393,0.392,0.404,0.602,0.601,0.386,0.464
0.41,0.407,0.293,0.769,0.391,0.404,0.364,0.907,0.403,0.727,0.404,0.726,0.406,0.759,0.739,0.37,0.405,0.4,0.389,0.362,0.38,0.392,0.389,0.421,0.403,0.414,0.389,1.0,0.445,0.409,0.715,0.389,0.0,0.383,0.394,0.627,0.366,0.409,0.654,0.4,0.732,0.373,0.381,0.964,0.947,0.393,0.372,0.371,0.676,0.429
0.521,0.464,0.351,0.437,0.464,0.47,0.433,0.453,0.521,0.45,0.443,0.457,0.473,0.456,0.446,0.436,0.468,0.48,0.449,0.432,0.447,0.46,0.459,0.46,0.459,0.448,0.461,0.445,1.0,0.514,0.435,0.448,0.0,0.453,0.441,0.451,0.434,0.475,0.444,0.458,0.436,0.437,0.46,0.445,0.452,0.576,0.447,0.446,0.439,0.828
0.595,0.46,0.357,0.399,0.482,0.465,0.463,0.417,0.625,0.421,0.478,0.422,0.495,0.422,0.41,0.474,0.469,0.486,0.467,0.462,0.465,0.478,0.464,0.478,0.469,0.465,0.475,0.409,0.514,1.0,0.406,0.455,0.0,0.466,0.448,0.422,0.464,0.481,0.416,0.484,0.417,0.451,0.478,0.413,0.412,0.467,0.469,0.468,0.401,0.51
0.393,0.39,0.285,0.731,0.395,0.391,0.356,0.703,0.398,0.74,0.398,0.674,0.4,0.718,0.711,0.362,0.394,0.39,0.382,0.354,0.366,0.385,0.376,0.402,0.391,0.401,0.387,0.715,0.435,0.406,1.0,0.383,0.0,0.371,0.382,0.613,0.358,0.398,0.648,0.389,0.894,0.371,0.379,0.706,0.703,0.374,0.359,0.358,0.642,0.418
0.472,0.645,0.336,0.399,0.69,0.64,0.558,0.393,0.465,0.383,0.665,0.395,0.73,0.4,0.389,0.555,0.664,0.698,0.705,0.556,0.713,0.715,0.729,0.647,0.643,0.628,0.73,0.389,0.448,0.455,0.383,1.0,0.0,0.716,0.602,0.375,0.559,0.735,0.386,0.739,0.383,0.633,0.739,0.39,0.396,0.395,0.638,0.637,0.378,0.449
0.0,0.0,0.0,0.0,0.0,0.0,0.0,0.0,0.0,0.0,0.0,0.0,0.0,0.0,0.0,0.0,0.0,0.0,0.0,0.0,0.0,0.0,0.0,0.0,0.0,0.0,0.0,0.0,0.0,0.0,0.0,0.0,1.0,0.0,0.0,0.0,0.0,0.0,0.0,0.0,0.0,0.0,0.0,0.0,0.0,0.0,0.0,0.0,0.0,0.0
0.48,0.621,0.34,0.386,0.681,0.649,0.549,0.394,0.478,0.382,0.669,0.385,0.759,0.399,0.379,0.555,0.627,0.707,0.708,0.546,0.728,0.854,0.865,0.625,0.617,0.596,0.708,0.383,0.453,0.466,0.371,0.716,0.0,1.0,0.589,0.408,0.547,0.702,0.408,0.711,0.375,0.623,0.72,0.385,0.392,0.406,0.621,0.621,0.375,0.462
0.468,0.748,0.301,0.39,0.629,0.772,0.526,0.404,0.474,0.398,0.658,0.398,0.632,0.4,0.387,0.532,0.7,0.626,0.603,0.525,0.583,0.6,0.593,0.814,0.784,0.71,0.602,0.394,0.441,0.448,0.382,0.602,0.0,0.589,1.0,0.403,0.522,0.629,0.383,0.614,0.383,0.655,0.619,0.393,0.401,0.385,0.665,0.664,0.385,0.437
0.414,0.395,0.293,0.632,0.391,0.409,0.383,0.619,0.426,0.624,0.412,0.593,0.404,0.63,0.614,0.389,0.406,0.415,0.392,0.381,0.396,0.398,0.392,0.423,0.408,0.405,0.388,0.627,0.451,0.422,0.613,0.375,0.0,0.408,0.403,1.0,0.384,0.397,0.613,0.394,0.617,0.382,0.387,0.621,0.624,0.402,0.381,0.381,0.594,0.446
0.472,0.54,0.336,0.377,0.539,0.56,0.989,0.368,0.48,0.365,0.531,0.38,0.535,0.384,0.374,0.956,0.545,0.581,0.562,0.99,0.582,0.553,0.58,0.552,0.545,0.526,0.547,0.366,0.434,0.464,0.358,0.559,0.0,0.547,0.522,0.384,1.0,0.539,0.377,0.532,0.357,0.532,0.54,0.365,0.37,0.403,0.535,0.536,0.364,0.441
0.489,0.65,0.326,0.397,0.701,0.655,0.538,0.425,0.499,0.402,0.703,0.407,0.761,0.408,0.399,0.547,0.641,0.693,0.688,0.536,0.69,0.728,0.708,0.66,0.653,0.627,0.827,0.409,0.475,0.481,0.398,0.735,0.0,0.702,0.629,0.397,0.539,1.0,0.411,0.756,0.403,0.626,0.849,0.41,0.404,0.405,0.629,0.629,0.389,0.466
0.415,0.39,0.296,0.66,0.402,0.428,0.378,0.65,0.411,0.658,0.388,0.658,0.414,0.668,0.67,0.383,0.412,0.405,0.385,0.376,0.384,0.408,0.404,0.393,0.401,0.393,0.39,0.654,0.444,0.416,0.648,0.386,0.0,0.408,0.383,0.613,0.377,0.411,1.0,0.393,0.663,0.381,0.398,0.657,0.663,0.398,0.385,0.385,0.604,0.431
0.47,0.621,0.326,0.386,0.686,0.64,0.531,0.409,0.488,0.398,0.708,0.395,0.778,0.399,0.391,0.54,0.635,0.703,0.702,0.529,0.717,0.74,0.717,0.652,0.63,0.633,0.766,0.4,0.458,0.484,0.389,0.739,0.0,0.711,0.614,0.394,0.532,0.756,0.393,1.0,0.394,0.618,0.752,0.401,0.406,0.417,0.636,0.635,0.382,0.474
0.4,0.395,0.292,0.752,0.405,0.398,0.356,0.7,0.4,0.734,0.4,0.705,0.403,0.734,0.731,0.364,0.396,0.392,0.383,0.354,0.375,0.389,0.381,0.406,0.392,0.406,0.391,0.732,0.436,0.417,0.894,0.383,0.0,0.375,0.383,0.617,0.357,0.403,0.663,0.394,1.0,0.369,0.381,0.73,0.729,0.384,0.366,0.365,0.644,0.424
0.461,0.683,0.333,0.375,0.652,0.696,0.533,0.379,0.461,0.369,0.607,0.38,0.635,0.375,0.37,0.532,0.669,0.653,0.616,0.533,0.611,0.621,0.632,0.692,0.677,0.669,0.61,0.373,0.437,0.451,0.371,0.633,0.0,0.623,0.655,0.382,0.532,0.626,0.381,0.618,0.369,1.0,0.657,0.375,0.375,0.413,0.71,0.712,0.371,0.449
0.482,0.628,0.331,0.384,0.699,0.646,0.539,0.4,0.486,0.387,0.693,0.395,0.757,0.394,0.381,0.547,0.64,0.704,0.695,0.537,0.697,0.739,0.714,0.644,0.636,0.617,0.825,0.381,0.46,0.478,0.379,0.739,0.0,0.72,0.619,0.387,0.54,0.849,0.398,0.752,0.381,0.657,1.0,0.384,0.387,0.409,0.628,0.627,0.38,0.468
0.411,0.421,0.303,0.762,0.393,0.407,0.364,0.888,0.405,0.71,0.398,0.728,0.409,0.746,0.732,0.371,0.409,0.401,0.388,0.363,0.38,0.396,0.39,0.419,0.42,0.43,0.393,0.964,0.445,0.413,0.706,0.39,0.0,0.385,0.393,0.621,0.365,0.41,0.657,0.401,0.73,0.375,0.384,1.0,0.957,0.398,0.373,0.372,0.68,0.432
0.421,0.417,0.293,0.761,0.396,0.41,0.369,0.876,0.408,0.713,0.399,0.728,0.409,0.745,0.731,0.374,0.413,0.403,0.39,0.367,0.38,0.396,0.392,0.428,0.413,0.419,0.392,0.947,0.452,0.412,0.703,0.396,0.0,0.392,0.401,0.624,0.37,0.404,0.663,0.406,0.729,0.375,0.387,0.957,1.0,0.402,0.377,0.376,0.659,0.436
0.451,0.427,0.329,0.396,0.421,0.416,0.404,0.392,0.457,0.39,0.401,0.394,0.407,0.399,0.403,0.405,0.408,0.431,0.399,0.404,0.405,0.406,0.408,0.415,0.412,0.41,0.404,0.393,0.576,0.467,0.374,0.395,0.0,0.406,0.385,0.402,0.403,0.405,0.398,0.417,0.384,0.413,0.409,0.398,0.402,1.0,0.443,0.443,0.394,0.636
0.466,0.704,0.345,0.363,0.664,0.718,0.534,0.377,0.462,0.371,0.618,0.379,0.626,0.375,0.378,0.543,0.691,0.636,0.609,0.532,0.624,0.615,0.625,0.701,0.702,0.674,0.602,0.372,0.447,0.469,0.359,0.638,0.0,0.621,0.665,0.381,0.535,0.629,0.385,0.636,0.366,0.71,0.628,0.373,0.377,0.443,1.0,0.998,0.373,0.476
0.466,0.703,0.345,0.363,0.663,0.718,0.535,0.377,0.462,0.37,0.618,0.378,0.626,0.375,0.377,0.543,0.69,0.635,0.609,0.533,0.623,0.614,0.625,0.7,0.701,0.673,0.601,0.371,0.446,0.468,0.358,0.637,0.0,0.621,0.664,0.381,0.536,0.629,0.385,0.635,0.365,0.712,0.627,0.372,0.376,0.443,0.998,1.0,0.372,0.476
0.391,0.409,0.297,0.67,0.391,0.402,0.363,0.657,0.404,0.668,0.405,0.632,0.403,0.659,0.65,0.37,0.398,0.39,0.377,0.361,0.37,0.386,0.379,0.4,0.411,0.418,0.386,0.676,0.439,0.401,0.642,0.378,0.0,0.375,0.385,0.594,0.364,0.389,0.604,0.382,0.644,0.371,0.38,0.68,0.659,0.394,0.373,0.372,1.0,0.434
0.502,0.468,0.351,0.428,0.468,0.473,0.441,0.434,0.514,0.432,0.446,0.437,0.467,0.446,0.442,0.444,0.465,0.49,0.453,0.44,0.455,0.464,0.466,0.464,0.456,0.455,0.464,0.429,0.828,0.51,0.418,0.449,0.0,0.462,0.437,0.446,0.441,0.466,0.431,0.474,0.424,0.449,0.468,0.432,0.436,0.636,0.476,0.476,0.434,1.0
