GCF_000163235.1_ASM16323v1_genomic.fna,GCF_000164555.1_ASM16455v1_genomic.fna,GCF_000208545.1_ASM20854v2_genomic.fna,GCF_000233875.1_ASM23387v1_genomic.fna,GCF_000249735.1_ASM24973v2_genomic.fna,GCF_000261145.1_Esch_coli_M919_V2_genomic.fna,GCF_000267705.2_ASM26770v2_genomic.fna,GCF_000350665.1_Esch_coli_KTE5_V1_genomic.fna,GCF_000351625.1_Esch_coli_KTE66_V1_genomic.fna,GCF_000352285.1_Esch_coli_KTE46_V1_genomic.fna,GCF_000358895.1_ASM35889v1_genomic.fna,GCF_000456385.1_Esch_coli_HVH_26_4-5703913_V1_genomic.fna,GCF_000458195.1_Esch_coli_HVH_147_4-5893887_V1_genomic.fna,GCF_000459755.1_Esch_coli_KOEGE_58_171a_V1_genomic.fna,GCF_000460055.1_Esch_coli_UMEA_3053-1_V1_genomic.fna,GCF_000462165.2_ASM46216v2_genomic.fna,GCF_000601135.1_ASM60113v1_genomic.fna,GCF_000614595.1_Ec2010EL1058_genomic.fna,GCF_000617745.1_Ec2010C-4529_genomic.fna,GCF_000618265.2_EcF6751_genomic.fna,GCF_000619005.2_Ec2009C-4052_genomic.fna,GCF_000619105.1_Ec2009C-4780_genomic.fna,GCF_000619765.2_Ec2009C-3279_genomic.fna,GCF_000687005.1_ASM68700v1_genomic.fna,GCF_000687025.1_ASM68702v1_genomic.fna,GCF_000700125.1_ASM70012v1_genomic.fna,GCF_000753315.1_FHI35_genomic.fna,GCF_000776375.1_ASM77637v1_genomic.fna,GCF_000779395.1_ASM77939v1_genomic.fna,GCF_000780315.1_ASM78031v1_genomic.fna,GCF_000781995.1_ASM78199v1_genomic.fna,GCF_000986765.1_ASM98676v1_genomic.fna,GCF_001041375.1_ViralProj287958_genomic.fna,GCF_001265335.1_302014_genomic.fna,GCF_001265625.1_100854_genomic.fna,GCF_001267345.1_303289_genomic.fna,GCF_001309985.1_ASM130998v1_genomic.fna,GCF_001521695.1_ASM152169v1_genomic.fna,GCF_001592595.1_ASM159259v1_genomic.fna,GCF_001614975.1_ASM161497v1_genomic.fna,GCF_001692775.1_ASM169277v1_genomic.fna,GCF_001748915.1_ASM174891v1_genomic.fna,GCF_001749235.1_ASM174923v1_genomic.fna,GCF_001881155.1_ASM188115v1_genomic.fna,GCF_001881345.1_ASM188134v1_genomic.fna,GCF_001892405.1_ASM189240v1_genomic.fna,GCF_001892585.1_ASM189258v1_genomic.fna,GCF_001893985.1_ASM189398v1_genomic.fna,GCF_002001595.1_ASM200159v1_genomic.fna,GCF_002002145.1_ASM200214v1_genomic.fna
1.0,0.899,0.887,0.887,0.886,0.89,0.9,0.88,0.898,0.892,0.87,0.887,0.88,0.887,0.89,0.901,0.891,0.886,0.883,0.899,0.894,0.886,0.891,0.908,0.895,0.894,0.895,0.877,0.904,0.909,0.872,0.889,0.021,0.891,0.884,0.888,0.899,0.89,0.878,0.882,0.883,0.886,0.886,0.873,0.876,0.883,0.88,0.88,0.875,0.905
0.899,1.0,0.888,0.883,0.913,0.934,0.903,0.884,0.892,0.878,0.888,0.891,0.89,0.878,0.889,0.904,0.931,0.906,0.901,0.905,0.905,0.899,0.909,0.942,0.938,0.921,0.91,0.883,0.885,0.889,0.876,0.917,0.021,0.906,0.927,0.879,0.904,0.923,0.885,0.902,0.881,0.928,0.907,0.883,0.887,0.882,0.925,0.925,0.878,0.893
0.887,0.888,1.0,0.872,0.867,0.879,0.885,0.875,0.883,0.866,0.845,0.88,0.853,0.874,0.872,0.888,0.889,0.866,0.862,0.887,0.874,0.869,0.872,0.874,0.886,0.873,0.876,0.878,0.879,0.878,0.87,0.885,0.023,0.869,0.867,0.881,0.887,0.881,0.883,0.863,0.877,0.878,0.87,0.876,0.879,0.875,0.887,0.886,0.869,0.885
0.887,0.883,0.872,1.0,0.877,0.884,0.881,0.918,0.877,0.924,0.854,0.947,0.861,0.951,0.96,0.884,0.881,0.866,0.876,0.882,0.878,0.878,0.888,0.885,0.886,0.889,0.884,0.927,0.889,0.875,0.926,0.876,0.022,0.88,0.873,0.904,0.883,0.873,0.923,0.87,0.941,0.882,0.877,0.922,0.929,0.876,0.869,0.869,0.919,0.894
0.886,0.913,0.867,0.877,1.0,0.915,0.897,0.866,0.88,0.891,0.922,0.876,0.92,0.88,0.887,0.895,0.905,0.921,0.915,0.896,0.917,0.919,0.916,0.918,0.905,0.914,0.922,0.871,0.882,0.894,0.866,0.911,0.021,0.92,0.914,0.872,0.897,0.915,0.876,0.922,0.876,0.913,0.927,0.866,0.87,0.861,0.901,0.902,0.884,0.881
0.89,0.934,0.879,0.884,0.915,1.0,0.9,0.879,0.893,0.873,0.883,0.881,0.891,0.882,0.891,0.901,0.921,0.909,0.901,0.901,0.903,0.903,0.917,0.938,0.943,0.918,0.905,0.875,0.89,0.892,0.882,0.914,0.021,0.917,0.93,0.888,0.901,0.92,0.89,0.908,0.882,0.933,0.908,0.872,0.876,0.877,0.92,0.921,0.875,0.888
0.9,0.903,0.885,0.881,0.897,0.9,1.0,0.867,0.884,0.876,0.882,0.872,0.887,0.879,0.885,0.991,0.907,0.91,0.909,0.995,0.915,0.912,0.914,0.909,0.902,0.898,0.909,0.864,0.89,0.893,0.872,0.907,0.022,0.906,0.901,0.88,0.995,0.902,0.873,0.903,0.872,0.903,0.903,0.858,0.86,0.871,0.889,0.89,0.878,0.902
0.88,0.884,0.875,0.918,0.866,0.879,0.867,1.0,0.899,0.919,0.84,0.921,0.848,0.911,0.916,0.871,0.877,0.858,0.856,0.869,0.861,0.86,0.872,0.881,0.884,0.871,0.868,0.973,0.879,0.866,0.935,0.876,0.022,0.869,0.864,0.91,0.87,0.882,0.925,0.856,0.93,0.876,0.863,0.969,0.967,0.888,0.882,0.883,0.906,0.878
0.898,0.892,0.883,0.877,0.88,0.893,0.884,0.899,1.0,0.87,0.854,0.887,0.862,0.877,0.888,0.888,0.889,0.875,0.867,0.888,0.878,0.874,0.882,0.887,0.892,0.88,0.88,0.894,0.877,0.893,0.889,0.887,0.02,0.885,0.883,0.89,0.887,0.886,0.887,0.871,0.883,0.883,0.879,0.896,0.896,0.885,0.898,0.898,0.862,0.888
0.892,0.878,0.866,0.924,0.891,0.873,0.876,0.919,0.87,1.0,0.87,0.92,0.877,0.924,0.928,0.878,0.878,0.885,0.885,0.874,0.878,0.88,0.876,0.887,0.878,0.896,0.885,0.922,0.888,0.894,0.926,0.87,0.022,0.871,0.883,0.889,0.876,0.873,0.917,0.881,0.929,0.873,0.883,0.914,0.92,0.87,0.866,0.866,0.935,0.887
0.87,0.888,0.845,0.854,0.922,0.883,0.882,0.84,0.854,0.87,1.0,0.854,0.935,0.86,0.859,0.881,0.884,0.915,0.913,0.879,0.91,0.909,0.904,0.903,0.877,0.894,0.91,0.842,0.865,0.878,0.843,0.895,0.022,0.902,0.903,0.856,0.88,0.895,0.856,0.919,0.847,0.892,0.916,0.835,0.839,0.836,0.873,0.873,0.859,0.863
0.887,0.891,0.88,0.947,0.876,0.881,0.872,0.921,0.887,0.92,0.854,1.0,0.86,0.933,0.957,0.875,0.882,0.871,0.87,0.875,0.873,0.873,0.885,0.888,0.888,0.88,0.876,0.924,0.882,0.876,0.919,0.877,0.022,0.879,0.872,0.908,0.874,0.882,0.928,0.866,0.931,0.881,0.871,0.921,0.925,0.882,0.877,0.878,0.907,0.889
0.88,0.89,0.853,0.861,0.92,0.891,0.887,0.848,0.862,0.877,0.935,0.86,1.0,0.864,0.864,0.885,0.888,0.925,0.928,0.885,0.925,0.934,0.928,0.909,0.881,0.902,0.925,0.845,0.88,0.895,0.856,0.905,0.026,0.926,0.909,0.861,0.885,0.913,0.858,0.932,0.856,0.897,0.927,0.84,0.846,0.849,0.88,0.879,0.873,0.877
0.887,0.878,0.874,0.951,0.88,0.882,0.879,0.911,0.877,0.924,0.86,0.933,0.864,1.0,0.95,0.881,0.882,0.874,0.874,0.879,0.879,0.876,0.886,0.884,0.882,0.883,0.881,0.925,0.892,0.881,0.921,0.874,0.023,0.881,0.876,0.897,0.881,0.877,0.925,0.867,0.938,0.883,0.879,0.919,0.921,0.878,0.869,0.869,0.918,0.893
0.89,0.889,0.872,0.96,0.887,0.891,0.885,0.916,0.888,0.928,0.859,0.957,0.864,0.95,1.0,0.887,0.886,0.875,0.878,0.889,0.882,0.882,0.89,0.889,0.888,0.892,0.889,0.926,0.888,0.888,0.927,0.879,0.022,0.885,0.881,0.903,0.889,0.878,0.927,0.874,0.943,0.893,0.881,0.92,0.925,0.877,0.874,0.874,0.917,0.899
0.901,0.904,0.888,0.884,0.895,0.901,0.991,0.871,0.888,0.878,0.881,0.875,0.885,0.881,0.887,1.0,0.904,0.907,0.91,0.989,0.912,0.911,0.911,0.906,0.901,0.897,0.909,0.868,0.889,0.895,0.873,0.905,0.022,0.903,0.903,0.882,0.989,0.901,0.877,0.901,0.875,0.905,0.902,0.861,0.863,0.87,0.89,0.89,0.88,0.9
0.891,0.931,0.889,0.881,0.905,0.921,0.907,0.877,0.889,0.878,0.884,0.882,0.888,0.882,0.886,0.904,1.0,0.9,0.902,0.908,0.904,0.903,0.917,0.934,0.932,0.928,0.905,0.879,0.884,0.884,0.88,0.92,0.022,0.916,0.917,0.879,0.908,0.907,0.885,0.903,0.883,0.917,0.901,0.875,0.879,0.875,0.916,0.916,0.872,0.885
0.886,0.906,0.866,0.866,0.921,0.909,0.91,0.858,0.875,0.885,0.915,0.871,0.925,0.874,0.875,0.907,0.9,1.0,0.946,0.907,0.933,0.943,0.934,0.922,0.9,0.917,0.934,0.853,0.888,0.897,0.862,0.915,0.021,0.925,0.928,0.872,0.908,0.917,0.875,0.932,0.859,0.914,0.932,0.85,0.852,0.867,0.9,0.901,0.881,0.89
0.883,0.901,0.862,0.876,0.915,0.901,0.909,0.856,0.867,0.885,0.913,0.87,0.928,0.874,0.878,0.91,0.902,0.946,1.0,0.906,0.933,0.939,0.934,0.912,0.898,0.918,0.927,0.854,0.885,0.895,0.868,0.916,0.022,0.922,0.923,0.875,0.907,0.918,0.875,0.928,0.866,0.91,0.929,0.853,0.857,0.861,0.895,0.895,0.884,0.886
0.899,0.905,0.887,0.882,0.896,0.901,0.995,0.869,0.888,0.874,0.879,0.875,0.885,0.879,0.889,0.989,0.908,0.907,0.906,1.0,0.912,0.909,0.914,0.906,0.904,0.895,0.906,0.867,0.887,0.892,0.874,0.909,0.022,0.908,0.9,0.88,0.998,0.905,0.875,0.9,0.875,0.905,0.902,0.86,0.862,0.874,0.891,0.892,0.876,0.902
0.894,0.905,0.874,0.878,0.917,0.903,0.915,0.861,0.878,0.878,0.91,0.873,0.925,0.879,0.882,0.912,0.904,0.933,0.933,0.912,1.0,0.943,0.941,0.923,0.904,0.912,0.933,0.863,0.887,0.899,0.869,0.922,0.021,0.932,0.913,0.879,0.913,0.919,0.876,0.924,0.876,0.914,0.929,0.86,0.862,0.867,0.9,0.901,0.873,0.895
0.886,0.899,0.869,0.878,0.919,0.903,0.912,0.86,0.874,0.88,0.909,0.873,0.934,0.876,0.882,0.911,0.903,0.943,0.939,0.909,0.943,1.0,0.968,0.913,0.891,0.909,0.937,0.859,0.886,0.897,0.87,0.919,0.022,0.96,0.91,0.879,0.91,0.925,0.878,0.931,0.87,0.912,0.938,0.855,0.859,0.865,0.894,0.894,0.875,0.891
0.891,0.909,0.872,0.888,0.916,0.917,0.914,0.872,0.882,0.876,0.904,0.885,0.928,0.886,0.89,0.911,0.917,0.934,0.934,0.914,0.941,0.968,1.0,0.919,0.905,0.904,0.936,0.871,0.891,0.884,0.879,0.933,0.022,0.961,0.911,0.886,0.914,0.934,0.884,0.922,0.879,0.917,0.929,0.868,0.869,0.869,0.895,0.896,0.872,0.896
0.908,0.942,0.874,0.885,0.918,0.938,0.909,0.881,0.887,0.887,0.903,0.888,0.909,0.884,0.889,0.906,0.934,0.922,0.912,0.906,0.923,0.913,0.919,1.0,0.943,0.938,0.918,0.872,0.892,0.905,0.878,0.91,0.02,0.91,0.945,0.877,0.906,0.918,0.88,0.915,0.88,0.927,0.918,0.868,0.874,0.875,0.908,0.909,0.884,0.898
0.895,0.938,0.886,0.886,0.905,0.943,0.902,0.884,0.892,0.878,0.877,0.888,0.881,0.882,0.888,0.901,0.932,0.9,0.898,0.904,0.904,0.891,0.905,0.943,1.0,0.93,0.904,0.884,0.885,0.894,0.886,0.916,0.021,0.906,0.93,0.885,0.904,0.916,0.886,0.899,0.881,0.918,0.905,0.882,0.886,0.887,0.918,0.919,0.874,0.89
0.894,0.921,0.873,0.889,0.914,0.918,0.898,0.871,0.88,0.896,0.894,0.88,0.902,0.883,0.892,0.897,0.928,0.917,0.918,0.895,0.912,0.909,0.904,0.938,0.93,1.0,0.906,0.872,0.89,0.905,0.878,0.899,0.019,0.903,0.929,0.878,0.896,0.901,0.883,0.915,0.88,0.921,0.91,0.871,0.875,0.877,0.907,0.907,0.898,0.897
0.895,0.91,0.876,0.884,0.922,0.905,0.909,0.868,0.88,0.885,0.91,0.876,0.925,0.881,0.889,0.909,0.905,0.934,0.927,0.906,0.933,0.937,0.936,0.918,0.904,0.906,1.0,0.867,0.893,0.892,0.874,0.928,0.022,0.935,0.91,0.879,0.907,0.937,0.879,0.929,0.877,0.911,0.955,0.864,0.867,0.873,0.896,0.896,0.881,0.89
0.877,0.883,0.878,0.927,0.871,0.875,0.864,0.973,0.894,0.922,0.842,0.924,0.845,0.925,0.926,0.868,0.879,0.853,0.854,0.867,0.863,0.859,0.871,0.872,0.884,0.872,0.867,1.0,0.879,0.868,0.934,0.875,0.022,0.865,0.863,0.905,0.868,0.877,0.925,0.853,0.944,0.876,0.865,0.988,0.982,0.881,0.882,0.882,0.909,0.882
0.904,0.885,0.879,0.889,0.882,0.89,0.89,0.879,0.877,0.888,0.865,0.882,0.88,0.892,0.888,0.889,0.884,0.888,0.885,0.887,0.887,0.886,0.891,0.892,0.885,0.89,0.893,0.879,1.0,0.895,0.882,0.879,0.019,0.888,0.876,0.885,0.888,0.885,0.888,0.882,0.888,0.887,0.887,0.877,0.878,0.888,0.88,0.879,0.89,0.952
0.909,0.889,0.878,0.875,0.894,0.892,0.893,0.866,0.893,0.894,0.878,0.876,0.895,0.881,0.888,0.895,0.884,0.897,0.895,0.892,0.899,0.897,0.884,0.905,0.894,0.905,0.892,0.868,0.895,1.0,0.875,0.882,0.022,0.892,0.897,0.876,0.893,0.888,0.876,0.896,0.881,0.896,0.893,0.864,0.864,0.877,0.884,0.884,0.889,0.902
0.872,0.876,0.87,0.926,0.866,0.882,0.872,0.935,0.889,0.926,0.843,0.919,0.856,0.921,0.927,0.873,0.88,0.862,0.868,0.874,0.869,0.87,0.879,0.878,0.886,0.878,0.874,0.934,0.882,0.875,1.0,0.884,0.022,0.876,0.867,0.914,0.875,0.882,0.925,0.865,0.959,0.875,0.871,0.926,0.931,0.886,0.882,0.882,0.907,0.892
0.889,0.917,0.885,0.876,0.911,0.914,0.907,0.876,0.887,0.87,0.895,0.877,0.905,0.874,0.879,0.905,0.92,0.915,0.916,0.909,0.922,0.919,0.933,0.91,0.916,0.899,0.928,0.875,0.879,0.882,0.884,1.0,0.024,0.931,0.904,0.887,0.909,0.933,0.886,0.922,0.878,0.912,0.924,0.87,0.875,0.886,0.918,0.919,0.866,0.883
0.021,0.021,0.023,0.022,0.021,0.021,0.022,0.022,0.02,0.022,0.022,0.022,0.026,0.023,0.022,0.022,0.022,0.021,0.022,0.022,0.021,0.022,0.022,0.02,0.021,0.019,0.022,0.022,0.019,0.022,0.022,0.024,1.0,0.022,0.022,0.023,0.022,0.022,0.023,0.023,0.022,0.021,0.021,0.022,0.022,0.022,0.02,0.02,0.021,0.02
0.891,0.906,0.869,0.88,0.92,0.917,0.906,0.869,0.885,0.871,0.902,0.879,0.926,0.881,0.885,0.903,0.916,0.925,0.922,0.908,0.932,0.96,0.961,0.91,0.906,0.903,0.935,0.865,0.888,0.892,0.876,0.931,0.022,1.0,0.907,0.886,0.908,0.932,0.89,0.925,0.876,0.914,0.933,0.861,0.868,0.874,0.898,0.899,0.865,0.891
0.884,0.927,0.867,0.873,0.914,0.93,0.901,0.864,0.883,0.883,0.903,0.872,0.909,0.876,0.881,0.903,0.917,0.928,0.923,0.9,0.913,0.91,0.911,0.945,0.93,0.929,0.91,0.863,0.876,0.897,0.867,0.904,0.022,0.907,1.0,0.874,0.901,0.909,0.876,0.922,0.868,0.92,0.917,0.858,0.866,0.866,0.906,0.906,0.883,0.888
0.888,0.879,0.881,0.904,0.872,0.888,0.88,0.91,0.89,0.889,0.856,0.908,0.861,0.897,0.903,0.882,0.879,0.872,0.875,0.88,0.879,0.879,0.886,0.877,0.885,0.878,0.879,0.905,0.885,0.876,0.914,0.887,0.023,0.886,0.874,1.0,0.881,0.884,0.923,0.871,0.908,0.883,0.874,0.902,0.909,0.891,0.891,0.891,0.888,0.887
0.899,0.904,0.887,0.883,0.897,0.901,0.995,0.87,0.887,0.876,0.88,0.874,0.885,0.881,0.889,0.989,0.908,0.908,0.907,0.998,0.913,0.91,0.914,0.906,0.904,0.896,0.907,0.868,0.888,0.893,0.875,0.909,0.022,0.908,0.901,0.881,1.0,0.904,0.876,0.901,0.876,0.904,0.903,0.861,0.863,0.874,0.891,0.892,0.878,0.902
0.89,0.923,0.881,0.873,0.915,0.92,0.902,0.882,0.886,0.873,0.895,0.882,0.913,0.877,0.878,0.901,0.907,0.917,0.918,0.905,0.919,0.925,0.934,0.918,0.916,0.901,0.937,0.877,0.885,0.888,0.882,0.933,0.022,0.932,0.909,0.884,0.904,1.0,0.889,0.922,0.88,0.911,0.95,0.875,0.874,0.884,0.913,0.914,0.868,0.89
0.878,0.885,0.883,0.923,0.876,0.89,0.873,0.925,0.887,0.917,0.856,0.928,0.858,0.925,0.927,0.877,0.885,0.875,0.875,0.875,0.876,0.878,0.884,0.88,0.886,0.883,0.879,0.925,0.888,0.876,0.925,0.886,0.023,0.89,0.876,0.923,0.876,0.889,1.0,0.866,0.929,0.883,0.879,0.921,0.927,0.876,0.883,0.883,0.909,0.886
0.882,0.902,0.863,0.87,0.922,0.908,0.903,0.856,0.871,0.881,0.919,0.866,0.932,0.867,0.874,0.901,0.903,0.932,0.928,0.9,0.924,0.931,0.922,0.915,0.899,0.915,0.929,0.853,0.882,0.896,0.865,0.922,0.023,0.925,0.922,0.871,0.901,0.922,0.866,1.0,0.862,0.913,0.938,0.848,0.853,0.862,0.897,0.897,0.876,0.886
0.883,0.881,0.877,0.941,0.876,0.882,0.872,0.93,0.883,0.929,0.847,0.931,0.856,0.938,0.943,0.875,0.883,0.859,0.866,0.875,0.876,0.87,0.879,0.88,0.881,0.88,0.877,0.944,0.888,0.881,0.959,0.878,0.022,0.876,0.868,0.908,0.876,0.88,0.929,0.862,1.0,0.881,0.871,0.935,0.939,0.876,0.874,0.874,0.921,0.892
0.886,0.928,0.878,0.882,0.913,0.933,0.903,0.876,0.883,0.873,0.892,0.881,0.897,0.883,0.893,0.905,0.917,0.914,0.91,0.905,0.914,0.912,0.917,0.927,0.918,0.921,0.911,0.876,0.887,0.896,0.875,0.912,0.021,0.914,0.92,0.883,0.904,0.911,0.883,0.913,0.881,1.0,0.91,0.874,0.875,0.864,0.927,0.928,0.878,0.893
0.886,0.907,0.87,0.877,0.927,0.908,0.903,0.863,0.879,0.883,0.916,0.871,0.927,0.879,0.881,0.902,0.901,0.932,0.929,0.902,0.929,0.938,0.929,0.918,0.905,0.91,0.955,0.865,0.887,0.893,0.871,0.924,0.021,0.933,0.917,0.874,0.903,0.95,0.879,0.938,0.871,0.91,1.0,0.862,0.865,0.866,0.901,0.901,0.877,0.886
0.873,0.883,0.876,0.922,0.866,0.872,0.858,0.969,0.896,0.914,0.835,0.921,0.84,0.919,0.92,0.861,0.875,0.85,0.853,0.86,0.86,0.855,0.868,0.868,0.882,0.871,0.864,0.988,0.877,0.864,0.926,0.87,0.022,0.861,0.858,0.902,0.861,0.875,0.921,0.848,0.935,0.874,0.862,1.0,0.984,0.888,0.885,0.885,0.908,0.877
0.876,0.887,0.879,0.929,0.87,0.876,0.86,0.967,0.896,0.92,0.839,0.925,0.846,0.921,0.925,0.863,0.879,0.852,0.857,0.862,0.862,0.859,0.869,0.874,0.886,0.875,0.867,0.982,0.878,0.864,0.931,0.875,0.022,0.868,0.866,0.909,0.863,0.874,0.927,0.853,0.939,0.875,0.865,0.984,1.0,0.886,0.89,0.89,0.912,0.881
0.883,0.882,0.875,0.876,0.861,0.877,0.871,0.888,0.885,0.87,0.836,0.882,0.849,0.878,0.877,0.87,0.875,0.867,0.861,0.874,0.867,0.865,0.869,0.875,0.887,0.877,0.873,0.881,0.888,0.877,0.886,0.886,0.022,0.874,0.866,0.891,0.874,0.884,0.876,0.862,0.876,0.864,0.866,0.888,0.886,1.0,0.9,0.9,0.865,0.903
0.88,0.925,0.887,0.869,0.901,0.92,0.889,0.882,0.898,0.866,0.873,0.877,0.88,0.869,0.874,0.89,0.916,0.9,0.895,0.891,0.9,0.894,0.895,0.908,0.918,0.907,0.896,0.882,0.88,0.884,0.882,0.918,0.02,0.898,0.906,0.891,0.891,0.913,0.883,0.897,0.874,0.927,0.901,0.885,0.89,0.9,1.0,0.999,0.864,0.88
0.88,0.925,0.886,0.869,0.902,0.921,0.89,0.883,0.898,0.866,0.873,0.878,0.879,0.869,0.874,0.89,0.916,0.901,0.895,0.892,0.901,0.894,0.896,0.909,0.919,0.907,0.896,0.882,0.879,0.884,0.882,0.919,0.02,0.899,0.906,0.891,0.892,0.914,0.883,0.897,0.874,0.928,0.901,0.885,0.89,0.9,0.999,1.0,0.864,0.88
0.875,0.878,0.869,0.919,0.884,0.875,0.878,0.906,0.862,0.935,0.859,0.907,0.873,0.918,0.917,0.88,0.872,0.881,0.884,0.876,0.873,0.875,0.872,0.884,0.874,0.898,0.881,0.909,0.89,0.889,0.907,0.866,0.021,0.865,0.883,0.888,0.878,0.868,0.909,0.876,0.921,0.878,0.877,0.908,0.912,0.865,0.864,0.864,1.0,0.886
0.905,0.893,0.885,0.894,0.881,0.888,0.902,0.878,0.888,0.887,0.863,0.889,0.877,0.893,0.899,0.9,0.885,0.89,0.886,0.902,0.895,0.891,0.896,0.898,0.89,0.897,0.89,0.882,0.952,0.902,0.892,0.883,0.02,0.891,0.888,0.887,0.902,0.89,0.886,0.886,0.892,0.893,0.886,0.877,0.881,0.903,0.88,0.88,0.886,1.0
