GCF_000163235.1_ASM16323v1_genomic.fna,GCF_000164555.1_ASM16455v1_genomic.fna,GCF_000208545.1_ASM20854v2_genomic.fna,GCF_000233875.1_ASM23387v1_genomic.fna,GCF_000249735.1_ASM24973v2_genomic.fna,GCF_000261145.1_Esch_coli_M919_V2_genomic.fna,GCF_000267705.2_ASM26770v2_genomic.fna,GCF_000350665.1_Esch_coli_KTE5_V1_genomic.fna,GCF_000351625.1_Esch_coli_KTE66_V1_genomic.fna,GCF_000352285.1_Esch_coli_KTE46_V1_genomic.fna,GCF_000358895.1_ASM35889v1_genomic.fna,GCF_000456385.1_Esch_coli_HVH_26_4-5703913_V1_genomic.fna,GCF_000458195.1_Esch_coli_HVH_147_4-5893887_V1_genomic.fna,GCF_000459755.1_Esch_coli_KOEGE_58_171a_V1_genomic.fna,GCF_000460055.1_Esch_coli_UMEA_3053-1_V1_genomic.fna,GCF_000462165.2_ASM46216v2_genomic.fna,GCF_000601135.1_ASM60113v1_genomic.fna,GCF_000614595.1_Ec2010EL1058_genomic.fna,GCF_000617745.1_Ec2010C-4529_genomic.fna,GCF_000618265.2_EcF6751_genomic.fna,GCF_000619005.2_Ec2009C-4052_genomic.fna,GCF_000619105.1_Ec2009C-4780_genomic.fna,GCF_000619765.2_Ec2009C-3279_genomic.fna,GCF_000687005.1_ASM68700v1_genomic.fna,GCF_000687025.1_ASM68702v1_genomic.fna,GCF_000700125.1_ASM70012v1_genomic.fna,GCF_000753315.1_FHI35_genomic.fna,GCF_000776375.1_ASM77637v1_genomic.fna,GCF_000779395.1_ASM77939v1_genomic.fna,GCF_000780315.1_ASM78031v1_genomic.fna,GCF_000781995.1_ASM78199v1_genomic.fna,GCF_000986765.1_ASM98676v1_genomic.fna,GCF_001041375.1_ViralProj287958_genomic.fna,GCF_001265335.1_302014_genomic.fna,GCF_001265625.1_100854_genomic.fna,GCF_001267345.1_303289_genomic.fna,GCF_001309985.1_ASM130998v1_genomic.fna,GCF_001521695.1_ASM152169v1_genomic.fna,GCF_001592595.1_ASM159259v1_genomic.fna,GCF_001614975.1_ASM161497v1_genomic.fna,GCF_001692775.1_ASM169277v1_genomic.fna,GCF_001748915.1_ASM174891v1_genomic.fna,GCF_001749235.1_ASM174923v1_genomic.fna,GCF_001881155.1_ASM188115v1_genomic.fna,GCF_001881345.1_ASM188134v1_genomic.fna,GCF_001892405.1_ASM189240v1_genomic.fna,GCF_001892585.1_ASM189258v1_genomic.fna,GCF_001893985.1_ASM189398v1_genomic.fna,GCF_002001595.1_ASM200159v1_genomic.fna,GCF_002002145.1_ASM200214v1_genomic.fna
1.0,0.908,0.873,0.892,0.905,0.909,0.9,0.896,0.914,0.886,0.888,0.885,0.906,0.885,0.879,0.901,0.9,0.898,0.897,0.894,0.896,0.903,0.906,0.897,0.904,0.893,0.9,0.892,0.91,0.9,0.878,0.895,0.025,0.904,0.883,0.887,0.896,0.907,0.88,0.909,0.886,0.897,0.903,0.885,0.891,0.88,0.909,0.909,0.887,0.904
0.908,1.0,0.884,0.893,0.925,0.949,0.911,0.904,0.899,0.882,0.896,0.897,0.914,0.895,0.891,0.905,0.934,0.915,0.923,0.91,0.917,0.909,0.924,0.94,0.95,0.924,0.926,0.896,0.902,0.888,0.887,0.913,0.026,0.914,0.919,0.898,0.911,0.933,0.906,0.918,0.897,0.934,0.928,0.907,0.904,0.883,0.931,0.932,0.896,0.902
0.873,0.884,1.0,0.87,0.872,0.875,0.885,0.878,0.883,0.86,0.854,0.871,0.875,0.868,0.871,0.878,0.881,0.887,0.887,0.888,0.886,0.874,0.885,0.864,0.886,0.867,0.886,0.864,0.874,0.87,0.874,0.889,0.026,0.874,0.846,0.874,0.888,0.882,0.878,0.875,0.873,0.885,0.887,0.881,0.878,0.875,0.885,0.884,0.874,0.887
0.892,0.893,0.87,1.0,0.896,0.894,0.898,0.93,0.881,0.938,0.884,0.936,0.897,0.945,0.946,0.903,0.878,0.895,0.893,0.895,0.891,0.897,0.895,0.889,0.887,0.893,0.881,0.945,0.888,0.882,0.921,0.884,0.024,0.892,0.877,0.92,0.896,0.902,0.914,0.902,0.941,0.888,0.901,0.93,0.931,0.868,0.892,0.892,0.924,0.886
0.905,0.925,0.872,0.896,1.0,0.936,0.914,0.899,0.9,0.878,0.924,0.889,0.931,0.895,0.889,0.911,0.912,0.921,0.925,0.908,0.922,0.923,0.927,0.914,0.918,0.92,0.92,0.899,0.9,0.894,0.882,0.918,0.025,0.926,0.901,0.898,0.909,0.931,0.895,0.931,0.891,0.914,0.931,0.896,0.898,0.885,0.923,0.924,0.895,0.891
0.909,0.949,0.875,0.894,0.936,1.0,0.916,0.903,0.899,0.888,0.904,0.889,0.924,0.902,0.883,0.915,0.929,0.919,0.921,0.91,0.918,0.922,0.926,0.946,0.955,0.933,0.919,0.904,0.9,0.892,0.879,0.91,0.025,0.928,0.925,0.9,0.911,0.927,0.896,0.925,0.894,0.937,0.925,0.902,0.902,0.879,0.937,0.938,0.895,0.891
0.9,0.911,0.885,0.898,0.914,0.916,1.0,0.899,0.901,0.881,0.886,0.898,0.907,0.894,0.89,0.988,0.9,0.918,0.921,0.992,0.925,0.919,0.928,0.906,0.914,0.897,0.912,0.895,0.892,0.89,0.886,0.907,0.023,0.91,0.895,0.899,0.993,0.919,0.891,0.911,0.896,0.913,0.92,0.893,0.893,0.88,0.914,0.913,0.89,0.893
0.896,0.904,0.878,0.93,0.899,0.903,0.899,1.0,0.891,0.915,0.88,0.932,0.897,0.934,0.929,0.898,0.897,0.91,0.907,0.9,0.903,0.898,0.911,0.889,0.897,0.891,0.904,0.966,0.907,0.879,0.922,0.898,0.023,0.896,0.87,0.922,0.901,0.916,0.924,0.898,0.935,0.909,0.912,0.965,0.96,0.884,0.9,0.9,0.925,0.907
0.914,0.899,0.883,0.881,0.9,0.899,0.901,0.891,1.0,0.881,0.882,0.884,0.897,0.886,0.875,0.902,0.891,0.904,0.894,0.896,0.89,0.896,0.897,0.887,0.898,0.887,0.894,0.892,0.898,0.903,0.875,0.889,0.024,0.891,0.87,0.891,0.897,0.901,0.886,0.896,0.888,0.9,0.901,0.888,0.888,0.879,0.902,0.901,0.887,0.901
0.886,0.882,0.86,0.938,0.878,0.888,0.881,0.915,0.881,1.0,0.897,0.917,0.886,0.925,0.914,0.886,0.876,0.875,0.88,0.878,0.879,0.885,0.882,0.893,0.882,0.882,0.868,0.928,0.882,0.892,0.918,0.869,0.024,0.883,0.886,0.913,0.878,0.886,0.906,0.888,0.932,0.882,0.883,0.913,0.918,0.857,0.881,0.881,0.916,0.874
0.888,0.896,0.854,0.884,0.924,0.904,0.886,0.88,0.882,0.897,1.0,0.87,0.925,0.873,0.865,0.888,0.888,0.906,0.897,0.88,0.902,0.906,0.899,0.909,0.896,0.902,0.902,0.886,0.875,0.898,0.861,0.898,0.025,0.907,0.912,0.876,0.881,0.907,0.872,0.929,0.866,0.897,0.91,0.876,0.878,0.867,0.904,0.906,0.88,0.877
0.885,0.897,0.871,0.936,0.889,0.889,0.898,0.932,0.884,0.917,0.87,1.0,0.883,0.936,0.96,0.897,0.888,0.892,0.891,0.899,0.893,0.887,0.899,0.881,0.89,0.881,0.886,0.929,0.893,0.869,0.927,0.889,0.023,0.886,0.863,0.918,0.901,0.895,0.921,0.888,0.939,0.894,0.9,0.93,0.934,0.872,0.891,0.891,0.919,0.892
0.906,0.914,0.875,0.897,0.931,0.924,0.907,0.897,0.897,0.886,0.925,0.883,1.0,0.887,0.878,0.911,0.912,0.924,0.929,0.901,0.932,0.943,0.938,0.919,0.912,0.921,0.924,0.895,0.89,0.899,0.875,0.919,0.027,0.943,0.902,0.89,0.903,0.929,0.883,0.943,0.883,0.91,0.926,0.886,0.887,0.88,0.917,0.917,0.897,0.898
0.885,0.895,0.868,0.945,0.895,0.902,0.894,0.934,0.886,0.925,0.873,0.936,0.887,1.0,0.948,0.895,0.887,0.891,0.891,0.89,0.884,0.889,0.894,0.883,0.896,0.89,0.883,0.946,0.901,0.874,0.924,0.885,0.022,0.886,0.873,0.926,0.892,0.899,0.921,0.891,0.942,0.898,0.889,0.937,0.936,0.874,0.893,0.893,0.93,0.897
0.879,0.891,0.871,0.946,0.889,0.883,0.89,0.929,0.875,0.914,0.865,0.96,0.878,0.948,1.0,0.888,0.883,0.898,0.896,0.892,0.89,0.879,0.896,0.871,0.884,0.873,0.885,0.93,0.894,0.865,0.925,0.888,0.023,0.881,0.858,0.913,0.895,0.899,0.914,0.881,0.944,0.894,0.903,0.928,0.928,0.877,0.892,0.892,0.921,0.898
0.901,0.905,0.878,0.903,0.911,0.915,0.988,0.898,0.902,0.886,0.888,0.897,0.911,0.895,0.888,1.0,0.897,0.916,0.919,0.983,0.916,0.923,0.922,0.908,0.91,0.895,0.908,0.901,0.887,0.894,0.886,0.902,0.024,0.916,0.894,0.901,0.983,0.915,0.889,0.914,0.895,0.908,0.914,0.891,0.892,0.876,0.912,0.91,0.895,0.888
0.9,0.934,0.881,0.878,0.912,0.929,0.9,0.897,0.891,0.876,0.888,0.888,0.912,0.887,0.883,0.897,1.0,0.913,0.912,0.901,0.912,0.908,0.918,0.924,0.941,0.928,0.918,0.889,0.896,0.878,0.88,0.919,0.023,0.914,0.905,0.894,0.902,0.92,0.904,0.911,0.886,0.928,0.924,0.896,0.901,0.888,0.923,0.925,0.888,0.899
0.898,0.915,0.887,0.895,0.921,0.919,0.918,0.91,0.904,0.875,0.906,0.892,0.924,0.891,0.898,0.916,0.913,1.0,0.945,0.92,0.937,0.933,0.942,0.899,0.913,0.904,0.932,0.901,0.899,0.889,0.888,0.923,0.023,0.923,0.888,0.898,0.919,0.933,0.897,0.925,0.894,0.927,0.938,0.902,0.901,0.881,0.924,0.925,0.899,0.897
0.897,0.923,0.887,0.893,0.925,0.921,0.921,0.907,0.894,0.88,0.897,0.891,0.929,0.891,0.896,0.919,0.912,0.945,1.0,0.92,0.944,0.933,0.942,0.908,0.918,0.908,0.937,0.895,0.901,0.892,0.888,0.924,0.024,0.921,0.894,0.896,0.922,0.94,0.896,0.923,0.896,0.919,0.939,0.901,0.899,0.883,0.915,0.915,0.901,0.904
0.894,0.91,0.888,0.895,0.908,0.91,0.992,0.9,0.896,0.878,0.88,0.899,0.901,0.89,0.892,0.983,0.901,0.92,0.92,1.0,0.925,0.913,0.926,0.901,0.911,0.892,0.913,0.89,0.887,0.884,0.89,0.908,0.023,0.905,0.888,0.895,0.996,0.916,0.894,0.905,0.896,0.912,0.922,0.895,0.895,0.883,0.908,0.907,0.885,0.892
0.896,0.917,0.886,0.891,0.922,0.918,0.925,0.903,0.89,0.879,0.902,0.893,0.932,0.884,0.89,0.916,0.912,0.937,0.944,0.925,1.0,0.938,0.95,0.904,0.914,0.904,0.938,0.89,0.894,0.885,0.889,0.926,0.025,0.93,0.893,0.89,0.926,0.935,0.896,0.93,0.895,0.918,0.942,0.893,0.895,0.884,0.916,0.916,0.893,0.895
0.903,0.909,0.874,0.897,0.923,0.922,0.919,0.898,0.896,0.885,0.906,0.887,0.943,0.889,0.879,0.923,0.908,0.933,0.933,0.913,0.938,1.0,0.971,0.906,0.91,0.906,0.925,0.898,0.893,0.888,0.879,0.914,0.026,0.957,0.893,0.899,0.915,0.928,0.891,0.937,0.887,0.911,0.932,0.889,0.891,0.876,0.915,0.915,0.898,0.894
0.906,0.924,0.885,0.895,0.927,0.926,0.928,0.911,0.897,0.882,0.899,0.899,0.938,0.894,0.896,0.922,0.918,0.942,0.942,0.926,0.95,0.971,1.0,0.903,0.914,0.899,0.935,0.899,0.905,0.887,0.89,0.929,0.025,0.953,0.89,0.905,0.928,0.939,0.9,0.929,0.901,0.926,0.945,0.903,0.905,0.883,0.921,0.922,0.896,0.901
0.897,0.94,0.864,0.889,0.914,0.946,0.906,0.889,0.887,0.893,0.909,0.881,0.919,0.883,0.871,0.908,0.924,0.899,0.908,0.901,0.904,0.906,0.903,1.0,0.938,0.93,0.909,0.894,0.884,0.898,0.863,0.899,0.027,0.914,0.946,0.879,0.902,0.914,0.881,0.922,0.876,0.923,0.91,0.886,0.885,0.862,0.925,0.925,0.882,0.883
0.904,0.95,0.886,0.887,0.918,0.955,0.914,0.897,0.898,0.882,0.896,0.89,0.912,0.896,0.884,0.91,0.941,0.913,0.918,0.911,0.914,0.91,0.914,0.938,1.0,0.936,0.918,0.89,0.899,0.886,0.878,0.911,0.025,0.91,0.923,0.892,0.912,0.919,0.892,0.917,0.888,0.934,0.921,0.895,0.894,0.879,0.935,0.935,0.895,0.897
0.893,0.924,0.867,0.893,0.92,0.933,0.897,0.891,0.887,0.882,0.902,0.881,0.921,0.89,0.873,0.895,0.928,0.904,0.908,0.892,0.904,0.906,0.899,0.93,0.936,1.0,0.907,0.894,0.889,0.884,0.872,0.902,0.025,0.913,0.915,0.891,0.893,0.915,0.887,0.923,0.88,0.917,0.907,0.891,0.885,0.868,0.923,0.924,0.898,0.887
0.9,0.926,0.886,0.881,0.92,0.919,0.912,0.904,0.894,0.868,0.902,0.886,0.924,0.883,0.885,0.908,0.918,0.932,0.937,0.913,0.938,0.925,0.935,0.909,0.918,0.907,1.0,0.887,0.896,0.886,0.886,0.935,0.025,0.919,0.887,0.887,0.913,0.951,0.899,0.928,0.884,0.924,0.951,0.906,0.903,0.891,0.919,0.92,0.897,0.897
0.892,0.896,0.864,0.945,0.899,0.904,0.895,0.966,0.892,0.928,0.886,0.929,0.895,0.946,0.93,0.901,0.889,0.901,0.895,0.89,0.89,0.898,0.899,0.894,0.89,0.894,0.887,1.0,0.901,0.878,0.917,0.89,0.025,0.898,0.879,0.928,0.892,0.905,0.92,0.9,0.936,0.9,0.897,0.978,0.972,0.88,0.902,0.902,0.931,0.895
0.91,0.902,0.874,0.888,0.9,0.9,0.892,0.907,0.898,0.882,0.875,0.893,0.89,0.901,0.894,0.887,0.896,0.899,0.901,0.887,0.894,0.893,0.905,0.884,0.899,0.889,0.896,0.901,1.0,0.892,0.888,0.895,0.023,0.894,0.875,0.903,0.888,0.906,0.895,0.896,0.896,0.9,0.9,0.899,0.899,0.898,0.899,0.899,0.895,0.945
0.9,0.888,0.87,0.882,0.894,0.892,0.89,0.879,0.903,0.892,0.898,0.869,0.899,0.874,0.865,0.894,0.878,0.889,0.892,0.884,0.885,0.888,0.887,0.898,0.886,0.884,0.886,0.878,0.892,1.0,0.858,0.877,0.025,0.891,0.889,0.875,0.886,0.891,0.862,0.903,0.866,0.886,0.89,0.87,0.871,0.87,0.896,0.896,0.878,0.896
0.878,0.887,0.874,0.921,0.882,0.879,0.886,0.922,0.875,0.918,0.861,0.927,0.875,0.924,0.925,0.886,0.88,0.888,0.888,0.89,0.889,0.879,0.89,0.863,0.878,0.872,0.886,0.917,0.888,0.858,1.0,0.893,0.023,0.879,0.854,0.915,0.889,0.892,0.915,0.884,0.959,0.884,0.889,0.927,0.931,0.882,0.878,0.878,0.908,0.881
0.895,0.913,0.889,0.884,0.918,0.91,0.907,0.898,0.889,0.869,0.898,0.889,0.919,0.885,0.888,0.902,0.919,0.923,0.924,0.908,0.926,0.914,0.929,0.899,0.911,0.902,0.935,0.89,0.895,0.877,0.893,1.0,0.025,0.92,0.881,0.894,0.906,0.928,0.909,0.915,0.884,0.915,0.935,0.905,0.906,0.9,0.914,0.916,0.887,0.89
0.025,0.026,0.026,0.024,0.025,0.025,0.023,0.023,0.024,0.024,0.025,0.023,0.027,0.022,0.023,0.024,0.023,0.023,0.024,0.023,0.025,0.026,0.025,0.027,0.025,0.025,0.025,0.025,0.023,0.025,0.023,0.025,1.0,0.026,0.025,0.023,0.023,0.025,0.024,0.026,0.023,0.025,0.026,0.025,0.024,0.025,0.026,0.026,0.025,0.023
0.904,0.914,0.874,0.892,0.926,0.928,0.91,0.896,0.891,0.883,0.907,0.886,0.943,0.886,0.881,0.916,0.914,0.923,0.921,0.905,0.93,0.957,0.953,0.914,0.91,0.913,0.919,0.898,0.894,0.891,0.879,0.92,0.026,1.0,0.898,0.902,0.906,0.925,0.893,0.93,0.885,0.916,0.93,0.887,0.892,0.874,0.922,0.923,0.898,0.886
0.883,0.919,0.846,0.877,0.901,0.925,0.895,0.87,0.87,0.886,0.912,0.863,0.902,0.873,0.858,0.894,0.905,0.888,0.894,0.888,0.893,0.893,0.89,0.946,0.923,0.915,0.887,0.879,0.875,0.889,0.854,0.881,0.025,0.898,1.0,0.875,0.889,0.891,0.866,0.9,0.863,0.906,0.896,0.869,0.87,0.847,0.908,0.907,0.869,0.867
0.887,0.898,0.874,0.92,0.898,0.9,0.899,0.922,0.891,0.913,0.876,0.918,0.89,0.926,0.913,0.901,0.894,0.898,0.896,0.895,0.89,0.899,0.905,0.879,0.892,0.891,0.887,0.928,0.903,0.875,0.915,0.894,0.023,0.902,0.875,1.0,0.893,0.897,0.929,0.894,0.928,0.899,0.9,0.924,0.923,0.882,0.897,0.897,0.923,0.892
0.896,0.911,0.888,0.896,0.909,0.911,0.993,0.901,0.897,0.878,0.881,0.901,0.903,0.892,0.895,0.983,0.902,0.919,0.922,0.996,0.926,0.915,0.928,0.902,0.912,0.893,0.913,0.892,0.888,0.886,0.889,0.906,0.023,0.906,0.889,0.893,1.0,0.919,0.892,0.907,0.898,0.914,0.923,0.895,0.894,0.882,0.908,0.907,0.888,0.895
0.907,0.933,0.882,0.902,0.931,0.927,0.919,0.916,0.901,0.886,0.907,0.895,0.929,0.899,0.899,0.915,0.92,0.933,0.94,0.916,0.935,0.928,0.939,0.914,0.919,0.915,0.951,0.905,0.906,0.891,0.892,0.928,0.025,0.925,0.891,0.897,0.919,1.0,0.897,0.936,0.898,0.923,0.952,0.907,0.903,0.89,0.924,0.925,0.9,0.901
0.88,0.906,0.878,0.914,0.895,0.896,0.891,0.924,0.886,0.906,0.872,0.921,0.883,0.921,0.914,0.889,0.904,0.897,0.896,0.894,0.896,0.891,0.9,0.881,0.892,0.887,0.899,0.92,0.895,0.862,0.915,0.909,0.024,0.893,0.866,0.929,0.892,0.897,1.0,0.892,0.918,0.903,0.903,0.933,0.934,0.886,0.895,0.895,0.92,0.887
0.909,0.918,0.875,0.902,0.931,0.925,0.911,0.898,0.896,0.888,0.929,0.888,0.943,0.891,0.881,0.914,0.911,0.925,0.923,0.905,0.93,0.937,0.929,0.922,0.917,0.923,0.928,0.9,0.896,0.903,0.884,0.915,0.026,0.93,0.9,0.894,0.907,0.936,0.892,1.0,0.888,0.909,0.929,0.892,0.894,0.879,0.931,0.931,0.897,0.895
0.886,0.897,0.873,0.941,0.891,0.894,0.896,0.935,0.888,0.932,0.866,0.939,0.883,0.942,0.944,0.895,0.886,0.894,0.896,0.896,0.895,0.887,0.901,0.876,0.888,0.88,0.884,0.936,0.896,0.866,0.959,0.884,0.023,0.885,0.863,0.928,0.898,0.898,0.918,0.888,1.0,0.896,0.896,0.936,0.937,0.878,0.887,0.887,0.919,0.889
0.897,0.934,0.885,0.888,0.914,0.937,0.913,0.909,0.9,0.882,0.897,0.894,0.91,0.898,0.894,0.908,0.928,0.927,0.919,0.912,0.918,0.911,0.926,0.923,0.934,0.917,0.924,0.9,0.9,0.886,0.884,0.915,0.025,0.916,0.906,0.899,0.914,0.923,0.903,0.909,0.896,1.0,0.934,0.908,0.904,0.887,0.934,0.936,0.894,0.903
0.903,0.928,0.887,0.901,0.931,0.925,0.92,0.912,0.901,0.883,0.91,0.9,0.926,0.889,0.903,0.914,0.924,0.938,0.939,0.922,0.942,0.932,0.945,0.91,0.921,0.907,0.951,0.897,0.9,0.89,0.889,0.935,0.026,0.93,0.896,0.9,0.923,0.952,0.903,0.929,0.896,0.934,1.0,0.902,0.903,0.887,0.925,0.927,0.902,0.901
0.885,0.907,0.881,0.93,0.896,0.902,0.893,0.965,0.888,0.913,0.876,0.93,0.886,0.937,0.928,0.891,0.896,0.902,0.901,0.895,0.893,0.889,0.903,0.886,0.895,0.891,0.906,0.978,0.899,0.87,0.927,0.905,0.025,0.887,0.869,0.924,0.895,0.907,0.933,0.892,0.936,0.908,0.902,1.0,0.985,0.893,0.897,0.897,0.926,0.895
0.891,0.904,0.878,0.931,0.898,0.902,0.893,0.96,0.888,0.918,0.878,0.934,0.887,0.936,0.928,0.892,0.901,0.901,0.899,0.895,0.895,0.891,0.905,0.885,0.894,0.885,0.903,0.972,0.899,0.871,0.931,0.906,0.024,0.892,0.87,0.923,0.894,0.903,0.934,0.894,0.937,0.904,0.903,0.985,1.0,0.893,0.9,0.9,0.92,0.894
0.88,0.883,0.875,0.868,0.885,0.879,0.88,0.884,0.879,0.857,0.867,0.872,0.88,0.874,0.877,0.876,0.888,0.881,0.883,0.883,0.884,0.876,0.883,0.862,0.879,0.868,0.891,0.88,0.898,0.87,0.882,0.9,0.025,0.874,0.847,0.882,0.882,0.89,0.886,0.879,0.878,0.887,0.887,0.893,0.893,1.0,0.885,0.885,0.876,0.909
0.909,0.931,0.885,0.892,0.923,0.937,0.914,0.9,0.902,0.881,0.904,0.891,0.917,0.893,0.892,0.912,0.923,0.924,0.915,0.908,0.916,0.915,0.921,0.925,0.935,0.923,0.919,0.902,0.899,0.896,0.878,0.914,0.026,0.922,0.908,0.897,0.908,0.924,0.895,0.931,0.887,0.934,0.925,0.897,0.9,0.885,1.0,0.998,0.9,0.908
0.909,0.932,0.884,0.892,0.924,0.938,0.913,0.9,0.901,0.881,0.906,0.891,0.917,0.893,0.892,0.91,0.925,0.925,0.915,0.907,0.916,0.915,0.922,0.925,0.935,0.924,0.92,0.902,0.899,0.896,0.878,0.916,0.026,0.923,0.907,0.897,0.907,0.925,0.895,0.931,0.887,0.936,0.927,0.897,0.9,0.885,0.998,1.0,0.901,0.908
0.887,0.896,0.874,0.924,0.895,0.895,0.89,0.925,0.887,0.916,0.88,0.919,0.897,0.93,0.921,0.895,0.888,0.899,0.901,0.885,0.893,0.898,0.896,0.882,0.895,0.898,0.897,0.931,0.895,0.878,0.908,0.887,0.025,0.898,0.869,0.923,0.888,0.9,0.92,0.897,0.919,0.894,0.902,0.926,0.92,0.876,0.9,0.901,1.0,0.898
0.904,0.902,0.887,0.886,0.891,0.891,0.893,0.907,0.901,0.874,0.877,0.892,0.898,0.897,0.898,0.888,0.899,0.897,0.904,0.892,0.895,0.894,0.901,0.883,0.897,0.887,0.897,0.895,0.945,0.896,0.881,0.89,0.023,0.886,0.867,0.892,0.895,0.901,0.887,0.895,0.889,0.903,0.901,0.895,0.894,0.909,0.908,0.908,0.898,1.0
