GCF_000163235.1_ASM16323v1_genomic.fna,GCF_000164555.1_ASM16455v1_genomic.fna,GCF_000208545.1_ASM20854v2_genomic.fna,GCF_000233875.1_ASM23387v1_genomic.fna,GCF_000249735.1_ASM24973v2_genomic.fna,GCF_000261145.1_Esch_coli_M919_V2_genomic.fna,GCF_000267705.2_ASM26770v2_genomic.fna,GCF_000350665.1_Esch_coli_KTE5_V1_genomic.fna,GCF_000351625.1_Esch_coli_KTE66_V1_genomic.fna,GCF_000352285.1_Esch_coli_KTE46_V1_genomic.fna,GCF_000358895.1_ASM35889v1_genomic.fna,GCF_000456385.1_Esch_coli_HVH_26_4-5703913_V1_genomic.fna,GCF_000458195.1_Esch_coli_HVH_147_4-5893887_V1_genomic.fna,GCF_000459755.1_Esch_coli_KOEGE_58_171a_V1_genomic.fna,GCF_000460055.1_Esch_coli_UMEA_3053-1_V1_genomic.fna,GCF_000462165.2_ASM46216v2_genomic.fna,GCF_000601135.1_ASM60113v1_genomic.fna,GCF_000614595.1_Ec2010EL1058_genomic.fna,GCF_000617745.1_Ec2010C-4529_genomic.fna,GCF_000618265.2_EcF6751_genomic.fna,GCF_000619005.2_Ec2009C-4052_genomic.fna,GCF_000619105.1_Ec2009C-4780_genomic.fna,GCF_000619765.2_Ec2009C-3279_genomic.fna,GCF_000687005.1_ASM68700v1_genomic.fna,GCF_000687025.1_ASM68702v1_genomic.fna,GCF_000700125.1_ASM70012v1_genomic.fna,GCF_000753315.1_FHI35_genomic.fna,GCF_000776375.1_ASM77637v1_genomic.fna,GCF_000779395.1_ASM77939v1_genomic.fna,GCF_000780315.1_ASM78031v1_genomic.fna,GCF_000781995.1_ASM78199v1_genomic.fna,GCF_000986765.1_ASM98676v1_genomic.fna,GCF_001041375.1_ViralProj287958_genomic.fna,GCF_001265335.1_302014_genomic.fna,GCF_001265625.1_100854_genomic.fna,GCF_001267345.1_303289_genomic.fna,GCF_001309985.1_ASM130998v1_genomic.fna,GCF_001521695.1_ASM152169v1_genomic.fna,GCF_001592595.1_ASM159259v1_genomic.fna,GCF_001614975.1_ASM161497v1_genomic.fna,GCF_001692775.1_ASM169277v1_genomic.fna,GCF_001748915.1_ASM174891v1_genomic.fna,GCF_001749235.1_ASM174923v1_genomic.fna,GCF_001881155.1_ASM188115v1_genomic.fna,GCF_001881345.1_ASM188134v1_genomic.fna,GCF_001892405.1_ASM189240v1_genomic.fna,GCF_001892585.1_ASM189258v1_genomic.fna,GCF_001893985.1_ASM189398v1_genomic.fna,GCF_002001595.1_ASM200159v1_genomic.fna,GCF_002002145.1_ASM200214v1_genomic.fna
1.0,0.461,0.371,0.431,0.441,0.453,0.427,0.432,0.544,0.44,0.44,0.433,0.461,0.429,0.408,0.433,0.437,0.434,0.443,0.418,0.428,0.445,0.452,0.47,0.456,0.452,0.447,0.421,0.496,0.547,0.401,0.433,0.0,0.44,0.444,0.401,0.423,0.447,0.398,0.454,0.406,0.434,0.433,0.418,0.426,0.443,0.428,0.428,0.416,0.482
0.461,1.0,0.336,0.399,0.611,0.778,0.499,0.411,0.431,0.407,0.577,0.414,0.594,0.393,0.377,0.513,0.696,0.58,0.574,0.489,0.575,0.581,0.586,0.777,0.797,0.7,0.575,0.4,0.432,0.425,0.395,0.604,0.0,0.58,0.722,0.377,0.494,0.607,0.389,0.589,0.4,0.666,0.584,0.426,0.421,0.391,0.671,0.671,0.408,0.424
0.371,0.336,1.0,0.315,0.335,0.334,0.314,0.318,0.369,0.316,0.316,0.328,0.334,0.325,0.315,0.319,0.333,0.327,0.328,0.31,0.333,0.329,0.333,0.333,0.334,0.333,0.339,0.309,0.346,0.355,0.308,0.344,0.0,0.327,0.307,0.333,0.313,0.338,0.318,0.334,0.316,0.332,0.341,0.32,0.311,0.333,0.333,0.333,0.32,0.36
0.431,0.399,0.315,1.0,0.377,0.393,0.373,0.705,0.406,0.742,0.364,0.713,0.383,0.785,0.753,0.377,0.39,0.371,0.379,0.367,0.358,0.372,0.378,0.397,0.404,0.401,0.368,0.748,0.443,0.4,0.695,0.388,0.0,0.363,0.371,0.605,0.37,0.378,0.661,0.374,0.703,0.373,0.37,0.731,0.735,0.427,0.382,0.382,0.679,0.455
0.441,0.611,0.335,0.377,1.0,0.632,0.518,0.401,0.442,0.395,0.772,0.391,0.696,0.389,0.382,0.529,0.614,0.657,0.665,0.508,0.646,0.667,0.67,0.62,0.613,0.631,0.687,0.383,0.449,0.459,0.364,0.674,0.0,0.667,0.584,0.366,0.515,0.703,0.384,0.694,0.378,0.617,0.702,0.387,0.39,0.392,0.619,0.619,0.392,0.433
0.453,0.778,0.334,0.393,0.632,1.0,0.523,0.418,0.431,0.4,0.595,0.394,0.612,0.404,0.385,0.531,0.704,0.613,0.599,0.51,0.577,0.613,0.62,0.787,0.808,0.696,0.594,0.399,0.455,0.434,0.377,0.62,0.0,0.615,0.757,0.385,0.517,0.615,0.407,0.61,0.384,0.673,0.613,0.408,0.408,0.39,0.681,0.681,0.403,0.431
0.427,0.499,0.314,0.373,0.518,0.523,1.0,0.381,0.434,0.376,0.485,0.375,0.506,0.382,0.367,0.95,0.523,0.54,0.539,0.982,0.54,0.526,0.54,0.519,0.512,0.52,0.498,0.364,0.414,0.414,0.368,0.514,0.0,0.508,0.495,0.388,0.988,0.493,0.386,0.5,0.369,0.504,0.513,0.368,0.371,0.389,0.513,0.513,0.365,0.43
0.432,0.411,0.318,0.705,0.401,0.418,0.381,1.0,0.409,0.704,0.365,0.696,0.393,0.711,0.692,0.389,0.407,0.381,0.391,0.374,0.37,0.38,0.388,0.411,0.399,0.403,0.38,0.889,0.481,0.414,0.693,0.385,0.0,0.379,0.368,0.612,0.378,0.407,0.668,0.395,0.687,0.384,0.387,0.893,0.881,0.429,0.39,0.39,0.642,0.458
0.544,0.431,0.369,0.406,0.442,0.431,0.434,0.409,1.0,0.415,0.421,0.416,0.43,0.411,0.408,0.437,0.431,0.429,0.42,0.423,0.42,0.439,0.442,0.439,0.424,0.427,0.436,0.401,0.475,0.577,0.401,0.436,0.0,0.436,0.408,0.417,0.429,0.432,0.397,0.434,0.397,0.425,0.443,0.404,0.402,0.429,0.424,0.424,0.392,0.477
0.44,0.407,0.316,0.742,0.395,0.4,0.376,0.704,0.415,1.0,0.389,0.668,0.408,0.725,0.703,0.385,0.394,0.373,0.383,0.369,0.362,0.376,0.378,0.402,0.407,0.408,0.386,0.724,0.463,0.414,0.705,0.376,0.0,0.373,0.374,0.609,0.372,0.401,0.662,0.392,0.706,0.378,0.382,0.711,0.717,0.422,0.383,0.383,0.678,0.45
0.44,0.577,0.316,0.364,0.772,0.595,0.485,0.365,0.421,0.389,1.0,0.36,0.714,0.368,0.355,0.497,0.574,0.647,0.65,0.476,0.627,0.663,0.661,0.626,0.589,0.615,0.682,0.367,0.413,0.44,0.338,0.648,0.0,0.654,0.626,0.353,0.48,0.672,0.359,0.686,0.349,0.59,0.682,0.364,0.365,0.377,0.578,0.578,0.377,0.405
0.433,0.414,0.328,0.713,0.391,0.394,0.375,0.696,0.416,0.668,0.36,1.0,0.381,0.699,0.84,0.382,0.405,0.365,0.38,0.369,0.368,0.37,0.377,0.393,0.389,0.394,0.361,0.693,0.463,0.406,0.677,0.391,0.0,0.366,0.349,0.608,0.371,0.381,0.678,0.376,0.696,0.373,0.375,0.7,0.705,0.446,0.406,0.406,0.631,0.464
0.461,0.594,0.334,0.383,0.696,0.612,0.506,0.393,0.43,0.408,0.714,0.381,1.0,0.391,0.378,0.517,0.599,0.687,0.709,0.496,0.687,0.745,0.75,0.644,0.616,0.628,0.741,0.387,0.438,0.46,0.362,0.696,0.0,0.733,0.613,0.369,0.501,0.711,0.379,0.746,0.368,0.605,0.729,0.383,0.385,0.394,0.602,0.602,0.397,0.431
0.429,0.393,0.325,0.785,0.389,0.404,0.382,0.711,0.411,0.725,0.368,0.699,0.391,1.0,0.772,0.387,0.395,0.387,0.39,0.376,0.363,0.384,0.385,0.396,0.412,0.412,0.379,0.749,0.456,0.406,0.711,0.394,0.0,0.372,0.375,0.615,0.379,0.387,0.664,0.389,0.717,0.385,0.38,0.73,0.736,0.435,0.385,0.385,0.68,0.456
0.408,0.377,0.315,0.753,0.382,0.385,0.367,0.692,0.408,0.703,0.355,0.84,0.378,0.772,1.0,0.369,0.39,0.366,0.375,0.361,0.351,0.373,0.372,0.374,0.385,0.39,0.365,0.718,0.447,0.391,0.711,0.379,0.0,0.362,0.351,0.612,0.364,0.379,0.678,0.376,0.718,0.369,0.369,0.712,0.718,0.442,0.393,0.393,0.664,0.469
0.433,0.513,0.319,0.377,0.529,0.531,0.95,0.389,0.437,0.385,0.497,0.382,0.517,0.387,0.369,1.0,0.534,0.535,0.547,0.945,0.526,0.533,0.541,0.524,0.519,0.529,0.503,0.373,0.421,0.423,0.368,0.511,0.0,0.509,0.5,0.394,0.947,0.508,0.391,0.508,0.373,0.519,0.519,0.378,0.38,0.389,0.521,0.521,0.379,0.429
0.437,0.696,0.333,0.39,0.614,0.704,0.523,0.407,0.431,0.394,0.574,0.405,0.599,0.395,0.39,0.534,1.0,0.59,0.593,0.512,0.587,0.609,0.609,0.711,0.704,0.736,0.586,0.396,0.427,0.426,0.381,0.641,0.0,0.604,0.662,0.387,0.517,0.6,0.412,0.598,0.39,0.655,0.611,0.41,0.417,0.383,0.68,0.68,0.398,0.426
0.434,0.58,0.327,0.371,0.657,0.613,0.54,0.381,0.429,0.373,0.647,0.365,0.687,0.387,0.366,0.535,0.59,1.0,0.722,0.533,0.699,0.741,0.743,0.607,0.581,0.59,0.699,0.367,0.429,0.435,0.36,0.69,0.0,0.693,0.569,0.378,0.532,0.673,0.378,0.681,0.36,0.608,0.69,0.37,0.373,0.387,0.605,0.604,0.366,0.426
0.443,0.574,0.328,0.379,0.665,0.599,0.539,0.391,0.42,0.383,0.65,0.38,0.709,0.39,0.375,0.547,0.593,0.722,1.0,0.529,0.694,0.724,0.726,0.609,0.597,0.601,0.703,0.38,0.434,0.453,0.362,0.677,0.0,0.675,0.589,0.39,0.534,0.667,0.392,0.696,0.367,0.592,0.686,0.379,0.379,0.392,0.586,0.586,0.38,0.434
0.418,0.489,0.31,0.367,0.508,0.51,0.982,0.374,0.423,0.369,0.476,0.369,0.496,0.376,0.361,0.945,0.512,0.533,0.529,1.0,0.532,0.516,0.53,0.508,0.507,0.511,0.486,0.358,0.406,0.406,0.361,0.504,0.0,0.496,0.483,0.383,0.99,0.483,0.379,0.491,0.363,0.496,0.503,0.362,0.365,0.388,0.505,0.505,0.36,0.423
0.428,0.575,0.333,0.358,0.646,0.577,0.54,0.37,0.42,0.362,0.627,0.368,0.687,0.363,0.351,0.526,0.587,0.699,0.694,0.532,1.0,0.703,0.722,0.586,0.563,0.592,0.682,0.361,0.416,0.428,0.354,0.692,0.0,0.687,0.555,0.385,0.533,0.67,0.376,0.677,0.362,0.575,0.678,0.367,0.367,0.379,0.595,0.595,0.364,0.422
0.445,0.581,0.329,0.372,0.667,0.613,0.526,0.38,0.439,0.376,0.663,0.37,0.745,0.384,0.373,0.533,0.609,0.741,0.724,0.516,0.703,1.0,0.926,0.6,0.589,0.597,0.71,0.372,0.428,0.452,0.358,0.714,0.0,0.868,0.568,0.369,0.521,0.701,0.381,0.712,0.361,0.601,0.724,0.376,0.378,0.398,0.6,0.601,0.372,0.432
0.452,0.586,0.333,0.378,0.67,0.62,0.54,0.388,0.442,0.378,0.661,0.377,0.75,0.385,0.372,0.541,0.609,0.743,0.726,0.53,0.722,0.926,1.0,0.605,0.593,0.605,0.715,0.38,0.437,0.45,0.364,0.724,0.0,0.854,0.573,0.382,0.535,0.705,0.394,0.708,0.371,0.604,0.713,0.385,0.385,0.4,0.605,0.606,0.374,0.434
0.47,0.777,0.333,0.397,0.62,0.787,0.519,0.411,0.439,0.402,0.626,0.393,0.644,0.396,0.374,0.524,0.711,0.607,0.609,0.508,0.586,0.6,0.605,1.0,0.823,0.732,0.608,0.396,0.429,0.453,0.371,0.607,0.0,0.601,0.806,0.38,0.511,0.602,0.393,0.622,0.379,0.678,0.61,0.395,0.399,0.386,0.678,0.678,0.393,0.422
0.456,0.797,0.334,0.404,0.613,0.808,0.512,0.399,0.424,0.407,0.589,0.389,0.616,0.412,0.385,0.519,0.704,0.581,0.597,0.507,0.563,0.589,0.593,0.823,1.0,0.745,0.592,0.403,0.424,0.439,0.376,0.612,0.0,0.588,0.782,0.374,0.511,0.597,0.399,0.609,0.383,0.671,0.599,0.412,0.406,0.384,0.676,0.676,0.422,0.415
0.452,0.7,0.333,0.401,0.631,0.696,0.52,0.403,0.427,0.408,0.615,0.394,0.628,0.412,0.39,0.529,0.736,0.59,0.601,0.511,0.592,0.597,0.605,0.732,0.745,1.0,0.608,0.403,0.41,0.435,0.38,0.603,0.0,0.597,0.695,0.381,0.514,0.616,0.394,0.621,0.385,0.669,0.608,0.412,0.404,0.379,0.68,0.68,0.42,0.405
0.447,0.575,0.339,0.368,0.687,0.594,0.498,0.38,0.436,0.386,0.682,0.361,0.741,0.379,0.365,0.503,0.586,0.699,0.703,0.486,0.682,0.71,0.715,0.608,0.592,0.608,1.0,0.374,0.436,0.447,0.353,0.705,0.0,0.696,0.58,0.359,0.491,0.804,0.362,0.746,0.356,0.596,0.821,0.375,0.373,0.393,0.58,0.581,0.388,0.425
0.421,0.4,0.309,0.748,0.383,0.399,0.364,0.889,0.401,0.724,0.367,0.693,0.387,0.749,0.718,0.373,0.396,0.367,0.38,0.358,0.361,0.372,0.38,0.396,0.403,0.403,0.374,1.0,0.456,0.409,0.683,0.382,0.0,0.366,0.367,0.604,0.361,0.397,0.656,0.384,0.695,0.371,0.374,0.951,0.94,0.427,0.383,0.383,0.672,0.447
0.496,0.432,0.346,0.443,0.449,0.455,0.414,0.481,0.475,0.463,0.413,0.463,0.438,0.456,0.447,0.421,0.427,0.429,0.434,0.406,0.416,0.428,0.437,0.429,0.424,0.41,0.436,0.456,1.0,0.464,0.439,0.438,0.0,0.431,0.398,0.436,0.409,0.439,0.448,0.439,0.439,0.418,0.434,0.46,0.463,0.549,0.413,0.412,0.439,0.812
0.547,0.425,0.355,0.4,0.459,0.434,0.414,0.414,0.577,0.414,0.44,0.406,0.46,0.406,0.391,0.423,0.426,0.435,0.453,0.406,0.428,0.452,0.45,0.453,0.439,0.435,0.447,0.409,0.464,1.0,0.375,0.439,0.0,0.444,0.419,0.4,0.41,0.441,0.391,0.477,0.386,0.426,0.453,0.405,0.405,0.45,0.421,0.422,0.401,0.473
0.401,0.395,0.308,0.695,0.364,0.377,0.368,0.693,0.401,0.705,0.338,0.677,0.362,0.711,0.711,0.368,0.381,0.36,0.362,0.361,0.354,0.358,0.364,0.371,0.376,0.38,0.353,0.683,0.439,0.375,1.0,0.37,0.0,0.356,0.345,0.601,0.365,0.357,0.657,0.355,0.882,0.366,0.352,0.691,0.691,0.411,0.369,0.369,0.627,0.435
0.433,0.604,0.344,0.388,0.674,0.62,0.514,0.385,0.436,0.376,0.648,0.391,0.696,0.394,0.379,0.511,0.641,0.69,0.677,0.504,0.692,0.714,0.724,0.607,0.612,0.603,0.705,0.382,0.438,0.439,0.37,1.0,0.0,0.695,0.576,0.363,0.509,0.704,0.398,0.702,0.37,0.611,0.712,0.387,0.386,0.397,0.623,0.623,0.382,0.432
0.0,0.0,0.0,0.0,0.0,0.0,0.0,0.0,0.0,0.0,0.0,0.0,0.0,0.0,0.0,0.0,0.0,0.0,0.0,0.0,0.0,0.0,0.0,0.0,0.0,0.0,0.0,0.0,0.0,0.0,0.0,0.0,1.0,0.0,0.0,0.0,0.0,0.0,0.0,0.0,0.0,0.0,0.0,0.0,0.0,0.0,0.0,0.0,0.0,0.0
0.44,0.58,0.327,0.363,0.667,0.615,0.508,0.379,0.436,0.373,0.654,0.366,0.733,0.372,0.362,0.509,0.604,0.693,0.675,0.496,0.687,0.868,0.854,0.601,0.588,0.597,0.696,0.366,0.431,0.444,0.356,0.695,0.0,1.0,0.569,0.388,0.503,0.696,0.391,0.696,0.353,0.586,0.712,0.371,0.376,0.386,0.594,0.595,0.367,0.427
0.444,0.722,0.307,0.371,0.584,0.757,0.495,0.368,0.408,0.374,0.626,0.349,0.613,0.375,0.351,0.5,0.662,0.569,0.589,0.483,0.555,0.568,0.573,0.806,0.782,0.695,0.58,0.367,0.398,0.419,0.345,0.576,0.0,0.569,1.0,0.353,0.489,0.567,0.365,0.592,0.344,0.639,0.588,0.361,0.368,0.364,0.637,0.637,0.365,0.398
0.401,0.377,0.333,0.605,0.366,0.385,0.388,0.612,0.417,0.609,0.353,0.608,0.369,0.615,0.612,0.394,0.387,0.378,0.39,0.383,0.385,0.369,0.382,0.38,0.374,0.381,0.359,0.604,0.436,0.4,0.601,0.363,0.0,0.388,0.353,1.0,0.383,0.365,0.635,0.377,0.611,0.367,0.362,0.613,0.612,0.409,0.375,0.375,0.585,0.439
0.423,0.494,0.313,0.37,0.515,0.517,0.988,0.378,0.429,0.372,0.48,0.371,0.501,0.379,0.364,0.947,0.517,0.532,0.534,0.99,0.533,0.521,0.535,0.511,0.511,0.514,0.491,0.361,0.409,0.41,0.365,0.509,0.0,0.503,0.489,0.383,1.0,0.489,0.382,0.496,0.366,0.501,0.508,0.364,0.367,0.389,0.51,0.51,0.363,0.427
0.447,0.607,0.338,0.378,0.703,0.615,0.493,0.407,0.432,0.401,0.672,0.381,0.711,0.387,0.379,0.508,0.6,0.673,0.667,0.483,0.67,0.701,0.705,0.602,0.597,0.616,0.804,0.397,0.439,0.441,0.357,0.704,0.0,0.696,0.567,0.365,0.489,1.0,0.386,0.728,0.367,0.599,0.847,0.4,0.391,0.391,0.606,0.607,0.398,0.429
0.398,0.389,0.318,0.661,0.384,0.407,0.386,0.668,0.397,0.662,0.359,0.678,0.379,0.664,0.678,0.391,0.412,0.378,0.392,0.379,0.376,0.381,0.394,0.393,0.399,0.394,0.362,0.656,0.448,0.391,0.657,0.398,0.0,0.391,0.365,0.635,0.382,0.386,1.0,0.387,0.665,0.384,0.381,0.661,0.663,0.427,0.396,0.396,0.629,0.447
0.454,0.589,0.334,0.374,0.694,0.61,0.5,0.395,0.434,0.392,0.686,0.376,0.746,0.389,0.376,0.508,0.598,0.681,0.696,0.491,0.677,0.712,0.708,0.622,0.609,0.621,0.746,0.384,0.439,0.477,0.355,0.702,0.0,0.696,0.592,0.377,0.496,0.728,0.387,1.0,0.361,0.607,0.745,0.379,0.387,0.395,0.607,0.607,0.384,0.435
0.406,0.4,0.316,0.703,0.378,0.384,0.369,0.687,0.397,0.706,0.349,0.696,0.368,0.717,0.718,0.373,0.39,0.36,0.367,0.363,0.362,0.361,0.371,0.379,0.383,0.385,0.356,0.695,0.439,0.386,0.882,0.37,0.0,0.353,0.344,0.611,0.366,0.367,0.665,0.361,1.0,0.382,0.352,0.706,0.702,0.412,0.378,0.378,0.629,0.436
0.434,0.666,0.332,0.373,0.617,0.673,0.504,0.384,0.425,0.378,0.59,0.373,0.605,0.385,0.369,0.519,0.655,0.608,0.592,0.496,0.575,0.601,0.604,0.678,0.671,0.669,0.596,0.371,0.418,0.426,0.366,0.611,0.0,0.586,0.639,0.367,0.501,0.599,0.384,0.607,0.382,1.0,0.621,0.377,0.377,0.378,0.688,0.689,0.376,0.409
0.433,0.584,0.341,0.37,0.702,0.613,0.513,0.387,0.443,0.382,0.682,0.375,0.729,0.38,0.369,0.519,0.611,0.69,0.686,0.503,0.678,0.724,0.713,0.61,0.599,0.608,0.821,0.374,0.434,0.453,0.352,0.712,0.0,0.712,0.588,0.362,0.508,0.847,0.381,0.745,0.352,0.621,1.0,0.378,0.38,0.4,0.592,0.593,0.383,0.434
0.418,0.426,0.32,0.731,0.387,0.408,0.368,0.893,0.404,0.711,0.364,0.7,0.383,0.73,0.712,0.378,0.41,0.37,0.379,0.362,0.367,0.376,0.385,0.395,0.412,0.412,0.375,0.951,0.46,0.405,0.691,0.387,0.0,0.371,0.361,0.613,0.364,0.4,0.661,0.379,0.706,0.377,0.378,1.0,0.956,0.435,0.392,0.392,0.667,0.449
0.426,0.421,0.311,0.735,0.39,0.408,0.371,0.881,0.402,0.717,0.365,0.705,0.385,0.736,0.718,0.38,0.417,0.373,0.379,0.365,0.367,0.378,0.385,0.399,0.406,0.404,0.373,0.94,0.463,0.405,0.691,0.386,0.0,0.376,0.368,0.612,0.367,0.391,0.663,0.387,0.702,0.377,0.38,0.956,1.0,0.434,0.394,0.394,0.663,0.45
0.443,0.391,0.333,0.427,0.392,0.39,0.389,0.429,0.429,0.422,0.377,0.446,0.394,0.435,0.442,0.389,0.383,0.387,0.392,0.388,0.379,0.398,0.4,0.386,0.384,0.379,0.393,0.427,0.549,0.45,0.411,0.397,0.0,0.386,0.364,0.409,0.389,0.391,0.427,0.395,0.412,0.378,0.4,0.435,0.434,1.0,0.417,0.417,0.417,0.619
0.428,0.671,0.333,0.382,0.619,0.681,0.513,0.39,0.424,0.383,0.578,0.406,0.602,0.385,0.393,0.521,0.68,0.605,0.586,0.505,0.595,0.6,0.605,0.678,0.676,0.68,0.58,0.383,0.413,0.421,0.369,0.623,0.0,0.594,0.637,0.375,0.51,0.606,0.396,0.607,0.378,0.688,0.592,0.392,0.394,0.417,1.0,0.999,0.387,0.432
0.428,0.671,0.333,0.382,0.619,0.681,0.513,0.39,0.424,0.383,0.578,0.406,0.602,0.385,0.393,0.521,0.68,0.604,0.586,0.505,0.595,0.601,0.606,0.678,0.676,0.68,0.581,0.383,0.412,0.422,0.369,0.623,0.0,0.595,0.637,0.375,0.51,0.607,0.396,0.607,0.378,0.689,0.593,0.392,0.394,0.417,0.999,1.0,0.387,0.432
0.416,0.408,0.32,0.679,0.392,0.403,0.365,0.642,0.392,0.678,0.377,0.631,0.397,0.68,0.664,0.379,0.398,0.366,0.38,0.36,0.364,0.372,0.374,0.393,0.422,0.42,0.388,0.672,0.439,0.401,0.627,0.382,0.0,0.367,0.365,0.585,0.363,0.398,0.629,0.384,0.629,0.376,0.383,0.667,0.663,0.417,0.387,0.387,1.0,0.424
0.482,0.424,0.36,0.455,0.433,0.431,0.43,0.458,0.477,0.45,0.405,0.464,0.431,0.456,0.469,0.429,0.426,0.426,0.434,0.423,0.422,0.432,0.434,0.422,0.415,0.405,0.425,0.447,0.812,0.473,0.435,0.432,0.0,0.427,0.398,0.439,0.427,0.429,0.447,0.435,0.436,0.409,0.434,0.449,0.45,0.619,0.432,0.432,0.424,1.0
