GCF_000163235.1_ASM16323v1_genomic.fna,GCF_000164555.1_ASM16455v1_genomic.fna,GCF_000208545.1_ASM20854v2_genomic.fna,GCF_000233875.1_ASM23387v1_genomic.fna,GCF_000249735.1_ASM24973v2_genomic.fna,GCF_000261145.1_Esch_coli_M919_V2_genomic.fna,GCF_000267705.2_ASM26770v2_genomic.fna,GCF_000350665.1_Esch_coli_KTE5_V1_genomic.fna,GCF_000351625.1_Esch_coli_KTE66_V1_genomic.fna,GCF_000352285.1_Esch_coli_KTE46_V1_genomic.fna,GCF_000358895.1_ASM35889v1_genomic.fna,GCF_000456385.1_Esch_coli_HVH_26_4-5703913_V1_genomic.fna,GCF_000458195.1_Esch_coli_HVH_147_4-5893887_V1_genomic.fna,GCF_000459755.1_Esch_coli_KOEGE_58_171a_V1_genomic.fna,GCF_000460055.1_Esch_coli_UMEA_3053-1_V1_genomic.fna,GCF_000462165.2_ASM46216v2_genomic.fna,GCF_000601135.1_ASM60113v1_genomic.fna,GCF_000614595.1_Ec2010EL1058_genomic.fna,GCF_000617745.1_Ec2010C-4529_genomic.fna,GCF_000618265.2_EcF6751_genomic.fna,GCF_000619005.2_Ec2009C-4052_genomic.fna,GCF_000619105.1_Ec2009C-4780_genomic.fna,GCF_000619765.2_Ec2009C-3279_genomic.fna,GCF_000687005.1_ASM68700v1_genomic.fna,GCF_000687025.1_ASM68702v1_genomic.fna,GCF_000700125.1_ASM70012v1_genomic.fna,GCF_000753315.1_FHI35_genomic.fna,GCF_000776375.1_ASM77637v1_genomic.fna,GCF_000779395.1_ASM77939v1_genomic.fna,GCF_000780315.1_ASM78031v1_genomic.fna,GCF_000781995.1_ASM78199v1_genomic.fna,GCF_000986765.1_ASM98676v1_genomic.fna,GCF_001041375.1_ViralProj287958_genomic.fna,GCF_001265335.1_302014_genomic.fna,GCF_001265625.1_100854_genomic.fna,GCF_001267345.1_303289_genomic.fna,GCF_001309985.1_ASM130998v1_genomic.fna,GCF_001521695.1_ASM152169v1_genomic.fna,GCF_001592595.1_ASM159259v1_genomic.fna,GCF_001614975.1_ASM161497v1_genomic.fna,GCF_001692775.1_ASM169277v1_genomic.fna,GCF_001748915.1_ASM174891v1_genomic.fna,GCF_001749235.1_ASM174923v1_genomic.fna,GCF_001881155.1_ASM188115v1_genomic.fna,GCF_001881345.1_ASM188134v1_genomic.fna,GCF_001892405.1_ASM189240v1_genomic.fna,GCF_001892585.1_ASM189258v1_genomic.fna,GCF_001893985.1_ASM189398v1_genomic.fna,GCF_002001595.1_ASM200159v1_genomic.fna,GCF_002002145.1_ASM200214v1_genomic.fna
1.0,0.565,0.486,0.531,0.568,0.542,0.557,0.546,0.629,0.541,0.55,0.553,0.546,0.529,0.524,0.567,0.547,0.561,0.534,0.555,0.537,0.549,0.555,0.543,0.545,0.545,0.553,0.535,0.593,0.639,0.524,0.558,0.0,0.551,0.522,0.495,0.557,0.566,0.513,0.564,0.527,0.556,0.556,0.539,0.548,0.554,0.54,0.54,0.517,0.598
0.565,1.0,0.444,0.504,0.666,0.814,0.607,0.519,0.513,0.505,0.638,0.526,0.646,0.498,0.502,0.609,0.734,0.645,0.643,0.607,0.636,0.642,0.646,0.791,0.825,0.733,0.656,0.514,0.53,0.528,0.505,0.677,0.0,0.637,0.753,0.472,0.605,0.683,0.482,0.655,0.507,0.733,0.661,0.532,0.533,0.514,0.722,0.721,0.512,0.542
0.486,0.444,1.0,0.424,0.439,0.432,0.44,0.438,0.452,0.421,0.436,0.426,0.431,0.427,0.427,0.442,0.438,0.438,0.423,0.438,0.429,0.426,0.428,0.426,0.437,0.431,0.44,0.433,0.463,0.464,0.432,0.454,0.0,0.432,0.404,0.419,0.44,0.439,0.427,0.45,0.445,0.458,0.445,0.444,0.439,0.441,0.444,0.444,0.42,0.465
0.531,0.504,0.424,1.0,0.519,0.495,0.486,0.741,0.526,0.75,0.505,0.797,0.504,0.796,0.822,0.488,0.486,0.513,0.509,0.485,0.497,0.51,0.513,0.501,0.515,0.505,0.521,0.791,0.545,0.519,0.77,0.505,0.0,0.491,0.487,0.666,0.485,0.521,0.72,0.517,0.77,0.489,0.51,0.766,0.765,0.52,0.495,0.495,0.709,0.54
0.568,0.666,0.439,0.519,1.0,0.682,0.62,0.522,0.563,0.52,0.813,0.53,0.765,0.529,0.52,0.632,0.694,0.737,0.737,0.617,0.73,0.737,0.728,0.704,0.687,0.703,0.757,0.523,0.543,0.571,0.509,0.726,0.0,0.725,0.671,0.498,0.62,0.748,0.507,0.769,0.512,0.693,0.754,0.51,0.518,0.499,0.695,0.696,0.523,0.53
0.542,0.814,0.432,0.495,0.682,1.0,0.628,0.519,0.516,0.496,0.649,0.498,0.652,0.496,0.494,0.629,0.743,0.666,0.654,0.623,0.647,0.65,0.665,0.801,0.831,0.731,0.653,0.505,0.539,0.522,0.489,0.676,0.0,0.654,0.777,0.491,0.623,0.683,0.504,0.661,0.502,0.739,0.668,0.517,0.518,0.503,0.731,0.731,0.488,0.533
0.557,0.607,0.44,0.486,0.62,0.628,1.0,0.505,0.53,0.477,0.598,0.491,0.589,0.487,0.488,0.953,0.611,0.653,0.626,0.986,0.656,0.633,0.655,0.603,0.613,0.608,0.607,0.493,0.528,0.532,0.488,0.617,0.0,0.607,0.59,0.489,0.99,0.597,0.508,0.606,0.486,0.622,0.605,0.501,0.501,0.511,0.597,0.597,0.474,0.539
0.546,0.519,0.438,0.741,0.522,0.519,0.505,1.0,0.517,0.748,0.502,0.75,0.512,0.753,0.743,0.509,0.507,0.524,0.51,0.505,0.496,0.514,0.519,0.519,0.515,0.51,0.515,0.922,0.553,0.517,0.758,0.513,0.0,0.507,0.493,0.66,0.502,0.542,0.72,0.528,0.755,0.51,0.515,0.921,0.914,0.532,0.505,0.504,0.686,0.546
0.629,0.513,0.452,0.526,0.563,0.516,0.53,0.517,1.0,0.534,0.556,0.532,0.556,0.533,0.522,0.538,0.533,0.548,0.539,0.528,0.542,0.557,0.55,0.54,0.528,0.544,0.564,0.531,0.576,0.67,0.507,0.524,0.0,0.533,0.519,0.51,0.531,0.543,0.511,0.568,0.491,0.532,0.56,0.513,0.517,0.534,0.521,0.522,0.502,0.579
0.541,0.505,0.421,0.75,0.52,0.496,0.477,0.748,0.534,1.0,0.535,0.756,0.539,0.786,0.746,0.483,0.491,0.508,0.502,0.476,0.49,0.51,0.503,0.528,0.505,0.506,0.518,0.765,0.537,0.523,0.762,0.495,0.0,0.493,0.5,0.654,0.476,0.513,0.712,0.527,0.752,0.489,0.512,0.741,0.754,0.528,0.489,0.489,0.707,0.532
0.55,0.638,0.436,0.505,0.813,0.649,0.598,0.502,0.556,0.535,1.0,0.508,0.794,0.532,0.501,0.607,0.67,0.734,0.743,0.595,0.722,0.74,0.732,0.714,0.658,0.685,0.761,0.506,0.529,0.56,0.492,0.703,0.0,0.714,0.701,0.504,0.597,0.723,0.503,0.76,0.486,0.676,0.748,0.492,0.501,0.487,0.657,0.658,0.499,0.527
0.553,0.526,0.426,0.797,0.53,0.498,0.491,0.75,0.532,0.756,0.508,1.0,0.507,0.79,0.869,0.494,0.498,0.507,0.504,0.488,0.492,0.519,0.512,0.515,0.521,0.509,0.513,0.78,0.555,0.537,0.743,0.51,0.0,0.504,0.498,0.668,0.488,0.53,0.727,0.52,0.744,0.493,0.516,0.76,0.769,0.537,0.5,0.5,0.712,0.54
0.546,0.646,0.431,0.504,0.765,0.652,0.589,0.512,0.556,0.539,0.794,0.507,1.0,0.522,0.503,0.596,0.663,0.739,0.76,0.586,0.746,0.807,0.793,0.704,0.66,0.668,0.801,0.515,0.527,0.558,0.498,0.741,0.0,0.777,0.669,0.493,0.588,0.761,0.498,0.797,0.493,0.673,0.779,0.503,0.507,0.494,0.669,0.67,0.504,0.527
0.529,0.498,0.427,0.796,0.529,0.496,0.487,0.753,0.533,0.786,0.532,0.79,0.522,1.0,0.799,0.488,0.482,0.518,0.512,0.486,0.495,0.517,0.515,0.512,0.508,0.507,0.521,0.798,0.542,0.526,0.767,0.507,0.0,0.494,0.499,0.666,0.486,0.526,0.719,0.526,0.769,0.489,0.513,0.772,0.772,0.524,0.497,0.497,0.721,0.537
0.524,0.502,0.427,0.822,0.52,0.494,0.488,0.743,0.522,0.746,0.501,0.869,0.503,0.799,1.0,0.489,0.495,0.511,0.495,0.487,0.491,0.513,0.519,0.498,0.512,0.498,0.516,0.774,0.542,0.526,0.77,0.504,0.0,0.496,0.484,0.665,0.488,0.528,0.729,0.517,0.771,0.486,0.52,0.756,0.757,0.542,0.503,0.503,0.712,0.556
0.567,0.609,0.442,0.488,0.632,0.629,0.953,0.509,0.538,0.483,0.607,0.494,0.596,0.488,0.489,1.0,0.614,0.644,0.628,0.951,0.641,0.635,0.646,0.605,0.615,0.609,0.611,0.495,0.529,0.543,0.488,0.608,0.0,0.613,0.588,0.495,0.955,0.603,0.505,0.615,0.49,0.622,0.611,0.502,0.503,0.51,0.602,0.602,0.482,0.536
0.547,0.734,0.438,0.486,0.694,0.743,0.611,0.507,0.533,0.491,0.67,0.498,0.663,0.482,0.495,0.614,1.0,0.679,0.661,0.608,0.662,0.674,0.679,0.756,0.759,0.777,0.672,0.5,0.542,0.534,0.486,0.704,0.0,0.679,0.711,0.504,0.607,0.669,0.498,0.674,0.476,0.735,0.681,0.504,0.518,0.484,0.732,0.733,0.483,0.52
0.561,0.645,0.438,0.513,0.737,0.666,0.653,0.524,0.548,0.508,0.734,0.507,0.739,0.518,0.511,0.644,0.679,1.0,0.784,0.652,0.784,0.785,0.788,0.675,0.672,0.676,0.758,0.52,0.543,0.561,0.51,0.721,0.0,0.744,0.65,0.527,0.648,0.727,0.526,0.748,0.499,0.691,0.753,0.516,0.521,0.506,0.666,0.667,0.51,0.547
0.534,0.643,0.423,0.509,0.737,0.654,0.626,0.51,0.539,0.502,0.743,0.504,0.76,0.512,0.495,0.628,0.661,0.784,1.0,0.624,0.768,0.777,0.767,0.678,0.659,0.68,0.769,0.509,0.518,0.542,0.491,0.713,0.0,0.722,0.667,0.504,0.623,0.715,0.497,0.759,0.478,0.661,0.741,0.494,0.501,0.477,0.643,0.644,0.5,0.519
0.555,0.607,0.438,0.485,0.617,0.623,0.986,0.505,0.528,0.476,0.595,0.488,0.586,0.486,0.487,0.951,0.608,0.652,0.624,1.0,0.653,0.631,0.651,0.599,0.614,0.604,0.604,0.493,0.526,0.531,0.485,0.615,0.0,0.604,0.585,0.487,0.989,0.594,0.502,0.603,0.483,0.62,0.604,0.5,0.5,0.511,0.595,0.595,0.473,0.538
0.537,0.636,0.429,0.497,0.73,0.647,0.656,0.496,0.542,0.49,0.722,0.492,0.746,0.495,0.491,0.641,0.662,0.784,0.768,0.653,1.0,0.786,0.804,0.65,0.649,0.668,0.754,0.495,0.517,0.546,0.491,0.747,0.0,0.767,0.632,0.511,0.65,0.735,0.511,0.764,0.485,0.658,0.751,0.492,0.498,0.495,0.667,0.668,0.482,0.52
0.549,0.642,0.426,0.51,0.737,0.65,0.633,0.514,0.557,0.51,0.74,0.519,0.807,0.517,0.513,0.635,0.674,0.785,0.777,0.631,0.786,1.0,0.93,0.663,0.667,0.671,0.788,0.518,0.533,0.561,0.503,0.758,0.0,0.871,0.647,0.514,0.629,0.762,0.511,0.797,0.491,0.67,0.793,0.506,0.51,0.499,0.658,0.659,0.511,0.535
0.555,0.646,0.428,0.513,0.728,0.665,0.655,0.519,0.55,0.503,0.732,0.512,0.793,0.515,0.519,0.646,0.679,0.788,0.767,0.651,0.804,0.93,1.0,0.66,0.671,0.667,0.785,0.515,0.541,0.55,0.514,0.768,0.0,0.877,0.643,0.519,0.649,0.765,0.524,0.784,0.5,0.675,0.779,0.515,0.52,0.505,0.666,0.667,0.502,0.539
0.543,0.791,0.426,0.501,0.704,0.801,0.603,0.519,0.54,0.528,0.714,0.515,0.704,0.512,0.498,0.605,0.756,0.675,0.678,0.599,0.65,0.663,0.66,1.0,0.828,0.771,0.684,0.506,0.524,0.536,0.491,0.659,0.0,0.65,0.839,0.497,0.598,0.665,0.491,0.683,0.484,0.731,0.677,0.5,0.51,0.49,0.718,0.719,0.493,0.515
0.545,0.825,0.437,0.515,0.687,0.831,0.613,0.515,0.528,0.505,0.658,0.521,0.66,0.508,0.512,0.615,0.759,0.672,0.659,0.614,0.649,0.667,0.671,0.828,1.0,0.777,0.676,0.517,0.545,0.528,0.501,0.692,0.0,0.652,0.804,0.496,0.615,0.68,0.507,0.67,0.494,0.735,0.679,0.525,0.524,0.503,0.732,0.733,0.516,0.525
0.545,0.733,0.431,0.505,0.703,0.731,0.608,0.51,0.544,0.506,0.685,0.509,0.668,0.507,0.498,0.609,0.777,0.676,0.68,0.604,0.668,0.671,0.667,0.771,0.777,1.0,0.684,0.512,0.528,0.542,0.49,0.665,0.0,0.646,0.73,0.501,0.603,0.676,0.497,0.691,0.479,0.726,0.675,0.511,0.515,0.49,0.725,0.725,0.512,0.514
0.553,0.656,0.44,0.521,0.757,0.653,0.607,0.515,0.564,0.518,0.761,0.513,0.801,0.521,0.516,0.611,0.672,0.758,0.769,0.604,0.754,0.788,0.785,0.684,0.676,0.684,1.0,0.524,0.534,0.559,0.506,0.756,0.0,0.754,0.654,0.507,0.606,0.829,0.508,0.808,0.496,0.68,0.86,0.515,0.515,0.501,0.666,0.667,0.509,0.533
0.535,0.514,0.433,0.791,0.523,0.505,0.493,0.922,0.531,0.765,0.506,0.78,0.515,0.798,0.774,0.495,0.5,0.52,0.509,0.493,0.495,0.518,0.515,0.506,0.517,0.512,0.524,1.0,0.548,0.525,0.759,0.505,0.0,0.501,0.489,0.666,0.492,0.538,0.718,0.527,0.767,0.504,0.516,0.957,0.948,0.525,0.5,0.5,0.71,0.537
0.593,0.53,0.463,0.545,0.543,0.539,0.528,0.553,0.576,0.537,0.529,0.555,0.527,0.542,0.542,0.529,0.542,0.543,0.518,0.526,0.517,0.533,0.541,0.524,0.545,0.528,0.534,0.548,1.0,0.571,0.548,0.53,0.0,0.532,0.515,0.524,0.526,0.539,0.543,0.536,0.535,0.536,0.531,0.543,0.549,0.631,0.529,0.529,0.523,0.845
0.639,0.528,0.464,0.519,0.571,0.522,0.532,0.517,0.67,0.523,0.56,0.537,0.558,0.526,0.526,0.543,0.534,0.561,0.542,0.531,0.546,0.561,0.55,0.536,0.528,0.542,0.559,0.525,0.571,1.0,0.512,0.538,0.0,0.534,0.516,0.513,0.533,0.547,0.501,0.576,0.509,0.536,0.567,0.511,0.511,0.555,0.524,0.525,0.511,0.571
0.524,0.505,0.432,0.77,0.509,0.489,0.488,0.758,0.507,0.762,0.492,0.743,0.498,0.767,0.77,0.488,0.486,0.51,0.491,0.485,0.491,0.503,0.514,0.491,0.501,0.49,0.506,0.759,0.548,0.512,1.0,0.496,0.0,0.493,0.471,0.664,0.487,0.518,0.728,0.506,0.903,0.487,0.505,0.749,0.75,0.531,0.492,0.492,0.703,0.543
0.558,0.677,0.454,0.505,0.726,0.676,0.617,0.513,0.524,0.495,0.703,0.51,0.741,0.507,0.504,0.608,0.704,0.721,0.713,0.615,0.747,0.758,0.768,0.659,0.692,0.665,0.756,0.505,0.53,0.538,0.496,1.0,0.0,0.744,0.631,0.485,0.615,0.778,0.518,0.76,0.499,0.701,0.77,0.512,0.517,0.503,0.692,0.692,0.495,0.535
0.0,0.0,0.0,0.0,0.0,0.0,0.0,0.0,0.0,0.0,0.0,0.0,0.0,0.0,0.0,0.0,0.0,0.0,0.0,0.0,0.0,0.0,0.0,0.0,0.0,0.0,0.0,0.0,0.0,0.0,0.0,0.0,1.0,0.0,0.0,0.0,0.0,0.0,0.0,0.0,0.0,0.0,0.0,0.0,0.0,0.0,0.0,0.0,0.0,0.0
0.551,0.637,0.432,0.491,0.725,0.654,0.607,0.507,0.533,0.493,0.714,0.504,0.777,0.494,0.496,0.613,0.679,0.744,0.722,0.604,0.767,0.871,0.877,0.65,0.652,0.646,0.754,0.501,0.532,0.534,0.493,0.744,0.0,1.0,0.63,0.509,0.606,0.747,0.514,0.759,0.483,0.662,0.77,0.496,0.506,0.49,0.659,0.66,0.49,0.522
0.522,0.753,0.404,0.487,0.671,0.777,0.59,0.493,0.519,0.5,0.701,0.498,0.669,0.499,0.484,0.588,0.711,0.65,0.667,0.585,0.632,0.647,0.643,0.839,0.804,0.73,0.654,0.489,0.515,0.516,0.471,0.631,0.0,0.63,1.0,0.481,0.587,0.641,0.486,0.656,0.463,0.694,0.656,0.478,0.485,0.477,0.69,0.691,0.484,0.502
0.495,0.472,0.419,0.666,0.498,0.491,0.489,0.66,0.51,0.654,0.504,0.668,0.493,0.666,0.665,0.495,0.504,0.527,0.504,0.487,0.511,0.514,0.519,0.497,0.496,0.501,0.507,0.666,0.524,0.513,0.664,0.485,0.0,0.509,0.481,1.0,0.484,0.494,0.679,0.52,0.662,0.496,0.504,0.659,0.663,0.502,0.487,0.487,0.644,0.508
0.557,0.605,0.44,0.485,0.62,0.623,0.99,0.502,0.531,0.476,0.597,0.488,0.588,0.486,0.488,0.955,0.607,0.648,0.623,0.989,0.65,0.629,0.649,0.598,0.615,0.603,0.606,0.492,0.526,0.533,0.487,0.615,0.0,0.606,0.587,0.484,1.0,0.595,0.503,0.605,0.485,0.621,0.604,0.496,0.496,0.511,0.597,0.597,0.474,0.538
0.566,0.683,0.439,0.521,0.748,0.683,0.597,0.542,0.543,0.513,0.723,0.53,0.761,0.526,0.528,0.603,0.669,0.727,0.715,0.594,0.735,0.762,0.765,0.665,0.68,0.676,0.829,0.538,0.539,0.547,0.518,0.778,0.0,0.747,0.641,0.494,0.595,1.0,0.524,0.778,0.514,0.689,0.859,0.534,0.531,0.503,0.683,0.683,0.519,0.54
0.513,0.482,0.427,0.72,0.507,0.504,0.508,0.72,0.511,0.712,0.503,0.727,0.498,0.719,0.729,0.505,0.498,0.526,0.497,0.502,0.511,0.511,0.524,0.491,0.507,0.497,0.508,0.718,0.543,0.501,0.728,0.518,0.0,0.514,0.486,0.679,0.503,0.524,1.0,0.518,0.716,0.499,0.52,0.718,0.725,0.512,0.493,0.493,0.671,0.523
0.564,0.655,0.45,0.517,0.769,0.661,0.606,0.528,0.568,0.527,0.76,0.52,0.797,0.526,0.517,0.615,0.674,0.748,0.759,0.603,0.764,0.797,0.784,0.683,0.67,0.691,0.808,0.527,0.536,0.576,0.506,0.76,0.0,0.759,0.656,0.52,0.605,0.778,0.518,1.0,0.501,0.686,0.806,0.515,0.523,0.508,0.688,0.688,0.514,0.541
0.527,0.507,0.445,0.77,0.512,0.502,0.486,0.755,0.491,0.752,0.486,0.744,0.493,0.769,0.771,0.49,0.476,0.499,0.478,0.483,0.485,0.491,0.5,0.484,0.494,0.479,0.496,0.767,0.535,0.509,0.903,0.499,0.0,0.483,0.463,0.662,0.485,0.514,0.716,0.501,1.0,0.497,0.495,0.77,0.764,0.531,0.487,0.487,0.698,0.542
0.556,0.733,0.458,0.489,0.693,0.739,0.622,0.51,0.532,0.489,0.676,0.493,0.673,0.489,0.486,0.622,0.735,0.691,0.661,0.62,0.658,0.67,0.675,0.731,0.735,0.726,0.68,0.504,0.536,0.536,0.487,0.701,0.0,0.662,0.694,0.496,0.621,0.689,0.499,0.686,0.497,1.0,0.708,0.514,0.513,0.51,0.77,0.77,0.488,0.541
0.556,0.661,0.445,0.51,0.754,0.668,0.605,0.515,0.56,0.512,0.748,0.516,0.779,0.513,0.52,0.611,0.681,0.753,0.741,0.604,0.751,0.793,0.779,0.677,0.679,0.675,0.86,0.516,0.531,0.567,0.505,0.77,0.0,0.77,0.656,0.504,0.604,0.859,0.52,0.806,0.495,0.708,1.0,0.507,0.509,0.503,0.673,0.674,0.507,0.534
0.539,0.532,0.444,0.766,0.51,0.517,0.501,0.921,0.513,0.741,0.492,0.76,0.503,0.772,0.756,0.502,0.504,0.516,0.494,0.5,0.492,0.506,0.515,0.5,0.525,0.511,0.515,0.957,0.543,0.511,0.749,0.512,0.0,0.496,0.478,0.659,0.496,0.534,0.718,0.515,0.77,0.514,0.507,1.0,0.962,0.533,0.502,0.502,0.698,0.54
0.548,0.533,0.439,0.765,0.518,0.518,0.501,0.914,0.517,0.754,0.501,0.769,0.507,0.772,0.757,0.503,0.518,0.521,0.501,0.5,0.498,0.51,0.52,0.51,0.524,0.515,0.515,0.948,0.549,0.511,0.75,0.517,0.0,0.506,0.485,0.663,0.496,0.531,0.725,0.523,0.764,0.513,0.509,0.962,1.0,0.533,0.509,0.509,0.693,0.543
0.554,0.514,0.441,0.52,0.499,0.503,0.511,0.532,0.534,0.528,0.487,0.537,0.494,0.524,0.542,0.51,0.484,0.506,0.477,0.511,0.495,0.499,0.505,0.49,0.503,0.49,0.501,0.525,0.631,0.555,0.531,0.503,0.0,0.49,0.477,0.502,0.511,0.503,0.512,0.508,0.531,0.51,0.503,0.533,0.533,1.0,0.521,0.519,0.519,0.686
0.54,0.722,0.444,0.495,0.695,0.731,0.597,0.505,0.521,0.489,0.657,0.5,0.669,0.497,0.503,0.602,0.732,0.666,0.643,0.595,0.667,0.658,0.666,0.718,0.732,0.725,0.666,0.5,0.529,0.524,0.492,0.692,0.0,0.659,0.69,0.487,0.597,0.683,0.493,0.688,0.487,0.77,0.673,0.502,0.509,0.521,1.0,0.998,0.488,0.537
0.54,0.721,0.444,0.495,0.696,0.731,0.597,0.504,0.522,0.489,0.658,0.5,0.67,0.497,0.503,0.602,0.733,0.667,0.644,0.595,0.668,0.659,0.667,0.719,0.733,0.725,0.667,0.5,0.529,0.525,0.492,0.692,0.0,0.66,0.691,0.487,0.597,0.683,0.493,0.688,0.487,0.77,0.674,0.502,0.509,0.519,0.998,1.0,0.488,0.536
0.517,0.512,0.42,0.709,0.523,0.488,0.474,0.686,0.502,0.707,0.499,0.712,0.504,0.721,0.712,0.482,0.483,0.51,0.5,0.473,0.482,0.511,0.502,0.493,0.516,0.512,0.509,0.71,0.523,0.511,0.703,0.495,0.0,0.49,0.484,0.644,0.474,0.519,0.671,0.514,0.698,0.488,0.507,0.698,0.693,0.519,0.488,0.488,1.0,0.52
0.598,0.542,0.465,0.54,0.53,0.533,0.539,0.546,0.579,0.532,0.527,0.54,0.527,0.537,0.556,0.536,0.52,0.547,0.519,0.538,0.52,0.535,0.539,0.515,0.525,0.514,0.533,0.537,0.845,0.571,0.543,0.535,0.0,0.522,0.502,0.508,0.538,0.54,0.523,0.541,0.542,0.541,0.534,0.54,0.543,0.686,0.537,0.536,0.52,1.0
