GCF_000163235.1_ASM16323v1_genomic.fna,GCF_000164555.1_ASM16455v1_genomic.fna,GCF_000208545.1_ASM20854v2_genomic.fna,GCF_000233875.1_ASM23387v1_genomic.fna,GCF_000249735.1_ASM24973v2_genomic.fna,GCF_000261145.1_Esch_coli_M919_V2_genomic.fna,GCF_000267705.2_ASM26770v2_genomic.fna,GCF_000350665.1_Esch_coli_KTE5_V1_genomic.fna,GCF_000351625.1_Esch_coli_KTE66_V1_genomic.fna,GCF_000352285.1_Esch_coli_KTE46_V1_genomic.fna,GCF_000358895.1_ASM35889v1_genomic.fna,GCF_000456385.1_Esch_coli_HVH_26_4-5703913_V1_genomic.fna,GCF_000458195.1_Esch_coli_HVH_147_4-5893887_V1_genomic.fna,GCF_000459755.1_Esch_coli_KOEGE_58_171a_V1_genomic.fna,GCF_000460055.1_Esch_coli_UMEA_3053-1_V1_genomic.fna,GCF_000462165.2_ASM46216v2_genomic.fna,GCF_000601135.1_ASM60113v1_genomic.fna,GCF_000614595.1_Ec2010EL1058_genomic.fna,GCF_000617745.1_Ec2010C-4529_genomic.fna,GCF_000618265.2_EcF6751_genomic.fna,GCF_000619005.2_Ec2009C-4052_genomic.fna,GCF_000619105.1_Ec2009C-4780_genomic.fna,GCF_000619765.2_Ec2009C-3279_genomic.fna,GCF_000687005.1_ASM68700v1_genomic.fna,GCF_000687025.1_ASM68702v1_genomic.fna,GCF_000700125.1_ASM70012v1_genomic.fna,GCF_000753315.1_FHI35_genomic.fna,GCF_000776375.1_ASM77637v1_genomic.fna,GCF_000779395.1_ASM77939v1_genomic.fna,GCF_000780315.1_ASM78031v1_genomic.fna,GCF_000781995.1_ASM78199v1_genomic.fna,GCF_000986765.1_ASM98676v1_genomic.fna,GCF_001041375.1_ViralProj287958_genomic.fna,GCF_001265335.1_302014_genomic.fna,GCF_001265625.1_100854_genomic.fna,GCF_001267345.1_303289_genomic.fna,GCF_001309985.1_ASM130998v1_genomic.fna,GCF_001521695.1_ASM152169v1_genomic.fna,GCF_001592595.1_ASM159259v1_genomic.fna,GCF_001614975.1_ASM161497v1_genomic.fna,GCF_001692775.1_ASM169277v1_genomic.fna,GCF_001748915.1_ASM174891v1_genomic.fna,GCF_001749235.1_ASM174923v1_genomic.fna,GCF_001881155.1_ASM188115v1_genomic.fna,GCF_001881345.1_ASM188134v1_genomic.fna,GCF_001892405.1_ASM189240v1_genomic.fna,GCF_001892585.1_ASM189258v1_genomic.fna,GCF_001893985.1_ASM189398v1_genomic.fna,GCF_002001595.1_ASM200159v1_genomic.fna,GCF_002002145.1_ASM200214v1_genomic.fna
1.0,0.902,0.898,0.907,0.904,0.899,0.89,0.902,0.91,0.899,0.89,0.905,0.913,0.901,0.9,0.897,0.899,0.907,0.899,0.888,0.896,0.904,0.908,0.894,0.903,0.897,0.901,0.901,0.915,0.917,0.893,0.898,0.023,0.905,0.873,0.897,0.889,0.909,0.9,0.903,0.896,0.899,0.913,0.902,0.904,0.891,0.894,0.896,0.905,0.91
0.902,1.0,0.896,0.906,0.932,0.937,0.893,0.894,0.901,0.898,0.916,0.902,0.935,0.902,0.903,0.898,0.931,0.925,0.92,0.889,0.917,0.927,0.926,0.939,0.946,0.935,0.932,0.901,0.901,0.9,0.9,0.918,0.021,0.924,0.911,0.899,0.89,0.927,0.907,0.931,0.903,0.92,0.936,0.899,0.899,0.879,0.927,0.928,0.906,0.893
0.898,0.896,1.0,0.889,0.886,0.881,0.871,0.881,0.892,0.875,0.879,0.88,0.899,0.885,0.888,0.876,0.886,0.885,0.878,0.869,0.876,0.889,0.886,0.877,0.884,0.891,0.891,0.881,0.884,0.893,0.88,0.885,0.02,0.888,0.848,0.886,0.87,0.887,0.888,0.889,0.889,0.878,0.891,0.88,0.878,0.873,0.884,0.885,0.889,0.886
0.907,0.906,0.889,1.0,0.89,0.895,0.879,0.927,0.883,0.925,0.882,0.941,0.898,0.949,0.949,0.883,0.889,0.889,0.885,0.876,0.876,0.889,0.894,0.889,0.903,0.893,0.893,0.946,0.895,0.893,0.927,0.89,0.023,0.89,0.862,0.915,0.876,0.9,0.924,0.886,0.939,0.892,0.894,0.945,0.941,0.871,0.886,0.887,0.928,0.894
0.904,0.932,0.886,0.89,1.0,0.919,0.907,0.891,0.891,0.883,0.937,0.896,0.943,0.894,0.894,0.912,0.926,0.937,0.932,0.903,0.927,0.932,0.943,0.913,0.926,0.924,0.941,0.888,0.91,0.896,0.898,0.928,0.02,0.942,0.888,0.898,0.904,0.937,0.9,0.932,0.893,0.926,0.945,0.894,0.895,0.888,0.929,0.931,0.894,0.899
0.899,0.937,0.881,0.895,0.919,1.0,0.892,0.891,0.905,0.892,0.924,0.888,0.924,0.891,0.889,0.896,0.928,0.922,0.915,0.889,0.904,0.919,0.918,0.946,0.941,0.936,0.923,0.895,0.896,0.903,0.892,0.913,0.022,0.92,0.921,0.904,0.89,0.922,0.912,0.924,0.892,0.92,0.928,0.888,0.887,0.871,0.916,0.918,0.905,0.893
0.89,0.893,0.871,0.879,0.907,0.892,1.0,0.884,0.891,0.866,0.884,0.877,0.901,0.874,0.88,0.984,0.899,0.91,0.915,0.992,0.917,0.904,0.918,0.882,0.891,0.892,0.909,0.878,0.887,0.878,0.884,0.914,0.024,0.909,0.856,0.894,0.994,0.905,0.888,0.893,0.877,0.913,0.913,0.884,0.885,0.895,0.9,0.899,0.88,0.895
0.902,0.894,0.881,0.927,0.891,0.891,0.884,1.0,0.885,0.923,0.873,0.933,0.887,0.933,0.924,0.888,0.889,0.894,0.897,0.882,0.886,0.884,0.89,0.877,0.891,0.888,0.889,0.964,0.903,0.887,0.929,0.894,0.024,0.892,0.854,0.92,0.883,0.902,0.931,0.885,0.924,0.893,0.892,0.966,0.964,0.887,0.892,0.894,0.923,0.908
0.91,0.901,0.892,0.883,0.891,0.905,0.891,0.885,1.0,0.884,0.888,0.888,0.899,0.886,0.882,0.892,0.896,0.893,0.888,0.89,0.886,0.897,0.894,0.888,0.9,0.9,0.899,0.884,0.902,0.919,0.881,0.88,0.023,0.897,0.876,0.901,0.891,0.895,0.897,0.901,0.889,0.893,0.906,0.881,0.882,0.89,0.886,0.888,0.898,0.904
0.899,0.898,0.875,0.925,0.883,0.892,0.866,0.923,0.884,1.0,0.891,0.927,0.892,0.924,0.921,0.871,0.875,0.882,0.876,0.863,0.866,0.877,0.881,0.896,0.88,0.89,0.891,0.939,0.89,0.896,0.919,0.874,0.022,0.879,0.87,0.91,0.864,0.888,0.917,0.883,0.93,0.876,0.888,0.932,0.935,0.868,0.875,0.876,0.927,0.891
0.89,0.916,0.879,0.882,0.937,0.924,0.884,0.873,0.888,0.891,1.0,0.882,0.94,0.876,0.876,0.89,0.909,0.921,0.916,0.88,0.911,0.921,0.92,0.928,0.911,0.932,0.929,0.881,0.889,0.896,0.872,0.914,0.02,0.914,0.904,0.891,0.881,0.917,0.885,0.936,0.873,0.91,0.928,0.879,0.878,0.866,0.905,0.907,0.89,0.884
0.905,0.902,0.88,0.941,0.896,0.888,0.877,0.933,0.888,0.927,0.882,1.0,0.895,0.941,0.955,0.879,0.884,0.889,0.886,0.872,0.881,0.883,0.888,0.883,0.895,0.884,0.894,0.936,0.903,0.891,0.918,0.884,0.024,0.883,0.859,0.915,0.873,0.899,0.925,0.887,0.928,0.894,0.896,0.939,0.94,0.88,0.886,0.888,0.923,0.903
0.913,0.935,0.899,0.898,0.943,0.924,0.901,0.887,0.899,0.892,0.94,0.895,1.0,0.893,0.898,0.907,0.926,0.944,0.935,0.899,0.938,0.946,0.95,0.924,0.929,0.935,0.952,0.895,0.912,0.908,0.894,0.93,0.019,0.943,0.903,0.898,0.9,0.939,0.902,0.945,0.895,0.925,0.951,0.895,0.895,0.89,0.927,0.928,0.896,0.906
0.901,0.902,0.885,0.949,0.894,0.891,0.874,0.933,0.886,0.924,0.876,0.941,0.893,1.0,0.947,0.88,0.883,0.893,0.888,0.87,0.879,0.886,0.891,0.881,0.892,0.888,0.895,0.942,0.895,0.888,0.929,0.882,0.022,0.888,0.859,0.916,0.872,0.9,0.933,0.884,0.945,0.885,0.892,0.942,0.94,0.87,0.878,0.88,0.924,0.889
0.9,0.903,0.888,0.949,0.894,0.889,0.88,0.924,0.882,0.921,0.876,0.955,0.898,0.947,1.0,0.88,0.887,0.888,0.885,0.878,0.877,0.888,0.889,0.88,0.893,0.885,0.895,0.94,0.903,0.884,0.93,0.884,0.024,0.887,0.859,0.91,0.878,0.898,0.923,0.885,0.936,0.889,0.895,0.939,0.939,0.875,0.883,0.884,0.932,0.903
0.897,0.898,0.876,0.883,0.912,0.896,0.984,0.888,0.892,0.871,0.89,0.879,0.907,0.88,0.88,1.0,0.902,0.912,0.919,0.98,0.912,0.911,0.924,0.887,0.895,0.896,0.911,0.88,0.892,0.882,0.887,0.91,0.024,0.915,0.863,0.895,0.982,0.906,0.893,0.895,0.881,0.909,0.915,0.884,0.886,0.891,0.902,0.901,0.884,0.899
0.899,0.931,0.886,0.889,0.926,0.928,0.899,0.889,0.896,0.875,0.909,0.884,0.926,0.883,0.887,0.902,1.0,0.926,0.921,0.896,0.915,0.928,0.924,0.92,0.925,0.936,0.924,0.888,0.893,0.886,0.889,0.924,0.021,0.925,0.895,0.898,0.897,0.93,0.896,0.927,0.89,0.924,0.932,0.893,0.889,0.878,0.924,0.925,0.892,0.887
0.907,0.925,0.885,0.889,0.937,0.922,0.91,0.894,0.893,0.882,0.921,0.889,0.944,0.893,0.888,0.912,0.926,1.0,0.95,0.908,0.933,0.945,0.946,0.918,0.924,0.922,0.936,0.889,0.906,0.893,0.895,0.925,0.019,0.932,0.891,0.895,0.908,0.925,0.903,0.928,0.887,0.927,0.934,0.895,0.894,0.886,0.92,0.921,0.889,0.901
0.899,0.92,0.878,0.885,0.932,0.915,0.915,0.897,0.888,0.876,0.916,0.886,0.935,0.888,0.885,0.919,0.921,0.95,1.0,0.912,0.94,0.942,0.946,0.91,0.914,0.914,0.937,0.888,0.898,0.884,0.903,0.931,0.022,0.935,0.884,0.896,0.913,0.927,0.902,0.929,0.885,0.929,0.933,0.892,0.894,0.889,0.922,0.922,0.891,0.901
0.888,0.889,0.869,0.876,0.903,0.889,0.992,0.882,0.89,0.863,0.88,0.872,0.899,0.87,0.878,0.98,0.896,0.908,0.912,1.0,0.915,0.901,0.915,0.878,0.888,0.889,0.906,0.875,0.884,0.875,0.88,0.917,0.024,0.906,0.853,0.889,0.998,0.901,0.885,0.889,0.873,0.91,0.91,0.881,0.882,0.899,0.897,0.896,0.877,0.894
0.896,0.917,0.876,0.876,0.927,0.904,0.917,0.886,0.886,0.866,0.911,0.881,0.938,0.879,0.877,0.912,0.915,0.933,0.94,0.915,1.0,0.931,0.946,0.903,0.913,0.917,0.93,0.877,0.889,0.889,0.887,0.94,0.022,0.934,0.875,0.882,0.916,0.926,0.887,0.921,0.878,0.927,0.931,0.882,0.881,0.903,0.923,0.922,0.878,0.893
0.904,0.927,0.889,0.889,0.932,0.919,0.904,0.884,0.897,0.877,0.921,0.883,0.946,0.886,0.888,0.911,0.928,0.945,0.942,0.901,0.931,1.0,0.972,0.918,0.927,0.922,0.942,0.888,0.897,0.892,0.892,0.931,0.02,0.964,0.893,0.894,0.902,0.939,0.898,0.935,0.886,0.92,0.95,0.892,0.89,0.88,0.916,0.917,0.888,0.897
0.908,0.926,0.886,0.894,0.943,0.918,0.918,0.89,0.894,0.881,0.92,0.888,0.95,0.891,0.889,0.924,0.924,0.946,0.946,0.915,0.946,0.972,1.0,0.913,0.927,0.921,0.947,0.888,0.903,0.894,0.905,0.938,0.022,0.959,0.892,0.896,0.916,0.938,0.9,0.934,0.892,0.926,0.946,0.892,0.891,0.894,0.923,0.924,0.893,0.904
0.894,0.939,0.877,0.889,0.913,0.946,0.882,0.877,0.888,0.896,0.928,0.883,0.924,0.881,0.88,0.887,0.92,0.918,0.91,0.878,0.903,0.918,0.913,1.0,0.94,0.932,0.919,0.887,0.882,0.888,0.881,0.909,0.022,0.91,0.932,0.89,0.88,0.913,0.894,0.924,0.88,0.919,0.926,0.884,0.882,0.858,0.912,0.913,0.895,0.878
0.903,0.946,0.884,0.903,0.926,0.941,0.891,0.891,0.9,0.88,0.911,0.895,0.929,0.892,0.893,0.895,0.925,0.924,0.914,0.888,0.913,0.927,0.927,0.94,1.0,0.935,0.923,0.895,0.906,0.893,0.892,0.92,0.02,0.923,0.915,0.896,0.89,0.926,0.903,0.92,0.888,0.925,0.932,0.898,0.896,0.882,0.924,0.925,0.896,0.895
0.897,0.935,0.891,0.893,0.924,0.936,0.892,0.888,0.9,0.89,0.932,0.884,0.935,0.888,0.885,0.896,0.936,0.922,0.914,0.889,0.917,0.922,0.921,0.932,0.935,1.0,0.926,0.894,0.898,0.899,0.884,0.909,0.02,0.923,0.907,0.901,0.89,0.925,0.902,0.929,0.89,0.917,0.93,0.892,0.889,0.878,0.915,0.916,0.897,0.891
0.901,0.932,0.891,0.893,0.941,0.923,0.909,0.889,0.899,0.891,0.929,0.894,0.952,0.895,0.895,0.911,0.924,0.936,0.937,0.906,0.93,0.942,0.947,0.919,0.923,0.926,1.0,0.901,0.898,0.901,0.896,0.929,0.02,0.934,0.897,0.908,0.907,0.954,0.893,0.947,0.9,0.919,0.958,0.899,0.898,0.889,0.918,0.92,0.903,0.898
0.901,0.901,0.881,0.946,0.888,0.895,0.878,0.964,0.884,0.939,0.881,0.936,0.895,0.942,0.94,0.88,0.888,0.889,0.888,0.875,0.877,0.888,0.888,0.887,0.895,0.894,0.901,1.0,0.897,0.891,0.926,0.889,0.024,0.885,0.864,0.923,0.876,0.901,0.926,0.889,0.937,0.889,0.891,0.99,0.985,0.874,0.885,0.886,0.939,0.892
0.915,0.901,0.884,0.895,0.91,0.896,0.887,0.903,0.902,0.89,0.889,0.903,0.912,0.895,0.903,0.892,0.893,0.906,0.898,0.884,0.889,0.897,0.903,0.882,0.906,0.898,0.898,0.897,1.0,0.895,0.894,0.894,0.023,0.9,0.868,0.897,0.886,0.908,0.896,0.9,0.894,0.892,0.904,0.901,0.905,0.906,0.896,0.898,0.902,0.956
0.917,0.9,0.893,0.893,0.896,0.903,0.878,0.887,0.919,0.896,0.896,0.891,0.908,0.888,0.884,0.882,0.886,0.893,0.884,0.875,0.889,0.892,0.894,0.888,0.893,0.899,0.901,0.891,0.895,1.0,0.883,0.879,0.021,0.897,0.873,0.901,0.876,0.898,0.896,0.903,0.9,0.882,0.902,0.888,0.89,0.888,0.887,0.889,0.898,0.899
0.893,0.9,0.88,0.927,0.898,0.892,0.884,0.929,0.881,0.919,0.872,0.918,0.894,0.929,0.93,0.887,0.889,0.895,0.903,0.88,0.887,0.892,0.905,0.881,0.892,0.884,0.896,0.926,0.894,0.883,1.0,0.9,0.021,0.896,0.855,0.912,0.88,0.902,0.92,0.887,0.962,0.899,0.894,0.929,0.929,0.883,0.896,0.897,0.92,0.898
0.898,0.918,0.885,0.89,0.928,0.913,0.914,0.894,0.88,0.874,0.914,0.884,0.93,0.882,0.884,0.91,0.924,0.925,0.931,0.917,0.94,0.931,0.938,0.909,0.92,0.909,0.929,0.889,0.894,0.879,0.9,1.0,0.022,0.928,0.874,0.887,0.918,0.933,0.894,0.92,0.882,0.934,0.937,0.893,0.895,0.899,0.93,0.93,0.889,0.893
0.023,0.021,0.02,0.023,0.02,0.022,0.024,0.024,0.023,0.022,0.02,0.024,0.019,0.022,0.024,0.024,0.021,0.019,0.022,0.024,0.022,0.02,0.022,0.022,0.02,0.02,0.02,0.024,0.023,0.021,0.021,0.022,1.0,0.02,0.019,0.022,0.024,0.021,0.023,0.02,0.023,0.021,0.02,0.024,0.024,0.023,0.021,0.021,0.023,0.023
0.905,0.924,0.888,0.89,0.942,0.92,0.909,0.892,0.897,0.879,0.914,0.883,0.943,0.888,0.887,0.915,0.925,0.932,0.935,0.906,0.934,0.964,0.959,0.91,0.923,0.923,0.934,0.885,0.9,0.897,0.896,0.928,0.02,1.0,0.889,0.895,0.907,0.942,0.904,0.933,0.89,0.926,0.947,0.889,0.89,0.889,0.925,0.926,0.889,0.908
0.873,0.911,0.848,0.862,0.888,0.921,0.856,0.854,0.876,0.87,0.904,0.859,0.903,0.859,0.859,0.863,0.895,0.891,0.884,0.853,0.875,0.893,0.892,0.932,0.915,0.907,0.897,0.864,0.868,0.873,0.855,0.874,0.019,0.889,1.0,0.873,0.855,0.892,0.869,0.903,0.857,0.888,0.898,0.858,0.858,0.842,0.889,0.891,0.875,0.861
0.897,0.899,0.886,0.915,0.898,0.904,0.894,0.92,0.901,0.91,0.891,0.915,0.898,0.916,0.91,0.895,0.898,0.895,0.896,0.889,0.882,0.894,0.896,0.89,0.896,0.901,0.908,0.923,0.897,0.901,0.912,0.887,0.022,0.895,0.873,1.0,0.891,0.906,0.93,0.902,0.918,0.892,0.903,0.921,0.916,0.879,0.892,0.894,0.923,0.897
0.889,0.89,0.87,0.876,0.904,0.89,0.994,0.883,0.891,0.864,0.881,0.873,0.9,0.872,0.878,0.982,0.897,0.908,0.913,0.998,0.916,0.902,0.916,0.88,0.89,0.89,0.907,0.876,0.886,0.876,0.88,0.918,0.024,0.907,0.855,0.891,1.0,0.902,0.886,0.89,0.873,0.911,0.911,0.882,0.883,0.899,0.898,0.897,0.878,0.895
0.909,0.927,0.887,0.9,0.937,0.922,0.905,0.902,0.895,0.888,0.917,0.899,0.939,0.9,0.898,0.906,0.93,0.925,0.927,0.901,0.926,0.939,0.938,0.913,0.926,0.925,0.954,0.901,0.908,0.898,0.902,0.933,0.021,0.942,0.892,0.906,0.902,1.0,0.903,0.938,0.902,0.926,0.966,0.905,0.903,0.887,0.922,0.923,0.906,0.901
0.9,0.907,0.888,0.924,0.9,0.912,0.888,0.931,0.897,0.917,0.885,0.925,0.902,0.933,0.923,0.893,0.896,0.903,0.902,0.885,0.887,0.898,0.9,0.894,0.903,0.902,0.893,0.926,0.896,0.896,0.92,0.894,0.023,0.904,0.869,0.93,0.886,0.903,1.0,0.889,0.925,0.901,0.902,0.929,0.926,0.881,0.895,0.896,0.92,0.896
0.903,0.931,0.889,0.886,0.932,0.924,0.893,0.885,0.901,0.883,0.936,0.887,0.945,0.884,0.885,0.895,0.927,0.928,0.929,0.889,0.921,0.935,0.934,0.924,0.92,0.929,0.947,0.889,0.9,0.903,0.887,0.92,0.02,0.933,0.903,0.902,0.89,0.938,0.889,1.0,0.885,0.915,0.944,0.888,0.886,0.882,0.922,0.923,0.898,0.895
0.896,0.903,0.889,0.939,0.893,0.892,0.877,0.924,0.889,0.93,0.873,0.928,0.895,0.945,0.936,0.881,0.89,0.887,0.885,0.873,0.878,0.886,0.892,0.88,0.888,0.89,0.9,0.937,0.894,0.9,0.962,0.882,0.023,0.89,0.857,0.918,0.873,0.902,0.925,0.885,1.0,0.884,0.892,0.935,0.932,0.873,0.88,0.882,0.926,0.894
0.899,0.92,0.878,0.892,0.926,0.92,0.913,0.893,0.893,0.876,0.91,0.894,0.925,0.885,0.889,0.909,0.924,0.927,0.929,0.91,0.927,0.92,0.926,0.919,0.925,0.917,0.919,0.889,0.892,0.882,0.899,0.934,0.021,0.926,0.888,0.892,0.911,0.926,0.901,0.915,0.884,1.0,0.929,0.893,0.893,0.887,0.936,0.936,0.89,0.893
0.913,0.936,0.891,0.894,0.945,0.928,0.913,0.892,0.906,0.888,0.928,0.896,0.951,0.892,0.895,0.915,0.932,0.934,0.933,0.91,0.931,0.95,0.946,0.926,0.932,0.93,0.958,0.891,0.904,0.902,0.894,0.937,0.02,0.947,0.898,0.903,0.911,0.966,0.902,0.944,0.892,0.929,1.0,0.894,0.897,0.89,0.929,0.93,0.898,0.904
0.902,0.899,0.88,0.945,0.894,0.888,0.884,0.966,0.881,0.932,0.879,0.939,0.895,0.942,0.939,0.884,0.893,0.895,0.892,0.881,0.882,0.892,0.892,0.884,0.898,0.892,0.899,0.99,0.901,0.888,0.929,0.893,0.024,0.889,0.858,0.921,0.882,0.905,0.929,0.888,0.935,0.893,0.894,1.0,0.991,0.879,0.89,0.891,0.934,0.896
0.904,0.899,0.878,0.941,0.895,0.887,0.885,0.964,0.882,0.935,0.878,0.94,0.895,0.94,0.939,0.886,0.889,0.894,0.894,0.882,0.881,0.89,0.891,0.882,0.896,0.889,0.898,0.985,0.905,0.89,0.929,0.895,0.024,0.89,0.858,0.916,0.883,0.903,0.926,0.886,0.932,0.893,0.897,0.991,1.0,0.882,0.893,0.894,0.933,0.9
0.891,0.879,0.873,0.871,0.888,0.871,0.895,0.887,0.89,0.868,0.866,0.88,0.89,0.87,0.875,0.891,0.878,0.886,0.889,0.899,0.903,0.88,0.894,0.858,0.882,0.878,0.889,0.874,0.906,0.888,0.883,0.899,0.023,0.889,0.842,0.879,0.899,0.887,0.881,0.882,0.873,0.887,0.89,0.879,0.882,1.0,0.892,0.891,0.879,0.913
0.894,0.927,0.884,0.886,0.929,0.916,0.9,0.892,0.886,0.875,0.905,0.886,0.927,0.878,0.883,0.902,0.924,0.92,0.922,0.897,0.923,0.916,0.923,0.912,0.924,0.915,0.918,0.885,0.896,0.887,0.896,0.93,0.021,0.925,0.889,0.892,0.898,0.922,0.895,0.922,0.88,0.936,0.929,0.89,0.893,0.892,1.0,0.998,0.885,0.898
0.896,0.928,0.885,0.887,0.931,0.918,0.899,0.894,0.888,0.876,0.907,0.888,0.928,0.88,0.884,0.901,0.925,0.921,0.922,0.896,0.922,0.917,0.924,0.913,0.925,0.916,0.92,0.886,0.898,0.889,0.897,0.93,0.021,0.926,0.891,0.894,0.897,0.923,0.896,0.923,0.882,0.936,0.93,0.891,0.894,0.891,0.998,1.0,0.886,0.9
0.905,0.906,0.889,0.928,0.894,0.905,0.88,0.923,0.898,0.927,0.89,0.923,0.896,0.924,0.932,0.884,0.892,0.889,0.891,0.877,0.878,0.888,0.893,0.895,0.896,0.897,0.903,0.939,0.902,0.898,0.92,0.889,0.023,0.889,0.875,0.923,0.878,0.906,0.92,0.898,0.926,0.89,0.898,0.934,0.933,0.879,0.885,0.886,1.0,0.898
0.91,0.893,0.886,0.894,0.899,0.893,0.895,0.908,0.904,0.891,0.884,0.903,0.906,0.889,0.903,0.899,0.887,0.901,0.901,0.894,0.893,0.897,0.904,0.878,0.895,0.891,0.898,0.892,0.956,0.899,0.898,0.893,0.023,0.908,0.861,0.897,0.895,0.901,0.896,0.895,0.894,0.893,0.904,0.896,0.9,0.913,0.898,0.9,0.898,1.0
