GCF_000163235.1_ASM16323v1_genomic.fna,GCF_000164555.1_ASM16455v1_genomic.fna,GCF_000208545.1_ASM20854v2_genomic.fna,GCF_000233875.1_ASM23387v1_genomic.fna,GCF_000249735.1_ASM24973v2_genomic.fna,GCF_000261145.1_Esch_coli_M919_V2_genomic.fna,GCF_000267705.2_ASM26770v2_genomic.fna,GCF_000350665.1_Esch_coli_KTE5_V1_genomic.fna,GCF_000351625.1_Esch_coli_KTE66_V1_genomic.fna,GCF_000352285.1_Esch_coli_KTE46_V1_genomic.fna,GCF_000358895.1_ASM35889v1_genomic.fna,GCF_000456385.1_Esch_coli_HVH_26_4-5703913_V1_genomic.fna,GCF_000458195.1_Esch_coli_HVH_147_4-5893887_V1_genomic.fna,GCF_000459755.1_Esch_coli_KOEGE_58_171a_V1_genomic.fna,GCF_000460055.1_Esch_coli_UMEA_3053-1_V1_genomic.fna,GCF_000462165.2_ASM46216v2_genomic.fna,GCF_000601135.1_ASM60113v1_genomic.fna,GCF_000614595.1_Ec2010EL1058_genomic.fna,GCF_000617745.1_Ec2010C-4529_genomic.fna,GCF_000618265.2_EcF6751_genomic.fna,GCF_000619005.2_Ec2009C-4052_genomic.fna,GCF_000619105.1_Ec2009C-4780_genomic.fna,GCF_000619765.2_Ec2009C-3279_genomic.fna,GCF_000687005.1_ASM68700v1_genomic.fna,GCF_000687025.1_ASM68702v1_genomic.fna,GCF_000700125.1_ASM70012v1_genomic.fna,GCF_000753315.1_FHI35_genomic.fna,GCF_000776375.1_ASM77637v1_genomic.fna,GCF_000779395.1_ASM77939v1_genomic.fna,GCF_000780315.1_ASM78031v1_genomic.fna,GCF_000781995.1_ASM78199v1_genomic.fna,GCF_000986765.1_ASM98676v1_genomic.fna,GCF_001041375.1_ViralProj287958_genomic.fna,GCF_001265335.1_302014_genomic.fna,GCF_001265625.1_100854_genomic.fna,GCF_001267345.1_303289_genomic.fna,GCF_001309985.1_ASM130998v1_genomic.fna,GCF_001521695.1_ASM152169v1_genomic.fna,GCF_001592595.1_ASM159259v1_genomic.fna,GCF_001614975.1_ASM161497v1_genomic.fna,GCF_001692775.1_ASM169277v1_genomic.fna,GCF_001748915.1_ASM174891v1_genomic.fna,GCF_001749235.1_ASM174923v1_genomic.fna,GCF_001881155.1_ASM188115v1_genomic.fna,GCF_001881345.1_ASM188134v1_genomic.fna,GCF_001892405.1_ASM189240v1_genomic.fna,GCF_001892585.1_ASM189258v1_genomic.fna,GCF_001893985.1_ASM189398v1_genomic.fna,GCF_002001595.1_ASM200159v1_genomic.fna,GCF_002002145.1_ASM200214v1_genomic.fna
1.0,0.553,0.505,0.525,0.576,0.548,0.552,0.531,0.652,0.526,0.547,0.533,0.552,0.507,0.504,0.55,0.54,0.564,0.558,0.551,0.538,0.543,0.561,0.551,0.542,0.525,0.55,0.528,0.585,0.659,0.499,0.555,0.0,0.543,0.524,0.504,0.552,0.572,0.519,0.557,0.503,0.526,0.555,0.525,0.537,0.538,0.538,0.538,0.496,0.59
0.553,1.0,0.447,0.458,0.656,0.776,0.602,0.477,0.517,0.461,0.6,0.481,0.636,0.441,0.449,0.602,0.713,0.635,0.632,0.602,0.628,0.613,0.629,0.774,0.781,0.706,0.631,0.469,0.517,0.533,0.45,0.655,0.0,0.61,0.739,0.462,0.6,0.658,0.464,0.62,0.462,0.677,0.632,0.497,0.489,0.51,0.696,0.697,0.457,0.519
0.505,0.447,1.0,0.395,0.441,0.426,0.453,0.412,0.496,0.404,0.416,0.41,0.438,0.4,0.398,0.458,0.436,0.437,0.433,0.451,0.437,0.433,0.448,0.426,0.42,0.417,0.441,0.411,0.468,0.49,0.383,0.445,0.0,0.437,0.401,0.41,0.453,0.445,0.415,0.437,0.397,0.423,0.448,0.422,0.416,0.448,0.434,0.434,0.415,0.468
0.525,0.458,0.395,1.0,0.484,0.459,0.455,0.716,0.491,0.763,0.478,0.765,0.493,0.791,0.808,0.454,0.468,0.476,0.489,0.453,0.451,0.475,0.476,0.464,0.467,0.468,0.482,0.772,0.56,0.509,0.756,0.482,0.0,0.455,0.446,0.679,0.454,0.5,0.73,0.482,0.774,0.46,0.497,0.744,0.742,0.5,0.443,0.443,0.714,0.55
0.576,0.656,0.441,0.484,1.0,0.676,0.61,0.499,0.545,0.498,0.78,0.493,0.751,0.481,0.485,0.615,0.682,0.695,0.734,0.61,0.695,0.726,0.712,0.674,0.67,0.656,0.736,0.499,0.548,0.568,0.494,0.72,0.0,0.706,0.649,0.498,0.61,0.744,0.509,0.746,0.505,0.684,0.743,0.485,0.488,0.501,0.698,0.699,0.492,0.536
0.548,0.776,0.426,0.459,0.676,1.0,0.601,0.481,0.539,0.459,0.626,0.475,0.663,0.449,0.456,0.604,0.723,0.669,0.661,0.599,0.627,0.652,0.65,0.796,0.808,0.702,0.646,0.468,0.534,0.54,0.451,0.655,0.0,0.643,0.775,0.473,0.598,0.664,0.496,0.647,0.458,0.705,0.656,0.464,0.468,0.492,0.723,0.724,0.45,0.531
0.552,0.602,0.453,0.455,0.61,0.601,1.0,0.471,0.561,0.455,0.582,0.47,0.6,0.449,0.458,0.963,0.59,0.637,0.636,0.989,0.655,0.627,0.64,0.612,0.589,0.559,0.6,0.463,0.534,0.566,0.448,0.612,0.0,0.601,0.589,0.473,0.991,0.587,0.487,0.595,0.45,0.591,0.597,0.468,0.472,0.519,0.585,0.585,0.453,0.536
0.531,0.477,0.412,0.716,0.499,0.481,0.471,1.0,0.514,0.712,0.465,0.731,0.492,0.703,0.712,0.471,0.485,0.482,0.486,0.469,0.467,0.475,0.485,0.482,0.464,0.469,0.488,0.909,0.552,0.514,0.705,0.49,0.0,0.469,0.45,0.643,0.469,0.51,0.711,0.492,0.712,0.461,0.494,0.9,0.888,0.502,0.46,0.46,0.684,0.536
0.652,0.517,0.496,0.491,0.545,0.539,0.561,0.514,1.0,0.514,0.522,0.494,0.542,0.484,0.489,0.563,0.521,0.559,0.547,0.56,0.52,0.536,0.533,0.533,0.519,0.507,0.552,0.505,0.591,0.683,0.488,0.534,0.0,0.521,0.512,0.501,0.561,0.553,0.52,0.542,0.488,0.527,0.56,0.496,0.494,0.541,0.528,0.528,0.482,0.604
0.526,0.461,0.404,0.763,0.498,0.459,0.455,0.712,0.514,1.0,0.51,0.712,0.508,0.773,0.739,0.457,0.466,0.48,0.489,0.454,0.449,0.477,0.466,0.471,0.471,0.472,0.495,0.744,0.566,0.514,0.774,0.472,0.0,0.453,0.466,0.688,0.455,0.5,0.717,0.488,0.78,0.469,0.5,0.711,0.717,0.498,0.447,0.447,0.715,0.545
0.547,0.6,0.416,0.478,0.78,0.626,0.582,0.465,0.522,0.51,1.0,0.458,0.761,0.484,0.466,0.585,0.639,0.686,0.707,0.581,0.659,0.704,0.68,0.66,0.646,0.639,0.719,0.469,0.531,0.536,0.479,0.68,0.0,0.664,0.685,0.501,0.582,0.707,0.485,0.726,0.491,0.666,0.727,0.455,0.459,0.469,0.628,0.629,0.477,0.517
0.533,0.481,0.41,0.765,0.493,0.475,0.47,0.731,0.494,0.712,0.458,1.0,0.475,0.739,0.846,0.473,0.47,0.474,0.488,0.467,0.461,0.467,0.474,0.47,0.464,0.466,0.473,0.749,0.563,0.518,0.697,0.482,0.0,0.464,0.451,0.657,0.468,0.501,0.733,0.475,0.724,0.46,0.489,0.742,0.746,0.509,0.464,0.464,0.676,0.539
0.552,0.636,0.438,0.493,0.751,0.663,0.6,0.492,0.542,0.508,0.761,0.475,1.0,0.495,0.481,0.603,0.661,0.734,0.765,0.597,0.726,0.806,0.789,0.677,0.669,0.65,0.772,0.491,0.544,0.566,0.488,0.732,0.0,0.773,0.662,0.51,0.6,0.764,0.511,0.783,0.498,0.681,0.779,0.473,0.475,0.483,0.661,0.661,0.491,0.537
0.507,0.441,0.4,0.791,0.481,0.449,0.449,0.703,0.484,0.773,0.484,0.739,0.495,1.0,0.794,0.45,0.459,0.468,0.477,0.448,0.435,0.466,0.457,0.457,0.46,0.461,0.479,0.758,0.569,0.497,0.738,0.46,0.0,0.442,0.451,0.671,0.449,0.494,0.714,0.478,0.761,0.46,0.491,0.723,0.722,0.489,0.442,0.443,0.708,0.555
0.504,0.449,0.398,0.808,0.485,0.456,0.458,0.712,0.489,0.739,0.466,0.846,0.481,0.794,1.0,0.458,0.466,0.467,0.48,0.457,0.44,0.468,0.459,0.462,0.454,0.462,0.471,0.754,0.559,0.497,0.746,0.461,0.0,0.447,0.447,0.672,0.457,0.492,0.726,0.48,0.762,0.458,0.488,0.723,0.724,0.49,0.451,0.452,0.702,0.555
0.55,0.602,0.458,0.454,0.615,0.604,0.963,0.471,0.563,0.457,0.585,0.473,0.603,0.45,0.458,1.0,0.594,0.625,0.634,0.957,0.637,0.626,0.636,0.61,0.59,0.561,0.599,0.464,0.534,0.57,0.448,0.608,0.0,0.601,0.589,0.475,0.962,0.589,0.493,0.595,0.456,0.594,0.595,0.467,0.475,0.522,0.587,0.587,0.461,0.535
0.54,0.713,0.436,0.468,0.682,0.723,0.59,0.485,0.521,0.466,0.639,0.47,0.661,0.459,0.466,0.594,1.0,0.637,0.64,0.588,0.608,0.651,0.636,0.755,0.737,0.757,0.641,0.484,0.534,0.537,0.455,0.663,0.0,0.638,0.705,0.486,0.585,0.635,0.487,0.639,0.463,0.712,0.644,0.475,0.482,0.467,0.717,0.719,0.457,0.524
0.564,0.635,0.437,0.476,0.695,0.669,0.637,0.482,0.559,0.48,0.686,0.474,0.734,0.468,0.467,0.625,0.637,1.0,0.793,0.634,0.749,0.759,0.756,0.662,0.64,0.625,0.731,0.48,0.529,0.568,0.476,0.71,0.0,0.713,0.634,0.503,0.633,0.706,0.51,0.732,0.478,0.657,0.717,0.47,0.473,0.487,0.661,0.661,0.461,0.536
0.558,0.632,0.433,0.489,0.734,0.661,0.636,0.486,0.547,0.489,0.707,0.488,0.765,0.477,0.48,0.634,0.64,0.793,1.0,0.633,0.748,0.792,0.773,0.658,0.65,0.625,0.762,0.489,0.535,0.565,0.484,0.726,0.0,0.733,0.651,0.509,0.635,0.732,0.515,0.76,0.489,0.668,0.744,0.472,0.475,0.494,0.656,0.656,0.471,0.542
0.551,0.602,0.451,0.453,0.61,0.599,0.989,0.469,0.56,0.454,0.581,0.467,0.597,0.448,0.457,0.957,0.588,0.634,0.633,1.0,0.652,0.625,0.637,0.61,0.591,0.557,0.597,0.461,0.532,0.566,0.447,0.61,0.0,0.6,0.588,0.471,0.989,0.586,0.485,0.594,0.449,0.59,0.595,0.465,0.469,0.519,0.583,0.583,0.452,0.535
0.538,0.628,0.437,0.451,0.695,0.627,0.655,0.467,0.52,0.449,0.659,0.461,0.726,0.435,0.44,0.637,0.608,0.749,0.748,0.652,1.0,0.749,0.767,0.628,0.612,0.603,0.72,0.459,0.506,0.535,0.447,0.731,0.0,0.73,0.608,0.492,0.649,0.699,0.487,0.719,0.459,0.618,0.712,0.465,0.473,0.495,0.642,0.642,0.441,0.514
0.543,0.613,0.433,0.475,0.726,0.652,0.627,0.475,0.536,0.477,0.704,0.467,0.806,0.466,0.468,0.626,0.651,0.759,0.792,0.625,0.749,1.0,0.923,0.64,0.638,0.619,0.759,0.482,0.524,0.54,0.469,0.737,0.0,0.861,0.618,0.497,0.624,0.739,0.51,0.773,0.476,0.652,0.754,0.465,0.466,0.479,0.635,0.635,0.47,0.532
0.561,0.629,0.448,0.476,0.712,0.65,0.64,0.485,0.533,0.466,0.68,0.474,0.789,0.457,0.459,0.636,0.636,0.756,0.773,0.637,0.767,0.923,1.0,0.636,0.622,0.608,0.752,0.48,0.519,0.537,0.456,0.755,0.0,0.858,0.609,0.491,0.637,0.723,0.504,0.747,0.464,0.635,0.73,0.479,0.482,0.486,0.632,0.632,0.461,0.52
0.551,0.774,0.426,0.464,0.674,0.796,0.612,0.482,0.533,0.471,0.66,0.47,0.677,0.457,0.462,0.61,0.755,0.662,0.658,0.61,0.628,0.64,0.636,1.0,0.832,0.749,0.659,0.462,0.538,0.545,0.463,0.652,0.0,0.629,0.796,0.484,0.608,0.648,0.477,0.645,0.473,0.74,0.658,0.449,0.458,0.488,0.707,0.708,0.458,0.53
0.542,0.781,0.42,0.467,0.67,0.808,0.589,0.464,0.519,0.471,0.646,0.464,0.669,0.46,0.454,0.59,0.737,0.64,0.65,0.591,0.612,0.638,0.622,0.832,1.0,0.772,0.641,0.458,0.532,0.526,0.457,0.655,0.0,0.616,0.803,0.478,0.592,0.653,0.476,0.631,0.467,0.718,0.656,0.464,0.457,0.482,0.702,0.703,0.478,0.513
0.525,0.706,0.417,0.468,0.656,0.702,0.559,0.469,0.507,0.472,0.639,0.466,0.65,0.461,0.462,0.561,0.757,0.625,0.625,0.557,0.603,0.619,0.608,0.749,0.772,1.0,0.622,0.466,0.52,0.515,0.464,0.622,0.0,0.602,0.713,0.474,0.555,0.634,0.469,0.632,0.47,0.723,0.63,0.474,0.46,0.467,0.71,0.711,0.479,0.516
0.55,0.631,0.441,0.482,0.736,0.646,0.6,0.488,0.552,0.495,0.719,0.473,0.772,0.479,0.471,0.599,0.641,0.731,0.762,0.597,0.72,0.759,0.752,0.659,0.641,0.622,1.0,0.491,0.543,0.557,0.482,0.736,0.0,0.717,0.625,0.507,0.597,0.825,0.5,0.779,0.486,0.65,0.842,0.485,0.478,0.499,0.642,0.642,0.481,0.541
0.528,0.469,0.411,0.772,0.499,0.468,0.463,0.909,0.505,0.744,0.469,0.749,0.491,0.758,0.754,0.464,0.484,0.48,0.489,0.461,0.459,0.482,0.48,0.462,0.458,0.466,0.491,1.0,0.557,0.507,0.73,0.485,0.0,0.461,0.44,0.662,0.461,0.512,0.716,0.484,0.75,0.457,0.488,0.951,0.937,0.492,0.452,0.452,0.712,0.547
0.585,0.517,0.468,0.56,0.548,0.534,0.534,0.552,0.591,0.566,0.531,0.563,0.544,0.569,0.559,0.534,0.534,0.529,0.535,0.532,0.506,0.524,0.519,0.538,0.532,0.52,0.543,0.557,1.0,0.584,0.54,0.528,0.0,0.514,0.513,0.563,0.532,0.551,0.552,0.537,0.544,0.531,0.548,0.537,0.54,0.6,0.51,0.51,0.544,0.826
0.659,0.533,0.49,0.509,0.568,0.54,0.566,0.514,0.683,0.514,0.536,0.518,0.566,0.497,0.497,0.57,0.537,0.568,0.565,0.566,0.535,0.54,0.537,0.545,0.526,0.515,0.557,0.507,0.584,1.0,0.497,0.535,0.0,0.528,0.513,0.501,0.565,0.562,0.517,0.57,0.503,0.537,0.564,0.5,0.499,0.544,0.542,0.541,0.488,0.6
0.499,0.45,0.383,0.756,0.494,0.451,0.448,0.705,0.488,0.774,0.479,0.697,0.488,0.738,0.746,0.448,0.455,0.476,0.484,0.447,0.447,0.469,0.456,0.463,0.457,0.464,0.482,0.73,0.54,0.497,1.0,0.469,0.0,0.449,0.439,0.661,0.447,0.496,0.703,0.486,0.897,0.465,0.492,0.7,0.699,0.475,0.442,0.442,0.694,0.523
0.555,0.655,0.445,0.482,0.72,0.655,0.612,0.49,0.534,0.472,0.68,0.482,0.732,0.46,0.461,0.608,0.663,0.71,0.726,0.61,0.731,0.737,0.755,0.652,0.655,0.622,0.736,0.485,0.528,0.535,0.469,1.0,0.0,0.734,0.61,0.483,0.61,0.742,0.504,0.744,0.472,0.635,0.74,0.488,0.498,0.501,0.651,0.651,0.457,0.52
0.0,0.0,0.0,0.0,0.0,0.0,0.0,0.0,0.0,0.0,0.0,0.0,0.0,0.0,0.0,0.0,0.0,0.0,0.0,0.0,0.0,0.0,0.0,0.0,0.0,0.0,0.0,0.0,0.0,0.0,0.0,0.0,1.0,0.0,0.0,0.0,0.0,0.0,0.0,0.0,0.0,0.0,0.0,0.0,0.0,0.0,0.0,0.0,0.0,0.0
0.543,0.61,0.437,0.455,0.706,0.643,0.601,0.469,0.521,0.453,0.664,0.464,0.773,0.442,0.447,0.601,0.638,0.713,0.733,0.6,0.73,0.861,0.858,0.629,0.616,0.602,0.717,0.461,0.514,0.528,0.449,0.734,0.0,1.0,0.609,0.496,0.601,0.715,0.508,0.734,0.454,0.634,0.727,0.461,0.464,0.468,0.641,0.641,0.445,0.506
0.524,0.739,0.401,0.446,0.649,0.775,0.589,0.45,0.512,0.466,0.685,0.451,0.662,0.451,0.447,0.589,0.705,0.634,0.651,0.588,0.608,0.618,0.609,0.796,0.803,0.713,0.625,0.44,0.513,0.513,0.439,0.61,0.0,0.609,1.0,0.473,0.589,0.623,0.463,0.622,0.445,0.703,0.646,0.428,0.434,0.454,0.681,0.682,0.439,0.493
0.504,0.462,0.41,0.679,0.498,0.473,0.473,0.643,0.501,0.688,0.501,0.657,0.51,0.671,0.672,0.475,0.486,0.503,0.509,0.471,0.492,0.497,0.491,0.484,0.478,0.474,0.507,0.662,0.563,0.501,0.661,0.483,0.0,0.496,0.473,1.0,0.468,0.5,0.689,0.497,0.672,0.491,0.512,0.642,0.645,0.485,0.461,0.461,0.662,0.55
0.552,0.6,0.453,0.454,0.61,0.598,0.991,0.469,0.561,0.455,0.582,0.468,0.6,0.449,0.457,0.962,0.585,0.633,0.635,0.989,0.649,0.624,0.637,0.608,0.592,0.555,0.597,0.461,0.532,0.565,0.447,0.61,0.0,0.601,0.589,0.468,1.0,0.587,0.485,0.594,0.45,0.59,0.597,0.463,0.467,0.519,0.584,0.584,0.452,0.535
0.572,0.658,0.445,0.5,0.744,0.664,0.587,0.51,0.553,0.5,0.707,0.501,0.764,0.494,0.492,0.589,0.635,0.706,0.732,0.586,0.699,0.739,0.723,0.648,0.653,0.634,0.825,0.512,0.551,0.562,0.496,0.742,0.0,0.715,0.623,0.5,0.587,1.0,0.52,0.763,0.503,0.658,0.858,0.498,0.487,0.504,0.663,0.663,0.489,0.55
0.519,0.464,0.415,0.73,0.509,0.496,0.487,0.711,0.52,0.717,0.485,0.733,0.511,0.714,0.726,0.493,0.487,0.51,0.515,0.485,0.487,0.51,0.504,0.477,0.476,0.469,0.5,0.716,0.552,0.517,0.703,0.504,0.0,0.508,0.463,0.689,0.485,0.52,1.0,0.514,0.712,0.478,0.517,0.7,0.706,0.504,0.474,0.474,0.687,0.543
0.557,0.62,0.437,0.482,0.746,0.647,0.595,0.492,0.542,0.488,0.726,0.475,0.783,0.478,0.48,0.595,0.639,0.732,0.76,0.594,0.719,0.773,0.747,0.645,0.631,0.632,0.779,0.484,0.537,0.57,0.486,0.744,0.0,0.734,0.622,0.497,0.594,0.763,0.514,1.0,0.492,0.651,0.772,0.47,0.476,0.498,0.664,0.664,0.474,0.559
0.503,0.462,0.397,0.774,0.505,0.458,0.45,0.712,0.488,0.78,0.491,0.724,0.498,0.761,0.762,0.456,0.463,0.478,0.489,0.449,0.459,0.476,0.464,0.473,0.467,0.47,0.486,0.75,0.544,0.503,0.897,0.472,0.0,0.454,0.445,0.672,0.45,0.503,0.712,0.492,1.0,0.475,0.496,0.722,0.722,0.479,0.448,0.448,0.705,0.53
0.526,0.677,0.423,0.46,0.684,0.705,0.591,0.461,0.527,0.469,0.666,0.46,0.681,0.46,0.458,0.594,0.712,0.657,0.668,0.59,0.618,0.652,0.635,0.74,0.718,0.723,0.65,0.457,0.531,0.537,0.465,0.635,0.0,0.634,0.703,0.491,0.59,0.658,0.478,0.651,0.475,1.0,0.687,0.442,0.442,0.456,0.737,0.738,0.463,0.514
0.555,0.632,0.448,0.497,0.743,0.656,0.597,0.494,0.56,0.5,0.727,0.489,0.779,0.491,0.488,0.595,0.644,0.717,0.744,0.595,0.712,0.754,0.73,0.658,0.656,0.63,0.842,0.488,0.548,0.564,0.492,0.74,0.0,0.727,0.646,0.512,0.597,0.858,0.517,0.772,0.496,0.687,1.0,0.472,0.476,0.501,0.654,0.654,0.49,0.543
0.525,0.497,0.422,0.744,0.485,0.464,0.468,0.9,0.496,0.711,0.455,0.742,0.473,0.723,0.723,0.467,0.475,0.47,0.472,0.465,0.465,0.465,0.479,0.449,0.464,0.474,0.485,0.951,0.537,0.5,0.7,0.488,0.0,0.461,0.428,0.642,0.463,0.498,0.7,0.47,0.722,0.442,0.472,1.0,0.959,0.504,0.446,0.446,0.704,0.525
0.537,0.489,0.416,0.742,0.488,0.468,0.472,0.888,0.494,0.717,0.459,0.746,0.475,0.722,0.724,0.475,0.482,0.473,0.475,0.469,0.473,0.466,0.482,0.458,0.457,0.46,0.478,0.937,0.54,0.499,0.699,0.498,0.0,0.464,0.434,0.645,0.467,0.487,0.706,0.476,0.722,0.442,0.476,0.959,1.0,0.5,0.453,0.453,0.69,0.524
0.538,0.51,0.448,0.5,0.501,0.492,0.519,0.502,0.541,0.498,0.469,0.509,0.483,0.489,0.49,0.522,0.467,0.487,0.494,0.519,0.495,0.479,0.486,0.488,0.482,0.467,0.499,0.492,0.6,0.544,0.475,0.501,0.0,0.468,0.454,0.485,0.519,0.504,0.504,0.498,0.479,0.456,0.501,0.504,0.5,1.0,0.501,0.5,0.496,0.672
0.538,0.696,0.434,0.443,0.698,0.723,0.585,0.46,0.528,0.447,0.628,0.464,0.661,0.442,0.451,0.587,0.717,0.661,0.656,0.583,0.642,0.635,0.632,0.707,0.702,0.71,0.642,0.452,0.51,0.542,0.442,0.651,0.0,0.641,0.681,0.461,0.584,0.663,0.474,0.664,0.448,0.737,0.654,0.446,0.453,0.501,1.0,0.998,0.433,0.527
0.538,0.697,0.434,0.443,0.699,0.724,0.585,0.46,0.528,0.447,0.629,0.464,0.661,0.443,0.452,0.587,0.719,0.661,0.656,0.583,0.642,0.635,0.632,0.708,0.703,0.711,0.642,0.452,0.51,0.541,0.442,0.651,0.0,0.641,0.682,0.461,0.584,0.663,0.474,0.664,0.448,0.738,0.654,0.446,0.453,0.5,0.998,1.0,0.433,0.527
0.496,0.457,0.415,0.714,0.492,0.45,0.453,0.684,0.482,0.715,0.477,0.676,0.491,0.708,0.702,0.461,0.457,0.461,0.471,0.452,0.441,0.47,0.461,0.458,0.478,0.479,0.481,0.712,0.544,0.488,0.694,0.457,0.0,0.445,0.439,0.662,0.452,0.489,0.687,0.474,0.705,0.463,0.49,0.704,0.69,0.496,0.433,0.433,1.0,0.528
0.59,0.519,0.468,0.55,0.536,0.531,0.536,0.536,0.604,0.545,0.517,0.539,0.537,0.555,0.555,0.535,0.524,0.536,0.542,0.535,0.514,0.532,0.52,0.53,0.513,0.516,0.541,0.547,0.826,0.6,0.523,0.52,0.0,0.506,0.493,0.55,0.535,0.55,0.543,0.559,0.53,0.514,0.543,0.525,0.524,0.672,0.527,0.527,0.528,1.0
