GCF_000163235.1_ASM16323v1_genomic.fna,GCF_000164555.1_ASM16455v1_genomic.fna,GCF_000208545.1_ASM20854v2_genomic.fna,GCF_000233875.1_ASM23387v1_genomic.fna,GCF_000249735.1_ASM24973v2_genomic.fna,GCF_000261145.1_Esch_coli_M919_V2_genomic.fna,GCF_000267705.2_ASM26770v2_genomic.fna,GCF_000350665.1_Esch_coli_KTE5_V1_genomic.fna,GCF_000351625.1_Esch_coli_KTE66_V1_genomic.fna,GCF_000352285.1_Esch_coli_KTE46_V1_genomic.fna,GCF_000358895.1_ASM35889v1_genomic.fna,GCF_000456385.1_Esch_coli_HVH_26_4-5703913_V1_genomic.fna,GCF_000458195.1_Esch_coli_HVH_147_4-5893887_V1_genomic.fna,GCF_000459755.1_Esch_coli_KOEGE_58_171a_V1_genomic.fna,GCF_000460055.1_Esch_coli_UMEA_3053-1_V1_genomic.fna,GCF_000462165.2_ASM46216v2_genomic.fna,GCF_000601135.1_ASM60113v1_genomic.fna,GCF_000614595.1_Ec2010EL1058_genomic.fna,GCF_000617745.1_Ec2010C-4529_genomic.fna,GCF_000618265.2_EcF6751_genomic.fna,GCF_000619005.2_Ec2009C-4052_genomic.fna,GCF_000619105.1_Ec2009C-4780_genomic.fna,GCF_000619765.2_Ec2009C-3279_genomic.fna,GCF_000687005.1_ASM68700v1_genomic.fna,GCF_000687025.1_ASM68702v1_genomic.fna,GCF_000700125.1_ASM70012v1_genomic.fna,GCF_000753315.1_FHI35_genomic.fna,GCF_000776375.1_ASM77637v1_genomic.fna,GCF_000779395.1_ASM77939v1_genomic.fna,GCF_000780315.1_ASM78031v1_genomic.fna,GCF_000781995.1_ASM78199v1_genomic.fna,GCF_000986765.1_ASM98676v1_genomic.fna,GCF_001041375.1_ViralProj287958_genomic.fna,GCF_001265335.1_302014_genomic.fna,GCF_001265625.1_100854_genomic.fna,GCF_001267345.1_303289_genomic.fna,GCF_001309985.1_ASM130998v1_genomic.fna,GCF_001521695.1_ASM152169v1_genomic.fna,GCF_001592595.1_ASM159259v1_genomic.fna,GCF_001614975.1_ASM161497v1_genomic.fna,GCF_001692775.1_ASM169277v1_genomic.fna,GCF_001748915.1_ASM174891v1_genomic.fna,GCF_001749235.1_ASM174923v1_genomic.fna,GCF_001881155.1_ASM188115v1_genomic.fna,GCF_001881345.1_ASM188134v1_genomic.fna,GCF_001892405.1_ASM189240v1_genomic.fna,GCF_001892585.1_ASM189258v1_genomic.fna,GCF_001893985.1_ASM189398v1_genomic.fna,GCF_002001595.1_ASM200159v1_genomic.fna,GCF_002002145.1_ASM200214v1_genomic.fna
1.0,0.5,0.41,0.445,0.491,0.476,0.453,0.428,0.595,0.441,0.494,0.436,0.496,0.426,0.418,0.467,0.486,0.474,0.477,0.451,0.455,0.462,0.466,0.496,0.479,0.503,0.475,0.426,0.509,0.565,0.414,0.465,0.0,0.458,0.464,0.436,0.454,0.488,0.416,0.491,0.423,0.487,0.478,0.415,0.429,0.467,0.472,0.473,0.413,0.517
0.5,1.0,0.37,0.426,0.628,0.786,0.519,0.436,0.48,0.423,0.599,0.436,0.627,0.391,0.411,0.533,0.702,0.614,0.617,0.515,0.579,0.605,0.607,0.795,0.804,0.72,0.612,0.422,0.468,0.474,0.4,0.6,0.0,0.606,0.74,0.408,0.518,0.634,0.409,0.635,0.409,0.691,0.618,0.427,0.431,0.42,0.687,0.685,0.426,0.472
0.41,0.37,1.0,0.347,0.366,0.36,0.33,0.353,0.412,0.356,0.371,0.332,0.39,0.333,0.336,0.344,0.379,0.368,0.365,0.331,0.361,0.371,0.365,0.371,0.364,0.378,0.367,0.359,0.381,0.405,0.331,0.36,0.0,0.376,0.339,0.347,0.332,0.376,0.331,0.383,0.342,0.376,0.38,0.351,0.341,0.349,0.373,0.373,0.348,0.398
0.445,0.426,0.347,1.0,0.409,0.414,0.392,0.721,0.448,0.756,0.415,0.735,0.418,0.78,0.782,0.398,0.408,0.406,0.408,0.388,0.392,0.399,0.401,0.425,0.421,0.428,0.412,0.767,0.471,0.427,0.726,0.416,0.0,0.388,0.397,0.647,0.389,0.415,0.684,0.412,0.74,0.413,0.409,0.744,0.741,0.433,0.407,0.407,0.684,0.482
0.491,0.628,0.366,0.409,1.0,0.617,0.524,0.43,0.482,0.418,0.753,0.422,0.711,0.389,0.409,0.539,0.629,0.662,0.681,0.519,0.655,0.682,0.677,0.607,0.609,0.618,0.713,0.415,0.462,0.461,0.401,0.672,0.0,0.681,0.587,0.4,0.522,0.717,0.417,0.71,0.417,0.636,0.716,0.416,0.424,0.421,0.652,0.652,0.41,0.454
0.476,0.786,0.36,0.414,0.617,1.0,0.524,0.43,0.478,0.404,0.595,0.414,0.633,0.394,0.407,0.539,0.689,0.612,0.611,0.516,0.567,0.602,0.604,0.786,0.797,0.708,0.604,0.421,0.479,0.46,0.396,0.592,0.0,0.602,0.754,0.41,0.521,0.621,0.411,0.626,0.406,0.701,0.616,0.409,0.413,0.425,0.69,0.69,0.408,0.471
0.453,0.519,0.33,0.392,0.524,0.524,1.0,0.405,0.462,0.375,0.509,0.378,0.523,0.362,0.367,0.955,0.525,0.58,0.56,0.983,0.588,0.559,0.577,0.53,0.524,0.53,0.524,0.384,0.431,0.448,0.371,0.545,0.0,0.532,0.498,0.39,0.988,0.511,0.396,0.53,0.369,0.532,0.522,0.386,0.387,0.419,0.517,0.517,0.37,0.443
0.428,0.436,0.353,0.721,0.43,0.43,0.405,1.0,0.438,0.721,0.413,0.703,0.426,0.697,0.68,0.409,0.423,0.423,0.424,0.4,0.41,0.414,0.419,0.429,0.421,0.427,0.431,0.901,0.477,0.421,0.693,0.431,0.0,0.408,0.388,0.615,0.403,0.457,0.681,0.44,0.7,0.415,0.432,0.9,0.883,0.432,0.417,0.418,0.65,0.476
0.595,0.48,0.412,0.448,0.482,0.478,0.462,0.438,1.0,0.446,0.488,0.425,0.495,0.425,0.43,0.47,0.472,0.474,0.468,0.459,0.457,0.468,0.465,0.493,0.475,0.488,0.486,0.441,0.513,0.605,0.42,0.462,0.0,0.455,0.456,0.453,0.462,0.484,0.417,0.486,0.425,0.488,0.491,0.425,0.422,0.455,0.478,0.477,0.431,0.535
0.441,0.423,0.356,0.756,0.418,0.404,0.375,0.721,0.446,1.0,0.424,0.7,0.426,0.742,0.724,0.385,0.403,0.402,0.405,0.369,0.386,0.395,0.398,0.414,0.405,0.414,0.417,0.742,0.472,0.428,0.731,0.402,0.0,0.393,0.381,0.642,0.373,0.418,0.683,0.427,0.736,0.396,0.401,0.718,0.728,0.429,0.398,0.399,0.686,0.471
0.494,0.599,0.371,0.415,0.753,0.595,0.509,0.413,0.488,0.424,1.0,0.408,0.727,0.404,0.411,0.526,0.603,0.655,0.672,0.504,0.625,0.677,0.664,0.635,0.588,0.633,0.689,0.411,0.461,0.465,0.391,0.629,0.0,0.663,0.633,0.411,0.508,0.682,0.406,0.704,0.396,0.632,0.684,0.4,0.401,0.403,0.614,0.613,0.404,0.465
0.436,0.436,0.332,0.735,0.422,0.414,0.378,0.703,0.425,0.7,0.408,1.0,0.406,0.709,0.853,0.388,0.41,0.403,0.407,0.375,0.397,0.4,0.396,0.42,0.411,0.413,0.408,0.706,0.477,0.412,0.677,0.413,0.0,0.402,0.381,0.604,0.378,0.423,0.677,0.423,0.695,0.397,0.411,0.699,0.704,0.436,0.417,0.418,0.649,0.465
0.496,0.627,0.39,0.418,0.711,0.633,0.523,0.426,0.495,0.426,0.727,0.406,1.0,0.4,0.414,0.538,0.639,0.71,0.726,0.518,0.702,0.777,0.765,0.648,0.62,0.639,0.756,0.419,0.466,0.482,0.399,0.705,0.0,0.765,0.613,0.412,0.522,0.756,0.41,0.762,0.405,0.651,0.752,0.411,0.408,0.417,0.648,0.647,0.411,0.483
0.426,0.391,0.333,0.78,0.389,0.394,0.362,0.697,0.425,0.742,0.404,0.709,0.4,1.0,0.768,0.371,0.38,0.387,0.386,0.359,0.367,0.375,0.377,0.407,0.388,0.406,0.393,0.746,0.477,0.396,0.704,0.385,0.0,0.367,0.382,0.629,0.361,0.398,0.667,0.396,0.716,0.39,0.384,0.721,0.717,0.413,0.383,0.383,0.665,0.47
0.418,0.411,0.336,0.782,0.409,0.407,0.367,0.68,0.43,0.724,0.411,0.853,0.414,0.768,1.0,0.374,0.403,0.396,0.398,0.364,0.386,0.39,0.394,0.413,0.401,0.421,0.403,0.722,0.476,0.41,0.71,0.407,0.0,0.386,0.389,0.625,0.366,0.41,0.677,0.415,0.718,0.395,0.402,0.695,0.692,0.426,0.415,0.415,0.673,0.483
0.467,0.533,0.344,0.398,0.539,0.539,0.955,0.409,0.47,0.385,0.526,0.388,0.538,0.371,0.374,1.0,0.538,0.582,0.57,0.948,0.572,0.567,0.578,0.545,0.534,0.54,0.533,0.391,0.438,0.462,0.379,0.536,0.0,0.541,0.506,0.394,0.957,0.525,0.4,0.541,0.382,0.544,0.531,0.395,0.395,0.423,0.532,0.532,0.382,0.45
0.486,0.702,0.379,0.408,0.629,0.689,0.525,0.423,0.472,0.403,0.603,0.41,0.639,0.38,0.403,0.538,1.0,0.613,0.623,0.518,0.582,0.624,0.612,0.713,0.712,0.745,0.613,0.418,0.458,0.47,0.386,0.636,0.0,0.622,0.663,0.404,0.526,0.627,0.416,0.643,0.397,0.687,0.629,0.413,0.419,0.4,0.689,0.686,0.397,0.459
0.474,0.614,0.368,0.406,0.662,0.612,0.58,0.423,0.474,0.402,0.655,0.403,0.71,0.387,0.396,0.582,0.613,1.0,0.75,0.578,0.702,0.733,0.731,0.612,0.605,0.605,0.706,0.409,0.443,0.465,0.398,0.668,0.0,0.688,0.575,0.408,0.577,0.686,0.412,0.716,0.399,0.627,0.689,0.409,0.41,0.413,0.624,0.625,0.396,0.462
0.477,0.617,0.365,0.408,0.681,0.611,0.56,0.424,0.468,0.405,0.672,0.407,0.726,0.386,0.398,0.57,0.623,0.75,1.0,0.553,0.719,0.754,0.738,0.626,0.621,0.62,0.711,0.417,0.448,0.459,0.389,0.686,0.0,0.701,0.592,0.415,0.556,0.692,0.418,0.733,0.391,0.624,0.69,0.414,0.41,0.417,0.635,0.634,0.401,0.467
0.451,0.515,0.331,0.388,0.519,0.516,0.983,0.4,0.459,0.369,0.504,0.375,0.518,0.359,0.364,0.948,0.518,0.578,0.553,1.0,0.584,0.553,0.571,0.523,0.52,0.523,0.519,0.381,0.427,0.444,0.366,0.538,0.0,0.527,0.492,0.387,0.986,0.507,0.39,0.524,0.364,0.524,0.516,0.383,0.384,0.412,0.512,0.512,0.367,0.438
0.455,0.579,0.361,0.392,0.655,0.567,0.588,0.41,0.457,0.386,0.625,0.397,0.702,0.367,0.386,0.572,0.582,0.702,0.719,0.584,1.0,0.733,0.752,0.578,0.577,0.582,0.697,0.398,0.422,0.449,0.385,0.712,0.0,0.705,0.547,0.398,0.587,0.687,0.407,0.678,0.393,0.578,0.687,0.401,0.405,0.419,0.603,0.603,0.38,0.447
0.462,0.605,0.371,0.399,0.682,0.602,0.559,0.414,0.468,0.395,0.677,0.4,0.777,0.375,0.39,0.567,0.624,0.733,0.754,0.553,0.733,1.0,0.919,0.615,0.604,0.601,0.743,0.399,0.435,0.451,0.393,0.723,0.0,0.868,0.573,0.399,0.555,0.729,0.411,0.745,0.396,0.615,0.744,0.403,0.403,0.415,0.62,0.62,0.393,0.457
0.466,0.607,0.365,0.401,0.677,0.604,0.577,0.419,0.465,0.398,0.664,0.396,0.765,0.377,0.394,0.578,0.612,0.731,0.738,0.571,0.752,0.919,1.0,0.608,0.602,0.592,0.743,0.403,0.439,0.451,0.398,0.736,0.0,0.854,0.573,0.4,0.573,0.719,0.418,0.732,0.406,0.612,0.728,0.407,0.406,0.42,0.616,0.616,0.39,0.452
0.496,0.795,0.371,0.425,0.607,0.786,0.53,0.429,0.493,0.414,0.635,0.42,0.648,0.407,0.413,0.545,0.713,0.612,0.626,0.523,0.578,0.615,0.608,1.0,0.801,0.747,0.606,0.417,0.482,0.472,0.39,0.599,0.0,0.614,0.795,0.43,0.529,0.614,0.401,0.633,0.4,0.705,0.611,0.407,0.406,0.417,0.681,0.679,0.404,0.472
0.479,0.804,0.364,0.421,0.609,0.797,0.524,0.421,0.475,0.405,0.588,0.411,0.62,0.388,0.401,0.534,0.712,0.605,0.621,0.52,0.577,0.604,0.602,0.801,1.0,0.734,0.598,0.414,0.459,0.456,0.393,0.611,0.0,0.598,0.769,0.416,0.525,0.612,0.417,0.618,0.404,0.688,0.611,0.42,0.417,0.417,0.682,0.679,0.422,0.462
0.503,0.72,0.378,0.428,0.618,0.708,0.53,0.427,0.488,0.414,0.633,0.413,0.639,0.406,0.421,0.54,0.745,0.605,0.62,0.523,0.582,0.601,0.592,0.747,0.734,1.0,0.611,0.418,0.478,0.476,0.396,0.597,0.0,0.595,0.704,0.419,0.53,0.626,0.416,0.635,0.402,0.697,0.611,0.419,0.416,0.411,0.697,0.694,0.426,0.478
0.475,0.612,0.367,0.412,0.713,0.604,0.524,0.431,0.486,0.417,0.689,0.408,0.756,0.393,0.403,0.533,0.613,0.706,0.711,0.519,0.697,0.743,0.743,0.606,0.598,0.611,1.0,0.414,0.459,0.458,0.409,0.709,0.0,0.73,0.572,0.41,0.522,0.832,0.41,0.745,0.418,0.64,0.839,0.422,0.416,0.419,0.626,0.626,0.408,0.468
0.426,0.422,0.359,0.767,0.415,0.421,0.384,0.901,0.441,0.742,0.411,0.706,0.419,0.746,0.722,0.391,0.418,0.409,0.417,0.381,0.398,0.399,0.403,0.417,0.414,0.418,0.414,1.0,0.472,0.423,0.699,0.425,0.0,0.392,0.386,0.628,0.383,0.435,0.682,0.421,0.714,0.407,0.41,0.956,0.934,0.428,0.411,0.411,0.675,0.475
0.509,0.468,0.381,0.471,0.462,0.479,0.431,0.477,0.513,0.472,0.461,0.477,0.466,0.477,0.476,0.438,0.458,0.443,0.448,0.427,0.422,0.435,0.439,0.482,0.459,0.478,0.459,0.472,1.0,0.48,0.442,0.447,0.0,0.432,0.45,0.471,0.43,0.469,0.442,0.459,0.445,0.455,0.452,0.458,0.458,0.56,0.451,0.45,0.449,0.821
0.565,0.474,0.405,0.427,0.461,0.46,0.448,0.421,0.605,0.428,0.465,0.412,0.482,0.396,0.41,0.462,0.47,0.465,0.459,0.444,0.449,0.451,0.451,0.472,0.456,0.476,0.458,0.423,0.48,1.0,0.419,0.45,0.0,0.437,0.43,0.43,0.449,0.463,0.412,0.478,0.424,0.473,0.462,0.412,0.412,0.469,0.465,0.465,0.411,0.507
0.414,0.4,0.331,0.726,0.401,0.396,0.371,0.693,0.42,0.731,0.391,0.677,0.399,0.704,0.71,0.379,0.386,0.398,0.389,0.366,0.385,0.393,0.398,0.39,0.393,0.396,0.409,0.699,0.442,0.419,1.0,0.4,0.0,0.387,0.364,0.597,0.37,0.408,0.668,0.41,0.9,0.399,0.406,0.702,0.705,0.434,0.4,0.401,0.649,0.451
0.465,0.6,0.36,0.416,0.672,0.592,0.545,0.431,0.462,0.402,0.629,0.413,0.705,0.385,0.407,0.536,0.636,0.668,0.686,0.538,0.712,0.723,0.736,0.599,0.611,0.597,0.709,0.425,0.447,0.45,0.4,1.0,0.0,0.714,0.559,0.397,0.544,0.723,0.425,0.717,0.398,0.622,0.723,0.429,0.434,0.422,0.632,0.631,0.395,0.443
0.0,0.0,0.0,0.0,0.0,0.0,0.0,0.0,0.0,0.0,0.0,0.0,0.0,0.0,0.0,0.0,0.0,0.0,0.0,0.0,0.0,0.0,0.0,0.0,0.0,0.0,0.0,0.0,0.0,0.0,0.0,0.0,1.0,0.0,0.0,0.0,0.0,0.0,0.0,0.0,0.0,0.0,0.0,0.0,0.0,0.0,0.0,0.0,0.0,0.0
0.458,0.606,0.376,0.388,0.681,0.602,0.532,0.408,0.455,0.393,0.663,0.402,0.765,0.367,0.386,0.541,0.622,0.688,0.701,0.527,0.705,0.868,0.854,0.614,0.598,0.595,0.73,0.392,0.432,0.437,0.387,0.714,0.0,1.0,0.579,0.404,0.529,0.723,0.425,0.728,0.39,0.617,0.745,0.398,0.403,0.406,0.618,0.617,0.387,0.451
0.464,0.74,0.339,0.397,0.587,0.754,0.498,0.388,0.456,0.381,0.633,0.381,0.613,0.382,0.389,0.506,0.663,0.575,0.592,0.492,0.547,0.573,0.573,0.795,0.769,0.704,0.572,0.386,0.45,0.43,0.364,0.559,0.0,0.579,1.0,0.399,0.495,0.581,0.382,0.596,0.372,0.662,0.578,0.375,0.38,0.383,0.648,0.646,0.381,0.437
0.436,0.408,0.347,0.647,0.4,0.41,0.39,0.615,0.453,0.642,0.411,0.604,0.412,0.629,0.625,0.394,0.404,0.408,0.415,0.387,0.398,0.399,0.4,0.43,0.416,0.419,0.41,0.628,0.471,0.43,0.597,0.397,0.0,0.404,0.399,1.0,0.386,0.405,0.627,0.425,0.605,0.4,0.403,0.612,0.614,0.431,0.391,0.392,0.609,0.474
0.454,0.518,0.332,0.389,0.522,0.521,0.988,0.403,0.462,0.373,0.508,0.378,0.522,0.361,0.366,0.957,0.526,0.577,0.556,0.986,0.587,0.555,0.573,0.529,0.525,0.53,0.522,0.383,0.43,0.449,0.37,0.544,0.0,0.529,0.495,0.386,1.0,0.51,0.39,0.529,0.368,0.531,0.521,0.385,0.386,0.419,0.517,0.517,0.37,0.441
0.488,0.634,0.376,0.415,0.717,0.621,0.511,0.457,0.484,0.418,0.682,0.423,0.756,0.398,0.41,0.525,0.627,0.686,0.692,0.507,0.687,0.729,0.719,0.614,0.612,0.626,0.832,0.435,0.469,0.463,0.408,0.723,0.0,0.723,0.581,0.405,0.51,1.0,0.417,0.741,0.421,0.643,0.864,0.443,0.432,0.421,0.654,0.654,0.412,0.479
0.416,0.409,0.331,0.684,0.417,0.411,0.396,0.681,0.417,0.683,0.406,0.677,0.41,0.667,0.677,0.4,0.416,0.412,0.418,0.39,0.407,0.411,0.418,0.401,0.417,0.416,0.41,0.682,0.442,0.412,0.668,0.425,0.0,0.425,0.382,0.627,0.39,0.417,1.0,0.425,0.669,0.403,0.415,0.687,0.694,0.436,0.411,0.412,0.643,0.451
0.491,0.635,0.383,0.412,0.71,0.626,0.53,0.44,0.486,0.427,0.704,0.423,0.762,0.396,0.415,0.541,0.643,0.716,0.733,0.524,0.678,0.745,0.732,0.633,0.618,0.635,0.745,0.421,0.459,0.478,0.41,0.717,0.0,0.728,0.596,0.425,0.529,0.741,0.425,1.0,0.416,0.658,0.748,0.419,0.428,0.426,0.661,0.66,0.414,0.479
0.423,0.409,0.342,0.74,0.417,0.406,0.369,0.7,0.425,0.736,0.396,0.695,0.405,0.716,0.718,0.382,0.397,0.399,0.391,0.364,0.393,0.396,0.406,0.4,0.404,0.402,0.418,0.714,0.445,0.424,0.9,0.398,0.0,0.39,0.372,0.605,0.368,0.421,0.669,0.416,1.0,0.406,0.41,0.719,0.718,0.437,0.404,0.405,0.655,0.454
0.487,0.691,0.376,0.413,0.636,0.701,0.532,0.415,0.488,0.396,0.632,0.397,0.651,0.39,0.395,0.544,0.687,0.627,0.624,0.524,0.578,0.615,0.612,0.705,0.688,0.697,0.64,0.407,0.455,0.473,0.399,0.622,0.0,0.617,0.662,0.4,0.531,0.643,0.403,0.658,0.406,1.0,0.653,0.4,0.399,0.416,0.717,0.714,0.399,0.469
0.478,0.618,0.38,0.409,0.716,0.616,0.522,0.432,0.491,0.401,0.684,0.411,0.752,0.384,0.402,0.531,0.629,0.689,0.69,0.516,0.687,0.744,0.728,0.611,0.611,0.611,0.839,0.41,0.452,0.462,0.406,0.723,0.0,0.745,0.578,0.403,0.521,0.864,0.415,0.748,0.41,0.653,1.0,0.415,0.415,0.425,0.644,0.644,0.399,0.469
0.415,0.427,0.351,0.744,0.416,0.409,0.386,0.9,0.425,0.718,0.4,0.699,0.411,0.721,0.695,0.395,0.413,0.409,0.414,0.383,0.401,0.403,0.407,0.407,0.42,0.419,0.422,0.956,0.458,0.412,0.702,0.429,0.0,0.398,0.375,0.612,0.385,0.443,0.687,0.419,0.719,0.4,0.415,1.0,0.954,0.43,0.41,0.41,0.668,0.461
0.429,0.431,0.341,0.741,0.424,0.413,0.387,0.883,0.422,0.728,0.401,0.704,0.408,0.717,0.692,0.395,0.419,0.41,0.41,0.384,0.405,0.403,0.406,0.406,0.417,0.416,0.416,0.934,0.458,0.412,0.705,0.434,0.0,0.403,0.38,0.614,0.386,0.432,0.694,0.428,0.718,0.399,0.415,0.954,1.0,0.434,0.418,0.418,0.662,0.458
0.467,0.42,0.349,0.433,0.421,0.425,0.419,0.432,0.455,0.429,0.403,0.436,0.417,0.413,0.426,0.423,0.4,0.413,0.417,0.412,0.419,0.415,0.42,0.417,0.417,0.411,0.419,0.428,0.56,0.469,0.434,0.422,0.0,0.406,0.383,0.431,0.419,0.421,0.436,0.426,0.437,0.416,0.425,0.43,0.434,1.0,0.451,0.451,0.414,0.621
0.472,0.687,0.373,0.407,0.652,0.69,0.517,0.417,0.478,0.398,0.614,0.417,0.648,0.383,0.415,0.532,0.689,0.624,0.635,0.512,0.603,0.62,0.616,0.681,0.682,0.697,0.626,0.411,0.451,0.465,0.4,0.632,0.0,0.618,0.648,0.391,0.517,0.654,0.411,0.661,0.404,0.717,0.644,0.41,0.418,0.451,1.0,0.995,0.404,0.475
0.473,0.685,0.373,0.407,0.652,0.69,0.517,0.418,0.477,0.399,0.613,0.418,0.647,0.383,0.415,0.532,0.686,0.625,0.634,0.512,0.603,0.62,0.616,0.679,0.679,0.694,0.626,0.411,0.45,0.465,0.401,0.631,0.0,0.617,0.646,0.392,0.517,0.654,0.412,0.66,0.405,0.714,0.644,0.41,0.418,0.451,0.995,1.0,0.404,0.473
0.413,0.426,0.348,0.684,0.41,0.408,0.37,0.65,0.431,0.686,0.404,0.649,0.411,0.665,0.673,0.382,0.397,0.396,0.401,0.367,0.38,0.393,0.39,0.404,0.422,0.426,0.408,0.675,0.449,0.411,0.649,0.395,0.0,0.387,0.381,0.609,0.37,0.412,0.643,0.414,0.655,0.399,0.399,0.668,0.662,0.414,0.404,0.404,1.0,0.459
0.517,0.472,0.398,0.482,0.454,0.471,0.443,0.476,0.535,0.471,0.465,0.465,0.483,0.47,0.483,0.45,0.459,0.462,0.467,0.438,0.447,0.457,0.452,0.472,0.462,0.478,0.468,0.475,0.821,0.507,0.451,0.443,0.0,0.451,0.437,0.474,0.441,0.479,0.451,0.479,0.454,0.469,0.469,0.461,0.458,0.621,0.475,0.473,0.459,1.0
