GCF_000163235.1_ASM16323v1_genomic.fna,GCF_000164555.1_ASM16455v1_genomic.fna,GCF_000208545.1_ASM20854v2_genomic.fna,GCF_000233875.1_ASM23387v1_genomic.fna,GCF_000249735.1_ASM24973v2_genomic.fna,GCF_000261145.1_Esch_coli_M919_V2_genomic.fna,GCF_000267705.2_ASM26770v2_genomic.fna,GCF_000350665.1_Esch_coli_KTE5_V1_genomic.fna,GCF_000351625.1_Esch_coli_KTE66_V1_genomic.fna,GCF_000352285.1_Esch_coli_KTE46_V1_genomic.fna,GCF_000358895.1_ASM35889v1_genomic.fna,GCF_000456385.1_Esch_coli_HVH_26_4-5703913_V1_genomic.fna,GCF_000458195.1_Esch_coli_HVH_147_4-5893887_V1_genomic.fna,GCF_000459755.1_Esch_coli_KOEGE_58_171a_V1_genomic.fna,GCF_000460055.1_Esch_coli_UMEA_3053-1_V1_genomic.fna,GCF_000462165.2_ASM46216v2_genomic.fna,GCF_000601135.1_ASM60113v1_genomic.fna,GCF_000614595.1_Ec2010EL1058_genomic.fna,GCF_000617745.1_Ec2010C-4529_genomic.fna,GCF_000618265.2_EcF6751_genomic.fna,GCF_000619005.2_Ec2009C-4052_genomic.fna,GCF_000619105.1_Ec2009C-4780_genomic.fna,GCF_000619765.2_Ec2009C-3279_genomic.fna,GCF_000687005.1_ASM68700v1_genomic.fna,GCF_000687025.1_ASM68702v1_genomic.fna,GCF_000700125.1_ASM70012v1_genomic.fna,GCF_000753315.1_FHI35_genomic.fna,GCF_000776375.1_ASM77637v1_genomic.fna,GCF_000779395.1_ASM77939v1_genomic.fna,GCF_000780315.1_ASM78031v1_genomic.fna,GCF_000781995.1_ASM78199v1_genomic.fna,GCF_000986765.1_ASM98676v1_genomic.fna,GCF_001041375.1_ViralProj287958_genomic.fna,GCF_001265335.1_302014_genomic.fna,GCF_001265625.1_100854_genomic.fna,GCF_001267345.1_303289_genomic.fna,GCF_001309985.1_ASM130998v1_genomic.fna,GCF_001521695.1_ASM152169v1_genomic.fna,GCF_001592595.1_ASM159259v1_genomic.fna,GCF_001614975.1_ASM161497v1_genomic.fna,GCF_001692775.1_ASM169277v1_genomic.fna,GCF_001748915.1_ASM174891v1_genomic.fna,GCF_001749235.1_ASM174923v1_genomic.fna,GCF_001881155.1_ASM188115v1_genomic.fna,GCF_001881345.1_ASM188134v1_genomic.fna,GCF_001892405.1_ASM189240v1_genomic.fna,GCF_001892585.1_ASM189258v1_genomic.fna,GCF_001893985.1_ASM189398v1_genomic.fna,GCF_002001595.1_ASM200159v1_genomic.fna,GCF_002002145.1_ASM200214v1_genomic.fna
1.0,0.462,0.386,0.43,0.475,0.458,0.455,0.441,0.569,0.45,0.448,0.431,0.466,0.415,0.409,0.464,0.467,0.469,0.475,0.447,0.452,0.47,0.479,0.471,0.456,0.455,0.469,0.438,0.512,0.573,0.426,0.47,0.0,0.47,0.428,0.421,0.451,0.485,0.426,0.462,0.427,0.459,0.473,0.42,0.435,0.47,0.449,0.45,0.413,0.506
0.462,1.0,0.342,0.397,0.605,0.769,0.531,0.429,0.412,0.423,0.546,0.411,0.592,0.381,0.381,0.526,0.684,0.583,0.585,0.531,0.559,0.591,0.598,0.781,0.796,0.681,0.588,0.413,0.452,0.441,0.4,0.601,0.0,0.591,0.734,0.393,0.529,0.601,0.387,0.587,0.395,0.677,0.592,0.429,0.434,0.427,0.676,0.678,0.397,0.45
0.386,0.342,1.0,0.313,0.337,0.336,0.346,0.323,0.369,0.309,0.326,0.314,0.356,0.307,0.297,0.355,0.347,0.355,0.347,0.344,0.338,0.351,0.357,0.351,0.343,0.332,0.353,0.322,0.37,0.37,0.302,0.35,0.0,0.336,0.321,0.303,0.344,0.351,0.31,0.352,0.313,0.345,0.355,0.317,0.305,0.341,0.335,0.335,0.318,0.372
0.43,0.397,0.313,1.0,0.417,0.409,0.395,0.708,0.426,0.731,0.403,0.716,0.417,0.775,0.772,0.406,0.411,0.403,0.401,0.391,0.395,0.406,0.405,0.412,0.401,0.407,0.394,0.76,0.454,0.421,0.718,0.403,0.0,0.387,0.385,0.607,0.393,0.405,0.677,0.415,0.744,0.41,0.403,0.724,0.715,0.424,0.399,0.401,0.659,0.445
0.475,0.605,0.337,0.417,1.0,0.628,0.521,0.425,0.431,0.423,0.747,0.409,0.723,0.405,0.402,0.533,0.637,0.651,0.664,0.514,0.666,0.689,0.684,0.652,0.621,0.631,0.698,0.421,0.46,0.447,0.397,0.668,0.0,0.664,0.616,0.387,0.517,0.686,0.406,0.703,0.408,0.629,0.711,0.399,0.403,0.409,0.632,0.632,0.396,0.441
0.458,0.769,0.336,0.409,0.628,1.0,0.566,0.446,0.426,0.409,0.569,0.4,0.613,0.4,0.394,0.563,0.692,0.599,0.599,0.557,0.573,0.623,0.631,0.788,0.816,0.676,0.602,0.423,0.461,0.444,0.397,0.625,0.0,0.631,0.759,0.409,0.558,0.616,0.411,0.596,0.402,0.691,0.604,0.42,0.415,0.417,0.696,0.697,0.396,0.463
0.455,0.531,0.346,0.395,0.521,0.566,1.0,0.415,0.442,0.389,0.503,0.391,0.54,0.391,0.377,0.943,0.54,0.557,0.555,0.979,0.552,0.547,0.566,0.558,0.549,0.53,0.545,0.402,0.45,0.459,0.386,0.543,0.0,0.534,0.525,0.415,0.98,0.533,0.402,0.524,0.385,0.544,0.546,0.403,0.398,0.417,0.529,0.529,0.383,0.459
0.441,0.429,0.323,0.708,0.425,0.446,0.415,1.0,0.42,0.694,0.397,0.694,0.424,0.701,0.686,0.416,0.43,0.422,0.42,0.41,0.403,0.416,0.424,0.438,0.423,0.408,0.42,0.897,0.482,0.427,0.71,0.427,0.0,0.418,0.4,0.606,0.412,0.457,0.662,0.419,0.709,0.429,0.428,0.879,0.862,0.444,0.423,0.425,0.647,0.466
0.569,0.412,0.369,0.426,0.431,0.426,0.442,0.42,1.0,0.424,0.432,0.414,0.442,0.415,0.405,0.452,0.432,0.444,0.439,0.437,0.431,0.445,0.451,0.445,0.426,0.437,0.439,0.419,0.486,0.585,0.408,0.426,0.0,0.428,0.404,0.416,0.441,0.442,0.427,0.445,0.415,0.437,0.446,0.4,0.394,0.447,0.425,0.424,0.396,0.49
0.45,0.423,0.309,0.731,0.423,0.409,0.389,0.694,0.424,1.0,0.413,0.705,0.421,0.743,0.713,0.399,0.414,0.403,0.392,0.385,0.388,0.4,0.399,0.415,0.404,0.408,0.402,0.715,0.463,0.422,0.736,0.394,0.0,0.384,0.396,0.596,0.387,0.413,0.671,0.413,0.741,0.407,0.406,0.684,0.692,0.422,0.4,0.401,0.661,0.438
0.448,0.546,0.326,0.403,0.747,0.569,0.503,0.397,0.432,0.413,1.0,0.385,0.71,0.397,0.381,0.517,0.581,0.642,0.645,0.497,0.647,0.672,0.666,0.605,0.57,0.581,0.679,0.4,0.43,0.432,0.377,0.641,0.0,0.631,0.62,0.38,0.5,0.66,0.401,0.703,0.385,0.588,0.683,0.38,0.376,0.386,0.572,0.573,0.373,0.423
0.431,0.411,0.314,0.716,0.409,0.4,0.391,0.694,0.414,0.705,0.385,1.0,0.415,0.719,0.85,0.401,0.406,0.411,0.392,0.386,0.399,0.402,0.402,0.408,0.394,0.404,0.391,0.721,0.47,0.417,0.69,0.397,0.0,0.387,0.381,0.594,0.387,0.419,0.658,0.403,0.72,0.395,0.404,0.696,0.7,0.432,0.399,0.4,0.627,0.451
0.466,0.592,0.356,0.417,0.723,0.613,0.54,0.424,0.442,0.421,0.71,0.415,1.0,0.41,0.402,0.549,0.615,0.692,0.707,0.534,0.712,0.782,0.776,0.637,0.608,0.614,0.753,0.42,0.46,0.454,0.4,0.719,0.0,0.746,0.602,0.4,0.537,0.725,0.42,0.774,0.406,0.633,0.761,0.403,0.398,0.405,0.623,0.624,0.397,0.452
0.415,0.381,0.307,0.775,0.405,0.4,0.391,0.701,0.415,0.743,0.397,0.719,0.41,1.0,0.763,0.399,0.402,0.405,0.387,0.385,0.386,0.399,0.396,0.405,0.39,0.4,0.391,0.745,0.457,0.402,0.712,0.394,0.0,0.379,0.388,0.596,0.386,0.403,0.672,0.402,0.734,0.399,0.395,0.714,0.705,0.411,0.394,0.395,0.647,0.443
0.409,0.381,0.297,0.772,0.402,0.394,0.377,0.686,0.405,0.713,0.381,0.85,0.402,0.763,1.0,0.383,0.4,0.396,0.38,0.372,0.381,0.389,0.39,0.398,0.386,0.393,0.382,0.727,0.457,0.401,0.718,0.389,0.0,0.371,0.371,0.597,0.373,0.393,0.673,0.392,0.746,0.388,0.39,0.695,0.689,0.422,0.398,0.4,0.643,0.458
0.464,0.526,0.355,0.406,0.533,0.563,0.943,0.416,0.452,0.399,0.517,0.401,0.549,0.399,0.383,1.0,0.552,0.556,0.562,0.94,0.544,0.557,0.568,0.564,0.554,0.538,0.548,0.413,0.458,0.471,0.391,0.534,0.0,0.528,0.536,0.419,0.945,0.536,0.41,0.534,0.393,0.551,0.552,0.401,0.397,0.416,0.529,0.528,0.395,0.45
0.467,0.684,0.347,0.411,0.637,0.692,0.54,0.43,0.432,0.414,0.581,0.406,0.615,0.402,0.4,0.552,1.0,0.613,0.614,0.534,0.585,0.625,0.632,0.712,0.705,0.733,0.618,0.42,0.46,0.45,0.4,0.638,0.0,0.623,0.661,0.426,0.536,0.612,0.418,0.622,0.395,0.68,0.629,0.415,0.414,0.415,0.695,0.697,0.398,0.462
0.469,0.583,0.355,0.403,0.651,0.599,0.557,0.422,0.444,0.403,0.642,0.411,0.692,0.405,0.396,0.556,0.613,1.0,0.741,0.551,0.697,0.721,0.722,0.621,0.596,0.603,0.699,0.417,0.468,0.449,0.4,0.667,0.0,0.669,0.576,0.415,0.553,0.665,0.426,0.686,0.403,0.621,0.69,0.402,0.399,0.412,0.605,0.606,0.391,0.456
0.475,0.585,0.347,0.401,0.664,0.599,0.555,0.42,0.439,0.392,0.645,0.392,0.707,0.387,0.38,0.562,0.614,0.741,1.0,0.549,0.722,0.727,0.727,0.613,0.6,0.587,0.707,0.412,0.462,0.453,0.393,0.689,0.0,0.678,0.582,0.403,0.549,0.684,0.409,0.69,0.391,0.624,0.702,0.396,0.391,0.406,0.598,0.599,0.392,0.448
0.447,0.531,0.344,0.391,0.514,0.557,0.979,0.41,0.437,0.385,0.497,0.386,0.534,0.385,0.372,0.94,0.534,0.551,0.549,1.0,0.547,0.541,0.558,0.548,0.547,0.525,0.538,0.397,0.443,0.453,0.382,0.538,0.0,0.526,0.52,0.409,0.987,0.527,0.394,0.518,0.381,0.536,0.54,0.403,0.399,0.417,0.522,0.522,0.38,0.454
0.452,0.559,0.338,0.395,0.666,0.573,0.552,0.403,0.431,0.388,0.647,0.399,0.712,0.386,0.381,0.544,0.585,0.697,0.722,0.547,1.0,0.725,0.74,0.598,0.579,0.585,0.711,0.408,0.44,0.44,0.377,0.696,0.0,0.704,0.568,0.399,0.546,0.688,0.397,0.713,0.387,0.595,0.709,0.39,0.384,0.404,0.6,0.6,0.379,0.435
0.47,0.591,0.351,0.406,0.689,0.623,0.547,0.416,0.445,0.4,0.672,0.402,0.782,0.399,0.389,0.557,0.625,0.721,0.727,0.541,0.725,1.0,0.923,0.637,0.617,0.616,0.727,0.415,0.461,0.445,0.388,0.721,0.0,0.847,0.595,0.393,0.544,0.7,0.4,0.741,0.389,0.622,0.735,0.395,0.392,0.406,0.614,0.616,0.384,0.449
0.479,0.598,0.357,0.405,0.684,0.631,0.566,0.424,0.451,0.399,0.666,0.402,0.776,0.396,0.39,0.568,0.632,0.722,0.727,0.558,0.74,0.923,1.0,0.637,0.628,0.614,0.737,0.42,0.471,0.454,0.396,0.735,0.0,0.851,0.594,0.403,0.559,0.708,0.407,0.736,0.393,0.634,0.738,0.402,0.399,0.408,0.623,0.624,0.391,0.458
0.471,0.781,0.351,0.412,0.652,0.788,0.558,0.438,0.445,0.415,0.605,0.408,0.637,0.405,0.398,0.564,0.712,0.621,0.613,0.548,0.598,0.637,0.637,1.0,0.802,0.727,0.622,0.411,0.464,0.464,0.394,0.607,0.0,0.62,0.797,0.404,0.55,0.611,0.407,0.63,0.398,0.705,0.619,0.397,0.398,0.413,0.692,0.694,0.389,0.456
0.456,0.796,0.343,0.401,0.621,0.816,0.549,0.423,0.426,0.404,0.57,0.394,0.608,0.39,0.386,0.554,0.705,0.596,0.6,0.547,0.579,0.617,0.628,0.802,1.0,0.712,0.601,0.411,0.446,0.442,0.391,0.626,0.0,0.612,0.779,0.401,0.548,0.609,0.402,0.607,0.39,0.702,0.609,0.415,0.404,0.417,0.697,0.699,0.4,0.438
0.455,0.681,0.332,0.407,0.631,0.676,0.53,0.408,0.437,0.408,0.581,0.404,0.614,0.4,0.393,0.538,0.733,0.603,0.587,0.525,0.585,0.616,0.614,0.727,0.712,1.0,0.602,0.407,0.443,0.446,0.384,0.592,0.0,0.598,0.689,0.393,0.528,0.598,0.401,0.619,0.388,0.677,0.595,0.406,0.397,0.397,0.684,0.686,0.393,0.434
0.469,0.588,0.353,0.394,0.698,0.602,0.545,0.42,0.439,0.402,0.679,0.391,0.753,0.391,0.382,0.548,0.618,0.699,0.707,0.538,0.711,0.727,0.737,0.622,0.601,0.602,1.0,0.413,0.47,0.454,0.399,0.724,0.0,0.694,0.587,0.39,0.539,0.813,0.399,0.742,0.398,0.621,0.841,0.401,0.389,0.415,0.6,0.602,0.395,0.455
0.438,0.413,0.322,0.76,0.421,0.423,0.402,0.897,0.419,0.715,0.4,0.721,0.42,0.745,0.727,0.413,0.42,0.417,0.412,0.397,0.408,0.415,0.42,0.411,0.411,0.407,0.413,1.0,0.485,0.43,0.725,0.418,0.0,0.399,0.384,0.611,0.4,0.44,0.676,0.413,0.741,0.413,0.417,0.949,0.925,0.442,0.411,0.413,0.674,0.459
0.512,0.452,0.37,0.454,0.46,0.461,0.45,0.482,0.486,0.463,0.43,0.47,0.46,0.457,0.457,0.458,0.46,0.468,0.462,0.443,0.44,0.461,0.471,0.464,0.446,0.443,0.47,0.485,1.0,0.49,0.464,0.464,0.0,0.458,0.425,0.458,0.446,0.473,0.471,0.448,0.464,0.45,0.459,0.459,0.457,0.541,0.429,0.43,0.447,0.804
0.573,0.441,0.37,0.421,0.447,0.444,0.459,0.427,0.585,0.422,0.432,0.417,0.454,0.402,0.401,0.471,0.45,0.449,0.453,0.453,0.44,0.445,0.454,0.464,0.442,0.446,0.454,0.43,0.49,1.0,0.416,0.44,0.0,0.434,0.423,0.416,0.456,0.457,0.41,0.452,0.421,0.457,0.462,0.411,0.403,0.456,0.442,0.443,0.407,0.499
0.426,0.4,0.302,0.718,0.397,0.397,0.386,0.71,0.408,0.736,0.377,0.69,0.4,0.712,0.718,0.391,0.4,0.4,0.393,0.382,0.377,0.388,0.396,0.394,0.391,0.384,0.399,0.725,0.464,0.416,1.0,0.397,0.0,0.381,0.363,0.611,0.381,0.407,0.671,0.398,0.898,0.403,0.397,0.694,0.688,0.42,0.396,0.397,0.664,0.445
0.47,0.601,0.35,0.403,0.668,0.625,0.543,0.427,0.426,0.394,0.641,0.397,0.719,0.394,0.389,0.534,0.638,0.667,0.689,0.538,0.696,0.721,0.735,0.607,0.626,0.592,0.724,0.418,0.464,0.44,0.397,1.0,0.0,0.72,0.577,0.392,0.537,0.728,0.399,0.724,0.386,0.623,0.734,0.409,0.41,0.408,0.634,0.636,0.389,0.452
0.0,0.0,0.0,0.0,0.0,0.0,0.0,0.0,0.0,0.0,0.0,0.0,0.0,0.0,0.0,0.0,0.0,0.0,0.0,0.0,0.0,0.0,0.0,0.0,0.0,0.0,0.0,0.0,0.0,0.0,0.0,0.0,1.0,0.0,0.0,0.0,0.0,0.0,0.0,0.0,0.0,0.0,0.0,0.0,0.0,0.0,0.0,0.0,0.0,0.0
0.47,0.591,0.336,0.387,0.664,0.631,0.534,0.418,0.428,0.384,0.631,0.387,0.746,0.379,0.371,0.528,0.623,0.669,0.678,0.526,0.704,0.847,0.851,0.62,0.612,0.598,0.694,0.399,0.458,0.434,0.381,0.72,0.0,1.0,0.577,0.402,0.526,0.697,0.401,0.712,0.378,0.614,0.713,0.39,0.397,0.409,0.619,0.622,0.369,0.452
0.428,0.734,0.321,0.385,0.616,0.759,0.525,0.4,0.404,0.396,0.62,0.381,0.602,0.388,0.371,0.536,0.661,0.576,0.582,0.52,0.568,0.595,0.594,0.797,0.779,0.689,0.587,0.384,0.425,0.423,0.363,0.577,0.0,0.577,1.0,0.377,0.522,0.579,0.387,0.604,0.367,0.666,0.588,0.372,0.373,0.389,0.653,0.654,0.362,0.414
0.421,0.393,0.303,0.607,0.387,0.409,0.415,0.606,0.416,0.596,0.38,0.594,0.4,0.596,0.597,0.419,0.426,0.415,0.403,0.409,0.399,0.393,0.403,0.404,0.401,0.393,0.39,0.611,0.458,0.416,0.611,0.392,0.0,0.402,0.377,1.0,0.409,0.399,0.638,0.401,0.614,0.406,0.391,0.596,0.592,0.415,0.4,0.4,0.576,0.446
0.451,0.529,0.344,0.393,0.517,0.558,0.98,0.412,0.441,0.387,0.5,0.387,0.537,0.386,0.373,0.945,0.536,0.553,0.549,0.987,0.546,0.544,0.559,0.55,0.548,0.528,0.539,0.4,0.446,0.456,0.381,0.537,0.0,0.526,0.522,0.409,1.0,0.528,0.398,0.52,0.381,0.538,0.542,0.402,0.397,0.415,0.525,0.525,0.382,0.454
0.485,0.601,0.351,0.405,0.686,0.616,0.533,0.457,0.442,0.413,0.66,0.419,0.725,0.403,0.393,0.536,0.612,0.665,0.684,0.527,0.688,0.7,0.708,0.611,0.609,0.598,0.813,0.44,0.473,0.457,0.407,0.728,0.0,0.697,0.579,0.399,0.528,1.0,0.411,0.723,0.406,0.624,0.844,0.425,0.411,0.43,0.613,0.613,0.405,0.452
0.426,0.387,0.31,0.677,0.406,0.411,0.402,0.662,0.427,0.671,0.401,0.658,0.42,0.672,0.673,0.41,0.418,0.426,0.409,0.394,0.397,0.4,0.407,0.407,0.402,0.401,0.399,0.676,0.471,0.41,0.671,0.399,0.0,0.401,0.387,0.638,0.398,0.411,1.0,0.411,0.681,0.403,0.417,0.649,0.643,0.415,0.408,0.409,0.631,0.452
0.462,0.587,0.352,0.415,0.703,0.596,0.524,0.419,0.445,0.413,0.703,0.403,0.774,0.402,0.392,0.534,0.622,0.686,0.69,0.518,0.713,0.741,0.736,0.63,0.607,0.619,0.742,0.413,0.448,0.452,0.398,0.724,0.0,0.712,0.604,0.401,0.52,0.723,0.411,1.0,0.399,0.624,0.747,0.396,0.396,0.407,0.641,0.641,0.387,0.45
0.427,0.395,0.313,0.744,0.408,0.402,0.385,0.709,0.415,0.741,0.385,0.72,0.406,0.734,0.746,0.393,0.395,0.403,0.391,0.381,0.387,0.389,0.393,0.398,0.39,0.388,0.398,0.741,0.464,0.421,0.898,0.386,0.0,0.378,0.367,0.614,0.381,0.406,0.681,0.399,1.0,0.406,0.395,0.708,0.702,0.422,0.392,0.393,0.67,0.445
0.459,0.677,0.345,0.41,0.629,0.691,0.544,0.429,0.437,0.407,0.588,0.395,0.633,0.399,0.388,0.551,0.68,0.621,0.624,0.536,0.595,0.622,0.634,0.705,0.702,0.677,0.621,0.413,0.45,0.457,0.403,0.623,0.0,0.614,0.666,0.406,0.538,0.624,0.403,0.624,0.406,1.0,0.646,0.404,0.397,0.403,0.711,0.712,0.387,0.442
0.473,0.592,0.355,0.403,0.711,0.604,0.546,0.428,0.446,0.406,0.683,0.404,0.761,0.395,0.39,0.552,0.629,0.69,0.702,0.54,0.709,0.735,0.738,0.619,0.609,0.595,0.841,0.417,0.459,0.462,0.397,0.734,0.0,0.713,0.588,0.391,0.542,0.844,0.417,0.747,0.395,0.646,1.0,0.4,0.397,0.422,0.618,0.62,0.397,0.455
0.42,0.429,0.317,0.724,0.399,0.42,0.403,0.879,0.4,0.684,0.38,0.696,0.403,0.714,0.695,0.401,0.415,0.402,0.396,0.403,0.39,0.395,0.402,0.397,0.415,0.406,0.401,0.949,0.459,0.411,0.694,0.409,0.0,0.39,0.372,0.596,0.402,0.425,0.649,0.396,0.708,0.404,0.4,1.0,0.949,0.446,0.408,0.41,0.652,0.455
0.435,0.434,0.305,0.715,0.403,0.415,0.398,0.862,0.394,0.692,0.376,0.7,0.398,0.705,0.689,0.397,0.414,0.399,0.391,0.399,0.384,0.392,0.399,0.398,0.404,0.397,0.389,0.925,0.457,0.403,0.688,0.41,0.0,0.397,0.373,0.592,0.397,0.411,0.643,0.396,0.702,0.397,0.397,0.949,1.0,0.446,0.407,0.409,0.635,0.449
0.47,0.427,0.341,0.424,0.409,0.417,0.417,0.444,0.447,0.422,0.386,0.432,0.405,0.411,0.422,0.416,0.415,0.412,0.406,0.417,0.404,0.406,0.408,0.413,0.417,0.397,0.415,0.442,0.541,0.456,0.42,0.408,0.0,0.409,0.389,0.415,0.415,0.43,0.415,0.407,0.422,0.403,0.422,0.446,0.446,1.0,0.441,0.442,0.406,0.605
0.449,0.676,0.335,0.399,0.632,0.696,0.529,0.423,0.425,0.4,0.572,0.399,0.623,0.394,0.398,0.529,0.695,0.605,0.598,0.522,0.6,0.614,0.623,0.692,0.697,0.684,0.6,0.411,0.429,0.442,0.396,0.634,0.0,0.619,0.653,0.4,0.525,0.613,0.408,0.641,0.392,0.711,0.618,0.408,0.407,0.441,1.0,0.996,0.381,0.447
0.45,0.678,0.335,0.401,0.632,0.697,0.529,0.425,0.424,0.401,0.573,0.4,0.624,0.395,0.4,0.528,0.697,0.606,0.599,0.522,0.6,0.616,0.624,0.694,0.699,0.686,0.602,0.413,0.43,0.443,0.397,0.636,0.0,0.622,0.654,0.4,0.525,0.613,0.409,0.641,0.393,0.712,0.62,0.41,0.409,0.442,0.996,1.0,0.382,0.448
0.413,0.397,0.318,0.659,0.396,0.396,0.383,0.647,0.396,0.661,0.373,0.627,0.397,0.647,0.643,0.395,0.398,0.391,0.392,0.38,0.379,0.384,0.391,0.389,0.4,0.393,0.395,0.674,0.447,0.407,0.664,0.389,0.0,0.369,0.362,0.576,0.382,0.405,0.631,0.387,0.67,0.387,0.397,0.652,0.635,0.406,0.381,0.382,1.0,0.428
0.506,0.45,0.372,0.445,0.441,0.463,0.459,0.466,0.49,0.438,0.423,0.451,0.452,0.443,0.458,0.45,0.462,0.456,0.448,0.454,0.435,0.449,0.458,0.456,0.438,0.434,0.455,0.459,0.804,0.499,0.445,0.452,0.0,0.452,0.414,0.446,0.454,0.452,0.452,0.45,0.445,0.442,0.455,0.455,0.449,0.605,0.447,0.448,0.428,1.0
