GCF_000163235.1_ASM16323v1_genomic.fna,GCF_000164555.1_ASM16455v1_genomic.fna,GCF_000208545.1_ASM20854v2_genomic.fna,GCF_000233875.1_ASM23387v1_genomic.fna,GCF_000249735.1_ASM24973v2_genomic.fna,GCF_000261145.1_Esch_coli_M919_V2_genomic.fna,GCF_000267705.2_ASM26770v2_genomic.fna,GCF_000350665.1_Esch_coli_KTE5_V1_genomic.fna,GCF_000351625.1_Esch_coli_KTE66_V1_genomic.fna,GCF_000352285.1_Esch_coli_KTE46_V1_genomic.fna,GCF_000358895.1_ASM35889v1_genomic.fna,GCF_000456385.1_Esch_coli_HVH_26_4-5703913_V1_genomic.fna,GCF_000458195.1_Esch_coli_HVH_147_4-5893887_V1_genomic.fna,GCF_000459755.1_Esch_coli_KOEGE_58_171a_V1_genomic.fna,GCF_000460055.1_Esch_coli_UMEA_3053-1_V1_genomic.fna,GCF_000462165.2_ASM46216v2_genomic.fna,GCF_000601135.1_ASM60113v1_genomic.fna,GCF_000614595.1_Ec2010EL1058_genomic.fna,GCF_000617745.1_Ec2010C-4529_genomic.fna,GCF_000618265.2_EcF6751_genomic.fna,GCF_000619005.2_Ec2009C-4052_genomic.fna,GCF_000619105.1_Ec2009C-4780_genomic.fna,GCF_000619765.2_Ec2009C-3279_genomic.fna,GCF_000687005.1_ASM68700v1_genomic.fna,GCF_000687025.1_ASM68702v1_genomic.fna,GCF_000700125.1_ASM70012v1_genomic.fna,GCF_000753315.1_FHI35_genomic.fna,GCF_000776375.1_ASM77637v1_genomic.fna,GCF_000779395.1_ASM77939v1_genomic.fna,GCF_000780315.1_ASM78031v1_genomic.fna,GCF_000781995.1_ASM78199v1_genomic.fna,GCF_000986765.1_ASM98676v1_genomic.fna,GCF_001041375.1_ViralProj287958_genomic.fna,GCF_001265335.1_302014_genomic.fna,GCF_001265625.1_100854_genomic.fna,GCF_001267345.1_303289_genomic.fna,GCF_001309985.1_ASM130998v1_genomic.fna,GCF_001521695.1_ASM152169v1_genomic.fna,GCF_001592595.1_ASM159259v1_genomic.fna,GCF_001614975.1_ASM161497v1_genomic.fna,GCF_001692775.1_ASM169277v1_genomic.fna,GCF_001748915.1_ASM174891v1_genomic.fna,GCF_001749235.1_ASM174923v1_genomic.fna,GCF_001881155.1_ASM188115v1_genomic.fna,GCF_001881345.1_ASM188134v1_genomic.fna,GCF_001892405.1_ASM189240v1_genomic.fna,GCF_001892585.1_ASM189258v1_genomic.fna,GCF_001893985.1_ASM189398v1_genomic.fna,GCF_002001595.1_ASM200159v1_genomic.fna,GCF_002002145.1_ASM200214v1_genomic.fna
1.0,0.896,0.891,0.894,0.9,0.895,0.895,0.899,0.922,0.895,0.886,0.901,0.905,0.888,0.896,0.901,0.889,0.893,0.891,0.893,0.891,0.887,0.894,0.887,0.893,0.879,0.904,0.903,0.91,0.905,0.893,0.889,0.015,0.89,0.875,0.885,0.893,0.903,0.89,0.898,0.9,0.89,0.906,0.897,0.9,0.88,0.889,0.888,0.891,0.91
0.896,1.0,0.882,0.88,0.928,0.937,0.91,0.89,0.89,0.876,0.9,0.882,0.919,0.878,0.879,0.909,0.936,0.918,0.926,0.905,0.918,0.919,0.923,0.929,0.945,0.919,0.913,0.887,0.903,0.898,0.889,0.92,0.015,0.916,0.914,0.875,0.906,0.928,0.878,0.92,0.884,0.926,0.92,0.896,0.898,0.885,0.923,0.923,0.876,0.901
0.891,0.882,1.0,0.865,0.889,0.877,0.881,0.886,0.892,0.866,0.868,0.872,0.88,0.874,0.876,0.888,0.883,0.876,0.877,0.879,0.873,0.877,0.878,0.866,0.875,0.863,0.883,0.882,0.897,0.885,0.883,0.876,0.015,0.875,0.861,0.868,0.879,0.882,0.867,0.882,0.885,0.883,0.891,0.889,0.884,0.873,0.878,0.876,0.876,0.893
0.894,0.88,0.865,1.0,0.882,0.872,0.867,0.92,0.897,0.931,0.886,0.945,0.89,0.952,0.951,0.868,0.875,0.873,0.881,0.863,0.871,0.874,0.878,0.884,0.878,0.889,0.891,0.93,0.889,0.873,0.914,0.868,0.016,0.875,0.875,0.919,0.862,0.88,0.923,0.881,0.949,0.891,0.887,0.923,0.916,0.862,0.87,0.87,0.928,0.876
0.9,0.928,0.889,0.882,1.0,0.926,0.911,0.897,0.903,0.882,0.93,0.889,0.938,0.881,0.888,0.916,0.932,0.923,0.933,0.909,0.936,0.935,0.94,0.912,0.925,0.913,0.936,0.89,0.913,0.899,0.889,0.923,0.015,0.936,0.909,0.881,0.909,0.943,0.888,0.946,0.887,0.933,0.943,0.894,0.899,0.888,0.929,0.928,0.874,0.906
0.895,0.937,0.877,0.872,0.926,1.0,0.896,0.887,0.894,0.871,0.899,0.881,0.917,0.877,0.877,0.901,0.925,0.912,0.913,0.895,0.912,0.914,0.918,0.933,0.945,0.91,0.908,0.886,0.909,0.889,0.886,0.916,0.016,0.914,0.92,0.882,0.895,0.921,0.885,0.918,0.882,0.927,0.918,0.886,0.89,0.878,0.927,0.928,0.874,0.888
0.895,0.91,0.881,0.867,0.911,0.896,1.0,0.882,0.895,0.866,0.886,0.871,0.907,0.865,0.872,0.988,0.907,0.913,0.922,0.994,0.919,0.931,0.936,0.882,0.911,0.888,0.903,0.876,0.898,0.901,0.882,0.908,0.016,0.922,0.882,0.874,0.994,0.907,0.88,0.906,0.869,0.9,0.906,0.885,0.894,0.885,0.901,0.902,0.87,0.898
0.899,0.89,0.886,0.92,0.897,0.887,0.882,1.0,0.899,0.92,0.872,0.922,0.889,0.927,0.922,0.884,0.886,0.881,0.893,0.878,0.883,0.887,0.89,0.867,0.888,0.865,0.887,0.971,0.906,0.894,0.936,0.878,0.017,0.889,0.863,0.901,0.879,0.902,0.911,0.892,0.93,0.888,0.893,0.976,0.968,0.88,0.882,0.881,0.909,0.902
0.922,0.89,0.892,0.897,0.903,0.894,0.895,0.899,1.0,0.896,0.883,0.895,0.904,0.887,0.897,0.898,0.885,0.891,0.891,0.894,0.892,0.894,0.897,0.878,0.895,0.877,0.905,0.901,0.915,0.914,0.895,0.887,0.018,0.897,0.871,0.886,0.893,0.904,0.89,0.903,0.898,0.897,0.906,0.899,0.902,0.876,0.891,0.89,0.89,0.904
0.895,0.876,0.866,0.931,0.882,0.871,0.866,0.92,0.896,1.0,0.889,0.927,0.89,0.931,0.921,0.867,0.875,0.876,0.878,0.862,0.872,0.869,0.871,0.885,0.87,0.889,0.894,0.927,0.89,0.88,0.917,0.864,0.015,0.873,0.878,0.914,0.862,0.88,0.913,0.884,0.932,0.882,0.892,0.916,0.922,0.862,0.872,0.871,0.93,0.882
0.886,0.9,0.868,0.886,0.93,0.899,0.886,0.872,0.883,0.889,1.0,0.881,0.934,0.883,0.876,0.891,0.903,0.904,0.909,0.884,0.897,0.906,0.911,0.923,0.897,0.914,0.93,0.877,0.887,0.871,0.871,0.903,0.016,0.908,0.917,0.881,0.884,0.919,0.883,0.92,0.881,0.91,0.929,0.87,0.873,0.86,0.894,0.893,0.887,0.874
0.901,0.882,0.872,0.945,0.889,0.881,0.871,0.922,0.895,0.927,0.881,1.0,0.897,0.944,0.96,0.874,0.882,0.882,0.886,0.869,0.876,0.879,0.883,0.88,0.885,0.881,0.895,0.929,0.9,0.882,0.919,0.877,0.016,0.881,0.869,0.915,0.869,0.892,0.93,0.887,0.946,0.885,0.893,0.921,0.923,0.874,0.875,0.874,0.926,0.89
0.905,0.919,0.88,0.89,0.938,0.917,0.907,0.889,0.904,0.89,0.934,0.897,1.0,0.89,0.899,0.911,0.917,0.921,0.935,0.904,0.923,0.936,0.939,0.922,0.919,0.911,0.949,0.892,0.904,0.896,0.885,0.923,0.017,0.941,0.91,0.888,0.903,0.933,0.899,0.941,0.893,0.922,0.94,0.885,0.893,0.874,0.92,0.92,0.896,0.888
0.888,0.878,0.874,0.952,0.881,0.877,0.865,0.927,0.887,0.931,0.883,0.944,0.89,1.0,0.946,0.868,0.873,0.872,0.873,0.863,0.868,0.872,0.872,0.885,0.874,0.885,0.889,0.934,0.889,0.874,0.919,0.867,0.016,0.875,0.869,0.919,0.863,0.88,0.921,0.873,0.95,0.881,0.886,0.925,0.923,0.865,0.871,0.87,0.932,0.875
0.896,0.879,0.876,0.951,0.888,0.877,0.872,0.922,0.897,0.921,0.876,0.96,0.899,0.946,1.0,0.873,0.881,0.882,0.883,0.87,0.879,0.884,0.886,0.874,0.887,0.877,0.893,0.932,0.9,0.886,0.921,0.884,0.018,0.888,0.867,0.914,0.869,0.888,0.929,0.887,0.946,0.894,0.894,0.926,0.919,0.871,0.876,0.876,0.919,0.891
0.901,0.909,0.888,0.868,0.916,0.901,0.988,0.884,0.898,0.867,0.891,0.874,0.911,0.868,0.873,1.0,0.913,0.913,0.919,0.985,0.914,0.928,0.933,0.888,0.91,0.892,0.906,0.878,0.899,0.899,0.88,0.906,0.017,0.921,0.885,0.877,0.986,0.909,0.882,0.909,0.874,0.905,0.911,0.885,0.891,0.884,0.907,0.906,0.873,0.895
0.889,0.936,0.883,0.875,0.932,0.925,0.907,0.886,0.885,0.875,0.903,0.882,0.917,0.873,0.881,0.913,1.0,0.912,0.919,0.902,0.916,0.918,0.919,0.918,0.93,0.924,0.915,0.884,0.902,0.892,0.881,0.92,0.016,0.917,0.905,0.877,0.903,0.912,0.882,0.924,0.881,0.93,0.923,0.889,0.893,0.882,0.928,0.927,0.875,0.898
0.893,0.918,0.876,0.873,0.923,0.912,0.913,0.881,0.891,0.876,0.904,0.882,0.921,0.872,0.882,0.913,0.912,1.0,0.943,0.913,0.926,0.938,0.943,0.893,0.91,0.894,0.918,0.877,0.894,0.895,0.889,0.919,0.014,0.934,0.887,0.875,0.914,0.92,0.883,0.928,0.878,0.905,0.919,0.885,0.888,0.892,0.911,0.911,0.871,0.899
0.891,0.926,0.877,0.881,0.933,0.913,0.922,0.893,0.891,0.878,0.909,0.886,0.935,0.873,0.883,0.919,0.919,0.943,1.0,0.919,0.933,0.945,0.95,0.906,0.918,0.901,0.93,0.884,0.896,0.9,0.892,0.928,0.016,0.938,0.894,0.877,0.919,0.927,0.885,0.934,0.879,0.919,0.937,0.892,0.901,0.887,0.915,0.916,0.87,0.897
0.893,0.905,0.879,0.863,0.909,0.895,0.994,0.878,0.894,0.862,0.884,0.869,0.904,0.863,0.87,0.985,0.902,0.913,0.919,1.0,0.919,0.93,0.934,0.879,0.908,0.884,0.901,0.875,0.896,0.901,0.879,0.907,0.016,0.92,0.877,0.871,0.998,0.906,0.879,0.904,0.867,0.897,0.903,0.882,0.891,0.889,0.899,0.9,0.867,0.899
0.891,0.918,0.873,0.871,0.936,0.912,0.919,0.883,0.892,0.872,0.897,0.876,0.923,0.868,0.879,0.914,0.916,0.926,0.933,0.919,1.0,0.941,0.942,0.893,0.911,0.893,0.923,0.876,0.899,0.903,0.882,0.922,0.015,0.933,0.89,0.876,0.919,0.934,0.879,0.933,0.873,0.912,0.927,0.885,0.89,0.893,0.915,0.914,0.865,0.899
0.887,0.919,0.877,0.874,0.935,0.914,0.931,0.887,0.894,0.869,0.906,0.879,0.936,0.872,0.884,0.928,0.918,0.938,0.945,0.93,0.941,1.0,0.985,0.897,0.918,0.904,0.933,0.877,0.897,0.901,0.889,0.931,0.016,0.96,0.893,0.875,0.931,0.939,0.884,0.933,0.877,0.913,0.936,0.887,0.894,0.889,0.913,0.914,0.867,0.896
0.894,0.923,0.878,0.878,0.94,0.918,0.936,0.89,0.897,0.871,0.911,0.883,0.939,0.872,0.886,0.933,0.919,0.943,0.95,0.934,0.942,0.985,1.0,0.901,0.924,0.903,0.935,0.88,0.899,0.898,0.891,0.934,0.016,0.963,0.895,0.879,0.934,0.942,0.886,0.936,0.876,0.917,0.936,0.889,0.897,0.892,0.917,0.918,0.869,0.898
0.887,0.929,0.866,0.884,0.912,0.933,0.882,0.867,0.878,0.885,0.923,0.88,0.922,0.885,0.874,0.888,0.918,0.893,0.906,0.879,0.893,0.897,0.901,1.0,0.931,0.935,0.914,0.87,0.884,0.869,0.866,0.903,0.017,0.897,0.948,0.888,0.88,0.906,0.879,0.905,0.881,0.915,0.908,0.865,0.87,0.859,0.909,0.908,0.885,0.874
0.893,0.945,0.875,0.878,0.925,0.945,0.911,0.888,0.895,0.87,0.897,0.885,0.919,0.874,0.887,0.91,0.93,0.91,0.918,0.908,0.911,0.918,0.924,0.931,1.0,0.924,0.917,0.884,0.907,0.892,0.884,0.925,0.018,0.915,0.923,0.886,0.908,0.92,0.887,0.919,0.876,0.929,0.914,0.891,0.895,0.881,0.925,0.925,0.877,0.892
0.879,0.919,0.863,0.889,0.913,0.91,0.888,0.865,0.877,0.889,0.914,0.881,0.911,0.885,0.877,0.892,0.924,0.894,0.901,0.884,0.893,0.904,0.903,0.935,0.924,1.0,0.916,0.874,0.887,0.873,0.864,0.899,0.016,0.898,0.923,0.881,0.884,0.903,0.883,0.902,0.882,0.918,0.908,0.869,0.872,0.86,0.918,0.918,0.887,0.875
0.904,0.913,0.883,0.891,0.936,0.908,0.903,0.887,0.905,0.894,0.93,0.895,0.949,0.889,0.893,0.906,0.915,0.918,0.93,0.901,0.923,0.933,0.935,0.914,0.917,0.916,1.0,0.895,0.9,0.887,0.886,0.92,0.019,0.926,0.898,0.885,0.9,0.944,0.891,0.932,0.894,0.919,0.955,0.887,0.894,0.876,0.909,0.908,0.885,0.89
0.903,0.887,0.882,0.93,0.89,0.886,0.876,0.971,0.901,0.927,0.877,0.929,0.892,0.934,0.932,0.878,0.884,0.877,0.884,0.875,0.876,0.877,0.88,0.87,0.884,0.874,0.895,1.0,0.905,0.887,0.925,0.873,0.017,0.882,0.863,0.906,0.875,0.892,0.916,0.885,0.937,0.888,0.893,0.982,0.971,0.873,0.882,0.881,0.917,0.897
0.91,0.903,0.897,0.889,0.913,0.909,0.898,0.906,0.915,0.89,0.887,0.9,0.904,0.889,0.9,0.899,0.902,0.894,0.896,0.896,0.899,0.897,0.899,0.884,0.907,0.887,0.9,0.905,1.0,0.904,0.901,0.895,0.014,0.899,0.877,0.893,0.896,0.903,0.901,0.9,0.899,0.905,0.904,0.908,0.909,0.902,0.9,0.899,0.896,0.952
0.905,0.898,0.885,0.873,0.899,0.889,0.901,0.894,0.914,0.88,0.871,0.882,0.896,0.874,0.886,0.899,0.892,0.895,0.9,0.901,0.903,0.901,0.898,0.869,0.892,0.873,0.887,0.887,0.904,1.0,0.894,0.897,0.016,0.894,0.866,0.875,0.9,0.898,0.881,0.901,0.881,0.886,0.896,0.895,0.895,0.884,0.887,0.887,0.874,0.906
0.893,0.889,0.883,0.914,0.889,0.886,0.882,0.936,0.895,0.917,0.871,0.919,0.885,0.919,0.921,0.88,0.881,0.889,0.892,0.879,0.882,0.889,0.891,0.866,0.884,0.864,0.886,0.925,0.901,0.894,1.0,0.883,0.015,0.894,0.857,0.903,0.879,0.902,0.911,0.898,0.948,0.893,0.895,0.933,0.932,0.881,0.885,0.885,0.914,0.9
0.889,0.92,0.876,0.868,0.923,0.916,0.908,0.878,0.887,0.864,0.903,0.877,0.923,0.867,0.884,0.906,0.92,0.919,0.928,0.907,0.922,0.931,0.934,0.903,0.925,0.899,0.92,0.873,0.895,0.897,0.883,1.0,0.017,0.92,0.889,0.876,0.908,0.929,0.873,0.936,0.872,0.915,0.926,0.879,0.885,0.889,0.912,0.912,0.867,0.9
0.015,0.015,0.015,0.016,0.015,0.016,0.016,0.017,0.018,0.015,0.016,0.016,0.017,0.016,0.018,0.017,0.016,0.014,0.016,0.016,0.015,0.016,0.016,0.017,0.018,0.016,0.019,0.017,0.014,0.016,0.015,0.017,1.0,0.016,0.018,0.015,0.016,0.018,0.015,0.017,0.015,0.015,0.017,0.017,0.017,0.013,0.017,0.017,0.015,0.013
0.89,0.916,0.875,0.875,0.936,0.914,0.922,0.889,0.897,0.873,0.908,0.881,0.941,0.875,0.888,0.921,0.917,0.934,0.938,0.92,0.933,0.96,0.963,0.897,0.915,0.898,0.926,0.882,0.899,0.894,0.894,0.92,0.016,1.0,0.893,0.885,0.919,0.937,0.888,0.932,0.884,0.913,0.937,0.888,0.895,0.888,0.915,0.916,0.872,0.893
0.875,0.914,0.861,0.875,0.909,0.92,0.882,0.863,0.871,0.878,0.917,0.869,0.91,0.869,0.867,0.885,0.905,0.887,0.894,0.877,0.89,0.893,0.895,0.948,0.923,0.923,0.898,0.863,0.877,0.866,0.857,0.889,0.018,0.893,1.0,0.877,0.877,0.896,0.874,0.898,0.868,0.905,0.897,0.857,0.862,0.852,0.896,0.896,0.874,0.869
0.885,0.875,0.868,0.919,0.881,0.882,0.874,0.901,0.886,0.914,0.881,0.915,0.888,0.919,0.914,0.877,0.877,0.875,0.877,0.871,0.876,0.875,0.879,0.888,0.886,0.881,0.885,0.906,0.893,0.875,0.903,0.876,0.015,0.885,0.877,1.0,0.871,0.88,0.922,0.881,0.918,0.875,0.88,0.899,0.901,0.867,0.873,0.873,0.912,0.884
0.893,0.906,0.879,0.862,0.909,0.895,0.994,0.879,0.893,0.862,0.884,0.869,0.903,0.863,0.869,0.986,0.903,0.914,0.919,0.998,0.919,0.931,0.934,0.88,0.908,0.884,0.9,0.875,0.896,0.9,0.879,0.908,0.016,0.919,0.877,0.871,1.0,0.907,0.878,0.905,0.867,0.895,0.903,0.883,0.891,0.89,0.899,0.899,0.866,0.899
0.903,0.928,0.882,0.88,0.943,0.921,0.907,0.902,0.904,0.88,0.919,0.892,0.933,0.88,0.888,0.909,0.912,0.92,0.927,0.906,0.934,0.939,0.942,0.906,0.92,0.903,0.944,0.892,0.903,0.898,0.902,0.929,0.018,0.937,0.896,0.88,0.907,1.0,0.881,0.94,0.888,0.925,0.953,0.898,0.901,0.895,0.919,0.918,0.875,0.903
0.89,0.878,0.867,0.923,0.888,0.885,0.88,0.911,0.89,0.913,0.883,0.93,0.899,0.921,0.929,0.882,0.882,0.883,0.885,0.879,0.879,0.884,0.886,0.879,0.887,0.883,0.891,0.916,0.901,0.881,0.911,0.873,0.015,0.888,0.874,0.922,0.878,0.881,1.0,0.891,0.929,0.887,0.891,0.907,0.912,0.869,0.885,0.885,0.912,0.89
0.898,0.92,0.882,0.881,0.946,0.918,0.906,0.892,0.903,0.884,0.92,0.887,0.941,0.873,0.887,0.909,0.924,0.928,0.934,0.904,0.933,0.933,0.936,0.905,0.919,0.902,0.932,0.885,0.9,0.901,0.898,0.936,0.017,0.932,0.898,0.881,0.905,0.94,0.891,1.0,0.881,0.925,0.94,0.892,0.901,0.882,0.926,0.925,0.882,0.899
0.9,0.884,0.885,0.949,0.887,0.882,0.869,0.93,0.898,0.932,0.881,0.946,0.893,0.95,0.946,0.874,0.881,0.878,0.879,0.867,0.873,0.877,0.876,0.881,0.876,0.882,0.894,0.937,0.899,0.881,0.948,0.872,0.015,0.884,0.868,0.918,0.867,0.888,0.929,0.881,1.0,0.887,0.893,0.932,0.926,0.874,0.878,0.877,0.927,0.884
0.89,0.926,0.883,0.891,0.933,0.927,0.9,0.888,0.897,0.882,0.91,0.885,0.922,0.881,0.894,0.905,0.93,0.905,0.919,0.897,0.912,0.913,0.917,0.915,0.929,0.918,0.919,0.888,0.905,0.886,0.893,0.915,0.015,0.913,0.905,0.875,0.895,0.925,0.887,0.925,0.887,1.0,0.929,0.889,0.892,0.876,0.93,0.93,0.881,0.895
0.906,0.92,0.891,0.887,0.943,0.918,0.906,0.893,0.906,0.892,0.929,0.893,0.94,0.886,0.894,0.911,0.923,0.919,0.937,0.903,0.927,0.936,0.936,0.908,0.914,0.908,0.955,0.893,0.904,0.896,0.895,0.926,0.017,0.937,0.897,0.88,0.903,0.953,0.891,0.94,0.893,0.929,1.0,0.891,0.899,0.881,0.913,0.912,0.879,0.892
0.897,0.896,0.889,0.923,0.894,0.886,0.885,0.976,0.899,0.916,0.87,0.921,0.885,0.925,0.926,0.885,0.889,0.885,0.892,0.882,0.885,0.887,0.889,0.865,0.891,0.869,0.887,0.982,0.908,0.895,0.933,0.879,0.017,0.888,0.857,0.899,0.883,0.898,0.907,0.892,0.932,0.889,0.891,1.0,0.98,0.884,0.886,0.886,0.912,0.906
0.9,0.898,0.884,0.916,0.899,0.89,0.894,0.968,0.902,0.922,0.873,0.923,0.893,0.923,0.919,0.891,0.893,0.888,0.901,0.891,0.89,0.894,0.897,0.87,0.895,0.872,0.894,0.971,0.909,0.895,0.932,0.885,0.017,0.895,0.862,0.901,0.891,0.901,0.912,0.901,0.926,0.892,0.899,0.98,1.0,0.887,0.89,0.891,0.913,0.908
0.88,0.885,0.873,0.862,0.888,0.878,0.885,0.88,0.876,0.862,0.86,0.874,0.874,0.865,0.871,0.884,0.882,0.892,0.887,0.889,0.893,0.889,0.892,0.859,0.881,0.86,0.876,0.873,0.902,0.884,0.881,0.889,0.013,0.888,0.852,0.867,0.89,0.895,0.869,0.882,0.874,0.876,0.881,0.884,0.887,1.0,0.879,0.879,0.871,0.915
0.889,0.923,0.878,0.87,0.929,0.927,0.901,0.882,0.891,0.872,0.894,0.875,0.92,0.871,0.876,0.907,0.928,0.911,0.915,0.899,0.915,0.913,0.917,0.909,0.925,0.918,0.909,0.882,0.9,0.887,0.885,0.912,0.017,0.915,0.896,0.873,0.899,0.919,0.885,0.926,0.878,0.93,0.913,0.886,0.89,0.879,1.0,0.998,0.873,0.896
0.888,0.923,0.876,0.87,0.928,0.928,0.902,0.881,0.89,0.871,0.893,0.874,0.92,0.87,0.876,0.906,0.927,0.911,0.916,0.9,0.914,0.914,0.918,0.908,0.925,0.918,0.908,0.881,0.899,0.887,0.885,0.912,0.017,0.916,0.896,0.873,0.899,0.918,0.885,0.925,0.877,0.93,0.912,0.886,0.891,0.879,0.998,1.0,0.874,0.896
0.891,0.876,0.876,0.928,0.874,0.874,0.87,0.909,0.89,0.93,0.887,0.926,0.896,0.932,0.919,0.873,0.875,0.871,0.87,0.867,0.865,0.867,0.869,0.885,0.877,0.887,0.885,0.917,0.896,0.874,0.914,0.867,0.015,0.872,0.874,0.912,0.866,0.875,0.912,0.882,0.927,0.881,0.879,0.912,0.913,0.871,0.873,0.874,1.0,0.884
0.91,0.901,0.893,0.876,0.906,0.888,0.898,0.902,0.904,0.882,0.874,0.89,0.888,0.875,0.891,0.895,0.898,0.899,0.897,0.899,0.899,0.896,0.898,0.874,0.892,0.875,0.89,0.897,0.952,0.906,0.9,0.9,0.013,0.893,0.869,0.884,0.899,0.903,0.89,0.899,0.884,0.895,0.892,0.906,0.908,0.915,0.896,0.896,0.884,1.0
