GCF_000163235.1_ASM16323v1_genomic.fna,GCF_000164555.1_ASM16455v1_genomic.fna,GCF_000208545.1_ASM20854v2_genomic.fna,GCF_000233875.1_ASM23387v1_genomic.fna,GCF_000249735.1_ASM24973v2_genomic.fna,GCF_000261145.1_Esch_coli_M919_V2_genomic.fna,GCF_000267705.2_ASM26770v2_genomic.fna,GCF_000350665.1_Esch_coli_KTE5_V1_genomic.fna,GCF_000351625.1_Esch_coli_KTE66_V1_genomic.fna,GCF_000352285.1_Esch_coli_KTE46_V1_genomic.fna,GCF_000358895.1_ASM35889v1_genomic.fna,GCF_000456385.1_Esch_coli_HVH_26_4-5703913_V1_genomic.fna,GCF_000458195.1_Esch_coli_HVH_147_4-5893887_V1_genomic.fna,GCF_000459755.1_Esch_coli_KOEGE_58_171a_V1_genomic.fna,GCF_000460055.1_Esch_coli_UMEA_3053-1_V1_genomic.fna,GCF_000462165.2_ASM46216v2_genomic.fna,GCF_000601135.1_ASM60113v1_genomic.fna,GCF_000614595.1_Ec2010EL1058_genomic.fna,GCF_000617745.1_Ec2010C-4529_genomic.fna,GCF_000618265.2_EcF6751_genomic.fna,GCF_000619005.2_Ec2009C-4052_genomic.fna,GCF_000619105.1_Ec2009C-4780_genomic.fna,GCF_000619765.2_Ec2009C-3279_genomic.fna,GCF_000687005.1_ASM68700v1_genomic.fna,GCF_000687025.1_ASM68702v1_genomic.fna,GCF_000700125.1_ASM70012v1_genomic.fna,GCF_000753315.1_FHI35_genomic.fna,GCF_000776375.1_ASM77637v1_genomic.fna,GCF_000779395.1_ASM77939v1_genomic.fna,GCF_000780315.1_ASM78031v1_genomic.fna,GCF_000781995.1_ASM78199v1_genomic.fna,GCF_000986765.1_ASM98676v1_genomic.fna,GCF_001041375.1_ViralProj287958_genomic.fna,GCF_001265335.1_302014_genomic.fna,GCF_001265625.1_100854_genomic.fna,GCF_001267345.1_303289_genomic.fna,GCF_001309985.1_ASM130998v1_genomic.fna,GCF_001521695.1_ASM152169v1_genomic.fna,GCF_001592595.1_ASM159259v1_genomic.fna,GCF_001614975.1_ASM161497v1_genomic.fna,GCF_001692775.1_ASM169277v1_genomic.fna,GCF_001748915.1_ASM174891v1_genomic.fna,GCF_001749235.1_ASM174923v1_genomic.fna,GCF_001881155.1_ASM188115v1_genomic.fna,GCF_001881345.1_ASM188134v1_genomic.fna,GCF_001892405.1_ASM189240v1_genomic.fna,GCF_001892585.1_ASM189258v1_genomic.fna,GCF_001893985.1_ASM189398v1_genomic.fna,GCF_002001595.1_ASM200159v1_genomic.fna,GCF_002002145.1_ASM200214v1_genomic.fna
1.0,0.917,0.901,0.905,0.904,0.915,0.916,0.903,0.917,0.893,0.875,0.904,0.886,0.901,0.902,0.918,0.899,0.9,0.898,0.913,0.906,0.902,0.905,0.9,0.905,0.891,0.901,0.899,0.91,0.915,0.902,0.905,0.016,0.909,0.873,0.892,0.915,0.912,0.906,0.898,0.9,0.911,0.909,0.905,0.907,0.903,0.914,0.915,0.891,0.915
0.917,1.0,0.886,0.895,0.916,0.935,0.916,0.894,0.895,0.887,0.885,0.892,0.902,0.89,0.889,0.914,0.925,0.912,0.911,0.91,0.92,0.909,0.923,0.938,0.939,0.918,0.909,0.889,0.899,0.899,0.887,0.923,0.017,0.925,0.903,0.882,0.913,0.932,0.89,0.911,0.89,0.929,0.93,0.891,0.896,0.896,0.922,0.923,0.883,0.9
0.901,0.886,1.0,0.88,0.89,0.891,0.893,0.886,0.893,0.873,0.859,0.877,0.865,0.878,0.877,0.898,0.88,0.88,0.882,0.892,0.878,0.878,0.884,0.879,0.887,0.878,0.875,0.884,0.895,0.901,0.875,0.881,0.016,0.887,0.854,0.881,0.893,0.884,0.88,0.883,0.879,0.895,0.89,0.881,0.877,0.877,0.898,0.899,0.876,0.898
0.905,0.895,0.88,1.0,0.887,0.889,0.896,0.941,0.897,0.936,0.867,0.937,0.872,0.959,0.952,0.897,0.88,0.882,0.891,0.893,0.889,0.887,0.893,0.879,0.892,0.881,0.887,0.949,0.895,0.909,0.939,0.89,0.016,0.889,0.858,0.92,0.895,0.89,0.935,0.884,0.954,0.89,0.892,0.946,0.949,0.889,0.892,0.893,0.93,0.908
0.904,0.916,0.89,0.887,1.0,0.919,0.899,0.889,0.896,0.888,0.93,0.877,0.927,0.885,0.882,0.904,0.928,0.928,0.922,0.897,0.927,0.928,0.937,0.917,0.918,0.915,0.929,0.884,0.91,0.902,0.878,0.929,0.016,0.931,0.891,0.89,0.898,0.932,0.89,0.941,0.887,0.93,0.934,0.878,0.883,0.887,0.929,0.929,0.889,0.903
0.915,0.935,0.891,0.889,0.919,1.0,0.915,0.895,0.897,0.883,0.89,0.883,0.911,0.888,0.888,0.92,0.93,0.922,0.913,0.912,0.922,0.92,0.928,0.936,0.945,0.919,0.912,0.888,0.908,0.904,0.882,0.92,0.017,0.931,0.914,0.884,0.913,0.931,0.893,0.922,0.887,0.936,0.932,0.886,0.884,0.892,0.939,0.94,0.878,0.911
0.916,0.916,0.893,0.896,0.899,0.915,1.0,0.902,0.914,0.887,0.878,0.895,0.892,0.894,0.893,0.984,0.899,0.916,0.914,0.991,0.924,0.914,0.92,0.903,0.908,0.899,0.902,0.895,0.903,0.908,0.898,0.913,0.017,0.913,0.875,0.892,0.997,0.905,0.9,0.899,0.888,0.905,0.912,0.9,0.901,0.904,0.91,0.911,0.888,0.915
0.903,0.894,0.886,0.941,0.889,0.895,0.902,1.0,0.895,0.932,0.869,0.929,0.876,0.944,0.933,0.904,0.883,0.89,0.891,0.9,0.894,0.889,0.899,0.885,0.885,0.876,0.883,0.977,0.898,0.901,0.928,0.893,0.017,0.896,0.861,0.918,0.901,0.896,0.936,0.89,0.936,0.889,0.894,0.97,0.969,0.89,0.894,0.895,0.927,0.906
0.917,0.895,0.893,0.897,0.896,0.897,0.914,0.895,1.0,0.894,0.881,0.886,0.89,0.895,0.894,0.915,0.899,0.911,0.903,0.911,0.898,0.907,0.909,0.893,0.897,0.902,0.904,0.888,0.911,0.925,0.885,0.894,0.016,0.898,0.869,0.894,0.912,0.897,0.895,0.901,0.895,0.903,0.902,0.886,0.883,0.88,0.912,0.912,0.9,0.91
0.893,0.887,0.873,0.936,0.888,0.883,0.887,0.932,0.894,1.0,0.875,0.925,0.887,0.935,0.924,0.889,0.889,0.893,0.894,0.887,0.881,0.897,0.894,0.886,0.887,0.879,0.888,0.934,0.898,0.897,0.932,0.879,0.017,0.884,0.858,0.926,0.887,0.882,0.933,0.891,0.951,0.888,0.886,0.929,0.934,0.879,0.887,0.887,0.937,0.894
0.875,0.885,0.859,0.867,0.93,0.89,0.878,0.869,0.881,0.875,1.0,0.854,0.943,0.864,0.862,0.88,0.908,0.915,0.907,0.873,0.905,0.914,0.911,0.916,0.892,0.918,0.916,0.863,0.881,0.88,0.853,0.897,0.016,0.902,0.907,0.868,0.876,0.909,0.867,0.928,0.865,0.901,0.909,0.857,0.864,0.858,0.895,0.895,0.87,0.88
0.904,0.892,0.877,0.937,0.877,0.883,0.895,0.929,0.886,0.925,0.854,1.0,0.863,0.932,0.951,0.892,0.871,0.871,0.878,0.899,0.879,0.876,0.883,0.871,0.88,0.863,0.873,0.933,0.894,0.896,0.932,0.891,0.016,0.881,0.843,0.907,0.897,0.883,0.92,0.877,0.935,0.881,0.882,0.937,0.939,0.899,0.885,0.886,0.916,0.9
0.886,0.902,0.865,0.872,0.927,0.911,0.892,0.876,0.89,0.887,0.943,0.863,1.0,0.873,0.872,0.894,0.923,0.936,0.934,0.89,0.926,0.938,0.935,0.927,0.913,0.927,0.937,0.869,0.896,0.896,0.863,0.915,0.016,0.931,0.914,0.88,0.891,0.926,0.874,0.943,0.872,0.916,0.932,0.866,0.871,0.869,0.908,0.908,0.874,0.893
0.901,0.89,0.878,0.959,0.885,0.888,0.894,0.944,0.895,0.935,0.864,0.932,0.873,1.0,0.95,0.897,0.88,0.881,0.887,0.891,0.887,0.888,0.891,0.88,0.887,0.874,0.887,0.953,0.902,0.902,0.94,0.887,0.016,0.89,0.856,0.915,0.893,0.888,0.93,0.885,0.949,0.886,0.889,0.948,0.946,0.888,0.892,0.893,0.931,0.91
0.902,0.889,0.877,0.952,0.882,0.888,0.893,0.933,0.894,0.924,0.862,0.951,0.872,0.95,1.0,0.895,0.88,0.877,0.886,0.89,0.883,0.884,0.892,0.875,0.883,0.87,0.879,0.94,0.896,0.9,0.934,0.888,0.016,0.886,0.852,0.909,0.891,0.888,0.924,0.885,0.938,0.886,0.888,0.94,0.938,0.883,0.892,0.893,0.928,0.907
0.918,0.914,0.898,0.897,0.904,0.92,0.984,0.904,0.915,0.889,0.88,0.892,0.894,0.897,0.895,1.0,0.9,0.915,0.914,0.982,0.924,0.913,0.918,0.904,0.91,0.899,0.905,0.898,0.906,0.91,0.893,0.904,0.017,0.915,0.877,0.899,0.984,0.904,0.903,0.902,0.891,0.905,0.911,0.899,0.899,0.899,0.91,0.911,0.892,0.916
0.899,0.925,0.88,0.88,0.928,0.93,0.899,0.883,0.899,0.889,0.908,0.871,0.923,0.88,0.88,0.9,1.0,0.934,0.925,0.899,0.922,0.934,0.936,0.944,0.933,0.935,0.923,0.879,0.901,0.897,0.865,0.923,0.016,0.925,0.91,0.884,0.897,0.919,0.879,0.927,0.881,0.932,0.925,0.875,0.879,0.879,0.933,0.933,0.876,0.891
0.9,0.912,0.88,0.882,0.928,0.922,0.916,0.89,0.911,0.893,0.915,0.871,0.936,0.881,0.877,0.915,0.934,1.0,0.958,0.911,0.943,0.947,0.949,0.927,0.922,0.92,0.938,0.882,0.905,0.904,0.875,0.926,0.017,0.935,0.898,0.891,0.914,0.924,0.892,0.939,0.88,0.926,0.934,0.881,0.885,0.888,0.921,0.921,0.887,0.904
0.898,0.911,0.882,0.891,0.922,0.913,0.914,0.891,0.903,0.894,0.907,0.878,0.934,0.887,0.886,0.914,0.925,0.958,1.0,0.913,0.944,0.954,0.953,0.917,0.917,0.92,0.935,0.889,0.899,0.904,0.882,0.925,0.017,0.932,0.898,0.892,0.913,0.924,0.891,0.937,0.888,0.925,0.929,0.886,0.887,0.888,0.916,0.916,0.889,0.902
0.913,0.91,0.892,0.893,0.897,0.912,0.991,0.9,0.911,0.887,0.873,0.899,0.89,0.891,0.89,0.982,0.899,0.911,0.913,1.0,0.92,0.913,0.917,0.899,0.906,0.896,0.898,0.891,0.901,0.907,0.898,0.912,0.017,0.911,0.872,0.894,0.994,0.903,0.899,0.897,0.888,0.903,0.909,0.896,0.896,0.907,0.906,0.907,0.885,0.911
0.906,0.92,0.878,0.889,0.927,0.922,0.924,0.894,0.898,0.881,0.905,0.879,0.926,0.887,0.883,0.924,0.922,0.943,0.944,0.92,1.0,0.944,0.953,0.916,0.918,0.91,0.927,0.89,0.891,0.902,0.879,0.93,0.015,0.946,0.895,0.889,0.923,0.929,0.895,0.936,0.884,0.929,0.934,0.888,0.892,0.898,0.92,0.921,0.882,0.907
0.902,0.909,0.878,0.887,0.928,0.92,0.914,0.889,0.907,0.897,0.914,0.876,0.938,0.888,0.884,0.913,0.934,0.947,0.954,0.913,0.944,1.0,0.976,0.92,0.923,0.917,0.94,0.882,0.905,0.903,0.878,0.924,0.016,0.954,0.898,0.892,0.913,0.929,0.892,0.945,0.885,0.919,0.938,0.879,0.882,0.898,0.919,0.919,0.889,0.903
0.905,0.923,0.884,0.893,0.937,0.928,0.92,0.899,0.909,0.894,0.911,0.883,0.935,0.891,0.892,0.918,0.936,0.949,0.953,0.917,0.953,0.976,1.0,0.927,0.926,0.919,0.94,0.891,0.91,0.907,0.88,0.934,0.017,0.955,0.902,0.892,0.918,0.938,0.898,0.944,0.887,0.931,0.943,0.886,0.891,0.898,0.927,0.927,0.89,0.907
0.9,0.938,0.879,0.879,0.917,0.936,0.903,0.885,0.893,0.886,0.916,0.871,0.927,0.88,0.875,0.904,0.944,0.927,0.917,0.899,0.916,0.92,0.927,1.0,0.943,0.941,0.924,0.881,0.899,0.897,0.866,0.909,0.017,0.917,0.941,0.878,0.901,0.921,0.876,0.922,0.877,0.933,0.926,0.876,0.88,0.875,0.923,0.923,0.88,0.896
0.905,0.939,0.887,0.892,0.918,0.945,0.908,0.885,0.897,0.887,0.892,0.88,0.913,0.887,0.883,0.91,0.933,0.922,0.917,0.906,0.918,0.923,0.926,0.943,1.0,0.932,0.917,0.885,0.907,0.905,0.877,0.915,0.017,0.925,0.92,0.886,0.907,0.924,0.884,0.919,0.889,0.933,0.926,0.883,0.881,0.884,0.922,0.922,0.884,0.901
0.891,0.918,0.878,0.881,0.915,0.919,0.899,0.876,0.902,0.879,0.918,0.863,0.927,0.874,0.87,0.899,0.935,0.92,0.92,0.896,0.91,0.917,0.919,0.941,0.932,1.0,0.918,0.875,0.891,0.899,0.866,0.904,0.014,0.912,0.921,0.877,0.898,0.912,0.874,0.921,0.875,0.925,0.915,0.873,0.869,0.873,0.917,0.917,0.881,0.893
0.901,0.909,0.875,0.887,0.929,0.912,0.902,0.883,0.904,0.888,0.916,0.873,0.937,0.887,0.879,0.905,0.923,0.938,0.935,0.898,0.927,0.94,0.94,0.924,0.917,0.918,1.0,0.881,0.9,0.893,0.878,0.923,0.017,0.933,0.9,0.887,0.901,0.94,0.886,0.935,0.886,0.925,0.948,0.877,0.882,0.881,0.915,0.915,0.883,0.899
0.899,0.889,0.884,0.949,0.884,0.888,0.895,0.977,0.888,0.934,0.863,0.933,0.869,0.953,0.94,0.898,0.879,0.882,0.889,0.891,0.89,0.882,0.891,0.881,0.885,0.875,0.881,1.0,0.894,0.898,0.926,0.888,0.016,0.886,0.856,0.922,0.894,0.89,0.932,0.885,0.943,0.886,0.887,0.988,0.983,0.888,0.89,0.891,0.938,0.906
0.91,0.899,0.895,0.895,0.91,0.908,0.903,0.898,0.911,0.898,0.881,0.894,0.896,0.902,0.896,0.906,0.901,0.905,0.899,0.901,0.891,0.905,0.91,0.899,0.907,0.891,0.9,0.894,1.0,0.905,0.892,0.894,0.016,0.899,0.872,0.891,0.902,0.898,0.889,0.905,0.896,0.905,0.903,0.89,0.89,0.9,0.91,0.91,0.899,0.946
0.915,0.899,0.901,0.909,0.902,0.904,0.908,0.901,0.925,0.897,0.88,0.896,0.896,0.902,0.9,0.91,0.897,0.904,0.904,0.907,0.902,0.903,0.907,0.897,0.905,0.899,0.893,0.898,0.905,1.0,0.89,0.894,0.017,0.902,0.871,0.896,0.907,0.902,0.895,0.901,0.901,0.911,0.904,0.896,0.892,0.892,0.905,0.905,0.898,0.913
0.902,0.887,0.875,0.939,0.878,0.882,0.898,0.928,0.885,0.932,0.853,0.932,0.863,0.94,0.934,0.893,0.865,0.875,0.882,0.898,0.879,0.878,0.88,0.866,0.877,0.866,0.878,0.926,0.892,0.89,1.0,0.89,0.016,0.884,0.847,0.914,0.9,0.877,0.924,0.882,0.956,0.879,0.884,0.927,0.931,0.895,0.884,0.885,0.923,0.901
0.905,0.923,0.881,0.89,0.929,0.92,0.913,0.893,0.894,0.879,0.897,0.891,0.915,0.887,0.888,0.904,0.923,0.926,0.925,0.912,0.93,0.924,0.934,0.909,0.915,0.904,0.923,0.888,0.894,0.894,0.89,1.0,0.016,0.935,0.881,0.884,0.912,0.935,0.894,0.933,0.886,0.929,0.939,0.891,0.895,0.896,0.927,0.928,0.878,0.894
0.016,0.017,0.016,0.016,0.016,0.017,0.017,0.017,0.016,0.017,0.016,0.016,0.016,0.016,0.016,0.017,0.016,0.017,0.017,0.017,0.015,0.016,0.017,0.017,0.017,0.014,0.017,0.016,0.016,0.017,0.016,0.016,1.0,0.016,0.017,0.016,0.017,0.017,0.014,0.017,0.017,0.017,0.017,0.016,0.016,0.016,0.017,0.017,0.015,0.016
0.909,0.925,0.887,0.889,0.931,0.931,0.913,0.896,0.898,0.884,0.902,0.881,0.931,0.89,0.886,0.915,0.925,0.935,0.932,0.911,0.946,0.954,0.955,0.917,0.925,0.912,0.933,0.886,0.899,0.902,0.884,0.935,0.016,1.0,0.9,0.893,0.912,0.941,0.897,0.938,0.888,0.929,0.947,0.881,0.886,0.892,0.925,0.926,0.881,0.909
0.873,0.903,0.854,0.858,0.891,0.914,0.875,0.861,0.869,0.858,0.907,0.843,0.914,0.856,0.852,0.877,0.91,0.898,0.898,0.872,0.895,0.898,0.902,0.941,0.92,0.921,0.9,0.856,0.872,0.871,0.847,0.881,0.017,0.9,1.0,0.857,0.874,0.894,0.856,0.897,0.854,0.904,0.899,0.848,0.85,0.851,0.898,0.898,0.852,0.869
0.892,0.882,0.881,0.92,0.89,0.884,0.892,0.918,0.894,0.926,0.868,0.907,0.88,0.915,0.909,0.899,0.884,0.891,0.892,0.894,0.889,0.892,0.892,0.878,0.886,0.877,0.887,0.922,0.891,0.896,0.914,0.884,0.016,0.893,0.857,1.0,0.893,0.886,0.929,0.898,0.927,0.894,0.894,0.917,0.919,0.878,0.891,0.891,0.922,0.896
0.915,0.913,0.893,0.895,0.898,0.913,0.997,0.901,0.912,0.887,0.876,0.897,0.891,0.893,0.891,0.984,0.897,0.914,0.913,0.994,0.923,0.913,0.918,0.901,0.907,0.898,0.901,0.894,0.902,0.907,0.9,0.912,0.017,0.912,0.874,0.893,1.0,0.903,0.9,0.898,0.888,0.905,0.911,0.899,0.899,0.905,0.909,0.91,0.888,0.914
0.912,0.932,0.884,0.89,0.932,0.931,0.905,0.896,0.897,0.882,0.909,0.883,0.926,0.888,0.888,0.904,0.919,0.924,0.924,0.903,0.929,0.929,0.938,0.921,0.924,0.912,0.94,0.89,0.898,0.902,0.877,0.935,0.017,0.941,0.894,0.886,0.903,1.0,0.892,0.939,0.887,0.938,0.963,0.885,0.887,0.892,0.929,0.93,0.882,0.902
0.906,0.89,0.88,0.935,0.89,0.893,0.9,0.936,0.895,0.933,0.867,0.92,0.874,0.93,0.924,0.903,0.879,0.892,0.891,0.899,0.895,0.892,0.898,0.876,0.884,0.874,0.886,0.932,0.889,0.895,0.924,0.894,0.014,0.897,0.856,0.929,0.9,0.892,1.0,0.888,0.935,0.891,0.895,0.932,0.934,0.891,0.898,0.899,0.929,0.899
0.898,0.911,0.883,0.884,0.941,0.922,0.899,0.89,0.901,0.891,0.928,0.877,0.943,0.885,0.885,0.902,0.927,0.939,0.937,0.897,0.936,0.945,0.944,0.922,0.919,0.921,0.935,0.885,0.905,0.901,0.882,0.933,0.017,0.938,0.897,0.898,0.898,0.939,0.888,1.0,0.886,0.927,0.942,0.878,0.885,0.889,0.924,0.924,0.893,0.906
0.9,0.89,0.879,0.954,0.887,0.887,0.888,0.936,0.895,0.951,0.865,0.935,0.872,0.949,0.938,0.891,0.881,0.88,0.888,0.888,0.884,0.885,0.887,0.877,0.889,0.875,0.886,0.943,0.896,0.901,0.956,0.886,0.017,0.888,0.854,0.927,0.888,0.887,0.935,0.886,1.0,0.891,0.89,0.938,0.941,0.888,0.892,0.893,0.93,0.904
0.911,0.929,0.895,0.89,0.93,0.936,0.905,0.889,0.903,0.888,0.901,0.881,0.916,0.886,0.886,0.905,0.932,0.926,0.925,0.903,0.929,0.919,0.931,0.933,0.933,0.925,0.925,0.886,0.905,0.911,0.879,0.929,0.017,0.929,0.904,0.894,0.905,0.938,0.891,0.927,0.891,1.0,0.94,0.884,0.885,0.878,0.946,0.945,0.881,0.907
0.909,0.93,0.89,0.892,0.934,0.932,0.912,0.894,0.902,0.886,0.909,0.882,0.932,0.889,0.888,0.911,0.925,0.934,0.929,0.909,0.934,0.938,0.943,0.926,0.926,0.915,0.948,0.887,0.903,0.904,0.884,0.939,0.017,0.947,0.899,0.894,0.911,0.963,0.895,0.942,0.89,0.94,1.0,0.884,0.889,0.896,0.935,0.935,0.881,0.906
0.905,0.891,0.881,0.946,0.878,0.886,0.9,0.97,0.886,0.929,0.857,0.937,0.866,0.948,0.94,0.899,0.875,0.881,0.886,0.896,0.888,0.879,0.886,0.876,0.883,0.873,0.877,0.988,0.89,0.896,0.927,0.891,0.016,0.881,0.848,0.917,0.899,0.885,0.932,0.878,0.938,0.884,0.884,1.0,0.986,0.89,0.888,0.889,0.935,0.9
0.907,0.896,0.877,0.949,0.883,0.884,0.901,0.969,0.883,0.934,0.864,0.939,0.871,0.946,0.938,0.899,0.879,0.885,0.887,0.896,0.892,0.882,0.891,0.88,0.881,0.869,0.882,0.983,0.89,0.892,0.931,0.895,0.016,0.886,0.85,0.919,0.899,0.887,0.934,0.885,0.941,0.885,0.889,0.986,1.0,0.893,0.89,0.891,0.932,0.901
0.903,0.896,0.877,0.889,0.887,0.892,0.904,0.89,0.88,0.879,0.858,0.899,0.869,0.888,0.883,0.899,0.879,0.888,0.888,0.907,0.898,0.898,0.898,0.875,0.884,0.873,0.881,0.888,0.9,0.892,0.895,0.896,0.016,0.892,0.851,0.878,0.905,0.892,0.891,0.889,0.888,0.878,0.896,0.89,0.893,1.0,0.891,0.892,0.882,0.917
0.914,0.922,0.898,0.892,0.929,0.939,0.91,0.894,0.912,0.887,0.895,0.885,0.908,0.892,0.892,0.91,0.933,0.921,0.916,0.906,0.92,0.919,0.927,0.923,0.922,0.917,0.915,0.89,0.91,0.905,0.884,0.927,0.017,0.925,0.898,0.891,0.909,0.929,0.898,0.924,0.892,0.946,0.935,0.888,0.89,0.891,1.0,0.999,0.888,0.907
0.915,0.923,0.899,0.893,0.929,0.94,0.911,0.895,0.912,0.887,0.895,0.886,0.908,0.893,0.893,0.911,0.933,0.921,0.916,0.907,0.921,0.919,0.927,0.923,0.922,0.917,0.915,0.891,0.91,0.905,0.885,0.928,0.017,0.926,0.898,0.891,0.91,0.93,0.899,0.924,0.893,0.945,0.935,0.889,0.891,0.892,0.999,1.0,0.888,0.908
0.891,0.883,0.876,0.93,0.889,0.878,0.888,0.927,0.9,0.937,0.87,0.916,0.874,0.931,0.928,0.892,0.876,0.887,0.889,0.885,0.882,0.889,0.89,0.88,0.884,0.881,0.883,0.938,0.899,0.898,0.923,0.878,0.015,0.881,0.852,0.922,0.888,0.882,0.929,0.893,0.93,0.881,0.881,0.935,0.932,0.882,0.888,0.888,1.0,0.9
0.915,0.9,0.898,0.908,0.903,0.911,0.915,0.906,0.91,0.894,0.88,0.9,0.893,0.91,0.907,0.916,0.891,0.904,0.902,0.911,0.907,0.903,0.907,0.896,0.901,0.893,0.899,0.906,0.946,0.913,0.901,0.894,0.016,0.909,0.869,0.896,0.914,0.902,0.899,0.906,0.904,0.907,0.906,0.9,0.901,0.917,0.907,0.908,0.9,1.0
