GCF_000163235.1_ASM16323v1_genomic.fna,GCF_000164555.1_ASM16455v1_genomic.fna,GCF_000208545.1_ASM20854v2_genomic.fna,GCF_000233875.1_ASM23387v1_genomic.fna,GCF_000249735.1_ASM24973v2_genomic.fna,GCF_000261145.1_Esch_coli_M919_V2_genomic.fna,GCF_000267705.2_ASM26770v2_genomic.fna,GCF_000350665.1_Esch_coli_KTE5_V1_genomic.fna,GCF_000351625.1_Esch_coli_KTE66_V1_genomic.fna,GCF_000352285.1_Esch_coli_KTE46_V1_genomic.fna,GCF_000358895.1_ASM35889v1_genomic.fna,GCF_000456385.1_Esch_coli_HVH_26_4-5703913_V1_genomic.fna,GCF_000458195.1_Esch_coli_HVH_147_4-5893887_V1_genomic.fna,GCF_000459755.1_Esch_coli_KOEGE_58_171a_V1_genomic.fna,GCF_000460055.1_Esch_coli_UMEA_3053-1_V1_genomic.fna,GCF_000462165.2_ASM46216v2_genomic.fna,GCF_000601135.1_ASM60113v1_genomic.fna,GCF_000614595.1_Ec2010EL1058_genomic.fna,GCF_000617745.1_Ec2010C-4529_genomic.fna,GCF_000618265.2_EcF6751_genomic.fna,GCF_000619005.2_Ec2009C-4052_genomic.fna,GCF_000619105.1_Ec2009C-4780_genomic.fna,GCF_000619765.2_Ec2009C-3279_genomic.fna,GCF_000687005.1_ASM68700v1_genomic.fna,GCF_000687025.1_ASM68702v1_genomic.fna,GCF_000700125.1_ASM70012v1_genomic.fna,GCF_000753315.1_FHI35_genomic.fna,GCF_000776375.1_ASM77637v1_genomic.fna,GCF_000779395.1_ASM77939v1_genomic.fna,GCF_000780315.1_ASM78031v1_genomic.fna,GCF_000781995.1_ASM78199v1_genomic.fna,GCF_000986765.1_ASM98676v1_genomic.fna,GCF_001041375.1_ViralProj287958_genomic.fna,GCF_001265335.1_302014_genomic.fna,GCF_001265625.1_100854_genomic.fna,GCF_001267345.1_303289_genomic.fna,GCF_001309985.1_ASM130998v1_genomic.fna,GCF_001521695.1_ASM152169v1_genomic.fna,GCF_001592595.1_ASM159259v1_genomic.fna,GCF_001614975.1_ASM161497v1_genomic.fna,GCF_001692775.1_ASM169277v1_genomic.fna,GCF_001748915.1_ASM174891v1_genomic.fna,GCF_001749235.1_ASM174923v1_genomic.fna,GCF_001881155.1_ASM188115v1_genomic.fna,GCF_001881345.1_ASM188134v1_genomic.fna,GCF_001892405.1_ASM189240v1_genomic.fna,GCF_001892585.1_ASM189258v1_genomic.fna,GCF_001893985.1_ASM189398v1_genomic.fna,GCF_002001595.1_ASM200159v1_genomic.fna,GCF_002002145.1_ASM200214v1_genomic.fna
1.0,0.573,0.502,0.527,0.565,0.565,0.543,0.533,0.641,0.514,0.551,0.54,0.551,0.507,0.519,0.551,0.569,0.555,0.56,0.54,0.552,0.55,0.549,0.576,0.554,0.554,0.554,0.528,0.591,0.641,0.499,0.538,0.0,0.548,0.531,0.524,0.542,0.569,0.508,0.567,0.512,0.558,0.564,0.529,0.539,0.514,0.548,0.548,0.5,0.589
0.573,1.0,0.477,0.531,0.684,0.804,0.577,0.549,0.538,0.531,0.645,0.542,0.655,0.51,0.527,0.59,0.735,0.662,0.668,0.572,0.662,0.651,0.661,0.806,0.816,0.738,0.66,0.539,0.56,0.55,0.509,0.682,0.0,0.656,0.756,0.51,0.573,0.682,0.507,0.666,0.518,0.713,0.669,0.561,0.557,0.489,0.72,0.722,0.53,0.553
0.502,0.477,1.0,0.439,0.452,0.456,0.442,0.451,0.474,0.436,0.451,0.443,0.448,0.433,0.447,0.453,0.459,0.448,0.457,0.44,0.452,0.435,0.449,0.459,0.451,0.458,0.452,0.438,0.475,0.494,0.425,0.449,0.0,0.447,0.421,0.446,0.441,0.45,0.431,0.444,0.437,0.465,0.462,0.452,0.442,0.417,0.468,0.468,0.444,0.476
0.527,0.531,0.439,1.0,0.515,0.535,0.487,0.76,0.524,0.78,0.495,0.774,0.49,0.812,0.802,0.491,0.52,0.505,0.505,0.484,0.482,0.495,0.498,0.524,0.527,0.508,0.494,0.795,0.573,0.52,0.76,0.506,0.0,0.483,0.486,0.696,0.484,0.511,0.715,0.491,0.78,0.509,0.496,0.776,0.776,0.499,0.498,0.499,0.731,0.568
0.565,0.684,0.452,0.515,1.0,0.72,0.582,0.516,0.557,0.514,0.796,0.519,0.751,0.505,0.509,0.59,0.707,0.72,0.73,0.576,0.723,0.726,0.714,0.706,0.704,0.691,0.733,0.525,0.548,0.567,0.49,0.731,0.0,0.721,0.668,0.508,0.579,0.758,0.496,0.751,0.504,0.691,0.761,0.515,0.518,0.48,0.711,0.714,0.51,0.531
0.565,0.804,0.456,0.535,0.72,1.0,0.589,0.524,0.554,0.515,0.674,0.524,0.682,0.517,0.521,0.597,0.759,0.696,0.698,0.585,0.658,0.682,0.684,0.834,0.842,0.746,0.677,0.532,0.562,0.559,0.49,0.692,0.0,0.676,0.795,0.512,0.586,0.702,0.516,0.682,0.503,0.731,0.701,0.524,0.523,0.47,0.733,0.735,0.515,0.548
0.543,0.577,0.442,0.487,0.582,0.589,1.0,0.5,0.513,0.471,0.567,0.497,0.567,0.468,0.493,0.953,0.589,0.619,0.62,0.986,0.617,0.617,0.647,0.587,0.574,0.586,0.582,0.488,0.518,0.526,0.473,0.593,0.0,0.601,0.566,0.5,0.992,0.573,0.492,0.568,0.478,0.585,0.584,0.497,0.501,0.462,0.576,0.577,0.464,0.532
0.533,0.549,0.451,0.76,0.516,0.524,0.5,1.0,0.521,0.75,0.491,0.763,0.491,0.765,0.757,0.503,0.524,0.5,0.512,0.496,0.49,0.489,0.499,0.534,0.516,0.511,0.488,0.911,0.586,0.523,0.745,0.513,0.0,0.489,0.49,0.685,0.497,0.523,0.734,0.501,0.76,0.514,0.498,0.916,0.909,0.507,0.513,0.515,0.705,0.568
0.641,0.538,0.474,0.524,0.557,0.554,0.513,0.521,1.0,0.524,0.552,0.516,0.555,0.511,0.515,0.523,0.562,0.553,0.549,0.511,0.53,0.533,0.527,0.566,0.551,0.54,0.564,0.533,0.57,0.658,0.493,0.534,0.0,0.528,0.523,0.516,0.512,0.56,0.504,0.563,0.503,0.552,0.573,0.518,0.516,0.49,0.535,0.536,0.508,0.571
0.514,0.531,0.436,0.78,0.514,0.515,0.471,0.75,0.524,1.0,0.528,0.751,0.512,0.775,0.757,0.48,0.505,0.503,0.495,0.469,0.476,0.485,0.477,0.526,0.515,0.512,0.499,0.78,0.559,0.52,0.769,0.479,0.0,0.473,0.495,0.692,0.469,0.505,0.718,0.496,0.778,0.499,0.492,0.754,0.763,0.481,0.491,0.492,0.741,0.552
0.551,0.645,0.451,0.495,0.796,0.674,0.567,0.491,0.552,0.528,1.0,0.489,0.762,0.486,0.482,0.576,0.66,0.721,0.711,0.562,0.701,0.713,0.696,0.693,0.671,0.679,0.732,0.507,0.515,0.563,0.47,0.697,0.0,0.691,0.699,0.505,0.564,0.733,0.485,0.746,0.478,0.67,0.734,0.493,0.494,0.457,0.656,0.657,0.504,0.519
0.54,0.542,0.443,0.774,0.519,0.524,0.497,0.763,0.516,0.751,0.489,1.0,0.489,0.776,0.884,0.505,0.519,0.492,0.507,0.493,0.487,0.496,0.497,0.521,0.516,0.511,0.487,0.764,0.582,0.521,0.729,0.512,0.0,0.49,0.48,0.695,0.494,0.509,0.728,0.492,0.751,0.508,0.499,0.764,0.769,0.505,0.503,0.505,0.711,0.575
0.551,0.655,0.448,0.49,0.751,0.682,0.567,0.491,0.555,0.512,0.762,0.489,1.0,0.476,0.483,0.577,0.671,0.753,0.76,0.562,0.745,0.794,0.778,0.703,0.678,0.675,0.781,0.503,0.531,0.563,0.463,0.727,0.0,0.771,0.675,0.488,0.564,0.767,0.472,0.783,0.468,0.686,0.776,0.486,0.484,0.456,0.661,0.662,0.495,0.53
0.507,0.51,0.433,0.812,0.505,0.517,0.468,0.765,0.511,0.775,0.486,0.776,0.476,1.0,0.804,0.477,0.507,0.496,0.491,0.465,0.468,0.486,0.48,0.504,0.504,0.495,0.479,0.792,0.571,0.507,0.758,0.491,0.0,0.465,0.469,0.693,0.465,0.494,0.721,0.479,0.776,0.497,0.481,0.776,0.778,0.485,0.494,0.495,0.726,0.563
0.519,0.527,0.447,0.802,0.509,0.521,0.493,0.757,0.515,0.757,0.482,0.884,0.483,0.804,1.0,0.499,0.516,0.489,0.492,0.491,0.484,0.491,0.501,0.508,0.509,0.502,0.484,0.761,0.584,0.516,0.765,0.503,0.0,0.48,0.474,0.694,0.492,0.502,0.746,0.488,0.781,0.498,0.493,0.764,0.765,0.507,0.514,0.515,0.721,0.591
0.551,0.59,0.453,0.491,0.59,0.597,0.953,0.503,0.523,0.48,0.576,0.505,0.577,0.477,0.499,1.0,0.593,0.618,0.625,0.949,0.613,0.619,0.641,0.593,0.582,0.59,0.583,0.494,0.526,0.536,0.475,0.586,0.0,0.605,0.572,0.503,0.953,0.581,0.494,0.574,0.485,0.598,0.591,0.5,0.502,0.46,0.582,0.583,0.473,0.534
0.569,0.735,0.459,0.52,0.707,0.759,0.589,0.524,0.562,0.505,0.66,0.519,0.671,0.507,0.516,0.593,1.0,0.68,0.68,0.584,0.663,0.685,0.675,0.779,0.763,0.782,0.675,0.528,0.545,0.558,0.483,0.701,0.0,0.679,0.716,0.516,0.585,0.679,0.503,0.681,0.492,0.721,0.685,0.527,0.53,0.466,0.717,0.719,0.5,0.537
0.555,0.662,0.448,0.505,0.72,0.696,0.619,0.5,0.553,0.503,0.721,0.492,0.753,0.496,0.489,0.618,0.68,1.0,0.793,0.616,0.754,0.773,0.757,0.704,0.684,0.682,0.747,0.512,0.53,0.559,0.475,0.717,0.0,0.723,0.674,0.521,0.614,0.732,0.488,0.747,0.483,0.677,0.743,0.5,0.501,0.465,0.662,0.663,0.493,0.527
0.56,0.668,0.457,0.505,0.73,0.698,0.62,0.512,0.549,0.495,0.711,0.507,0.76,0.491,0.492,0.625,0.68,0.793,1.0,0.617,0.769,0.781,0.763,0.69,0.678,0.671,0.751,0.507,0.538,0.556,0.475,0.747,0.0,0.746,0.666,0.519,0.617,0.751,0.491,0.751,0.484,0.699,0.76,0.506,0.507,0.469,0.679,0.681,0.492,0.538
0.54,0.572,0.44,0.484,0.576,0.585,0.986,0.496,0.511,0.469,0.562,0.493,0.562,0.465,0.491,0.949,0.584,0.616,0.617,1.0,0.613,0.615,0.642,0.583,0.571,0.579,0.578,0.484,0.515,0.523,0.471,0.588,0.0,0.595,0.561,0.496,0.989,0.569,0.489,0.564,0.476,0.581,0.58,0.493,0.495,0.462,0.571,0.572,0.461,0.528
0.552,0.662,0.452,0.482,0.723,0.658,0.617,0.49,0.53,0.476,0.701,0.487,0.745,0.468,0.484,0.613,0.663,0.754,0.769,0.613,1.0,0.764,0.777,0.662,0.645,0.658,0.736,0.486,0.527,0.536,0.467,0.735,0.0,0.761,0.635,0.503,0.615,0.736,0.489,0.741,0.478,0.663,0.752,0.492,0.494,0.47,0.67,0.671,0.47,0.525
0.55,0.651,0.435,0.495,0.726,0.682,0.617,0.489,0.533,0.485,0.713,0.496,0.794,0.486,0.491,0.619,0.685,0.773,0.781,0.615,0.764,1.0,0.915,0.681,0.672,0.66,0.757,0.498,0.53,0.538,0.46,0.741,0.0,0.868,0.646,0.488,0.612,0.754,0.484,0.755,0.467,0.674,0.771,0.492,0.492,0.46,0.662,0.663,0.477,0.531
0.549,0.661,0.449,0.498,0.714,0.684,0.647,0.499,0.527,0.477,0.696,0.497,0.778,0.48,0.501,0.641,0.675,0.757,0.763,0.642,0.777,0.915,1.0,0.665,0.655,0.652,0.75,0.493,0.538,0.529,0.471,0.765,0.0,0.854,0.637,0.489,0.644,0.73,0.492,0.735,0.479,0.669,0.749,0.501,0.505,0.468,0.664,0.665,0.471,0.543
0.576,0.806,0.459,0.524,0.706,0.834,0.587,0.534,0.566,0.526,0.693,0.521,0.703,0.504,0.508,0.593,0.779,0.704,0.69,0.583,0.662,0.681,0.665,1.0,0.85,0.783,0.687,0.534,0.556,0.577,0.482,0.669,0.0,0.671,0.822,0.514,0.584,0.692,0.496,0.689,0.492,0.736,0.689,0.523,0.523,0.473,0.718,0.719,0.512,0.54
0.554,0.816,0.451,0.527,0.704,0.842,0.574,0.516,0.551,0.515,0.671,0.516,0.678,0.504,0.509,0.582,0.763,0.684,0.678,0.571,0.645,0.672,0.655,0.85,1.0,0.785,0.678,0.527,0.538,0.558,0.479,0.683,0.0,0.649,0.795,0.502,0.572,0.691,0.493,0.681,0.49,0.721,0.684,0.531,0.517,0.47,0.713,0.715,0.525,0.537
0.554,0.738,0.458,0.508,0.691,0.746,0.586,0.511,0.54,0.512,0.679,0.511,0.675,0.495,0.502,0.59,0.782,0.682,0.671,0.579,0.658,0.66,0.652,0.783,0.785,1.0,0.68,0.516,0.535,0.551,0.476,0.656,0.0,0.65,0.73,0.51,0.583,0.678,0.484,0.679,0.485,0.712,0.665,0.527,0.512,0.465,0.713,0.715,0.515,0.53
0.554,0.66,0.452,0.494,0.733,0.677,0.582,0.488,0.564,0.499,0.732,0.487,0.781,0.479,0.484,0.583,0.675,0.747,0.751,0.578,0.736,0.757,0.75,0.687,0.678,0.68,1.0,0.502,0.53,0.558,0.475,0.74,0.0,0.732,0.657,0.492,0.579,0.831,0.467,0.785,0.482,0.68,0.843,0.499,0.49,0.465,0.658,0.659,0.496,0.528
0.528,0.539,0.438,0.795,0.525,0.532,0.488,0.911,0.533,0.78,0.507,0.764,0.503,0.792,0.761,0.494,0.528,0.512,0.507,0.484,0.486,0.498,0.493,0.534,0.527,0.516,0.502,1.0,0.572,0.531,0.74,0.505,0.0,0.485,0.49,0.69,0.486,0.536,0.722,0.504,0.76,0.517,0.507,0.954,0.942,0.497,0.503,0.505,0.738,0.561
0.591,0.56,0.475,0.573,0.548,0.562,0.518,0.586,0.57,0.559,0.515,0.582,0.531,0.571,0.584,0.526,0.545,0.53,0.538,0.515,0.527,0.53,0.538,0.556,0.538,0.535,0.53,0.572,1.0,0.561,0.553,0.55,0.0,0.528,0.51,0.554,0.515,0.547,0.565,0.529,0.562,0.537,0.537,0.58,0.585,0.602,0.547,0.549,0.555,0.859
0.641,0.55,0.494,0.52,0.567,0.559,0.526,0.523,0.658,0.52,0.563,0.521,0.563,0.507,0.516,0.536,0.558,0.559,0.556,0.523,0.536,0.538,0.529,0.577,0.558,0.551,0.558,0.531,0.561,1.0,0.496,0.521,0.0,0.527,0.528,0.517,0.525,0.56,0.498,0.572,0.505,0.548,0.56,0.514,0.511,0.521,0.537,0.539,0.516,0.562
0.499,0.509,0.425,0.76,0.49,0.49,0.473,0.745,0.493,0.769,0.47,0.729,0.463,0.758,0.765,0.475,0.483,0.475,0.475,0.471,0.467,0.46,0.471,0.482,0.479,0.476,0.475,0.74,0.553,0.496,1.0,0.484,0.0,0.454,0.447,0.676,0.472,0.486,0.714,0.475,0.909,0.483,0.478,0.747,0.752,0.493,0.486,0.486,0.689,0.552
0.538,0.682,0.449,0.506,0.731,0.692,0.593,0.513,0.534,0.479,0.697,0.512,0.727,0.491,0.503,0.586,0.701,0.717,0.747,0.588,0.735,0.741,0.765,0.669,0.683,0.656,0.74,0.505,0.55,0.521,0.484,1.0,0.0,0.738,0.634,0.493,0.589,0.76,0.5,0.743,0.484,0.68,0.757,0.513,0.517,0.474,0.69,0.691,0.489,0.54
0.0,0.0,0.0,0.0,0.0,0.0,0.0,0.0,0.0,0.0,0.0,0.0,0.0,0.0,0.0,0.0,0.0,0.0,0.0,0.0,0.0,0.0,0.0,0.0,0.0,0.0,0.0,0.0,0.0,0.0,0.0,0.0,1.0,0.0,0.0,0.0,0.0,0.0,0.0,0.0,0.0,0.0,0.0,0.0,0.0,0.0,0.0,0.0,0.0,0.0
0.548,0.656,0.447,0.483,0.721,0.676,0.601,0.489,0.528,0.473,0.691,0.49,0.771,0.465,0.48,0.605,0.679,0.723,0.746,0.595,0.761,0.868,0.854,0.671,0.649,0.65,0.732,0.485,0.528,0.527,0.454,0.738,0.0,1.0,0.634,0.498,0.595,0.742,0.498,0.734,0.462,0.667,0.754,0.488,0.49,0.456,0.665,0.667,0.462,0.527
0.531,0.756,0.421,0.486,0.668,0.795,0.566,0.49,0.523,0.495,0.699,0.48,0.675,0.469,0.474,0.572,0.716,0.674,0.666,0.561,0.635,0.646,0.637,0.822,0.795,0.73,0.657,0.49,0.51,0.528,0.447,0.634,0.0,0.634,1.0,0.48,0.562,0.661,0.469,0.668,0.458,0.691,0.661,0.477,0.48,0.45,0.683,0.684,0.483,0.503
0.524,0.51,0.446,0.696,0.508,0.512,0.5,0.685,0.516,0.692,0.505,0.695,0.488,0.693,0.694,0.503,0.516,0.521,0.519,0.496,0.503,0.488,0.489,0.514,0.502,0.51,0.492,0.69,0.554,0.517,0.676,0.493,0.0,0.498,0.48,1.0,0.497,0.494,0.703,0.507,0.69,0.509,0.495,0.687,0.692,0.484,0.492,0.494,0.667,0.547
0.542,0.573,0.441,0.484,0.579,0.586,0.992,0.497,0.512,0.469,0.564,0.494,0.564,0.465,0.492,0.953,0.585,0.614,0.617,0.989,0.615,0.612,0.644,0.584,0.572,0.583,0.579,0.486,0.515,0.525,0.472,0.589,0.0,0.595,0.562,0.497,1.0,0.57,0.488,0.565,0.476,0.584,0.582,0.494,0.498,0.462,0.575,0.576,0.461,0.529
0.569,0.682,0.45,0.511,0.758,0.702,0.573,0.523,0.56,0.505,0.733,0.509,0.767,0.494,0.502,0.581,0.679,0.732,0.751,0.569,0.736,0.754,0.73,0.692,0.691,0.678,0.831,0.536,0.547,0.56,0.486,0.76,0.0,0.742,0.661,0.494,0.57,1.0,0.495,0.779,0.491,0.68,0.875,0.522,0.516,0.477,0.692,0.693,0.507,0.535
0.508,0.507,0.431,0.715,0.496,0.516,0.492,0.734,0.504,0.718,0.485,0.728,0.472,0.721,0.746,0.494,0.503,0.488,0.491,0.489,0.489,0.484,0.492,0.496,0.493,0.484,0.467,0.722,0.565,0.498,0.714,0.5,0.0,0.498,0.469,0.703,0.488,0.495,1.0,0.482,0.72,0.494,0.488,0.727,0.733,0.492,0.501,0.501,0.688,0.562
0.567,0.666,0.444,0.491,0.751,0.682,0.568,0.501,0.563,0.496,0.746,0.492,0.783,0.479,0.488,0.574,0.681,0.747,0.751,0.564,0.741,0.755,0.735,0.689,0.681,0.679,0.785,0.504,0.529,0.572,0.475,0.743,0.0,0.734,0.668,0.507,0.565,0.779,0.482,1.0,0.478,0.678,0.792,0.486,0.489,0.47,0.675,0.677,0.488,0.531
0.512,0.518,0.437,0.78,0.504,0.503,0.478,0.76,0.503,0.778,0.478,0.751,0.468,0.776,0.781,0.485,0.492,0.483,0.484,0.476,0.478,0.467,0.479,0.492,0.49,0.485,0.482,0.76,0.562,0.505,0.909,0.484,0.0,0.462,0.458,0.69,0.476,0.491,0.72,0.478,1.0,0.498,0.479,0.767,0.771,0.49,0.492,0.493,0.7,0.559
0.558,0.713,0.465,0.509,0.691,0.731,0.585,0.514,0.552,0.499,0.67,0.508,0.686,0.497,0.498,0.598,0.721,0.677,0.699,0.581,0.663,0.674,0.669,0.736,0.721,0.712,0.68,0.517,0.537,0.548,0.483,0.68,0.0,0.667,0.691,0.509,0.584,0.68,0.494,0.678,0.498,1.0,0.708,0.515,0.515,0.469,0.75,0.752,0.497,0.535
0.564,0.669,0.462,0.496,0.761,0.701,0.584,0.498,0.573,0.492,0.734,0.499,0.776,0.481,0.493,0.591,0.685,0.743,0.76,0.58,0.752,0.771,0.749,0.689,0.684,0.665,0.843,0.507,0.537,0.56,0.478,0.757,0.0,0.754,0.661,0.495,0.582,0.875,0.488,0.792,0.479,0.708,1.0,0.498,0.498,0.478,0.68,0.681,0.493,0.536
0.529,0.561,0.452,0.776,0.515,0.524,0.497,0.916,0.518,0.754,0.493,0.764,0.486,0.776,0.764,0.5,0.527,0.5,0.506,0.493,0.492,0.492,0.501,0.523,0.531,0.527,0.499,0.954,0.58,0.514,0.747,0.513,0.0,0.488,0.477,0.687,0.494,0.522,0.727,0.486,0.767,0.515,0.498,1.0,0.965,0.501,0.507,0.509,0.726,0.567
0.539,0.557,0.442,0.776,0.518,0.523,0.501,0.909,0.516,0.763,0.494,0.769,0.484,0.778,0.765,0.502,0.53,0.501,0.507,0.495,0.494,0.492,0.505,0.523,0.517,0.512,0.49,0.942,0.585,0.511,0.752,0.517,0.0,0.49,0.48,0.692,0.498,0.516,0.733,0.489,0.771,0.515,0.498,0.965,1.0,0.5,0.51,0.512,0.71,0.567
0.514,0.489,0.417,0.499,0.48,0.47,0.462,0.507,0.49,0.481,0.457,0.505,0.456,0.485,0.507,0.46,0.466,0.465,0.469,0.462,0.47,0.46,0.468,0.473,0.47,0.465,0.465,0.497,0.602,0.521,0.493,0.474,0.0,0.456,0.45,0.484,0.462,0.477,0.492,0.47,0.49,0.469,0.478,0.501,0.5,1.0,0.515,0.516,0.499,0.657
0.548,0.72,0.468,0.498,0.711,0.733,0.576,0.513,0.535,0.491,0.656,0.503,0.661,0.494,0.514,0.582,0.717,0.662,0.679,0.571,0.67,0.662,0.664,0.718,0.713,0.713,0.658,0.503,0.547,0.537,0.486,0.69,0.0,0.665,0.683,0.492,0.575,0.692,0.501,0.675,0.492,0.75,0.68,0.507,0.51,0.515,1.0,0.996,0.484,0.554
0.548,0.722,0.468,0.499,0.714,0.735,0.577,0.515,0.536,0.492,0.657,0.505,0.662,0.495,0.515,0.583,0.719,0.663,0.681,0.572,0.671,0.663,0.665,0.719,0.715,0.715,0.659,0.505,0.549,0.539,0.486,0.691,0.0,0.667,0.684,0.494,0.576,0.693,0.501,0.677,0.493,0.752,0.681,0.509,0.512,0.516,0.996,1.0,0.485,0.555
0.5,0.53,0.444,0.731,0.51,0.515,0.464,0.705,0.508,0.741,0.504,0.711,0.495,0.726,0.721,0.473,0.5,0.493,0.492,0.461,0.47,0.477,0.471,0.512,0.525,0.515,0.496,0.738,0.555,0.516,0.689,0.489,0.0,0.462,0.483,0.667,0.461,0.507,0.688,0.488,0.7,0.497,0.493,0.726,0.71,0.499,0.484,0.485,1.0,0.558
0.589,0.553,0.476,0.568,0.531,0.548,0.532,0.568,0.571,0.552,0.519,0.575,0.53,0.563,0.591,0.534,0.537,0.527,0.538,0.528,0.525,0.531,0.543,0.54,0.537,0.53,0.528,0.561,0.859,0.562,0.552,0.54,0.0,0.527,0.503,0.547,0.529,0.535,0.562,0.531,0.559,0.535,0.536,0.567,0.567,0.657,0.554,0.555,0.558,1.0
