GCF_000163235.1_ASM16323v1_genomic.fna,GCF_000164555.1_ASM16455v1_genomic.fna,GCF_000208545.1_ASM20854v2_genomic.fna,GCF_000233875.1_ASM23387v1_genomic.fna,GCF_000249735.1_ASM24973v2_genomic.fna,GCF_000261145.1_Esch_coli_M919_V2_genomic.fna,GCF_000267705.2_ASM26770v2_genomic.fna,GCF_000350665.1_Esch_coli_KTE5_V1_genomic.fna,GCF_000351625.1_Esch_coli_KTE66_V1_genomic.fna,GCF_000352285.1_Esch_coli_KTE46_V1_genomic.fna,GCF_000358895.1_ASM35889v1_genomic.fna,GCF_000456385.1_Esch_coli_HVH_26_4-5703913_V1_genomic.fna,GCF_000458195.1_Esch_coli_HVH_147_4-5893887_V1_genomic.fna,GCF_000459755.1_Esch_coli_KOEGE_58_171a_V1_genomic.fna,GCF_000460055.1_Esch_coli_UMEA_3053-1_V1_genomic.fna,GCF_000462165.2_ASM46216v2_genomic.fna,GCF_000601135.1_ASM60113v1_genomic.fna,GCF_000614595.1_Ec2010EL1058_genomic.fna,GCF_000617745.1_Ec2010C-4529_genomic.fna,GCF_000618265.2_EcF6751_genomic.fna,GCF_000619005.2_Ec2009C-4052_genomic.fna,GCF_000619105.1_Ec2009C-4780_genomic.fna,GCF_000619765.2_Ec2009C-3279_genomic.fna,GCF_000687005.1_ASM68700v1_genomic.fna,GCF_000687025.1_ASM68702v1_genomic.fna,GCF_000700125.1_ASM70012v1_genomic.fna,GCF_000753315.1_FHI35_genomic.fna,GCF_000776375.1_ASM77637v1_genomic.fna,GCF_000779395.1_ASM77939v1_genomic.fna,GCF_000780315.1_ASM78031v1_genomic.fna,GCF_000781995.1_ASM78199v1_genomic.fna,GCF_000986765.1_ASM98676v1_genomic.fna,GCF_001041375.1_ViralProj287958_genomic.fna,GCF_001265335.1_302014_genomic.fna,GCF_001265625.1_100854_genomic.fna,GCF_001267345.1_303289_genomic.fna,GCF_001309985.1_ASM130998v1_genomic.fna,GCF_001521695.1_ASM152169v1_genomic.fna,GCF_001592595.1_ASM159259v1_genomic.fna,GCF_001614975.1_ASM161497v1_genomic.fna,GCF_001692775.1_ASM169277v1_genomic.fna,GCF_001748915.1_ASM174891v1_genomic.fna,GCF_001749235.1_ASM174923v1_genomic.fna,GCF_001881155.1_ASM188115v1_genomic.fna,GCF_001881345.1_ASM188134v1_genomic.fna,GCF_001892405.1_ASM189240v1_genomic.fna,GCF_001892585.1_ASM189258v1_genomic.fna,GCF_001893985.1_ASM189398v1_genomic.fna,GCF_002001595.1_ASM200159v1_genomic.fna,GCF_002002145.1_ASM200214v1_genomic.fna
1.0,0.496,0.41,0.431,0.496,0.49,0.46,0.443,0.599,0.44,0.493,0.435,0.495,0.434,0.405,0.467,0.489,0.497,0.484,0.454,0.465,0.485,0.494,0.485,0.477,0.474,0.496,0.433,0.541,0.592,0.41,0.493,0.0,0.487,0.465,0.432,0.455,0.504,0.435,0.494,0.414,0.484,0.499,0.437,0.449,0.471,0.48,0.481,0.42,0.529
0.496,1.0,0.373,0.439,0.648,0.799,0.533,0.447,0.478,0.439,0.627,0.455,0.634,0.424,0.428,0.545,0.726,0.623,0.637,0.527,0.601,0.62,0.623,0.795,0.824,0.724,0.615,0.435,0.49,0.491,0.425,0.635,0.0,0.62,0.767,0.425,0.529,0.64,0.429,0.628,0.426,0.693,0.63,0.454,0.449,0.408,0.716,0.715,0.447,0.481
0.41,0.373,1.0,0.324,0.343,0.355,0.331,0.34,0.39,0.335,0.35,0.321,0.351,0.326,0.322,0.336,0.365,0.349,0.346,0.329,0.336,0.348,0.353,0.355,0.365,0.346,0.357,0.337,0.397,0.391,0.319,0.356,0.0,0.358,0.33,0.327,0.33,0.351,0.33,0.347,0.331,0.354,0.361,0.349,0.341,0.357,0.369,0.369,0.341,0.397
0.431,0.439,0.324,1.0,0.405,0.419,0.371,0.714,0.409,0.727,0.41,0.726,0.414,0.781,0.777,0.385,0.406,0.403,0.412,0.367,0.38,0.413,0.415,0.413,0.421,0.412,0.413,0.753,0.479,0.421,0.73,0.409,0.0,0.403,0.4,0.642,0.366,0.411,0.687,0.397,0.741,0.417,0.402,0.74,0.739,0.435,0.4,0.399,0.67,0.483
0.496,0.648,0.343,0.405,1.0,0.657,0.541,0.421,0.477,0.412,0.777,0.416,0.685,0.408,0.404,0.553,0.648,0.672,0.678,0.534,0.688,0.673,0.685,0.626,0.638,0.63,0.692,0.412,0.482,0.475,0.41,0.715,0.0,0.666,0.606,0.408,0.537,0.711,0.412,0.698,0.418,0.655,0.715,0.413,0.42,0.425,0.681,0.682,0.414,0.465
0.49,0.799,0.355,0.419,0.657,1.0,0.548,0.453,0.478,0.425,0.624,0.428,0.643,0.416,0.419,0.56,0.724,0.639,0.642,0.543,0.624,0.63,0.651,0.787,0.819,0.703,0.619,0.426,0.495,0.487,0.415,0.647,0.0,0.642,0.774,0.431,0.546,0.654,0.441,0.632,0.419,0.694,0.646,0.43,0.431,0.408,0.705,0.706,0.425,0.486
0.46,0.533,0.331,0.371,0.541,0.548,1.0,0.38,0.449,0.367,0.522,0.375,0.526,0.377,0.367,0.953,0.534,0.555,0.557,0.986,0.558,0.548,0.565,0.528,0.528,0.518,0.537,0.367,0.44,0.449,0.365,0.558,0.0,0.529,0.504,0.385,0.99,0.539,0.383,0.52,0.365,0.526,0.55,0.37,0.375,0.392,0.519,0.52,0.367,0.446
0.443,0.447,0.34,0.714,0.421,0.453,0.38,1.0,0.421,0.696,0.411,0.71,0.434,0.716,0.696,0.391,0.421,0.419,0.422,0.376,0.387,0.42,0.418,0.446,0.44,0.426,0.425,0.907,0.49,0.427,0.706,0.42,0.0,0.419,0.402,0.636,0.376,0.439,0.677,0.418,0.707,0.43,0.423,0.902,0.9,0.442,0.411,0.41,0.667,0.478
0.599,0.478,0.39,0.409,0.477,0.478,0.449,0.421,1.0,0.421,0.48,0.417,0.478,0.413,0.409,0.461,0.454,0.485,0.472,0.444,0.456,0.475,0.483,0.471,0.467,0.456,0.491,0.411,0.523,0.614,0.404,0.478,0.0,0.469,0.449,0.41,0.446,0.483,0.424,0.471,0.405,0.477,0.491,0.412,0.41,0.459,0.47,0.471,0.409,0.528
0.44,0.439,0.335,0.727,0.412,0.425,0.367,0.696,0.421,1.0,0.436,0.685,0.432,0.718,0.708,0.378,0.408,0.402,0.411,0.363,0.393,0.41,0.406,0.445,0.427,0.436,0.416,0.72,0.487,0.437,0.719,0.402,0.0,0.402,0.425,0.644,0.364,0.417,0.684,0.416,0.72,0.417,0.408,0.7,0.711,0.425,0.418,0.418,0.662,0.474
0.493,0.627,0.35,0.41,0.777,0.624,0.522,0.411,0.48,0.436,1.0,0.405,0.725,0.418,0.408,0.537,0.614,0.684,0.684,0.516,0.673,0.691,0.678,0.663,0.622,0.655,0.7,0.411,0.474,0.481,0.402,0.678,0.0,0.669,0.643,0.421,0.518,0.702,0.417,0.741,0.404,0.647,0.701,0.4,0.403,0.398,0.641,0.64,0.409,0.461
0.435,0.455,0.321,0.726,0.416,0.428,0.375,0.71,0.417,0.685,0.405,1.0,0.414,0.725,0.832,0.383,0.412,0.402,0.41,0.37,0.385,0.414,0.414,0.426,0.427,0.421,0.409,0.709,0.487,0.414,0.689,0.411,0.0,0.408,0.402,0.61,0.371,0.415,0.681,0.402,0.703,0.409,0.411,0.715,0.723,0.45,0.417,0.417,0.645,0.478
0.495,0.634,0.351,0.414,0.685,0.643,0.526,0.434,0.478,0.432,0.725,0.414,1.0,0.42,0.417,0.539,0.627,0.705,0.728,0.521,0.719,0.78,0.776,0.654,0.637,0.639,0.754,0.427,0.487,0.5,0.407,0.714,0.0,0.772,0.624,0.422,0.523,0.749,0.42,0.772,0.409,0.643,0.747,0.421,0.421,0.399,0.647,0.646,0.421,0.469
0.434,0.424,0.326,0.781,0.408,0.416,0.377,0.716,0.413,0.718,0.418,0.725,0.42,1.0,0.775,0.391,0.405,0.407,0.41,0.372,0.383,0.413,0.409,0.42,0.419,0.415,0.416,0.759,0.49,0.426,0.716,0.409,0.0,0.404,0.403,0.637,0.372,0.415,0.692,0.405,0.724,0.417,0.407,0.738,0.741,0.439,0.403,0.403,0.664,0.488
0.405,0.428,0.322,0.777,0.404,0.419,0.367,0.696,0.409,0.708,0.408,0.832,0.417,0.775,1.0,0.379,0.4,0.401,0.402,0.363,0.376,0.415,0.408,0.426,0.421,0.419,0.406,0.73,0.472,0.423,0.714,0.401,0.0,0.406,0.407,0.63,0.362,0.409,0.682,0.405,0.722,0.409,0.399,0.711,0.715,0.432,0.409,0.408,0.656,0.476
0.467,0.545,0.336,0.385,0.553,0.56,0.953,0.391,0.461,0.378,0.537,0.383,0.539,0.391,0.379,1.0,0.539,0.558,0.565,0.944,0.55,0.557,0.564,0.537,0.539,0.522,0.544,0.375,0.458,0.459,0.379,0.558,0.0,0.54,0.514,0.395,0.948,0.549,0.396,0.529,0.38,0.536,0.559,0.377,0.382,0.391,0.529,0.529,0.382,0.464
0.489,0.726,0.365,0.406,0.648,0.724,0.534,0.421,0.454,0.408,0.614,0.412,0.627,0.405,0.4,0.539,1.0,0.612,0.627,0.526,0.603,0.63,0.638,0.724,0.722,0.745,0.617,0.409,0.484,0.471,0.405,0.673,0.0,0.637,0.685,0.423,0.53,0.629,0.42,0.607,0.406,0.687,0.643,0.416,0.426,0.395,0.702,0.703,0.41,0.469
0.497,0.623,0.349,0.403,0.672,0.639,0.555,0.419,0.485,0.402,0.684,0.402,0.705,0.407,0.401,0.558,0.612,1.0,0.761,0.548,0.725,0.726,0.736,0.621,0.621,0.613,0.72,0.399,0.475,0.477,0.403,0.697,0.0,0.69,0.598,0.428,0.55,0.692,0.42,0.695,0.4,0.63,0.708,0.404,0.405,0.398,0.628,0.627,0.399,0.468
0.484,0.637,0.346,0.412,0.678,0.642,0.557,0.422,0.472,0.411,0.684,0.41,0.728,0.41,0.402,0.565,0.627,0.761,1.0,0.553,0.756,0.749,0.747,0.62,0.622,0.61,0.723,0.405,0.473,0.482,0.403,0.72,0.0,0.704,0.598,0.415,0.553,0.708,0.416,0.708,0.404,0.646,0.72,0.409,0.412,0.392,0.64,0.639,0.408,0.465
0.454,0.527,0.329,0.367,0.534,0.543,0.986,0.376,0.444,0.363,0.516,0.37,0.521,0.372,0.363,0.944,0.526,0.548,0.553,1.0,0.556,0.544,0.559,0.523,0.527,0.512,0.533,0.363,0.435,0.443,0.361,0.555,0.0,0.523,0.499,0.378,0.992,0.535,0.377,0.515,0.361,0.519,0.546,0.367,0.371,0.392,0.513,0.514,0.362,0.44
0.465,0.601,0.336,0.38,0.688,0.624,0.558,0.387,0.456,0.393,0.673,0.385,0.719,0.383,0.376,0.55,0.603,0.725,0.756,0.556,1.0,0.742,0.764,0.602,0.604,0.601,0.714,0.376,0.444,0.457,0.378,0.725,0.0,0.724,0.575,0.403,0.554,0.709,0.392,0.701,0.386,0.606,0.725,0.38,0.381,0.398,0.623,0.624,0.378,0.452
0.485,0.62,0.348,0.413,0.673,0.63,0.548,0.42,0.475,0.41,0.691,0.414,0.78,0.413,0.415,0.557,0.63,0.726,0.749,0.544,0.742,1.0,0.919,0.631,0.63,0.618,0.751,0.416,0.474,0.483,0.399,0.721,0.0,0.877,0.604,0.417,0.545,0.744,0.415,0.745,0.399,0.632,0.757,0.41,0.407,0.398,0.632,0.631,0.409,0.47
0.494,0.623,0.353,0.415,0.685,0.651,0.565,0.418,0.483,0.406,0.678,0.414,0.776,0.409,0.408,0.564,0.638,0.736,0.747,0.559,0.764,0.919,1.0,0.622,0.63,0.614,0.755,0.408,0.485,0.477,0.405,0.738,0.0,0.86,0.597,0.424,0.56,0.742,0.426,0.733,0.405,0.633,0.758,0.412,0.41,0.407,0.634,0.635,0.409,0.479
0.485,0.795,0.355,0.413,0.626,0.787,0.528,0.446,0.471,0.445,0.663,0.426,0.654,0.42,0.426,0.537,0.724,0.621,0.62,0.523,0.602,0.631,0.622,1.0,0.809,0.744,0.62,0.431,0.474,0.502,0.409,0.626,0.0,0.632,0.823,0.425,0.525,0.626,0.417,0.653,0.414,0.694,0.622,0.424,0.43,0.393,0.691,0.69,0.418,0.468
0.477,0.824,0.365,0.421,0.638,0.819,0.528,0.44,0.467,0.427,0.622,0.427,0.637,0.419,0.421,0.539,0.722,0.621,0.622,0.527,0.604,0.63,0.63,0.809,1.0,0.751,0.613,0.427,0.475,0.481,0.41,0.645,0.0,0.622,0.792,0.421,0.528,0.635,0.426,0.625,0.412,0.694,0.631,0.44,0.434,0.395,0.698,0.699,0.442,0.461
0.474,0.724,0.346,0.412,0.63,0.703,0.518,0.426,0.456,0.436,0.655,0.421,0.639,0.415,0.419,0.522,0.745,0.613,0.61,0.512,0.601,0.618,0.614,0.744,0.751,1.0,0.614,0.423,0.465,0.486,0.403,0.616,0.0,0.617,0.714,0.418,0.515,0.626,0.419,0.643,0.405,0.705,0.612,0.428,0.426,0.384,0.696,0.696,0.439,0.459
0.496,0.615,0.357,0.413,0.692,0.619,0.537,0.425,0.491,0.416,0.7,0.409,0.754,0.416,0.406,0.544,0.617,0.72,0.723,0.533,0.714,0.751,0.755,0.62,0.613,0.614,1.0,0.414,0.487,0.485,0.411,0.742,0.0,0.736,0.592,0.417,0.535,0.829,0.405,0.753,0.413,0.641,0.826,0.419,0.417,0.4,0.635,0.634,0.417,0.472
0.433,0.435,0.337,0.753,0.412,0.426,0.367,0.907,0.411,0.72,0.411,0.709,0.427,0.759,0.73,0.375,0.409,0.399,0.405,0.363,0.376,0.416,0.408,0.431,0.427,0.423,0.414,1.0,0.477,0.425,0.708,0.405,0.0,0.404,0.403,0.64,0.363,0.428,0.671,0.412,0.721,0.414,0.406,0.956,0.941,0.43,0.404,0.403,0.677,0.466
0.541,0.49,0.397,0.479,0.482,0.495,0.44,0.49,0.523,0.487,0.474,0.487,0.487,0.49,0.472,0.458,0.484,0.475,0.473,0.435,0.444,0.474,0.485,0.474,0.475,0.465,0.487,0.477,1.0,0.502,0.465,0.482,0.0,0.478,0.451,0.48,0.438,0.486,0.501,0.474,0.459,0.479,0.484,0.48,0.485,0.562,0.474,0.474,0.471,0.841
0.592,0.491,0.391,0.421,0.475,0.487,0.449,0.427,0.614,0.437,0.481,0.414,0.5,0.426,0.423,0.459,0.471,0.477,0.482,0.443,0.457,0.483,0.477,0.502,0.481,0.486,0.485,0.425,0.502,1.0,0.4,0.472,0.0,0.47,0.474,0.423,0.446,0.483,0.415,0.495,0.406,0.484,0.481,0.417,0.416,0.467,0.48,0.48,0.419,0.501
0.41,0.425,0.319,0.73,0.41,0.415,0.365,0.706,0.404,0.719,0.402,0.689,0.407,0.716,0.714,0.379,0.405,0.403,0.403,0.361,0.378,0.399,0.405,0.409,0.41,0.403,0.411,0.708,0.465,0.4,1.0,0.404,0.0,0.398,0.388,0.619,0.361,0.406,0.667,0.397,0.895,0.415,0.399,0.71,0.711,0.424,0.407,0.406,0.659,0.459
0.493,0.635,0.356,0.409,0.715,0.647,0.558,0.42,0.478,0.402,0.678,0.411,0.714,0.409,0.401,0.558,0.673,0.697,0.72,0.555,0.725,0.721,0.738,0.626,0.645,0.616,0.742,0.405,0.482,0.472,0.404,1.0,0.0,0.716,0.588,0.406,0.554,0.75,0.416,0.725,0.4,0.63,0.765,0.409,0.415,0.414,0.65,0.651,0.409,0.466
0.0,0.0,0.0,0.0,0.0,0.0,0.0,0.0,0.0,0.0,0.0,0.0,0.0,0.0,0.0,0.0,0.0,0.0,0.0,0.0,0.0,0.0,0.0,0.0,0.0,0.0,0.0,0.0,0.0,0.0,0.0,0.0,1.0,0.0,0.0,0.0,0.0,0.0,0.0,0.0,0.0,0.0,0.0,0.0,0.0,0.0,0.0,0.0,0.0,0.0
0.487,0.62,0.358,0.403,0.666,0.642,0.529,0.419,0.469,0.402,0.669,0.408,0.772,0.404,0.406,0.54,0.637,0.69,0.704,0.523,0.724,0.877,0.86,0.632,0.622,0.617,0.736,0.404,0.478,0.47,0.398,0.716,0.0,1.0,0.601,0.426,0.526,0.736,0.426,0.732,0.394,0.623,0.739,0.402,0.406,0.386,0.627,0.626,0.406,0.464
0.465,0.767,0.33,0.4,0.606,0.774,0.504,0.402,0.449,0.425,0.643,0.402,0.624,0.403,0.407,0.514,0.685,0.598,0.598,0.499,0.575,0.604,0.597,0.823,0.792,0.714,0.592,0.403,0.451,0.474,0.388,0.588,0.0,0.601,1.0,0.405,0.5,0.603,0.406,0.629,0.388,0.669,0.602,0.393,0.399,0.365,0.666,0.666,0.399,0.437
0.432,0.425,0.327,0.642,0.408,0.431,0.385,0.636,0.41,0.644,0.421,0.61,0.422,0.637,0.63,0.395,0.423,0.428,0.415,0.378,0.403,0.417,0.424,0.425,0.421,0.418,0.417,0.64,0.48,0.423,0.619,0.406,0.0,0.426,0.405,1.0,0.381,0.404,0.656,0.422,0.623,0.413,0.406,0.631,0.637,0.434,0.398,0.399,0.613,0.484
0.455,0.529,0.33,0.366,0.537,0.546,0.99,0.376,0.446,0.364,0.518,0.371,0.523,0.372,0.362,0.948,0.53,0.55,0.553,0.992,0.554,0.545,0.56,0.525,0.528,0.515,0.535,0.363,0.438,0.446,0.361,0.554,0.0,0.526,0.5,0.381,1.0,0.537,0.377,0.516,0.361,0.522,0.547,0.367,0.372,0.39,0.516,0.517,0.363,0.442
0.504,0.64,0.351,0.411,0.711,0.654,0.539,0.439,0.483,0.417,0.702,0.415,0.749,0.415,0.409,0.549,0.629,0.692,0.708,0.535,0.709,0.744,0.742,0.626,0.635,0.626,0.829,0.428,0.486,0.483,0.406,0.75,0.0,0.736,0.603,0.404,0.537,1.0,0.414,0.76,0.41,0.65,0.864,0.432,0.425,0.401,0.66,0.66,0.412,0.468
0.435,0.429,0.33,0.687,0.412,0.441,0.383,0.677,0.424,0.684,0.417,0.681,0.42,0.692,0.682,0.396,0.42,0.42,0.416,0.377,0.392,0.415,0.426,0.417,0.426,0.419,0.405,0.671,0.501,0.415,0.667,0.416,0.0,0.426,0.406,0.656,0.377,0.414,1.0,0.406,0.664,0.415,0.415,0.672,0.679,0.441,0.412,0.412,0.643,0.496
0.494,0.628,0.347,0.397,0.698,0.632,0.52,0.418,0.471,0.416,0.741,0.402,0.772,0.405,0.405,0.529,0.607,0.695,0.708,0.515,0.701,0.745,0.733,0.653,0.625,0.643,0.753,0.412,0.474,0.495,0.397,0.725,0.0,0.732,0.629,0.422,0.516,0.76,0.406,1.0,0.398,0.638,0.751,0.404,0.406,0.396,0.631,0.63,0.402,0.457
0.414,0.426,0.331,0.741,0.418,0.419,0.365,0.707,0.405,0.72,0.404,0.703,0.409,0.724,0.722,0.38,0.406,0.4,0.404,0.361,0.386,0.399,0.405,0.414,0.412,0.405,0.413,0.721,0.459,0.406,0.895,0.4,0.0,0.394,0.388,0.623,0.361,0.41,0.664,0.398,1.0,0.422,0.401,0.724,0.723,0.423,0.405,0.405,0.661,0.463
0.484,0.693,0.354,0.417,0.655,0.694,0.526,0.43,0.477,0.417,0.647,0.409,0.643,0.417,0.409,0.536,0.687,0.63,0.646,0.519,0.606,0.632,0.633,0.694,0.694,0.705,0.641,0.414,0.479,0.484,0.415,0.63,0.0,0.623,0.669,0.413,0.522,0.65,0.415,0.638,0.422,1.0,0.655,0.416,0.416,0.377,0.721,0.72,0.415,0.469
0.499,0.63,0.361,0.402,0.715,0.646,0.55,0.423,0.491,0.408,0.701,0.411,0.747,0.407,0.399,0.559,0.643,0.708,0.72,0.546,0.725,0.757,0.758,0.622,0.631,0.612,0.826,0.406,0.484,0.481,0.399,0.765,0.0,0.739,0.602,0.406,0.547,0.864,0.415,0.751,0.401,0.655,1.0,0.407,0.408,0.412,0.653,0.654,0.405,0.474
0.437,0.454,0.349,0.74,0.413,0.43,0.37,0.902,0.412,0.7,0.4,0.715,0.421,0.738,0.711,0.377,0.416,0.404,0.409,0.367,0.38,0.41,0.412,0.424,0.44,0.428,0.419,0.956,0.48,0.417,0.71,0.409,0.0,0.402,0.393,0.631,0.367,0.432,0.672,0.404,0.724,0.416,0.407,1.0,0.955,0.434,0.406,0.405,0.686,0.466
0.449,0.449,0.341,0.739,0.42,0.431,0.375,0.9,0.41,0.711,0.403,0.723,0.421,0.741,0.715,0.382,0.426,0.405,0.412,0.371,0.381,0.407,0.41,0.43,0.434,0.426,0.417,0.941,0.485,0.416,0.711,0.415,0.0,0.406,0.399,0.637,0.372,0.425,0.679,0.406,0.723,0.416,0.408,0.955,1.0,0.434,0.413,0.412,0.673,0.465
0.471,0.408,0.357,0.435,0.425,0.408,0.392,0.442,0.459,0.425,0.398,0.45,0.399,0.439,0.432,0.391,0.395,0.398,0.392,0.392,0.398,0.398,0.407,0.393,0.395,0.384,0.4,0.43,0.562,0.467,0.424,0.414,0.0,0.386,0.365,0.434,0.39,0.401,0.441,0.396,0.423,0.377,0.412,0.434,0.434,1.0,0.413,0.414,0.429,0.6
0.48,0.716,0.369,0.4,0.681,0.705,0.519,0.411,0.47,0.418,0.641,0.417,0.647,0.403,0.409,0.529,0.702,0.628,0.64,0.513,0.623,0.632,0.634,0.691,0.698,0.696,0.635,0.404,0.474,0.48,0.407,0.65,0.0,0.627,0.666,0.398,0.516,0.66,0.412,0.631,0.405,0.721,0.653,0.406,0.413,0.413,1.0,0.998,0.41,0.473
0.481,0.715,0.369,0.399,0.682,0.706,0.52,0.41,0.471,0.418,0.64,0.417,0.646,0.403,0.408,0.529,0.703,0.627,0.639,0.514,0.624,0.631,0.635,0.69,0.699,0.696,0.634,0.403,0.474,0.48,0.406,0.651,0.0,0.626,0.666,0.399,0.517,0.66,0.412,0.63,0.405,0.72,0.654,0.405,0.412,0.414,0.998,1.0,0.41,0.474
0.42,0.447,0.341,0.67,0.414,0.425,0.367,0.667,0.409,0.662,0.409,0.645,0.421,0.664,0.656,0.382,0.41,0.399,0.408,0.362,0.378,0.409,0.409,0.418,0.442,0.439,0.417,0.677,0.471,0.419,0.659,0.409,0.0,0.406,0.399,0.613,0.363,0.412,0.643,0.402,0.661,0.415,0.405,0.686,0.673,0.429,0.41,0.41,1.0,0.465
0.529,0.481,0.397,0.483,0.465,0.486,0.446,0.478,0.528,0.474,0.461,0.478,0.469,0.488,0.476,0.464,0.469,0.468,0.465,0.44,0.452,0.47,0.479,0.468,0.461,0.459,0.472,0.466,0.841,0.501,0.459,0.466,0.0,0.464,0.437,0.484,0.442,0.468,0.496,0.457,0.463,0.469,0.474,0.466,0.465,0.6,0.473,0.474,0.465,1.0
