GCF_000163235.1_ASM16323v1_genomic.fna,GCF_000164555.1_ASM16455v1_genomic.fna,GCF_000208545.1_ASM20854v2_genomic.fna,GCF_000233875.1_ASM23387v1_genomic.fna,GCF_000249735.1_ASM24973v2_genomic.fna,GCF_000261145.1_Esch_coli_M919_V2_genomic.fna,GCF_000267705.2_ASM26770v2_genomic.fna,GCF_000350665.1_Esch_coli_KTE5_V1_genomic.fna,GCF_000351625.1_Esch_coli_KTE66_V1_genomic.fna,GCF_000352285.1_Esch_coli_KTE46_V1_genomic.fna,GCF_000358895.1_ASM35889v1_genomic.fna,GCF_000456385.1_Esch_coli_HVH_26_4-5703913_V1_genomic.fna,GCF_000458195.1_Esch_coli_HVH_147_4-5893887_V1_genomic.fna,GCF_000459755.1_Esch_coli_KOEGE_58_171a_V1_genomic.fna,GCF_000460055.1_Esch_coli_UMEA_3053-1_V1_genomic.fna,GCF_000462165.2_ASM46216v2_genomic.fna,GCF_000601135.1_ASM60113v1_genomic.fna,GCF_000614595.1_Ec2010EL1058_genomic.fna,GCF_000617745.1_Ec2010C-4529_genomic.fna,GCF_000618265.2_EcF6751_genomic.fna,GCF_000619005.2_Ec2009C-4052_genomic.fna,GCF_000619105.1_Ec2009C-4780_genomic.fna,GCF_000619765.2_Ec2009C-3279_genomic.fna,GCF_000687005.1_ASM68700v1_genomic.fna,GCF_000687025.1_ASM68702v1_genomic.fna,GCF_000700125.1_ASM70012v1_genomic.fna,GCF_000753315.1_FHI35_genomic.fna,GCF_000776375.1_ASM77637v1_genomic.fna,GCF_000779395.1_ASM77939v1_genomic.fna,GCF_000780315.1_ASM78031v1_genomic.fna,GCF_000781995.1_ASM78199v1_genomic.fna,GCF_000986765.1_ASM98676v1_genomic.fna,GCF_001041375.1_ViralProj287958_genomic.fna,GCF_001265335.1_302014_genomic.fna,GCF_001265625.1_100854_genomic.fna,GCF_001267345.1_303289_genomic.fna,GCF_001309985.1_ASM130998v1_genomic.fna,GCF_001521695.1_ASM152169v1_genomic.fna,GCF_001592595.1_ASM159259v1_genomic.fna,GCF_001614975.1_ASM161497v1_genomic.fna,GCF_001692775.1_ASM169277v1_genomic.fna,GCF_001748915.1_ASM174891v1_genomic.fna,GCF_001749235.1_ASM174923v1_genomic.fna,GCF_001881155.1_ASM188115v1_genomic.fna,GCF_001881345.1_ASM188134v1_genomic.fna,GCF_001892405.1_ASM189240v1_genomic.fna,GCF_001892585.1_ASM189258v1_genomic.fna,GCF_001893985.1_ASM189398v1_genomic.fna,GCF_002001595.1_ASM200159v1_genomic.fna,GCF_002002145.1_ASM200214v1_genomic.fna
1.0,0.487,0.392,0.426,0.473,0.495,0.456,0.422,0.584,0.454,0.488,0.43,0.485,0.423,0.412,0.465,0.472,0.466,0.469,0.451,0.444,0.467,0.46,0.49,0.489,0.473,0.45,0.42,0.514,0.581,0.412,0.455,0.0,0.455,0.451,0.434,0.454,0.481,0.4,0.475,0.419,0.472,0.465,0.404,0.423,0.444,0.458,0.458,0.414,0.508
0.487,1.0,0.342,0.417,0.63,0.778,0.524,0.417,0.448,0.414,0.6,0.428,0.623,0.397,0.394,0.534,0.697,0.616,0.609,0.522,0.597,0.601,0.612,0.787,0.788,0.692,0.588,0.408,0.466,0.471,0.407,0.618,0.0,0.597,0.723,0.396,0.523,0.632,0.398,0.619,0.411,0.682,0.623,0.42,0.427,0.421,0.69,0.69,0.413,0.456
0.392,0.342,1.0,0.316,0.343,0.341,0.32,0.312,0.375,0.308,0.343,0.299,0.341,0.306,0.3,0.33,0.342,0.322,0.343,0.318,0.325,0.34,0.337,0.336,0.338,0.331,0.336,0.31,0.358,0.375,0.303,0.337,0.0,0.336,0.3,0.307,0.319,0.356,0.304,0.346,0.314,0.34,0.358,0.306,0.311,0.325,0.336,0.336,0.312,0.354
0.426,0.417,0.316,1.0,0.409,0.413,0.396,0.689,0.409,0.694,0.41,0.694,0.417,0.767,0.764,0.402,0.397,0.4,0.416,0.393,0.404,0.417,0.412,0.407,0.406,0.4,0.407,0.736,0.463,0.413,0.716,0.404,0.0,0.397,0.382,0.635,0.394,0.411,0.662,0.41,0.748,0.405,0.407,0.712,0.724,0.429,0.392,0.393,0.662,0.476
0.473,0.63,0.343,0.409,1.0,0.638,0.539,0.409,0.462,0.412,0.748,0.422,0.704,0.399,0.402,0.546,0.597,0.662,0.658,0.539,0.68,0.665,0.681,0.626,0.612,0.596,0.671,0.405,0.469,0.465,0.412,0.689,0.0,0.671,0.575,0.403,0.538,0.688,0.41,0.697,0.416,0.625,0.692,0.406,0.413,0.431,0.649,0.649,0.406,0.453
0.495,0.778,0.341,0.413,0.638,1.0,0.551,0.416,0.465,0.413,0.629,0.4,0.644,0.408,0.401,0.558,0.694,0.629,0.634,0.544,0.595,0.628,0.625,0.79,0.817,0.685,0.604,0.411,0.484,0.482,0.406,0.611,0.0,0.62,0.747,0.414,0.547,0.637,0.421,0.631,0.417,0.704,0.637,0.399,0.404,0.416,0.689,0.689,0.418,0.469
0.456,0.524,0.32,0.396,0.539,0.551,1.0,0.388,0.457,0.391,0.544,0.378,0.548,0.387,0.385,0.953,0.527,0.576,0.578,0.983,0.58,0.572,0.588,0.54,0.527,0.524,0.545,0.386,0.442,0.458,0.394,0.536,0.0,0.555,0.501,0.408,0.988,0.537,0.407,0.554,0.391,0.527,0.544,0.381,0.386,0.388,0.511,0.511,0.379,0.45
0.422,0.417,0.312,0.689,0.409,0.416,0.388,1.0,0.404,0.683,0.398,0.675,0.418,0.685,0.671,0.391,0.39,0.395,0.405,0.387,0.394,0.409,0.41,0.411,0.404,0.392,0.394,0.902,0.474,0.405,0.694,0.403,0.0,0.397,0.372,0.598,0.388,0.423,0.657,0.417,0.7,0.406,0.422,0.89,0.888,0.43,0.4,0.4,0.644,0.455
0.584,0.448,0.375,0.409,0.462,0.465,0.457,0.404,1.0,0.402,0.473,0.378,0.473,0.4,0.394,0.461,0.453,0.455,0.458,0.453,0.447,0.47,0.456,0.471,0.458,0.453,0.462,0.404,0.514,0.611,0.398,0.441,0.0,0.452,0.432,0.421,0.454,0.471,0.388,0.468,0.398,0.466,0.475,0.391,0.394,0.443,0.446,0.446,0.392,0.521
0.454,0.414,0.308,0.694,0.412,0.413,0.391,0.683,0.402,1.0,0.428,0.657,0.426,0.698,0.685,0.403,0.407,0.395,0.402,0.388,0.395,0.411,0.404,0.421,0.408,0.408,0.4,0.702,0.474,0.408,0.723,0.389,0.0,0.399,0.385,0.621,0.389,0.412,0.654,0.406,0.728,0.396,0.4,0.683,0.698,0.418,0.39,0.39,0.65,0.468
0.488,0.6,0.343,0.41,0.748,0.629,0.544,0.398,0.473,0.428,1.0,0.392,0.749,0.411,0.403,0.555,0.611,0.666,0.668,0.54,0.664,0.699,0.68,0.669,0.62,0.634,0.686,0.399,0.455,0.472,0.404,0.659,0.0,0.668,0.627,0.412,0.541,0.692,0.41,0.704,0.405,0.617,0.69,0.384,0.391,0.407,0.597,0.598,0.403,0.45
0.43,0.428,0.299,0.694,0.422,0.4,0.378,0.675,0.378,0.657,0.392,1.0,0.404,0.683,0.829,0.383,0.376,0.385,0.39,0.376,0.397,0.399,0.403,0.399,0.39,0.394,0.39,0.674,0.476,0.392,0.653,0.404,0.0,0.397,0.355,0.596,0.375,0.404,0.655,0.395,0.681,0.387,0.398,0.683,0.691,0.434,0.402,0.402,0.609,0.459
0.485,0.623,0.341,0.417,0.704,0.644,0.548,0.418,0.473,0.426,0.749,0.404,1.0,0.415,0.41,0.555,0.631,0.705,0.718,0.544,0.718,0.78,0.768,0.67,0.638,0.627,0.736,0.413,0.46,0.487,0.408,0.7,0.0,0.754,0.613,0.415,0.545,0.738,0.408,0.769,0.412,0.639,0.74,0.399,0.4,0.414,0.619,0.62,0.414,0.45
0.423,0.397,0.306,0.767,0.399,0.408,0.387,0.685,0.4,0.698,0.411,0.683,0.415,1.0,0.751,0.391,0.389,0.392,0.403,0.383,0.384,0.412,0.407,0.41,0.404,0.397,0.4,0.725,0.466,0.403,0.713,0.398,0.0,0.391,0.376,0.633,0.385,0.407,0.661,0.405,0.741,0.398,0.4,0.699,0.705,0.429,0.387,0.388,0.661,0.46
0.412,0.394,0.3,0.764,0.402,0.401,0.385,0.671,0.394,0.685,0.403,0.829,0.41,0.751,1.0,0.39,0.38,0.389,0.395,0.382,0.388,0.413,0.41,0.395,0.391,0.389,0.402,0.706,0.473,0.394,0.708,0.389,0.0,0.395,0.362,0.622,0.382,0.41,0.677,0.407,0.734,0.394,0.4,0.681,0.69,0.431,0.391,0.392,0.639,0.482
0.465,0.534,0.33,0.402,0.546,0.558,0.953,0.391,0.461,0.403,0.555,0.383,0.555,0.391,0.39,1.0,0.537,0.568,0.584,0.952,0.561,0.579,0.581,0.55,0.532,0.534,0.54,0.393,0.449,0.463,0.393,0.531,0.0,0.548,0.503,0.414,0.951,0.549,0.407,0.559,0.397,0.535,0.544,0.382,0.392,0.392,0.513,0.513,0.392,0.453
0.472,0.697,0.342,0.397,0.597,0.694,0.527,0.39,0.453,0.407,0.611,0.376,0.631,0.389,0.38,0.537,1.0,0.579,0.589,0.52,0.582,0.614,0.606,0.742,0.725,0.741,0.577,0.389,0.442,0.453,0.383,0.619,0.0,0.599,0.673,0.412,0.522,0.604,0.398,0.608,0.39,0.67,0.612,0.381,0.396,0.379,0.66,0.66,0.399,0.426
0.466,0.616,0.322,0.4,0.662,0.629,0.576,0.395,0.455,0.395,0.666,0.385,0.705,0.392,0.389,0.568,0.579,1.0,0.723,0.575,0.711,0.731,0.741,0.628,0.609,0.595,0.687,0.389,0.438,0.459,0.406,0.668,0.0,0.693,0.569,0.404,0.571,0.665,0.406,0.71,0.403,0.623,0.679,0.388,0.39,0.399,0.607,0.607,0.39,0.434
0.469,0.609,0.343,0.416,0.658,0.634,0.578,0.405,0.458,0.402,0.668,0.39,0.718,0.403,0.395,0.584,0.589,0.723,1.0,0.573,0.727,0.736,0.729,0.625,0.606,0.587,0.707,0.4,0.445,0.46,0.406,0.678,0.0,0.686,0.579,0.414,0.576,0.689,0.411,0.722,0.41,0.627,0.693,0.387,0.394,0.403,0.585,0.586,0.41,0.443
0.451,0.522,0.318,0.393,0.539,0.544,0.983,0.387,0.453,0.388,0.54,0.376,0.544,0.383,0.382,0.952,0.52,0.575,0.573,1.0,0.576,0.567,0.584,0.534,0.523,0.518,0.538,0.385,0.438,0.453,0.393,0.535,0.0,0.55,0.496,0.402,0.988,0.533,0.405,0.55,0.389,0.523,0.539,0.379,0.384,0.388,0.51,0.51,0.377,0.445
0.444,0.597,0.325,0.404,0.68,0.595,0.58,0.394,0.447,0.395,0.664,0.397,0.718,0.384,0.388,0.561,0.582,0.711,0.727,0.576,1.0,0.729,0.752,0.606,0.589,0.589,0.699,0.393,0.431,0.456,0.396,0.698,0.0,0.718,0.555,0.405,0.575,0.686,0.409,0.719,0.402,0.584,0.695,0.389,0.399,0.402,0.603,0.603,0.393,0.427
0.467,0.601,0.34,0.417,0.665,0.628,0.572,0.409,0.47,0.411,0.699,0.399,0.78,0.412,0.413,0.579,0.614,0.731,0.736,0.567,0.729,1.0,0.914,0.638,0.621,0.605,0.733,0.411,0.45,0.462,0.407,0.697,0.0,0.859,0.582,0.407,0.569,0.721,0.413,0.755,0.412,0.625,0.731,0.399,0.402,0.404,0.598,0.599,0.406,0.443
0.46,0.612,0.337,0.412,0.681,0.625,0.588,0.41,0.456,0.404,0.68,0.403,0.768,0.407,0.41,0.581,0.606,0.741,0.729,0.584,0.752,0.914,1.0,0.622,0.613,0.594,0.733,0.411,0.452,0.456,0.417,0.715,0.0,0.852,0.562,0.409,0.583,0.713,0.421,0.751,0.421,0.618,0.725,0.406,0.41,0.406,0.607,0.608,0.399,0.436
0.49,0.787,0.336,0.407,0.626,0.79,0.54,0.411,0.471,0.421,0.669,0.399,0.67,0.41,0.395,0.55,0.742,0.628,0.625,0.534,0.606,0.638,0.622,1.0,0.822,0.741,0.613,0.397,0.458,0.486,0.403,0.621,0.0,0.614,0.778,0.412,0.535,0.635,0.396,0.644,0.409,0.713,0.634,0.388,0.4,0.402,0.68,0.68,0.407,0.445
0.489,0.788,0.338,0.406,0.612,0.817,0.527,0.404,0.458,0.408,0.62,0.39,0.638,0.404,0.391,0.532,0.725,0.609,0.606,0.523,0.589,0.621,0.613,0.822,1.0,0.726,0.598,0.4,0.458,0.475,0.393,0.625,0.0,0.6,0.767,0.402,0.524,0.621,0.4,0.619,0.4,0.691,0.619,0.397,0.401,0.399,0.669,0.669,0.414,0.441
0.473,0.692,0.331,0.4,0.596,0.685,0.524,0.392,0.453,0.408,0.634,0.394,0.627,0.397,0.389,0.534,0.741,0.595,0.587,0.518,0.589,0.605,0.594,0.741,0.726,1.0,0.583,0.386,0.445,0.458,0.391,0.585,0.0,0.583,0.685,0.408,0.52,0.607,0.393,0.617,0.397,0.667,0.593,0.388,0.388,0.398,0.681,0.682,0.404,0.437
0.45,0.588,0.336,0.407,0.671,0.604,0.545,0.394,0.462,0.4,0.686,0.39,0.736,0.4,0.402,0.54,0.577,0.687,0.707,0.538,0.699,0.733,0.733,0.613,0.598,0.583,1.0,0.39,0.446,0.451,0.414,0.688,0.0,0.706,0.557,0.399,0.539,0.813,0.4,0.748,0.417,0.617,0.822,0.385,0.383,0.409,0.581,0.582,0.398,0.443
0.42,0.408,0.31,0.736,0.405,0.411,0.386,0.902,0.404,0.702,0.399,0.674,0.413,0.725,0.706,0.393,0.389,0.389,0.4,0.385,0.393,0.411,0.411,0.397,0.4,0.386,0.39,1.0,0.471,0.407,0.699,0.406,0.0,0.398,0.368,0.61,0.385,0.415,0.655,0.41,0.731,0.391,0.405,0.955,0.945,0.427,0.39,0.39,0.661,0.455
0.514,0.466,0.358,0.463,0.469,0.484,0.442,0.474,0.514,0.474,0.455,0.476,0.46,0.466,0.473,0.449,0.442,0.438,0.445,0.438,0.431,0.45,0.452,0.458,0.458,0.445,0.446,0.471,1.0,0.503,0.459,0.454,0.0,0.44,0.419,0.461,0.441,0.465,0.458,0.458,0.463,0.45,0.459,0.459,0.468,0.554,0.447,0.447,0.452,0.835
0.581,0.471,0.375,0.413,0.465,0.482,0.458,0.405,0.611,0.408,0.472,0.392,0.487,0.403,0.394,0.463,0.453,0.459,0.46,0.453,0.456,0.462,0.456,0.486,0.475,0.458,0.451,0.407,0.503,1.0,0.398,0.445,0.0,0.444,0.441,0.416,0.455,0.469,0.404,0.477,0.406,0.464,0.467,0.394,0.396,0.453,0.455,0.455,0.399,0.509
0.412,0.407,0.303,0.716,0.412,0.406,0.394,0.694,0.398,0.723,0.404,0.653,0.408,0.713,0.708,0.393,0.383,0.406,0.406,0.393,0.396,0.407,0.417,0.403,0.393,0.391,0.414,0.699,0.459,0.398,1.0,0.4,0.0,0.402,0.365,0.617,0.393,0.413,0.664,0.412,0.891,0.407,0.406,0.689,0.696,0.419,0.391,0.392,0.641,0.452
0.455,0.618,0.337,0.404,0.689,0.611,0.536,0.403,0.441,0.389,0.659,0.404,0.7,0.398,0.389,0.531,0.619,0.668,0.678,0.535,0.698,0.697,0.715,0.621,0.625,0.585,0.688,0.406,0.454,0.445,0.4,1.0,0.0,0.687,0.549,0.39,0.534,0.7,0.397,0.72,0.397,0.617,0.699,0.407,0.413,0.415,0.62,0.62,0.388,0.436
0.0,0.0,0.0,0.0,0.0,0.0,0.0,0.0,0.0,0.0,0.0,0.0,0.0,0.0,0.0,0.0,0.0,0.0,0.0,0.0,0.0,0.0,0.0,0.0,0.0,0.0,0.0,0.0,0.0,0.0,0.0,0.0,1.0,0.0,0.0,0.0,0.0,0.0,0.0,0.0,0.0,0.0,0.0,0.0,0.0,0.0,0.0,0.0,0.0,0.0
0.455,0.597,0.336,0.397,0.671,0.62,0.555,0.397,0.452,0.399,0.668,0.397,0.754,0.391,0.395,0.548,0.599,0.693,0.686,0.55,0.718,0.859,0.852,0.614,0.6,0.583,0.706,0.398,0.44,0.444,0.402,0.687,0.0,1.0,0.567,0.403,0.553,0.704,0.42,0.731,0.399,0.61,0.713,0.393,0.402,0.398,0.599,0.6,0.396,0.434
0.451,0.723,0.3,0.382,0.575,0.747,0.501,0.372,0.432,0.385,0.627,0.355,0.613,0.376,0.362,0.503,0.673,0.569,0.579,0.496,0.555,0.582,0.562,0.778,0.767,0.685,0.557,0.368,0.419,0.441,0.365,0.549,0.0,0.567,1.0,0.378,0.498,0.577,0.367,0.591,0.367,0.649,0.581,0.359,0.368,0.368,0.626,0.626,0.374,0.41
0.434,0.396,0.307,0.635,0.403,0.414,0.408,0.598,0.421,0.621,0.412,0.596,0.415,0.633,0.622,0.414,0.412,0.404,0.414,0.402,0.405,0.407,0.409,0.412,0.402,0.408,0.399,0.61,0.461,0.416,0.617,0.39,0.0,0.403,0.378,1.0,0.403,0.401,0.63,0.402,0.628,0.397,0.399,0.592,0.599,0.413,0.385,0.385,0.585,0.463
0.454,0.523,0.319,0.394,0.538,0.547,0.988,0.388,0.454,0.389,0.541,0.375,0.545,0.385,0.382,0.951,0.522,0.571,0.576,0.988,0.575,0.569,0.583,0.535,0.524,0.52,0.539,0.385,0.441,0.455,0.393,0.534,0.0,0.553,0.498,0.403,1.0,0.534,0.406,0.552,0.389,0.524,0.542,0.379,0.384,0.388,0.51,0.51,0.377,0.447
0.481,0.632,0.356,0.411,0.688,0.637,0.537,0.423,0.471,0.412,0.692,0.404,0.738,0.407,0.41,0.549,0.604,0.665,0.689,0.533,0.686,0.721,0.713,0.635,0.621,0.607,0.813,0.415,0.465,0.469,0.413,0.7,0.0,0.704,0.577,0.401,0.534,1.0,0.411,0.749,0.422,0.626,0.843,0.412,0.406,0.411,0.624,0.625,0.424,0.45
0.4,0.398,0.304,0.662,0.41,0.421,0.407,0.657,0.388,0.654,0.41,0.655,0.408,0.661,0.677,0.407,0.398,0.406,0.411,0.405,0.409,0.413,0.421,0.396,0.4,0.393,0.4,0.655,0.458,0.404,0.664,0.397,0.0,0.42,0.367,0.63,0.406,0.411,1.0,0.408,0.667,0.404,0.417,0.648,0.658,0.416,0.397,0.398,0.623,0.445
0.475,0.619,0.346,0.41,0.697,0.631,0.554,0.417,0.468,0.406,0.704,0.395,0.769,0.405,0.407,0.559,0.608,0.71,0.722,0.55,0.719,0.755,0.751,0.644,0.619,0.617,0.748,0.41,0.458,0.477,0.412,0.72,0.0,0.731,0.591,0.402,0.552,0.749,0.408,1.0,0.409,0.632,0.756,0.4,0.403,0.423,0.626,0.627,0.401,0.459
0.419,0.411,0.314,0.748,0.416,0.417,0.391,0.7,0.398,0.728,0.405,0.681,0.412,0.741,0.734,0.397,0.39,0.403,0.41,0.389,0.402,0.412,0.421,0.409,0.4,0.397,0.417,0.731,0.463,0.406,0.891,0.397,0.0,0.399,0.367,0.628,0.389,0.422,0.667,0.409,1.0,0.412,0.41,0.717,0.723,0.42,0.395,0.396,0.652,0.457
0.472,0.682,0.34,0.405,0.625,0.704,0.527,0.406,0.466,0.396,0.617,0.387,0.639,0.398,0.394,0.535,0.67,0.623,0.627,0.523,0.584,0.625,0.618,0.713,0.691,0.667,0.617,0.391,0.45,0.464,0.407,0.617,0.0,0.61,0.649,0.397,0.524,0.626,0.404,0.632,0.412,1.0,0.648,0.39,0.394,0.402,0.705,0.706,0.404,0.444
0.465,0.623,0.358,0.407,0.692,0.637,0.544,0.422,0.475,0.4,0.69,0.398,0.74,0.4,0.4,0.544,0.612,0.679,0.693,0.539,0.695,0.731,0.725,0.634,0.619,0.593,0.822,0.405,0.459,0.467,0.406,0.699,0.0,0.713,0.581,0.399,0.542,0.843,0.417,0.756,0.41,0.648,1.0,0.401,0.401,0.412,0.612,0.613,0.404,0.449
0.404,0.42,0.306,0.712,0.406,0.399,0.381,0.89,0.391,0.683,0.384,0.683,0.399,0.699,0.681,0.382,0.381,0.388,0.387,0.379,0.389,0.399,0.406,0.388,0.397,0.388,0.385,0.955,0.459,0.394,0.689,0.407,0.0,0.393,0.359,0.592,0.379,0.412,0.648,0.4,0.717,0.39,0.401,1.0,0.962,0.433,0.393,0.393,0.647,0.445
0.423,0.427,0.311,0.724,0.413,0.404,0.386,0.888,0.394,0.698,0.391,0.691,0.4,0.705,0.69,0.392,0.396,0.39,0.394,0.384,0.399,0.402,0.41,0.4,0.401,0.388,0.383,0.945,0.468,0.396,0.696,0.413,0.0,0.402,0.368,0.599,0.384,0.406,0.658,0.403,0.723,0.394,0.401,0.962,1.0,0.433,0.399,0.399,0.642,0.45
0.444,0.421,0.325,0.429,0.431,0.416,0.388,0.43,0.443,0.418,0.407,0.434,0.414,0.429,0.431,0.392,0.379,0.399,0.403,0.388,0.402,0.404,0.406,0.402,0.399,0.398,0.409,0.427,0.554,0.453,0.419,0.415,0.0,0.398,0.368,0.413,0.388,0.411,0.416,0.423,0.42,0.402,0.412,0.433,0.433,1.0,0.428,0.428,0.417,0.602
0.458,0.69,0.336,0.392,0.649,0.689,0.511,0.4,0.446,0.39,0.597,0.402,0.619,0.387,0.391,0.513,0.66,0.607,0.585,0.51,0.603,0.598,0.607,0.68,0.669,0.681,0.581,0.39,0.447,0.455,0.391,0.62,0.0,0.599,0.626,0.385,0.51,0.624,0.397,0.626,0.395,0.705,0.612,0.393,0.399,0.428,1.0,0.999,0.398,0.442
0.458,0.69,0.336,0.393,0.649,0.689,0.511,0.4,0.446,0.39,0.598,0.402,0.62,0.388,0.392,0.513,0.66,0.607,0.586,0.51,0.603,0.599,0.608,0.68,0.669,0.682,0.582,0.39,0.447,0.455,0.392,0.62,0.0,0.6,0.626,0.385,0.51,0.625,0.398,0.627,0.396,0.706,0.613,0.393,0.399,0.428,0.999,1.0,0.399,0.442
0.414,0.413,0.312,0.662,0.406,0.418,0.379,0.644,0.392,0.65,0.403,0.609,0.414,0.661,0.639,0.392,0.399,0.39,0.41,0.377,0.393,0.406,0.399,0.407,0.414,0.404,0.398,0.661,0.452,0.399,0.641,0.388,0.0,0.396,0.374,0.585,0.377,0.424,0.623,0.401,0.652,0.404,0.404,0.647,0.642,0.417,0.398,0.399,1.0,0.449
0.508,0.456,0.354,0.476,0.453,0.469,0.45,0.455,0.521,0.468,0.45,0.459,0.45,0.46,0.482,0.453,0.426,0.434,0.443,0.445,0.427,0.443,0.436,0.445,0.441,0.437,0.443,0.455,0.835,0.509,0.452,0.436,0.0,0.434,0.41,0.463,0.447,0.45,0.445,0.459,0.457,0.444,0.449,0.445,0.45,0.602,0.442,0.442,0.449,1.0
