GCF_000163235.1_ASM16323v1_genomic.fna,GCF_000164555.1_ASM16455v1_genomic.fna,GCF_000208545.1_ASM20854v2_genomic.fna,GCF_000233875.1_ASM23387v1_genomic.fna,GCF_000249735.1_ASM24973v2_genomic.fna,GCF_000261145.1_Esch_coli_M919_V2_genomic.fna,GCF_000267705.2_ASM26770v2_genomic.fna,GCF_000350665.1_Esch_coli_KTE5_V1_genomic.fna,GCF_000351625.1_Esch_coli_KTE66_V1_genomic.fna,GCF_000352285.1_Esch_coli_KTE46_V1_genomic.fna,GCF_000358895.1_ASM35889v1_genomic.fna,GCF_000456385.1_Esch_coli_HVH_26_4-5703913_V1_genomic.fna,GCF_000458195.1_Esch_coli_HVH_147_4-5893887_V1_genomic.fna,GCF_000459755.1_Esch_coli_KOEGE_58_171a_V1_genomic.fna,GCF_000460055.1_Esch_coli_UMEA_3053-1_V1_genomic.fna,GCF_000462165.2_ASM46216v2_genomic.fna,GCF_000601135.1_ASM60113v1_genomic.fna,GCF_000614595.1_Ec2010EL1058_genomic.fna,GCF_000617745.1_Ec2010C-4529_genomic.fna,GCF_000618265.2_EcF6751_genomic.fna,GCF_000619005.2_Ec2009C-4052_genomic.fna,GCF_000619105.1_Ec2009C-4780_genomic.fna,GCF_000619765.2_Ec2009C-3279_genomic.fna,GCF_000687005.1_ASM68700v1_genomic.fna,GCF_000687025.1_ASM68702v1_genomic.fna,GCF_000700125.1_ASM70012v1_genomic.fna,GCF_000753315.1_FHI35_genomic.fna,GCF_000776375.1_ASM77637v1_genomic.fna,GCF_000779395.1_ASM77939v1_genomic.fna,GCF_000780315.1_ASM78031v1_genomic.fna,GCF_000781995.1_ASM78199v1_genomic.fna,GCF_000986765.1_ASM98676v1_genomic.fna,GCF_001041375.1_ViralProj287958_genomic.fna,GCF_001265335.1_302014_genomic.fna,GCF_001265625.1_100854_genomic.fna,GCF_001267345.1_303289_genomic.fna,GCF_001309985.1_ASM130998v1_genomic.fna,GCF_001521695.1_ASM152169v1_genomic.fna,GCF_001592595.1_ASM159259v1_genomic.fna,GCF_001614975.1_ASM161497v1_genomic.fna,GCF_001692775.1_ASM169277v1_genomic.fna,GCF_001748915.1_ASM174891v1_genomic.fna,GCF_001749235.1_ASM174923v1_genomic.fna,GCF_001881155.1_ASM188115v1_genomic.fna,GCF_001881345.1_ASM188134v1_genomic.fna,GCF_001892405.1_ASM189240v1_genomic.fna,GCF_001892585.1_ASM189258v1_genomic.fna,GCF_001893985.1_ASM189398v1_genomic.fna,GCF_002001595.1_ASM200159v1_genomic.fna,GCF_002002145.1_ASM200214v1_genomic.fna
1.0,0.568,0.499,0.525,0.577,0.565,0.534,0.522,0.657,0.534,0.554,0.542,0.557,0.513,0.512,0.551,0.556,0.554,0.561,0.532,0.542,0.549,0.555,0.579,0.565,0.551,0.562,0.528,0.587,0.637,0.506,0.565,0.0,0.542,0.531,0.52,0.533,0.575,0.511,0.568,0.518,0.545,0.565,0.514,0.53,0.526,0.536,0.537,0.504,0.588
0.568,1.0,0.468,0.517,0.677,0.802,0.604,0.529,0.551,0.523,0.627,0.536,0.658,0.498,0.512,0.605,0.723,0.682,0.65,0.601,0.644,0.683,0.678,0.815,0.822,0.729,0.653,0.524,0.547,0.55,0.512,0.677,0.0,0.668,0.742,0.505,0.602,0.667,0.5,0.671,0.511,0.72,0.655,0.54,0.539,0.519,0.724,0.724,0.521,0.543
0.499,0.468,1.0,0.461,0.465,0.467,0.446,0.433,0.494,0.447,0.461,0.437,0.464,0.442,0.44,0.463,0.464,0.449,0.449,0.445,0.436,0.451,0.451,0.473,0.483,0.473,0.472,0.445,0.495,0.499,0.433,0.462,0.0,0.447,0.436,0.442,0.446,0.473,0.44,0.466,0.446,0.455,0.479,0.439,0.434,0.451,0.444,0.444,0.448,0.508
0.525,0.517,0.461,1.0,0.504,0.52,0.491,0.734,0.524,0.765,0.495,0.773,0.506,0.813,0.801,0.508,0.504,0.492,0.499,0.488,0.482,0.499,0.504,0.52,0.527,0.505,0.5,0.788,0.56,0.512,0.77,0.506,0.0,0.491,0.482,0.686,0.489,0.513,0.735,0.499,0.8,0.503,0.507,0.765,0.774,0.53,0.487,0.488,0.726,0.566
0.577,0.677,0.465,0.504,1.0,0.702,0.606,0.511,0.56,0.521,0.783,0.514,0.758,0.5,0.516,0.631,0.69,0.712,0.724,0.604,0.727,0.753,0.744,0.706,0.705,0.684,0.755,0.509,0.558,0.569,0.507,0.757,0.0,0.739,0.666,0.514,0.607,0.757,0.512,0.767,0.519,0.707,0.761,0.494,0.505,0.519,0.711,0.713,0.509,0.555
0.565,0.802,0.467,0.52,0.702,1.0,0.612,0.525,0.568,0.517,0.658,0.53,0.685,0.516,0.526,0.628,0.739,0.695,0.684,0.608,0.668,0.696,0.694,0.831,0.842,0.735,0.671,0.517,0.57,0.56,0.513,0.688,0.0,0.693,0.777,0.53,0.61,0.683,0.545,0.695,0.524,0.751,0.676,0.508,0.511,0.516,0.741,0.743,0.515,0.566
0.534,0.604,0.446,0.491,0.606,0.612,1.0,0.501,0.543,0.482,0.578,0.489,0.599,0.472,0.491,0.953,0.598,0.647,0.63,0.983,0.648,0.646,0.657,0.605,0.601,0.599,0.607,0.488,0.534,0.529,0.492,0.607,0.0,0.626,0.572,0.508,0.989,0.59,0.493,0.604,0.491,0.596,0.607,0.488,0.493,0.5,0.596,0.597,0.479,0.54
0.522,0.529,0.433,0.734,0.511,0.525,0.501,1.0,0.515,0.725,0.48,0.723,0.503,0.725,0.721,0.502,0.498,0.5,0.494,0.499,0.488,0.505,0.503,0.53,0.519,0.495,0.502,0.898,0.549,0.511,0.745,0.501,0.0,0.499,0.467,0.664,0.499,0.519,0.703,0.508,0.748,0.505,0.503,0.888,0.892,0.527,0.493,0.493,0.688,0.542
0.657,0.551,0.494,0.524,0.56,0.568,0.543,0.515,1.0,0.515,0.552,0.508,0.563,0.513,0.517,0.563,0.557,0.543,0.545,0.543,0.538,0.551,0.546,0.565,0.561,0.548,0.567,0.523,0.597,0.677,0.513,0.559,0.0,0.545,0.522,0.523,0.544,0.559,0.521,0.568,0.517,0.556,0.576,0.509,0.511,0.545,0.542,0.542,0.503,0.617
0.534,0.523,0.447,0.765,0.521,0.517,0.482,0.725,0.515,1.0,0.531,0.745,0.527,0.765,0.743,0.506,0.502,0.496,0.499,0.481,0.479,0.498,0.496,0.53,0.531,0.517,0.515,0.754,0.553,0.516,0.784,0.496,0.0,0.489,0.507,0.677,0.482,0.526,0.742,0.511,0.794,0.503,0.518,0.728,0.748,0.51,0.488,0.489,0.721,0.549
0.554,0.627,0.461,0.495,0.783,0.658,0.578,0.48,0.552,0.531,1.0,0.488,0.772,0.498,0.491,0.598,0.656,0.687,0.701,0.575,0.691,0.717,0.708,0.686,0.662,0.66,0.728,0.482,0.529,0.552,0.485,0.716,0.0,0.698,0.678,0.492,0.578,0.73,0.503,0.749,0.489,0.664,0.753,0.471,0.478,0.484,0.643,0.645,0.488,0.54
0.542,0.536,0.437,0.773,0.514,0.53,0.489,0.723,0.508,0.745,0.488,1.0,0.503,0.765,0.862,0.508,0.513,0.494,0.503,0.485,0.494,0.499,0.5,0.538,0.536,0.51,0.501,0.753,0.561,0.512,0.729,0.507,0.0,0.491,0.494,0.679,0.488,0.517,0.727,0.51,0.759,0.506,0.508,0.733,0.751,0.521,0.499,0.5,0.707,0.551
0.557,0.658,0.464,0.506,0.758,0.685,0.599,0.503,0.563,0.527,0.772,0.503,1.0,0.505,0.507,0.617,0.675,0.735,0.762,0.597,0.752,0.806,0.797,0.715,0.693,0.686,0.792,0.497,0.548,0.568,0.495,0.771,0.0,0.782,0.675,0.503,0.599,0.786,0.52,0.803,0.503,0.697,0.802,0.486,0.49,0.497,0.681,0.683,0.499,0.552
0.513,0.498,0.442,0.813,0.5,0.516,0.472,0.725,0.513,0.765,0.498,0.765,0.505,1.0,0.806,0.491,0.494,0.49,0.49,0.471,0.471,0.495,0.493,0.513,0.511,0.496,0.495,0.776,0.56,0.501,0.766,0.494,0.0,0.486,0.478,0.674,0.472,0.513,0.735,0.499,0.792,0.489,0.504,0.752,0.764,0.515,0.48,0.481,0.724,0.56
0.512,0.512,0.44,0.801,0.516,0.526,0.491,0.721,0.517,0.743,0.491,0.862,0.507,0.806,1.0,0.505,0.514,0.495,0.5,0.49,0.491,0.503,0.507,0.515,0.519,0.502,0.507,0.76,0.554,0.507,0.761,0.51,0.0,0.492,0.481,0.683,0.491,0.515,0.734,0.515,0.785,0.505,0.507,0.732,0.747,0.525,0.509,0.51,0.71,0.563
0.551,0.605,0.463,0.508,0.631,0.628,0.953,0.502,0.563,0.506,0.598,0.508,0.617,0.491,0.505,1.0,0.614,0.637,0.648,0.95,0.627,0.644,0.644,0.621,0.618,0.618,0.621,0.5,0.549,0.552,0.506,0.622,0.0,0.616,0.59,0.522,0.954,0.615,0.504,0.621,0.51,0.614,0.624,0.483,0.494,0.502,0.608,0.609,0.503,0.555
0.556,0.723,0.464,0.504,0.69,0.739,0.598,0.498,0.557,0.502,0.656,0.513,0.675,0.494,0.514,0.614,1.0,0.666,0.673,0.594,0.644,0.68,0.674,0.765,0.759,0.767,0.673,0.495,0.542,0.552,0.49,0.703,0.0,0.675,0.693,0.517,0.596,0.658,0.517,0.681,0.496,0.705,0.674,0.485,0.498,0.493,0.725,0.727,0.493,0.549
0.554,0.682,0.449,0.492,0.712,0.695,0.647,0.5,0.543,0.496,0.687,0.494,0.735,0.49,0.495,0.637,0.666,1.0,0.79,0.641,0.772,0.797,0.78,0.695,0.677,0.66,0.742,0.495,0.539,0.542,0.5,0.737,0.0,0.753,0.645,0.524,0.644,0.714,0.512,0.74,0.498,0.682,0.727,0.494,0.499,0.51,0.679,0.68,0.48,0.544
0.561,0.65,0.449,0.499,0.724,0.684,0.63,0.494,0.545,0.499,0.701,0.503,0.762,0.49,0.5,0.648,0.673,0.79,1.0,0.629,0.77,0.786,0.77,0.688,0.675,0.666,0.757,0.493,0.537,0.557,0.492,0.76,0.0,0.742,0.646,0.516,0.629,0.732,0.512,0.769,0.497,0.691,0.742,0.48,0.485,0.496,0.675,0.676,0.492,0.542
0.532,0.601,0.445,0.488,0.604,0.608,0.983,0.499,0.543,0.481,0.575,0.485,0.597,0.471,0.49,0.95,0.594,0.641,0.629,1.0,0.644,0.646,0.653,0.601,0.601,0.597,0.603,0.487,0.531,0.53,0.491,0.605,0.0,0.623,0.567,0.505,0.988,0.588,0.49,0.602,0.49,0.594,0.605,0.485,0.489,0.5,0.594,0.595,0.478,0.539
0.542,0.644,0.436,0.482,0.727,0.668,0.648,0.488,0.538,0.479,0.691,0.494,0.752,0.471,0.491,0.627,0.644,0.772,0.77,0.644,1.0,0.801,0.807,0.661,0.648,0.64,0.736,0.482,0.514,0.539,0.485,0.755,0.0,0.79,0.623,0.513,0.643,0.723,0.503,0.761,0.489,0.665,0.736,0.482,0.483,0.507,0.667,0.668,0.473,0.522
0.549,0.683,0.451,0.499,0.753,0.696,0.646,0.505,0.551,0.498,0.717,0.499,0.806,0.495,0.503,0.644,0.68,0.797,0.786,0.646,0.801,1.0,0.933,0.695,0.688,0.663,0.761,0.5,0.54,0.552,0.499,0.782,0.0,0.893,0.65,0.519,0.646,0.746,0.506,0.787,0.498,0.689,0.764,0.495,0.498,0.517,0.683,0.684,0.49,0.551
0.555,0.678,0.451,0.504,0.744,0.694,0.657,0.503,0.546,0.496,0.708,0.5,0.797,0.493,0.507,0.644,0.674,0.78,0.77,0.653,0.807,0.933,1.0,0.694,0.677,0.66,0.755,0.496,0.54,0.542,0.499,0.775,0.0,0.893,0.649,0.513,0.652,0.737,0.51,0.769,0.5,0.684,0.751,0.5,0.499,0.513,0.67,0.671,0.485,0.539
0.579,0.815,0.473,0.52,0.706,0.831,0.605,0.53,0.565,0.53,0.686,0.538,0.715,0.513,0.515,0.621,0.765,0.695,0.688,0.601,0.661,0.695,0.694,1.0,0.856,0.771,0.691,0.513,0.566,0.574,0.502,0.697,0.0,0.682,0.811,0.522,0.604,0.693,0.519,0.703,0.512,0.748,0.702,0.506,0.511,0.506,0.742,0.744,0.508,0.564
0.565,0.822,0.483,0.527,0.705,0.842,0.601,0.519,0.561,0.531,0.662,0.536,0.693,0.511,0.519,0.618,0.759,0.677,0.675,0.601,0.648,0.688,0.677,0.856,1.0,0.774,0.681,0.511,0.559,0.554,0.509,0.691,0.0,0.66,0.795,0.513,0.602,0.684,0.526,0.69,0.515,0.729,0.686,0.515,0.514,0.519,0.731,0.732,0.526,0.564
0.551,0.729,0.473,0.505,0.684,0.735,0.599,0.495,0.548,0.517,0.66,0.51,0.686,0.496,0.502,0.618,0.767,0.66,0.666,0.597,0.64,0.663,0.66,0.771,0.774,1.0,0.672,0.492,0.537,0.551,0.489,0.673,0.0,0.65,0.703,0.502,0.598,0.669,0.508,0.679,0.498,0.709,0.674,0.497,0.491,0.494,0.714,0.715,0.502,0.544
0.562,0.653,0.472,0.5,0.755,0.671,0.607,0.502,0.567,0.515,0.728,0.501,0.792,0.495,0.507,0.621,0.673,0.742,0.757,0.603,0.736,0.761,0.755,0.691,0.681,0.672,1.0,0.495,0.555,0.567,0.498,0.771,0.0,0.738,0.641,0.505,0.606,0.845,0.508,0.797,0.505,0.681,0.849,0.487,0.488,0.511,0.661,0.663,0.49,0.558
0.528,0.524,0.445,0.788,0.509,0.517,0.488,0.898,0.523,0.754,0.482,0.753,0.497,0.776,0.76,0.5,0.495,0.495,0.493,0.487,0.482,0.5,0.496,0.513,0.511,0.492,0.495,1.0,0.553,0.507,0.771,0.504,0.0,0.493,0.463,0.674,0.488,0.515,0.721,0.496,0.795,0.5,0.496,0.958,0.949,0.524,0.487,0.488,0.719,0.544
0.587,0.547,0.495,0.56,0.558,0.57,0.534,0.549,0.597,0.553,0.529,0.561,0.548,0.56,0.554,0.549,0.542,0.539,0.537,0.531,0.514,0.54,0.54,0.566,0.559,0.537,0.555,0.553,1.0,0.588,0.548,0.551,0.0,0.539,0.518,0.548,0.533,0.556,0.555,0.543,0.557,0.533,0.555,0.534,0.546,0.633,0.523,0.525,0.538,0.863
0.637,0.55,0.499,0.512,0.569,0.56,0.529,0.511,0.677,0.516,0.552,0.512,0.568,0.501,0.507,0.552,0.552,0.542,0.557,0.53,0.539,0.552,0.542,0.574,0.554,0.551,0.567,0.507,0.588,1.0,0.507,0.563,0.0,0.537,0.522,0.519,0.53,0.564,0.513,0.583,0.52,0.554,0.576,0.493,0.495,0.546,0.544,0.544,0.504,0.598
0.506,0.512,0.433,0.77,0.507,0.513,0.492,0.745,0.513,0.784,0.485,0.729,0.495,0.766,0.761,0.506,0.49,0.5,0.492,0.491,0.485,0.499,0.499,0.502,0.509,0.489,0.498,0.771,0.548,0.507,1.0,0.491,0.0,0.485,0.464,0.678,0.492,0.496,0.711,0.5,0.911,0.501,0.493,0.75,0.76,0.519,0.484,0.485,0.707,0.546
0.565,0.677,0.462,0.506,0.757,0.688,0.607,0.501,0.559,0.496,0.716,0.507,0.771,0.494,0.51,0.622,0.703,0.737,0.76,0.605,0.755,0.782,0.775,0.697,0.691,0.673,0.771,0.504,0.551,0.563,0.491,1.0,0.0,0.76,0.637,0.509,0.607,0.771,0.507,0.792,0.5,0.693,0.78,0.495,0.502,0.507,0.692,0.692,0.498,0.545
0.0,0.0,0.0,0.0,0.0,0.0,0.0,0.0,0.0,0.0,0.0,0.0,0.0,0.0,0.0,0.0,0.0,0.0,0.0,0.0,0.0,0.0,0.0,0.0,0.0,0.0,0.0,0.0,0.0,0.0,0.0,0.0,1.0,0.0,0.0,0.0,0.0,0.0,0.0,0.0,0.0,0.0,0.0,0.0,0.0,0.0,0.0,0.0,0.0,0.0
0.542,0.668,0.447,0.491,0.739,0.693,0.626,0.499,0.545,0.489,0.698,0.491,0.782,0.486,0.492,0.616,0.675,0.753,0.742,0.623,0.79,0.893,0.893,0.682,0.66,0.65,0.738,0.493,0.539,0.537,0.485,0.76,0.0,1.0,0.645,0.52,0.622,0.724,0.513,0.758,0.487,0.671,0.749,0.494,0.499,0.509,0.668,0.668,0.478,0.541
0.531,0.742,0.436,0.482,0.666,0.777,0.572,0.467,0.522,0.507,0.678,0.494,0.675,0.478,0.481,0.59,0.693,0.645,0.646,0.567,0.623,0.65,0.649,0.811,0.795,0.703,0.641,0.463,0.518,0.522,0.464,0.637,0.0,0.645,1.0,0.481,0.569,0.642,0.495,0.653,0.475,0.692,0.659,0.452,0.461,0.465,0.685,0.687,0.465,0.518
0.52,0.505,0.442,0.686,0.514,0.53,0.508,0.664,0.523,0.677,0.492,0.679,0.503,0.674,0.683,0.522,0.517,0.524,0.516,0.505,0.513,0.519,0.513,0.522,0.513,0.502,0.505,0.674,0.548,0.519,0.678,0.509,0.0,0.52,0.481,1.0,0.506,0.503,0.707,0.521,0.689,0.507,0.504,0.659,0.668,0.524,0.494,0.495,0.683,0.55
0.533,0.602,0.446,0.489,0.607,0.61,0.989,0.499,0.544,0.482,0.578,0.488,0.599,0.472,0.491,0.954,0.596,0.644,0.629,0.988,0.643,0.646,0.652,0.604,0.602,0.598,0.606,0.488,0.533,0.53,0.492,0.607,0.0,0.622,0.569,0.506,1.0,0.59,0.492,0.604,0.491,0.596,0.607,0.485,0.491,0.5,0.597,0.598,0.479,0.541
0.575,0.667,0.473,0.513,0.757,0.683,0.59,0.519,0.559,0.526,0.73,0.517,0.786,0.513,0.515,0.615,0.658,0.714,0.732,0.588,0.723,0.746,0.737,0.693,0.684,0.669,0.845,0.515,0.556,0.564,0.496,0.771,0.0,0.724,0.642,0.503,0.59,1.0,0.522,0.787,0.504,0.688,0.873,0.508,0.498,0.512,0.681,0.682,0.501,0.563
0.511,0.5,0.44,0.735,0.512,0.545,0.493,0.703,0.521,0.742,0.503,0.727,0.52,0.735,0.734,0.504,0.517,0.512,0.512,0.49,0.503,0.506,0.51,0.519,0.526,0.508,0.508,0.721,0.555,0.513,0.711,0.507,0.0,0.513,0.495,0.707,0.492,0.522,1.0,0.511,0.721,0.506,0.516,0.705,0.715,0.512,0.501,0.502,0.692,0.556
0.568,0.671,0.466,0.499,0.767,0.695,0.604,0.508,0.568,0.511,0.749,0.51,0.803,0.499,0.515,0.621,0.681,0.74,0.769,0.602,0.761,0.787,0.769,0.703,0.69,0.679,0.797,0.496,0.543,0.583,0.5,0.792,0.0,0.758,0.653,0.521,0.604,0.787,0.511,1.0,0.51,0.702,0.794,0.486,0.49,0.521,0.698,0.699,0.497,0.56
0.518,0.511,0.446,0.8,0.519,0.524,0.491,0.748,0.517,0.794,0.489,0.759,0.503,0.792,0.785,0.51,0.496,0.498,0.497,0.49,0.489,0.498,0.5,0.512,0.515,0.498,0.505,0.795,0.557,0.52,0.911,0.5,0.0,0.487,0.475,0.689,0.491,0.504,0.721,0.51,1.0,0.504,0.498,0.77,0.777,0.524,0.488,0.489,0.721,0.559
0.545,0.72,0.455,0.503,0.707,0.751,0.596,0.505,0.556,0.503,0.664,0.506,0.697,0.489,0.505,0.614,0.705,0.682,0.691,0.594,0.665,0.689,0.684,0.748,0.729,0.709,0.681,0.5,0.533,0.554,0.501,0.693,0.0,0.671,0.692,0.507,0.596,0.688,0.506,0.702,0.504,1.0,0.709,0.492,0.493,0.487,0.761,0.762,0.496,0.537
0.565,0.655,0.479,0.507,0.761,0.676,0.607,0.503,0.576,0.518,0.753,0.508,0.802,0.504,0.507,0.624,0.674,0.727,0.742,0.605,0.736,0.764,0.751,0.702,0.686,0.674,0.849,0.496,0.555,0.576,0.493,0.78,0.0,0.749,0.659,0.504,0.607,0.873,0.516,0.794,0.498,0.709,1.0,0.489,0.492,0.509,0.677,0.678,0.494,0.566
0.514,0.54,0.439,0.765,0.494,0.508,0.488,0.888,0.509,0.728,0.471,0.733,0.486,0.752,0.732,0.483,0.485,0.494,0.48,0.485,0.482,0.495,0.5,0.506,0.515,0.497,0.487,0.958,0.534,0.493,0.75,0.495,0.0,0.494,0.452,0.659,0.485,0.508,0.705,0.486,0.77,0.492,0.489,1.0,0.954,0.53,0.479,0.479,0.709,0.528
0.53,0.539,0.434,0.774,0.505,0.511,0.493,0.892,0.511,0.748,0.478,0.751,0.49,0.764,0.747,0.494,0.498,0.499,0.485,0.489,0.483,0.498,0.499,0.511,0.514,0.491,0.488,0.949,0.546,0.495,0.76,0.502,0.0,0.499,0.461,0.668,0.491,0.498,0.715,0.49,0.777,0.493,0.492,0.954,1.0,0.525,0.485,0.485,0.707,0.534
0.526,0.519,0.451,0.53,0.519,0.516,0.5,0.527,0.545,0.51,0.484,0.521,0.497,0.515,0.525,0.502,0.493,0.51,0.496,0.5,0.507,0.517,0.513,0.506,0.519,0.494,0.511,0.524,0.633,0.546,0.519,0.507,0.0,0.509,0.465,0.524,0.5,0.512,0.512,0.521,0.524,0.487,0.509,0.53,0.525,1.0,0.513,0.514,0.515,0.675
0.536,0.724,0.444,0.487,0.711,0.741,0.596,0.493,0.542,0.488,0.643,0.499,0.681,0.48,0.509,0.608,0.725,0.679,0.675,0.594,0.667,0.683,0.67,0.742,0.731,0.714,0.661,0.487,0.523,0.544,0.484,0.692,0.0,0.668,0.685,0.494,0.597,0.681,0.501,0.698,0.488,0.761,0.677,0.479,0.485,0.513,1.0,0.998,0.486,0.546
0.537,0.724,0.444,0.488,0.713,0.743,0.597,0.493,0.542,0.489,0.645,0.5,0.683,0.481,0.51,0.609,0.727,0.68,0.676,0.595,0.668,0.684,0.671,0.744,0.732,0.715,0.663,0.488,0.525,0.544,0.485,0.692,0.0,0.668,0.687,0.495,0.598,0.682,0.502,0.699,0.489,0.762,0.678,0.479,0.485,0.514,0.998,1.0,0.487,0.547
0.504,0.521,0.448,0.726,0.509,0.515,0.479,0.688,0.503,0.721,0.488,0.707,0.499,0.724,0.71,0.503,0.493,0.48,0.492,0.478,0.473,0.49,0.485,0.508,0.526,0.502,0.49,0.719,0.538,0.504,0.707,0.498,0.0,0.478,0.465,0.683,0.479,0.501,0.692,0.497,0.721,0.496,0.494,0.709,0.707,0.515,0.486,0.487,1.0,0.538
0.588,0.543,0.508,0.566,0.555,0.566,0.54,0.542,0.617,0.549,0.54,0.551,0.552,0.56,0.563,0.555,0.549,0.544,0.542,0.539,0.522,0.551,0.539,0.564,0.564,0.544,0.558,0.544,0.863,0.598,0.546,0.545,0.0,0.541,0.518,0.55,0.541,0.563,0.556,0.56,0.559,0.537,0.566,0.528,0.534,0.675,0.546,0.547,0.538,1.0
