GCF_000163235.1_ASM16323v1_genomic.fna,GCF_000164555.1_ASM16455v1_genomic.fna,GCF_000208545.1_ASM20854v2_genomic.fna,GCF_000233875.1_ASM23387v1_genomic.fna,GCF_000249735.1_ASM24973v2_genomic.fna,GCF_000261145.1_Esch_coli_M919_V2_genomic.fna,GCF_000267705.2_ASM26770v2_genomic.fna,GCF_000350665.1_Esch_coli_KTE5_V1_genomic.fna,GCF_000351625.1_Esch_coli_KTE66_V1_genomic.fna,GCF_000352285.1_Esch_coli_KTE46_V1_genomic.fna,GCF_000358895.1_ASM35889v1_genomic.fna,GCF_000456385.1_Esch_coli_HVH_26_4-5703913_V1_genomic.fna,GCF_000458195.1_Esch_coli_HVH_147_4-5893887_V1_genomic.fna,GCF_000459755.1_Esch_coli_KOEGE_58_171a_V1_genomic.fna,GCF_000460055.1_Esch_coli_UMEA_3053-1_V1_genomic.fna,GCF_000462165.2_ASM46216v2_genomic.fna,GCF_000601135.1_ASM60113v1_genomic.fna,GCF_000614595.1_Ec2010EL1058_genomic.fna,GCF_000617745.1_Ec2010C-4529_genomic.fna,GCF_000618265.2_EcF6751_genomic.fna,GCF_000619005.2_Ec2009C-4052_genomic.fna,GCF_000619105.1_Ec2009C-4780_genomic.fna,GCF_000619765.2_Ec2009C-3279_genomic.fna,GCF_000687005.1_ASM68700v1_genomic.fna,GCF_000687025.1_ASM68702v1_genomic.fna,GCF_000700125.1_ASM70012v1_genomic.fna,GCF_000753315.1_FHI35_genomic.fna,GCF_000776375.1_ASM77637v1_genomic.fna,GCF_000779395.1_ASM77939v1_genomic.fna,GCF_000780315.1_ASM78031v1_genomic.fna,GCF_000781995.1_ASM78199v1_genomic.fna,GCF_000986765.1_ASM98676v1_genomic.fna,GCF_001041375.1_ViralProj287958_genomic.fna,GCF_001265335.1_302014_genomic.fna,GCF_001265625.1_100854_genomic.fna,GCF_001267345.1_303289_genomic.fna,GCF_001309985.1_ASM130998v1_genomic.fna,GCF_001521695.1_ASM152169v1_genomic.fna,GCF_001592595.1_ASM159259v1_genomic.fna,GCF_001614975.1_ASM161497v1_genomic.fna,GCF_001692775.1_ASM169277v1_genomic.fna,GCF_001748915.1_ASM174891v1_genomic.fna,GCF_001749235.1_ASM174923v1_genomic.fna,GCF_001881155.1_ASM188115v1_genomic.fna,GCF_001881345.1_ASM188134v1_genomic.fna,GCF_001892405.1_ASM189240v1_genomic.fna,GCF_001892585.1_ASM189258v1_genomic.fna,GCF_001893985.1_ASM189398v1_genomic.fna,GCF_002001595.1_ASM200159v1_genomic.fna,GCF_002002145.1_ASM200214v1_genomic.fna
1.0,0.911,0.896,0.893,0.896,0.9,0.895,0.901,0.915,0.893,0.871,0.889,0.883,0.89,0.898,0.894,0.897,0.894,0.901,0.892,0.899,0.886,0.89,0.889,0.887,0.891,0.896,0.899,0.912,0.904,0.892,0.902,0.019,0.887,0.874,0.903,0.893,0.898,0.897,0.892,0.903,0.908,0.903,0.903,0.907,0.886,0.903,0.902,0.89,0.91
0.911,1.0,0.89,0.88,0.918,0.927,0.907,0.892,0.895,0.879,0.891,0.881,0.897,0.887,0.889,0.911,0.921,0.916,0.923,0.906,0.914,0.906,0.906,0.933,0.932,0.918,0.917,0.885,0.897,0.895,0.891,0.929,0.02,0.911,0.907,0.896,0.907,0.917,0.891,0.914,0.9,0.927,0.918,0.888,0.891,0.89,0.924,0.924,0.888,0.895
0.896,0.89,1.0,0.869,0.876,0.88,0.879,0.879,0.892,0.867,0.862,0.864,0.867,0.875,0.879,0.884,0.881,0.875,0.886,0.874,0.884,0.865,0.868,0.871,0.871,0.873,0.877,0.877,0.887,0.878,0.882,0.884,0.016,0.874,0.855,0.877,0.875,0.87,0.874,0.881,0.881,0.897,0.887,0.879,0.882,0.881,0.896,0.894,0.872,0.886
0.893,0.88,0.869,1.0,0.893,0.894,0.879,0.939,0.884,0.934,0.877,0.938,0.877,0.953,0.943,0.878,0.894,0.888,0.887,0.876,0.891,0.885,0.89,0.881,0.893,0.886,0.885,0.951,0.889,0.887,0.925,0.887,0.017,0.878,0.864,0.913,0.877,0.885,0.928,0.888,0.944,0.893,0.887,0.945,0.94,0.863,0.888,0.889,0.926,0.89
0.896,0.918,0.876,0.893,1.0,0.924,0.895,0.899,0.888,0.89,0.928,0.891,0.922,0.896,0.883,0.892,0.929,0.934,0.927,0.891,0.924,0.919,0.923,0.93,0.923,0.921,0.934,0.9,0.902,0.898,0.879,0.923,0.019,0.915,0.909,0.887,0.892,0.93,0.896,0.932,0.896,0.921,0.936,0.898,0.894,0.876,0.918,0.92,0.88,0.898
0.9,0.927,0.88,0.894,0.924,1.0,0.892,0.898,0.892,0.887,0.902,0.885,0.916,0.898,0.885,0.894,0.931,0.919,0.921,0.888,0.921,0.917,0.92,0.942,0.947,0.923,0.927,0.897,0.894,0.902,0.882,0.928,0.02,0.921,0.921,0.895,0.889,0.93,0.899,0.925,0.897,0.927,0.925,0.896,0.89,0.874,0.93,0.931,0.887,0.891
0.895,0.907,0.879,0.879,0.895,0.892,1.0,0.889,0.891,0.87,0.871,0.874,0.877,0.882,0.891,0.986,0.893,0.897,0.903,0.995,0.903,0.889,0.896,0.886,0.89,0.889,0.896,0.88,0.882,0.877,0.899,0.903,0.018,0.889,0.868,0.898,0.996,0.894,0.877,0.893,0.89,0.896,0.903,0.882,0.882,0.894,0.893,0.893,0.874,0.887
0.901,0.892,0.879,0.939,0.899,0.898,0.889,1.0,0.893,0.925,0.87,0.935,0.878,0.944,0.931,0.887,0.892,0.886,0.894,0.885,0.901,0.886,0.891,0.887,0.89,0.882,0.895,0.974,0.905,0.893,0.927,0.904,0.02,0.888,0.861,0.921,0.886,0.899,0.924,0.891,0.94,0.904,0.9,0.976,0.97,0.881,0.899,0.898,0.927,0.899
0.915,0.895,0.892,0.884,0.888,0.892,0.891,0.893,1.0,0.879,0.867,0.881,0.881,0.887,0.894,0.891,0.896,0.893,0.901,0.887,0.897,0.888,0.889,0.886,0.884,0.884,0.892,0.887,0.894,0.915,0.884,0.904,0.019,0.884,0.871,0.889,0.888,0.89,0.885,0.896,0.89,0.903,0.897,0.89,0.894,0.875,0.905,0.903,0.887,0.904
0.893,0.879,0.867,0.934,0.89,0.887,0.87,0.925,0.879,1.0,0.874,0.924,0.882,0.935,0.923,0.87,0.894,0.89,0.885,0.866,0.884,0.889,0.887,0.888,0.894,0.889,0.888,0.935,0.888,0.89,0.922,0.883,0.02,0.874,0.871,0.913,0.867,0.886,0.916,0.883,0.936,0.89,0.885,0.931,0.93,0.86,0.884,0.884,0.927,0.881
0.871,0.891,0.862,0.877,0.928,0.902,0.871,0.87,0.867,0.874,1.0,0.866,0.927,0.877,0.864,0.869,0.905,0.924,0.906,0.866,0.908,0.912,0.911,0.919,0.913,0.901,0.914,0.871,0.869,0.874,0.859,0.9,0.018,0.896,0.92,0.864,0.867,0.907,0.873,0.918,0.872,0.901,0.913,0.868,0.865,0.845,0.892,0.894,0.861,0.871
0.889,0.881,0.864,0.938,0.891,0.885,0.874,0.935,0.881,0.924,0.866,1.0,0.869,0.942,0.957,0.873,0.881,0.877,0.884,0.87,0.889,0.877,0.882,0.876,0.881,0.884,0.884,0.936,0.896,0.89,0.915,0.89,0.018,0.875,0.854,0.904,0.871,0.889,0.922,0.881,0.937,0.891,0.891,0.938,0.936,0.865,0.891,0.893,0.927,0.885
0.883,0.897,0.867,0.877,0.922,0.916,0.877,0.878,0.881,0.882,0.927,0.869,1.0,0.874,0.869,0.875,0.925,0.939,0.923,0.872,0.925,0.938,0.936,0.941,0.923,0.911,0.931,0.879,0.88,0.883,0.865,0.922,0.02,0.916,0.917,0.87,0.873,0.934,0.874,0.932,0.874,0.906,0.93,0.875,0.868,0.851,0.911,0.912,0.87,0.884
0.89,0.887,0.875,0.953,0.896,0.898,0.882,0.944,0.887,0.935,0.877,0.942,0.874,1.0,0.939,0.881,0.893,0.891,0.891,0.879,0.9,0.887,0.891,0.884,0.895,0.887,0.89,0.954,0.901,0.894,0.925,0.9,0.019,0.884,0.866,0.918,0.879,0.892,0.928,0.893,0.941,0.902,0.895,0.948,0.943,0.868,0.894,0.896,0.932,0.895
0.898,0.889,0.879,0.943,0.883,0.885,0.891,0.931,0.894,0.923,0.864,0.957,0.869,0.939,1.0,0.889,0.88,0.877,0.889,0.887,0.893,0.874,0.881,0.872,0.877,0.875,0.88,0.931,0.894,0.893,0.934,0.889,0.018,0.876,0.852,0.919,0.888,0.882,0.922,0.879,0.947,0.895,0.889,0.931,0.932,0.878,0.895,0.895,0.93,0.896
0.894,0.911,0.884,0.878,0.892,0.894,0.986,0.887,0.891,0.87,0.869,0.873,0.875,0.881,0.889,1.0,0.893,0.893,0.904,0.983,0.896,0.889,0.894,0.885,0.889,0.89,0.892,0.879,0.882,0.879,0.891,0.902,0.018,0.886,0.867,0.897,0.984,0.892,0.875,0.89,0.887,0.899,0.902,0.881,0.882,0.893,0.897,0.897,0.873,0.886
0.897,0.921,0.881,0.894,0.929,0.931,0.893,0.892,0.896,0.894,0.905,0.881,0.925,0.893,0.88,0.893,1.0,0.928,0.918,0.889,0.917,0.924,0.93,0.938,0.937,0.937,0.922,0.892,0.897,0.893,0.876,0.932,0.019,0.913,0.915,0.89,0.89,0.919,0.897,0.925,0.889,0.924,0.927,0.89,0.887,0.875,0.927,0.928,0.89,0.897
0.894,0.916,0.875,0.888,0.934,0.919,0.897,0.886,0.893,0.89,0.924,0.877,0.939,0.891,0.877,0.893,0.928,1.0,0.949,0.892,0.938,0.937,0.944,0.933,0.925,0.926,0.942,0.886,0.887,0.891,0.875,0.934,0.02,0.922,0.911,0.89,0.893,0.928,0.889,0.941,0.885,0.915,0.936,0.883,0.879,0.87,0.911,0.912,0.879,0.889
0.901,0.923,0.886,0.887,0.927,0.921,0.903,0.894,0.901,0.885,0.906,0.884,0.923,0.891,0.889,0.904,0.918,0.949,1.0,0.9,0.94,0.927,0.931,0.925,0.917,0.92,0.935,0.887,0.892,0.899,0.882,0.933,0.019,0.925,0.907,0.897,0.901,0.923,0.893,0.934,0.893,0.924,0.935,0.889,0.888,0.873,0.923,0.924,0.888,0.901
0.892,0.906,0.874,0.876,0.891,0.888,0.995,0.885,0.887,0.866,0.866,0.87,0.872,0.879,0.887,0.983,0.889,0.892,0.9,1.0,0.899,0.885,0.891,0.882,0.886,0.886,0.892,0.876,0.879,0.876,0.898,0.9,0.018,0.885,0.864,0.893,0.999,0.891,0.873,0.89,0.886,0.892,0.9,0.878,0.878,0.897,0.89,0.89,0.87,0.884
0.899,0.914,0.884,0.891,0.924,0.921,0.903,0.901,0.897,0.884,0.908,0.889,0.925,0.9,0.893,0.896,0.917,0.938,0.94,0.899,1.0,0.934,0.94,0.919,0.918,0.916,0.94,0.898,0.898,0.895,0.883,0.937,0.02,0.936,0.903,0.899,0.9,0.936,0.895,0.941,0.897,0.921,0.944,0.896,0.891,0.875,0.923,0.924,0.89,0.904
0.886,0.906,0.865,0.885,0.919,0.917,0.889,0.886,0.888,0.889,0.912,0.877,0.938,0.887,0.874,0.889,0.924,0.937,0.927,0.885,0.934,1.0,0.975,0.929,0.928,0.917,0.925,0.882,0.882,0.885,0.868,0.931,0.018,0.951,0.908,0.885,0.886,0.927,0.886,0.934,0.88,0.906,0.93,0.88,0.879,0.864,0.911,0.912,0.878,0.882
0.89,0.906,0.868,0.89,0.923,0.92,0.896,0.891,0.889,0.887,0.911,0.882,0.936,0.891,0.881,0.894,0.93,0.944,0.931,0.891,0.94,0.975,1.0,0.925,0.928,0.924,0.935,0.888,0.887,0.885,0.87,0.93,0.018,0.947,0.904,0.892,0.892,0.928,0.891,0.934,0.881,0.909,0.931,0.884,0.883,0.869,0.913,0.914,0.88,0.89
0.889,0.933,0.871,0.881,0.93,0.942,0.886,0.887,0.886,0.888,0.919,0.876,0.941,0.884,0.872,0.885,0.938,0.933,0.925,0.882,0.919,0.929,0.925,1.0,0.961,0.936,0.929,0.885,0.888,0.89,0.87,0.923,0.019,0.911,0.942,0.883,0.883,0.923,0.886,0.929,0.886,0.921,0.92,0.882,0.878,0.867,0.926,0.928,0.883,0.891
0.887,0.932,0.871,0.893,0.923,0.947,0.89,0.89,0.884,0.894,0.913,0.881,0.923,0.895,0.877,0.889,0.937,0.925,0.917,0.886,0.918,0.928,0.928,0.961,1.0,0.936,0.927,0.894,0.888,0.887,0.874,0.926,0.018,0.91,0.935,0.886,0.887,0.922,0.895,0.925,0.89,0.921,0.92,0.893,0.891,0.869,0.923,0.925,0.888,0.883
0.891,0.918,0.873,0.886,0.921,0.923,0.889,0.882,0.884,0.889,0.901,0.884,0.911,0.887,0.875,0.89,0.937,0.926,0.92,0.886,0.916,0.917,0.924,0.936,0.936,1.0,0.919,0.883,0.889,0.891,0.875,0.918,0.022,0.899,0.908,0.885,0.887,0.909,0.887,0.918,0.886,0.914,0.907,0.882,0.883,0.87,0.916,0.918,0.881,0.886
0.896,0.917,0.877,0.885,0.934,0.927,0.896,0.895,0.892,0.888,0.914,0.884,0.931,0.89,0.88,0.892,0.922,0.942,0.935,0.892,0.94,0.925,0.935,0.929,0.927,0.919,1.0,0.89,0.892,0.892,0.875,0.939,0.018,0.924,0.909,0.888,0.893,0.951,0.889,0.942,0.891,0.922,0.952,0.888,0.884,0.875,0.922,0.923,0.882,0.896
0.899,0.885,0.877,0.951,0.9,0.897,0.88,0.974,0.887,0.935,0.871,0.936,0.879,0.954,0.931,0.879,0.892,0.886,0.887,0.876,0.898,0.882,0.888,0.885,0.894,0.883,0.89,1.0,0.901,0.896,0.926,0.891,0.019,0.881,0.864,0.919,0.877,0.897,0.924,0.889,0.941,0.896,0.895,0.991,0.982,0.87,0.891,0.892,0.933,0.894
0.912,0.897,0.887,0.889,0.902,0.894,0.882,0.905,0.894,0.888,0.869,0.896,0.88,0.901,0.894,0.882,0.897,0.887,0.892,0.879,0.898,0.882,0.887,0.888,0.888,0.889,0.892,0.901,1.0,0.896,0.886,0.9,0.018,0.886,0.866,0.886,0.88,0.897,0.898,0.894,0.899,0.9,0.9,0.904,0.901,0.885,0.9,0.9,0.892,0.955
0.904,0.895,0.878,0.887,0.898,0.902,0.877,0.893,0.915,0.89,0.874,0.89,0.883,0.894,0.893,0.879,0.893,0.891,0.899,0.876,0.895,0.885,0.885,0.89,0.887,0.891,0.892,0.896,0.896,1.0,0.882,0.895,0.02,0.886,0.877,0.886,0.876,0.892,0.893,0.893,0.894,0.894,0.898,0.897,0.891,0.872,0.896,0.896,0.893,0.898
0.892,0.891,0.882,0.925,0.879,0.882,0.899,0.927,0.884,0.922,0.859,0.915,0.865,0.925,0.934,0.891,0.876,0.875,0.882,0.898,0.883,0.868,0.87,0.87,0.874,0.875,0.875,0.926,0.886,0.882,1.0,0.887,0.018,0.874,0.844,0.909,0.899,0.874,0.913,0.879,0.951,0.889,0.882,0.928,0.931,0.895,0.89,0.888,0.922,0.884
0.902,0.929,0.884,0.887,0.923,0.928,0.903,0.904,0.904,0.883,0.9,0.89,0.922,0.9,0.889,0.902,0.932,0.934,0.933,0.9,0.937,0.931,0.93,0.923,0.926,0.918,0.939,0.891,0.9,0.895,0.887,1.0,0.02,0.926,0.9,0.896,0.901,0.938,0.896,0.939,0.897,0.93,0.948,0.895,0.894,0.889,0.93,0.929,0.892,0.897
0.019,0.02,0.016,0.017,0.019,0.02,0.018,0.02,0.019,0.02,0.018,0.018,0.02,0.019,0.018,0.018,0.019,0.02,0.019,0.018,0.02,0.018,0.018,0.019,0.018,0.022,0.018,0.019,0.018,0.02,0.018,0.02,1.0,0.019,0.018,0.02,0.018,0.019,0.021,0.021,0.02,0.02,0.02,0.02,0.019,0.018,0.018,0.018,0.019,0.019
0.887,0.911,0.874,0.878,0.915,0.921,0.889,0.888,0.884,0.874,0.896,0.875,0.916,0.884,0.876,0.886,0.913,0.922,0.925,0.885,0.936,0.951,0.947,0.911,0.91,0.899,0.924,0.881,0.886,0.886,0.874,0.926,0.019,1.0,0.893,0.894,0.886,0.918,0.893,0.926,0.884,0.911,0.931,0.884,0.882,0.869,0.912,0.913,0.886,0.892
0.874,0.907,0.855,0.864,0.909,0.921,0.868,0.861,0.871,0.871,0.92,0.854,0.917,0.866,0.852,0.867,0.915,0.911,0.907,0.864,0.903,0.908,0.904,0.942,0.935,0.908,0.909,0.864,0.866,0.877,0.844,0.9,0.018,0.893,1.0,0.863,0.865,0.899,0.864,0.905,0.862,0.903,0.902,0.861,0.857,0.849,0.905,0.906,0.858,0.869
0.903,0.896,0.877,0.913,0.887,0.895,0.898,0.921,0.889,0.913,0.864,0.904,0.87,0.918,0.919,0.897,0.89,0.89,0.897,0.893,0.899,0.885,0.892,0.883,0.886,0.885,0.888,0.919,0.886,0.886,0.909,0.896,0.02,0.894,0.863,1.0,0.894,0.885,0.918,0.885,0.926,0.893,0.895,0.922,0.926,0.874,0.893,0.893,0.916,0.889
0.893,0.907,0.875,0.877,0.892,0.889,0.996,0.886,0.888,0.867,0.867,0.871,0.873,0.879,0.888,0.984,0.89,0.893,0.901,0.999,0.9,0.886,0.892,0.883,0.887,0.887,0.893,0.877,0.88,0.876,0.899,0.901,0.018,0.886,0.865,0.894,1.0,0.892,0.874,0.891,0.887,0.893,0.901,0.879,0.879,0.897,0.891,0.891,0.871,0.885
0.898,0.917,0.87,0.885,0.93,0.93,0.894,0.899,0.89,0.886,0.907,0.889,0.934,0.892,0.882,0.892,0.919,0.928,0.923,0.891,0.936,0.927,0.928,0.923,0.922,0.909,0.951,0.897,0.897,0.892,0.874,0.938,0.019,0.918,0.899,0.885,0.892,1.0,0.894,0.934,0.89,0.914,0.958,0.895,0.889,0.868,0.919,0.92,0.886,0.891
0.897,0.891,0.874,0.928,0.896,0.899,0.877,0.924,0.885,0.916,0.873,0.922,0.874,0.928,0.922,0.875,0.897,0.889,0.893,0.873,0.895,0.886,0.891,0.886,0.895,0.887,0.889,0.924,0.898,0.893,0.913,0.896,0.021,0.893,0.864,0.918,0.874,0.894,1.0,0.895,0.926,0.893,0.898,0.929,0.926,0.88,0.897,0.899,0.927,0.894
0.892,0.914,0.881,0.888,0.932,0.925,0.893,0.891,0.896,0.883,0.918,0.881,0.932,0.893,0.879,0.89,0.925,0.941,0.934,0.89,0.941,0.934,0.934,0.929,0.925,0.918,0.942,0.889,0.894,0.893,0.879,0.939,0.021,0.926,0.905,0.885,0.891,0.934,0.895,1.0,0.89,0.919,0.939,0.885,0.882,0.872,0.926,0.927,0.882,0.898
0.903,0.9,0.881,0.944,0.896,0.897,0.89,0.94,0.89,0.936,0.872,0.937,0.874,0.941,0.947,0.887,0.889,0.885,0.893,0.886,0.897,0.88,0.881,0.886,0.89,0.886,0.891,0.941,0.899,0.894,0.951,0.897,0.02,0.884,0.862,0.926,0.887,0.89,0.926,0.89,1.0,0.907,0.894,0.946,0.944,0.876,0.899,0.899,0.933,0.897
0.908,0.927,0.897,0.893,0.921,0.927,0.896,0.904,0.903,0.89,0.901,0.891,0.906,0.902,0.895,0.899,0.924,0.915,0.924,0.892,0.921,0.906,0.909,0.921,0.921,0.914,0.922,0.896,0.9,0.894,0.889,0.93,0.02,0.911,0.903,0.893,0.893,0.914,0.893,0.919,0.907,1.0,0.928,0.9,0.9,0.877,0.927,0.927,0.895,0.9
0.903,0.918,0.887,0.887,0.936,0.925,0.903,0.9,0.897,0.885,0.913,0.891,0.93,0.895,0.889,0.902,0.927,0.936,0.935,0.9,0.944,0.93,0.931,0.92,0.92,0.907,0.952,0.895,0.9,0.898,0.882,0.948,0.02,0.931,0.902,0.895,0.901,0.958,0.898,0.939,0.894,0.928,1.0,0.899,0.893,0.878,0.925,0.926,0.89,0.901
0.903,0.888,0.879,0.945,0.898,0.896,0.882,0.976,0.89,0.931,0.868,0.938,0.875,0.948,0.931,0.881,0.89,0.883,0.889,0.878,0.896,0.88,0.884,0.882,0.893,0.882,0.888,0.991,0.904,0.897,0.928,0.895,0.02,0.884,0.861,0.922,0.879,0.895,0.929,0.885,0.946,0.9,0.899,1.0,0.988,0.875,0.896,0.897,0.934,0.895
0.907,0.891,0.882,0.94,0.894,0.89,0.882,0.97,0.894,0.93,0.865,0.936,0.868,0.943,0.932,0.882,0.887,0.879,0.888,0.878,0.891,0.879,0.883,0.878,0.891,0.883,0.884,0.982,0.901,0.891,0.931,0.894,0.019,0.882,0.857,0.926,0.879,0.889,0.926,0.882,0.944,0.9,0.893,0.988,1.0,0.875,0.9,0.899,0.934,0.892
0.886,0.89,0.881,0.863,0.876,0.874,0.894,0.881,0.875,0.86,0.845,0.865,0.851,0.868,0.878,0.893,0.875,0.87,0.873,0.897,0.875,0.864,0.869,0.867,0.869,0.87,0.875,0.87,0.885,0.872,0.895,0.889,0.018,0.869,0.849,0.874,0.897,0.868,0.88,0.872,0.876,0.877,0.878,0.875,0.875,1.0,0.888,0.887,0.866,0.901
0.903,0.924,0.896,0.888,0.918,0.93,0.893,0.899,0.905,0.884,0.892,0.891,0.911,0.894,0.895,0.897,0.927,0.911,0.923,0.89,0.923,0.911,0.913,0.926,0.923,0.916,0.922,0.891,0.9,0.896,0.89,0.93,0.018,0.912,0.905,0.893,0.891,0.919,0.897,0.926,0.899,0.927,0.925,0.896,0.9,0.888,1.0,0.998,0.893,0.908
0.902,0.924,0.894,0.889,0.92,0.931,0.893,0.898,0.903,0.884,0.894,0.893,0.912,0.896,0.895,0.897,0.928,0.912,0.924,0.89,0.924,0.912,0.914,0.928,0.925,0.918,0.923,0.892,0.9,0.896,0.888,0.929,0.018,0.913,0.906,0.893,0.891,0.92,0.899,0.927,0.899,0.927,0.926,0.897,0.899,0.887,0.998,1.0,0.895,0.907
0.89,0.888,0.872,0.926,0.88,0.887,0.874,0.927,0.887,0.927,0.861,0.927,0.87,0.932,0.93,0.873,0.89,0.879,0.888,0.87,0.89,0.878,0.88,0.883,0.888,0.881,0.882,0.933,0.892,0.893,0.922,0.892,0.019,0.886,0.858,0.916,0.871,0.886,0.927,0.882,0.933,0.895,0.89,0.934,0.934,0.866,0.893,0.895,1.0,0.885
0.91,0.895,0.886,0.89,0.898,0.891,0.887,0.899,0.904,0.881,0.871,0.885,0.884,0.895,0.896,0.886,0.897,0.889,0.901,0.884,0.904,0.882,0.89,0.891,0.883,0.886,0.896,0.894,0.955,0.898,0.884,0.897,0.019,0.892,0.869,0.889,0.885,0.891,0.894,0.898,0.897,0.9,0.901,0.895,0.892,0.901,0.908,0.907,0.885,1.0
