GCF_000163235.1_ASM16323v1_genomic.fna,GCF_000164555.1_ASM16455v1_genomic.fna,GCF_000208545.1_ASM20854v2_genomic.fna,GCF_000233875.1_ASM23387v1_genomic.fna,GCF_000249735.1_ASM24973v2_genomic.fna,GCF_000261145.1_Esch_coli_M919_V2_genomic.fna,GCF_000267705.2_ASM26770v2_genomic.fna,GCF_000350665.1_Esch_coli_KTE5_V1_genomic.fna,GCF_000351625.1_Esch_coli_KTE66_V1_genomic.fna,GCF_000352285.1_Esch_coli_KTE46_V1_genomic.fna,GCF_000358895.1_ASM35889v1_genomic.fna,GCF_000456385.1_Esch_coli_HVH_26_4-5703913_V1_genomic.fna,GCF_000458195.1_Esch_coli_HVH_147_4-5893887_V1_genomic.fna,GCF_000459755.1_Esch_coli_KOEGE_58_171a_V1_genomic.fna,GCF_000460055.1_Esch_coli_UMEA_3053-1_V1_genomic.fna,GCF_000462165.2_ASM46216v2_genomic.fna,GCF_000601135.1_ASM60113v1_genomic.fna,GCF_000614595.1_Ec2010EL1058_genomic.fna,GCF_000617745.1_Ec2010C-4529_genomic.fna,GCF_000618265.2_EcF6751_genomic.fna,GCF_000619005.2_Ec2009C-4052_genomic.fna,GCF_000619105.1_Ec2009C-4780_genomic.fna,GCF_000619765.2_Ec2009C-3279_genomic.fna,GCF_000687005.1_ASM68700v1_genomic.fna,GCF_000687025.1_ASM68702v1_genomic.fna,GCF_000700125.1_ASM70012v1_genomic.fna,GCF_000753315.1_FHI35_genomic.fna,GCF_000776375.1_ASM77637v1_genomic.fna,GCF_000779395.1_ASM77939v1_genomic.fna,GCF_000780315.1_ASM78031v1_genomic.fna,GCF_000781995.1_ASM78199v1_genomic.fna,GCF_000986765.1_ASM98676v1_genomic.fna,GCF_001041375.1_ViralProj287958_genomic.fna,GCF_001265335.1_302014_genomic.fna,GCF_001265625.1_100854_genomic.fna,GCF_001267345.1_303289_genomic.fna,GCF_001309985.1_ASM130998v1_genomic.fna,GCF_001521695.1_ASM152169v1_genomic.fna,GCF_001592595.1_ASM159259v1_genomic.fna,GCF_001614975.1_ASM161497v1_genomic.fna,GCF_001692775.1_ASM169277v1_genomic.fna,GCF_001748915.1_ASM174891v1_genomic.fna,GCF_001749235.1_ASM174923v1_genomic.fna,GCF_001881155.1_ASM188115v1_genomic.fna,GCF_001881345.1_ASM188134v1_genomic.fna,GCF_001892405.1_ASM189240v1_genomic.fna,GCF_001892585.1_ASM189258v1_genomic.fna,GCF_001893985.1_ASM189398v1_genomic.fna,GCF_002001595.1_ASM200159v1_genomic.fna,GCF_002002145.1_ASM200214v1_genomic.fna
1.0,0.469,0.36,0.405,0.445,0.442,0.448,0.428,0.562,0.429,0.458,0.429,0.461,0.407,0.399,0.457,0.464,0.464,0.457,0.443,0.427,0.452,0.45,0.457,0.443,0.464,0.465,0.414,0.492,0.548,0.383,0.437,0.0,0.457,0.427,0.429,0.447,0.475,0.397,0.463,0.397,0.433,0.466,0.412,0.432,0.426,0.439,0.438,0.388,0.493
0.469,1.0,0.327,0.388,0.61,0.793,0.526,0.406,0.425,0.395,0.592,0.416,0.599,0.381,0.39,0.538,0.7,0.604,0.6,0.519,0.565,0.593,0.587,0.801,0.825,0.717,0.598,0.39,0.406,0.424,0.379,0.588,0.0,0.593,0.739,0.385,0.526,0.621,0.378,0.584,0.387,0.667,0.596,0.412,0.407,0.374,0.676,0.677,0.393,0.41
0.36,0.327,1.0,0.287,0.299,0.297,0.306,0.297,0.353,0.298,0.305,0.301,0.3,0.286,0.294,0.311,0.308,0.302,0.308,0.304,0.294,0.31,0.297,0.309,0.313,0.315,0.306,0.291,0.331,0.344,0.289,0.295,0.0,0.314,0.284,0.303,0.306,0.31,0.29,0.307,0.302,0.309,0.308,0.307,0.297,0.298,0.304,0.305,0.294,0.338
0.405,0.388,0.287,1.0,0.364,0.369,0.368,0.693,0.393,0.702,0.396,0.714,0.392,0.757,0.756,0.372,0.389,0.369,0.382,0.363,0.36,0.373,0.373,0.387,0.37,0.388,0.373,0.74,0.449,0.399,0.678,0.37,0.0,0.372,0.361,0.615,0.368,0.385,0.647,0.379,0.711,0.357,0.382,0.711,0.716,0.388,0.354,0.356,0.65,0.463
0.445,0.61,0.299,0.364,1.0,0.619,0.525,0.389,0.429,0.376,0.736,0.39,0.674,0.374,0.38,0.528,0.593,0.653,0.647,0.518,0.665,0.646,0.659,0.597,0.616,0.595,0.661,0.373,0.41,0.416,0.374,0.667,0.0,0.661,0.56,0.374,0.524,0.678,0.375,0.659,0.38,0.617,0.67,0.375,0.382,0.379,0.64,0.642,0.366,0.401
0.442,0.793,0.297,0.369,0.619,1.0,0.537,0.412,0.425,0.378,0.593,0.395,0.603,0.373,0.378,0.541,0.688,0.622,0.61,0.527,0.58,0.587,0.596,0.778,0.814,0.68,0.596,0.378,0.404,0.419,0.371,0.599,0.0,0.602,0.743,0.391,0.534,0.618,0.395,0.59,0.379,0.679,0.606,0.383,0.386,0.372,0.687,0.686,0.373,0.401
0.448,0.526,0.306,0.368,0.525,0.537,1.0,0.381,0.441,0.363,0.508,0.373,0.515,0.364,0.37,0.962,0.529,0.573,0.569,0.985,0.561,0.544,0.563,0.533,0.538,0.532,0.526,0.363,0.409,0.415,0.361,0.53,0.0,0.53,0.503,0.396,0.991,0.513,0.382,0.513,0.362,0.533,0.523,0.368,0.371,0.389,0.529,0.531,0.354,0.414
0.428,0.406,0.297,0.693,0.389,0.412,0.381,1.0,0.404,0.682,0.403,0.698,0.411,0.707,0.668,0.384,0.404,0.394,0.408,0.375,0.372,0.393,0.385,0.42,0.391,0.405,0.399,0.89,0.472,0.404,0.667,0.388,0.0,0.391,0.379,0.594,0.381,0.431,0.645,0.407,0.68,0.385,0.414,0.876,0.872,0.398,0.371,0.371,0.631,0.469
0.562,0.425,0.353,0.393,0.429,0.425,0.441,0.404,1.0,0.397,0.437,0.393,0.431,0.394,0.4,0.445,0.431,0.443,0.442,0.437,0.412,0.437,0.426,0.427,0.419,0.421,0.44,0.397,0.473,0.571,0.384,0.415,0.0,0.436,0.396,0.409,0.441,0.439,0.385,0.433,0.392,0.409,0.448,0.399,0.4,0.417,0.417,0.418,0.387,0.492
0.429,0.395,0.298,0.702,0.376,0.378,0.363,0.682,0.397,1.0,0.42,0.679,0.403,0.706,0.68,0.372,0.398,0.373,0.383,0.358,0.35,0.375,0.361,0.398,0.377,0.395,0.381,0.708,0.475,0.41,0.694,0.359,0.0,0.373,0.379,0.624,0.364,0.394,0.642,0.388,0.702,0.362,0.388,0.677,0.69,0.378,0.363,0.363,0.645,0.452
0.458,0.592,0.305,0.396,0.736,0.593,0.508,0.403,0.437,0.42,1.0,0.395,0.76,0.413,0.391,0.516,0.602,0.668,0.666,0.502,0.647,0.684,0.661,0.639,0.586,0.608,0.687,0.405,0.45,0.459,0.366,0.649,0.0,0.67,0.605,0.425,0.508,0.67,0.396,0.719,0.382,0.592,0.697,0.388,0.39,0.366,0.59,0.59,0.385,0.445
0.429,0.416,0.301,0.714,0.39,0.395,0.373,0.698,0.393,0.679,0.395,1.0,0.397,0.72,0.851,0.383,0.405,0.389,0.398,0.369,0.378,0.391,0.383,0.397,0.386,0.404,0.392,0.702,0.463,0.393,0.66,0.39,0.0,0.392,0.363,0.594,0.372,0.41,0.663,0.395,0.698,0.371,0.403,0.708,0.716,0.406,0.377,0.378,0.625,0.467
0.461,0.599,0.3,0.392,0.674,0.603,0.515,0.411,0.431,0.403,0.76,0.397,1.0,0.395,0.387,0.523,0.603,0.692,0.704,0.509,0.689,0.774,0.753,0.641,0.587,0.598,0.744,0.404,0.446,0.444,0.362,0.684,0.0,0.759,0.603,0.416,0.515,0.72,0.384,0.759,0.373,0.594,0.747,0.387,0.386,0.371,0.594,0.593,0.384,0.449
0.407,0.381,0.286,0.757,0.374,0.373,0.364,0.707,0.394,0.706,0.413,0.72,0.395,1.0,0.745,0.368,0.379,0.379,0.387,0.358,0.355,0.379,0.369,0.388,0.371,0.383,0.381,0.754,0.47,0.401,0.664,0.369,0.0,0.371,0.378,0.616,0.364,0.401,0.645,0.387,0.701,0.349,0.39,0.721,0.723,0.386,0.355,0.356,0.649,0.464
0.399,0.39,0.294,0.756,0.38,0.378,0.37,0.668,0.4,0.68,0.391,0.851,0.387,0.745,1.0,0.374,0.399,0.386,0.392,0.366,0.364,0.39,0.382,0.38,0.376,0.389,0.386,0.7,0.453,0.375,0.684,0.379,0.0,0.381,0.351,0.587,0.37,0.399,0.666,0.382,0.713,0.363,0.388,0.702,0.702,0.402,0.378,0.379,0.635,0.477
0.457,0.538,0.311,0.372,0.528,0.541,0.962,0.384,0.445,0.372,0.516,0.383,0.523,0.368,0.374,1.0,0.535,0.572,0.568,0.957,0.553,0.547,0.557,0.535,0.545,0.538,0.525,0.369,0.418,0.424,0.366,0.523,0.0,0.531,0.505,0.407,0.961,0.522,0.387,0.518,0.368,0.533,0.528,0.373,0.379,0.39,0.532,0.533,0.365,0.422
0.464,0.7,0.308,0.389,0.593,0.688,0.529,0.404,0.431,0.398,0.602,0.405,0.603,0.379,0.399,0.535,1.0,0.593,0.598,0.522,0.566,0.603,0.596,0.724,0.701,0.742,0.613,0.391,0.416,0.412,0.375,0.616,0.0,0.602,0.659,0.403,0.527,0.606,0.388,0.583,0.388,0.651,0.616,0.401,0.406,0.361,0.645,0.646,0.376,0.42
0.464,0.604,0.302,0.369,0.653,0.622,0.573,0.394,0.443,0.373,0.668,0.389,0.692,0.379,0.386,0.572,0.593,1.0,0.746,0.566,0.714,0.722,0.728,0.615,0.605,0.585,0.699,0.372,0.429,0.432,0.375,0.682,0.0,0.688,0.575,0.423,0.57,0.667,0.393,0.68,0.375,0.605,0.68,0.378,0.38,0.379,0.605,0.605,0.358,0.43
0.457,0.6,0.308,0.382,0.647,0.61,0.569,0.408,0.442,0.383,0.666,0.398,0.704,0.387,0.392,0.568,0.598,0.746,1.0,0.562,0.713,0.729,0.728,0.608,0.591,0.588,0.718,0.383,0.435,0.438,0.378,0.679,0.0,0.696,0.578,0.421,0.566,0.678,0.404,0.689,0.38,0.597,0.697,0.386,0.386,0.382,0.592,0.592,0.362,0.443
0.443,0.519,0.304,0.363,0.518,0.527,0.985,0.375,0.437,0.358,0.502,0.369,0.509,0.358,0.366,0.957,0.522,0.566,0.562,1.0,0.554,0.538,0.554,0.526,0.531,0.526,0.519,0.357,0.405,0.411,0.357,0.53,0.0,0.522,0.494,0.394,0.988,0.507,0.375,0.508,0.358,0.532,0.516,0.362,0.365,0.389,0.522,0.524,0.35,0.411
0.427,0.565,0.294,0.36,0.665,0.58,0.561,0.372,0.412,0.35,0.647,0.378,0.689,0.355,0.364,0.553,0.566,0.714,0.713,0.554,1.0,0.717,0.741,0.568,0.578,0.571,0.704,0.362,0.393,0.402,0.345,0.694,0.0,0.707,0.55,0.39,0.558,0.686,0.368,0.686,0.356,0.567,0.697,0.367,0.37,0.368,0.593,0.595,0.342,0.407
0.452,0.593,0.31,0.373,0.646,0.587,0.544,0.393,0.437,0.375,0.684,0.391,0.774,0.379,0.39,0.547,0.603,0.722,0.729,0.538,0.717,1.0,0.915,0.599,0.585,0.584,0.736,0.386,0.415,0.415,0.362,0.691,0.0,0.867,0.569,0.402,0.543,0.711,0.388,0.727,0.371,0.577,0.733,0.385,0.387,0.366,0.587,0.587,0.369,0.421
0.45,0.587,0.297,0.373,0.659,0.596,0.563,0.385,0.426,0.361,0.661,0.383,0.753,0.369,0.382,0.557,0.596,0.728,0.728,0.554,0.741,0.915,1.0,0.588,0.597,0.572,0.721,0.373,0.411,0.405,0.359,0.714,0.0,0.853,0.555,0.398,0.559,0.695,0.382,0.703,0.366,0.587,0.714,0.376,0.378,0.374,0.592,0.594,0.352,0.415
0.457,0.801,0.309,0.387,0.597,0.778,0.533,0.42,0.427,0.398,0.639,0.397,0.641,0.388,0.38,0.535,0.724,0.615,0.608,0.526,0.568,0.599,0.588,1.0,0.798,0.725,0.616,0.397,0.42,0.439,0.366,0.587,0.0,0.602,0.79,0.403,0.533,0.601,0.369,0.597,0.376,0.676,0.612,0.384,0.39,0.363,0.664,0.664,0.376,0.422
0.443,0.825,0.313,0.37,0.616,0.814,0.538,0.391,0.419,0.377,0.586,0.386,0.587,0.371,0.376,0.545,0.701,0.605,0.591,0.531,0.578,0.585,0.597,0.798,1.0,0.736,0.592,0.373,0.403,0.409,0.371,0.616,0.0,0.591,0.758,0.385,0.538,0.603,0.377,0.58,0.377,0.681,0.593,0.394,0.387,0.374,0.684,0.685,0.382,0.395
0.464,0.717,0.315,0.388,0.595,0.68,0.532,0.405,0.421,0.395,0.608,0.404,0.598,0.383,0.389,0.538,0.742,0.585,0.588,0.526,0.571,0.584,0.572,0.725,0.736,1.0,0.603,0.39,0.41,0.414,0.368,0.586,0.0,0.583,0.677,0.401,0.53,0.607,0.382,0.597,0.38,0.663,0.603,0.411,0.4,0.356,0.663,0.665,0.396,0.413
0.465,0.598,0.306,0.373,0.661,0.596,0.526,0.399,0.44,0.381,0.687,0.392,0.744,0.381,0.386,0.525,0.613,0.699,0.718,0.519,0.704,0.736,0.721,0.616,0.592,0.603,1.0,0.382,0.423,0.425,0.37,0.696,0.0,0.721,0.579,0.398,0.525,0.822,0.382,0.749,0.381,0.592,0.835,0.391,0.385,0.38,0.584,0.584,0.363,0.424
0.414,0.39,0.291,0.74,0.373,0.378,0.363,0.89,0.397,0.708,0.405,0.702,0.404,0.754,0.7,0.369,0.391,0.372,0.383,0.357,0.362,0.386,0.373,0.397,0.373,0.39,0.382,1.0,0.473,0.401,0.671,0.376,0.0,0.376,0.372,0.603,0.364,0.41,0.639,0.383,0.706,0.363,0.388,0.945,0.933,0.38,0.363,0.363,0.652,0.467
0.492,0.406,0.331,0.449,0.41,0.404,0.409,0.472,0.473,0.475,0.45,0.463,0.446,0.47,0.453,0.418,0.416,0.429,0.435,0.405,0.393,0.415,0.411,0.42,0.403,0.41,0.423,0.473,1.0,0.484,0.441,0.421,0.0,0.413,0.411,0.473,0.409,0.437,0.443,0.426,0.449,0.397,0.429,0.455,0.458,0.512,0.393,0.393,0.449,0.814
0.548,0.424,0.344,0.399,0.416,0.419,0.415,0.404,0.571,0.41,0.459,0.393,0.444,0.401,0.375,0.424,0.412,0.432,0.438,0.411,0.402,0.415,0.405,0.439,0.409,0.414,0.425,0.401,0.484,1.0,0.373,0.398,0.0,0.413,0.424,0.416,0.415,0.425,0.372,0.432,0.385,0.403,0.436,0.382,0.384,0.408,0.408,0.408,0.388,0.49
0.383,0.379,0.289,0.678,0.374,0.371,0.361,0.667,0.384,0.694,0.366,0.66,0.362,0.664,0.684,0.366,0.375,0.375,0.378,0.357,0.345,0.362,0.359,0.366,0.371,0.368,0.37,0.671,0.441,0.373,1.0,0.363,0.0,0.365,0.331,0.579,0.361,0.386,0.624,0.358,0.882,0.358,0.366,0.675,0.68,0.393,0.359,0.359,0.615,0.444
0.437,0.588,0.295,0.37,0.667,0.599,0.53,0.388,0.415,0.359,0.649,0.39,0.684,0.369,0.379,0.523,0.616,0.682,0.679,0.53,0.694,0.691,0.714,0.587,0.616,0.586,0.696,0.376,0.421,0.398,0.363,1.0,0.0,0.689,0.544,0.383,0.529,0.7,0.389,0.698,0.361,0.607,0.708,0.382,0.386,0.39,0.599,0.601,0.352,0.418
0.0,0.0,0.0,0.0,0.0,0.0,0.0,0.0,0.0,0.0,0.0,0.0,0.0,0.0,0.0,0.0,0.0,0.0,0.0,0.0,0.0,0.0,0.0,0.0,0.0,0.0,0.0,0.0,0.0,0.0,0.0,0.0,1.0,0.0,0.0,0.0,0.0,0.0,0.0,0.0,0.0,0.0,0.0,0.0,0.0,0.0,0.0,0.0,0.0,0.0
0.457,0.593,0.314,0.372,0.661,0.602,0.53,0.391,0.436,0.373,0.67,0.392,0.759,0.371,0.381,0.531,0.602,0.688,0.696,0.522,0.707,0.867,0.853,0.602,0.591,0.583,0.721,0.376,0.413,0.413,0.365,0.689,0.0,1.0,0.563,0.413,0.527,0.706,0.398,0.716,0.37,0.586,0.726,0.379,0.388,0.37,0.594,0.594,0.356,0.416
0.427,0.739,0.284,0.361,0.56,0.743,0.503,0.379,0.396,0.379,0.605,0.363,0.603,0.378,0.351,0.505,0.659,0.575,0.578,0.494,0.55,0.569,0.555,0.79,0.758,0.677,0.579,0.372,0.411,0.424,0.331,0.544,0.0,0.563,1.0,0.392,0.501,0.562,0.337,0.572,0.339,0.625,0.583,0.35,0.355,0.337,0.623,0.624,0.342,0.403
0.429,0.385,0.303,0.615,0.374,0.391,0.396,0.594,0.409,0.624,0.425,0.594,0.416,0.616,0.587,0.407,0.403,0.423,0.421,0.394,0.39,0.402,0.398,0.403,0.385,0.401,0.398,0.603,0.473,0.416,0.579,0.383,0.0,0.413,0.392,1.0,0.395,0.403,0.598,0.405,0.594,0.373,0.404,0.584,0.588,0.386,0.378,0.379,0.591,0.474
0.447,0.526,0.306,0.368,0.524,0.534,0.991,0.381,0.441,0.364,0.508,0.372,0.515,0.364,0.37,0.961,0.527,0.57,0.566,0.988,0.558,0.543,0.559,0.533,0.538,0.53,0.525,0.364,0.409,0.415,0.361,0.529,0.0,0.527,0.501,0.395,1.0,0.512,0.38,0.512,0.362,0.532,0.522,0.368,0.371,0.388,0.528,0.53,0.354,0.414
0.475,0.621,0.31,0.385,0.678,0.618,0.513,0.431,0.439,0.394,0.67,0.41,0.72,0.401,0.399,0.522,0.606,0.667,0.678,0.507,0.686,0.711,0.695,0.601,0.603,0.607,0.822,0.41,0.437,0.425,0.386,0.7,0.0,0.706,0.562,0.403,0.512,1.0,0.399,0.727,0.4,0.591,0.851,0.416,0.411,0.385,0.605,0.605,0.385,0.423
0.397,0.378,0.29,0.647,0.375,0.395,0.382,0.645,0.385,0.642,0.396,0.663,0.384,0.645,0.666,0.387,0.388,0.393,0.404,0.375,0.368,0.388,0.382,0.369,0.377,0.382,0.382,0.639,0.443,0.372,0.624,0.389,0.0,0.398,0.337,0.598,0.38,0.399,1.0,0.39,0.64,0.375,0.398,0.643,0.649,0.383,0.37,0.371,0.607,0.442
0.463,0.584,0.307,0.379,0.659,0.59,0.513,0.407,0.433,0.388,0.719,0.395,0.759,0.387,0.382,0.518,0.583,0.68,0.689,0.508,0.686,0.727,0.703,0.597,0.58,0.597,0.749,0.383,0.426,0.432,0.358,0.698,0.0,0.716,0.572,0.405,0.512,0.727,0.39,1.0,0.37,0.587,0.754,0.38,0.388,0.376,0.605,0.605,0.374,0.441
0.397,0.387,0.302,0.711,0.38,0.379,0.362,0.68,0.392,0.702,0.382,0.698,0.373,0.701,0.713,0.368,0.388,0.375,0.38,0.358,0.356,0.371,0.366,0.376,0.377,0.38,0.381,0.706,0.449,0.385,0.882,0.361,0.0,0.37,0.339,0.594,0.362,0.4,0.64,0.37,1.0,0.368,0.379,0.711,0.715,0.396,0.364,0.365,0.634,0.454
0.433,0.667,0.309,0.357,0.617,0.679,0.533,0.385,0.409,0.362,0.592,0.371,0.594,0.349,0.363,0.533,0.651,0.605,0.597,0.532,0.567,0.577,0.587,0.676,0.681,0.663,0.592,0.363,0.397,0.403,0.358,0.607,0.0,0.586,0.625,0.373,0.532,0.591,0.375,0.587,0.368,1.0,0.615,0.369,0.366,0.372,0.712,0.714,0.351,0.392
0.466,0.596,0.308,0.382,0.67,0.606,0.523,0.414,0.448,0.388,0.697,0.403,0.747,0.39,0.388,0.528,0.616,0.68,0.697,0.516,0.697,0.733,0.714,0.612,0.593,0.603,0.835,0.388,0.429,0.436,0.366,0.708,0.0,0.726,0.583,0.404,0.522,0.851,0.398,0.754,0.379,0.615,1.0,0.391,0.391,0.39,0.598,0.599,0.37,0.435
0.412,0.412,0.307,0.711,0.375,0.383,0.368,0.876,0.399,0.677,0.388,0.708,0.387,0.721,0.702,0.373,0.401,0.378,0.386,0.362,0.367,0.385,0.376,0.384,0.394,0.411,0.391,0.945,0.455,0.382,0.675,0.382,0.0,0.379,0.35,0.584,0.368,0.416,0.643,0.38,0.711,0.369,0.391,1.0,0.952,0.388,0.367,0.367,0.649,0.453
0.432,0.407,0.297,0.716,0.382,0.386,0.371,0.872,0.4,0.69,0.39,0.716,0.386,0.723,0.702,0.379,0.406,0.38,0.386,0.365,0.37,0.387,0.378,0.39,0.387,0.4,0.385,0.933,0.458,0.384,0.68,0.386,0.0,0.388,0.355,0.588,0.371,0.411,0.649,0.388,0.715,0.366,0.391,0.952,1.0,0.388,0.371,0.371,0.634,0.458
0.426,0.374,0.298,0.388,0.379,0.372,0.389,0.398,0.417,0.378,0.366,0.406,0.371,0.386,0.402,0.39,0.361,0.379,0.382,0.389,0.368,0.366,0.374,0.363,0.374,0.356,0.38,0.38,0.512,0.408,0.393,0.39,0.0,0.37,0.337,0.386,0.388,0.385,0.383,0.376,0.396,0.372,0.39,0.388,0.388,1.0,0.39,0.391,0.369,0.579
0.439,0.676,0.304,0.354,0.64,0.687,0.529,0.371,0.417,0.363,0.59,0.377,0.594,0.355,0.378,0.532,0.645,0.605,0.592,0.522,0.593,0.587,0.592,0.664,0.684,0.663,0.584,0.363,0.393,0.408,0.359,0.599,0.0,0.594,0.623,0.378,0.528,0.605,0.37,0.605,0.364,0.712,0.598,0.367,0.371,0.39,1.0,0.997,0.353,0.408
0.438,0.677,0.305,0.356,0.642,0.686,0.531,0.371,0.418,0.363,0.59,0.378,0.593,0.356,0.379,0.533,0.646,0.605,0.592,0.524,0.595,0.587,0.594,0.664,0.685,0.665,0.584,0.363,0.393,0.408,0.359,0.601,0.0,0.594,0.624,0.379,0.53,0.605,0.371,0.605,0.365,0.714,0.599,0.367,0.371,0.391,0.997,1.0,0.353,0.409
0.388,0.393,0.294,0.65,0.366,0.373,0.354,0.631,0.387,0.645,0.385,0.625,0.384,0.649,0.635,0.365,0.376,0.358,0.362,0.35,0.342,0.369,0.352,0.376,0.382,0.396,0.363,0.652,0.449,0.388,0.615,0.352,0.0,0.356,0.342,0.591,0.354,0.385,0.607,0.374,0.634,0.351,0.37,0.649,0.634,0.369,0.353,0.353,1.0,0.451
0.493,0.41,0.338,0.463,0.401,0.401,0.414,0.469,0.492,0.452,0.445,0.467,0.449,0.464,0.477,0.422,0.42,0.43,0.443,0.411,0.407,0.421,0.415,0.422,0.395,0.413,0.424,0.467,0.814,0.49,0.444,0.418,0.0,0.416,0.403,0.474,0.414,0.423,0.442,0.441,0.454,0.392,0.435,0.453,0.458,0.579,0.408,0.409,0.451,1.0
