GCF_000163235.1_ASM16323v1_genomic.fna,GCF_000164555.1_ASM16455v1_genomic.fna,GCF_000208545.1_ASM20854v2_genomic.fna,GCF_000233875.1_ASM23387v1_genomic.fna,GCF_000249735.1_ASM24973v2_genomic.fna,GCF_000261145.1_Esch_coli_M919_V2_genomic.fna,GCF_000267705.2_ASM26770v2_genomic.fna,GCF_000350665.1_Esch_coli_KTE5_V1_genomic.fna,GCF_000351625.1_Esch_coli_KTE66_V1_genomic.fna,GCF_000352285.1_Esch_coli_KTE46_V1_genomic.fna,GCF_000358895.1_ASM35889v1_genomic.fna,GCF_000456385.1_Esch_coli_HVH_26_4-5703913_V1_genomic.fna,GCF_000458195.1_Esch_coli_HVH_147_4-5893887_V1_genomic.fna,GCF_000459755.1_Esch_coli_KOEGE_58_171a_V1_genomic.fna,GCF_000460055.1_Esch_coli_UMEA_3053-1_V1_genomic.fna,GCF_000462165.2_ASM46216v2_genomic.fna,GCF_000601135.1_ASM60113v1_genomic.fna,GCF_000614595.1_Ec2010EL1058_genomic.fna,GCF_000617745.1_Ec2010C-4529_genomic.fna,GCF_000618265.2_EcF6751_genomic.fna,GCF_000619005.2_Ec2009C-4052_genomic.fna,GCF_000619105.1_Ec2009C-4780_genomic.fna,GCF_000619765.2_Ec2009C-3279_genomic.fna,GCF_000687005.1_ASM68700v1_genomic.fna,GCF_000687025.1_ASM68702v1_genomic.fna,GCF_000700125.1_ASM70012v1_genomic.fna,GCF_000753315.1_FHI35_genomic.fna,GCF_000776375.1_ASM77637v1_genomic.fna,GCF_000779395.1_ASM77939v1_genomic.fna,GCF_000780315.1_ASM78031v1_genomic.fna,GCF_000781995.1_ASM78199v1_genomic.fna,GCF_000986765.1_ASM98676v1_genomic.fna,GCF_001041375.1_ViralProj287958_genomic.fna,GCF_001265335.1_302014_genomic.fna,GCF_001265625.1_100854_genomic.fna,GCF_001267345.1_303289_genomic.fna,GCF_001309985.1_ASM130998v1_genomic.fna,GCF_001521695.1_ASM152169v1_genomic.fna,GCF_001592595.1_ASM159259v1_genomic.fna,GCF_001614975.1_ASM161497v1_genomic.fna,GCF_001692775.1_ASM169277v1_genomic.fna,GCF_001748915.1_ASM174891v1_genomic.fna,GCF_001749235.1_ASM174923v1_genomic.fna,GCF_001881155.1_ASM188115v1_genomic.fna,GCF_001881345.1_ASM188134v1_genomic.fna,GCF_001892405.1_ASM189240v1_genomic.fna,GCF_001892585.1_ASM189258v1_genomic.fna,GCF_001893985.1_ASM189398v1_genomic.fna,GCF_002001595.1_ASM200159v1_genomic.fna,GCF_002002145.1_ASM200214v1_genomic.fna
1.0,0.581,0.495,0.509,0.568,0.556,0.56,0.529,0.644,0.539,0.535,0.531,0.533,0.499,0.503,0.561,0.559,0.553,0.538,0.56,0.528,0.528,0.54,0.573,0.555,0.541,0.532,0.518,0.583,0.643,0.486,0.542,0.0,0.522,0.526,0.511,0.56,0.548,0.506,0.537,0.504,0.566,0.53,0.504,0.517,0.505,0.542,0.541,0.508,0.586
0.581,1.0,0.455,0.513,0.678,0.821,0.61,0.522,0.553,0.523,0.65,0.519,0.658,0.505,0.502,0.618,0.735,0.668,0.651,0.604,0.64,0.649,0.657,0.817,0.827,0.729,0.657,0.515,0.526,0.557,0.48,0.68,0.0,0.647,0.755,0.493,0.607,0.691,0.502,0.669,0.494,0.714,0.667,0.512,0.515,0.471,0.71,0.71,0.524,0.519
0.495,0.455,1.0,0.422,0.451,0.443,0.44,0.435,0.481,0.416,0.429,0.432,0.421,0.408,0.421,0.444,0.446,0.429,0.424,0.439,0.435,0.429,0.438,0.452,0.439,0.433,0.434,0.429,0.478,0.496,0.394,0.45,0.0,0.427,0.408,0.419,0.439,0.442,0.42,0.433,0.42,0.446,0.446,0.423,0.416,0.416,0.448,0.448,0.418,0.479
0.509,0.513,0.422,1.0,0.496,0.51,0.506,0.745,0.513,0.768,0.474,0.762,0.469,0.807,0.816,0.508,0.504,0.498,0.48,0.501,0.48,0.48,0.495,0.498,0.506,0.497,0.481,0.786,0.545,0.508,0.757,0.496,0.0,0.47,0.468,0.679,0.503,0.492,0.712,0.489,0.784,0.496,0.486,0.761,0.756,0.491,0.494,0.494,0.722,0.554
0.568,0.678,0.451,0.496,1.0,0.68,0.611,0.513,0.551,0.496,0.767,0.5,0.721,0.486,0.502,0.612,0.667,0.71,0.705,0.61,0.705,0.698,0.717,0.669,0.662,0.653,0.71,0.512,0.543,0.558,0.48,0.729,0.0,0.694,0.629,0.491,0.61,0.723,0.503,0.723,0.496,0.698,0.719,0.498,0.503,0.492,0.715,0.714,0.5,0.527
0.556,0.821,0.443,0.51,0.68,1.0,0.614,0.521,0.535,0.502,0.653,0.502,0.655,0.505,0.504,0.617,0.731,0.676,0.659,0.608,0.644,0.657,0.683,0.812,0.814,0.713,0.657,0.509,0.529,0.536,0.475,0.685,0.0,0.663,0.759,0.508,0.61,0.681,0.518,0.669,0.489,0.716,0.666,0.495,0.499,0.463,0.718,0.718,0.51,0.522
0.56,0.61,0.44,0.506,0.611,0.614,1.0,0.491,0.572,0.495,0.589,0.489,0.586,0.489,0.492,0.962,0.606,0.648,0.621,0.983,0.629,0.616,0.631,0.615,0.602,0.591,0.591,0.481,0.531,0.555,0.465,0.6,0.0,0.6,0.581,0.504,0.988,0.591,0.496,0.604,0.477,0.618,0.596,0.468,0.468,0.473,0.589,0.589,0.501,0.546
0.529,0.522,0.435,0.745,0.513,0.521,0.491,1.0,0.512,0.752,0.477,0.765,0.472,0.752,0.749,0.489,0.504,0.49,0.483,0.49,0.472,0.478,0.488,0.522,0.501,0.494,0.473,0.924,0.556,0.517,0.746,0.501,0.0,0.472,0.475,0.658,0.49,0.507,0.721,0.489,0.758,0.515,0.478,0.903,0.896,0.503,0.502,0.502,0.707,0.545
0.644,0.553,0.481,0.513,0.551,0.535,0.572,0.512,1.0,0.515,0.528,0.512,0.52,0.506,0.516,0.57,0.543,0.539,0.517,0.571,0.518,0.52,0.526,0.548,0.534,0.528,0.534,0.511,0.572,0.671,0.489,0.54,0.0,0.515,0.514,0.521,0.571,0.529,0.503,0.538,0.496,0.553,0.535,0.497,0.495,0.501,0.535,0.535,0.506,0.589
0.539,0.523,0.416,0.768,0.496,0.502,0.495,0.752,0.515,1.0,0.495,0.744,0.486,0.787,0.745,0.498,0.509,0.502,0.489,0.489,0.465,0.487,0.493,0.503,0.511,0.505,0.493,0.768,0.533,0.503,0.746,0.48,0.0,0.477,0.471,0.679,0.492,0.503,0.709,0.509,0.759,0.494,0.488,0.741,0.752,0.481,0.488,0.488,0.727,0.544
0.535,0.65,0.429,0.474,0.767,0.653,0.589,0.477,0.528,0.495,1.0,0.475,0.792,0.48,0.468,0.597,0.667,0.725,0.725,0.583,0.699,0.758,0.738,0.697,0.655,0.676,0.729,0.475,0.503,0.525,0.444,0.702,0.0,0.708,0.678,0.483,0.585,0.72,0.474,0.756,0.455,0.671,0.73,0.459,0.464,0.455,0.654,0.654,0.483,0.511
0.531,0.519,0.432,0.762,0.5,0.502,0.489,0.765,0.512,0.744,0.475,1.0,0.47,0.752,0.857,0.489,0.498,0.481,0.472,0.488,0.479,0.475,0.487,0.503,0.5,0.495,0.467,0.771,0.551,0.515,0.723,0.495,0.0,0.467,0.468,0.665,0.488,0.493,0.72,0.479,0.761,0.498,0.472,0.75,0.756,0.495,0.494,0.495,0.702,0.545
0.533,0.658,0.421,0.469,0.721,0.655,0.586,0.472,0.52,0.486,0.792,0.47,1.0,0.468,0.466,0.591,0.665,0.742,0.753,0.581,0.728,0.818,0.795,0.692,0.657,0.66,0.769,0.466,0.503,0.524,0.441,0.72,0.0,0.764,0.673,0.465,0.583,0.753,0.463,0.778,0.447,0.659,0.763,0.45,0.452,0.453,0.647,0.646,0.475,0.513
0.499,0.505,0.408,0.807,0.486,0.505,0.489,0.752,0.506,0.787,0.48,0.752,0.468,1.0,0.798,0.49,0.502,0.493,0.48,0.483,0.46,0.48,0.489,0.499,0.503,0.495,0.48,0.789,0.541,0.49,0.746,0.48,0.0,0.468,0.472,0.669,0.486,0.497,0.705,0.489,0.766,0.482,0.484,0.763,0.761,0.486,0.475,0.475,0.732,0.555
0.503,0.502,0.421,0.816,0.502,0.504,0.492,0.749,0.516,0.745,0.468,0.857,0.466,0.798,1.0,0.49,0.506,0.486,0.469,0.491,0.474,0.474,0.494,0.49,0.491,0.495,0.467,0.78,0.549,0.503,0.751,0.492,0.0,0.469,0.466,0.677,0.491,0.489,0.722,0.487,0.775,0.496,0.475,0.751,0.748,0.495,0.503,0.503,0.72,0.57
0.561,0.618,0.444,0.508,0.612,0.617,0.962,0.489,0.57,0.498,0.597,0.489,0.591,0.49,0.49,1.0,0.61,0.64,0.625,0.959,0.618,0.616,0.628,0.618,0.606,0.593,0.589,0.481,0.528,0.558,0.462,0.591,0.0,0.597,0.582,0.503,0.961,0.595,0.495,0.609,0.476,0.62,0.597,0.466,0.469,0.474,0.591,0.591,0.505,0.542
0.559,0.735,0.446,0.504,0.667,0.731,0.606,0.504,0.543,0.509,0.667,0.498,0.665,0.502,0.506,0.61,1.0,0.662,0.663,0.602,0.636,0.676,0.685,0.776,0.754,0.783,0.656,0.499,0.536,0.543,0.468,0.679,0.0,0.672,0.71,0.502,0.603,0.664,0.497,0.667,0.478,0.71,0.675,0.485,0.493,0.46,0.702,0.702,0.489,0.527
0.553,0.668,0.429,0.498,0.71,0.676,0.648,0.49,0.539,0.502,0.725,0.481,0.742,0.493,0.486,0.64,0.662,1.0,0.779,0.642,0.756,0.77,0.781,0.681,0.653,0.655,0.746,0.488,0.527,0.537,0.467,0.713,0.0,0.744,0.628,0.511,0.642,0.722,0.492,0.748,0.476,0.691,0.728,0.474,0.476,0.469,0.657,0.657,0.497,0.536
0.538,0.651,0.424,0.48,0.705,0.659,0.621,0.483,0.517,0.489,0.725,0.472,0.753,0.48,0.469,0.625,0.663,0.779,1.0,0.615,0.748,0.754,0.767,0.676,0.651,0.65,0.742,0.476,0.505,0.528,0.448,0.709,0.0,0.717,0.634,0.497,0.619,0.726,0.478,0.757,0.455,0.672,0.732,0.46,0.463,0.444,0.644,0.644,0.48,0.511
0.56,0.604,0.439,0.501,0.61,0.608,0.983,0.49,0.571,0.489,0.583,0.488,0.581,0.483,0.491,0.959,0.602,0.642,0.615,1.0,0.622,0.611,0.623,0.609,0.598,0.587,0.584,0.48,0.53,0.554,0.464,0.601,0.0,0.594,0.575,0.504,0.992,0.585,0.494,0.598,0.477,0.618,0.589,0.467,0.467,0.473,0.589,0.589,0.494,0.543
0.528,0.64,0.435,0.48,0.705,0.644,0.629,0.472,0.518,0.465,0.699,0.479,0.728,0.46,0.474,0.618,0.636,0.756,0.748,0.622,1.0,0.741,0.759,0.653,0.631,0.632,0.724,0.47,0.501,0.526,0.445,0.726,0.0,0.731,0.608,0.486,0.624,0.714,0.478,0.736,0.461,0.653,0.716,0.454,0.456,0.458,0.659,0.658,0.474,0.519
0.528,0.649,0.429,0.48,0.698,0.657,0.616,0.478,0.52,0.487,0.758,0.475,0.818,0.48,0.474,0.616,0.676,0.77,0.754,0.611,0.741,1.0,0.927,0.686,0.661,0.663,0.757,0.476,0.501,0.518,0.447,0.732,0.0,0.869,0.657,0.478,0.613,0.743,0.474,0.764,0.459,0.661,0.76,0.461,0.462,0.451,0.64,0.639,0.479,0.515
0.54,0.657,0.438,0.495,0.717,0.683,0.631,0.488,0.526,0.493,0.738,0.487,0.795,0.489,0.494,0.628,0.685,0.781,0.767,0.623,0.759,0.927,1.0,0.685,0.669,0.661,0.767,0.485,0.511,0.523,0.461,0.752,0.0,0.869,0.642,0.491,0.625,0.748,0.483,0.774,0.474,0.673,0.761,0.467,0.47,0.457,0.656,0.655,0.486,0.523
0.573,0.817,0.452,0.498,0.669,0.812,0.615,0.522,0.548,0.503,0.697,0.503,0.692,0.499,0.49,0.618,0.776,0.681,0.676,0.609,0.653,0.686,0.685,1.0,0.836,0.757,0.683,0.5,0.522,0.56,0.467,0.669,0.0,0.674,0.805,0.497,0.611,0.684,0.491,0.684,0.487,0.732,0.683,0.481,0.487,0.47,0.71,0.709,0.495,0.526
0.555,0.827,0.439,0.506,0.662,0.814,0.602,0.501,0.534,0.511,0.655,0.5,0.657,0.503,0.491,0.606,0.754,0.653,0.651,0.598,0.631,0.661,0.669,0.836,1.0,0.763,0.661,0.495,0.505,0.53,0.465,0.679,0.0,0.66,0.788,0.493,0.6,0.68,0.5,0.678,0.475,0.716,0.671,0.492,0.491,0.46,0.705,0.704,0.511,0.498
0.541,0.729,0.433,0.497,0.653,0.713,0.591,0.494,0.528,0.505,0.676,0.495,0.66,0.495,0.495,0.593,0.783,0.655,0.65,0.587,0.632,0.663,0.661,0.757,0.763,1.0,0.656,0.493,0.503,0.521,0.461,0.646,0.0,0.643,0.703,0.489,0.589,0.66,0.491,0.679,0.471,0.707,0.649,0.494,0.489,0.455,0.697,0.696,0.505,0.512
0.532,0.657,0.434,0.481,0.71,0.657,0.591,0.473,0.534,0.493,0.729,0.467,0.769,0.48,0.467,0.589,0.656,0.746,0.742,0.584,0.724,0.757,0.767,0.683,0.661,0.656,1.0,0.469,0.501,0.528,0.449,0.74,0.0,0.738,0.636,0.479,0.585,0.827,0.46,0.784,0.462,0.664,0.842,0.463,0.458,0.462,0.643,0.642,0.483,0.512
0.518,0.515,0.429,0.786,0.512,0.509,0.481,0.924,0.511,0.768,0.475,0.771,0.466,0.789,0.78,0.481,0.499,0.488,0.476,0.48,0.47,0.476,0.485,0.5,0.495,0.493,0.469,1.0,0.556,0.514,0.751,0.506,0.0,0.46,0.463,0.674,0.48,0.497,0.724,0.488,0.777,0.508,0.472,0.956,0.941,0.498,0.501,0.501,0.724,0.545
0.583,0.526,0.478,0.545,0.543,0.529,0.531,0.556,0.572,0.533,0.503,0.551,0.503,0.541,0.549,0.528,0.536,0.527,0.505,0.53,0.501,0.501,0.511,0.522,0.505,0.503,0.501,0.556,1.0,0.56,0.515,0.538,0.0,0.506,0.477,0.534,0.53,0.51,0.538,0.5,0.522,0.53,0.503,0.534,0.54,0.569,0.522,0.522,0.528,0.844
0.643,0.557,0.496,0.508,0.558,0.536,0.555,0.517,0.671,0.503,0.525,0.515,0.524,0.49,0.503,0.558,0.543,0.537,0.528,0.554,0.526,0.518,0.523,0.56,0.53,0.521,0.528,0.514,0.56,1.0,0.486,0.541,0.0,0.507,0.508,0.518,0.554,0.523,0.504,0.536,0.508,0.545,0.524,0.496,0.494,0.52,0.541,0.541,0.508,0.574
0.486,0.48,0.394,0.757,0.48,0.475,0.465,0.746,0.489,0.746,0.444,0.723,0.441,0.746,0.751,0.462,0.468,0.467,0.448,0.464,0.445,0.447,0.461,0.467,0.465,0.461,0.449,0.751,0.515,0.486,1.0,0.472,0.0,0.441,0.433,0.652,0.464,0.461,0.705,0.461,0.888,0.473,0.451,0.753,0.751,0.487,0.46,0.46,0.686,0.508
0.542,0.68,0.45,0.496,0.729,0.685,0.6,0.501,0.54,0.48,0.702,0.495,0.72,0.48,0.492,0.591,0.679,0.713,0.709,0.601,0.726,0.732,0.752,0.669,0.679,0.646,0.74,0.506,0.538,0.541,0.472,1.0,0.0,0.727,0.621,0.486,0.599,0.758,0.493,0.756,0.48,0.69,0.745,0.498,0.501,0.47,0.689,0.69,0.483,0.521
0.0,0.0,0.0,0.0,0.0,0.0,0.0,0.0,0.0,0.0,0.0,0.0,0.0,0.0,0.0,0.0,0.0,0.0,0.0,0.0,0.0,0.0,0.0,0.0,0.0,0.0,0.0,0.0,0.0,0.0,0.0,0.0,1.0,0.0,0.0,0.0,0.0,0.0,0.0,0.0,0.0,0.0,0.0,0.0,0.0,0.0,0.0,0.0,0.0,0.0
0.522,0.647,0.427,0.47,0.694,0.663,0.6,0.472,0.515,0.477,0.708,0.467,0.764,0.468,0.469,0.597,0.672,0.744,0.717,0.594,0.731,0.869,0.869,0.674,0.66,0.643,0.738,0.46,0.506,0.507,0.441,0.727,0.0,1.0,0.632,0.486,0.596,0.734,0.48,0.754,0.446,0.653,0.75,0.447,0.455,0.444,0.642,0.641,0.464,0.514
0.526,0.755,0.408,0.468,0.629,0.759,0.581,0.475,0.514,0.471,0.678,0.468,0.673,0.472,0.466,0.582,0.71,0.628,0.634,0.575,0.608,0.657,0.642,0.805,0.788,0.703,0.636,0.463,0.477,0.508,0.433,0.621,0.0,0.632,1.0,0.461,0.577,0.636,0.46,0.648,0.444,0.682,0.642,0.447,0.451,0.431,0.655,0.655,0.461,0.476
0.511,0.493,0.419,0.679,0.491,0.508,0.504,0.658,0.521,0.679,0.483,0.665,0.465,0.669,0.677,0.503,0.502,0.511,0.497,0.504,0.486,0.478,0.491,0.497,0.493,0.489,0.479,0.674,0.534,0.518,0.652,0.486,0.0,0.486,0.461,1.0,0.503,0.48,0.7,0.491,0.671,0.501,0.482,0.655,0.653,0.478,0.489,0.489,0.675,0.546
0.56,0.607,0.439,0.503,0.61,0.61,0.988,0.49,0.571,0.492,0.585,0.488,0.583,0.486,0.491,0.961,0.603,0.642,0.619,0.992,0.624,0.613,0.625,0.611,0.6,0.589,0.585,0.48,0.53,0.554,0.464,0.599,0.0,0.596,0.577,0.503,1.0,0.587,0.494,0.6,0.476,0.618,0.592,0.467,0.467,0.473,0.589,0.589,0.498,0.545
0.548,0.691,0.442,0.492,0.723,0.681,0.591,0.507,0.529,0.503,0.72,0.493,0.753,0.497,0.489,0.595,0.664,0.722,0.726,0.585,0.714,0.743,0.748,0.684,0.68,0.66,0.827,0.497,0.51,0.523,0.461,0.758,0.0,0.734,0.636,0.48,0.587,1.0,0.486,0.778,0.472,0.675,0.856,0.484,0.48,0.462,0.666,0.666,0.499,0.508
0.506,0.502,0.42,0.712,0.503,0.518,0.496,0.721,0.503,0.709,0.474,0.72,0.463,0.705,0.722,0.495,0.497,0.492,0.478,0.494,0.478,0.474,0.483,0.491,0.5,0.491,0.46,0.724,0.538,0.504,0.705,0.493,0.0,0.48,0.46,0.7,0.494,0.486,1.0,0.48,0.724,0.5,0.468,0.714,0.722,0.489,0.495,0.495,0.692,0.535
0.537,0.669,0.433,0.489,0.723,0.669,0.604,0.489,0.538,0.509,0.756,0.479,0.778,0.489,0.487,0.609,0.667,0.748,0.757,0.598,0.736,0.764,0.774,0.684,0.678,0.679,0.784,0.488,0.5,0.536,0.461,0.756,0.0,0.754,0.648,0.491,0.6,0.778,0.48,1.0,0.47,0.668,0.786,0.472,0.474,0.466,0.679,0.678,0.485,0.523
0.504,0.494,0.42,0.784,0.496,0.489,0.477,0.758,0.496,0.759,0.455,0.761,0.447,0.766,0.775,0.476,0.478,0.476,0.455,0.477,0.461,0.459,0.474,0.487,0.475,0.471,0.462,0.777,0.522,0.508,0.888,0.48,0.0,0.446,0.444,0.671,0.476,0.472,0.724,0.47,1.0,0.491,0.456,0.765,0.761,0.496,0.474,0.474,0.706,0.527
0.566,0.714,0.446,0.496,0.698,0.716,0.618,0.515,0.553,0.494,0.671,0.498,0.659,0.482,0.496,0.62,0.71,0.691,0.672,0.618,0.653,0.661,0.673,0.732,0.716,0.707,0.664,0.508,0.53,0.545,0.473,0.69,0.0,0.653,0.682,0.501,0.618,0.675,0.5,0.668,0.491,1.0,0.697,0.494,0.493,0.476,0.742,0.741,0.5,0.522
0.53,0.667,0.446,0.486,0.719,0.666,0.596,0.478,0.535,0.488,0.73,0.472,0.763,0.484,0.475,0.597,0.675,0.728,0.732,0.589,0.716,0.76,0.761,0.683,0.671,0.649,0.842,0.472,0.503,0.524,0.451,0.745,0.0,0.75,0.642,0.482,0.592,0.856,0.468,0.786,0.456,0.697,1.0,0.462,0.462,0.457,0.667,0.666,0.482,0.508
0.504,0.512,0.423,0.761,0.498,0.495,0.468,0.903,0.497,0.741,0.459,0.75,0.45,0.763,0.751,0.466,0.485,0.474,0.46,0.467,0.454,0.461,0.467,0.481,0.492,0.494,0.463,0.956,0.534,0.496,0.753,0.498,0.0,0.447,0.447,0.655,0.467,0.484,0.714,0.472,0.765,0.494,0.462,1.0,0.961,0.506,0.483,0.484,0.712,0.522
0.517,0.515,0.416,0.756,0.503,0.499,0.468,0.896,0.495,0.752,0.464,0.756,0.452,0.761,0.748,0.469,0.493,0.476,0.463,0.467,0.456,0.462,0.47,0.487,0.491,0.489,0.458,0.941,0.54,0.494,0.751,0.501,0.0,0.455,0.451,0.653,0.467,0.48,0.722,0.474,0.761,0.493,0.462,0.961,1.0,0.505,0.488,0.489,0.704,0.524
0.505,0.471,0.416,0.491,0.492,0.463,0.473,0.503,0.501,0.481,0.455,0.495,0.453,0.486,0.495,0.474,0.46,0.469,0.444,0.473,0.458,0.451,0.457,0.47,0.46,0.455,0.462,0.498,0.569,0.52,0.487,0.47,0.0,0.444,0.431,0.478,0.473,0.462,0.489,0.466,0.496,0.476,0.457,0.506,0.505,1.0,0.5,0.501,0.484,0.616
0.542,0.71,0.448,0.494,0.715,0.718,0.589,0.502,0.535,0.488,0.654,0.494,0.647,0.475,0.503,0.591,0.702,0.657,0.644,0.589,0.659,0.64,0.656,0.71,0.705,0.697,0.643,0.501,0.522,0.541,0.46,0.689,0.0,0.642,0.655,0.489,0.589,0.666,0.495,0.679,0.474,0.742,0.667,0.483,0.488,0.5,1.0,0.999,0.486,0.524
0.541,0.71,0.448,0.494,0.714,0.718,0.589,0.502,0.535,0.488,0.654,0.495,0.646,0.475,0.503,0.591,0.702,0.657,0.644,0.589,0.658,0.639,0.655,0.709,0.704,0.696,0.642,0.501,0.522,0.541,0.46,0.69,0.0,0.641,0.655,0.489,0.589,0.666,0.495,0.678,0.474,0.741,0.666,0.484,0.489,0.501,0.999,1.0,0.486,0.524
0.508,0.524,0.418,0.722,0.5,0.51,0.501,0.707,0.506,0.727,0.483,0.702,0.475,0.732,0.72,0.505,0.489,0.497,0.48,0.494,0.474,0.479,0.486,0.495,0.511,0.505,0.483,0.724,0.528,0.508,0.686,0.483,0.0,0.464,0.461,0.675,0.498,0.499,0.692,0.485,0.706,0.5,0.482,0.712,0.704,0.484,0.486,0.486,1.0,0.536
0.586,0.519,0.479,0.554,0.527,0.522,0.546,0.545,0.589,0.544,0.511,0.545,0.513,0.555,0.57,0.542,0.527,0.536,0.511,0.543,0.519,0.515,0.523,0.526,0.498,0.512,0.512,0.545,0.844,0.574,0.508,0.521,0.0,0.514,0.476,0.546,0.545,0.508,0.535,0.523,0.527,0.522,0.508,0.522,0.524,0.616,0.524,0.524,0.536,1.0
