GCF_000163235.1_ASM16323v1_genomic.fna,GCF_000164555.1_ASM16455v1_genomic.fna,GCF_000208545.1_ASM20854v2_genomic.fna,GCF_000233875.1_ASM23387v1_genomic.fna,GCF_000249735.1_ASM24973v2_genomic.fna,GCF_000261145.1_Esch_coli_M919_V2_genomic.fna,GCF_000267705.2_ASM26770v2_genomic.fna,GCF_000350665.1_Esch_coli_KTE5_V1_genomic.fna,GCF_000351625.1_Esch_coli_KTE66_V1_genomic.fna,GCF_000352285.1_Esch_coli_KTE46_V1_genomic.fna,GCF_000358895.1_ASM35889v1_genomic.fna,GCF_000456385.1_Esch_coli_HVH_26_4-5703913_V1_genomic.fna,GCF_000458195.1_Esch_coli_HVH_147_4-5893887_V1_genomic.fna,GCF_000459755.1_Esch_coli_KOEGE_58_171a_V1_genomic.fna,GCF_000460055.1_Esch_coli_UMEA_3053-1_V1_genomic.fna,GCF_000462165.2_ASM46216v2_genomic.fna,GCF_000601135.1_ASM60113v1_genomic.fna,GCF_000614595.1_Ec2010EL1058_genomic.fna,GCF_000617745.1_Ec2010C-4529_genomic.fna,GCF_000618265.2_EcF6751_genomic.fna,GCF_000619005.2_Ec2009C-4052_genomic.fna,GCF_000619105.1_Ec2009C-4780_genomic.fna,GCF_000619765.2_Ec2009C-3279_genomic.fna,GCF_000687005.1_ASM68700v1_genomic.fna,GCF_000687025.1_ASM68702v1_genomic.fna,GCF_000700125.1_ASM70012v1_genomic.fna,GCF_000753315.1_FHI35_genomic.fna,GCF_000776375.1_ASM77637v1_genomic.fna,GCF_000779395.1_ASM77939v1_genomic.fna,GCF_000780315.1_ASM78031v1_genomic.fna,GCF_000781995.1_ASM78199v1_genomic.fna,GCF_000986765.1_ASM98676v1_genomic.fna,GCF_001041375.1_ViralProj287958_genomic.fna,GCF_001265335.1_302014_genomic.fna,GCF_001265625.1_100854_genomic.fna,GCF_001267345.1_303289_genomic.fna,GCF_001309985.1_ASM130998v1_genomic.fna,GCF_001521695.1_ASM152169v1_genomic.fna,GCF_001592595.1_ASM159259v1_genomic.fna,GCF_001614975.1_ASM161497v1_genomic.fna,GCF_001692775.1_ASM169277v1_genomic.fna,GCF_001748915.1_ASM174891v1_genomic.fna,GCF_001749235.1_ASM174923v1_genomic.fna,GCF_001881155.1_ASM188115v1_genomic.fna,GCF_001881345.1_ASM188134v1_genomic.fna,GCF_001892405.1_ASM189240v1_genomic.fna,GCF_001892585.1_ASM189258v1_genomic.fna,GCF_001893985.1_ASM189398v1_genomic.fna,GCF_002001595.1_ASM200159v1_genomic.fna,GCF_002002145.1_ASM200214v1_genomic.fna
1.0,0.539,0.468,0.497,0.528,0.517,0.519,0.499,0.661,0.52,0.542,0.5,0.542,0.495,0.479,0.529,0.538,0.522,0.521,0.517,0.502,0.521,0.522,0.554,0.538,0.54,0.552,0.509,0.58,0.649,0.465,0.532,0.0,0.522,0.515,0.496,0.517,0.545,0.485,0.538,0.471,0.521,0.537,0.495,0.505,0.522,0.516,0.517,0.472,0.584
0.539,1.0,0.46,0.503,0.686,0.79,0.602,0.517,0.513,0.503,0.639,0.516,0.66,0.496,0.489,0.606,0.73,0.652,0.656,0.597,0.638,0.646,0.654,0.788,0.792,0.726,0.655,0.513,0.516,0.541,0.494,0.68,0.0,0.643,0.732,0.479,0.598,0.684,0.489,0.655,0.494,0.722,0.663,0.526,0.524,0.507,0.72,0.723,0.499,0.521
0.468,0.46,1.0,0.405,0.435,0.43,0.432,0.421,0.454,0.4,0.416,0.412,0.431,0.405,0.408,0.43,0.433,0.428,0.425,0.433,0.425,0.425,0.428,0.425,0.431,0.422,0.433,0.413,0.455,0.462,0.402,0.44,0.0,0.434,0.397,0.4,0.433,0.437,0.404,0.43,0.406,0.449,0.444,0.424,0.415,0.439,0.436,0.437,0.411,0.467
0.497,0.503,0.405,1.0,0.481,0.488,0.466,0.743,0.485,0.772,0.476,0.771,0.488,0.808,0.812,0.476,0.497,0.471,0.476,0.465,0.463,0.482,0.486,0.485,0.498,0.485,0.488,0.799,0.532,0.5,0.758,0.498,0.0,0.474,0.46,0.665,0.465,0.489,0.703,0.484,0.777,0.467,0.48,0.776,0.778,0.487,0.469,0.469,0.704,0.535
0.528,0.686,0.435,0.481,1.0,0.683,0.606,0.505,0.52,0.482,0.778,0.49,0.75,0.488,0.485,0.618,0.667,0.703,0.714,0.604,0.715,0.717,0.723,0.668,0.665,0.66,0.73,0.493,0.521,0.538,0.475,0.738,0.0,0.725,0.644,0.466,0.604,0.755,0.479,0.736,0.48,0.687,0.755,0.494,0.498,0.5,0.709,0.708,0.487,0.512
0.517,0.79,0.43,0.488,0.683,1.0,0.608,0.505,0.507,0.473,0.638,0.476,0.654,0.482,0.473,0.618,0.707,0.661,0.659,0.609,0.633,0.65,0.668,0.771,0.789,0.7,0.643,0.488,0.509,0.517,0.473,0.668,0.0,0.661,0.743,0.48,0.606,0.675,0.499,0.652,0.475,0.72,0.663,0.492,0.492,0.505,0.709,0.711,0.471,0.525
0.519,0.602,0.432,0.466,0.606,0.608,1.0,0.483,0.52,0.458,0.581,0.467,0.59,0.46,0.463,0.95,0.587,0.62,0.615,0.984,0.623,0.606,0.631,0.587,0.58,0.573,0.594,0.475,0.488,0.516,0.461,0.594,0.0,0.587,0.567,0.484,0.987,0.587,0.478,0.593,0.459,0.596,0.591,0.476,0.478,0.482,0.589,0.591,0.463,0.505
0.499,0.517,0.421,0.743,0.505,0.505,0.483,1.0,0.467,0.735,0.476,0.747,0.493,0.727,0.735,0.489,0.491,0.471,0.48,0.482,0.465,0.471,0.483,0.491,0.493,0.481,0.477,0.901,0.523,0.482,0.745,0.494,0.0,0.475,0.458,0.639,0.482,0.514,0.717,0.489,0.74,0.483,0.487,0.904,0.892,0.492,0.477,0.478,0.692,0.516
0.661,0.513,0.454,0.485,0.52,0.507,0.52,0.467,1.0,0.491,0.548,0.469,0.547,0.483,0.472,0.531,0.533,0.528,0.517,0.516,0.513,0.529,0.522,0.546,0.533,0.532,0.552,0.488,0.562,0.655,0.456,0.53,0.0,0.519,0.518,0.491,0.518,0.53,0.473,0.54,0.455,0.519,0.543,0.474,0.473,0.506,0.515,0.515,0.471,0.56
0.52,0.503,0.4,0.772,0.482,0.473,0.458,0.735,0.491,1.0,0.489,0.741,0.492,0.774,0.757,0.467,0.49,0.462,0.466,0.456,0.453,0.47,0.464,0.49,0.503,0.489,0.492,0.767,0.542,0.494,0.77,0.478,0.0,0.46,0.459,0.666,0.456,0.485,0.713,0.484,0.774,0.457,0.473,0.746,0.756,0.481,0.463,0.464,0.714,0.519
0.542,0.639,0.416,0.476,0.778,0.638,0.581,0.476,0.548,0.489,1.0,0.464,0.77,0.482,0.461,0.593,0.656,0.712,0.722,0.577,0.689,0.731,0.716,0.691,0.657,0.671,0.748,0.484,0.523,0.536,0.456,0.715,0.0,0.71,0.676,0.47,0.577,0.722,0.458,0.756,0.457,0.664,0.731,0.471,0.477,0.471,0.654,0.656,0.463,0.506
0.5,0.516,0.412,0.771,0.49,0.476,0.467,0.747,0.469,0.741,0.464,1.0,0.476,0.772,0.868,0.474,0.483,0.461,0.464,0.464,0.463,0.466,0.475,0.478,0.483,0.484,0.471,0.755,0.513,0.493,0.734,0.489,0.0,0.467,0.452,0.651,0.465,0.493,0.721,0.469,0.754,0.47,0.478,0.76,0.767,0.491,0.478,0.478,0.704,0.51
0.542,0.66,0.431,0.488,0.75,0.654,0.59,0.493,0.547,0.492,0.77,0.476,1.0,0.489,0.477,0.6,0.68,0.742,0.765,0.586,0.755,0.814,0.803,0.688,0.669,0.666,0.811,0.495,0.533,0.563,0.465,0.765,0.0,0.792,0.648,0.477,0.586,0.779,0.473,0.812,0.466,0.684,0.785,0.48,0.48,0.489,0.667,0.667,0.473,0.534
0.495,0.496,0.405,0.808,0.488,0.482,0.46,0.727,0.483,0.774,0.482,0.772,0.489,1.0,0.797,0.468,0.49,0.471,0.472,0.458,0.456,0.481,0.474,0.481,0.496,0.484,0.488,0.78,0.534,0.491,0.752,0.488,0.0,0.469,0.46,0.666,0.458,0.489,0.707,0.486,0.771,0.464,0.483,0.758,0.762,0.483,0.468,0.468,0.717,0.525
0.479,0.489,0.408,0.812,0.485,0.473,0.463,0.735,0.472,0.757,0.461,0.868,0.477,0.797,1.0,0.47,0.476,0.459,0.464,0.461,0.456,0.461,0.469,0.462,0.471,0.471,0.472,0.76,0.516,0.485,0.764,0.479,0.0,0.46,0.444,0.661,0.461,0.49,0.72,0.476,0.781,0.463,0.475,0.754,0.759,0.489,0.484,0.483,0.718,0.522
0.529,0.606,0.43,0.476,0.618,0.618,0.95,0.489,0.531,0.467,0.593,0.474,0.6,0.468,0.47,1.0,0.601,0.623,0.626,0.948,0.622,0.619,0.631,0.6,0.591,0.583,0.598,0.483,0.499,0.529,0.465,0.601,0.0,0.599,0.579,0.494,0.949,0.602,0.49,0.599,0.468,0.603,0.603,0.483,0.487,0.483,0.598,0.6,0.473,0.514
0.538,0.73,0.433,0.497,0.667,0.707,0.587,0.491,0.533,0.49,0.656,0.483,0.68,0.49,0.476,0.601,1.0,0.654,0.667,0.584,0.645,0.666,0.66,0.76,0.748,0.764,0.672,0.509,0.525,0.548,0.466,0.704,0.0,0.665,0.704,0.499,0.583,0.672,0.48,0.675,0.468,0.702,0.674,0.499,0.502,0.479,0.712,0.713,0.471,0.526
0.522,0.652,0.428,0.471,0.703,0.661,0.62,0.471,0.528,0.462,0.712,0.461,0.742,0.471,0.459,0.623,0.654,1.0,0.79,0.618,0.758,0.773,0.786,0.668,0.64,0.643,0.764,0.473,0.501,0.533,0.455,0.739,0.0,0.739,0.628,0.486,0.618,0.74,0.482,0.743,0.455,0.673,0.751,0.472,0.476,0.474,0.662,0.661,0.449,0.511
0.521,0.656,0.425,0.476,0.714,0.659,0.615,0.48,0.517,0.466,0.722,0.464,0.765,0.472,0.464,0.626,0.667,0.79,1.0,0.616,0.763,0.775,0.763,0.675,0.653,0.653,0.756,0.483,0.499,0.537,0.454,0.75,0.0,0.734,0.645,0.479,0.613,0.738,0.473,0.758,0.454,0.667,0.748,0.475,0.479,0.47,0.648,0.648,0.46,0.515
0.517,0.597,0.433,0.465,0.604,0.609,0.984,0.482,0.516,0.456,0.577,0.464,0.586,0.458,0.461,0.948,0.584,0.618,0.616,1.0,0.622,0.607,0.63,0.581,0.575,0.57,0.589,0.475,0.484,0.515,0.458,0.591,0.0,0.589,0.565,0.482,0.992,0.584,0.478,0.591,0.456,0.591,0.59,0.475,0.477,0.482,0.586,0.588,0.462,0.503
0.502,0.638,0.425,0.463,0.715,0.633,0.623,0.465,0.513,0.453,0.689,0.463,0.755,0.456,0.456,0.622,0.645,0.758,0.763,0.622,1.0,0.773,0.795,0.646,0.62,0.634,0.746,0.465,0.481,0.524,0.454,0.745,0.0,0.761,0.612,0.471,0.621,0.733,0.464,0.745,0.454,0.64,0.742,0.467,0.468,0.479,0.656,0.656,0.445,0.507
0.521,0.646,0.425,0.482,0.717,0.65,0.606,0.471,0.529,0.47,0.731,0.466,0.814,0.481,0.461,0.619,0.666,0.773,0.775,0.607,0.773,1.0,0.924,0.67,0.651,0.641,0.778,0.487,0.508,0.541,0.454,0.765,0.0,0.881,0.629,0.49,0.605,0.753,0.475,0.792,0.454,0.656,0.774,0.473,0.476,0.479,0.645,0.646,0.456,0.524
0.522,0.654,0.428,0.486,0.723,0.668,0.631,0.483,0.522,0.464,0.716,0.475,0.803,0.474,0.469,0.631,0.66,0.786,0.763,0.63,0.795,0.924,1.0,0.661,0.64,0.636,0.77,0.485,0.501,0.532,0.463,0.772,0.0,0.876,0.616,0.49,0.628,0.758,0.479,0.78,0.464,0.656,0.771,0.484,0.485,0.485,0.649,0.65,0.461,0.516
0.554,0.788,0.425,0.485,0.668,0.771,0.587,0.491,0.546,0.49,0.691,0.478,0.688,0.481,0.462,0.6,0.76,0.668,0.675,0.581,0.646,0.67,0.661,1.0,0.835,0.766,0.694,0.494,0.538,0.553,0.452,0.679,0.0,0.657,0.804,0.477,0.583,0.672,0.46,0.669,0.454,0.726,0.671,0.485,0.486,0.48,0.708,0.71,0.455,0.528
0.538,0.792,0.431,0.498,0.665,0.789,0.58,0.493,0.533,0.503,0.657,0.483,0.669,0.496,0.471,0.591,0.748,0.64,0.653,0.575,0.62,0.651,0.64,0.835,1.0,0.772,0.675,0.507,0.531,0.54,0.464,0.671,0.0,0.639,0.786,0.479,0.577,0.665,0.479,0.657,0.465,0.707,0.659,0.505,0.497,0.483,0.696,0.697,0.485,0.515
0.54,0.726,0.422,0.485,0.66,0.7,0.573,0.481,0.532,0.489,0.671,0.484,0.666,0.484,0.471,0.583,0.764,0.643,0.653,0.57,0.634,0.641,0.636,0.766,0.772,1.0,0.673,0.495,0.518,0.533,0.457,0.66,0.0,0.637,0.722,0.472,0.571,0.656,0.468,0.671,0.456,0.706,0.655,0.498,0.488,0.467,0.706,0.706,0.481,0.514
0.552,0.655,0.433,0.488,0.73,0.643,0.594,0.477,0.552,0.492,0.748,0.471,0.811,0.488,0.472,0.598,0.672,0.764,0.756,0.589,0.746,0.778,0.77,0.694,0.675,0.673,1.0,0.489,0.533,0.561,0.466,0.762,0.0,0.751,0.65,0.482,0.591,0.829,0.468,0.797,0.467,0.674,0.841,0.482,0.479,0.5,0.662,0.662,0.47,0.536
0.509,0.513,0.413,0.799,0.493,0.488,0.475,0.901,0.488,0.767,0.484,0.755,0.495,0.78,0.76,0.483,0.509,0.473,0.483,0.475,0.465,0.487,0.485,0.494,0.507,0.495,0.489,1.0,0.532,0.496,0.743,0.497,0.0,0.481,0.465,0.663,0.475,0.504,0.698,0.495,0.756,0.471,0.488,0.963,0.948,0.484,0.478,0.477,0.71,0.523
0.58,0.516,0.455,0.532,0.521,0.509,0.488,0.523,0.562,0.542,0.523,0.513,0.533,0.534,0.516,0.499,0.525,0.501,0.499,0.484,0.481,0.508,0.501,0.538,0.531,0.518,0.533,0.532,1.0,0.543,0.499,0.513,0.0,0.503,0.503,0.519,0.485,0.531,0.506,0.517,0.501,0.506,0.511,0.514,0.518,0.587,0.499,0.501,0.507,0.817
0.649,0.541,0.462,0.5,0.538,0.517,0.516,0.482,0.655,0.494,0.536,0.493,0.563,0.491,0.485,0.529,0.548,0.533,0.537,0.515,0.524,0.541,0.532,0.553,0.54,0.533,0.561,0.496,0.543,1.0,0.469,0.538,0.0,0.528,0.512,0.496,0.514,0.55,0.469,0.556,0.47,0.535,0.549,0.484,0.483,0.532,0.534,0.532,0.484,0.565
0.465,0.494,0.402,0.758,0.475,0.473,0.461,0.745,0.456,0.77,0.456,0.734,0.465,0.752,0.764,0.465,0.466,0.455,0.454,0.458,0.454,0.454,0.463,0.452,0.464,0.457,0.466,0.743,0.499,0.469,1.0,0.473,0.0,0.45,0.426,0.655,0.458,0.479,0.719,0.458,0.904,0.465,0.464,0.747,0.749,0.485,0.463,0.464,0.695,0.494
0.532,0.68,0.44,0.498,0.738,0.668,0.594,0.494,0.53,0.478,0.715,0.489,0.765,0.488,0.479,0.601,0.704,0.739,0.75,0.591,0.745,0.765,0.772,0.679,0.671,0.66,0.762,0.497,0.513,0.538,0.473,1.0,0.0,0.754,0.626,0.481,0.59,0.784,0.484,0.77,0.471,0.671,0.776,0.494,0.498,0.486,0.691,0.691,0.474,0.516
0.0,0.0,0.0,0.0,0.0,0.0,0.0,0.0,0.0,0.0,0.0,0.0,0.0,0.0,0.0,0.0,0.0,0.0,0.0,0.0,0.0,0.0,0.0,0.0,0.0,0.0,0.0,0.0,0.0,0.0,0.0,0.0,1.0,0.0,0.0,0.0,0.0,0.0,0.0,0.0,0.0,0.0,0.0,0.0,0.0,0.0,0.0,0.0,0.0,0.0
0.522,0.643,0.434,0.474,0.725,0.661,0.587,0.475,0.519,0.46,0.71,0.467,0.792,0.469,0.46,0.599,0.665,0.739,0.734,0.589,0.761,0.881,0.876,0.657,0.639,0.637,0.751,0.481,0.503,0.528,0.45,0.754,0.0,1.0,0.617,0.49,0.587,0.749,0.484,0.766,0.452,0.648,0.768,0.474,0.477,0.48,0.65,0.651,0.453,0.519
0.515,0.732,0.397,0.46,0.644,0.743,0.567,0.458,0.518,0.459,0.676,0.452,0.648,0.46,0.444,0.579,0.704,0.628,0.645,0.565,0.612,0.629,0.616,0.804,0.786,0.722,0.65,0.465,0.503,0.512,0.426,0.626,0.0,0.617,1.0,0.453,0.564,0.63,0.444,0.635,0.429,0.682,0.636,0.453,0.457,0.445,0.669,0.669,0.434,0.492
0.496,0.479,0.4,0.665,0.466,0.48,0.484,0.639,0.491,0.666,0.47,0.651,0.477,0.666,0.661,0.494,0.499,0.486,0.479,0.482,0.471,0.49,0.49,0.477,0.479,0.472,0.482,0.663,0.519,0.496,0.655,0.481,0.0,0.49,0.453,1.0,0.479,0.479,0.669,0.486,0.658,0.474,0.486,0.651,0.659,0.48,0.471,0.47,0.633,0.516
0.517,0.598,0.433,0.465,0.604,0.606,0.987,0.482,0.518,0.456,0.577,0.465,0.586,0.458,0.461,0.949,0.583,0.618,0.613,0.992,0.621,0.605,0.628,0.583,0.577,0.571,0.591,0.475,0.485,0.514,0.458,0.59,0.0,0.587,0.564,0.479,1.0,0.584,0.476,0.591,0.456,0.592,0.589,0.476,0.478,0.482,0.587,0.589,0.462,0.504
0.545,0.684,0.437,0.489,0.755,0.675,0.587,0.514,0.53,0.485,0.722,0.493,0.779,0.489,0.49,0.602,0.672,0.74,0.738,0.584,0.733,0.753,0.758,0.672,0.665,0.656,0.829,0.504,0.531,0.55,0.479,0.784,0.0,0.749,0.63,0.479,0.584,1.0,0.494,0.778,0.487,0.685,0.867,0.505,0.493,0.503,0.679,0.68,0.486,0.526
0.485,0.489,0.404,0.703,0.479,0.499,0.478,0.717,0.473,0.713,0.458,0.721,0.473,0.707,0.72,0.49,0.48,0.482,0.473,0.478,0.464,0.475,0.479,0.46,0.479,0.468,0.468,0.698,0.506,0.469,0.719,0.484,0.0,0.484,0.444,0.669,0.476,0.494,1.0,0.474,0.722,0.474,0.478,0.705,0.71,0.481,0.475,0.475,0.683,0.502
0.538,0.655,0.43,0.484,0.736,0.652,0.593,0.489,0.54,0.484,0.756,0.469,0.812,0.486,0.476,0.599,0.675,0.743,0.758,0.591,0.745,0.792,0.78,0.669,0.657,0.671,0.797,0.495,0.517,0.556,0.458,0.77,0.0,0.766,0.635,0.486,0.591,0.778,0.474,1.0,0.457,0.662,0.784,0.479,0.487,0.494,0.685,0.685,0.454,0.543
0.471,0.494,0.406,0.777,0.48,0.475,0.459,0.74,0.455,0.774,0.457,0.754,0.466,0.771,0.781,0.468,0.468,0.455,0.454,0.456,0.454,0.454,0.464,0.454,0.465,0.456,0.467,0.756,0.501,0.47,0.904,0.471,0.0,0.452,0.429,0.658,0.456,0.487,0.722,0.457,1.0,0.466,0.468,0.761,0.764,0.484,0.461,0.462,0.705,0.494
0.521,0.722,0.449,0.467,0.687,0.72,0.596,0.483,0.519,0.457,0.664,0.47,0.684,0.464,0.463,0.603,0.702,0.673,0.667,0.591,0.64,0.656,0.656,0.726,0.707,0.706,0.674,0.471,0.506,0.535,0.465,0.671,0.0,0.648,0.682,0.474,0.592,0.685,0.474,0.662,0.466,1.0,0.701,0.478,0.471,0.484,0.745,0.749,0.462,0.502
0.537,0.663,0.444,0.48,0.755,0.663,0.591,0.487,0.543,0.473,0.731,0.478,0.785,0.483,0.475,0.603,0.674,0.751,0.748,0.59,0.742,0.774,0.771,0.671,0.659,0.655,0.841,0.488,0.511,0.549,0.464,0.776,0.0,0.768,0.636,0.486,0.589,0.867,0.478,0.784,0.468,0.701,1.0,0.483,0.483,0.495,0.68,0.68,0.473,0.522
0.495,0.526,0.424,0.776,0.494,0.492,0.476,0.904,0.474,0.746,0.471,0.76,0.48,0.758,0.754,0.483,0.499,0.472,0.475,0.475,0.467,0.473,0.484,0.485,0.505,0.498,0.482,0.963,0.514,0.484,0.747,0.494,0.0,0.474,0.453,0.651,0.476,0.505,0.705,0.479,0.761,0.478,0.483,1.0,0.959,0.492,0.483,0.483,0.722,0.508
0.505,0.524,0.415,0.778,0.498,0.492,0.478,0.892,0.473,0.756,0.477,0.767,0.48,0.762,0.759,0.487,0.502,0.476,0.479,0.477,0.468,0.476,0.485,0.486,0.497,0.488,0.479,0.948,0.518,0.483,0.749,0.498,0.0,0.477,0.457,0.659,0.478,0.493,0.71,0.487,0.764,0.471,0.483,0.959,1.0,0.488,0.487,0.486,0.712,0.512
0.522,0.507,0.439,0.487,0.5,0.505,0.482,0.492,0.506,0.481,0.471,0.491,0.489,0.483,0.489,0.483,0.479,0.474,0.47,0.482,0.479,0.479,0.485,0.48,0.483,0.467,0.5,0.484,0.587,0.532,0.485,0.486,0.0,0.48,0.445,0.48,0.482,0.503,0.481,0.494,0.484,0.484,0.495,0.492,0.488,1.0,0.525,0.526,0.482,0.656
0.516,0.72,0.436,0.469,0.709,0.709,0.589,0.477,0.515,0.463,0.654,0.478,0.667,0.468,0.484,0.598,0.712,0.662,0.648,0.586,0.656,0.645,0.649,0.708,0.696,0.706,0.662,0.478,0.499,0.534,0.463,0.691,0.0,0.65,0.669,0.471,0.587,0.679,0.475,0.685,0.461,0.745,0.68,0.483,0.487,0.525,1.0,0.995,0.469,0.536
0.517,0.723,0.437,0.469,0.708,0.711,0.591,0.478,0.515,0.464,0.656,0.478,0.667,0.468,0.483,0.6,0.713,0.661,0.648,0.588,0.656,0.646,0.65,0.71,0.697,0.706,0.662,0.477,0.501,0.532,0.464,0.691,0.0,0.651,0.669,0.47,0.589,0.68,0.475,0.685,0.462,0.749,0.68,0.483,0.486,0.526,0.995,1.0,0.468,0.537
0.472,0.499,0.411,0.704,0.487,0.471,0.463,0.692,0.471,0.714,0.463,0.704,0.473,0.717,0.718,0.473,0.471,0.449,0.46,0.462,0.445,0.456,0.461,0.455,0.485,0.481,0.47,0.71,0.507,0.484,0.695,0.474,0.0,0.453,0.434,0.633,0.462,0.486,0.683,0.454,0.705,0.462,0.473,0.722,0.712,0.482,0.469,0.468,1.0,0.503
0.584,0.521,0.467,0.535,0.512,0.525,0.505,0.516,0.56,0.519,0.506,0.51,0.534,0.525,0.522,0.514,0.526,0.511,0.515,0.503,0.507,0.524,0.516,0.528,0.515,0.514,0.536,0.523,0.817,0.565,0.494,0.516,0.0,0.519,0.492,0.516,0.504,0.526,0.502,0.543,0.494,0.502,0.522,0.508,0.512,0.656,0.536,0.537,0.503,1.0
