GCF_000163235.1_ASM16323v1_genomic.fna,GCF_000164555.1_ASM16455v1_genomic.fna,GCF_000208545.1_ASM20854v2_genomic.fna,GCF_000233875.1_ASM23387v1_genomic.fna,GCF_000249735.1_ASM24973v2_genomic.fna,GCF_000261145.1_Esch_coli_M919_V2_genomic.fna,GCF_000267705.2_ASM26770v2_genomic.fna,GCF_000350665.1_Esch_coli_KTE5_V1_genomic.fna,GCF_000351625.1_Esch_coli_KTE66_V1_genomic.fna,GCF_000352285.1_Esch_coli_KTE46_V1_genomic.fna,GCF_000358895.1_ASM35889v1_genomic.fna,GCF_000456385.1_Esch_coli_HVH_26_4-5703913_V1_genomic.fna,GCF_000458195.1_Esch_coli_HVH_147_4-5893887_V1_genomic.fna,GCF_000459755.1_Esch_coli_KOEGE_58_171a_V1_genomic.fna,GCF_000460055.1_Esch_coli_UMEA_3053-1_V1_genomic.fna,GCF_000462165.2_ASM46216v2_genomic.fna,GCF_000601135.1_ASM60113v1_genomic.fna,GCF_000614595.1_Ec2010EL1058_genomic.fna,GCF_000617745.1_Ec2010C-4529_genomic.fna,GCF_000618265.2_EcF6751_genomic.fna,GCF_000619005.2_Ec2009C-4052_genomic.fna,GCF_000619105.1_Ec2009C-4780_genomic.fna,GCF_000619765.2_Ec2009C-3279_genomic.fna,GCF_000687005.1_ASM68700v1_genomic.fna,GCF_000687025.1_ASM68702v1_genomic.fna,GCF_000700125.1_ASM70012v1_genomic.fna,GCF_000753315.1_FHI35_genomic.fna,GCF_000776375.1_ASM77637v1_genomic.fna,GCF_000779395.1_ASM77939v1_genomic.fna,GCF_000780315.1_ASM78031v1_genomic.fna,GCF_000781995.1_ASM78199v1_genomic.fna,GCF_000986765.1_ASM98676v1_genomic.fna,GCF_001041375.1_ViralProj287958_genomic.fna,GCF_001265335.1_302014_genomic.fna,GCF_001265625.1_100854_genomic.fna,GCF_001267345.1_303289_genomic.fna,GCF_001309985.1_ASM130998v1_genomic.fna,GCF_001521695.1_ASM152169v1_genomic.fna,GCF_001592595.1_ASM159259v1_genomic.fna,GCF_001614975.1_ASM161497v1_genomic.fna,GCF_001692775.1_ASM169277v1_genomic.fna,GCF_001748915.1_ASM174891v1_genomic.fna,GCF_001749235.1_ASM174923v1_genomic.fna,GCF_001881155.1_ASM188115v1_genomic.fna,GCF_001881345.1_ASM188134v1_genomic.fna,GCF_001892405.1_ASM189240v1_genomic.fna,GCF_001892585.1_ASM189258v1_genomic.fna,GCF_001893985.1_ASM189398v1_genomic.fna,GCF_002001595.1_ASM200159v1_genomic.fna,GCF_002002145.1_ASM200214v1_genomic.fna
1.0,0.557,0.483,0.501,0.552,0.524,0.525,0.514,0.621,0.509,0.53,0.522,0.54,0.5,0.503,0.544,0.548,0.533,0.532,0.522,0.515,0.52,0.537,0.536,0.519,0.53,0.511,0.505,0.57,0.635,0.484,0.534,0.0,0.525,0.481,0.505,0.52,0.544,0.504,0.515,0.491,0.524,0.52,0.51,0.524,0.54,0.529,0.53,0.505,0.59
0.557,1.0,0.453,0.504,0.694,0.8,0.579,0.518,0.527,0.51,0.65,0.532,0.663,0.496,0.501,0.605,0.744,0.649,0.661,0.573,0.631,0.65,0.665,0.819,0.82,0.736,0.628,0.507,0.553,0.539,0.492,0.667,0.0,0.647,0.754,0.483,0.572,0.67,0.496,0.647,0.503,0.713,0.647,0.518,0.521,0.499,0.735,0.735,0.516,0.558
0.483,0.453,1.0,0.414,0.443,0.43,0.426,0.421,0.44,0.414,0.429,0.426,0.435,0.409,0.425,0.432,0.437,0.439,0.438,0.422,0.424,0.429,0.441,0.432,0.441,0.422,0.415,0.413,0.449,0.455,0.403,0.449,0.0,0.437,0.391,0.42,0.422,0.437,0.44,0.425,0.418,0.44,0.438,0.423,0.422,0.439,0.446,0.447,0.424,0.462
0.501,0.504,0.414,1.0,0.493,0.487,0.468,0.732,0.485,0.749,0.5,0.757,0.504,0.793,0.787,0.482,0.493,0.48,0.5,0.464,0.463,0.499,0.493,0.505,0.52,0.511,0.489,0.786,0.536,0.493,0.741,0.491,0.0,0.47,0.467,0.644,0.462,0.481,0.702,0.483,0.766,0.482,0.492,0.77,0.764,0.505,0.476,0.476,0.721,0.546
0.552,0.694,0.443,0.493,1.0,0.677,0.579,0.517,0.53,0.501,0.776,0.514,0.749,0.497,0.512,0.604,0.685,0.708,0.727,0.574,0.708,0.714,0.733,0.689,0.673,0.676,0.706,0.489,0.55,0.537,0.494,0.73,0.0,0.716,0.637,0.478,0.572,0.739,0.504,0.722,0.504,0.694,0.722,0.491,0.5,0.488,0.689,0.691,0.51,0.55
0.524,0.8,0.43,0.487,0.677,1.0,0.582,0.506,0.529,0.485,0.649,0.489,0.651,0.493,0.489,0.602,0.721,0.648,0.654,0.578,0.628,0.655,0.67,0.795,0.806,0.709,0.628,0.489,0.557,0.526,0.48,0.662,0.0,0.655,0.743,0.492,0.575,0.657,0.507,0.65,0.493,0.702,0.642,0.491,0.494,0.481,0.714,0.714,0.499,0.563
0.525,0.579,0.426,0.468,0.579,0.582,1.0,0.475,0.51,0.446,0.557,0.469,0.576,0.463,0.466,0.936,0.583,0.605,0.612,0.981,0.621,0.586,0.608,0.579,0.576,0.579,0.566,0.465,0.518,0.514,0.453,0.595,0.0,0.574,0.542,0.479,0.984,0.566,0.482,0.562,0.456,0.579,0.568,0.473,0.478,0.479,0.567,0.568,0.468,0.535
0.514,0.518,0.421,0.732,0.517,0.506,0.475,1.0,0.495,0.725,0.479,0.742,0.492,0.735,0.746,0.493,0.498,0.476,0.493,0.47,0.465,0.482,0.498,0.521,0.51,0.497,0.477,0.895,0.551,0.511,0.741,0.505,0.0,0.485,0.463,0.653,0.47,0.51,0.709,0.478,0.742,0.496,0.476,0.902,0.889,0.505,0.491,0.491,0.713,0.549
0.621,0.527,0.44,0.485,0.53,0.529,0.51,0.495,1.0,0.489,0.522,0.495,0.53,0.495,0.485,0.531,0.53,0.523,0.526,0.505,0.511,0.523,0.527,0.529,0.527,0.517,0.514,0.487,0.56,0.649,0.474,0.53,0.0,0.515,0.478,0.494,0.503,0.522,0.489,0.529,0.487,0.524,0.521,0.489,0.488,0.508,0.52,0.52,0.501,0.58
0.509,0.51,0.414,0.749,0.501,0.485,0.446,0.725,0.489,1.0,0.532,0.716,0.511,0.731,0.712,0.463,0.486,0.471,0.485,0.442,0.448,0.485,0.467,0.509,0.51,0.508,0.486,0.746,0.542,0.503,0.746,0.469,0.0,0.454,0.489,0.646,0.442,0.474,0.701,0.485,0.759,0.473,0.48,0.733,0.739,0.493,0.475,0.475,0.709,0.536
0.53,0.65,0.429,0.5,0.776,0.649,0.557,0.479,0.522,0.532,1.0,0.49,0.774,0.499,0.483,0.579,0.657,0.704,0.717,0.553,0.685,0.737,0.713,0.68,0.66,0.689,0.726,0.49,0.532,0.529,0.475,0.701,0.0,0.688,0.671,0.475,0.552,0.71,0.49,0.755,0.488,0.652,0.734,0.477,0.48,0.469,0.649,0.651,0.5,0.537
0.522,0.532,0.426,0.757,0.514,0.489,0.469,0.742,0.495,0.716,0.49,1.0,0.492,0.748,0.861,0.481,0.491,0.477,0.482,0.463,0.478,0.489,0.506,0.508,0.504,0.499,0.471,0.744,0.554,0.507,0.709,0.492,0.0,0.485,0.465,0.635,0.463,0.489,0.71,0.471,0.736,0.483,0.482,0.751,0.758,0.511,0.488,0.488,0.696,0.555
0.54,0.663,0.435,0.504,0.749,0.651,0.576,0.492,0.53,0.511,0.774,0.492,1.0,0.497,0.487,0.601,0.659,0.73,0.761,0.569,0.729,0.815,0.794,0.689,0.668,0.69,0.793,0.498,0.541,0.532,0.471,0.745,0.0,0.764,0.65,0.463,0.568,0.761,0.487,0.8,0.485,0.657,0.783,0.483,0.483,0.48,0.662,0.663,0.502,0.539
0.5,0.496,0.409,0.793,0.497,0.493,0.463,0.735,0.495,0.731,0.499,0.748,0.497,1.0,0.782,0.479,0.489,0.483,0.493,0.46,0.45,0.487,0.483,0.497,0.507,0.5,0.484,0.782,0.558,0.497,0.733,0.487,0.0,0.464,0.463,0.643,0.459,0.481,0.709,0.477,0.755,0.479,0.484,0.763,0.763,0.505,0.479,0.479,0.709,0.555
0.503,0.501,0.425,0.787,0.512,0.489,0.466,0.746,0.485,0.712,0.483,0.861,0.487,0.782,1.0,0.479,0.483,0.477,0.479,0.463,0.466,0.483,0.501,0.489,0.491,0.485,0.471,0.757,0.547,0.495,0.747,0.497,0.0,0.483,0.456,0.645,0.462,0.487,0.719,0.467,0.76,0.479,0.473,0.759,0.765,0.509,0.486,0.487,0.712,0.56
0.544,0.605,0.432,0.482,0.604,0.602,0.936,0.493,0.531,0.463,0.579,0.481,0.601,0.479,0.479,1.0,0.603,0.607,0.629,0.93,0.611,0.607,0.619,0.599,0.594,0.591,0.583,0.484,0.538,0.535,0.467,0.601,0.0,0.587,0.559,0.482,0.93,0.587,0.485,0.585,0.472,0.587,0.583,0.491,0.495,0.48,0.59,0.591,0.487,0.551
0.548,0.744,0.437,0.493,0.685,0.721,0.583,0.498,0.53,0.486,0.657,0.491,0.659,0.489,0.483,0.603,1.0,0.649,0.664,0.573,0.642,0.675,0.684,0.758,0.742,0.776,0.632,0.494,0.548,0.525,0.466,0.699,0.0,0.661,0.69,0.488,0.576,0.654,0.495,0.65,0.474,0.699,0.653,0.497,0.505,0.47,0.729,0.731,0.498,0.541
0.533,0.649,0.439,0.48,0.708,0.648,0.605,0.476,0.523,0.471,0.704,0.477,0.73,0.483,0.477,0.607,0.649,1.0,0.786,0.596,0.765,0.753,0.763,0.651,0.629,0.649,0.725,0.475,0.517,0.526,0.47,0.725,0.0,0.723,0.601,0.487,0.594,0.708,0.481,0.716,0.473,0.647,0.711,0.479,0.484,0.469,0.652,0.653,0.484,0.536
0.532,0.661,0.438,0.5,0.727,0.654,0.612,0.493,0.526,0.485,0.717,0.482,0.761,0.493,0.479,0.629,0.664,0.786,1.0,0.605,0.753,0.783,0.773,0.66,0.652,0.666,0.751,0.496,0.529,0.534,0.466,0.74,0.0,0.73,0.626,0.477,0.603,0.734,0.489,0.749,0.479,0.66,0.741,0.489,0.49,0.464,0.654,0.655,0.493,0.54
0.522,0.573,0.422,0.464,0.574,0.578,0.981,0.47,0.505,0.442,0.553,0.463,0.569,0.46,0.463,0.93,0.573,0.596,0.605,1.0,0.613,0.578,0.597,0.57,0.574,0.571,0.556,0.46,0.511,0.511,0.45,0.588,0.0,0.565,0.536,0.472,0.993,0.56,0.478,0.555,0.453,0.573,0.56,0.466,0.471,0.479,0.561,0.562,0.463,0.529
0.515,0.631,0.424,0.463,0.708,0.628,0.621,0.465,0.511,0.448,0.685,0.478,0.729,0.45,0.466,0.611,0.642,0.765,0.753,0.613,1.0,0.743,0.769,0.633,0.624,0.646,0.717,0.461,0.503,0.508,0.455,0.742,0.0,0.739,0.593,0.476,0.611,0.719,0.487,0.724,0.461,0.633,0.716,0.462,0.468,0.466,0.643,0.644,0.465,0.524
0.52,0.65,0.429,0.499,0.714,0.655,0.586,0.482,0.523,0.485,0.737,0.489,0.815,0.487,0.483,0.607,0.675,0.753,0.783,0.578,0.743,1.0,0.916,0.685,0.672,0.682,0.782,0.492,0.535,0.524,0.461,0.752,0.0,0.859,0.644,0.465,0.578,0.742,0.483,0.775,0.473,0.644,0.777,0.481,0.48,0.467,0.652,0.653,0.486,0.538
0.537,0.665,0.441,0.493,0.733,0.67,0.608,0.498,0.527,0.467,0.713,0.506,0.794,0.483,0.501,0.619,0.684,0.763,0.773,0.597,0.769,0.916,1.0,0.673,0.661,0.674,0.761,0.486,0.536,0.528,0.472,0.776,0.0,0.866,0.624,0.482,0.597,0.756,0.491,0.751,0.481,0.654,0.756,0.49,0.492,0.472,0.665,0.666,0.489,0.544
0.536,0.819,0.432,0.505,0.689,0.795,0.579,0.521,0.529,0.509,0.68,0.508,0.689,0.497,0.489,0.599,0.758,0.651,0.66,0.57,0.633,0.685,0.673,1.0,0.837,0.769,0.656,0.506,0.548,0.529,0.475,0.659,0.0,0.648,0.795,0.483,0.572,0.641,0.483,0.664,0.489,0.709,0.659,0.499,0.5,0.475,0.712,0.713,0.498,0.55
0.519,0.82,0.441,0.52,0.673,0.806,0.576,0.51,0.527,0.51,0.66,0.504,0.668,0.507,0.491,0.594,0.742,0.629,0.652,0.574,0.624,0.672,0.661,0.837,1.0,0.774,0.643,0.523,0.55,0.526,0.483,0.665,0.0,0.639,0.783,0.479,0.573,0.647,0.494,0.664,0.499,0.7,0.655,0.519,0.51,0.483,0.707,0.706,0.513,0.548
0.53,0.736,0.422,0.511,0.676,0.709,0.579,0.497,0.517,0.508,0.689,0.499,0.69,0.5,0.485,0.591,0.776,0.649,0.666,0.571,0.646,0.682,0.674,0.769,0.774,1.0,0.665,0.506,0.548,0.515,0.473,0.653,0.0,0.647,0.714,0.482,0.572,0.647,0.489,0.679,0.485,0.697,0.665,0.505,0.501,0.477,0.72,0.721,0.503,0.547
0.511,0.628,0.415,0.489,0.706,0.628,0.566,0.477,0.514,0.486,0.726,0.471,0.793,0.484,0.471,0.583,0.632,0.725,0.751,0.556,0.717,0.782,0.761,0.656,0.643,0.665,1.0,0.478,0.531,0.507,0.464,0.741,0.0,0.725,0.613,0.465,0.556,0.797,0.458,0.775,0.476,0.636,0.829,0.469,0.468,0.451,0.625,0.626,0.476,0.529
0.505,0.507,0.413,0.786,0.489,0.489,0.465,0.895,0.487,0.746,0.49,0.744,0.498,0.782,0.757,0.484,0.494,0.475,0.496,0.46,0.461,0.492,0.486,0.506,0.523,0.506,0.478,1.0,0.548,0.506,0.727,0.495,0.0,0.468,0.467,0.642,0.461,0.49,0.697,0.482,0.757,0.476,0.477,0.963,0.943,0.502,0.481,0.481,0.726,0.538
0.57,0.553,0.449,0.536,0.55,0.557,0.518,0.551,0.56,0.542,0.532,0.554,0.541,0.558,0.547,0.538,0.548,0.517,0.529,0.511,0.503,0.535,0.536,0.548,0.55,0.548,0.531,0.548,1.0,0.555,0.526,0.529,0.0,0.523,0.517,0.521,0.512,0.54,0.527,0.527,0.532,0.523,0.534,0.535,0.542,0.59,0.525,0.525,0.536,0.836
0.635,0.539,0.455,0.493,0.537,0.526,0.514,0.511,0.649,0.503,0.529,0.507,0.532,0.497,0.495,0.535,0.525,0.526,0.534,0.511,0.508,0.524,0.528,0.529,0.526,0.515,0.507,0.506,0.555,1.0,0.487,0.524,0.0,0.511,0.47,0.496,0.509,0.52,0.513,0.528,0.497,0.521,0.519,0.51,0.506,0.532,0.53,0.531,0.507,0.572
0.484,0.492,0.403,0.741,0.494,0.48,0.453,0.741,0.474,0.746,0.475,0.709,0.471,0.733,0.747,0.467,0.466,0.47,0.466,0.45,0.455,0.461,0.472,0.475,0.483,0.473,0.464,0.727,0.526,0.487,1.0,0.48,0.0,0.464,0.438,0.649,0.449,0.468,0.692,0.466,0.889,0.474,0.459,0.735,0.738,0.498,0.464,0.465,0.701,0.536
0.534,0.667,0.449,0.491,0.73,0.662,0.595,0.505,0.53,0.469,0.701,0.492,0.745,0.487,0.497,0.601,0.699,0.725,0.74,0.588,0.742,0.752,0.776,0.659,0.665,0.653,0.741,0.495,0.529,0.524,0.48,1.0,0.0,0.752,0.6,0.483,0.587,0.773,0.505,0.75,0.481,0.675,0.766,0.499,0.501,0.479,0.678,0.679,0.498,0.534
0.0,0.0,0.0,0.0,0.0,0.0,0.0,0.0,0.0,0.0,0.0,0.0,0.0,0.0,0.0,0.0,0.0,0.0,0.0,0.0,0.0,0.0,0.0,0.0,0.0,0.0,0.0,0.0,0.0,0.0,0.0,0.0,1.0,0.0,0.0,0.0,0.0,0.0,0.0,0.0,0.0,0.0,0.0,0.0,0.0,0.0,0.0,0.0,0.0,0.0
0.525,0.647,0.437,0.47,0.716,0.655,0.574,0.485,0.515,0.454,0.688,0.485,0.764,0.464,0.483,0.587,0.661,0.723,0.73,0.565,0.739,0.859,0.866,0.648,0.639,0.647,0.725,0.468,0.523,0.511,0.464,0.752,0.0,1.0,0.604,0.492,0.563,0.735,0.501,0.728,0.462,0.651,0.741,0.468,0.478,0.465,0.651,0.653,0.477,0.523
0.481,0.754,0.391,0.467,0.637,0.743,0.542,0.463,0.478,0.489,0.671,0.465,0.65,0.463,0.456,0.559,0.69,0.601,0.626,0.536,0.593,0.644,0.624,0.795,0.783,0.714,0.613,0.467,0.517,0.47,0.438,0.6,0.0,0.604,1.0,0.436,0.537,0.591,0.441,0.617,0.45,0.651,0.618,0.455,0.458,0.44,0.657,0.657,0.459,0.504
0.505,0.483,0.42,0.644,0.478,0.492,0.479,0.653,0.494,0.646,0.475,0.635,0.463,0.643,0.645,0.482,0.488,0.487,0.477,0.472,0.476,0.465,0.482,0.483,0.479,0.482,0.465,0.642,0.521,0.496,0.649,0.483,0.0,0.492,0.436,1.0,0.473,0.464,0.679,0.465,0.656,0.494,0.458,0.652,0.66,0.498,0.473,0.474,0.641,0.527
0.52,0.572,0.422,0.462,0.572,0.575,0.984,0.47,0.503,0.442,0.552,0.463,0.568,0.459,0.462,0.93,0.576,0.594,0.603,0.993,0.611,0.578,0.597,0.572,0.573,0.572,0.556,0.461,0.512,0.509,0.449,0.587,0.0,0.563,0.537,0.473,1.0,0.558,0.476,0.553,0.452,0.571,0.559,0.468,0.472,0.478,0.56,0.561,0.464,0.527
0.544,0.67,0.437,0.481,0.739,0.657,0.566,0.51,0.522,0.474,0.71,0.489,0.761,0.481,0.487,0.587,0.654,0.708,0.734,0.56,0.719,0.742,0.756,0.641,0.647,0.647,0.797,0.49,0.54,0.52,0.468,0.773,0.0,0.735,0.591,0.464,0.558,1.0,0.487,0.755,0.481,0.662,0.843,0.492,0.483,0.473,0.675,0.677,0.494,0.541
0.504,0.496,0.44,0.702,0.504,0.507,0.482,0.709,0.489,0.701,0.49,0.71,0.487,0.709,0.719,0.485,0.495,0.481,0.489,0.478,0.487,0.483,0.491,0.483,0.494,0.489,0.458,0.697,0.527,0.513,0.692,0.505,0.0,0.501,0.441,0.679,0.476,0.487,1.0,0.483,0.694,0.513,0.48,0.707,0.713,0.508,0.497,0.497,0.694,0.531
0.515,0.647,0.425,0.483,0.722,0.65,0.562,0.478,0.529,0.485,0.755,0.471,0.8,0.477,0.467,0.585,0.65,0.716,0.749,0.555,0.724,0.775,0.751,0.664,0.664,0.679,0.775,0.482,0.527,0.528,0.466,0.75,0.0,0.728,0.617,0.465,0.553,0.755,0.483,1.0,0.471,0.645,0.783,0.469,0.469,0.467,0.671,0.671,0.479,0.534
0.491,0.503,0.418,0.766,0.504,0.493,0.456,0.742,0.487,0.759,0.488,0.736,0.485,0.755,0.76,0.472,0.474,0.473,0.479,0.453,0.461,0.473,0.481,0.489,0.499,0.485,0.476,0.757,0.532,0.497,0.889,0.481,0.0,0.462,0.45,0.656,0.452,0.481,0.694,0.471,1.0,0.484,0.468,0.763,0.757,0.497,0.467,0.467,0.711,0.55
0.524,0.713,0.44,0.482,0.694,0.702,0.579,0.496,0.524,0.473,0.652,0.483,0.657,0.479,0.479,0.587,0.699,0.647,0.66,0.573,0.633,0.644,0.654,0.709,0.7,0.697,0.636,0.476,0.523,0.521,0.474,0.675,0.0,0.651,0.651,0.494,0.571,0.662,0.513,0.645,0.484,1.0,0.682,0.482,0.484,0.475,0.745,0.747,0.488,0.524
0.52,0.647,0.438,0.492,0.722,0.642,0.568,0.476,0.521,0.48,0.734,0.482,0.783,0.484,0.473,0.583,0.653,0.711,0.741,0.56,0.716,0.777,0.756,0.659,0.655,0.665,0.829,0.477,0.534,0.519,0.459,0.766,0.0,0.741,0.618,0.458,0.559,0.843,0.48,0.783,0.468,0.682,1.0,0.464,0.466,0.463,0.661,0.662,0.481,0.532
0.51,0.518,0.423,0.77,0.491,0.491,0.473,0.902,0.489,0.733,0.477,0.751,0.483,0.763,0.759,0.491,0.497,0.479,0.489,0.466,0.462,0.481,0.49,0.499,0.519,0.505,0.469,0.963,0.535,0.51,0.735,0.499,0.0,0.468,0.455,0.652,0.468,0.492,0.707,0.469,0.763,0.482,0.464,1.0,0.96,0.51,0.484,0.484,0.732,0.539
0.524,0.521,0.422,0.764,0.5,0.494,0.478,0.889,0.488,0.739,0.48,0.758,0.483,0.763,0.765,0.495,0.505,0.484,0.49,0.471,0.468,0.48,0.492,0.5,0.51,0.501,0.468,0.943,0.542,0.506,0.738,0.501,0.0,0.478,0.458,0.66,0.472,0.483,0.713,0.469,0.757,0.484,0.466,0.96,1.0,0.512,0.493,0.493,0.728,0.541
0.54,0.499,0.439,0.505,0.488,0.481,0.479,0.505,0.508,0.493,0.469,0.511,0.48,0.505,0.509,0.48,0.47,0.469,0.464,0.479,0.466,0.467,0.472,0.475,0.483,0.477,0.451,0.502,0.59,0.532,0.498,0.479,0.0,0.465,0.44,0.498,0.478,0.473,0.508,0.467,0.497,0.475,0.463,0.51,0.512,1.0,0.498,0.498,0.508,0.659
0.529,0.735,0.446,0.476,0.689,0.714,0.567,0.491,0.52,0.475,0.649,0.488,0.662,0.479,0.486,0.59,0.729,0.652,0.654,0.561,0.643,0.652,0.665,0.712,0.707,0.72,0.625,0.481,0.525,0.53,0.464,0.678,0.0,0.651,0.657,0.473,0.56,0.675,0.497,0.671,0.467,0.745,0.661,0.484,0.493,0.498,1.0,0.997,0.488,0.542
0.53,0.735,0.447,0.476,0.691,0.714,0.568,0.491,0.52,0.475,0.651,0.488,0.663,0.479,0.487,0.591,0.731,0.653,0.655,0.562,0.644,0.653,0.666,0.713,0.706,0.721,0.626,0.481,0.525,0.531,0.465,0.679,0.0,0.653,0.657,0.474,0.561,0.677,0.497,0.671,0.467,0.747,0.662,0.484,0.493,0.498,0.997,1.0,0.488,0.542
0.505,0.516,0.424,0.721,0.51,0.499,0.468,0.713,0.501,0.709,0.5,0.696,0.502,0.709,0.712,0.487,0.498,0.484,0.493,0.463,0.465,0.486,0.489,0.498,0.513,0.503,0.476,0.726,0.536,0.507,0.701,0.498,0.0,0.477,0.459,0.641,0.464,0.494,0.694,0.479,0.711,0.488,0.481,0.732,0.728,0.508,0.488,0.488,1.0,0.541
0.59,0.558,0.462,0.546,0.55,0.563,0.535,0.549,0.58,0.536,0.537,0.555,0.539,0.555,0.56,0.551,0.541,0.536,0.54,0.529,0.524,0.538,0.544,0.55,0.548,0.547,0.529,0.538,0.836,0.572,0.536,0.534,0.0,0.523,0.504,0.527,0.527,0.541,0.531,0.534,0.55,0.524,0.532,0.539,0.541,0.659,0.542,0.542,0.541,1.0
