GCF_000163235.1_ASM16323v1_genomic.fna,GCF_000164555.1_ASM16455v1_genomic.fna,GCF_000208545.1_ASM20854v2_genomic.fna,GCF_000233875.1_ASM23387v1_genomic.fna,GCF_000249735.1_ASM24973v2_genomic.fna,GCF_000261145.1_Esch_coli_M919_V2_genomic.fna,GCF_000267705.2_ASM26770v2_genomic.fna,GCF_000350665.1_Esch_coli_KTE5_V1_genomic.fna,GCF_000351625.1_Esch_coli_KTE66_V1_genomic.fna,GCF_000352285.1_Esch_coli_KTE46_V1_genomic.fna,GCF_000358895.1_ASM35889v1_genomic.fna,GCF_000456385.1_Esch_coli_HVH_26_4-5703913_V1_genomic.fna,GCF_000458195.1_Esch_coli_HVH_147_4-5893887_V1_genomic.fna,GCF_000459755.1_Esch_coli_KOEGE_58_171a_V1_genomic.fna,GCF_000460055.1_Esch_coli_UMEA_3053-1_V1_genomic.fna,GCF_000462165.2_ASM46216v2_genomic.fna,GCF_000601135.1_ASM60113v1_genomic.fna,GCF_000614595.1_Ec2010EL1058_genomic.fna,GCF_000617745.1_Ec2010C-4529_genomic.fna,GCF_000618265.2_EcF6751_genomic.fna,GCF_000619005.2_Ec2009C-4052_genomic.fna,GCF_000619105.1_Ec2009C-4780_genomic.fna,GCF_000619765.2_Ec2009C-3279_genomic.fna,GCF_000687005.1_ASM68700v1_genomic.fna,GCF_000687025.1_ASM68702v1_genomic.fna,GCF_000700125.1_ASM70012v1_genomic.fna,GCF_000753315.1_FHI35_genomic.fna,GCF_000776375.1_ASM77637v1_genomic.fna,GCF_000779395.1_ASM77939v1_genomic.fna,GCF_000780315.1_ASM78031v1_genomic.fna,GCF_000781995.1_ASM78199v1_genomic.fna,GCF_000986765.1_ASM98676v1_genomic.fna,GCF_001041375.1_ViralProj287958_genomic.fna,GCF_001265335.1_302014_genomic.fna,GCF_001265625.1_100854_genomic.fna,GCF_001267345.1_303289_genomic.fna,GCF_001309985.1_ASM130998v1_genomic.fna,GCF_001521695.1_ASM152169v1_genomic.fna,GCF_001592595.1_ASM159259v1_genomic.fna,GCF_001614975.1_ASM161497v1_genomic.fna,GCF_001692775.1_ASM169277v1_genomic.fna,GCF_001748915.1_ASM174891v1_genomic.fna,GCF_001749235.1_ASM174923v1_genomic.fna,GCF_001881155.1_ASM188115v1_genomic.fna,GCF_001881345.1_ASM188134v1_genomic.fna,GCF_001892405.1_ASM189240v1_genomic.fna,GCF_001892585.1_ASM189258v1_genomic.fna,GCF_001893985.1_ASM189398v1_genomic.fna,GCF_002001595.1_ASM200159v1_genomic.fna,GCF_002002145.1_ASM200214v1_genomic.fna
1.0,0.513,0.41,0.427,0.485,0.471,0.465,0.447,0.573,0.446,0.465,0.455,0.476,0.421,0.423,0.466,0.46,0.462,0.463,0.458,0.44,0.469,0.467,0.47,0.466,0.445,0.481,0.438,0.519,0.565,0.416,0.469,0.0,0.467,0.425,0.432,0.46,0.499,0.422,0.463,0.423,0.469,0.478,0.437,0.451,0.462,0.452,0.453,0.424,0.527
0.513,1.0,0.379,0.415,0.634,0.786,0.531,0.433,0.468,0.422,0.588,0.451,0.611,0.408,0.414,0.532,0.712,0.59,0.6,0.526,0.586,0.614,0.599,0.798,0.806,0.708,0.608,0.427,0.466,0.469,0.399,0.616,0.0,0.605,0.736,0.415,0.526,0.643,0.389,0.603,0.405,0.677,0.617,0.438,0.44,0.407,0.692,0.692,0.422,0.456
0.41,0.379,1.0,0.33,0.371,0.365,0.349,0.347,0.39,0.331,0.361,0.341,0.365,0.322,0.335,0.35,0.365,0.364,0.353,0.345,0.346,0.36,0.348,0.362,0.358,0.352,0.364,0.337,0.368,0.386,0.324,0.364,0.0,0.356,0.325,0.346,0.346,0.369,0.325,0.362,0.333,0.365,0.372,0.34,0.328,0.351,0.376,0.376,0.338,0.381
0.427,0.415,0.33,1.0,0.423,0.397,0.402,0.706,0.42,0.713,0.407,0.713,0.417,0.76,0.752,0.403,0.403,0.39,0.402,0.396,0.376,0.399,0.396,0.405,0.4,0.389,0.41,0.75,0.487,0.408,0.719,0.416,0.0,0.387,0.369,0.634,0.397,0.419,0.646,0.407,0.745,0.401,0.41,0.731,0.723,0.416,0.39,0.391,0.643,0.479
0.485,0.634,0.371,0.423,1.0,0.624,0.534,0.438,0.461,0.422,0.761,0.435,0.704,0.428,0.424,0.536,0.621,0.671,0.684,0.529,0.675,0.687,0.677,0.621,0.612,0.606,0.702,0.433,0.478,0.476,0.417,0.703,0.0,0.677,0.574,0.418,0.531,0.705,0.393,0.69,0.428,0.618,0.711,0.429,0.43,0.406,0.635,0.635,0.412,0.465
0.471,0.786,0.365,0.397,0.624,1.0,0.526,0.416,0.467,0.386,0.577,0.413,0.606,0.394,0.403,0.523,0.693,0.604,0.596,0.522,0.586,0.613,0.621,0.788,0.8,0.671,0.602,0.405,0.453,0.459,0.384,0.603,0.0,0.629,0.749,0.409,0.523,0.617,0.403,0.595,0.397,0.663,0.612,0.405,0.401,0.402,0.687,0.688,0.397,0.45
0.465,0.531,0.349,0.402,0.534,0.526,1.0,0.41,0.476,0.389,0.521,0.407,0.538,0.396,0.401,0.96,0.52,0.566,0.563,0.981,0.549,0.564,0.568,0.524,0.52,0.512,0.543,0.406,0.428,0.467,0.393,0.545,0.0,0.532,0.5,0.418,0.982,0.542,0.399,0.519,0.395,0.517,0.547,0.402,0.406,0.398,0.52,0.519,0.398,0.452
0.447,0.433,0.347,0.706,0.438,0.416,0.41,1.0,0.422,0.705,0.407,0.698,0.418,0.704,0.688,0.413,0.409,0.407,0.412,0.404,0.389,0.413,0.402,0.421,0.405,0.402,0.421,0.916,0.489,0.414,0.706,0.42,0.0,0.406,0.377,0.625,0.405,0.454,0.66,0.419,0.71,0.415,0.432,0.903,0.879,0.431,0.402,0.404,0.641,0.483
0.573,0.468,0.39,0.42,0.461,0.467,0.476,0.422,1.0,0.424,0.465,0.411,0.474,0.42,0.413,0.478,0.456,0.45,0.454,0.471,0.431,0.463,0.459,0.467,0.458,0.432,0.475,0.423,0.483,0.593,0.406,0.462,0.0,0.452,0.421,0.449,0.473,0.484,0.407,0.461,0.405,0.459,0.479,0.415,0.411,0.449,0.451,0.452,0.41,0.509
0.446,0.422,0.331,0.713,0.422,0.386,0.389,0.705,0.424,1.0,0.431,0.692,0.427,0.725,0.696,0.396,0.4,0.384,0.395,0.386,0.372,0.398,0.383,0.405,0.394,0.407,0.412,0.714,0.485,0.413,0.733,0.391,0.0,0.385,0.372,0.64,0.386,0.421,0.675,0.409,0.738,0.389,0.408,0.699,0.703,0.418,0.385,0.385,0.641,0.472
0.465,0.588,0.361,0.407,0.761,0.577,0.521,0.407,0.465,0.431,1.0,0.4,0.729,0.408,0.398,0.532,0.6,0.657,0.676,0.516,0.647,0.681,0.652,0.628,0.584,0.623,0.679,0.409,0.461,0.468,0.383,0.661,0.0,0.645,0.617,0.416,0.517,0.684,0.375,0.711,0.39,0.602,0.693,0.396,0.393,0.389,0.595,0.594,0.387,0.457
0.455,0.451,0.341,0.713,0.435,0.413,0.407,0.698,0.411,0.692,0.4,1.0,0.419,0.721,0.849,0.408,0.412,0.405,0.405,0.404,0.399,0.413,0.403,0.411,0.405,0.403,0.41,0.712,0.492,0.421,0.687,0.423,0.0,0.401,0.376,0.618,0.403,0.437,0.673,0.416,0.711,0.403,0.426,0.707,0.706,0.427,0.407,0.408,0.637,0.474
0.476,0.611,0.365,0.417,0.704,0.606,0.538,0.418,0.474,0.427,0.729,0.419,1.0,0.421,0.413,0.544,0.613,0.699,0.743,0.533,0.71,0.787,0.763,0.647,0.608,0.604,0.749,0.419,0.477,0.48,0.403,0.718,0.0,0.753,0.601,0.429,0.533,0.736,0.394,0.772,0.409,0.614,0.74,0.408,0.404,0.403,0.61,0.609,0.403,0.481
0.421,0.408,0.322,0.76,0.428,0.394,0.396,0.704,0.42,0.725,0.408,0.721,0.421,1.0,0.761,0.397,0.405,0.4,0.408,0.391,0.379,0.407,0.394,0.399,0.398,0.389,0.415,0.744,0.483,0.411,0.735,0.411,0.0,0.39,0.365,0.64,0.393,0.427,0.671,0.412,0.755,0.395,0.415,0.725,0.718,0.419,0.389,0.39,0.641,0.47
0.423,0.414,0.335,0.752,0.424,0.403,0.401,0.688,0.413,0.696,0.398,0.849,0.413,0.761,1.0,0.399,0.4,0.406,0.404,0.398,0.386,0.411,0.396,0.399,0.39,0.388,0.413,0.719,0.478,0.411,0.722,0.408,0.0,0.392,0.362,0.636,0.398,0.429,0.677,0.413,0.744,0.399,0.424,0.704,0.698,0.434,0.405,0.405,0.64,0.497
0.466,0.532,0.35,0.403,0.536,0.523,0.96,0.413,0.478,0.396,0.532,0.408,0.544,0.397,0.399,1.0,0.529,0.557,0.561,0.955,0.534,0.563,0.559,0.53,0.52,0.521,0.54,0.41,0.43,0.473,0.392,0.532,0.0,0.525,0.498,0.429,0.954,0.544,0.401,0.525,0.399,0.518,0.546,0.403,0.406,0.398,0.52,0.519,0.401,0.453
0.46,0.712,0.365,0.403,0.621,0.693,0.52,0.409,0.456,0.4,0.6,0.412,0.613,0.405,0.4,0.529,1.0,0.587,0.608,0.513,0.583,0.614,0.596,0.735,0.723,0.738,0.593,0.406,0.448,0.447,0.374,0.619,0.0,0.598,0.669,0.423,0.516,0.608,0.381,0.614,0.378,0.672,0.614,0.396,0.397,0.383,0.683,0.683,0.39,0.445
0.462,0.59,0.364,0.39,0.671,0.604,0.566,0.407,0.45,0.384,0.657,0.405,0.699,0.4,0.406,0.557,0.587,1.0,0.762,0.562,0.719,0.744,0.736,0.604,0.573,0.57,0.709,0.401,0.431,0.455,0.387,0.694,0.0,0.697,0.562,0.429,0.559,0.683,0.386,0.695,0.391,0.593,0.7,0.395,0.393,0.386,0.579,0.58,0.387,0.449
0.463,0.6,0.353,0.402,0.684,0.596,0.563,0.412,0.454,0.395,0.676,0.405,0.743,0.408,0.404,0.561,0.608,0.762,1.0,0.556,0.728,0.742,0.734,0.612,0.588,0.585,0.718,0.412,0.448,0.461,0.386,0.703,0.0,0.697,0.582,0.429,0.556,0.706,0.387,0.713,0.392,0.61,0.718,0.398,0.397,0.386,0.587,0.587,0.389,0.457
0.458,0.526,0.345,0.396,0.529,0.522,0.981,0.404,0.471,0.386,0.516,0.404,0.533,0.391,0.398,0.955,0.513,0.562,0.556,1.0,0.55,0.559,0.563,0.518,0.515,0.509,0.536,0.401,0.425,0.463,0.393,0.54,0.0,0.528,0.493,0.416,0.989,0.533,0.398,0.513,0.394,0.509,0.541,0.4,0.404,0.398,0.519,0.518,0.395,0.449
0.44,0.586,0.346,0.376,0.675,0.586,0.549,0.389,0.431,0.372,0.647,0.399,0.71,0.379,0.386,0.534,0.583,0.719,0.728,0.55,1.0,0.743,0.747,0.588,0.573,0.583,0.709,0.385,0.434,0.435,0.376,0.704,0.0,0.719,0.554,0.403,0.544,0.693,0.376,0.697,0.386,0.579,0.71,0.384,0.378,0.389,0.599,0.598,0.374,0.446
0.469,0.614,0.36,0.399,0.687,0.613,0.564,0.413,0.463,0.398,0.681,0.413,0.787,0.407,0.411,0.563,0.614,0.744,0.742,0.559,0.743,1.0,0.914,0.617,0.6,0.592,0.734,0.412,0.457,0.473,0.39,0.724,0.0,0.863,0.582,0.422,0.558,0.73,0.385,0.739,0.396,0.617,0.746,0.401,0.398,0.403,0.606,0.605,0.395,0.475
0.467,0.599,0.348,0.396,0.677,0.621,0.568,0.402,0.459,0.383,0.652,0.403,0.763,0.394,0.396,0.559,0.596,0.736,0.734,0.563,0.747,0.914,1.0,0.596,0.585,0.571,0.723,0.402,0.456,0.454,0.386,0.734,0.0,0.858,0.566,0.413,0.564,0.699,0.404,0.715,0.393,0.595,0.708,0.401,0.407,0.402,0.594,0.594,0.4,0.462
0.47,0.798,0.362,0.405,0.621,0.788,0.524,0.421,0.467,0.405,0.628,0.411,0.647,0.399,0.399,0.53,0.735,0.604,0.612,0.518,0.588,0.617,0.596,1.0,0.824,0.724,0.614,0.408,0.465,0.464,0.379,0.608,0.0,0.604,0.792,0.417,0.517,0.619,0.377,0.636,0.382,0.679,0.62,0.398,0.396,0.399,0.69,0.69,0.388,0.458
0.466,0.806,0.358,0.4,0.612,0.8,0.52,0.405,0.458,0.394,0.584,0.405,0.608,0.398,0.39,0.52,0.723,0.573,0.588,0.515,0.573,0.6,0.585,0.824,1.0,0.727,0.59,0.405,0.448,0.444,0.372,0.606,0.0,0.58,0.762,0.402,0.517,0.61,0.377,0.599,0.375,0.666,0.604,0.406,0.401,0.397,0.678,0.678,0.402,0.442
0.445,0.708,0.352,0.389,0.606,0.671,0.512,0.402,0.432,0.407,0.623,0.403,0.604,0.389,0.388,0.521,0.738,0.57,0.585,0.509,0.583,0.592,0.571,0.724,0.727,1.0,0.579,0.397,0.435,0.429,0.367,0.587,0.0,0.57,0.697,0.4,0.507,0.601,0.368,0.605,0.375,0.66,0.592,0.4,0.392,0.37,0.677,0.676,0.397,0.437
0.481,0.608,0.364,0.41,0.702,0.602,0.543,0.421,0.475,0.412,0.679,0.41,0.749,0.415,0.413,0.54,0.593,0.709,0.718,0.536,0.709,0.734,0.723,0.614,0.59,0.579,1.0,0.414,0.464,0.465,0.404,0.725,0.0,0.712,0.568,0.428,0.537,0.812,0.385,0.736,0.408,0.618,0.84,0.409,0.401,0.411,0.601,0.601,0.4,0.479
0.438,0.427,0.337,0.75,0.433,0.405,0.406,0.916,0.423,0.714,0.409,0.712,0.419,0.744,0.719,0.41,0.406,0.401,0.412,0.401,0.385,0.412,0.402,0.408,0.405,0.397,0.414,1.0,0.493,0.413,0.716,0.424,0.0,0.398,0.372,0.634,0.402,0.45,0.653,0.413,0.735,0.413,0.423,0.962,0.928,0.425,0.398,0.399,0.646,0.479
0.519,0.466,0.368,0.487,0.478,0.453,0.428,0.489,0.483,0.485,0.461,0.492,0.477,0.483,0.478,0.43,0.448,0.431,0.448,0.425,0.434,0.457,0.456,0.465,0.448,0.435,0.464,0.493,1.0,0.493,0.461,0.455,0.0,0.454,0.423,0.475,0.424,0.47,0.456,0.462,0.462,0.44,0.467,0.481,0.482,0.547,0.45,0.451,0.455,0.818
0.565,0.469,0.386,0.408,0.476,0.459,0.467,0.414,0.593,0.413,0.468,0.421,0.48,0.411,0.411,0.473,0.447,0.455,0.461,0.463,0.435,0.473,0.454,0.464,0.444,0.429,0.465,0.413,0.493,1.0,0.394,0.445,0.0,0.45,0.419,0.426,0.465,0.477,0.391,0.465,0.403,0.466,0.478,0.399,0.395,0.458,0.455,0.454,0.402,0.508
0.416,0.399,0.324,0.719,0.417,0.384,0.393,0.706,0.406,0.733,0.383,0.687,0.403,0.735,0.722,0.392,0.374,0.387,0.386,0.393,0.376,0.39,0.386,0.379,0.372,0.367,0.404,0.716,0.461,0.394,1.0,0.403,0.0,0.382,0.344,0.624,0.393,0.411,0.664,0.39,0.895,0.385,0.405,0.715,0.711,0.426,0.377,0.377,0.64,0.457
0.469,0.616,0.364,0.416,0.703,0.603,0.545,0.42,0.462,0.391,0.661,0.423,0.718,0.411,0.408,0.532,0.619,0.694,0.703,0.54,0.704,0.724,0.734,0.608,0.606,0.587,0.725,0.424,0.455,0.445,0.403,1.0,0.0,0.716,0.559,0.406,0.542,0.735,0.401,0.714,0.403,0.603,0.736,0.427,0.429,0.399,0.617,0.618,0.407,0.452
0.0,0.0,0.0,0.0,0.0,0.0,0.0,0.0,0.0,0.0,0.0,0.0,0.0,0.0,0.0,0.0,0.0,0.0,0.0,0.0,0.0,0.0,0.0,0.0,0.0,0.0,0.0,0.0,0.0,0.0,0.0,0.0,1.0,0.0,0.0,0.0,0.0,0.0,0.0,0.0,0.0,0.0,0.0,0.0,0.0,0.0,0.0,0.0,0.0,0.0
0.467,0.605,0.356,0.387,0.677,0.629,0.532,0.406,0.452,0.385,0.645,0.401,0.753,0.39,0.392,0.525,0.598,0.697,0.697,0.528,0.719,0.863,0.858,0.604,0.58,0.57,0.712,0.398,0.454,0.45,0.382,0.716,0.0,1.0,0.573,0.418,0.53,0.699,0.408,0.704,0.381,0.59,0.714,0.399,0.405,0.401,0.596,0.596,0.393,0.464
0.425,0.736,0.325,0.369,0.574,0.749,0.5,0.377,0.421,0.372,0.617,0.376,0.601,0.365,0.362,0.498,0.669,0.562,0.582,0.493,0.554,0.582,0.566,0.792,0.762,0.697,0.568,0.372,0.423,0.419,0.344,0.559,0.0,0.573,1.0,0.384,0.493,0.573,0.345,0.598,0.346,0.638,0.581,0.361,0.36,0.37,0.639,0.639,0.35,0.418
0.432,0.415,0.346,0.634,0.418,0.409,0.418,0.625,0.449,0.64,0.416,0.618,0.429,0.64,0.636,0.429,0.423,0.429,0.429,0.416,0.403,0.422,0.413,0.417,0.402,0.4,0.428,0.634,0.475,0.426,0.624,0.406,0.0,0.418,0.384,1.0,0.414,0.425,0.636,0.417,0.639,0.405,0.421,0.621,0.614,0.419,0.401,0.401,0.611,0.482
0.46,0.526,0.346,0.397,0.531,0.523,0.982,0.405,0.473,0.386,0.517,0.403,0.533,0.393,0.398,0.954,0.516,0.559,0.556,0.989,0.544,0.558,0.564,0.517,0.517,0.507,0.537,0.402,0.424,0.465,0.393,0.542,0.0,0.53,0.493,0.414,1.0,0.536,0.398,0.513,0.393,0.51,0.54,0.401,0.404,0.398,0.518,0.517,0.398,0.448
0.499,0.643,0.369,0.419,0.705,0.617,0.542,0.454,0.484,0.421,0.684,0.437,0.736,0.427,0.429,0.544,0.608,0.683,0.706,0.533,0.693,0.73,0.699,0.619,0.61,0.601,0.812,0.45,0.47,0.477,0.411,0.735,0.0,0.699,0.573,0.425,0.536,1.0,0.406,0.741,0.42,0.626,0.867,0.443,0.429,0.413,0.618,0.618,0.417,0.479
0.422,0.389,0.325,0.646,0.393,0.403,0.399,0.66,0.407,0.675,0.375,0.673,0.394,0.671,0.677,0.401,0.381,0.386,0.387,0.398,0.376,0.385,0.404,0.377,0.377,0.368,0.385,0.653,0.456,0.391,0.664,0.401,0.0,0.408,0.345,0.636,0.398,0.406,1.0,0.376,0.676,0.381,0.393,0.655,0.663,0.427,0.376,0.376,0.632,0.468
0.463,0.603,0.362,0.407,0.69,0.595,0.519,0.419,0.461,0.409,0.711,0.416,0.772,0.412,0.413,0.525,0.614,0.695,0.713,0.513,0.697,0.739,0.715,0.636,0.599,0.605,0.736,0.413,0.462,0.465,0.39,0.714,0.0,0.704,0.598,0.417,0.513,0.741,0.376,1.0,0.398,0.607,0.747,0.4,0.395,0.407,0.621,0.623,0.392,0.467
0.423,0.405,0.333,0.745,0.428,0.397,0.395,0.71,0.405,0.738,0.39,0.711,0.409,0.755,0.744,0.399,0.378,0.391,0.392,0.394,0.386,0.396,0.393,0.382,0.375,0.375,0.408,0.735,0.462,0.403,0.895,0.403,0.0,0.381,0.346,0.639,0.393,0.42,0.676,0.398,1.0,0.395,0.405,0.734,0.724,0.424,0.384,0.384,0.645,0.457
0.469,0.677,0.365,0.401,0.618,0.663,0.517,0.415,0.459,0.389,0.602,0.403,0.614,0.395,0.399,0.518,0.672,0.593,0.61,0.509,0.579,0.617,0.595,0.679,0.666,0.66,0.618,0.413,0.44,0.466,0.385,0.603,0.0,0.59,0.638,0.405,0.51,0.626,0.381,0.607,0.395,1.0,0.637,0.403,0.398,0.383,0.707,0.707,0.394,0.447
0.478,0.617,0.372,0.41,0.711,0.612,0.547,0.432,0.479,0.408,0.693,0.426,0.74,0.415,0.424,0.546,0.614,0.7,0.718,0.541,0.71,0.746,0.708,0.62,0.604,0.592,0.84,0.423,0.467,0.478,0.405,0.736,0.0,0.714,0.581,0.421,0.54,0.867,0.393,0.747,0.405,0.637,1.0,0.413,0.407,0.411,0.62,0.619,0.399,0.475
0.437,0.438,0.34,0.731,0.429,0.405,0.402,0.903,0.415,0.699,0.396,0.707,0.408,0.725,0.704,0.403,0.396,0.395,0.398,0.4,0.384,0.401,0.401,0.398,0.406,0.4,0.409,0.962,0.481,0.399,0.715,0.427,0.0,0.399,0.361,0.621,0.401,0.443,0.655,0.4,0.734,0.403,0.413,1.0,0.948,0.424,0.398,0.399,0.66,0.467
0.451,0.44,0.328,0.723,0.43,0.401,0.406,0.879,0.411,0.703,0.393,0.706,0.404,0.718,0.698,0.406,0.397,0.393,0.397,0.404,0.378,0.398,0.407,0.396,0.401,0.392,0.401,0.928,0.482,0.395,0.711,0.429,0.0,0.405,0.36,0.614,0.404,0.429,0.663,0.395,0.724,0.398,0.407,0.948,1.0,0.425,0.394,0.396,0.659,0.467
0.462,0.407,0.351,0.416,0.406,0.402,0.398,0.431,0.449,0.418,0.389,0.427,0.403,0.419,0.434,0.398,0.383,0.386,0.386,0.398,0.389,0.403,0.402,0.399,0.397,0.37,0.411,0.425,0.547,0.458,0.426,0.399,0.0,0.401,0.37,0.419,0.398,0.413,0.427,0.407,0.424,0.383,0.411,0.424,0.425,1.0,0.417,0.417,0.433,0.609
0.452,0.692,0.376,0.39,0.635,0.687,0.52,0.402,0.451,0.385,0.595,0.407,0.61,0.389,0.405,0.52,0.683,0.579,0.587,0.519,0.599,0.606,0.594,0.69,0.678,0.677,0.601,0.398,0.45,0.455,0.377,0.617,0.0,0.596,0.639,0.401,0.518,0.618,0.376,0.621,0.384,0.707,0.62,0.398,0.394,0.417,1.0,0.996,0.387,0.466
0.453,0.692,0.376,0.391,0.635,0.688,0.519,0.404,0.452,0.385,0.594,0.408,0.609,0.39,0.405,0.519,0.683,0.58,0.587,0.518,0.598,0.605,0.594,0.69,0.678,0.676,0.601,0.399,0.451,0.454,0.377,0.618,0.0,0.596,0.639,0.401,0.517,0.618,0.376,0.623,0.384,0.707,0.619,0.399,0.396,0.417,0.996,1.0,0.387,0.465
0.424,0.422,0.338,0.643,0.412,0.397,0.398,0.641,0.41,0.641,0.387,0.637,0.403,0.641,0.64,0.401,0.39,0.387,0.389,0.395,0.374,0.395,0.4,0.388,0.402,0.397,0.4,0.646,0.455,0.402,0.64,0.407,0.0,0.393,0.35,0.611,0.398,0.417,0.632,0.392,0.645,0.394,0.399,0.66,0.659,0.433,0.387,0.387,1.0,0.455
0.527,0.456,0.381,0.479,0.465,0.45,0.452,0.483,0.509,0.472,0.457,0.474,0.481,0.47,0.497,0.453,0.445,0.449,0.457,0.449,0.446,0.475,0.462,0.458,0.442,0.437,0.479,0.479,0.818,0.508,0.457,0.452,0.0,0.464,0.418,0.482,0.448,0.479,0.468,0.467,0.457,0.447,0.475,0.467,0.467,0.609,0.466,0.465,0.455,1.0
