GCF_000163235.1_ASM16323v1_genomic.fna,GCF_000164555.1_ASM16455v1_genomic.fna,GCF_000208545.1_ASM20854v2_genomic.fna,GCF_000233875.1_ASM23387v1_genomic.fna,GCF_000249735.1_ASM24973v2_genomic.fna,GCF_000261145.1_Esch_coli_M919_V2_genomic.fna,GCF_000267705.2_ASM26770v2_genomic.fna,GCF_000350665.1_Esch_coli_KTE5_V1_genomic.fna,GCF_000351625.1_Esch_coli_KTE66_V1_genomic.fna,GCF_000352285.1_Esch_coli_KTE46_V1_genomic.fna,GCF_000358895.1_ASM35889v1_genomic.fna,GCF_000456385.1_Esch_coli_HVH_26_4-5703913_V1_genomic.fna,GCF_000458195.1_Esch_coli_HVH_147_4-5893887_V1_genomic.fna,GCF_000459755.1_Esch_coli_KOEGE_58_171a_V1_genomic.fna,GCF_000460055.1_Esch_coli_UMEA_3053-1_V1_genomic.fna,GCF_000462165.2_ASM46216v2_genomic.fna,GCF_000601135.1_ASM60113v1_genomic.fna,GCF_000614595.1_Ec2010EL1058_genomic.fna,GCF_000617745.1_Ec2010C-4529_genomic.fna,GCF_000618265.2_EcF6751_genomic.fna,GCF_000619005.2_Ec2009C-4052_genomic.fna,GCF_000619105.1_Ec2009C-4780_genomic.fna,GCF_000619765.2_Ec2009C-3279_genomic.fna,GCF_000687005.1_ASM68700v1_genomic.fna,GCF_000687025.1_ASM68702v1_genomic.fna,GCF_000700125.1_ASM70012v1_genomic.fna,GCF_000753315.1_FHI35_genomic.fna,GCF_000776375.1_ASM77637v1_genomic.fna,GCF_000779395.1_ASM77939v1_genomic.fna,GCF_000780315.1_ASM78031v1_genomic.fna,GCF_000781995.1_ASM78199v1_genomic.fna,GCF_000986765.1_ASM98676v1_genomic.fna,GCF_001041375.1_ViralProj287958_genomic.fna,GCF_001265335.1_302014_genomic.fna,GCF_001265625.1_100854_genomic.fna,GCF_001267345.1_303289_genomic.fna,GCF_001309985.1_ASM130998v1_genomic.fna,GCF_001521695.1_ASM152169v1_genomic.fna,GCF_001592595.1_ASM159259v1_genomic.fna,GCF_001614975.1_ASM161497v1_genomic.fna,GCF_001692775.1_ASM169277v1_genomic.fna,GCF_001748915.1_ASM174891v1_genomic.fna,GCF_001749235.1_ASM174923v1_genomic.fna,GCF_001881155.1_ASM188115v1_genomic.fna,GCF_001881345.1_ASM188134v1_genomic.fna,GCF_001892405.1_ASM189240v1_genomic.fna,GCF_001892585.1_ASM189258v1_genomic.fna,GCF_001893985.1_ASM189398v1_genomic.fna,GCF_002001595.1_ASM200159v1_genomic.fna,GCF_002002145.1_ASM200214v1_genomic.fna
1.0,0.558,0.472,0.509,0.568,0.559,0.527,0.526,0.632,0.54,0.546,0.519,0.563,0.515,0.499,0.536,0.539,0.535,0.543,0.522,0.53,0.549,0.557,0.569,0.544,0.543,0.55,0.523,0.607,0.643,0.485,0.554,0.0,0.536,0.529,0.505,0.529,0.575,0.497,0.558,0.5,0.532,0.556,0.504,0.516,0.511,0.527,0.527,0.508,0.601
0.558,1.0,0.448,0.491,0.686,0.792,0.569,0.516,0.523,0.501,0.65,0.524,0.675,0.493,0.489,0.572,0.737,0.668,0.655,0.567,0.655,0.676,0.683,0.805,0.804,0.733,0.663,0.506,0.551,0.52,0.485,0.676,0.0,0.675,0.754,0.486,0.566,0.687,0.489,0.674,0.496,0.711,0.675,0.513,0.515,0.481,0.724,0.727,0.497,0.546
0.472,0.448,1.0,0.407,0.451,0.426,0.434,0.415,0.471,0.408,0.437,0.423,0.436,0.414,0.41,0.437,0.431,0.435,0.431,0.435,0.43,0.442,0.445,0.438,0.434,0.423,0.432,0.407,0.472,0.466,0.408,0.442,0.0,0.453,0.41,0.418,0.434,0.437,0.405,0.444,0.413,0.437,0.437,0.417,0.413,0.43,0.431,0.432,0.422,0.475
0.509,0.491,0.407,1.0,0.5,0.505,0.463,0.745,0.484,0.767,0.488,0.762,0.507,0.814,0.791,0.467,0.491,0.489,0.493,0.456,0.471,0.486,0.486,0.511,0.496,0.504,0.485,0.789,0.549,0.5,0.743,0.506,0.0,0.465,0.48,0.671,0.464,0.491,0.698,0.488,0.771,0.482,0.484,0.765,0.76,0.476,0.476,0.474,0.722,0.531
0.568,0.686,0.451,0.5,1.0,0.71,0.605,0.513,0.542,0.517,0.794,0.506,0.764,0.514,0.508,0.618,0.697,0.725,0.733,0.599,0.741,0.729,0.732,0.698,0.7,0.673,0.741,0.513,0.571,0.552,0.483,0.739,0.0,0.702,0.666,0.494,0.607,0.763,0.491,0.76,0.5,0.677,0.753,0.494,0.497,0.49,0.706,0.705,0.51,0.551
0.559,0.792,0.426,0.505,0.71,1.0,0.585,0.521,0.527,0.512,0.665,0.501,0.696,0.513,0.498,0.594,0.762,0.684,0.681,0.576,0.65,0.694,0.693,0.826,0.833,0.739,0.667,0.519,0.564,0.535,0.477,0.697,0.0,0.67,0.78,0.504,0.584,0.706,0.507,0.703,0.496,0.716,0.686,0.499,0.495,0.47,0.733,0.732,0.513,0.551
0.527,0.569,0.434,0.463,0.605,0.585,1.0,0.485,0.543,0.464,0.57,0.47,0.586,0.478,0.454,0.957,0.588,0.628,0.604,0.984,0.63,0.618,0.631,0.591,0.578,0.568,0.602,0.476,0.522,0.51,0.456,0.598,0.0,0.596,0.565,0.492,0.982,0.581,0.483,0.588,0.463,0.583,0.592,0.463,0.461,0.456,0.572,0.57,0.46,0.534
0.526,0.516,0.415,0.745,0.513,0.521,0.485,1.0,0.499,0.739,0.48,0.752,0.509,0.749,0.737,0.486,0.511,0.499,0.492,0.483,0.485,0.5,0.51,0.519,0.505,0.499,0.503,0.924,0.564,0.497,0.735,0.512,0.0,0.486,0.481,0.67,0.483,0.519,0.719,0.504,0.749,0.497,0.504,0.909,0.889,0.499,0.495,0.496,0.705,0.554
0.632,0.523,0.471,0.484,0.542,0.527,0.543,0.499,1.0,0.496,0.531,0.493,0.542,0.498,0.49,0.539,0.529,0.535,0.52,0.542,0.528,0.546,0.549,0.525,0.52,0.511,0.545,0.494,0.578,0.646,0.492,0.547,0.0,0.534,0.501,0.506,0.542,0.538,0.503,0.55,0.499,0.542,0.544,0.487,0.486,0.524,0.524,0.526,0.488,0.602
0.54,0.501,0.408,0.767,0.517,0.512,0.464,0.739,0.496,1.0,0.51,0.733,0.53,0.774,0.748,0.471,0.494,0.489,0.493,0.458,0.474,0.492,0.494,0.523,0.5,0.519,0.495,0.751,0.545,0.506,0.758,0.497,0.0,0.471,0.489,0.681,0.466,0.502,0.708,0.502,0.775,0.481,0.49,0.729,0.736,0.477,0.479,0.478,0.741,0.534
0.546,0.65,0.437,0.488,0.794,0.665,0.57,0.48,0.531,0.51,1.0,0.48,0.792,0.496,0.478,0.583,0.66,0.712,0.711,0.564,0.709,0.724,0.718,0.702,0.659,0.685,0.728,0.482,0.532,0.538,0.456,0.71,0.0,0.689,0.687,0.494,0.572,0.726,0.477,0.747,0.47,0.665,0.735,0.463,0.463,0.46,0.661,0.659,0.497,0.533
0.519,0.524,0.423,0.762,0.506,0.501,0.47,0.752,0.493,0.733,0.48,1.0,0.497,0.769,0.862,0.47,0.503,0.49,0.489,0.467,0.48,0.487,0.496,0.508,0.503,0.496,0.493,0.761,0.56,0.481,0.717,0.5,0.0,0.479,0.473,0.664,0.467,0.497,0.722,0.488,0.752,0.499,0.498,0.752,0.76,0.496,0.501,0.501,0.688,0.545
0.563,0.675,0.436,0.507,0.764,0.696,0.586,0.509,0.542,0.53,0.792,0.497,1.0,0.509,0.493,0.598,0.692,0.748,0.769,0.579,0.743,0.8,0.798,0.727,0.683,0.7,0.776,0.501,0.556,0.56,0.471,0.773,0.0,0.762,0.692,0.499,0.586,0.779,0.495,0.804,0.487,0.67,0.78,0.483,0.479,0.47,0.676,0.675,0.515,0.552
0.515,0.493,0.414,0.814,0.514,0.513,0.478,0.749,0.498,0.774,0.496,0.769,0.509,1.0,0.816,0.481,0.496,0.501,0.494,0.472,0.476,0.501,0.499,0.512,0.503,0.5,0.495,0.788,0.565,0.499,0.759,0.507,0.0,0.476,0.487,0.675,0.48,0.501,0.713,0.5,0.783,0.49,0.492,0.764,0.759,0.494,0.485,0.484,0.722,0.543
0.499,0.489,0.41,0.791,0.508,0.498,0.454,0.737,0.49,0.748,0.478,0.862,0.493,0.816,1.0,0.455,0.491,0.488,0.488,0.449,0.465,0.491,0.49,0.495,0.493,0.483,0.484,0.771,0.552,0.48,0.744,0.501,0.0,0.469,0.473,0.665,0.455,0.498,0.723,0.487,0.768,0.479,0.486,0.749,0.746,0.494,0.488,0.487,0.713,0.546
0.536,0.572,0.437,0.467,0.618,0.594,0.957,0.486,0.539,0.471,0.583,0.47,0.598,0.481,0.455,1.0,0.599,0.622,0.608,0.946,0.616,0.62,0.624,0.594,0.582,0.576,0.596,0.48,0.528,0.524,0.454,0.592,0.0,0.591,0.57,0.495,0.959,0.594,0.483,0.598,0.465,0.586,0.595,0.463,0.463,0.457,0.574,0.572,0.472,0.531
0.539,0.737,0.431,0.491,0.697,0.762,0.588,0.511,0.529,0.494,0.66,0.503,0.692,0.496,0.491,0.599,1.0,0.662,0.666,0.578,0.658,0.697,0.686,0.771,0.754,0.768,0.668,0.507,0.554,0.519,0.47,0.72,0.0,0.675,0.717,0.504,0.59,0.679,0.489,0.687,0.481,0.713,0.687,0.49,0.498,0.457,0.723,0.723,0.496,0.538
0.535,0.668,0.435,0.489,0.725,0.684,0.628,0.499,0.535,0.489,0.712,0.49,0.748,0.501,0.488,0.622,0.662,1.0,0.78,0.619,0.764,0.788,0.792,0.691,0.667,0.649,0.761,0.497,0.541,0.535,0.482,0.74,0.0,0.74,0.649,0.518,0.622,0.737,0.508,0.75,0.492,0.672,0.761,0.483,0.48,0.47,0.666,0.664,0.481,0.546
0.543,0.655,0.431,0.493,0.733,0.681,0.604,0.492,0.52,0.493,0.711,0.489,0.769,0.494,0.488,0.608,0.666,0.78,1.0,0.592,0.761,0.771,0.768,0.69,0.679,0.652,0.749,0.49,0.541,0.535,0.467,0.739,0.0,0.727,0.657,0.508,0.6,0.734,0.494,0.758,0.479,0.657,0.745,0.474,0.473,0.47,0.649,0.647,0.49,0.539
0.522,0.567,0.435,0.456,0.599,0.576,0.984,0.483,0.542,0.458,0.564,0.467,0.579,0.472,0.449,0.946,0.578,0.619,0.592,1.0,0.627,0.608,0.622,0.58,0.573,0.559,0.596,0.47,0.516,0.507,0.455,0.59,0.0,0.593,0.557,0.484,0.98,0.573,0.48,0.581,0.461,0.58,0.584,0.462,0.46,0.456,0.567,0.568,0.455,0.533
0.53,0.655,0.43,0.471,0.741,0.65,0.63,0.485,0.528,0.474,0.709,0.48,0.743,0.476,0.465,0.616,0.658,0.764,0.761,0.627,1.0,0.779,0.791,0.667,0.648,0.642,0.759,0.478,0.525,0.516,0.458,0.735,0.0,0.76,0.63,0.493,0.624,0.737,0.489,0.753,0.473,0.651,0.752,0.468,0.464,0.474,0.672,0.673,0.47,0.541
0.549,0.676,0.442,0.486,0.729,0.694,0.618,0.5,0.546,0.492,0.724,0.487,0.8,0.501,0.491,0.62,0.697,0.788,0.771,0.608,0.779,1.0,0.935,0.704,0.687,0.668,0.773,0.497,0.551,0.528,0.468,0.767,0.0,0.87,0.666,0.502,0.615,0.762,0.496,0.785,0.481,0.667,0.784,0.478,0.476,0.472,0.671,0.67,0.487,0.559
0.557,0.683,0.445,0.486,0.732,0.693,0.631,0.51,0.549,0.494,0.718,0.496,0.798,0.499,0.49,0.624,0.686,0.792,0.768,0.622,0.791,0.935,1.0,0.701,0.685,0.666,0.781,0.501,0.552,0.527,0.471,0.764,0.0,0.863,0.664,0.505,0.624,0.758,0.499,0.78,0.486,0.674,0.775,0.485,0.48,0.474,0.674,0.673,0.488,0.559
0.569,0.805,0.438,0.511,0.698,0.826,0.591,0.519,0.525,0.523,0.702,0.508,0.727,0.512,0.495,0.594,0.771,0.691,0.69,0.58,0.667,0.704,0.701,1.0,0.83,0.777,0.685,0.513,0.558,0.548,0.475,0.702,0.0,0.672,0.811,0.505,0.591,0.687,0.491,0.707,0.488,0.715,0.68,0.493,0.498,0.479,0.721,0.721,0.515,0.547
0.544,0.804,0.434,0.496,0.7,0.833,0.578,0.505,0.52,0.5,0.659,0.503,0.683,0.503,0.493,0.582,0.754,0.667,0.679,0.573,0.648,0.687,0.685,0.83,1.0,0.763,0.661,0.505,0.55,0.524,0.48,0.706,0.0,0.66,0.793,0.489,0.581,0.686,0.49,0.688,0.486,0.709,0.676,0.498,0.495,0.47,0.715,0.716,0.515,0.535
0.543,0.733,0.423,0.504,0.673,0.739,0.568,0.499,0.511,0.519,0.685,0.496,0.7,0.5,0.483,0.576,0.768,0.649,0.652,0.559,0.642,0.668,0.666,0.777,0.763,1.0,0.65,0.495,0.534,0.524,0.465,0.669,0.0,0.639,0.724,0.483,0.57,0.668,0.477,0.683,0.474,0.699,0.653,0.487,0.481,0.461,0.716,0.716,0.527,0.523
0.55,0.663,0.432,0.485,0.741,0.667,0.602,0.503,0.545,0.495,0.728,0.493,0.776,0.495,0.484,0.596,0.668,0.761,0.749,0.596,0.759,0.773,0.781,0.685,0.661,0.65,1.0,0.494,0.547,0.526,0.472,0.768,0.0,0.741,0.653,0.501,0.602,0.826,0.487,0.781,0.484,0.661,0.851,0.486,0.477,0.487,0.662,0.66,0.491,0.552
0.523,0.506,0.407,0.789,0.513,0.519,0.476,0.924,0.494,0.751,0.482,0.761,0.501,0.788,0.771,0.48,0.507,0.497,0.49,0.47,0.478,0.497,0.501,0.513,0.505,0.495,0.494,1.0,0.572,0.494,0.74,0.517,0.0,0.479,0.477,0.677,0.477,0.514,0.713,0.5,0.77,0.49,0.495,0.963,0.943,0.494,0.494,0.492,0.724,0.548
0.607,0.551,0.472,0.549,0.571,0.564,0.522,0.564,0.578,0.545,0.532,0.56,0.556,0.565,0.552,0.528,0.554,0.541,0.541,0.516,0.525,0.551,0.552,0.558,0.55,0.534,0.547,0.572,1.0,0.574,0.536,0.568,0.0,0.538,0.526,0.548,0.523,0.558,0.529,0.556,0.547,0.535,0.552,0.555,0.557,0.597,0.537,0.537,0.544,0.845
0.643,0.52,0.466,0.5,0.552,0.535,0.51,0.497,0.646,0.506,0.538,0.481,0.56,0.499,0.48,0.524,0.519,0.535,0.535,0.507,0.516,0.528,0.527,0.548,0.524,0.524,0.526,0.494,0.574,1.0,0.467,0.533,0.0,0.507,0.514,0.492,0.512,0.532,0.485,0.567,0.482,0.527,0.534,0.478,0.476,0.516,0.518,0.52,0.493,0.574
0.485,0.485,0.408,0.743,0.483,0.477,0.456,0.735,0.492,0.758,0.456,0.717,0.471,0.759,0.744,0.454,0.47,0.482,0.467,0.455,0.458,0.468,0.471,0.475,0.48,0.465,0.472,0.74,0.536,0.467,1.0,0.479,0.0,0.463,0.455,0.659,0.455,0.473,0.706,0.471,0.903,0.475,0.469,0.742,0.743,0.493,0.471,0.472,0.695,0.541
0.554,0.676,0.442,0.506,0.739,0.697,0.598,0.512,0.547,0.497,0.71,0.5,0.773,0.507,0.501,0.592,0.72,0.74,0.739,0.59,0.735,0.767,0.764,0.702,0.706,0.669,0.768,0.517,0.568,0.533,0.479,1.0,0.0,0.738,0.655,0.506,0.594,0.787,0.511,0.772,0.481,0.659,0.786,0.498,0.5,0.473,0.673,0.672,0.491,0.544
0.0,0.0,0.0,0.0,0.0,0.0,0.0,0.0,0.0,0.0,0.0,0.0,0.0,0.0,0.0,0.0,0.0,0.0,0.0,0.0,0.0,0.0,0.0,0.0,0.0,0.0,0.0,0.0,0.0,0.0,0.0,0.0,1.0,0.0,0.0,0.0,0.0,0.0,0.0,0.0,0.0,0.0,0.0,0.0,0.0,0.0,0.0,0.0,0.0,0.0
0.536,0.675,0.453,0.465,0.702,0.67,0.596,0.486,0.534,0.471,0.689,0.479,0.762,0.476,0.469,0.591,0.675,0.74,0.727,0.593,0.76,0.87,0.863,0.672,0.66,0.639,0.741,0.479,0.538,0.507,0.463,0.738,0.0,1.0,0.636,0.499,0.591,0.732,0.502,0.749,0.463,0.658,0.758,0.478,0.484,0.471,0.657,0.659,0.464,0.55
0.529,0.754,0.41,0.48,0.666,0.78,0.565,0.481,0.501,0.489,0.687,0.473,0.692,0.487,0.473,0.57,0.717,0.649,0.657,0.557,0.63,0.666,0.664,0.811,0.793,0.724,0.653,0.477,0.526,0.514,0.455,0.655,0.0,0.636,1.0,0.47,0.566,0.659,0.471,0.673,0.465,0.678,0.654,0.458,0.462,0.451,0.686,0.686,0.484,0.514
0.505,0.486,0.418,0.671,0.494,0.504,0.492,0.67,0.506,0.681,0.494,0.664,0.499,0.675,0.665,0.495,0.504,0.518,0.508,0.484,0.493,0.502,0.505,0.505,0.489,0.483,0.501,0.677,0.548,0.492,0.659,0.506,0.0,0.499,0.47,1.0,0.493,0.486,0.696,0.498,0.673,0.49,0.496,0.658,0.659,0.478,0.482,0.48,0.664,0.546
0.529,0.566,0.434,0.464,0.607,0.584,0.982,0.483,0.542,0.466,0.572,0.467,0.586,0.48,0.455,0.959,0.59,0.622,0.6,0.98,0.624,0.615,0.624,0.591,0.581,0.57,0.602,0.477,0.523,0.512,0.455,0.594,0.0,0.591,0.566,0.493,1.0,0.582,0.478,0.591,0.462,0.579,0.591,0.461,0.459,0.456,0.571,0.569,0.463,0.531
0.575,0.687,0.437,0.491,0.763,0.706,0.581,0.519,0.538,0.502,0.726,0.497,0.779,0.501,0.498,0.594,0.679,0.737,0.734,0.573,0.737,0.762,0.758,0.687,0.686,0.668,0.826,0.514,0.558,0.532,0.473,0.787,0.0,0.732,0.659,0.486,0.582,1.0,0.498,0.786,0.489,0.677,0.86,0.499,0.484,0.48,0.689,0.688,0.509,0.545
0.497,0.489,0.405,0.698,0.491,0.507,0.483,0.719,0.503,0.708,0.477,0.722,0.495,0.713,0.723,0.483,0.489,0.508,0.494,0.48,0.489,0.496,0.499,0.491,0.49,0.477,0.487,0.713,0.529,0.485,0.706,0.511,0.0,0.502,0.471,0.696,0.478,0.498,1.0,0.499,0.719,0.495,0.495,0.705,0.709,0.487,0.494,0.496,0.673,0.531
0.558,0.674,0.444,0.488,0.76,0.703,0.588,0.504,0.55,0.502,0.747,0.488,0.804,0.5,0.487,0.598,0.687,0.75,0.758,0.581,0.753,0.785,0.78,0.707,0.688,0.683,0.781,0.5,0.556,0.567,0.471,0.772,0.0,0.749,0.673,0.498,0.591,0.786,0.499,1.0,0.485,0.68,0.787,0.481,0.482,0.481,0.694,0.693,0.501,0.561
0.5,0.496,0.413,0.771,0.5,0.496,0.463,0.749,0.499,0.775,0.47,0.752,0.487,0.783,0.768,0.465,0.481,0.492,0.479,0.461,0.473,0.481,0.486,0.488,0.486,0.474,0.484,0.77,0.547,0.482,0.903,0.481,0.0,0.463,0.465,0.673,0.462,0.489,0.719,0.485,1.0,0.489,0.478,0.764,0.757,0.487,0.48,0.481,0.712,0.546
0.532,0.711,0.437,0.482,0.677,0.716,0.583,0.497,0.542,0.481,0.665,0.499,0.67,0.49,0.479,0.586,0.713,0.672,0.657,0.58,0.651,0.667,0.674,0.715,0.709,0.699,0.661,0.49,0.535,0.527,0.475,0.659,0.0,0.658,0.678,0.49,0.579,0.677,0.495,0.68,0.489,1.0,0.689,0.488,0.486,0.471,0.738,0.739,0.483,0.542
0.556,0.675,0.437,0.484,0.753,0.686,0.592,0.504,0.544,0.49,0.735,0.498,0.78,0.492,0.486,0.595,0.687,0.761,0.745,0.584,0.752,0.784,0.775,0.68,0.676,0.653,0.851,0.495,0.552,0.534,0.469,0.786,0.0,0.758,0.654,0.496,0.591,0.86,0.495,0.787,0.478,0.689,1.0,0.48,0.479,0.488,0.68,0.679,0.487,0.553
0.504,0.513,0.417,0.765,0.494,0.499,0.463,0.909,0.487,0.729,0.463,0.752,0.483,0.764,0.749,0.463,0.49,0.483,0.474,0.462,0.468,0.478,0.485,0.493,0.498,0.487,0.486,0.963,0.555,0.478,0.742,0.498,0.0,0.478,0.458,0.658,0.461,0.499,0.705,0.481,0.764,0.488,0.48,1.0,0.956,0.504,0.485,0.485,0.712,0.541
0.516,0.515,0.413,0.76,0.497,0.495,0.461,0.889,0.486,0.736,0.463,0.76,0.479,0.759,0.746,0.463,0.498,0.48,0.473,0.46,0.464,0.476,0.48,0.498,0.495,0.481,0.477,0.943,0.557,0.476,0.743,0.5,0.0,0.484,0.462,0.659,0.459,0.484,0.709,0.482,0.757,0.486,0.479,0.956,1.0,0.506,0.487,0.488,0.698,0.538
0.511,0.481,0.43,0.476,0.49,0.47,0.456,0.499,0.524,0.477,0.46,0.496,0.47,0.494,0.494,0.457,0.457,0.47,0.47,0.456,0.474,0.472,0.474,0.479,0.47,0.461,0.487,0.494,0.597,0.516,0.493,0.473,0.0,0.471,0.451,0.478,0.456,0.48,0.487,0.481,0.487,0.471,0.488,0.504,0.506,1.0,0.496,0.497,0.487,0.657
0.527,0.724,0.431,0.476,0.706,0.733,0.572,0.495,0.524,0.479,0.661,0.501,0.676,0.485,0.488,0.574,0.723,0.666,0.649,0.567,0.672,0.671,0.674,0.721,0.715,0.716,0.662,0.494,0.537,0.518,0.471,0.673,0.0,0.657,0.686,0.482,0.571,0.689,0.494,0.694,0.48,0.738,0.68,0.485,0.487,0.496,1.0,0.996,0.476,0.549
0.527,0.727,0.432,0.474,0.705,0.732,0.57,0.496,0.526,0.478,0.659,0.501,0.675,0.484,0.487,0.572,0.723,0.664,0.647,0.568,0.673,0.67,0.673,0.721,0.716,0.716,0.66,0.492,0.537,0.52,0.472,0.672,0.0,0.659,0.686,0.48,0.569,0.688,0.496,0.693,0.481,0.739,0.679,0.485,0.488,0.497,0.996,1.0,0.475,0.55
0.508,0.497,0.422,0.722,0.51,0.513,0.46,0.705,0.488,0.741,0.497,0.688,0.515,0.722,0.713,0.472,0.496,0.481,0.49,0.455,0.47,0.487,0.488,0.515,0.515,0.527,0.491,0.724,0.544,0.493,0.695,0.491,0.0,0.464,0.484,0.664,0.463,0.509,0.673,0.501,0.712,0.483,0.487,0.712,0.698,0.487,0.476,0.475,1.0,0.531
0.601,0.546,0.475,0.531,0.551,0.551,0.534,0.554,0.602,0.534,0.533,0.545,0.552,0.543,0.546,0.531,0.538,0.546,0.539,0.533,0.541,0.559,0.559,0.547,0.535,0.523,0.552,0.548,0.845,0.574,0.541,0.544,0.0,0.55,0.514,0.546,0.531,0.545,0.531,0.561,0.546,0.542,0.553,0.541,0.538,0.657,0.549,0.55,0.531,1.0
