GCF_000163235.1_ASM16323v1_genomic.fna,GCF_000164555.1_ASM16455v1_genomic.fna,GCF_000208545.1_ASM20854v2_genomic.fna,GCF_000233875.1_ASM23387v1_genomic.fna,GCF_000249735.1_ASM24973v2_genomic.fna,GCF_000261145.1_Esch_coli_M919_V2_genomic.fna,GCF_000267705.2_ASM26770v2_genomic.fna,GCF_000350665.1_Esch_coli_KTE5_V1_genomic.fna,GCF_000351625.1_Esch_coli_KTE66_V1_genomic.fna,GCF_000352285.1_Esch_coli_KTE46_V1_genomic.fna,GCF_000358895.1_ASM35889v1_genomic.fna,GCF_000456385.1_Esch_coli_HVH_26_4-5703913_V1_genomic.fna,GCF_000458195.1_Esch_coli_HVH_147_4-5893887_V1_genomic.fna,GCF_000459755.1_Esch_coli_KOEGE_58_171a_V1_genomic.fna,GCF_000460055.1_Esch_coli_UMEA_3053-1_V1_genomic.fna,GCF_000462165.2_ASM46216v2_genomic.fna,GCF_000601135.1_ASM60113v1_genomic.fna,GCF_000614595.1_Ec2010EL1058_genomic.fna,GCF_000617745.1_Ec2010C-4529_genomic.fna,GCF_000618265.2_EcF6751_genomic.fna,GCF_000619005.2_Ec2009C-4052_genomic.fna,GCF_000619105.1_Ec2009C-4780_genomic.fna,GCF_000619765.2_Ec2009C-3279_genomic.fna,GCF_000687005.1_ASM68700v1_genomic.fna,GCF_000687025.1_ASM68702v1_genomic.fna,GCF_000700125.1_ASM70012v1_genomic.fna,GCF_000753315.1_FHI35_genomic.fna,GCF_000776375.1_ASM77637v1_genomic.fna,GCF_000779395.1_ASM77939v1_genomic.fna,GCF_000780315.1_ASM78031v1_genomic.fna,GCF_000781995.1_ASM78199v1_genomic.fna,GCF_000986765.1_ASM98676v1_genomic.fna,GCF_001041375.1_ViralProj287958_genomic.fna,GCF_001265335.1_302014_genomic.fna,GCF_001265625.1_100854_genomic.fna,GCF_001267345.1_303289_genomic.fna,GCF_001309985.1_ASM130998v1_genomic.fna,GCF_001521695.1_ASM152169v1_genomic.fna,GCF_001592595.1_ASM159259v1_genomic.fna,GCF_001614975.1_ASM161497v1_genomic.fna,GCF_001692775.1_ASM169277v1_genomic.fna,GCF_001748915.1_ASM174891v1_genomic.fna,GCF_001749235.1_ASM174923v1_genomic.fna,GCF_001881155.1_ASM188115v1_genomic.fna,GCF_001881345.1_ASM188134v1_genomic.fna,GCF_001892405.1_ASM189240v1_genomic.fna,GCF_001892585.1_ASM189258v1_genomic.fna,GCF_001893985.1_ASM189398v1_genomic.fna,GCF_002001595.1_ASM200159v1_genomic.fna,GCF_002002145.1_ASM200214v1_genomic.fna
1.0,0.551,0.484,0.499,0.551,0.542,0.545,0.515,0.652,0.521,0.555,0.509,0.565,0.491,0.492,0.55,0.546,0.549,0.544,0.539,0.529,0.556,0.552,0.561,0.549,0.541,0.559,0.516,0.584,0.643,0.476,0.537,0.0,0.546,0.534,0.522,0.542,0.561,0.483,0.567,0.481,0.518,0.55,0.496,0.512,0.519,0.54,0.54,0.488,0.581
0.551,1.0,0.453,0.502,0.691,0.791,0.596,0.516,0.527,0.508,0.656,0.522,0.66,0.493,0.513,0.598,0.729,0.665,0.659,0.594,0.639,0.652,0.665,0.797,0.81,0.743,0.657,0.511,0.552,0.535,0.5,0.689,0.0,0.651,0.758,0.474,0.594,0.675,0.5,0.666,0.498,0.735,0.654,0.528,0.522,0.502,0.728,0.728,0.519,0.539
0.484,0.453,1.0,0.399,0.446,0.433,0.423,0.421,0.46,0.413,0.426,0.398,0.442,0.402,0.404,0.422,0.429,0.427,0.426,0.422,0.427,0.426,0.44,0.442,0.438,0.425,0.436,0.411,0.476,0.469,0.391,0.435,0.0,0.432,0.41,0.404,0.422,0.434,0.408,0.432,0.402,0.425,0.434,0.422,0.414,0.424,0.437,0.438,0.423,0.482
0.499,0.502,0.399,1.0,0.498,0.477,0.469,0.767,0.504,0.783,0.467,0.758,0.483,0.819,0.803,0.477,0.474,0.485,0.478,0.465,0.459,0.482,0.492,0.478,0.485,0.478,0.474,0.802,0.555,0.496,0.757,0.496,0.0,0.473,0.449,0.681,0.468,0.487,0.704,0.481,0.782,0.465,0.475,0.786,0.792,0.505,0.476,0.478,0.722,0.547
0.551,0.691,0.446,0.498,1.0,0.688,0.589,0.532,0.537,0.514,0.8,0.504,0.751,0.497,0.508,0.596,0.69,0.725,0.72,0.581,0.704,0.719,0.714,0.698,0.696,0.692,0.734,0.52,0.557,0.549,0.489,0.728,0.0,0.724,0.662,0.496,0.585,0.75,0.501,0.739,0.492,0.673,0.744,0.504,0.513,0.493,0.714,0.713,0.509,0.527
0.542,0.791,0.433,0.477,0.688,1.0,0.609,0.508,0.519,0.485,0.65,0.494,0.657,0.477,0.489,0.605,0.723,0.667,0.655,0.605,0.646,0.652,0.672,0.775,0.802,0.726,0.649,0.495,0.545,0.517,0.483,0.685,0.0,0.666,0.756,0.479,0.606,0.658,0.525,0.668,0.484,0.723,0.647,0.502,0.502,0.494,0.722,0.722,0.494,0.544
0.545,0.596,0.423,0.469,0.589,0.609,1.0,0.49,0.529,0.473,0.57,0.476,0.583,0.47,0.474,0.95,0.59,0.626,0.622,0.983,0.637,0.613,0.637,0.607,0.602,0.589,0.578,0.476,0.507,0.528,0.462,0.605,0.0,0.59,0.577,0.478,0.987,0.571,0.484,0.589,0.465,0.584,0.579,0.479,0.485,0.465,0.578,0.58,0.473,0.515
0.515,0.516,0.421,0.767,0.532,0.508,0.49,1.0,0.516,0.766,0.485,0.742,0.509,0.758,0.745,0.496,0.503,0.501,0.504,0.486,0.473,0.5,0.504,0.509,0.506,0.503,0.498,0.912,0.573,0.511,0.733,0.506,0.0,0.499,0.478,0.678,0.488,0.524,0.714,0.504,0.737,0.488,0.502,0.899,0.898,0.501,0.491,0.493,0.716,0.562
0.652,0.527,0.46,0.504,0.537,0.519,0.529,0.516,1.0,0.532,0.544,0.492,0.554,0.506,0.497,0.534,0.532,0.527,0.535,0.522,0.512,0.544,0.531,0.549,0.525,0.523,0.544,0.521,0.569,0.669,0.485,0.529,0.0,0.529,0.52,0.528,0.525,0.546,0.492,0.555,0.49,0.529,0.549,0.501,0.505,0.514,0.529,0.529,0.502,0.579
0.521,0.508,0.413,0.783,0.514,0.485,0.473,0.766,0.532,1.0,0.506,0.727,0.529,0.765,0.748,0.48,0.489,0.486,0.49,0.469,0.459,0.499,0.487,0.504,0.492,0.497,0.504,0.788,0.574,0.515,0.761,0.483,0.0,0.487,0.479,0.699,0.471,0.511,0.71,0.51,0.763,0.469,0.494,0.758,0.771,0.491,0.48,0.479,0.716,0.551
0.555,0.656,0.426,0.467,0.8,0.65,0.57,0.485,0.544,0.506,1.0,0.47,0.788,0.466,0.47,0.578,0.655,0.731,0.723,0.562,0.702,0.737,0.712,0.703,0.662,0.682,0.75,0.495,0.522,0.544,0.46,0.703,0.0,0.718,0.697,0.489,0.566,0.745,0.472,0.769,0.461,0.652,0.748,0.472,0.476,0.47,0.68,0.679,0.48,0.515
0.509,0.522,0.398,0.758,0.504,0.494,0.476,0.742,0.492,0.727,0.47,1.0,0.486,0.748,0.864,0.472,0.482,0.483,0.488,0.475,0.469,0.483,0.497,0.486,0.49,0.485,0.477,0.75,0.558,0.502,0.734,0.511,0.0,0.478,0.463,0.649,0.475,0.493,0.731,0.478,0.75,0.472,0.481,0.756,0.762,0.524,0.477,0.479,0.68,0.548
0.565,0.66,0.442,0.483,0.751,0.657,0.583,0.509,0.554,0.529,0.788,0.486,1.0,0.475,0.487,0.593,0.658,0.746,0.769,0.577,0.736,0.804,0.782,0.712,0.665,0.672,0.796,0.513,0.533,0.551,0.479,0.742,0.0,0.79,0.68,0.503,0.58,0.786,0.488,0.808,0.481,0.651,0.781,0.489,0.494,0.481,0.677,0.676,0.497,0.523
0.491,0.493,0.402,0.819,0.497,0.477,0.47,0.758,0.506,0.765,0.466,0.748,0.475,1.0,0.795,0.477,0.474,0.483,0.476,0.466,0.452,0.477,0.48,0.473,0.481,0.481,0.474,0.786,0.57,0.502,0.758,0.488,0.0,0.465,0.454,0.679,0.469,0.493,0.712,0.478,0.781,0.469,0.475,0.775,0.781,0.506,0.475,0.477,0.721,0.547
0.492,0.513,0.404,0.803,0.508,0.489,0.474,0.745,0.497,0.748,0.47,0.864,0.487,0.795,1.0,0.471,0.481,0.479,0.482,0.474,0.464,0.481,0.495,0.477,0.478,0.476,0.474,0.766,0.56,0.495,0.768,0.511,0.0,0.473,0.456,0.663,0.472,0.495,0.724,0.483,0.789,0.478,0.481,0.769,0.77,0.514,0.487,0.489,0.702,0.563
0.55,0.598,0.422,0.477,0.596,0.605,0.95,0.496,0.534,0.48,0.578,0.472,0.593,0.477,0.471,1.0,0.594,0.627,0.624,0.944,0.613,0.614,0.626,0.611,0.605,0.593,0.586,0.485,0.508,0.54,0.46,0.595,0.0,0.598,0.579,0.485,0.949,0.582,0.476,0.594,0.464,0.583,0.591,0.476,0.484,0.465,0.584,0.586,0.477,0.511
0.546,0.729,0.429,0.474,0.69,0.723,0.59,0.503,0.532,0.489,0.655,0.482,0.658,0.474,0.481,0.594,1.0,0.644,0.647,0.583,0.631,0.662,0.658,0.769,0.754,0.772,0.659,0.501,0.536,0.526,0.46,0.688,0.0,0.673,0.709,0.49,0.588,0.655,0.483,0.672,0.465,0.694,0.659,0.491,0.503,0.465,0.713,0.712,0.486,0.515
0.549,0.665,0.427,0.485,0.725,0.667,0.626,0.501,0.527,0.486,0.731,0.483,0.746,0.483,0.479,0.627,0.644,1.0,0.795,0.618,0.76,0.774,0.775,0.679,0.655,0.66,0.743,0.493,0.531,0.54,0.473,0.723,0.0,0.734,0.641,0.498,0.622,0.715,0.491,0.749,0.473,0.656,0.725,0.485,0.492,0.483,0.671,0.672,0.483,0.527
0.544,0.659,0.426,0.478,0.72,0.655,0.622,0.504,0.535,0.49,0.723,0.488,0.769,0.476,0.482,0.624,0.647,0.795,1.0,0.615,0.766,0.781,0.774,0.67,0.65,0.658,0.747,0.496,0.526,0.544,0.477,0.737,0.0,0.741,0.648,0.494,0.616,0.727,0.493,0.76,0.472,0.663,0.737,0.484,0.492,0.48,0.665,0.666,0.491,0.525
0.539,0.594,0.422,0.465,0.581,0.605,0.983,0.486,0.522,0.469,0.562,0.475,0.577,0.466,0.474,0.944,0.583,0.618,0.615,1.0,0.629,0.603,0.627,0.599,0.6,0.583,0.57,0.472,0.502,0.524,0.462,0.604,0.0,0.583,0.569,0.472,0.992,0.563,0.48,0.583,0.465,0.584,0.573,0.479,0.481,0.464,0.571,0.573,0.469,0.514
0.529,0.639,0.427,0.459,0.704,0.646,0.637,0.473,0.512,0.459,0.702,0.469,0.736,0.452,0.464,0.613,0.631,0.76,0.766,0.629,1.0,0.769,0.785,0.65,0.639,0.646,0.749,0.468,0.502,0.527,0.454,0.747,0.0,0.742,0.629,0.475,0.632,0.721,0.473,0.742,0.457,0.63,0.732,0.467,0.476,0.472,0.661,0.662,0.465,0.508
0.556,0.652,0.426,0.482,0.719,0.652,0.613,0.5,0.544,0.499,0.737,0.483,0.804,0.477,0.481,0.614,0.662,0.774,0.781,0.603,0.769,1.0,0.916,0.68,0.669,0.66,0.773,0.505,0.509,0.543,0.472,0.743,0.0,0.875,0.647,0.491,0.607,0.759,0.488,0.784,0.472,0.639,0.764,0.482,0.491,0.471,0.672,0.67,0.49,0.512
0.552,0.665,0.44,0.492,0.714,0.672,0.637,0.504,0.531,0.487,0.712,0.497,0.782,0.48,0.495,0.626,0.658,0.775,0.774,0.627,0.785,0.916,1.0,0.669,0.661,0.648,0.757,0.496,0.522,0.527,0.479,0.766,0.0,0.853,0.637,0.485,0.631,0.734,0.506,0.758,0.481,0.646,0.74,0.496,0.505,0.477,0.665,0.666,0.496,0.524
0.561,0.797,0.442,0.478,0.698,0.775,0.607,0.509,0.549,0.504,0.703,0.486,0.712,0.473,0.477,0.611,0.769,0.679,0.67,0.599,0.65,0.68,0.669,1.0,0.819,0.77,0.693,0.497,0.535,0.549,0.47,0.671,0.0,0.681,0.817,0.497,0.604,0.676,0.478,0.698,0.469,0.722,0.673,0.483,0.492,0.485,0.739,0.738,0.491,0.534
0.549,0.81,0.438,0.485,0.696,0.802,0.602,0.506,0.525,0.492,0.662,0.49,0.665,0.481,0.478,0.605,0.754,0.655,0.65,0.6,0.639,0.669,0.661,0.819,1.0,0.779,0.662,0.508,0.53,0.53,0.467,0.681,0.0,0.668,0.788,0.483,0.604,0.679,0.495,0.674,0.468,0.711,0.668,0.506,0.505,0.49,0.734,0.732,0.51,0.515
0.541,0.743,0.425,0.478,0.692,0.726,0.589,0.503,0.523,0.497,0.682,0.485,0.672,0.481,0.476,0.593,0.772,0.66,0.658,0.583,0.646,0.66,0.648,0.77,0.779,1.0,0.675,0.503,0.527,0.526,0.47,0.658,0.0,0.655,0.727,0.494,0.586,0.676,0.479,0.691,0.473,0.711,0.662,0.499,0.493,0.478,0.731,0.731,0.499,0.516
0.559,0.657,0.436,0.474,0.734,0.649,0.578,0.498,0.544,0.504,0.75,0.477,0.796,0.474,0.474,0.586,0.659,0.743,0.747,0.57,0.749,0.773,0.757,0.693,0.662,0.675,1.0,0.502,0.522,0.536,0.47,0.739,0.0,0.75,0.656,0.495,0.574,0.836,0.475,0.795,0.47,0.649,0.845,0.485,0.489,0.481,0.667,0.666,0.482,0.521
0.516,0.511,0.411,0.802,0.52,0.495,0.476,0.912,0.521,0.788,0.495,0.75,0.513,0.786,0.766,0.485,0.501,0.493,0.496,0.472,0.468,0.505,0.496,0.497,0.508,0.503,0.502,1.0,0.567,0.514,0.741,0.502,0.0,0.495,0.47,0.693,0.474,0.529,0.705,0.51,0.763,0.482,0.502,0.955,0.945,0.495,0.485,0.484,0.726,0.549
0.584,0.552,0.476,0.555,0.557,0.545,0.507,0.573,0.569,0.574,0.522,0.558,0.533,0.57,0.56,0.508,0.536,0.531,0.526,0.502,0.502,0.509,0.522,0.535,0.53,0.527,0.522,0.567,1.0,0.58,0.549,0.529,0.0,0.518,0.501,0.554,0.503,0.536,0.546,0.524,0.551,0.517,0.519,0.561,0.571,0.597,0.524,0.524,0.549,0.838
0.643,0.535,0.469,0.496,0.549,0.517,0.528,0.511,0.669,0.515,0.544,0.502,0.551,0.502,0.495,0.54,0.526,0.54,0.544,0.524,0.527,0.543,0.527,0.549,0.53,0.526,0.536,0.514,0.58,1.0,0.481,0.532,0.0,0.532,0.522,0.513,0.527,0.534,0.494,0.567,0.487,0.531,0.539,0.495,0.501,0.539,0.534,0.532,0.493,0.582
0.476,0.5,0.391,0.757,0.489,0.483,0.462,0.733,0.485,0.761,0.46,0.734,0.479,0.758,0.768,0.46,0.46,0.473,0.477,0.462,0.454,0.472,0.479,0.47,0.467,0.47,0.47,0.741,0.549,0.481,1.0,0.487,0.0,0.46,0.44,0.648,0.46,0.481,0.703,0.476,0.903,0.474,0.464,0.746,0.745,0.495,0.462,0.463,0.679,0.534
0.537,0.689,0.435,0.496,0.728,0.685,0.605,0.506,0.529,0.483,0.703,0.511,0.742,0.488,0.511,0.595,0.688,0.723,0.737,0.604,0.747,0.743,0.766,0.671,0.681,0.658,0.739,0.502,0.529,0.532,0.487,1.0,0.0,0.737,0.638,0.475,0.604,0.747,0.498,0.762,0.483,0.68,0.748,0.505,0.51,0.493,0.676,0.678,0.493,0.525
0.0,0.0,0.0,0.0,0.0,0.0,0.0,0.0,0.0,0.0,0.0,0.0,0.0,0.0,0.0,0.0,0.0,0.0,0.0,0.0,0.0,0.0,0.0,0.0,0.0,0.0,0.0,0.0,0.0,0.0,0.0,0.0,1.0,0.0,0.0,0.0,0.0,0.0,0.0,0.0,0.0,0.0,0.0,0.0,0.0,0.0,0.0,0.0,0.0,0.0
0.546,0.651,0.432,0.473,0.724,0.666,0.59,0.499,0.529,0.487,0.718,0.478,0.79,0.465,0.473,0.598,0.673,0.734,0.741,0.583,0.742,0.875,0.853,0.681,0.668,0.655,0.75,0.495,0.518,0.532,0.46,0.737,0.0,1.0,0.641,0.496,0.587,0.745,0.492,0.769,0.461,0.645,0.759,0.481,0.495,0.466,0.674,0.675,0.483,0.507
0.534,0.758,0.41,0.449,0.662,0.756,0.577,0.478,0.52,0.479,0.697,0.463,0.68,0.454,0.456,0.579,0.709,0.641,0.648,0.569,0.629,0.647,0.637,0.817,0.788,0.727,0.656,0.47,0.501,0.522,0.44,0.638,0.0,0.641,1.0,0.472,0.573,0.654,0.464,0.67,0.444,0.689,0.65,0.457,0.468,0.464,0.701,0.701,0.469,0.499
0.522,0.474,0.404,0.681,0.496,0.479,0.478,0.678,0.528,0.699,0.489,0.649,0.503,0.679,0.663,0.485,0.49,0.498,0.494,0.472,0.475,0.491,0.485,0.497,0.483,0.494,0.495,0.693,0.554,0.513,0.648,0.475,0.0,0.496,0.472,1.0,0.474,0.482,0.684,0.503,0.655,0.467,0.482,0.672,0.683,0.498,0.472,0.472,0.667,0.535
0.542,0.594,0.422,0.468,0.585,0.606,0.987,0.488,0.525,0.471,0.566,0.475,0.58,0.469,0.472,0.949,0.588,0.622,0.616,0.992,0.632,0.607,0.631,0.604,0.604,0.586,0.574,0.474,0.503,0.527,0.46,0.604,0.0,0.587,0.573,0.474,1.0,0.567,0.48,0.585,0.464,0.583,0.576,0.478,0.483,0.464,0.574,0.576,0.471,0.514
0.561,0.675,0.434,0.487,0.75,0.658,0.571,0.524,0.546,0.511,0.745,0.493,0.786,0.493,0.495,0.582,0.655,0.715,0.727,0.563,0.721,0.759,0.734,0.676,0.679,0.676,0.836,0.529,0.536,0.534,0.481,0.747,0.0,0.745,0.654,0.482,0.567,1.0,0.487,0.785,0.484,0.648,0.86,0.506,0.502,0.478,0.685,0.685,0.496,0.521
0.483,0.5,0.408,0.704,0.501,0.525,0.484,0.714,0.492,0.71,0.472,0.731,0.488,0.712,0.724,0.476,0.483,0.491,0.493,0.48,0.473,0.488,0.506,0.478,0.495,0.479,0.475,0.705,0.546,0.494,0.703,0.498,0.0,0.492,0.464,0.684,0.48,0.487,1.0,0.485,0.697,0.492,0.48,0.715,0.717,0.511,0.477,0.479,0.678,0.542
0.567,0.666,0.432,0.481,0.739,0.668,0.589,0.504,0.555,0.51,0.769,0.478,0.808,0.478,0.483,0.594,0.672,0.749,0.76,0.583,0.742,0.784,0.758,0.698,0.674,0.691,0.795,0.51,0.524,0.567,0.476,0.762,0.0,0.769,0.67,0.503,0.585,0.785,0.485,1.0,0.473,0.666,0.791,0.485,0.496,0.482,0.697,0.697,0.485,0.522
0.481,0.498,0.402,0.782,0.492,0.484,0.465,0.737,0.49,0.763,0.461,0.75,0.481,0.781,0.789,0.464,0.465,0.473,0.472,0.465,0.457,0.472,0.481,0.469,0.468,0.473,0.47,0.763,0.551,0.487,0.903,0.483,0.0,0.461,0.444,0.655,0.464,0.484,0.697,0.473,1.0,0.471,0.465,0.769,0.767,0.493,0.465,0.466,0.686,0.538
0.518,0.735,0.425,0.465,0.673,0.723,0.584,0.488,0.529,0.469,0.652,0.472,0.651,0.469,0.478,0.583,0.694,0.656,0.663,0.584,0.63,0.639,0.646,0.722,0.711,0.711,0.649,0.482,0.517,0.531,0.474,0.68,0.0,0.645,0.689,0.467,0.583,0.648,0.492,0.666,0.471,1.0,0.671,0.489,0.487,0.478,0.734,0.737,0.475,0.528
0.55,0.654,0.434,0.475,0.744,0.647,0.579,0.502,0.549,0.494,0.748,0.481,0.781,0.475,0.481,0.591,0.659,0.725,0.737,0.573,0.732,0.764,0.74,0.673,0.668,0.662,0.845,0.502,0.519,0.539,0.464,0.748,0.0,0.759,0.65,0.482,0.576,0.86,0.48,0.791,0.465,0.671,1.0,0.481,0.485,0.483,0.678,0.678,0.48,0.519
0.496,0.528,0.422,0.786,0.504,0.502,0.479,0.899,0.501,0.758,0.472,0.756,0.489,0.775,0.769,0.476,0.491,0.485,0.484,0.479,0.467,0.482,0.496,0.483,0.506,0.499,0.485,0.955,0.561,0.495,0.746,0.505,0.0,0.481,0.457,0.672,0.478,0.506,0.715,0.485,0.769,0.489,0.481,1.0,0.96,0.506,0.474,0.476,0.73,0.55
0.512,0.522,0.414,0.792,0.513,0.502,0.485,0.898,0.505,0.771,0.476,0.762,0.494,0.781,0.77,0.484,0.503,0.492,0.492,0.481,0.476,0.491,0.505,0.492,0.505,0.493,0.489,0.945,0.571,0.501,0.745,0.51,0.0,0.495,0.468,0.683,0.483,0.502,0.717,0.496,0.767,0.487,0.485,0.96,1.0,0.5,0.482,0.484,0.725,0.555
0.519,0.502,0.424,0.505,0.493,0.494,0.465,0.501,0.514,0.491,0.47,0.524,0.481,0.506,0.514,0.465,0.465,0.483,0.48,0.464,0.472,0.471,0.477,0.485,0.49,0.478,0.481,0.495,0.597,0.539,0.495,0.493,0.0,0.466,0.464,0.498,0.464,0.478,0.511,0.482,0.493,0.478,0.483,0.506,0.5,1.0,0.505,0.506,0.504,0.657
0.54,0.728,0.437,0.476,0.714,0.722,0.578,0.491,0.529,0.48,0.68,0.477,0.677,0.475,0.487,0.584,0.713,0.671,0.665,0.571,0.661,0.672,0.665,0.739,0.734,0.731,0.667,0.485,0.524,0.534,0.462,0.676,0.0,0.674,0.701,0.472,0.574,0.685,0.477,0.697,0.465,0.734,0.678,0.474,0.482,0.505,1.0,0.997,0.485,0.532
0.54,0.728,0.438,0.478,0.713,0.722,0.58,0.493,0.529,0.479,0.679,0.479,0.676,0.477,0.489,0.586,0.712,0.672,0.666,0.573,0.662,0.67,0.666,0.738,0.732,0.731,0.666,0.484,0.524,0.532,0.463,0.678,0.0,0.675,0.701,0.472,0.576,0.685,0.479,0.697,0.466,0.737,0.678,0.476,0.484,0.506,0.997,1.0,0.487,0.533
0.488,0.519,0.423,0.722,0.509,0.494,0.473,0.716,0.502,0.716,0.48,0.68,0.497,0.721,0.702,0.477,0.486,0.483,0.491,0.469,0.465,0.49,0.496,0.491,0.51,0.499,0.482,0.726,0.549,0.493,0.679,0.493,0.0,0.483,0.469,0.667,0.471,0.496,0.678,0.485,0.686,0.475,0.48,0.73,0.725,0.504,0.485,0.487,1.0,0.533
0.581,0.539,0.482,0.547,0.527,0.544,0.515,0.562,0.579,0.551,0.515,0.548,0.523,0.547,0.563,0.511,0.515,0.527,0.525,0.514,0.508,0.512,0.524,0.534,0.515,0.516,0.521,0.549,0.838,0.582,0.534,0.525,0.0,0.507,0.499,0.535,0.514,0.521,0.542,0.522,0.538,0.528,0.519,0.55,0.555,0.657,0.532,0.533,0.533,1.0
