GCF_000163235.1_ASM16323v1_genomic.fna,GCF_000164555.1_ASM16455v1_genomic.fna,GCF_000208545.1_ASM20854v2_genomic.fna,GCF_000233875.1_ASM23387v1_genomic.fna,GCF_000249735.1_ASM24973v2_genomic.fna,GCF_000261145.1_Esch_coli_M919_V2_genomic.fna,GCF_000267705.2_ASM26770v2_genomic.fna,GCF_000350665.1_Esch_coli_KTE5_V1_genomic.fna,GCF_000351625.1_Esch_coli_KTE66_V1_genomic.fna,GCF_000352285.1_Esch_coli_KTE46_V1_genomic.fna,GCF_000358895.1_ASM35889v1_genomic.fna,GCF_000456385.1_Esch_coli_HVH_26_4-5703913_V1_genomic.fna,GCF_000458195.1_Esch_coli_HVH_147_4-5893887_V1_genomic.fna,GCF_000459755.1_Esch_coli_KOEGE_58_171a_V1_genomic.fna,GCF_000460055.1_Esch_coli_UMEA_3053-1_V1_genomic.fna,GCF_000462165.2_ASM46216v2_genomic.fna,GCF_000601135.1_ASM60113v1_genomic.fna,GCF_000614595.1_Ec2010EL1058_genomic.fna,GCF_000617745.1_Ec2010C-4529_genomic.fna,GCF_000618265.2_EcF6751_genomic.fna,GCF_000619005.2_Ec2009C-4052_genomic.fna,GCF_000619105.1_Ec2009C-4780_genomic.fna,GCF_000619765.2_Ec2009C-3279_genomic.fna,GCF_000687005.1_ASM68700v1_genomic.fna,GCF_000687025.1_ASM68702v1_genomic.fna,GCF_000700125.1_ASM70012v1_genomic.fna,GCF_000753315.1_FHI35_genomic.fna,GCF_000776375.1_ASM77637v1_genomic.fna,GCF_000779395.1_ASM77939v1_genomic.fna,GCF_000780315.1_ASM78031v1_genomic.fna,GCF_000781995.1_ASM78199v1_genomic.fna,GCF_000986765.1_ASM98676v1_genomic.fna,GCF_001041375.1_ViralProj287958_genomic.fna,GCF_001265335.1_302014_genomic.fna,GCF_001265625.1_100854_genomic.fna,GCF_001267345.1_303289_genomic.fna,GCF_001309985.1_ASM130998v1_genomic.fna,GCF_001521695.1_ASM152169v1_genomic.fna,GCF_001592595.1_ASM159259v1_genomic.fna,GCF_001614975.1_ASM161497v1_genomic.fna,GCF_001692775.1_ASM169277v1_genomic.fna,GCF_001748915.1_ASM174891v1_genomic.fna,GCF_001749235.1_ASM174923v1_genomic.fna,GCF_001881155.1_ASM188115v1_genomic.fna,GCF_001881345.1_ASM188134v1_genomic.fna,GCF_001892405.1_ASM189240v1_genomic.fna,GCF_001892585.1_ASM189258v1_genomic.fna,GCF_001893985.1_ASM189398v1_genomic.fna,GCF_002001595.1_ASM200159v1_genomic.fna,GCF_002002145.1_ASM200214v1_genomic.fna
1.0,0.91,0.899,0.884,0.894,0.897,0.906,0.889,0.92,0.881,0.878,0.889,0.889,0.883,0.882,0.905,0.883,0.894,0.897,0.905,0.904,0.894,0.897,0.89,0.894,0.877,0.893,0.884,0.91,0.908,0.89,0.904,0.02,0.893,0.876,0.895,0.907,0.9,0.88,0.896,0.882,0.894,0.9,0.886,0.892,0.896,0.9,0.901,0.881,0.91
0.91,1.0,0.896,0.892,0.914,0.938,0.906,0.891,0.908,0.887,0.891,0.897,0.908,0.891,0.89,0.909,0.921,0.908,0.914,0.907,0.918,0.905,0.906,0.927,0.942,0.915,0.92,0.89,0.893,0.893,0.888,0.924,0.017,0.911,0.915,0.893,0.907,0.925,0.887,0.913,0.89,0.917,0.924,0.901,0.899,0.881,0.922,0.923,0.889,0.898
0.899,0.896,1.0,0.873,0.881,0.884,0.895,0.88,0.896,0.86,0.85,0.876,0.867,0.875,0.876,0.897,0.873,0.889,0.887,0.895,0.888,0.873,0.879,0.879,0.888,0.863,0.882,0.876,0.89,0.886,0.875,0.889,0.019,0.88,0.853,0.881,0.896,0.885,0.879,0.882,0.873,0.88,0.882,0.883,0.882,0.881,0.888,0.889,0.867,0.895
0.884,0.892,0.873,1.0,0.886,0.898,0.884,0.922,0.878,0.929,0.86,0.941,0.882,0.955,0.949,0.88,0.882,0.887,0.881,0.884,0.877,0.889,0.888,0.89,0.889,0.874,0.883,0.937,0.882,0.883,0.926,0.888,0.018,0.891,0.875,0.91,0.883,0.892,0.916,0.881,0.941,0.893,0.889,0.926,0.928,0.876,0.876,0.876,0.919,0.89
0.894,0.914,0.881,0.886,1.0,0.923,0.901,0.882,0.895,0.882,0.925,0.889,0.928,0.886,0.878,0.898,0.918,0.927,0.926,0.897,0.938,0.928,0.927,0.917,0.926,0.907,0.929,0.88,0.882,0.894,0.882,0.929,0.018,0.928,0.904,0.881,0.897,0.932,0.888,0.928,0.888,0.919,0.932,0.873,0.879,0.872,0.92,0.92,0.883,0.892
0.897,0.938,0.884,0.898,0.923,1.0,0.902,0.896,0.892,0.887,0.899,0.895,0.919,0.895,0.892,0.901,0.932,0.925,0.923,0.901,0.918,0.92,0.924,0.939,0.948,0.916,0.926,0.893,0.887,0.889,0.882,0.92,0.018,0.92,0.928,0.89,0.899,0.929,0.891,0.926,0.889,0.93,0.927,0.885,0.887,0.876,0.928,0.929,0.885,0.895
0.906,0.906,0.895,0.884,0.901,0.902,1.0,0.894,0.907,0.871,0.875,0.885,0.891,0.879,0.881,0.989,0.9,0.923,0.911,0.995,0.916,0.908,0.91,0.901,0.9,0.88,0.907,0.885,0.901,0.898,0.885,0.906,0.017,0.907,0.878,0.896,0.995,0.905,0.887,0.9,0.879,0.903,0.908,0.889,0.893,0.892,0.905,0.905,0.882,0.908
0.889,0.891,0.88,0.922,0.882,0.896,0.894,1.0,0.885,0.917,0.851,0.926,0.876,0.928,0.923,0.891,0.88,0.885,0.885,0.893,0.892,0.885,0.884,0.886,0.886,0.869,0.886,0.97,0.89,0.891,0.93,0.887,0.021,0.886,0.862,0.917,0.892,0.894,0.916,0.878,0.927,0.884,0.89,0.963,0.961,0.882,0.886,0.886,0.921,0.894
0.92,0.908,0.896,0.878,0.895,0.892,0.907,0.885,1.0,0.875,0.866,0.883,0.875,0.873,0.877,0.907,0.881,0.896,0.891,0.907,0.9,0.893,0.897,0.883,0.894,0.871,0.89,0.879,0.897,0.917,0.878,0.896,0.017,0.898,0.868,0.894,0.908,0.895,0.882,0.898,0.876,0.893,0.901,0.885,0.884,0.896,0.902,0.902,0.88,0.902
0.881,0.887,0.86,0.929,0.882,0.887,0.871,0.917,0.875,1.0,0.872,0.927,0.886,0.933,0.92,0.867,0.872,0.876,0.876,0.871,0.871,0.886,0.879,0.895,0.881,0.878,0.874,0.92,0.875,0.882,0.922,0.875,0.016,0.879,0.883,0.904,0.87,0.882,0.916,0.881,0.93,0.883,0.884,0.909,0.915,0.866,0.873,0.873,0.92,0.877
0.878,0.891,0.85,0.86,0.925,0.899,0.875,0.851,0.866,0.872,1.0,0.859,0.926,0.869,0.847,0.871,0.897,0.905,0.904,0.873,0.899,0.911,0.905,0.913,0.902,0.9,0.91,0.853,0.86,0.871,0.853,0.906,0.019,0.904,0.918,0.856,0.873,0.909,0.858,0.913,0.853,0.9,0.911,0.846,0.848,0.834,0.889,0.889,0.86,0.864
0.889,0.897,0.876,0.941,0.889,0.895,0.885,0.926,0.883,0.927,0.859,1.0,0.878,0.945,0.952,0.883,0.884,0.888,0.885,0.883,0.886,0.889,0.889,0.89,0.895,0.885,0.888,0.935,0.887,0.889,0.929,0.884,0.017,0.894,0.875,0.91,0.882,0.894,0.921,0.88,0.943,0.89,0.889,0.929,0.932,0.874,0.881,0.881,0.92,0.891
0.889,0.908,0.867,0.882,0.928,0.919,0.891,0.876,0.875,0.886,0.926,0.878,1.0,0.887,0.872,0.889,0.913,0.926,0.925,0.888,0.923,0.941,0.94,0.93,0.915,0.911,0.934,0.875,0.87,0.884,0.87,0.93,0.018,0.936,0.922,0.866,0.888,0.928,0.878,0.934,0.877,0.919,0.935,0.865,0.87,0.854,0.908,0.907,0.877,0.876
0.883,0.891,0.875,0.955,0.886,0.895,0.879,0.928,0.873,0.933,0.869,0.945,0.887,1.0,0.948,0.876,0.883,0.883,0.878,0.879,0.881,0.889,0.887,0.893,0.886,0.88,0.891,0.937,0.882,0.881,0.929,0.885,0.018,0.887,0.878,0.909,0.878,0.894,0.92,0.883,0.941,0.887,0.887,0.928,0.931,0.872,0.878,0.878,0.922,0.887
0.882,0.89,0.876,0.949,0.878,0.892,0.881,0.923,0.877,0.92,0.847,0.952,0.872,0.948,1.0,0.879,0.876,0.886,0.879,0.881,0.882,0.879,0.877,0.878,0.879,0.877,0.887,0.935,0.881,0.886,0.929,0.878,0.017,0.883,0.866,0.909,0.88,0.889,0.922,0.877,0.943,0.882,0.885,0.927,0.928,0.877,0.88,0.88,0.917,0.893
0.905,0.909,0.897,0.88,0.898,0.901,0.989,0.891,0.907,0.867,0.871,0.883,0.889,0.876,0.879,1.0,0.896,0.921,0.912,0.991,0.913,0.906,0.909,0.897,0.895,0.878,0.906,0.882,0.902,0.897,0.88,0.904,0.017,0.907,0.875,0.896,0.99,0.904,0.884,0.899,0.878,0.9,0.904,0.888,0.889,0.896,0.902,0.902,0.878,0.906
0.883,0.921,0.873,0.882,0.918,0.932,0.9,0.88,0.881,0.872,0.897,0.884,0.913,0.883,0.876,0.896,1.0,0.914,0.917,0.896,0.915,0.916,0.917,0.938,0.937,0.928,0.913,0.877,0.88,0.879,0.875,0.921,0.018,0.919,0.912,0.878,0.896,0.919,0.877,0.917,0.875,0.929,0.916,0.869,0.873,0.859,0.92,0.92,0.873,0.885
0.894,0.908,0.889,0.887,0.927,0.925,0.923,0.885,0.896,0.876,0.905,0.888,0.926,0.883,0.886,0.921,0.914,1.0,0.954,0.923,0.938,0.945,0.946,0.918,0.917,0.899,0.936,0.884,0.886,0.894,0.881,0.936,0.019,0.938,0.899,0.892,0.921,0.931,0.891,0.93,0.884,0.922,0.933,0.878,0.879,0.874,0.913,0.912,0.874,0.895
0.897,0.914,0.887,0.881,0.926,0.923,0.911,0.885,0.891,0.876,0.904,0.885,0.925,0.878,0.879,0.912,0.917,0.954,1.0,0.909,0.937,0.942,0.943,0.917,0.917,0.905,0.931,0.885,0.881,0.889,0.877,0.933,0.019,0.928,0.906,0.885,0.909,0.928,0.887,0.926,0.88,0.923,0.935,0.877,0.881,0.864,0.908,0.907,0.883,0.888
0.905,0.907,0.895,0.884,0.897,0.901,0.995,0.893,0.907,0.871,0.873,0.883,0.888,0.879,0.881,0.991,0.896,0.923,0.909,1.0,0.914,0.906,0.909,0.898,0.896,0.877,0.905,0.884,0.904,0.896,0.884,0.903,0.017,0.906,0.875,0.895,0.998,0.903,0.887,0.899,0.879,0.902,0.906,0.891,0.891,0.895,0.903,0.903,0.88,0.905
0.904,0.918,0.888,0.877,0.938,0.918,0.916,0.892,0.9,0.871,0.899,0.886,0.923,0.881,0.882,0.913,0.915,0.938,0.937,0.914,1.0,0.933,0.936,0.911,0.918,0.902,0.928,0.886,0.89,0.898,0.886,0.936,0.02,0.935,0.897,0.889,0.913,0.932,0.886,0.925,0.884,0.909,0.931,0.884,0.888,0.882,0.925,0.925,0.884,0.902
0.894,0.905,0.873,0.889,0.928,0.92,0.908,0.885,0.893,0.886,0.911,0.889,0.941,0.889,0.879,0.906,0.916,0.945,0.942,0.906,0.933,1.0,0.984,0.922,0.914,0.908,0.928,0.884,0.878,0.889,0.88,0.934,0.018,0.959,0.911,0.874,0.906,0.926,0.884,0.929,0.885,0.923,0.932,0.875,0.881,0.866,0.906,0.905,0.88,0.884
0.897,0.906,0.879,0.888,0.927,0.924,0.91,0.884,0.897,0.879,0.905,0.889,0.94,0.887,0.877,0.909,0.917,0.946,0.943,0.909,0.936,0.984,1.0,0.924,0.916,0.903,0.934,0.883,0.88,0.887,0.881,0.938,0.018,0.959,0.906,0.873,0.909,0.927,0.883,0.93,0.884,0.919,0.934,0.875,0.879,0.871,0.909,0.908,0.877,0.884
0.89,0.927,0.879,0.89,0.917,0.939,0.901,0.886,0.883,0.895,0.913,0.89,0.93,0.893,0.878,0.897,0.938,0.918,0.917,0.898,0.911,0.922,0.924,1.0,0.946,0.932,0.92,0.881,0.878,0.881,0.874,0.915,0.018,0.917,0.944,0.876,0.897,0.915,0.883,0.923,0.88,0.927,0.92,0.875,0.877,0.868,0.921,0.92,0.879,0.886
0.894,0.942,0.888,0.889,0.926,0.948,0.9,0.886,0.894,0.881,0.902,0.895,0.915,0.886,0.879,0.895,0.937,0.917,0.917,0.896,0.918,0.914,0.916,0.946,1.0,0.927,0.924,0.887,0.876,0.89,0.873,0.925,0.018,0.92,0.926,0.885,0.895,0.929,0.89,0.923,0.882,0.933,0.925,0.883,0.881,0.864,0.932,0.932,0.884,0.884
0.877,0.915,0.863,0.874,0.907,0.916,0.88,0.869,0.871,0.878,0.9,0.885,0.911,0.88,0.877,0.878,0.928,0.899,0.905,0.877,0.902,0.908,0.903,0.932,0.927,1.0,0.903,0.872,0.86,0.869,0.866,0.904,0.018,0.902,0.923,0.868,0.877,0.9,0.871,0.905,0.871,0.916,0.904,0.873,0.87,0.852,0.913,0.912,0.87,0.872
0.893,0.92,0.882,0.883,0.929,0.926,0.907,0.886,0.89,0.874,0.91,0.888,0.934,0.891,0.887,0.906,0.913,0.936,0.931,0.905,0.928,0.928,0.934,0.92,0.924,0.903,1.0,0.885,0.876,0.892,0.881,0.929,0.02,0.935,0.909,0.883,0.904,0.948,0.889,0.941,0.887,0.924,0.949,0.882,0.883,0.869,0.922,0.922,0.886,0.89
0.884,0.89,0.876,0.937,0.88,0.893,0.885,0.97,0.879,0.92,0.853,0.935,0.875,0.937,0.935,0.882,0.877,0.884,0.885,0.884,0.886,0.884,0.883,0.881,0.887,0.872,0.885,1.0,0.882,0.89,0.928,0.887,0.021,0.885,0.862,0.919,0.883,0.895,0.916,0.879,0.939,0.884,0.889,0.985,0.978,0.877,0.879,0.879,0.922,0.883
0.91,0.893,0.89,0.882,0.882,0.887,0.901,0.89,0.897,0.875,0.86,0.887,0.87,0.882,0.881,0.902,0.88,0.886,0.881,0.904,0.89,0.878,0.88,0.878,0.876,0.86,0.876,0.882,1.0,0.882,0.885,0.887,0.019,0.88,0.863,0.884,0.905,0.886,0.88,0.879,0.875,0.882,0.884,0.887,0.886,0.908,0.886,0.888,0.878,0.943
0.908,0.893,0.886,0.883,0.894,0.889,0.898,0.891,0.917,0.882,0.871,0.889,0.884,0.881,0.886,0.897,0.879,0.894,0.889,0.896,0.898,0.889,0.887,0.881,0.89,0.869,0.892,0.89,0.882,1.0,0.894,0.895,0.016,0.889,0.865,0.894,0.897,0.898,0.89,0.897,0.888,0.887,0.9,0.884,0.887,0.884,0.89,0.888,0.893,0.894
0.89,0.888,0.875,0.926,0.882,0.882,0.885,0.93,0.878,0.922,0.853,0.929,0.87,0.929,0.929,0.88,0.875,0.881,0.877,0.884,0.886,0.88,0.881,0.874,0.873,0.866,0.881,0.928,0.885,0.894,1.0,0.886,0.017,0.884,0.857,0.909,0.883,0.888,0.914,0.874,0.96,0.884,0.887,0.923,0.924,0.878,0.876,0.877,0.925,0.889
0.904,0.924,0.889,0.888,0.929,0.92,0.906,0.887,0.896,0.875,0.906,0.884,0.93,0.885,0.878,0.904,0.921,0.936,0.933,0.903,0.936,0.934,0.938,0.915,0.925,0.904,0.929,0.887,0.887,0.895,0.886,1.0,0.018,0.928,0.898,0.887,0.904,0.932,0.886,0.933,0.881,0.922,0.936,0.881,0.884,0.874,0.921,0.921,0.881,0.891
0.02,0.017,0.019,0.018,0.018,0.018,0.017,0.021,0.017,0.016,0.019,0.017,0.018,0.018,0.017,0.017,0.018,0.019,0.019,0.017,0.02,0.018,0.018,0.018,0.018,0.018,0.02,0.021,0.019,0.016,0.017,0.018,1.0,0.017,0.017,0.02,0.017,0.018,0.015,0.018,0.016,0.017,0.017,0.021,0.021,0.017,0.018,0.018,0.016,0.019
0.893,0.911,0.88,0.891,0.928,0.92,0.907,0.886,0.898,0.879,0.904,0.894,0.936,0.887,0.883,0.907,0.919,0.938,0.928,0.906,0.935,0.959,0.959,0.917,0.92,0.902,0.935,0.885,0.88,0.889,0.884,0.928,0.017,1.0,0.905,0.884,0.906,0.929,0.897,0.935,0.887,0.917,0.933,0.879,0.884,0.874,0.913,0.912,0.881,0.888
0.876,0.915,0.853,0.875,0.904,0.928,0.878,0.862,0.868,0.883,0.918,0.875,0.922,0.878,0.866,0.875,0.912,0.899,0.906,0.875,0.897,0.911,0.906,0.944,0.926,0.923,0.909,0.862,0.863,0.865,0.857,0.898,0.017,0.905,1.0,0.859,0.875,0.901,0.867,0.907,0.864,0.91,0.911,0.853,0.858,0.85,0.902,0.901,0.861,0.864
0.895,0.893,0.881,0.91,0.881,0.89,0.896,0.917,0.894,0.904,0.856,0.91,0.866,0.909,0.909,0.896,0.878,0.892,0.885,0.895,0.889,0.874,0.873,0.876,0.885,0.868,0.883,0.919,0.884,0.894,0.909,0.887,0.02,0.884,0.859,1.0,0.894,0.887,0.924,0.879,0.919,0.88,0.885,0.918,0.92,0.882,0.885,0.885,0.906,0.897
0.907,0.907,0.896,0.883,0.897,0.899,0.995,0.892,0.908,0.87,0.873,0.882,0.888,0.878,0.88,0.99,0.896,0.921,0.909,0.998,0.913,0.906,0.909,0.897,0.895,0.877,0.904,0.883,0.905,0.897,0.883,0.904,0.017,0.906,0.875,0.894,1.0,0.902,0.886,0.9,0.878,0.902,0.905,0.89,0.89,0.896,0.903,0.903,0.88,0.906
0.9,0.925,0.885,0.892,0.932,0.929,0.905,0.894,0.895,0.882,0.909,0.894,0.928,0.894,0.889,0.904,0.919,0.931,0.928,0.903,0.932,0.926,0.927,0.915,0.929,0.9,0.948,0.895,0.886,0.898,0.888,0.932,0.018,0.929,0.901,0.887,0.902,1.0,0.891,0.938,0.894,0.928,0.951,0.887,0.885,0.874,0.923,0.923,0.889,0.898
0.88,0.887,0.879,0.916,0.888,0.891,0.887,0.916,0.882,0.916,0.858,0.921,0.878,0.92,0.922,0.884,0.877,0.891,0.887,0.887,0.886,0.884,0.883,0.883,0.89,0.871,0.889,0.916,0.88,0.89,0.914,0.886,0.015,0.897,0.867,0.924,0.886,0.891,1.0,0.881,0.918,0.889,0.893,0.912,0.911,0.877,0.88,0.88,0.92,0.885
0.896,0.913,0.882,0.881,0.928,0.926,0.9,0.878,0.898,0.881,0.913,0.88,0.934,0.883,0.877,0.899,0.917,0.93,0.926,0.899,0.925,0.929,0.93,0.923,0.923,0.905,0.941,0.879,0.879,0.897,0.874,0.933,0.018,0.935,0.907,0.879,0.9,0.938,0.881,1.0,0.879,0.925,0.941,0.873,0.874,0.87,0.925,0.925,0.881,0.886
0.882,0.89,0.873,0.941,0.888,0.889,0.879,0.927,0.876,0.93,0.853,0.943,0.877,0.941,0.943,0.878,0.875,0.884,0.88,0.879,0.884,0.885,0.884,0.88,0.882,0.871,0.887,0.939,0.875,0.888,0.96,0.881,0.016,0.887,0.864,0.919,0.878,0.894,0.918,0.879,1.0,0.891,0.885,0.93,0.93,0.878,0.88,0.88,0.926,0.882
0.894,0.917,0.88,0.893,0.919,0.93,0.903,0.884,0.893,0.883,0.9,0.89,0.919,0.887,0.882,0.9,0.929,0.922,0.923,0.902,0.909,0.923,0.919,0.927,0.933,0.916,0.924,0.884,0.882,0.887,0.884,0.922,0.017,0.917,0.91,0.88,0.902,0.928,0.889,0.925,0.891,1.0,0.932,0.878,0.877,0.87,0.937,0.936,0.887,0.889
0.9,0.924,0.882,0.889,0.932,0.927,0.908,0.89,0.901,0.884,0.911,0.889,0.935,0.887,0.885,0.904,0.916,0.933,0.935,0.906,0.931,0.932,0.934,0.92,0.925,0.904,0.949,0.889,0.884,0.9,0.887,0.936,0.017,0.933,0.911,0.885,0.905,0.951,0.893,0.941,0.885,0.932,1.0,0.879,0.883,0.876,0.921,0.921,0.883,0.893
0.886,0.901,0.883,0.926,0.873,0.885,0.889,0.963,0.885,0.909,0.846,0.929,0.865,0.928,0.927,0.888,0.869,0.878,0.877,0.891,0.884,0.875,0.875,0.875,0.883,0.873,0.882,0.985,0.887,0.884,0.923,0.881,0.021,0.879,0.853,0.918,0.89,0.887,0.912,0.873,0.93,0.878,0.879,1.0,0.98,0.886,0.882,0.883,0.92,0.885
0.892,0.899,0.882,0.928,0.879,0.887,0.893,0.961,0.884,0.915,0.848,0.932,0.87,0.931,0.928,0.889,0.873,0.879,0.881,0.891,0.888,0.881,0.879,0.877,0.881,0.87,0.883,0.978,0.886,0.887,0.924,0.884,0.021,0.884,0.858,0.92,0.89,0.885,0.911,0.874,0.93,0.877,0.883,0.98,1.0,0.881,0.881,0.883,0.919,0.887
0.896,0.881,0.881,0.876,0.872,0.876,0.892,0.882,0.896,0.866,0.834,0.874,0.854,0.872,0.877,0.896,0.859,0.874,0.864,0.895,0.882,0.866,0.871,0.868,0.864,0.852,0.869,0.877,0.908,0.884,0.878,0.874,0.017,0.874,0.85,0.882,0.896,0.874,0.877,0.87,0.878,0.87,0.876,0.886,0.881,1.0,0.884,0.886,0.872,0.911
0.9,0.922,0.888,0.876,0.92,0.928,0.905,0.886,0.902,0.873,0.889,0.881,0.908,0.878,0.88,0.902,0.92,0.913,0.908,0.903,0.925,0.906,0.909,0.921,0.932,0.913,0.922,0.879,0.886,0.89,0.876,0.921,0.018,0.913,0.902,0.885,0.903,0.923,0.88,0.925,0.88,0.937,0.921,0.882,0.881,0.884,1.0,0.998,0.877,0.898
0.901,0.923,0.889,0.876,0.92,0.929,0.905,0.886,0.902,0.873,0.889,0.881,0.907,0.878,0.88,0.902,0.92,0.912,0.907,0.903,0.925,0.905,0.908,0.92,0.932,0.912,0.922,0.879,0.888,0.888,0.877,0.921,0.018,0.912,0.901,0.885,0.903,0.923,0.88,0.925,0.88,0.936,0.921,0.883,0.883,0.886,0.998,1.0,0.877,0.898
0.881,0.889,0.867,0.919,0.883,0.885,0.882,0.921,0.88,0.92,0.86,0.92,0.877,0.922,0.917,0.878,0.873,0.874,0.883,0.88,0.884,0.88,0.877,0.879,0.884,0.87,0.886,0.922,0.878,0.893,0.925,0.881,0.016,0.881,0.861,0.906,0.88,0.889,0.92,0.881,0.926,0.887,0.883,0.92,0.919,0.872,0.877,0.877,1.0,0.88
0.91,0.898,0.895,0.89,0.892,0.895,0.908,0.894,0.902,0.877,0.864,0.891,0.876,0.887,0.893,0.906,0.885,0.895,0.888,0.905,0.902,0.884,0.884,0.886,0.884,0.872,0.89,0.883,0.943,0.894,0.889,0.891,0.019,0.888,0.864,0.897,0.906,0.898,0.885,0.886,0.882,0.889,0.893,0.885,0.887,0.911,0.898,0.898,0.88,1.0
