GCF_000163235.1_ASM16323v1_genomic.fna,GCF_000164555.1_ASM16455v1_genomic.fna,GCF_000208545.1_ASM20854v2_genomic.fna,GCF_000233875.1_ASM23387v1_genomic.fna,GCF_000249735.1_ASM24973v2_genomic.fna,GCF_000261145.1_Esch_coli_M919_V2_genomic.fna,GCF_000267705.2_ASM26770v2_genomic.fna,GCF_000350665.1_Esch_coli_KTE5_V1_genomic.fna,GCF_000351625.1_Esch_coli_KTE66_V1_genomic.fna,GCF_000352285.1_Esch_coli_KTE46_V1_genomic.fna,GCF_000358895.1_ASM35889v1_genomic.fna,GCF_000456385.1_Esch_coli_HVH_26_4-5703913_V1_genomic.fna,GCF_000458195.1_Esch_coli_HVH_147_4-5893887_V1_genomic.fna,GCF_000459755.1_Esch_coli_KOEGE_58_171a_V1_genomic.fna,GCF_000460055.1_Esch_coli_UMEA_3053-1_V1_genomic.fna,GCF_000462165.2_ASM46216v2_genomic.fna,GCF_000601135.1_ASM60113v1_genomic.fna,GCF_000614595.1_Ec2010EL1058_genomic.fna,GCF_000617745.1_Ec2010C-4529_genomic.fna,GCF_000618265.2_EcF6751_genomic.fna,GCF_000619005.2_Ec2009C-4052_genomic.fna,GCF_000619105.1_Ec2009C-4780_genomic.fna,GCF_000619765.2_Ec2009C-3279_genomic.fna,GCF_000687005.1_ASM68700v1_genomic.fna,GCF_000687025.1_ASM68702v1_genomic.fna,GCF_000700125.1_ASM70012v1_genomic.fna,GCF_000753315.1_FHI35_genomic.fna,GCF_000776375.1_ASM77637v1_genomic.fna,GCF_000779395.1_ASM77939v1_genomic.fna,GCF_000780315.1_ASM78031v1_genomic.fna,GCF_000781995.1_ASM78199v1_genomic.fna,GCF_000986765.1_ASM98676v1_genomic.fna,GCF_001041375.1_ViralProj287958_genomic.fna,GCF_001265335.1_302014_genomic.fna,GCF_001265625.1_100854_genomic.fna,GCF_001267345.1_303289_genomic.fna,GCF_001309985.1_ASM130998v1_genomic.fna,GCF_001521695.1_ASM152169v1_genomic.fna,GCF_001592595.1_ASM159259v1_genomic.fna,GCF_001614975.1_ASM161497v1_genomic.fna,GCF_001692775.1_ASM169277v1_genomic.fna,GCF_001748915.1_ASM174891v1_genomic.fna,GCF_001749235.1_ASM174923v1_genomic.fna,GCF_001881155.1_ASM188115v1_genomic.fna,GCF_001881345.1_ASM188134v1_genomic.fna,GCF_001892405.1_ASM189240v1_genomic.fna,GCF_001892585.1_ASM189258v1_genomic.fna,GCF_001893985.1_ASM189398v1_genomic.fna,GCF_002001595.1_ASM200159v1_genomic.fna,GCF_002002145.1_ASM200214v1_genomic.fna
1.0,0.489,0.401,0.433,0.486,0.477,0.475,0.44,0.599,0.447,0.485,0.45,0.485,0.435,0.421,0.482,0.466,0.479,0.468,0.472,0.461,0.465,0.465,0.477,0.476,0.469,0.471,0.437,0.517,0.584,0.404,0.46,0.0,0.466,0.447,0.42,0.471,0.479,0.416,0.468,0.415,0.475,0.474,0.431,0.442,0.451,0.46,0.458,0.421,0.526
0.489,1.0,0.34,0.413,0.601,0.779,0.51,0.427,0.449,0.417,0.58,0.43,0.597,0.408,0.408,0.521,0.693,0.584,0.601,0.507,0.577,0.584,0.588,0.784,0.805,0.703,0.593,0.432,0.434,0.439,0.386,0.616,0.0,0.581,0.727,0.389,0.506,0.61,0.415,0.59,0.392,0.689,0.591,0.431,0.434,0.407,0.688,0.69,0.408,0.426
0.401,0.34,1.0,0.333,0.342,0.33,0.334,0.328,0.377,0.333,0.337,0.326,0.338,0.331,0.324,0.343,0.328,0.343,0.335,0.333,0.327,0.329,0.334,0.332,0.336,0.339,0.346,0.336,0.363,0.372,0.324,0.342,0.0,0.333,0.306,0.326,0.333,0.336,0.339,0.334,0.33,0.341,0.335,0.333,0.329,0.344,0.343,0.343,0.329,0.37
0.433,0.413,0.333,1.0,0.405,0.405,0.405,0.718,0.417,0.741,0.395,0.734,0.386,0.784,0.764,0.408,0.393,0.392,0.399,0.402,0.381,0.385,0.392,0.39,0.4,0.397,0.388,0.758,0.469,0.41,0.72,0.397,0.0,0.381,0.367,0.635,0.401,0.391,0.68,0.394,0.737,0.399,0.384,0.736,0.727,0.436,0.391,0.391,0.648,0.472
0.486,0.601,0.342,0.405,1.0,0.603,0.546,0.418,0.451,0.412,0.763,0.411,0.685,0.41,0.408,0.553,0.608,0.668,0.658,0.543,0.678,0.664,0.667,0.597,0.604,0.629,0.679,0.423,0.447,0.454,0.393,0.691,0.0,0.668,0.562,0.402,0.542,0.688,0.418,0.677,0.401,0.616,0.685,0.414,0.412,0.409,0.646,0.647,0.391,0.446
0.477,0.779,0.33,0.405,0.603,1.0,0.521,0.417,0.455,0.403,0.593,0.4,0.607,0.417,0.392,0.525,0.688,0.606,0.602,0.515,0.577,0.598,0.594,0.788,0.822,0.696,0.598,0.41,0.447,0.444,0.377,0.61,0.0,0.605,0.753,0.406,0.515,0.622,0.429,0.595,0.383,0.685,0.609,0.404,0.397,0.397,0.682,0.683,0.399,0.449
0.475,0.51,0.334,0.405,0.546,0.521,1.0,0.414,0.459,0.402,0.526,0.421,0.538,0.406,0.418,0.956,0.508,0.558,0.571,0.983,0.57,0.56,0.578,0.513,0.518,0.516,0.53,0.411,0.427,0.453,0.398,0.539,0.0,0.536,0.484,0.427,0.988,0.521,0.418,0.524,0.398,0.529,0.53,0.406,0.401,0.415,0.526,0.526,0.381,0.437
0.44,0.427,0.328,0.718,0.418,0.417,0.414,1.0,0.418,0.713,0.396,0.716,0.401,0.712,0.716,0.417,0.399,0.398,0.408,0.413,0.4,0.389,0.396,0.408,0.407,0.403,0.399,0.918,0.468,0.407,0.72,0.407,0.0,0.384,0.37,0.611,0.412,0.423,0.686,0.401,0.725,0.411,0.396,0.908,0.881,0.434,0.4,0.4,0.639,0.465
0.599,0.449,0.377,0.417,0.451,0.455,0.459,0.418,1.0,0.424,0.455,0.419,0.457,0.426,0.416,0.459,0.444,0.449,0.439,0.455,0.431,0.457,0.455,0.452,0.453,0.445,0.452,0.416,0.51,0.588,0.394,0.458,0.0,0.453,0.426,0.415,0.454,0.446,0.422,0.46,0.398,0.454,0.45,0.408,0.399,0.44,0.441,0.441,0.4,0.508
0.447,0.417,0.333,0.741,0.412,0.403,0.402,0.713,0.424,1.0,0.407,0.718,0.401,0.745,0.719,0.41,0.4,0.392,0.392,0.398,0.373,0.381,0.377,0.393,0.402,0.41,0.397,0.729,0.491,0.411,0.734,0.396,0.0,0.38,0.365,0.637,0.399,0.392,0.709,0.403,0.737,0.393,0.387,0.714,0.714,0.428,0.391,0.39,0.687,0.48
0.485,0.58,0.337,0.395,0.763,0.593,0.526,0.396,0.455,0.407,1.0,0.396,0.733,0.41,0.391,0.533,0.598,0.68,0.668,0.521,0.661,0.682,0.673,0.63,0.587,0.629,0.693,0.404,0.461,0.446,0.375,0.678,0.0,0.676,0.602,0.401,0.522,0.687,0.408,0.731,0.382,0.618,0.696,0.392,0.389,0.402,0.608,0.608,0.392,0.463
0.45,0.43,0.326,0.734,0.411,0.4,0.421,0.716,0.419,0.718,0.396,1.0,0.39,0.728,0.87,0.424,0.393,0.384,0.398,0.418,0.39,0.385,0.39,0.39,0.399,0.406,0.383,0.733,0.474,0.417,0.69,0.393,0.0,0.384,0.368,0.608,0.416,0.386,0.703,0.384,0.71,0.39,0.383,0.723,0.724,0.438,0.392,0.393,0.635,0.472
0.485,0.597,0.338,0.386,0.685,0.607,0.538,0.401,0.457,0.401,0.733,0.39,1.0,0.398,0.388,0.544,0.612,0.696,0.699,0.535,0.708,0.764,0.755,0.636,0.598,0.613,0.74,0.403,0.457,0.463,0.374,0.712,0.0,0.754,0.597,0.394,0.534,0.716,0.4,0.763,0.382,0.618,0.721,0.394,0.385,0.392,0.624,0.623,0.394,0.459
0.435,0.408,0.331,0.784,0.41,0.417,0.406,0.712,0.426,0.745,0.41,0.728,0.398,1.0,0.756,0.411,0.401,0.394,0.397,0.403,0.379,0.39,0.389,0.397,0.404,0.407,0.397,0.748,0.478,0.417,0.714,0.408,0.0,0.386,0.37,0.626,0.402,0.398,0.688,0.403,0.729,0.397,0.391,0.727,0.717,0.427,0.391,0.391,0.676,0.476
0.421,0.408,0.324,0.764,0.408,0.392,0.418,0.716,0.416,0.719,0.391,0.87,0.388,0.756,1.0,0.418,0.387,0.382,0.392,0.416,0.384,0.384,0.396,0.379,0.386,0.39,0.381,0.743,0.467,0.406,0.726,0.396,0.0,0.384,0.358,0.614,0.415,0.384,0.707,0.389,0.736,0.384,0.383,0.728,0.716,0.438,0.39,0.39,0.643,0.478
0.482,0.521,0.343,0.408,0.553,0.525,0.956,0.417,0.459,0.41,0.533,0.424,0.544,0.411,0.418,1.0,0.515,0.552,0.564,0.954,0.555,0.559,0.573,0.519,0.523,0.524,0.527,0.419,0.428,0.456,0.397,0.538,0.0,0.538,0.486,0.434,0.953,0.525,0.422,0.528,0.402,0.537,0.531,0.408,0.402,0.416,0.534,0.534,0.392,0.439
0.466,0.693,0.328,0.393,0.608,0.688,0.508,0.399,0.444,0.4,0.598,0.393,0.612,0.401,0.387,0.515,1.0,0.588,0.585,0.506,0.579,0.598,0.59,0.73,0.717,0.762,0.591,0.403,0.451,0.446,0.37,0.618,0.0,0.596,0.67,0.404,0.505,0.589,0.397,0.592,0.372,0.671,0.603,0.39,0.388,0.382,0.675,0.674,0.388,0.443
0.479,0.584,0.343,0.392,0.668,0.606,0.558,0.398,0.449,0.392,0.68,0.384,0.696,0.394,0.382,0.552,0.588,1.0,0.732,0.552,0.718,0.726,0.71,0.605,0.59,0.602,0.691,0.403,0.421,0.441,0.375,0.69,0.0,0.686,0.557,0.411,0.553,0.673,0.409,0.672,0.376,0.622,0.681,0.393,0.39,0.387,0.618,0.619,0.37,0.433
0.468,0.601,0.335,0.399,0.658,0.602,0.571,0.408,0.439,0.392,0.668,0.398,0.699,0.397,0.392,0.564,0.585,0.732,1.0,0.565,0.723,0.73,0.73,0.595,0.589,0.589,0.692,0.408,0.415,0.439,0.378,0.683,0.0,0.684,0.566,0.413,0.564,0.665,0.426,0.672,0.386,0.62,0.675,0.401,0.397,0.408,0.614,0.616,0.37,0.426
0.472,0.507,0.333,0.402,0.543,0.515,0.983,0.413,0.455,0.398,0.521,0.418,0.535,0.403,0.416,0.954,0.506,0.552,0.565,1.0,0.563,0.555,0.571,0.509,0.516,0.512,0.527,0.408,0.422,0.448,0.398,0.536,0.0,0.531,0.478,0.428,0.989,0.518,0.415,0.52,0.398,0.524,0.526,0.407,0.401,0.416,0.522,0.522,0.377,0.432
0.461,0.577,0.327,0.381,0.678,0.577,0.57,0.4,0.431,0.373,0.661,0.39,0.708,0.379,0.384,0.555,0.579,0.718,0.723,0.563,1.0,0.728,0.741,0.569,0.568,0.587,0.707,0.396,0.404,0.434,0.372,0.703,0.0,0.712,0.549,0.396,0.562,0.687,0.402,0.693,0.376,0.603,0.7,0.388,0.386,0.397,0.615,0.616,0.36,0.424
0.465,0.584,0.329,0.385,0.664,0.598,0.56,0.389,0.457,0.381,0.682,0.385,0.764,0.39,0.384,0.559,0.598,0.726,0.73,0.555,0.728,1.0,0.917,0.597,0.596,0.593,0.73,0.395,0.429,0.452,0.37,0.717,0.0,0.872,0.56,0.397,0.555,0.712,0.392,0.721,0.375,0.614,0.725,0.384,0.378,0.393,0.604,0.603,0.365,0.443
0.465,0.588,0.334,0.392,0.667,0.594,0.578,0.396,0.455,0.377,0.673,0.39,0.755,0.389,0.396,0.573,0.59,0.71,0.73,0.571,0.741,0.917,1.0,0.586,0.588,0.588,0.72,0.403,0.428,0.44,0.382,0.725,0.0,0.862,0.55,0.398,0.572,0.709,0.402,0.706,0.388,0.613,0.713,0.389,0.384,0.396,0.602,0.604,0.362,0.432
0.477,0.784,0.332,0.39,0.597,0.788,0.513,0.408,0.452,0.393,0.63,0.39,0.636,0.397,0.379,0.519,0.73,0.605,0.595,0.509,0.569,0.597,0.586,1.0,0.815,0.726,0.604,0.399,0.441,0.445,0.368,0.605,0.0,0.592,0.807,0.391,0.508,0.601,0.395,0.621,0.373,0.687,0.601,0.389,0.388,0.385,0.674,0.673,0.392,0.437
0.476,0.805,0.336,0.4,0.604,0.822,0.518,0.407,0.453,0.402,0.587,0.399,0.598,0.404,0.386,0.523,0.717,0.59,0.589,0.516,0.568,0.596,0.588,0.815,1.0,0.731,0.597,0.407,0.436,0.442,0.371,0.621,0.0,0.584,0.775,0.391,0.515,0.599,0.404,0.589,0.375,0.685,0.603,0.41,0.395,0.405,0.677,0.678,0.401,0.436
0.469,0.703,0.339,0.397,0.629,0.696,0.516,0.403,0.445,0.41,0.629,0.406,0.613,0.407,0.39,0.524,0.762,0.602,0.589,0.512,0.587,0.593,0.588,0.726,0.731,1.0,0.608,0.404,0.453,0.45,0.375,0.601,0.0,0.591,0.677,0.409,0.511,0.599,0.395,0.609,0.378,0.687,0.596,0.405,0.392,0.397,0.686,0.686,0.415,0.45
0.471,0.593,0.346,0.388,0.679,0.598,0.53,0.399,0.452,0.397,0.693,0.383,0.74,0.397,0.381,0.527,0.591,0.691,0.692,0.527,0.707,0.73,0.72,0.604,0.597,0.608,1.0,0.395,0.429,0.449,0.375,0.715,0.0,0.725,0.56,0.396,0.525,0.81,0.403,0.734,0.378,0.61,0.827,0.392,0.382,0.406,0.599,0.601,0.381,0.441
0.437,0.432,0.336,0.758,0.423,0.41,0.411,0.918,0.416,0.729,0.404,0.733,0.403,0.748,0.743,0.419,0.403,0.403,0.408,0.408,0.396,0.395,0.403,0.399,0.407,0.404,0.395,1.0,0.472,0.412,0.731,0.42,0.0,0.389,0.368,0.626,0.408,0.417,0.696,0.404,0.748,0.409,0.397,0.954,0.922,0.431,0.405,0.405,0.661,0.466
0.517,0.434,0.363,0.469,0.447,0.447,0.427,0.468,0.51,0.491,0.461,0.474,0.457,0.478,0.467,0.428,0.451,0.421,0.415,0.422,0.404,0.429,0.428,0.441,0.436,0.453,0.429,0.472,1.0,0.486,0.443,0.428,0.0,0.432,0.419,0.455,0.422,0.441,0.465,0.448,0.446,0.426,0.434,0.456,0.451,0.528,0.414,0.412,0.469,0.825
0.584,0.439,0.372,0.41,0.454,0.444,0.453,0.407,0.588,0.411,0.446,0.417,0.463,0.417,0.406,0.456,0.446,0.441,0.439,0.448,0.434,0.452,0.44,0.445,0.442,0.45,0.449,0.412,0.486,1.0,0.391,0.424,0.0,0.446,0.414,0.41,0.448,0.446,0.397,0.456,0.4,0.449,0.454,0.4,0.39,0.448,0.444,0.443,0.401,0.497
0.404,0.386,0.324,0.72,0.393,0.377,0.398,0.72,0.394,0.734,0.375,0.69,0.374,0.714,0.726,0.397,0.37,0.375,0.378,0.398,0.372,0.37,0.382,0.368,0.371,0.375,0.375,0.731,0.443,0.391,1.0,0.387,0.0,0.364,0.341,0.61,0.398,0.377,0.673,0.379,0.907,0.372,0.371,0.729,0.72,0.426,0.374,0.374,0.619,0.443
0.46,0.616,0.342,0.397,0.691,0.61,0.539,0.407,0.458,0.396,0.678,0.393,0.712,0.408,0.396,0.538,0.618,0.69,0.683,0.536,0.703,0.717,0.725,0.605,0.621,0.601,0.715,0.42,0.428,0.424,0.387,1.0,0.0,0.703,0.561,0.395,0.535,0.714,0.416,0.718,0.386,0.615,0.713,0.41,0.406,0.403,0.632,0.634,0.382,0.429
0.0,0.0,0.0,0.0,0.0,0.0,0.0,0.0,0.0,0.0,0.0,0.0,0.0,0.0,0.0,0.0,0.0,0.0,0.0,0.0,0.0,0.0,0.0,0.0,0.0,0.0,0.0,0.0,0.0,0.0,0.0,0.0,1.0,0.0,0.0,0.0,0.0,0.0,0.0,0.0,0.0,0.0,0.0,0.0,0.0,0.0,0.0,0.0,0.0,0.0
0.466,0.581,0.333,0.381,0.668,0.605,0.536,0.384,0.453,0.38,0.676,0.384,0.754,0.386,0.384,0.538,0.596,0.686,0.684,0.531,0.712,0.872,0.862,0.592,0.584,0.591,0.725,0.389,0.432,0.446,0.364,0.703,0.0,1.0,0.553,0.402,0.533,0.707,0.405,0.713,0.368,0.611,0.722,0.375,0.374,0.389,0.601,0.6,0.36,0.436
0.447,0.727,0.306,0.367,0.562,0.753,0.484,0.37,0.426,0.365,0.602,0.368,0.597,0.37,0.358,0.486,0.67,0.557,0.566,0.478,0.549,0.56,0.55,0.807,0.775,0.677,0.56,0.368,0.419,0.414,0.341,0.561,0.0,0.553,1.0,0.368,0.476,0.554,0.374,0.583,0.346,0.645,0.566,0.358,0.359,0.363,0.631,0.63,0.367,0.412
0.42,0.389,0.326,0.635,0.402,0.406,0.427,0.611,0.415,0.637,0.401,0.608,0.394,0.626,0.614,0.434,0.404,0.411,0.413,0.428,0.396,0.397,0.398,0.391,0.391,0.409,0.396,0.626,0.455,0.41,0.61,0.395,0.0,0.402,0.368,1.0,0.425,0.386,0.637,0.4,0.613,0.393,0.392,0.611,0.603,0.412,0.387,0.385,0.599,0.451
0.471,0.506,0.333,0.401,0.542,0.515,0.988,0.412,0.454,0.399,0.522,0.416,0.534,0.402,0.415,0.953,0.505,0.553,0.564,0.989,0.562,0.555,0.572,0.508,0.515,0.511,0.525,0.408,0.422,0.448,0.398,0.535,0.0,0.533,0.476,0.425,1.0,0.517,0.416,0.519,0.398,0.523,0.527,0.406,0.4,0.416,0.522,0.522,0.378,0.432
0.479,0.61,0.336,0.391,0.688,0.622,0.521,0.423,0.446,0.392,0.687,0.386,0.716,0.398,0.384,0.525,0.589,0.673,0.665,0.518,0.687,0.712,0.709,0.601,0.599,0.599,0.81,0.417,0.441,0.446,0.377,0.714,0.0,0.707,0.554,0.386,0.517,1.0,0.404,0.721,0.383,0.6,0.852,0.408,0.388,0.401,0.614,0.615,0.376,0.443
0.416,0.415,0.339,0.68,0.418,0.429,0.418,0.686,0.422,0.709,0.408,0.703,0.4,0.688,0.707,0.422,0.397,0.409,0.426,0.415,0.402,0.392,0.402,0.395,0.404,0.395,0.403,0.696,0.465,0.397,0.673,0.416,0.0,0.405,0.374,0.637,0.416,0.404,1.0,0.415,0.682,0.41,0.404,0.69,0.686,0.437,0.407,0.407,0.641,0.453
0.468,0.59,0.334,0.394,0.677,0.595,0.524,0.401,0.46,0.403,0.731,0.384,0.763,0.403,0.389,0.528,0.592,0.672,0.672,0.52,0.693,0.721,0.706,0.621,0.589,0.609,0.734,0.404,0.448,0.456,0.379,0.718,0.0,0.713,0.583,0.4,0.519,0.721,0.415,1.0,0.384,0.612,0.728,0.391,0.384,0.4,0.612,0.614,0.39,0.454
0.415,0.392,0.33,0.737,0.401,0.383,0.398,0.725,0.398,0.737,0.382,0.71,0.382,0.729,0.736,0.402,0.372,0.376,0.386,0.398,0.376,0.375,0.388,0.373,0.375,0.378,0.378,0.748,0.446,0.4,0.907,0.386,0.0,0.368,0.346,0.613,0.398,0.383,0.682,0.384,1.0,0.377,0.373,0.742,0.73,0.431,0.378,0.379,0.627,0.448
0.475,0.689,0.341,0.399,0.616,0.685,0.529,0.411,0.454,0.393,0.618,0.39,0.618,0.397,0.384,0.537,0.671,0.622,0.62,0.524,0.603,0.614,0.613,0.687,0.685,0.687,0.61,0.409,0.426,0.449,0.372,0.615,0.0,0.611,0.645,0.393,0.523,0.6,0.41,0.612,0.377,1.0,0.619,0.403,0.392,0.395,0.716,0.718,0.381,0.43
0.474,0.591,0.335,0.384,0.685,0.609,0.53,0.396,0.45,0.387,0.696,0.383,0.721,0.391,0.383,0.531,0.603,0.681,0.675,0.526,0.7,0.725,0.713,0.601,0.603,0.596,0.827,0.397,0.434,0.454,0.371,0.713,0.0,0.722,0.566,0.392,0.527,0.852,0.404,0.728,0.373,0.619,1.0,0.388,0.381,0.399,0.607,0.609,0.371,0.438
0.431,0.431,0.333,0.736,0.414,0.404,0.406,0.908,0.408,0.714,0.392,0.723,0.394,0.727,0.728,0.408,0.39,0.393,0.401,0.407,0.388,0.384,0.389,0.389,0.41,0.405,0.392,0.954,0.456,0.4,0.729,0.41,0.0,0.375,0.358,0.611,0.406,0.408,0.69,0.391,0.742,0.403,0.388,1.0,0.94,0.442,0.399,0.399,0.656,0.454
0.442,0.434,0.329,0.727,0.412,0.397,0.401,0.881,0.399,0.714,0.389,0.724,0.385,0.717,0.716,0.402,0.388,0.39,0.397,0.401,0.386,0.378,0.384,0.388,0.395,0.392,0.382,0.922,0.451,0.39,0.72,0.406,0.0,0.374,0.359,0.603,0.4,0.388,0.686,0.384,0.73,0.392,0.381,0.94,1.0,0.439,0.394,0.394,0.642,0.449
0.451,0.407,0.344,0.436,0.409,0.397,0.415,0.434,0.44,0.428,0.402,0.438,0.392,0.427,0.438,0.416,0.382,0.387,0.408,0.416,0.397,0.393,0.396,0.385,0.405,0.397,0.406,0.431,0.528,0.448,0.426,0.403,0.0,0.389,0.363,0.412,0.416,0.401,0.437,0.4,0.431,0.395,0.399,0.442,0.439,1.0,0.412,0.413,0.413,0.574
0.46,0.688,0.343,0.391,0.646,0.682,0.526,0.4,0.441,0.391,0.608,0.392,0.624,0.391,0.39,0.534,0.675,0.618,0.614,0.522,0.615,0.604,0.602,0.674,0.677,0.686,0.599,0.405,0.414,0.444,0.374,0.632,0.0,0.601,0.631,0.387,0.522,0.614,0.407,0.612,0.378,0.716,0.607,0.399,0.394,0.412,1.0,0.994,0.376,0.432
0.458,0.69,0.343,0.391,0.647,0.683,0.526,0.4,0.441,0.39,0.608,0.393,0.623,0.391,0.39,0.534,0.674,0.619,0.616,0.522,0.616,0.603,0.604,0.673,0.678,0.686,0.601,0.405,0.412,0.443,0.374,0.634,0.0,0.6,0.63,0.385,0.522,0.615,0.407,0.614,0.379,0.718,0.609,0.399,0.394,0.413,0.994,1.0,0.375,0.43
0.421,0.408,0.329,0.648,0.391,0.399,0.381,0.639,0.4,0.687,0.392,0.635,0.394,0.676,0.643,0.392,0.388,0.37,0.37,0.377,0.36,0.365,0.362,0.392,0.401,0.415,0.381,0.661,0.469,0.401,0.619,0.382,0.0,0.36,0.367,0.599,0.378,0.376,0.641,0.39,0.627,0.381,0.371,0.656,0.642,0.413,0.376,0.375,1.0,0.46
0.526,0.426,0.37,0.472,0.446,0.449,0.437,0.465,0.508,0.48,0.463,0.472,0.459,0.476,0.478,0.439,0.443,0.433,0.426,0.432,0.424,0.443,0.432,0.437,0.436,0.45,0.441,0.466,0.825,0.497,0.443,0.429,0.0,0.436,0.412,0.451,0.432,0.443,0.453,0.454,0.448,0.43,0.438,0.454,0.449,0.574,0.432,0.43,0.46,1.0
