GCF_000163235.1_ASM16323v1_genomic.fna,GCF_000164555.1_ASM16455v1_genomic.fna,GCF_000208545.1_ASM20854v2_genomic.fna,GCF_000233875.1_ASM23387v1_genomic.fna,GCF_000249735.1_ASM24973v2_genomic.fna,GCF_000261145.1_Esch_coli_M919_V2_genomic.fna,GCF_000267705.2_ASM26770v2_genomic.fna,GCF_000350665.1_Esch_coli_KTE5_V1_genomic.fna,GCF_000351625.1_Esch_coli_KTE66_V1_genomic.fna,GCF_000352285.1_Esch_coli_KTE46_V1_genomic.fna,GCF_000358895.1_ASM35889v1_genomic.fna,GCF_000456385.1_Esch_coli_HVH_26_4-5703913_V1_genomic.fna,GCF_000458195.1_Esch_coli_HVH_147_4-5893887_V1_genomic.fna,GCF_000459755.1_Esch_coli_KOEGE_58_171a_V1_genomic.fna,GCF_000460055.1_Esch_coli_UMEA_3053-1_V1_genomic.fna,GCF_000462165.2_ASM46216v2_genomic.fna,GCF_000601135.1_ASM60113v1_genomic.fna,GCF_000614595.1_Ec2010EL1058_genomic.fna,GCF_000617745.1_Ec2010C-4529_genomic.fna,GCF_000618265.2_EcF6751_genomic.fna,GCF_000619005.2_Ec2009C-4052_genomic.fna,GCF_000619105.1_Ec2009C-4780_genomic.fna,GCF_000619765.2_Ec2009C-3279_genomic.fna,GCF_000687005.1_ASM68700v1_genomic.fna,GCF_000687025.1_ASM68702v1_genomic.fna,GCF_000700125.1_ASM70012v1_genomic.fna,GCF_000753315.1_FHI35_genomic.fna,GCF_000776375.1_ASM77637v1_genomic.fna,GCF_000779395.1_ASM77939v1_genomic.fna,GCF_000780315.1_ASM78031v1_genomic.fna,GCF_000781995.1_ASM78199v1_genomic.fna,GCF_000986765.1_ASM98676v1_genomic.fna,GCF_001041375.1_ViralProj287958_genomic.fna,GCF_001265335.1_302014_genomic.fna,GCF_001265625.1_100854_genomic.fna,GCF_001267345.1_303289_genomic.fna,GCF_001309985.1_ASM130998v1_genomic.fna,GCF_001521695.1_ASM152169v1_genomic.fna,GCF_001592595.1_ASM159259v1_genomic.fna,GCF_001614975.1_ASM161497v1_genomic.fna,GCF_001692775.1_ASM169277v1_genomic.fna,GCF_001748915.1_ASM174891v1_genomic.fna,GCF_001749235.1_ASM174923v1_genomic.fna,GCF_001881155.1_ASM188115v1_genomic.fna,GCF_001881345.1_ASM188134v1_genomic.fna,GCF_001892405.1_ASM189240v1_genomic.fna,GCF_001892585.1_ASM189258v1_genomic.fna,GCF_001893985.1_ASM189398v1_genomic.fna,GCF_002001595.1_ASM200159v1_genomic.fna,GCF_002002145.1_ASM200214v1_genomic.fna
1.0,0.558,0.478,0.492,0.544,0.539,0.536,0.514,0.64,0.529,0.529,0.523,0.526,0.5,0.489,0.539,0.54,0.54,0.529,0.534,0.526,0.523,0.547,0.527,0.541,0.53,0.53,0.497,0.571,0.633,0.483,0.53,0.0,0.531,0.492,0.501,0.537,0.561,0.509,0.532,0.499,0.532,0.545,0.508,0.516,0.532,0.532,0.532,0.486,0.583
0.558,1.0,0.456,0.5,0.68,0.79,0.604,0.506,0.523,0.52,0.642,0.538,0.643,0.498,0.506,0.607,0.757,0.653,0.644,0.603,0.639,0.636,0.65,0.79,0.82,0.735,0.652,0.502,0.533,0.54,0.492,0.669,0.0,0.643,0.744,0.494,0.605,0.682,0.502,0.659,0.5,0.71,0.659,0.537,0.53,0.506,0.724,0.725,0.509,0.536
0.478,0.456,1.0,0.397,0.442,0.432,0.419,0.415,0.461,0.403,0.428,0.422,0.431,0.398,0.404,0.422,0.452,0.426,0.421,0.419,0.429,0.422,0.433,0.416,0.443,0.43,0.424,0.41,0.448,0.474,0.4,0.435,0.0,0.433,0.384,0.408,0.419,0.431,0.422,0.429,0.41,0.432,0.444,0.428,0.416,0.417,0.448,0.448,0.413,0.449
0.492,0.5,0.397,1.0,0.497,0.51,0.491,0.741,0.505,0.757,0.503,0.761,0.493,0.815,0.8,0.495,0.512,0.494,0.5,0.483,0.484,0.499,0.501,0.498,0.507,0.505,0.497,0.797,0.536,0.481,0.761,0.501,0.0,0.496,0.483,0.66,0.485,0.507,0.703,0.495,0.781,0.495,0.481,0.776,0.764,0.489,0.494,0.494,0.7,0.559
0.544,0.68,0.442,0.497,1.0,0.685,0.625,0.525,0.532,0.521,0.792,0.531,0.717,0.507,0.522,0.629,0.684,0.719,0.718,0.623,0.718,0.713,0.721,0.665,0.677,0.662,0.728,0.515,0.557,0.557,0.504,0.721,0.0,0.72,0.632,0.504,0.624,0.75,0.521,0.74,0.516,0.681,0.748,0.515,0.514,0.516,0.695,0.694,0.512,0.542
0.539,0.79,0.432,0.51,0.685,1.0,0.616,0.511,0.541,0.511,0.67,0.513,0.67,0.515,0.509,0.621,0.763,0.66,0.669,0.609,0.636,0.663,0.658,0.808,0.827,0.745,0.659,0.517,0.569,0.531,0.488,0.656,0.0,0.681,0.782,0.503,0.611,0.673,0.523,0.675,0.497,0.72,0.651,0.505,0.498,0.492,0.745,0.745,0.502,0.559
0.536,0.604,0.419,0.491,0.625,0.616,1.0,0.491,0.527,0.482,0.604,0.498,0.587,0.493,0.496,0.957,0.62,0.662,0.638,0.985,0.656,0.614,0.642,0.598,0.611,0.609,0.604,0.484,0.512,0.539,0.479,0.603,0.0,0.61,0.582,0.52,0.986,0.606,0.514,0.612,0.485,0.613,0.613,0.492,0.486,0.481,0.598,0.598,0.484,0.527
0.514,0.506,0.415,0.741,0.525,0.511,0.491,1.0,0.486,0.741,0.492,0.751,0.487,0.739,0.739,0.488,0.497,0.501,0.499,0.489,0.484,0.495,0.507,0.49,0.497,0.489,0.499,0.895,0.536,0.489,0.74,0.508,0.0,0.495,0.456,0.661,0.491,0.52,0.723,0.498,0.757,0.497,0.509,0.908,0.9,0.508,0.489,0.489,0.707,0.534
0.64,0.523,0.461,0.505,0.532,0.541,0.527,0.486,1.0,0.516,0.567,0.488,0.558,0.502,0.494,0.537,0.535,0.539,0.53,0.523,0.523,0.538,0.534,0.548,0.531,0.553,0.544,0.51,0.585,0.643,0.484,0.521,0.0,0.544,0.53,0.497,0.523,0.54,0.497,0.551,0.49,0.539,0.544,0.491,0.484,0.514,0.546,0.546,0.484,0.589
0.529,0.52,0.403,0.757,0.521,0.511,0.482,0.741,0.516,1.0,0.515,0.737,0.503,0.761,0.747,0.494,0.512,0.496,0.501,0.475,0.485,0.501,0.495,0.5,0.508,0.503,0.508,0.767,0.539,0.492,0.774,0.488,0.0,0.503,0.475,0.662,0.477,0.512,0.721,0.509,0.783,0.494,0.49,0.751,0.754,0.499,0.503,0.503,0.716,0.537
0.529,0.642,0.428,0.503,0.792,0.67,0.604,0.492,0.567,0.515,1.0,0.499,0.779,0.513,0.502,0.621,0.666,0.71,0.717,0.597,0.699,0.729,0.711,0.713,0.657,0.678,0.729,0.51,0.561,0.541,0.489,0.702,0.0,0.724,0.691,0.502,0.598,0.722,0.499,0.757,0.492,0.672,0.72,0.486,0.485,0.492,0.676,0.675,0.494,0.554
0.523,0.538,0.422,0.761,0.531,0.513,0.498,0.751,0.488,0.737,0.499,1.0,0.496,0.764,0.862,0.497,0.513,0.502,0.499,0.495,0.504,0.503,0.514,0.502,0.512,0.506,0.501,0.753,0.539,0.498,0.734,0.512,0.0,0.51,0.477,0.654,0.496,0.52,0.726,0.495,0.765,0.498,0.51,0.768,0.775,0.503,0.503,0.503,0.706,0.534
0.526,0.643,0.431,0.493,0.717,0.67,0.587,0.487,0.558,0.503,0.779,0.496,1.0,0.495,0.498,0.599,0.675,0.72,0.747,0.582,0.729,0.79,0.772,0.707,0.647,0.677,0.768,0.509,0.556,0.531,0.481,0.717,0.0,0.787,0.676,0.482,0.583,0.751,0.485,0.776,0.483,0.659,0.745,0.486,0.478,0.488,0.674,0.673,0.483,0.551
0.5,0.498,0.398,0.815,0.507,0.515,0.493,0.739,0.502,0.761,0.513,0.764,0.495,1.0,0.795,0.499,0.505,0.502,0.506,0.486,0.482,0.502,0.493,0.491,0.502,0.503,0.503,0.789,0.546,0.485,0.751,0.501,0.0,0.494,0.481,0.651,0.487,0.514,0.717,0.502,0.77,0.501,0.487,0.764,0.752,0.5,0.499,0.499,0.714,0.55
0.489,0.506,0.404,0.8,0.522,0.509,0.496,0.739,0.494,0.747,0.502,0.862,0.498,0.795,1.0,0.492,0.511,0.504,0.498,0.49,0.496,0.502,0.512,0.489,0.507,0.502,0.498,0.76,0.529,0.494,0.759,0.507,0.0,0.499,0.476,0.649,0.491,0.523,0.734,0.503,0.782,0.499,0.502,0.759,0.751,0.508,0.51,0.51,0.718,0.557
0.539,0.607,0.422,0.495,0.629,0.621,0.957,0.488,0.537,0.494,0.621,0.497,0.599,0.499,0.492,1.0,0.632,0.641,0.644,0.953,0.632,0.625,0.63,0.607,0.619,0.617,0.611,0.492,0.526,0.54,0.478,0.594,0.0,0.615,0.589,0.515,0.952,0.613,0.513,0.62,0.486,0.619,0.607,0.487,0.484,0.482,0.612,0.612,0.492,0.535
0.54,0.757,0.452,0.512,0.684,0.763,0.62,0.497,0.535,0.512,0.666,0.513,0.675,0.505,0.511,0.632,1.0,0.663,0.669,0.614,0.664,0.684,0.677,0.762,0.771,0.768,0.67,0.508,0.553,0.532,0.488,0.689,0.0,0.692,0.718,0.502,0.612,0.68,0.507,0.68,0.497,0.723,0.677,0.508,0.508,0.489,0.752,0.753,0.5,0.547
0.54,0.653,0.426,0.494,0.719,0.66,0.662,0.501,0.539,0.496,0.71,0.502,0.72,0.502,0.504,0.641,0.663,1.0,0.783,0.659,0.765,0.767,0.782,0.652,0.641,0.644,0.748,0.493,0.52,0.547,0.487,0.723,0.0,0.748,0.612,0.532,0.658,0.73,0.517,0.742,0.493,0.686,0.74,0.5,0.495,0.492,0.674,0.675,0.486,0.541
0.529,0.644,0.421,0.5,0.718,0.669,0.638,0.499,0.53,0.501,0.717,0.499,0.747,0.506,0.498,0.644,0.669,0.783,1.0,0.63,0.757,0.771,0.758,0.655,0.653,0.652,0.761,0.506,0.533,0.534,0.483,0.717,0.0,0.75,0.639,0.513,0.631,0.736,0.502,0.757,0.491,0.668,0.725,0.497,0.487,0.48,0.663,0.663,0.492,0.541
0.534,0.603,0.419,0.483,0.623,0.609,0.985,0.489,0.523,0.475,0.597,0.495,0.582,0.486,0.49,0.953,0.614,0.659,0.63,1.0,0.648,0.607,0.636,0.589,0.607,0.602,0.598,0.476,0.508,0.535,0.473,0.602,0.0,0.602,0.573,0.519,0.992,0.6,0.51,0.606,0.481,0.607,0.613,0.489,0.484,0.481,0.593,0.593,0.478,0.521
0.526,0.639,0.429,0.484,0.718,0.636,0.656,0.484,0.523,0.485,0.699,0.504,0.729,0.482,0.496,0.632,0.664,0.765,0.757,0.648,1.0,0.759,0.778,0.637,0.634,0.645,0.75,0.484,0.509,0.539,0.475,0.723,0.0,0.757,0.611,0.512,0.648,0.74,0.496,0.744,0.486,0.655,0.752,0.492,0.488,0.483,0.666,0.666,0.483,0.526
0.523,0.636,0.422,0.499,0.713,0.663,0.614,0.495,0.538,0.501,0.729,0.503,0.79,0.502,0.502,0.625,0.684,0.767,0.771,0.607,0.759,1.0,0.914,0.656,0.653,0.655,0.77,0.509,0.526,0.535,0.482,0.735,0.0,0.887,0.628,0.502,0.607,0.751,0.5,0.774,0.485,0.664,0.766,0.495,0.49,0.486,0.671,0.67,0.492,0.548
0.547,0.65,0.433,0.501,0.721,0.658,0.642,0.507,0.534,0.495,0.711,0.514,0.772,0.493,0.512,0.63,0.677,0.782,0.758,0.636,0.778,0.914,1.0,0.643,0.649,0.648,0.764,0.501,0.518,0.539,0.487,0.75,0.0,0.869,0.612,0.519,0.639,0.75,0.514,0.757,0.495,0.662,0.77,0.509,0.506,0.492,0.661,0.661,0.489,0.535
0.527,0.79,0.416,0.498,0.665,0.808,0.598,0.49,0.548,0.5,0.713,0.502,0.707,0.491,0.489,0.607,0.762,0.652,0.655,0.589,0.637,0.656,0.643,1.0,0.812,0.767,0.658,0.501,0.549,0.518,0.476,0.644,0.0,0.66,0.834,0.484,0.591,0.646,0.485,0.663,0.485,0.717,0.637,0.484,0.486,0.473,0.724,0.724,0.479,0.543
0.541,0.82,0.443,0.507,0.677,0.827,0.611,0.497,0.531,0.508,0.657,0.512,0.647,0.502,0.507,0.619,0.771,0.641,0.653,0.607,0.634,0.653,0.649,0.812,1.0,0.769,0.657,0.5,0.542,0.526,0.485,0.669,0.0,0.649,0.781,0.479,0.607,0.669,0.502,0.661,0.496,0.716,0.654,0.515,0.502,0.493,0.731,0.731,0.517,0.535
0.53,0.735,0.43,0.505,0.662,0.745,0.609,0.489,0.553,0.503,0.678,0.506,0.677,0.503,0.502,0.617,0.768,0.644,0.652,0.602,0.645,0.655,0.648,0.767,0.769,1.0,0.653,0.5,0.549,0.524,0.48,0.635,0.0,0.65,0.733,0.491,0.602,0.656,0.495,0.676,0.488,0.71,0.629,0.507,0.486,0.478,0.738,0.739,0.507,0.55
0.53,0.652,0.424,0.497,0.728,0.659,0.604,0.499,0.544,0.508,0.729,0.501,0.768,0.503,0.498,0.611,0.67,0.748,0.761,0.598,0.75,0.77,0.764,0.658,0.657,0.653,1.0,0.507,0.534,0.526,0.493,0.747,0.0,0.771,0.623,0.501,0.599,0.828,0.487,0.785,0.501,0.676,0.828,0.506,0.49,0.499,0.67,0.67,0.499,0.55
0.497,0.502,0.41,0.797,0.515,0.517,0.484,0.895,0.51,0.767,0.51,0.753,0.509,0.789,0.76,0.492,0.508,0.493,0.506,0.476,0.484,0.509,0.501,0.501,0.5,0.5,0.507,1.0,0.543,0.488,0.752,0.495,0.0,0.506,0.474,0.652,0.477,0.524,0.707,0.503,0.773,0.491,0.496,0.947,0.927,0.499,0.502,0.502,0.725,0.549
0.571,0.533,0.448,0.536,0.557,0.569,0.512,0.536,0.585,0.539,0.561,0.539,0.556,0.546,0.529,0.526,0.553,0.52,0.533,0.508,0.509,0.526,0.518,0.549,0.542,0.549,0.534,0.543,1.0,0.545,0.52,0.518,0.0,0.532,0.531,0.518,0.508,0.539,0.529,0.545,0.521,0.523,0.522,0.523,0.521,0.587,0.536,0.535,0.518,0.836
0.633,0.54,0.474,0.481,0.557,0.531,0.539,0.489,0.643,0.492,0.541,0.498,0.531,0.485,0.494,0.54,0.532,0.547,0.534,0.535,0.539,0.535,0.539,0.518,0.526,0.524,0.526,0.488,0.545,1.0,0.477,0.527,0.0,0.534,0.499,0.509,0.536,0.539,0.489,0.547,0.491,0.544,0.543,0.492,0.484,0.548,0.546,0.547,0.481,0.56
0.483,0.492,0.4,0.761,0.504,0.488,0.479,0.74,0.484,0.774,0.489,0.734,0.481,0.751,0.759,0.478,0.488,0.487,0.483,0.473,0.475,0.482,0.487,0.476,0.485,0.48,0.493,0.752,0.52,0.477,1.0,0.485,0.0,0.485,0.449,0.655,0.474,0.496,0.704,0.486,0.899,0.488,0.482,0.746,0.735,0.493,0.481,0.481,0.706,0.524
0.53,0.669,0.435,0.501,0.721,0.656,0.603,0.508,0.521,0.488,0.702,0.512,0.717,0.501,0.507,0.594,0.689,0.723,0.717,0.602,0.723,0.735,0.75,0.644,0.669,0.635,0.747,0.495,0.518,0.527,0.485,1.0,0.0,0.732,0.605,0.505,0.6,0.75,0.505,0.749,0.493,0.677,0.762,0.509,0.513,0.499,0.676,0.678,0.489,0.519
0.0,0.0,0.0,0.0,0.0,0.0,0.0,0.0,0.0,0.0,0.0,0.0,0.0,0.0,0.0,0.0,0.0,0.0,0.0,0.0,0.0,0.0,0.0,0.0,0.0,0.0,0.0,0.0,0.0,0.0,0.0,0.0,1.0,0.0,0.0,0.0,0.0,0.0,0.0,0.0,0.0,0.0,0.0,0.0,0.0,0.0,0.0,0.0,0.0,0.0
0.531,0.643,0.433,0.496,0.72,0.681,0.61,0.495,0.544,0.503,0.724,0.51,0.787,0.494,0.499,0.615,0.692,0.748,0.75,0.602,0.757,0.887,0.869,0.66,0.649,0.65,0.771,0.506,0.532,0.534,0.485,0.732,0.0,1.0,0.623,0.518,0.604,0.754,0.504,0.771,0.492,0.662,0.769,0.495,0.494,0.483,0.677,0.677,0.485,0.542
0.492,0.744,0.384,0.483,0.632,0.782,0.582,0.456,0.53,0.475,0.691,0.477,0.676,0.481,0.476,0.589,0.718,0.612,0.639,0.573,0.611,0.628,0.612,0.834,0.781,0.733,0.623,0.474,0.531,0.499,0.449,0.605,0.0,0.623,1.0,0.459,0.577,0.621,0.463,0.642,0.456,0.677,0.614,0.457,0.454,0.46,0.692,0.691,0.461,0.522
0.501,0.494,0.408,0.66,0.504,0.503,0.52,0.661,0.497,0.662,0.502,0.654,0.482,0.651,0.649,0.515,0.502,0.532,0.513,0.519,0.512,0.502,0.519,0.484,0.479,0.491,0.501,0.652,0.518,0.509,0.655,0.505,0.0,0.518,0.459,1.0,0.518,0.483,0.701,0.509,0.673,0.507,0.499,0.669,0.662,0.491,0.488,0.488,0.641,0.525
0.537,0.605,0.419,0.485,0.624,0.611,0.986,0.491,0.523,0.477,0.598,0.496,0.583,0.487,0.491,0.952,0.612,0.658,0.631,0.992,0.648,0.607,0.639,0.591,0.607,0.602,0.599,0.477,0.508,0.536,0.474,0.6,0.0,0.604,0.577,0.518,1.0,0.601,0.513,0.606,0.482,0.608,0.614,0.49,0.484,0.482,0.593,0.593,0.479,0.521
0.561,0.682,0.431,0.507,0.75,0.673,0.606,0.52,0.54,0.512,0.722,0.52,0.751,0.514,0.523,0.613,0.68,0.73,0.736,0.6,0.74,0.751,0.75,0.646,0.669,0.656,0.828,0.524,0.539,0.539,0.496,0.75,0.0,0.754,0.621,0.483,0.601,1.0,0.511,0.767,0.507,0.685,0.856,0.52,0.507,0.507,0.691,0.691,0.514,0.548
0.509,0.502,0.422,0.703,0.521,0.523,0.514,0.723,0.497,0.721,0.499,0.726,0.485,0.717,0.734,0.513,0.507,0.517,0.502,0.51,0.496,0.5,0.514,0.485,0.502,0.495,0.487,0.707,0.529,0.489,0.704,0.505,0.0,0.504,0.463,0.701,0.513,0.511,1.0,0.5,0.714,0.508,0.505,0.722,0.718,0.496,0.499,0.499,0.691,0.524
0.532,0.659,0.429,0.495,0.74,0.675,0.612,0.498,0.551,0.509,0.757,0.495,0.776,0.502,0.503,0.62,0.68,0.742,0.757,0.606,0.744,0.774,0.757,0.663,0.661,0.676,0.785,0.503,0.545,0.547,0.486,0.749,0.0,0.771,0.642,0.509,0.606,0.767,0.5,1.0,0.489,0.671,0.768,0.492,0.49,0.493,0.696,0.695,0.491,0.562
0.499,0.5,0.41,0.781,0.516,0.497,0.485,0.757,0.49,0.783,0.492,0.765,0.483,0.77,0.782,0.486,0.497,0.493,0.491,0.481,0.486,0.485,0.495,0.485,0.496,0.488,0.501,0.773,0.521,0.491,0.899,0.493,0.0,0.492,0.456,0.673,0.482,0.507,0.714,0.489,1.0,0.501,0.489,0.779,0.769,0.498,0.486,0.486,0.717,0.527
0.532,0.71,0.432,0.495,0.681,0.72,0.613,0.497,0.539,0.494,0.672,0.498,0.659,0.501,0.499,0.619,0.723,0.686,0.668,0.607,0.655,0.664,0.662,0.717,0.716,0.71,0.676,0.491,0.523,0.544,0.488,0.677,0.0,0.662,0.677,0.507,0.608,0.685,0.508,0.671,0.501,1.0,0.693,0.493,0.484,0.484,0.749,0.75,0.492,0.529
0.545,0.659,0.444,0.481,0.748,0.651,0.613,0.509,0.544,0.49,0.72,0.51,0.745,0.487,0.502,0.607,0.677,0.74,0.725,0.613,0.752,0.766,0.77,0.637,0.654,0.629,0.828,0.496,0.522,0.543,0.482,0.762,0.0,0.769,0.614,0.499,0.614,0.856,0.505,0.768,0.489,0.693,1.0,0.504,0.494,0.506,0.673,0.673,0.486,0.534
0.508,0.537,0.428,0.776,0.515,0.505,0.492,0.908,0.491,0.751,0.486,0.768,0.486,0.764,0.759,0.487,0.508,0.5,0.497,0.489,0.492,0.495,0.509,0.484,0.515,0.507,0.506,0.947,0.523,0.492,0.746,0.509,0.0,0.495,0.457,0.669,0.49,0.52,0.722,0.492,0.779,0.493,0.504,1.0,0.957,0.516,0.496,0.496,0.738,0.53
0.516,0.53,0.416,0.764,0.514,0.498,0.486,0.9,0.484,0.754,0.485,0.775,0.478,0.752,0.751,0.484,0.508,0.495,0.487,0.484,0.488,0.49,0.506,0.486,0.502,0.486,0.49,0.927,0.521,0.484,0.735,0.513,0.0,0.494,0.454,0.662,0.484,0.507,0.718,0.49,0.769,0.484,0.494,0.957,1.0,0.512,0.493,0.493,0.717,0.525
0.532,0.506,0.417,0.489,0.516,0.492,0.481,0.508,0.514,0.499,0.492,0.503,0.488,0.5,0.508,0.482,0.489,0.492,0.48,0.481,0.483,0.486,0.492,0.473,0.493,0.478,0.499,0.499,0.587,0.548,0.493,0.499,0.0,0.483,0.46,0.491,0.482,0.507,0.496,0.493,0.498,0.484,0.506,0.516,0.512,1.0,0.517,0.518,0.494,0.636
0.532,0.724,0.448,0.494,0.695,0.745,0.598,0.489,0.546,0.503,0.676,0.503,0.674,0.499,0.51,0.612,0.752,0.674,0.663,0.593,0.666,0.671,0.661,0.724,0.731,0.738,0.67,0.502,0.536,0.546,0.481,0.676,0.0,0.677,0.692,0.488,0.593,0.691,0.499,0.696,0.486,0.749,0.673,0.496,0.493,0.517,1.0,0.998,0.494,0.553
0.532,0.725,0.448,0.494,0.694,0.745,0.598,0.489,0.546,0.503,0.675,0.503,0.673,0.499,0.51,0.612,0.753,0.675,0.663,0.593,0.666,0.67,0.661,0.724,0.731,0.739,0.67,0.502,0.535,0.547,0.481,0.678,0.0,0.677,0.691,0.488,0.593,0.691,0.499,0.695,0.486,0.75,0.673,0.496,0.493,0.518,0.998,1.0,0.494,0.552
0.486,0.509,0.413,0.7,0.512,0.502,0.484,0.707,0.484,0.716,0.494,0.706,0.483,0.714,0.718,0.492,0.5,0.486,0.492,0.478,0.483,0.492,0.489,0.479,0.517,0.507,0.499,0.725,0.518,0.481,0.706,0.489,0.0,0.485,0.461,0.641,0.479,0.514,0.691,0.491,0.717,0.492,0.486,0.738,0.717,0.494,0.494,0.494,1.0,0.53
0.583,0.536,0.449,0.559,0.542,0.559,0.527,0.534,0.589,0.537,0.554,0.534,0.551,0.55,0.557,0.535,0.547,0.541,0.541,0.521,0.526,0.548,0.535,0.543,0.535,0.55,0.55,0.549,0.836,0.56,0.524,0.519,0.0,0.542,0.522,0.525,0.521,0.548,0.524,0.562,0.527,0.529,0.534,0.53,0.525,0.636,0.553,0.552,0.53,1.0
