GCF_000163235.1_ASM16323v1_genomic.fna,GCF_000164555.1_ASM16455v1_genomic.fna,GCF_000208545.1_ASM20854v2_genomic.fna,GCF_000233875.1_ASM23387v1_genomic.fna,GCF_000249735.1_ASM24973v2_genomic.fna,GCF_000261145.1_Esch_coli_M919_V2_genomic.fna,GCF_000267705.2_ASM26770v2_genomic.fna,GCF_000350665.1_Esch_coli_KTE5_V1_genomic.fna,GCF_000351625.1_Esch_coli_KTE66_V1_genomic.fna,GCF_000352285.1_Esch_coli_KTE46_V1_genomic.fna,GCF_000358895.1_ASM35889v1_genomic.fna,GCF_000456385.1_Esch_coli_HVH_26_4-5703913_V1_genomic.fna,GCF_000458195.1_Esch_coli_HVH_147_4-5893887_V1_genomic.fna,GCF_000459755.1_Esch_coli_KOEGE_58_171a_V1_genomic.fna,GCF_000460055.1_Esch_coli_UMEA_3053-1_V1_genomic.fna,GCF_000462165.2_ASM46216v2_genomic.fna,GCF_000601135.1_ASM60113v1_genomic.fna,GCF_000614595.1_Ec2010EL1058_genomic.fna,GCF_000617745.1_Ec2010C-4529_genomic.fna,GCF_000618265.2_EcF6751_genomic.fna,GCF_000619005.2_Ec2009C-4052_genomic.fna,GCF_000619105.1_Ec2009C-4780_genomic.fna,GCF_000619765.2_Ec2009C-3279_genomic.fna,GCF_000687005.1_ASM68700v1_genomic.fna,GCF_000687025.1_ASM68702v1_genomic.fna,GCF_000700125.1_ASM70012v1_genomic.fna,GCF_000753315.1_FHI35_genomic.fna,GCF_000776375.1_ASM77637v1_genomic.fna,GCF_000779395.1_ASM77939v1_genomic.fna,GCF_000780315.1_ASM78031v1_genomic.fna,GCF_000781995.1_ASM78199v1_genomic.fna,GCF_000986765.1_ASM98676v1_genomic.fna,GCF_001041375.1_ViralProj287958_genomic.fna,GCF_001265335.1_302014_genomic.fna,GCF_001265625.1_100854_genomic.fna,GCF_001267345.1_303289_genomic.fna,GCF_001309985.1_ASM130998v1_genomic.fna,GCF_001521695.1_ASM152169v1_genomic.fna,GCF_001592595.1_ASM159259v1_genomic.fna,GCF_001614975.1_ASM161497v1_genomic.fna,GCF_001692775.1_ASM169277v1_genomic.fna,GCF_001748915.1_ASM174891v1_genomic.fna,GCF_001749235.1_ASM174923v1_genomic.fna,GCF_001881155.1_ASM188115v1_genomic.fna,GCF_001881345.1_ASM188134v1_genomic.fna,GCF_001892405.1_ASM189240v1_genomic.fna,GCF_001892585.1_ASM189258v1_genomic.fna,GCF_001893985.1_ASM189398v1_genomic.fna,GCF_002001595.1_ASM200159v1_genomic.fna,GCF_002002145.1_ASM200214v1_genomic.fna
1.0,0.899,0.895,0.899,0.903,0.898,0.894,0.885,0.921,0.894,0.891,0.892,0.898,0.89,0.89,0.901,0.903,0.91,0.901,0.89,0.891,0.906,0.906,0.908,0.9,0.901,0.895,0.893,0.903,0.905,0.877,0.893,0.02,0.901,0.905,0.893,0.891,0.907,0.887,0.902,0.894,0.887,0.906,0.891,0.895,0.876,0.891,0.891,0.895,0.909
0.899,1.0,0.908,0.9,0.917,0.942,0.913,0.897,0.895,0.889,0.88,0.903,0.897,0.898,0.902,0.914,0.921,0.921,0.907,0.912,0.92,0.91,0.917,0.933,0.948,0.92,0.908,0.891,0.91,0.892,0.894,0.923,0.019,0.905,0.917,0.888,0.912,0.923,0.897,0.908,0.895,0.932,0.911,0.899,0.901,0.889,0.925,0.927,0.893,0.901
0.895,0.908,1.0,0.878,0.878,0.892,0.899,0.88,0.888,0.866,0.854,0.887,0.872,0.875,0.881,0.902,0.885,0.892,0.885,0.898,0.902,0.883,0.887,0.887,0.901,0.88,0.88,0.876,0.9,0.892,0.878,0.888,0.016,0.879,0.875,0.882,0.897,0.888,0.892,0.874,0.872,0.892,0.881,0.882,0.884,0.887,0.895,0.898,0.872,0.891
0.899,0.9,0.878,1.0,0.904,0.896,0.879,0.935,0.902,0.939,0.88,0.936,0.902,0.952,0.949,0.885,0.906,0.9,0.902,0.875,0.889,0.897,0.9,0.896,0.899,0.9,0.899,0.952,0.904,0.887,0.938,0.898,0.016,0.902,0.894,0.928,0.876,0.905,0.921,0.899,0.952,0.896,0.901,0.948,0.948,0.874,0.898,0.896,0.936,0.914
0.903,0.917,0.878,0.904,1.0,0.929,0.903,0.891,0.903,0.894,0.913,0.903,0.92,0.903,0.897,0.907,0.923,0.933,0.925,0.9,0.933,0.926,0.934,0.916,0.926,0.918,0.937,0.895,0.908,0.899,0.895,0.932,0.024,0.928,0.908,0.894,0.9,0.936,0.897,0.931,0.905,0.922,0.931,0.898,0.899,0.881,0.938,0.938,0.903,0.9
0.898,0.942,0.892,0.896,0.929,1.0,0.912,0.895,0.899,0.888,0.887,0.897,0.91,0.899,0.897,0.914,0.926,0.934,0.918,0.91,0.922,0.923,0.933,0.931,0.951,0.929,0.925,0.89,0.909,0.895,0.893,0.937,0.02,0.923,0.93,0.896,0.911,0.927,0.906,0.926,0.893,0.936,0.925,0.897,0.895,0.877,0.935,0.937,0.894,0.899
0.894,0.913,0.899,0.879,0.903,0.912,1.0,0.888,0.896,0.869,0.872,0.893,0.888,0.877,0.882,0.983,0.897,0.911,0.904,0.992,0.92,0.905,0.914,0.9,0.909,0.893,0.896,0.879,0.909,0.892,0.885,0.915,0.019,0.897,0.893,0.882,0.994,0.906,0.891,0.898,0.878,0.91,0.9,0.885,0.886,0.892,0.906,0.909,0.878,0.896
0.885,0.897,0.88,0.935,0.891,0.895,0.888,1.0,0.901,0.921,0.864,0.931,0.884,0.928,0.93,0.889,0.889,0.9,0.894,0.885,0.895,0.887,0.893,0.89,0.899,0.883,0.889,0.969,0.906,0.886,0.932,0.893,0.018,0.883,0.882,0.921,0.885,0.898,0.922,0.884,0.93,0.892,0.886,0.972,0.968,0.881,0.89,0.891,0.917,0.9
0.921,0.895,0.888,0.902,0.903,0.899,0.896,0.901,1.0,0.896,0.88,0.898,0.898,0.897,0.89,0.9,0.904,0.911,0.905,0.895,0.894,0.906,0.908,0.897,0.89,0.896,0.906,0.901,0.906,0.917,0.888,0.902,0.021,0.901,0.893,0.906,0.896,0.909,0.902,0.9,0.899,0.897,0.907,0.9,0.901,0.893,0.903,0.903,0.903,0.925
0.894,0.889,0.866,0.939,0.894,0.888,0.869,0.921,0.896,1.0,0.885,0.922,0.896,0.928,0.924,0.876,0.89,0.89,0.892,0.865,0.874,0.895,0.887,0.9,0.887,0.9,0.888,0.933,0.889,0.879,0.922,0.883,0.019,0.893,0.892,0.912,0.868,0.897,0.918,0.895,0.936,0.882,0.89,0.926,0.932,0.871,0.885,0.884,0.929,0.901
0.891,0.88,0.854,0.88,0.913,0.887,0.872,0.864,0.88,0.885,1.0,0.869,0.928,0.871,0.868,0.876,0.897,0.911,0.911,0.871,0.892,0.917,0.908,0.91,0.888,0.907,0.907,0.873,0.872,0.875,0.856,0.899,0.021,0.911,0.906,0.876,0.871,0.911,0.87,0.921,0.871,0.886,0.909,0.867,0.866,0.847,0.893,0.892,0.88,0.876
0.892,0.903,0.887,0.936,0.903,0.897,0.893,0.931,0.898,0.922,0.869,1.0,0.89,0.941,0.956,0.899,0.898,0.902,0.896,0.89,0.903,0.893,0.903,0.886,0.907,0.891,0.894,0.93,0.908,0.886,0.927,0.901,0.019,0.893,0.881,0.911,0.892,0.898,0.926,0.885,0.934,0.903,0.895,0.935,0.937,0.898,0.895,0.897,0.918,0.907
0.898,0.897,0.872,0.902,0.92,0.91,0.888,0.884,0.898,0.896,0.928,0.89,1.0,0.89,0.887,0.891,0.916,0.928,0.935,0.885,0.911,0.945,0.939,0.922,0.907,0.922,0.936,0.891,0.891,0.896,0.875,0.928,0.02,0.941,0.925,0.897,0.887,0.934,0.886,0.943,0.884,0.913,0.934,0.887,0.884,0.861,0.918,0.917,0.894,0.893
0.89,0.898,0.875,0.952,0.903,0.899,0.877,0.928,0.897,0.928,0.871,0.941,0.89,1.0,0.949,0.885,0.901,0.905,0.896,0.875,0.887,0.892,0.899,0.888,0.898,0.893,0.895,0.938,0.904,0.885,0.935,0.896,0.02,0.9,0.889,0.924,0.877,0.899,0.924,0.892,0.947,0.894,0.897,0.942,0.942,0.882,0.895,0.893,0.926,0.91
0.89,0.902,0.881,0.949,0.897,0.897,0.882,0.93,0.89,0.924,0.868,0.956,0.887,0.949,1.0,0.893,0.895,0.895,0.89,0.879,0.893,0.889,0.897,0.886,0.902,0.888,0.888,0.933,0.906,0.88,0.94,0.898,0.018,0.891,0.886,0.915,0.881,0.897,0.928,0.884,0.947,0.895,0.892,0.939,0.937,0.885,0.898,0.898,0.925,0.906
0.901,0.914,0.902,0.885,0.907,0.914,0.983,0.889,0.9,0.876,0.876,0.899,0.891,0.885,0.893,1.0,0.904,0.913,0.906,0.979,0.918,0.906,0.915,0.901,0.914,0.897,0.9,0.882,0.913,0.898,0.89,0.916,0.019,0.898,0.895,0.886,0.981,0.909,0.895,0.9,0.884,0.914,0.904,0.888,0.89,0.886,0.911,0.914,0.884,0.902
0.903,0.921,0.885,0.906,0.923,0.926,0.897,0.889,0.904,0.89,0.897,0.898,0.916,0.901,0.895,0.904,1.0,0.922,0.917,0.895,0.913,0.927,0.928,0.931,0.931,0.936,0.927,0.896,0.9,0.891,0.88,0.926,0.019,0.926,0.919,0.903,0.895,0.921,0.897,0.924,0.894,0.919,0.925,0.893,0.896,0.869,0.931,0.931,0.897,0.903
0.91,0.921,0.892,0.9,0.933,0.934,0.911,0.9,0.911,0.89,0.911,0.902,0.928,0.905,0.895,0.913,0.922,1.0,0.945,0.909,0.933,0.944,0.951,0.929,0.923,0.922,0.939,0.899,0.912,0.904,0.89,0.934,0.019,0.932,0.915,0.905,0.908,0.935,0.902,0.932,0.896,0.927,0.937,0.901,0.9,0.88,0.926,0.926,0.894,0.91
0.901,0.907,0.885,0.902,0.925,0.918,0.904,0.894,0.905,0.892,0.911,0.896,0.935,0.896,0.89,0.906,0.917,0.945,1.0,0.901,0.931,0.945,0.942,0.921,0.918,0.926,0.935,0.898,0.903,0.901,0.882,0.931,0.02,0.939,0.914,0.9,0.901,0.934,0.89,0.933,0.891,0.918,0.937,0.895,0.893,0.871,0.919,0.918,0.896,0.906
0.89,0.912,0.898,0.875,0.9,0.91,0.992,0.885,0.895,0.865,0.871,0.89,0.885,0.875,0.879,0.979,0.895,0.909,0.901,1.0,0.919,0.903,0.911,0.898,0.909,0.893,0.894,0.876,0.907,0.891,0.883,0.912,0.021,0.894,0.89,0.882,0.995,0.904,0.889,0.896,0.876,0.908,0.898,0.883,0.883,0.895,0.904,0.907,0.875,0.895
0.891,0.92,0.902,0.889,0.933,0.922,0.92,0.895,0.894,0.874,0.892,0.903,0.911,0.887,0.893,0.918,0.913,0.933,0.931,0.919,1.0,0.931,0.941,0.912,0.927,0.912,0.926,0.891,0.915,0.896,0.895,0.937,0.02,0.923,0.903,0.891,0.917,0.926,0.898,0.924,0.886,0.922,0.923,0.898,0.897,0.893,0.933,0.936,0.887,0.901
0.906,0.91,0.883,0.897,0.926,0.923,0.905,0.887,0.906,0.895,0.917,0.893,0.945,0.892,0.889,0.906,0.927,0.944,0.945,0.903,0.931,1.0,0.972,0.93,0.917,0.926,0.937,0.894,0.899,0.897,0.881,0.936,0.022,0.968,0.919,0.899,0.904,0.938,0.895,0.938,0.891,0.918,0.947,0.89,0.889,0.875,0.923,0.923,0.895,0.902
0.906,0.917,0.887,0.9,0.934,0.933,0.914,0.893,0.908,0.887,0.908,0.903,0.939,0.899,0.897,0.915,0.928,0.951,0.942,0.911,0.941,0.972,1.0,0.922,0.929,0.921,0.939,0.896,0.907,0.901,0.886,0.942,0.022,0.96,0.917,0.9,0.911,0.937,0.897,0.933,0.896,0.926,0.939,0.898,0.897,0.878,0.928,0.927,0.893,0.907
0.908,0.933,0.887,0.896,0.916,0.931,0.9,0.89,0.897,0.9,0.91,0.886,0.922,0.888,0.886,0.901,0.931,0.929,0.921,0.898,0.912,0.93,0.922,1.0,0.934,0.94,0.928,0.893,0.896,0.896,0.875,0.926,0.019,0.924,0.944,0.893,0.898,0.927,0.885,0.931,0.887,0.922,0.923,0.889,0.886,0.87,0.923,0.922,0.901,0.898
0.9,0.948,0.901,0.899,0.926,0.951,0.909,0.899,0.89,0.887,0.888,0.907,0.907,0.898,0.902,0.914,0.931,0.923,0.918,0.909,0.927,0.917,0.929,0.934,1.0,0.927,0.918,0.892,0.911,0.891,0.892,0.936,0.021,0.911,0.936,0.895,0.908,0.924,0.904,0.915,0.892,0.929,0.918,0.899,0.898,0.887,0.929,0.932,0.893,0.902
0.901,0.92,0.88,0.9,0.918,0.929,0.893,0.883,0.896,0.9,0.907,0.891,0.922,0.893,0.888,0.897,0.936,0.922,0.926,0.893,0.912,0.926,0.921,0.94,0.927,1.0,0.921,0.89,0.896,0.892,0.876,0.918,0.019,0.922,0.923,0.903,0.891,0.924,0.885,0.933,0.885,0.921,0.924,0.888,0.888,0.87,0.926,0.925,0.901,0.897
0.895,0.908,0.88,0.899,0.937,0.925,0.896,0.889,0.906,0.888,0.907,0.894,0.936,0.895,0.888,0.9,0.927,0.939,0.935,0.894,0.926,0.937,0.939,0.928,0.918,0.921,1.0,0.892,0.901,0.897,0.882,0.941,0.023,0.934,0.911,0.896,0.894,0.951,0.893,0.946,0.895,0.924,0.95,0.889,0.887,0.869,0.921,0.921,0.897,0.898
0.893,0.891,0.876,0.952,0.895,0.89,0.879,0.969,0.901,0.933,0.873,0.93,0.891,0.938,0.933,0.882,0.896,0.899,0.898,0.876,0.891,0.894,0.896,0.893,0.892,0.89,0.892,1.0,0.898,0.885,0.931,0.887,0.019,0.892,0.887,0.933,0.877,0.903,0.917,0.889,0.941,0.885,0.893,0.991,0.983,0.874,0.891,0.889,0.933,0.903
0.903,0.91,0.9,0.904,0.908,0.909,0.909,0.906,0.906,0.889,0.872,0.908,0.891,0.904,0.906,0.913,0.9,0.912,0.903,0.907,0.915,0.899,0.907,0.896,0.911,0.896,0.901,0.898,1.0,0.902,0.9,0.91,0.018,0.896,0.892,0.891,0.907,0.908,0.907,0.901,0.896,0.906,0.902,0.903,0.906,0.902,0.907,0.91,0.892,0.939
0.905,0.892,0.892,0.887,0.899,0.895,0.892,0.886,0.917,0.879,0.875,0.886,0.896,0.885,0.88,0.898,0.891,0.904,0.901,0.891,0.896,0.897,0.901,0.896,0.891,0.892,0.897,0.885,0.902,1.0,0.884,0.899,0.022,0.896,0.887,0.894,0.891,0.901,0.891,0.897,0.897,0.897,0.902,0.887,0.886,0.892,0.9,0.899,0.887,0.912
0.877,0.894,0.878,0.938,0.895,0.893,0.885,0.932,0.888,0.922,0.856,0.927,0.875,0.935,0.94,0.89,0.88,0.89,0.882,0.883,0.895,0.881,0.886,0.875,0.892,0.876,0.882,0.931,0.9,0.884,1.0,0.889,0.02,0.883,0.869,0.916,0.884,0.888,0.922,0.875,0.958,0.894,0.881,0.936,0.934,0.881,0.887,0.888,0.915,0.894
0.893,0.923,0.888,0.898,0.932,0.937,0.915,0.893,0.902,0.883,0.899,0.901,0.928,0.896,0.898,0.916,0.926,0.934,0.931,0.912,0.937,0.936,0.942,0.926,0.936,0.918,0.941,0.887,0.91,0.899,0.889,1.0,0.019,0.932,0.917,0.897,0.913,0.937,0.901,0.94,0.891,0.925,0.939,0.892,0.894,0.884,0.931,0.931,0.892,0.907
0.02,0.019,0.016,0.016,0.024,0.02,0.019,0.018,0.021,0.019,0.021,0.019,0.02,0.02,0.018,0.019,0.019,0.019,0.02,0.021,0.02,0.022,0.022,0.019,0.021,0.019,0.023,0.019,0.018,0.022,0.02,0.019,1.0,0.023,0.02,0.019,0.02,0.022,0.02,0.021,0.022,0.019,0.02,0.02,0.02,0.021,0.019,0.018,0.022,0.016
0.901,0.905,0.879,0.902,0.928,0.923,0.897,0.883,0.901,0.893,0.911,0.893,0.941,0.9,0.891,0.898,0.926,0.932,0.939,0.894,0.923,0.968,0.96,0.924,0.911,0.922,0.934,0.892,0.896,0.896,0.883,0.932,0.023,1.0,0.912,0.901,0.895,0.935,0.892,0.943,0.89,0.915,0.942,0.889,0.89,0.866,0.923,0.922,0.898,0.896
0.905,0.917,0.875,0.894,0.908,0.93,0.893,0.882,0.893,0.892,0.906,0.881,0.925,0.889,0.886,0.895,0.919,0.915,0.914,0.89,0.903,0.919,0.917,0.944,0.936,0.923,0.911,0.887,0.892,0.887,0.869,0.917,0.02,0.912,1.0,0.886,0.891,0.912,0.882,0.922,0.879,0.904,0.914,0.884,0.881,0.861,0.915,0.915,0.89,0.906
0.893,0.888,0.882,0.928,0.894,0.896,0.882,0.921,0.906,0.912,0.876,0.911,0.897,0.924,0.915,0.886,0.903,0.905,0.9,0.882,0.891,0.899,0.9,0.893,0.895,0.903,0.896,0.933,0.891,0.894,0.916,0.897,0.019,0.901,0.886,1.0,0.881,0.903,0.92,0.892,0.931,0.894,0.903,0.93,0.929,0.874,0.896,0.894,0.928,0.904
0.891,0.912,0.897,0.876,0.9,0.911,0.994,0.885,0.896,0.868,0.871,0.892,0.887,0.877,0.881,0.981,0.895,0.908,0.901,0.995,0.917,0.904,0.911,0.898,0.908,0.891,0.894,0.877,0.907,0.891,0.884,0.913,0.02,0.895,0.891,0.881,1.0,0.904,0.891,0.896,0.877,0.908,0.898,0.883,0.883,0.893,0.904,0.907,0.876,0.896
0.907,0.923,0.888,0.905,0.936,0.927,0.906,0.898,0.909,0.897,0.911,0.898,0.934,0.899,0.897,0.909,0.921,0.935,0.934,0.904,0.926,0.938,0.937,0.927,0.924,0.924,0.951,0.903,0.908,0.901,0.888,0.937,0.022,0.935,0.912,0.903,0.904,1.0,0.902,0.94,0.898,0.92,0.953,0.9,0.899,0.882,0.926,0.926,0.905,0.905
0.887,0.897,0.892,0.921,0.897,0.906,0.891,0.922,0.902,0.918,0.87,0.926,0.886,0.924,0.928,0.895,0.897,0.902,0.89,0.889,0.898,0.895,0.897,0.885,0.904,0.885,0.893,0.917,0.907,0.891,0.922,0.901,0.02,0.892,0.882,0.92,0.891,0.902,1.0,0.886,0.921,0.896,0.896,0.924,0.926,0.879,0.898,0.9,0.915,0.904
0.902,0.908,0.874,0.899,0.931,0.926,0.898,0.884,0.9,0.895,0.921,0.885,0.943,0.892,0.884,0.9,0.924,0.932,0.933,0.896,0.924,0.938,0.933,0.931,0.915,0.933,0.946,0.889,0.901,0.897,0.875,0.94,0.021,0.943,0.922,0.892,0.896,0.94,0.886,1.0,0.888,0.919,0.942,0.887,0.888,0.869,0.932,0.932,0.896,0.9
0.894,0.895,0.872,0.952,0.905,0.893,0.878,0.93,0.899,0.936,0.871,0.934,0.884,0.947,0.947,0.884,0.894,0.896,0.891,0.876,0.886,0.891,0.896,0.887,0.892,0.885,0.895,0.941,0.896,0.897,0.958,0.891,0.022,0.89,0.879,0.931,0.877,0.898,0.921,0.888,1.0,0.89,0.892,0.942,0.942,0.878,0.894,0.892,0.937,0.901
0.887,0.932,0.892,0.896,0.922,0.936,0.91,0.892,0.897,0.882,0.886,0.903,0.913,0.894,0.895,0.914,0.919,0.927,0.918,0.908,0.922,0.918,0.926,0.922,0.929,0.921,0.924,0.885,0.906,0.897,0.894,0.925,0.019,0.915,0.904,0.894,0.908,0.92,0.896,0.919,0.89,1.0,0.923,0.891,0.889,0.874,0.935,0.937,0.888,0.893
0.906,0.911,0.881,0.901,0.931,0.925,0.9,0.886,0.907,0.89,0.909,0.895,0.934,0.897,0.892,0.904,0.925,0.937,0.937,0.898,0.923,0.947,0.939,0.923,0.918,0.924,0.95,0.893,0.902,0.902,0.881,0.939,0.02,0.942,0.914,0.903,0.898,0.953,0.896,0.942,0.892,0.923,1.0,0.89,0.887,0.881,0.923,0.923,0.901,0.906
0.891,0.899,0.882,0.948,0.898,0.897,0.885,0.972,0.9,0.926,0.867,0.935,0.887,0.942,0.939,0.888,0.893,0.901,0.895,0.883,0.898,0.89,0.898,0.889,0.899,0.888,0.889,0.991,0.903,0.887,0.936,0.892,0.02,0.889,0.884,0.93,0.883,0.9,0.924,0.887,0.942,0.891,0.89,1.0,0.986,0.881,0.897,0.895,0.932,0.905
0.895,0.901,0.884,0.948,0.899,0.895,0.886,0.968,0.901,0.932,0.866,0.937,0.884,0.942,0.937,0.89,0.896,0.9,0.893,0.883,0.897,0.889,0.897,0.886,0.898,0.888,0.887,0.983,0.906,0.886,0.934,0.894,0.02,0.89,0.881,0.929,0.883,0.899,0.926,0.888,0.942,0.889,0.887,0.986,1.0,0.882,0.897,0.896,0.929,0.904
0.876,0.889,0.887,0.874,0.881,0.877,0.892,0.881,0.893,0.871,0.847,0.898,0.861,0.882,0.885,0.886,0.869,0.88,0.871,0.895,0.893,0.875,0.878,0.87,0.887,0.87,0.869,0.874,0.902,0.892,0.881,0.884,0.021,0.866,0.861,0.874,0.893,0.882,0.879,0.869,0.878,0.874,0.881,0.881,0.882,1.0,0.89,0.893,0.879,0.911
0.891,0.925,0.895,0.898,0.938,0.935,0.906,0.89,0.903,0.885,0.893,0.895,0.918,0.895,0.898,0.911,0.931,0.926,0.919,0.904,0.933,0.923,0.928,0.923,0.929,0.926,0.921,0.891,0.907,0.9,0.887,0.931,0.019,0.923,0.915,0.896,0.904,0.926,0.898,0.932,0.894,0.935,0.923,0.897,0.897,0.89,1.0,0.997,0.89,0.908
0.891,0.927,0.898,0.896,0.938,0.937,0.909,0.891,0.903,0.884,0.892,0.897,0.917,0.893,0.898,0.914,0.931,0.926,0.918,0.907,0.936,0.923,0.927,0.922,0.932,0.925,0.921,0.889,0.91,0.899,0.888,0.931,0.018,0.922,0.915,0.894,0.907,0.926,0.9,0.932,0.892,0.937,0.923,0.895,0.896,0.893,0.997,1.0,0.888,0.907
0.895,0.893,0.872,0.936,0.903,0.894,0.878,0.917,0.903,0.929,0.88,0.918,0.894,0.926,0.925,0.884,0.897,0.894,0.896,0.875,0.887,0.895,0.893,0.901,0.893,0.901,0.897,0.933,0.892,0.887,0.915,0.892,0.022,0.898,0.89,0.928,0.876,0.905,0.915,0.896,0.937,0.888,0.901,0.932,0.929,0.879,0.89,0.888,1.0,0.905
0.909,0.901,0.891,0.914,0.9,0.899,0.896,0.9,0.925,0.901,0.876,0.907,0.893,0.91,0.906,0.902,0.903,0.91,0.906,0.895,0.901,0.902,0.907,0.898,0.902,0.897,0.898,0.903,0.939,0.912,0.894,0.907,0.016,0.896,0.906,0.904,0.896,0.905,0.904,0.9,0.901,0.893,0.906,0.905,0.904,0.911,0.908,0.907,0.905,1.0
