GCF_000163235.1_ASM16323v1_genomic.fna,GCF_000164555.1_ASM16455v1_genomic.fna,GCF_000208545.1_ASM20854v2_genomic.fna,GCF_000233875.1_ASM23387v1_genomic.fna,GCF_000249735.1_ASM24973v2_genomic.fna,GCF_000261145.1_Esch_coli_M919_V2_genomic.fna,GCF_000267705.2_ASM26770v2_genomic.fna,GCF_000350665.1_Esch_coli_KTE5_V1_genomic.fna,GCF_000351625.1_Esch_coli_KTE66_V1_genomic.fna,GCF_000352285.1_Esch_coli_KTE46_V1_genomic.fna,GCF_000358895.1_ASM35889v1_genomic.fna,GCF_000456385.1_Esch_coli_HVH_26_4-5703913_V1_genomic.fna,GCF_000458195.1_Esch_coli_HVH_147_4-5893887_V1_genomic.fna,GCF_000459755.1_Esch_coli_KOEGE_58_171a_V1_genomic.fna,GCF_000460055.1_Esch_coli_UMEA_3053-1_V1_genomic.fna,GCF_000462165.2_ASM46216v2_genomic.fna,GCF_000601135.1_ASM60113v1_genomic.fna,GCF_000614595.1_Ec2010EL1058_genomic.fna,GCF_000617745.1_Ec2010C-4529_genomic.fna,GCF_000618265.2_EcF6751_genomic.fna,GCF_000619005.2_Ec2009C-4052_genomic.fna,GCF_000619105.1_Ec2009C-4780_genomic.fna,GCF_000619765.2_Ec2009C-3279_genomic.fna,GCF_000687005.1_ASM68700v1_genomic.fna,GCF_000687025.1_ASM68702v1_genomic.fna,GCF_000700125.1_ASM70012v1_genomic.fna,GCF_000753315.1_FHI35_genomic.fna,GCF_000776375.1_ASM77637v1_genomic.fna,GCF_000779395.1_ASM77939v1_genomic.fna,GCF_000780315.1_ASM78031v1_genomic.fna,GCF_000781995.1_ASM78199v1_genomic.fna,GCF_000986765.1_ASM98676v1_genomic.fna,GCF_001041375.1_ViralProj287958_genomic.fna,GCF_001265335.1_302014_genomic.fna,GCF_001265625.1_100854_genomic.fna,GCF_001267345.1_303289_genomic.fna,GCF_001309985.1_ASM130998v1_genomic.fna,GCF_001521695.1_ASM152169v1_genomic.fna,GCF_001592595.1_ASM159259v1_genomic.fna,GCF_001614975.1_ASM161497v1_genomic.fna,GCF_001692775.1_ASM169277v1_genomic.fna,GCF_001748915.1_ASM174891v1_genomic.fna,GCF_001749235.1_ASM174923v1_genomic.fna,GCF_001881155.1_ASM188115v1_genomic.fna,GCF_001881345.1_ASM188134v1_genomic.fna,GCF_001892405.1_ASM189240v1_genomic.fna,GCF_001892585.1_ASM189258v1_genomic.fna,GCF_001893985.1_ASM189398v1_genomic.fna,GCF_002001595.1_ASM200159v1_genomic.fna,GCF_002002145.1_ASM200214v1_genomic.fna
1.0,0.599,0.491,0.519,0.595,0.587,0.555,0.529,0.665,0.524,0.568,0.536,0.572,0.518,0.51,0.556,0.577,0.581,0.569,0.553,0.562,0.562,0.583,0.572,0.575,0.557,0.574,0.514,0.614,0.658,0.503,0.592,0.0,0.558,0.548,0.513,0.554,0.578,0.518,0.575,0.516,0.578,0.57,0.515,0.53,0.553,0.565,0.567,0.506,0.624
0.599,1.0,0.449,0.51,0.686,0.804,0.602,0.526,0.56,0.511,0.65,0.526,0.656,0.508,0.505,0.603,0.744,0.663,0.658,0.601,0.645,0.652,0.66,0.813,0.815,0.742,0.654,0.511,0.576,0.574,0.505,0.689,0.0,0.644,0.762,0.495,0.602,0.68,0.496,0.657,0.514,0.726,0.658,0.525,0.523,0.516,0.723,0.725,0.511,0.569
0.491,0.449,1.0,0.393,0.452,0.454,0.434,0.413,0.471,0.397,0.443,0.405,0.441,0.41,0.405,0.435,0.44,0.445,0.434,0.434,0.443,0.427,0.446,0.438,0.444,0.44,0.457,0.408,0.458,0.471,0.397,0.455,0.0,0.436,0.425,0.42,0.434,0.447,0.406,0.439,0.402,0.446,0.451,0.415,0.41,0.422,0.444,0.445,0.413,0.464
0.519,0.51,0.393,1.0,0.519,0.498,0.478,0.762,0.5,0.779,0.496,0.761,0.503,0.811,0.797,0.479,0.486,0.482,0.501,0.472,0.467,0.498,0.507,0.516,0.516,0.501,0.492,0.804,0.562,0.503,0.763,0.509,0.0,0.486,0.487,0.69,0.473,0.505,0.723,0.504,0.787,0.49,0.508,0.784,0.783,0.505,0.496,0.495,0.725,0.557
0.595,0.686,0.452,0.519,1.0,0.695,0.611,0.524,0.556,0.523,0.791,0.513,0.749,0.526,0.517,0.617,0.687,0.703,0.711,0.606,0.713,0.728,0.735,0.705,0.709,0.702,0.727,0.524,0.579,0.587,0.505,0.73,0.0,0.724,0.676,0.514,0.607,0.741,0.517,0.756,0.519,0.713,0.75,0.508,0.511,0.512,0.729,0.729,0.511,0.571
0.587,0.804,0.454,0.498,0.695,1.0,0.625,0.519,0.556,0.5,0.648,0.502,0.661,0.495,0.492,0.622,0.752,0.678,0.659,0.621,0.65,0.65,0.672,0.804,0.82,0.728,0.647,0.501,0.584,0.565,0.496,0.68,0.0,0.656,0.785,0.504,0.621,0.666,0.525,0.658,0.502,0.727,0.659,0.502,0.502,0.515,0.727,0.73,0.495,0.582
0.555,0.602,0.434,0.478,0.611,0.625,1.0,0.493,0.535,0.478,0.595,0.474,0.601,0.482,0.481,0.96,0.609,0.627,0.651,0.985,0.637,0.629,0.648,0.619,0.616,0.613,0.603,0.478,0.556,0.532,0.483,0.628,0.0,0.613,0.597,0.486,0.987,0.596,0.487,0.61,0.486,0.621,0.609,0.478,0.478,0.502,0.594,0.595,0.475,0.555
0.529,0.526,0.413,0.762,0.524,0.519,0.493,1.0,0.498,0.757,0.493,0.736,0.497,0.747,0.746,0.493,0.502,0.496,0.498,0.487,0.472,0.479,0.498,0.523,0.52,0.508,0.493,0.912,0.568,0.507,0.755,0.505,0.0,0.479,0.491,0.664,0.488,0.522,0.717,0.498,0.766,0.506,0.503,0.911,0.9,0.502,0.496,0.497,0.718,0.558
0.665,0.56,0.471,0.5,0.556,0.556,0.535,0.498,1.0,0.503,0.545,0.512,0.549,0.504,0.501,0.533,0.552,0.547,0.547,0.534,0.537,0.533,0.551,0.545,0.542,0.541,0.546,0.493,0.599,0.677,0.497,0.57,0.0,0.529,0.525,0.505,0.535,0.532,0.511,0.545,0.498,0.559,0.546,0.492,0.492,0.555,0.554,0.555,0.486,0.611
0.524,0.511,0.397,0.779,0.523,0.5,0.478,0.757,0.503,1.0,0.505,0.741,0.509,0.776,0.756,0.482,0.487,0.486,0.502,0.471,0.467,0.491,0.49,0.514,0.513,0.506,0.5,0.777,0.567,0.502,0.775,0.49,0.0,0.488,0.486,0.687,0.472,0.509,0.729,0.51,0.783,0.492,0.515,0.758,0.766,0.503,0.493,0.492,0.729,0.559
0.568,0.65,0.443,0.496,0.791,0.648,0.595,0.493,0.545,0.505,1.0,0.478,0.784,0.499,0.482,0.598,0.645,0.693,0.723,0.589,0.702,0.754,0.72,0.689,0.663,0.686,0.722,0.493,0.547,0.559,0.487,0.708,0.0,0.715,0.696,0.503,0.591,0.722,0.488,0.778,0.492,0.686,0.754,0.477,0.479,0.494,0.688,0.688,0.48,0.551
0.536,0.526,0.405,0.761,0.513,0.502,0.474,0.736,0.512,0.741,0.478,1.0,0.482,0.762,0.866,0.48,0.503,0.482,0.479,0.473,0.477,0.475,0.485,0.492,0.504,0.486,0.481,0.746,0.578,0.517,0.726,0.51,0.0,0.474,0.471,0.65,0.473,0.499,0.727,0.48,0.749,0.491,0.491,0.748,0.756,0.51,0.49,0.491,0.702,0.565
0.572,0.656,0.441,0.503,0.749,0.661,0.601,0.497,0.549,0.509,0.784,0.482,1.0,0.502,0.486,0.603,0.656,0.727,0.753,0.598,0.747,0.835,0.806,0.684,0.668,0.679,0.779,0.498,0.559,0.573,0.486,0.752,0.0,0.795,0.665,0.511,0.599,0.762,0.486,0.811,0.492,0.688,0.795,0.483,0.481,0.499,0.689,0.689,0.486,0.567
0.518,0.508,0.41,0.811,0.526,0.495,0.482,0.747,0.504,0.776,0.499,0.762,0.502,1.0,0.807,0.485,0.485,0.493,0.508,0.477,0.465,0.495,0.5,0.513,0.512,0.505,0.497,0.78,0.58,0.5,0.756,0.509,0.0,0.486,0.486,0.689,0.478,0.514,0.714,0.503,0.775,0.5,0.511,0.76,0.76,0.506,0.496,0.495,0.713,0.563
0.51,0.505,0.405,0.797,0.517,0.492,0.481,0.746,0.501,0.756,0.482,0.866,0.486,0.807,1.0,0.478,0.498,0.49,0.484,0.476,0.478,0.477,0.493,0.488,0.491,0.486,0.483,0.769,0.57,0.511,0.769,0.508,0.0,0.478,0.475,0.671,0.478,0.501,0.751,0.482,0.786,0.493,0.494,0.769,0.77,0.507,0.49,0.49,0.73,0.569
0.556,0.603,0.435,0.479,0.617,0.622,0.96,0.493,0.533,0.482,0.598,0.48,0.603,0.485,0.478,1.0,0.61,0.617,0.644,0.956,0.618,0.63,0.644,0.615,0.613,0.617,0.604,0.48,0.553,0.537,0.483,0.613,0.0,0.611,0.595,0.49,0.955,0.596,0.486,0.614,0.487,0.62,0.607,0.48,0.481,0.504,0.599,0.6,0.482,0.555
0.577,0.744,0.44,0.486,0.687,0.752,0.609,0.502,0.552,0.487,0.645,0.503,0.656,0.485,0.498,0.61,1.0,0.652,0.642,0.608,0.649,0.655,0.662,0.752,0.756,0.762,0.647,0.493,0.571,0.564,0.486,0.707,0.0,0.659,0.71,0.507,0.609,0.651,0.511,0.661,0.491,0.723,0.662,0.495,0.5,0.503,0.728,0.73,0.489,0.567
0.581,0.663,0.445,0.482,0.703,0.678,0.627,0.496,0.547,0.486,0.693,0.482,0.727,0.493,0.49,0.617,0.652,1.0,0.771,0.627,0.758,0.742,0.756,0.657,0.653,0.649,0.733,0.486,0.562,0.576,0.488,0.74,0.0,0.719,0.635,0.512,0.629,0.708,0.493,0.729,0.489,0.688,0.726,0.487,0.488,0.503,0.653,0.654,0.481,0.573
0.569,0.658,0.434,0.501,0.711,0.659,0.651,0.498,0.547,0.502,0.723,0.479,0.753,0.508,0.484,0.644,0.642,0.771,1.0,0.647,0.752,0.767,0.765,0.679,0.662,0.669,0.745,0.495,0.551,0.567,0.492,0.729,0.0,0.732,0.657,0.516,0.645,0.728,0.491,0.759,0.492,0.684,0.748,0.484,0.486,0.491,0.668,0.669,0.482,0.56
0.553,0.601,0.434,0.472,0.606,0.621,0.985,0.487,0.534,0.471,0.589,0.473,0.598,0.477,0.476,0.956,0.608,0.627,0.647,1.0,0.636,0.626,0.642,0.611,0.614,0.611,0.599,0.472,0.554,0.533,0.475,0.626,0.0,0.608,0.589,0.482,0.992,0.589,0.481,0.606,0.478,0.617,0.603,0.472,0.472,0.502,0.59,0.591,0.47,0.554
0.562,0.645,0.443,0.467,0.713,0.65,0.637,0.472,0.537,0.467,0.702,0.477,0.747,0.465,0.478,0.618,0.649,0.758,0.752,0.636,1.0,0.76,0.778,0.637,0.637,0.651,0.74,0.465,0.549,0.569,0.467,0.753,0.0,0.753,0.624,0.49,0.637,0.729,0.489,0.746,0.474,0.665,0.741,0.467,0.47,0.498,0.661,0.662,0.471,0.55
0.562,0.652,0.427,0.498,0.728,0.65,0.629,0.479,0.533,0.491,0.754,0.475,0.835,0.495,0.477,0.63,0.655,0.742,0.767,0.626,0.76,1.0,0.913,0.683,0.667,0.678,0.753,0.491,0.543,0.561,0.472,0.745,0.0,0.874,0.667,0.506,0.626,0.748,0.476,0.794,0.479,0.674,0.782,0.478,0.475,0.495,0.673,0.673,0.479,0.553
0.583,0.66,0.446,0.507,0.735,0.672,0.648,0.498,0.551,0.49,0.72,0.485,0.806,0.5,0.493,0.644,0.662,0.756,0.765,0.642,0.778,0.913,1.0,0.669,0.674,0.666,0.773,0.501,0.561,0.569,0.488,0.765,0.0,0.871,0.649,0.512,0.642,0.751,0.5,0.77,0.499,0.683,0.76,0.495,0.493,0.5,0.678,0.679,0.492,0.562
0.572,0.813,0.438,0.516,0.705,0.804,0.619,0.523,0.545,0.514,0.689,0.492,0.684,0.513,0.488,0.615,0.752,0.657,0.679,0.611,0.637,0.683,0.669,1.0,0.847,0.777,0.664,0.51,0.561,0.563,0.495,0.679,0.0,0.672,0.828,0.511,0.612,0.675,0.491,0.692,0.501,0.739,0.693,0.493,0.497,0.498,0.751,0.751,0.49,0.556
0.575,0.815,0.444,0.516,0.709,0.82,0.616,0.52,0.542,0.513,0.663,0.504,0.668,0.512,0.491,0.613,0.756,0.653,0.662,0.614,0.637,0.667,0.674,0.847,1.0,0.784,0.658,0.523,0.562,0.559,0.492,0.684,0.0,0.662,0.814,0.507,0.615,0.677,0.506,0.672,0.501,0.73,0.675,0.519,0.514,0.512,0.748,0.749,0.51,0.56
0.557,0.742,0.44,0.501,0.702,0.728,0.613,0.508,0.541,0.506,0.686,0.486,0.679,0.505,0.486,0.617,0.762,0.649,0.669,0.611,0.651,0.678,0.666,0.777,0.784,1.0,0.667,0.508,0.549,0.557,0.486,0.662,0.0,0.66,0.738,0.507,0.612,0.669,0.487,0.696,0.491,0.736,0.678,0.506,0.498,0.497,0.75,0.751,0.501,0.553
0.574,0.654,0.457,0.492,0.727,0.647,0.603,0.493,0.546,0.5,0.722,0.481,0.779,0.497,0.483,0.604,0.647,0.733,0.745,0.599,0.74,0.753,0.773,0.664,0.658,0.667,1.0,0.494,0.55,0.563,0.488,0.758,0.0,0.753,0.629,0.505,0.601,0.822,0.481,0.775,0.496,0.685,0.835,0.488,0.48,0.501,0.671,0.672,0.487,0.556
0.514,0.511,0.408,0.804,0.524,0.501,0.478,0.912,0.493,0.777,0.493,0.746,0.498,0.78,0.769,0.48,0.493,0.486,0.495,0.472,0.465,0.491,0.501,0.51,0.523,0.508,0.494,1.0,0.565,0.504,0.759,0.498,0.0,0.482,0.492,0.682,0.473,0.515,0.719,0.5,0.782,0.493,0.501,0.966,0.949,0.499,0.497,0.497,0.735,0.546
0.614,0.576,0.458,0.562,0.579,0.584,0.556,0.568,0.599,0.567,0.547,0.578,0.559,0.58,0.57,0.553,0.571,0.562,0.551,0.554,0.549,0.543,0.561,0.561,0.562,0.549,0.55,0.565,1.0,0.587,0.561,0.576,0.0,0.543,0.541,0.558,0.556,0.564,0.573,0.557,0.565,0.558,0.559,0.564,0.568,0.64,0.545,0.546,0.555,0.864
0.658,0.574,0.471,0.503,0.587,0.565,0.532,0.507,0.677,0.502,0.559,0.517,0.573,0.5,0.511,0.537,0.564,0.576,0.567,0.533,0.569,0.561,0.569,0.563,0.559,0.557,0.563,0.504,0.587,1.0,0.504,0.586,0.0,0.548,0.535,0.504,0.534,0.563,0.517,0.583,0.512,0.572,0.568,0.504,0.504,0.554,0.565,0.567,0.502,0.596
0.503,0.505,0.397,0.763,0.505,0.496,0.483,0.755,0.497,0.775,0.487,0.726,0.486,0.756,0.769,0.483,0.486,0.488,0.492,0.475,0.467,0.472,0.488,0.495,0.492,0.486,0.488,0.759,0.561,0.504,1.0,0.501,0.0,0.469,0.469,0.663,0.478,0.492,0.712,0.489,0.906,0.496,0.484,0.757,0.758,0.506,0.486,0.486,0.702,0.552
0.592,0.689,0.455,0.509,0.73,0.68,0.628,0.505,0.57,0.49,0.708,0.51,0.752,0.509,0.508,0.613,0.707,0.74,0.729,0.626,0.753,0.745,0.765,0.679,0.684,0.662,0.758,0.498,0.576,0.586,0.501,1.0,0.0,0.738,0.638,0.494,0.627,0.761,0.502,0.763,0.504,0.701,0.767,0.498,0.502,0.507,0.686,0.688,0.493,0.569
0.0,0.0,0.0,0.0,0.0,0.0,0.0,0.0,0.0,0.0,0.0,0.0,0.0,0.0,0.0,0.0,0.0,0.0,0.0,0.0,0.0,0.0,0.0,0.0,0.0,0.0,0.0,0.0,0.0,0.0,0.0,0.0,1.0,0.0,0.0,0.0,0.0,0.0,0.0,0.0,0.0,0.0,0.0,0.0,0.0,0.0,0.0,0.0,0.0,0.0
0.558,0.644,0.436,0.486,0.724,0.656,0.613,0.479,0.529,0.488,0.715,0.474,0.795,0.486,0.478,0.611,0.659,0.719,0.732,0.608,0.753,0.874,0.871,0.672,0.662,0.66,0.753,0.482,0.543,0.548,0.469,0.738,0.0,1.0,0.642,0.514,0.608,0.746,0.492,0.76,0.474,0.669,0.764,0.47,0.473,0.487,0.671,0.671,0.471,0.546
0.548,0.762,0.425,0.487,0.676,0.785,0.597,0.491,0.525,0.486,0.696,0.471,0.665,0.486,0.475,0.595,0.71,0.635,0.657,0.589,0.624,0.667,0.649,0.828,0.814,0.738,0.629,0.492,0.541,0.535,0.469,0.638,0.0,0.642,1.0,0.491,0.591,0.64,0.473,0.662,0.475,0.704,0.662,0.477,0.482,0.474,0.714,0.713,0.469,0.543
0.513,0.495,0.42,0.69,0.514,0.504,0.486,0.664,0.505,0.687,0.503,0.65,0.511,0.689,0.671,0.49,0.507,0.512,0.516,0.482,0.49,0.506,0.512,0.511,0.507,0.507,0.505,0.682,0.558,0.504,0.663,0.494,0.0,0.514,0.491,1.0,0.482,0.5,0.679,0.516,0.67,0.487,0.513,0.661,0.661,0.493,0.485,0.484,0.651,0.552
0.554,0.602,0.434,0.473,0.607,0.621,0.987,0.488,0.535,0.472,0.591,0.473,0.599,0.478,0.478,0.955,0.609,0.629,0.645,0.992,0.637,0.626,0.642,0.612,0.615,0.612,0.601,0.473,0.556,0.534,0.478,0.627,0.0,0.608,0.591,0.482,1.0,0.591,0.482,0.607,0.481,0.619,0.605,0.474,0.474,0.502,0.591,0.592,0.471,0.555
0.578,0.68,0.447,0.505,0.741,0.666,0.596,0.522,0.532,0.509,0.722,0.499,0.762,0.514,0.501,0.596,0.651,0.708,0.728,0.589,0.729,0.748,0.751,0.675,0.677,0.669,0.822,0.515,0.564,0.563,0.492,0.761,0.0,0.746,0.64,0.5,0.591,1.0,0.495,0.774,0.503,0.683,0.869,0.503,0.495,0.497,0.69,0.691,0.494,0.569
0.518,0.496,0.406,0.723,0.517,0.525,0.487,0.717,0.511,0.729,0.488,0.727,0.486,0.714,0.751,0.486,0.511,0.493,0.491,0.481,0.489,0.476,0.5,0.491,0.506,0.487,0.481,0.719,0.573,0.517,0.712,0.502,0.0,0.492,0.473,0.679,0.482,0.495,1.0,0.492,0.718,0.501,0.494,0.72,0.725,0.502,0.491,0.491,0.702,0.566
0.575,0.657,0.439,0.504,0.756,0.658,0.61,0.498,0.545,0.51,0.778,0.48,0.811,0.503,0.482,0.614,0.661,0.729,0.759,0.606,0.746,0.794,0.77,0.692,0.672,0.696,0.775,0.5,0.557,0.583,0.489,0.763,0.0,0.76,0.662,0.516,0.607,0.774,0.492,1.0,0.492,0.69,0.809,0.485,0.49,0.498,0.696,0.696,0.482,0.56
0.516,0.514,0.402,0.787,0.519,0.502,0.486,0.766,0.498,0.783,0.492,0.749,0.492,0.775,0.786,0.487,0.491,0.489,0.492,0.478,0.474,0.479,0.499,0.501,0.501,0.491,0.496,0.782,0.565,0.512,0.906,0.504,0.0,0.474,0.475,0.67,0.481,0.503,0.718,0.492,1.0,0.506,0.49,0.781,0.781,0.506,0.489,0.489,0.718,0.553
0.578,0.726,0.446,0.49,0.713,0.727,0.621,0.506,0.559,0.492,0.686,0.491,0.688,0.5,0.493,0.62,0.723,0.688,0.684,0.617,0.665,0.674,0.683,0.739,0.73,0.736,0.685,0.493,0.558,0.572,0.496,0.701,0.0,0.669,0.704,0.487,0.619,0.683,0.501,0.69,0.506,1.0,0.698,0.494,0.491,0.497,0.76,0.762,0.486,0.554
0.57,0.658,0.451,0.508,0.75,0.659,0.609,0.503,0.546,0.515,0.754,0.491,0.795,0.511,0.494,0.607,0.662,0.726,0.748,0.603,0.741,0.782,0.76,0.693,0.675,0.678,0.835,0.501,0.559,0.568,0.484,0.767,0.0,0.764,0.662,0.513,0.605,0.869,0.494,0.809,0.49,0.698,1.0,0.487,0.487,0.501,0.687,0.687,0.484,0.562
0.515,0.525,0.415,0.784,0.508,0.502,0.478,0.911,0.492,0.758,0.477,0.748,0.483,0.76,0.769,0.48,0.495,0.487,0.484,0.472,0.467,0.478,0.495,0.493,0.519,0.506,0.488,0.966,0.564,0.504,0.757,0.498,0.0,0.47,0.477,0.661,0.474,0.503,0.72,0.485,0.781,0.494,0.487,1.0,0.963,0.507,0.483,0.484,0.742,0.546
0.53,0.523,0.41,0.783,0.511,0.502,0.478,0.9,0.492,0.766,0.479,0.756,0.481,0.76,0.77,0.481,0.5,0.488,0.486,0.472,0.47,0.475,0.493,0.497,0.514,0.498,0.48,0.949,0.568,0.504,0.758,0.502,0.0,0.473,0.482,0.661,0.474,0.495,0.725,0.49,0.781,0.491,0.487,0.963,1.0,0.503,0.488,0.489,0.735,0.548
0.553,0.516,0.422,0.505,0.512,0.515,0.502,0.502,0.555,0.503,0.494,0.51,0.499,0.506,0.507,0.504,0.503,0.503,0.491,0.502,0.498,0.495,0.5,0.498,0.512,0.497,0.501,0.499,0.64,0.554,0.506,0.507,0.0,0.487,0.474,0.493,0.502,0.497,0.502,0.498,0.506,0.497,0.501,0.507,0.503,1.0,0.509,0.508,0.51,0.681
0.565,0.723,0.444,0.496,0.729,0.727,0.594,0.496,0.554,0.493,0.688,0.49,0.689,0.496,0.49,0.599,0.728,0.653,0.668,0.59,0.661,0.673,0.678,0.751,0.748,0.75,0.671,0.497,0.545,0.565,0.486,0.686,0.0,0.671,0.714,0.485,0.591,0.69,0.491,0.696,0.489,0.76,0.687,0.483,0.488,0.509,1.0,0.997,0.481,0.557
0.567,0.725,0.445,0.495,0.729,0.73,0.595,0.497,0.555,0.492,0.688,0.491,0.689,0.495,0.49,0.6,0.73,0.654,0.669,0.591,0.662,0.673,0.679,0.751,0.749,0.751,0.672,0.497,0.546,0.567,0.486,0.688,0.0,0.671,0.713,0.484,0.592,0.691,0.491,0.696,0.489,0.762,0.687,0.484,0.489,0.508,0.997,1.0,0.481,0.557
0.506,0.511,0.413,0.725,0.511,0.495,0.475,0.718,0.486,0.729,0.48,0.702,0.486,0.713,0.73,0.482,0.489,0.481,0.482,0.47,0.471,0.479,0.492,0.49,0.51,0.501,0.487,0.735,0.555,0.502,0.702,0.493,0.0,0.471,0.469,0.651,0.471,0.494,0.702,0.482,0.718,0.486,0.484,0.742,0.735,0.51,0.481,0.481,1.0,0.555
0.624,0.569,0.464,0.557,0.571,0.582,0.555,0.558,0.611,0.559,0.551,0.565,0.567,0.563,0.569,0.555,0.567,0.573,0.56,0.554,0.55,0.553,0.562,0.556,0.56,0.553,0.556,0.546,0.864,0.596,0.552,0.569,0.0,0.546,0.543,0.552,0.555,0.569,0.566,0.56,0.553,0.554,0.562,0.546,0.548,0.681,0.557,0.557,0.555,1.0
