GCF_000163235.1_ASM16323v1_genomic.fna,GCF_000164555.1_ASM16455v1_genomic.fna,GCF_000208545.1_ASM20854v2_genomic.fna,GCF_000233875.1_ASM23387v1_genomic.fna,GCF_000249735.1_ASM24973v2_genomic.fna,GCF_000261145.1_Esch_coli_M919_V2_genomic.fna,GCF_000267705.2_ASM26770v2_genomic.fna,GCF_000350665.1_Esch_coli_KTE5_V1_genomic.fna,GCF_000351625.1_Esch_coli_KTE66_V1_genomic.fna,GCF_000352285.1_Esch_coli_KTE46_V1_genomic.fna,GCF_000358895.1_ASM35889v1_genomic.fna,GCF_000456385.1_Esch_coli_HVH_26_4-5703913_V1_genomic.fna,GCF_000458195.1_Esch_coli_HVH_147_4-5893887_V1_genomic.fna,GCF_000459755.1_Esch_coli_KOEGE_58_171a_V1_genomic.fna,GCF_000460055.1_Esch_coli_UMEA_3053-1_V1_genomic.fna,GCF_000462165.2_ASM46216v2_genomic.fna,GCF_000601135.1_ASM60113v1_genomic.fna,GCF_000614595.1_Ec2010EL1058_genomic.fna,GCF_000617745.1_Ec2010C-4529_genomic.fna,GCF_000618265.2_EcF6751_genomic.fna,GCF_000619005.2_Ec2009C-4052_genomic.fna,GCF_000619105.1_Ec2009C-4780_genomic.fna,GCF_000619765.2_Ec2009C-3279_genomic.fna,GCF_000687005.1_ASM68700v1_genomic.fna,GCF_000687025.1_ASM68702v1_genomic.fna,GCF_000700125.1_ASM70012v1_genomic.fna,GCF_000753315.1_FHI35_genomic.fna,GCF_000776375.1_ASM77637v1_genomic.fna,GCF_000779395.1_ASM77939v1_genomic.fna,GCF_000780315.1_ASM78031v1_genomic.fna,GCF_000781995.1_ASM78199v1_genomic.fna,GCF_000986765.1_ASM98676v1_genomic.fna,GCF_001041375.1_ViralProj287958_genomic.fna,GCF_001265335.1_302014_genomic.fna,GCF_001265625.1_100854_genomic.fna,GCF_001267345.1_303289_genomic.fna,GCF_001309985.1_ASM130998v1_genomic.fna,GCF_001521695.1_ASM152169v1_genomic.fna,GCF_001592595.1_ASM159259v1_genomic.fna,GCF_001614975.1_ASM161497v1_genomic.fna,GCF_001692775.1_ASM169277v1_genomic.fna,GCF_001748915.1_ASM174891v1_genomic.fna,GCF_001749235.1_ASM174923v1_genomic.fna,GCF_001881155.1_ASM188115v1_genomic.fna,GCF_001881345.1_ASM188134v1_genomic.fna,GCF_001892405.1_ASM189240v1_genomic.fna,GCF_001892585.1_ASM189258v1_genomic.fna,GCF_001893985.1_ASM189398v1_genomic.fna,GCF_002001595.1_ASM200159v1_genomic.fna,GCF_002002145.1_ASM200214v1_genomic.fna
1.0,0.475,0.393,0.429,0.485,0.468,0.468,0.44,0.568,0.445,0.462,0.441,0.465,0.429,0.436,0.464,0.452,0.451,0.449,0.468,0.441,0.472,0.478,0.462,0.462,0.438,0.464,0.442,0.512,0.592,0.397,0.448,0.0,0.474,0.432,0.431,0.465,0.483,0.429,0.463,0.415,0.459,0.475,0.429,0.447,0.457,0.449,0.449,0.424,0.526
0.475,1.0,0.349,0.42,0.624,0.784,0.527,0.411,0.436,0.428,0.594,0.418,0.592,0.409,0.401,0.537,0.701,0.589,0.583,0.527,0.579,0.592,0.589,0.776,0.796,0.7,0.597,0.418,0.445,0.462,0.375,0.595,0.0,0.592,0.724,0.402,0.526,0.613,0.398,0.598,0.398,0.669,0.608,0.417,0.418,0.393,0.699,0.697,0.415,0.455
0.393,0.349,1.0,0.315,0.349,0.34,0.335,0.337,0.362,0.325,0.335,0.326,0.327,0.329,0.324,0.333,0.34,0.318,0.332,0.334,0.33,0.331,0.333,0.329,0.337,0.317,0.332,0.338,0.372,0.368,0.319,0.337,0.0,0.337,0.311,0.324,0.332,0.339,0.344,0.329,0.328,0.335,0.338,0.345,0.335,0.343,0.338,0.338,0.335,0.373
0.429,0.42,0.315,1.0,0.415,0.419,0.392,0.672,0.416,0.75,0.419,0.715,0.416,0.765,0.747,0.397,0.416,0.403,0.39,0.39,0.378,0.408,0.403,0.409,0.419,0.401,0.417,0.723,0.456,0.423,0.673,0.406,0.0,0.407,0.383,0.632,0.39,0.407,0.662,0.418,0.707,0.411,0.413,0.698,0.713,0.406,0.405,0.401,0.66,0.458
0.485,0.624,0.349,0.415,1.0,0.639,0.554,0.418,0.45,0.426,0.757,0.434,0.697,0.404,0.417,0.552,0.616,0.645,0.663,0.553,0.664,0.68,0.685,0.619,0.615,0.606,0.678,0.419,0.469,0.466,0.389,0.674,0.0,0.682,0.593,0.416,0.55,0.699,0.42,0.698,0.42,0.634,0.703,0.401,0.411,0.41,0.649,0.651,0.413,0.473
0.468,0.784,0.34,0.419,0.639,1.0,0.541,0.415,0.447,0.42,0.604,0.411,0.61,0.415,0.406,0.553,0.699,0.599,0.594,0.538,0.576,0.602,0.6,0.785,0.812,0.688,0.612,0.409,0.458,0.457,0.373,0.597,0.0,0.61,0.744,0.413,0.538,0.621,0.424,0.611,0.395,0.687,0.622,0.398,0.402,0.395,0.699,0.696,0.406,0.464
0.468,0.527,0.335,0.392,0.554,0.541,1.0,0.393,0.454,0.397,0.535,0.397,0.529,0.39,0.4,0.955,0.534,0.551,0.559,0.986,0.566,0.569,0.587,0.538,0.52,0.522,0.547,0.398,0.448,0.462,0.368,0.545,0.0,0.555,0.512,0.415,0.987,0.541,0.402,0.548,0.38,0.523,0.548,0.381,0.393,0.391,0.533,0.533,0.384,0.461
0.44,0.411,0.337,0.672,0.418,0.415,0.393,1.0,0.422,0.684,0.385,0.694,0.392,0.666,0.675,0.387,0.393,0.386,0.398,0.391,0.391,0.39,0.397,0.403,0.388,0.38,0.397,0.904,0.464,0.414,0.686,0.401,0.0,0.392,0.366,0.597,0.388,0.442,0.677,0.396,0.695,0.396,0.399,0.906,0.887,0.431,0.392,0.394,0.641,0.456
0.568,0.436,0.362,0.416,0.45,0.447,0.454,0.422,1.0,0.425,0.438,0.419,0.446,0.41,0.421,0.45,0.437,0.425,0.433,0.452,0.428,0.448,0.451,0.437,0.428,0.414,0.452,0.426,0.497,0.586,0.402,0.431,0.0,0.452,0.411,0.429,0.451,0.453,0.426,0.445,0.416,0.438,0.453,0.409,0.422,0.45,0.434,0.434,0.416,0.516
0.445,0.428,0.325,0.75,0.426,0.42,0.397,0.684,0.425,1.0,0.43,0.715,0.429,0.742,0.723,0.406,0.419,0.409,0.397,0.395,0.381,0.41,0.402,0.413,0.416,0.411,0.423,0.72,0.459,0.423,0.713,0.395,0.0,0.408,0.382,0.652,0.394,0.416,0.681,0.424,0.742,0.418,0.412,0.693,0.715,0.415,0.416,0.412,0.694,0.451
0.462,0.594,0.335,0.419,0.757,0.604,0.535,0.385,0.438,0.43,1.0,0.396,0.731,0.416,0.398,0.542,0.604,0.653,0.647,0.532,0.651,0.681,0.67,0.65,0.6,0.63,0.695,0.401,0.443,0.446,0.371,0.652,0.0,0.673,0.627,0.419,0.532,0.667,0.398,0.723,0.39,0.623,0.689,0.383,0.39,0.387,0.614,0.611,0.393,0.45
0.441,0.418,0.326,0.715,0.434,0.411,0.397,0.694,0.419,0.715,0.396,1.0,0.391,0.714,0.865,0.39,0.395,0.381,0.385,0.396,0.384,0.391,0.4,0.393,0.398,0.385,0.391,0.718,0.47,0.424,0.675,0.397,0.0,0.392,0.366,0.633,0.393,0.408,0.675,0.395,0.717,0.399,0.4,0.699,0.72,0.431,0.401,0.402,0.665,0.462
0.465,0.592,0.327,0.416,0.697,0.61,0.529,0.392,0.446,0.429,0.731,0.391,1.0,0.407,0.398,0.531,0.615,0.704,0.707,0.525,0.703,0.771,0.754,0.622,0.605,0.596,0.773,0.405,0.44,0.463,0.373,0.692,0.0,0.765,0.596,0.408,0.525,0.724,0.403,0.761,0.39,0.629,0.753,0.388,0.391,0.384,0.615,0.611,0.395,0.443
0.429,0.409,0.329,0.765,0.404,0.415,0.39,0.666,0.41,0.742,0.416,0.714,0.407,1.0,0.752,0.399,0.41,0.393,0.381,0.388,0.369,0.402,0.396,0.401,0.404,0.394,0.406,0.712,0.466,0.42,0.678,0.391,0.0,0.399,0.378,0.639,0.388,0.401,0.661,0.411,0.707,0.407,0.402,0.687,0.701,0.419,0.398,0.394,0.668,0.461
0.436,0.401,0.324,0.747,0.417,0.406,0.4,0.675,0.421,0.723,0.398,0.865,0.398,0.752,1.0,0.395,0.403,0.387,0.376,0.398,0.376,0.402,0.4,0.389,0.397,0.385,0.402,0.722,0.471,0.425,0.685,0.394,0.0,0.403,0.368,0.646,0.397,0.409,0.673,0.399,0.713,0.399,0.408,0.695,0.713,0.429,0.408,0.407,0.68,0.473
0.464,0.537,0.333,0.397,0.552,0.553,0.955,0.387,0.45,0.406,0.542,0.39,0.531,0.399,0.395,1.0,0.536,0.553,0.559,0.954,0.554,0.571,0.577,0.542,0.531,0.526,0.549,0.396,0.448,0.466,0.367,0.531,0.0,0.553,0.517,0.415,0.957,0.538,0.4,0.552,0.38,0.53,0.548,0.377,0.388,0.394,0.541,0.536,0.385,0.46
0.452,0.701,0.34,0.416,0.616,0.699,0.534,0.393,0.437,0.419,0.604,0.395,0.615,0.41,0.403,0.536,1.0,0.589,0.576,0.53,0.583,0.62,0.612,0.738,0.727,0.734,0.614,0.405,0.447,0.451,0.363,0.615,0.0,0.621,0.688,0.414,0.53,0.598,0.405,0.62,0.38,0.664,0.611,0.391,0.401,0.369,0.682,0.679,0.389,0.445
0.451,0.589,0.318,0.403,0.645,0.599,0.551,0.386,0.425,0.409,0.653,0.381,0.704,0.393,0.387,0.553,0.589,1.0,0.732,0.554,0.714,0.735,0.728,0.595,0.583,0.584,0.709,0.397,0.426,0.437,0.364,0.656,0.0,0.694,0.565,0.407,0.549,0.666,0.4,0.698,0.377,0.614,0.69,0.379,0.388,0.367,0.611,0.609,0.379,0.432
0.449,0.583,0.332,0.39,0.663,0.594,0.559,0.398,0.433,0.397,0.647,0.385,0.707,0.381,0.376,0.559,0.576,0.732,1.0,0.562,0.726,0.726,0.727,0.587,0.571,0.564,0.711,0.402,0.421,0.441,0.37,0.698,0.0,0.69,0.563,0.402,0.557,0.703,0.404,0.706,0.386,0.6,0.705,0.389,0.396,0.389,0.601,0.603,0.378,0.435
0.468,0.527,0.334,0.39,0.553,0.538,0.986,0.391,0.452,0.395,0.532,0.396,0.525,0.388,0.398,0.954,0.53,0.554,0.562,1.0,0.568,0.571,0.588,0.534,0.521,0.52,0.543,0.397,0.446,0.459,0.367,0.545,0.0,0.553,0.509,0.412,0.987,0.539,0.399,0.545,0.379,0.522,0.545,0.379,0.39,0.391,0.532,0.532,0.381,0.46
0.441,0.579,0.33,0.378,0.664,0.576,0.566,0.391,0.428,0.381,0.651,0.384,0.703,0.369,0.376,0.554,0.583,0.714,0.726,0.568,1.0,0.73,0.751,0.586,0.563,0.576,0.698,0.39,0.414,0.431,0.363,0.705,0.0,0.711,0.549,0.392,0.563,0.694,0.397,0.702,0.379,0.591,0.693,0.386,0.393,0.395,0.608,0.609,0.371,0.428
0.472,0.592,0.331,0.408,0.68,0.602,0.569,0.39,0.448,0.41,0.681,0.391,0.771,0.402,0.402,0.571,0.62,0.735,0.726,0.571,0.73,1.0,0.93,0.6,0.592,0.588,0.738,0.401,0.443,0.453,0.365,0.698,0.0,0.886,0.572,0.412,0.568,0.711,0.397,0.74,0.384,0.614,0.738,0.383,0.391,0.382,0.612,0.608,0.387,0.449
0.478,0.589,0.333,0.403,0.685,0.6,0.587,0.397,0.451,0.402,0.67,0.4,0.754,0.396,0.4,0.577,0.612,0.728,0.727,0.588,0.751,0.93,1.0,0.597,0.59,0.586,0.725,0.406,0.444,0.448,0.366,0.709,0.0,0.868,0.565,0.418,0.584,0.713,0.411,0.726,0.388,0.606,0.727,0.389,0.397,0.384,0.605,0.606,0.387,0.449
0.462,0.776,0.329,0.409,0.619,0.785,0.538,0.403,0.437,0.413,0.65,0.393,0.622,0.401,0.389,0.542,0.738,0.595,0.587,0.534,0.586,0.6,0.597,1.0,0.806,0.756,0.613,0.4,0.441,0.452,0.354,0.594,0.0,0.604,0.805,0.407,0.534,0.604,0.393,0.604,0.374,0.68,0.606,0.384,0.396,0.382,0.693,0.69,0.381,0.444
0.462,0.796,0.337,0.419,0.615,0.812,0.52,0.388,0.428,0.416,0.6,0.398,0.605,0.404,0.397,0.531,0.727,0.583,0.571,0.521,0.563,0.592,0.59,0.806,1.0,0.731,0.6,0.395,0.43,0.443,0.357,0.598,0.0,0.587,0.768,0.394,0.52,0.592,0.404,0.584,0.38,0.676,0.608,0.396,0.395,0.382,0.691,0.687,0.404,0.44
0.438,0.7,0.317,0.401,0.606,0.688,0.522,0.38,0.414,0.411,0.63,0.385,0.596,0.394,0.385,0.526,0.734,0.584,0.564,0.52,0.576,0.588,0.586,0.756,0.731,1.0,0.593,0.388,0.421,0.431,0.354,0.577,0.0,0.581,0.704,0.402,0.518,0.583,0.391,0.601,0.371,0.658,0.582,0.38,0.385,0.372,0.678,0.675,0.394,0.423
0.464,0.597,0.332,0.417,0.678,0.612,0.547,0.397,0.452,0.423,0.695,0.391,0.773,0.406,0.402,0.549,0.614,0.709,0.711,0.543,0.698,0.738,0.725,0.613,0.6,0.593,1.0,0.404,0.444,0.459,0.377,0.71,0.0,0.728,0.579,0.416,0.542,0.803,0.406,0.763,0.392,0.62,0.836,0.393,0.392,0.397,0.61,0.607,0.399,0.457
0.442,0.418,0.338,0.723,0.419,0.409,0.398,0.904,0.426,0.72,0.401,0.718,0.405,0.712,0.722,0.396,0.405,0.397,0.402,0.397,0.39,0.401,0.406,0.4,0.395,0.388,0.404,1.0,0.472,0.422,0.694,0.405,0.0,0.402,0.368,0.629,0.395,0.441,0.679,0.403,0.732,0.404,0.404,0.958,0.95,0.422,0.404,0.405,0.672,0.461
0.512,0.445,0.372,0.456,0.469,0.458,0.448,0.464,0.497,0.459,0.443,0.47,0.44,0.466,0.471,0.448,0.447,0.426,0.421,0.446,0.414,0.443,0.444,0.441,0.43,0.421,0.444,0.472,1.0,0.511,0.429,0.438,0.0,0.448,0.411,0.464,0.447,0.456,0.449,0.445,0.442,0.438,0.448,0.456,0.468,0.547,0.436,0.435,0.45,0.851
0.592,0.462,0.368,0.423,0.466,0.457,0.462,0.414,0.586,0.423,0.446,0.424,0.463,0.42,0.425,0.466,0.451,0.437,0.441,0.459,0.431,0.453,0.448,0.452,0.443,0.431,0.459,0.422,0.511,1.0,0.388,0.432,0.0,0.456,0.424,0.425,0.461,0.453,0.407,0.468,0.407,0.451,0.468,0.406,0.414,0.47,0.454,0.454,0.422,0.529
0.397,0.375,0.319,0.673,0.389,0.373,0.368,0.686,0.402,0.713,0.371,0.675,0.373,0.678,0.685,0.367,0.363,0.364,0.37,0.367,0.363,0.365,0.366,0.354,0.357,0.354,0.377,0.694,0.429,0.388,1.0,0.376,0.0,0.369,0.337,0.603,0.366,0.378,0.665,0.369,0.879,0.37,0.373,0.694,0.696,0.411,0.372,0.373,0.642,0.421
0.448,0.595,0.337,0.406,0.674,0.597,0.545,0.401,0.431,0.395,0.652,0.397,0.692,0.391,0.394,0.531,0.615,0.656,0.698,0.545,0.705,0.698,0.709,0.594,0.598,0.577,0.71,0.405,0.438,0.432,0.376,1.0,0.0,0.693,0.55,0.396,0.541,0.718,0.423,0.719,0.39,0.601,0.72,0.4,0.408,0.388,0.615,0.617,0.383,0.438
0.0,0.0,0.0,0.0,0.0,0.0,0.0,0.0,0.0,0.0,0.0,0.0,0.0,0.0,0.0,0.0,0.0,0.0,0.0,0.0,0.0,0.0,0.0,0.0,0.0,0.0,0.0,0.0,0.0,0.0,0.0,0.0,1.0,0.0,0.0,0.0,0.0,0.0,0.0,0.0,0.0,0.0,0.0,0.0,0.0,0.0,0.0,0.0,0.0,0.0
0.474,0.592,0.337,0.407,0.682,0.61,0.555,0.392,0.452,0.408,0.673,0.392,0.765,0.399,0.403,0.553,0.621,0.694,0.69,0.553,0.711,0.886,0.868,0.604,0.587,0.581,0.728,0.402,0.448,0.456,0.369,0.693,0.0,1.0,0.573,0.424,0.551,0.707,0.405,0.731,0.385,0.606,0.729,0.384,0.391,0.382,0.608,0.606,0.386,0.454
0.432,0.724,0.311,0.383,0.593,0.744,0.512,0.366,0.411,0.382,0.627,0.366,0.596,0.378,0.368,0.517,0.688,0.565,0.563,0.509,0.549,0.572,0.565,0.805,0.768,0.704,0.579,0.368,0.411,0.424,0.337,0.55,0.0,0.573,1.0,0.376,0.509,0.566,0.373,0.581,0.356,0.642,0.583,0.352,0.362,0.364,0.654,0.651,0.362,0.421
0.431,0.402,0.324,0.632,0.416,0.413,0.415,0.597,0.429,0.652,0.419,0.633,0.408,0.639,0.646,0.415,0.414,0.407,0.402,0.412,0.392,0.412,0.418,0.407,0.394,0.402,0.416,0.629,0.464,0.425,0.603,0.396,0.0,0.424,0.376,1.0,0.41,0.407,0.637,0.414,0.629,0.408,0.41,0.6,0.623,0.42,0.407,0.404,0.629,0.472
0.465,0.526,0.332,0.39,0.55,0.538,0.987,0.388,0.451,0.394,0.532,0.393,0.525,0.388,0.397,0.957,0.53,0.549,0.557,0.987,0.563,0.568,0.584,0.534,0.52,0.518,0.542,0.395,0.447,0.461,0.366,0.541,0.0,0.551,0.509,0.41,1.0,0.539,0.397,0.543,0.378,0.518,0.546,0.376,0.386,0.391,0.531,0.531,0.382,0.458
0.483,0.613,0.339,0.407,0.699,0.621,0.541,0.442,0.453,0.416,0.667,0.408,0.724,0.401,0.409,0.538,0.598,0.666,0.703,0.539,0.694,0.711,0.713,0.604,0.592,0.583,0.803,0.441,0.456,0.453,0.378,0.718,0.0,0.707,0.566,0.407,0.539,1.0,0.422,0.728,0.397,0.614,0.851,0.426,0.416,0.396,0.631,0.634,0.407,0.46
0.429,0.398,0.344,0.662,0.42,0.424,0.402,0.677,0.426,0.681,0.398,0.675,0.403,0.661,0.673,0.4,0.405,0.4,0.404,0.399,0.397,0.397,0.411,0.393,0.404,0.391,0.406,0.679,0.449,0.407,0.665,0.423,0.0,0.405,0.373,0.637,0.397,0.422,1.0,0.403,0.678,0.407,0.413,0.679,0.687,0.431,0.397,0.397,0.65,0.448
0.463,0.598,0.329,0.418,0.698,0.611,0.548,0.396,0.445,0.424,0.723,0.395,0.761,0.411,0.399,0.552,0.62,0.698,0.706,0.545,0.702,0.74,0.726,0.604,0.584,0.601,0.763,0.403,0.445,0.468,0.369,0.719,0.0,0.731,0.581,0.414,0.543,0.728,0.403,1.0,0.39,0.619,0.747,0.383,0.393,0.392,0.636,0.632,0.385,0.457
0.415,0.398,0.328,0.707,0.42,0.395,0.38,0.695,0.416,0.742,0.39,0.717,0.39,0.707,0.713,0.38,0.38,0.377,0.386,0.379,0.379,0.384,0.388,0.374,0.38,0.371,0.392,0.732,0.442,0.407,0.879,0.39,0.0,0.385,0.356,0.629,0.378,0.397,0.678,0.39,1.0,0.392,0.392,0.711,0.724,0.415,0.386,0.387,0.662,0.441
0.459,0.669,0.335,0.411,0.634,0.687,0.523,0.396,0.438,0.418,0.623,0.399,0.629,0.407,0.399,0.53,0.664,0.614,0.6,0.522,0.591,0.614,0.606,0.68,0.676,0.658,0.62,0.404,0.438,0.451,0.37,0.601,0.0,0.606,0.642,0.408,0.518,0.614,0.407,0.619,0.392,1.0,0.644,0.387,0.389,0.38,0.719,0.715,0.394,0.44
0.475,0.608,0.338,0.413,0.703,0.622,0.548,0.399,0.453,0.412,0.689,0.4,0.753,0.402,0.408,0.548,0.611,0.69,0.705,0.545,0.693,0.738,0.727,0.606,0.608,0.582,0.836,0.404,0.448,0.468,0.373,0.72,0.0,0.729,0.583,0.41,0.546,0.851,0.413,0.747,0.392,0.644,1.0,0.393,0.394,0.391,0.63,0.627,0.393,0.459
0.429,0.417,0.345,0.698,0.401,0.398,0.381,0.906,0.409,0.693,0.383,0.699,0.388,0.687,0.695,0.377,0.391,0.379,0.389,0.379,0.386,0.383,0.389,0.384,0.396,0.38,0.393,0.958,0.456,0.406,0.694,0.4,0.0,0.384,0.352,0.6,0.376,0.426,0.679,0.383,0.711,0.387,0.393,1.0,0.95,0.426,0.389,0.39,0.667,0.443
0.447,0.418,0.335,0.713,0.411,0.402,0.393,0.887,0.422,0.715,0.39,0.72,0.391,0.701,0.713,0.388,0.401,0.388,0.396,0.39,0.393,0.391,0.397,0.396,0.395,0.385,0.392,0.95,0.468,0.414,0.696,0.408,0.0,0.391,0.362,0.623,0.386,0.416,0.687,0.393,0.724,0.389,0.394,0.95,1.0,0.422,0.397,0.398,0.667,0.458
0.457,0.393,0.343,0.406,0.41,0.395,0.391,0.431,0.45,0.415,0.387,0.431,0.384,0.419,0.429,0.394,0.369,0.367,0.389,0.391,0.395,0.382,0.384,0.382,0.382,0.372,0.397,0.422,0.547,0.47,0.411,0.388,0.0,0.382,0.364,0.42,0.391,0.396,0.431,0.392,0.415,0.38,0.391,0.426,0.422,1.0,0.41,0.41,0.425,0.592
0.449,0.699,0.338,0.405,0.649,0.699,0.533,0.392,0.434,0.416,0.614,0.401,0.615,0.398,0.408,0.541,0.682,0.611,0.601,0.532,0.608,0.612,0.605,0.693,0.691,0.678,0.61,0.404,0.436,0.454,0.372,0.615,0.0,0.608,0.654,0.407,0.531,0.631,0.397,0.636,0.386,0.719,0.63,0.389,0.397,0.41,1.0,0.993,0.396,0.451
0.449,0.697,0.338,0.401,0.651,0.696,0.533,0.394,0.434,0.412,0.611,0.402,0.611,0.394,0.407,0.536,0.679,0.609,0.603,0.532,0.609,0.608,0.606,0.69,0.687,0.675,0.607,0.405,0.435,0.454,0.373,0.617,0.0,0.606,0.651,0.404,0.531,0.634,0.397,0.632,0.387,0.715,0.627,0.39,0.398,0.41,0.993,1.0,0.396,0.451
0.424,0.415,0.335,0.66,0.413,0.406,0.384,0.641,0.416,0.694,0.393,0.665,0.395,0.668,0.68,0.385,0.389,0.379,0.378,0.381,0.371,0.387,0.387,0.381,0.404,0.394,0.399,0.672,0.45,0.422,0.642,0.383,0.0,0.386,0.362,0.629,0.382,0.407,0.65,0.385,0.662,0.394,0.393,0.667,0.667,0.425,0.396,0.396,1.0,0.451
0.526,0.455,0.373,0.458,0.473,0.464,0.461,0.456,0.516,0.451,0.45,0.462,0.443,0.461,0.473,0.46,0.445,0.432,0.435,0.46,0.428,0.449,0.449,0.444,0.44,0.423,0.457,0.461,0.851,0.529,0.421,0.438,0.0,0.454,0.421,0.472,0.458,0.46,0.448,0.457,0.441,0.44,0.459,0.443,0.458,0.592,0.451,0.451,0.451,1.0
