GCF_000163235.1_ASM16323v1_genomic.fna,GCF_000164555.1_ASM16455v1_genomic.fna,GCF_000208545.1_ASM20854v2_genomic.fna,GCF_000233875.1_ASM23387v1_genomic.fna,GCF_000249735.1_ASM24973v2_genomic.fna,GCF_000261145.1_Esch_coli_M919_V2_genomic.fna,GCF_000267705.2_ASM26770v2_genomic.fna,GCF_000350665.1_Esch_coli_KTE5_V1_genomic.fna,GCF_000351625.1_Esch_coli_KTE66_V1_genomic.fna,GCF_000352285.1_Esch_coli_KTE46_V1_genomic.fna,GCF_000358895.1_ASM35889v1_genomic.fna,GCF_000456385.1_Esch_coli_HVH_26_4-5703913_V1_genomic.fna,GCF_000458195.1_Esch_coli_HVH_147_4-5893887_V1_genomic.fna,GCF_000459755.1_Esch_coli_KOEGE_58_171a_V1_genomic.fna,GCF_000460055.1_Esch_coli_UMEA_3053-1_V1_genomic.fna,GCF_000462165.2_ASM46216v2_genomic.fna,GCF_000601135.1_ASM60113v1_genomic.fna,GCF_000614595.1_Ec2010EL1058_genomic.fna,GCF_000617745.1_Ec2010C-4529_genomic.fna,GCF_000618265.2_EcF6751_genomic.fna,GCF_000619005.2_Ec2009C-4052_genomic.fna,GCF_000619105.1_Ec2009C-4780_genomic.fna,GCF_000619765.2_Ec2009C-3279_genomic.fna,GCF_000687005.1_ASM68700v1_genomic.fna,GCF_000687025.1_ASM68702v1_genomic.fna,GCF_000700125.1_ASM70012v1_genomic.fna,GCF_000753315.1_FHI35_genomic.fna,GCF_000776375.1_ASM77637v1_genomic.fna,GCF_000779395.1_ASM77939v1_genomic.fna,GCF_000780315.1_ASM78031v1_genomic.fna,GCF_000781995.1_ASM78199v1_genomic.fna,GCF_000986765.1_ASM98676v1_genomic.fna,GCF_001041375.1_ViralProj287958_genomic.fna,GCF_001265335.1_302014_genomic.fna,GCF_001265625.1_100854_genomic.fna,GCF_001267345.1_303289_genomic.fna,GCF_001309985.1_ASM130998v1_genomic.fna,GCF_001521695.1_ASM152169v1_genomic.fna,GCF_001592595.1_ASM159259v1_genomic.fna,GCF_001614975.1_ASM161497v1_genomic.fna,GCF_001692775.1_ASM169277v1_genomic.fna,GCF_001748915.1_ASM174891v1_genomic.fna,GCF_001749235.1_ASM174923v1_genomic.fna,GCF_001881155.1_ASM188115v1_genomic.fna,GCF_001881345.1_ASM188134v1_genomic.fna,GCF_001892405.1_ASM189240v1_genomic.fna,GCF_001892585.1_ASM189258v1_genomic.fna,GCF_001893985.1_ASM189398v1_genomic.fna,GCF_002001595.1_ASM200159v1_genomic.fna,GCF_002002145.1_ASM200214v1_genomic.fna
1.0,0.498,0.412,0.425,0.488,0.475,0.463,0.43,0.579,0.429,0.468,0.435,0.467,0.417,0.407,0.462,0.481,0.48,0.48,0.461,0.473,0.458,0.47,0.465,0.474,0.464,0.461,0.428,0.528,0.579,0.414,0.483,0.0,0.457,0.444,0.398,0.461,0.49,0.417,0.472,0.422,0.481,0.477,0.434,0.444,0.491,0.487,0.487,0.41,0.539
0.498,1.0,0.354,0.404,0.629,0.795,0.529,0.413,0.466,0.398,0.576,0.435,0.602,0.386,0.403,0.528,0.712,0.608,0.615,0.527,0.592,0.592,0.599,0.78,0.809,0.693,0.597,0.404,0.468,0.474,0.394,0.612,0.0,0.591,0.752,0.382,0.529,0.631,0.404,0.604,0.4,0.696,0.612,0.418,0.417,0.405,0.694,0.692,0.408,0.463
0.412,0.354,1.0,0.302,0.337,0.342,0.321,0.308,0.374,0.304,0.328,0.303,0.327,0.3,0.299,0.32,0.34,0.345,0.338,0.32,0.338,0.334,0.34,0.33,0.347,0.324,0.339,0.3,0.354,0.376,0.303,0.343,0.0,0.337,0.314,0.285,0.32,0.337,0.314,0.342,0.31,0.337,0.35,0.309,0.302,0.349,0.344,0.344,0.31,0.363
0.425,0.404,0.302,1.0,0.397,0.39,0.386,0.706,0.421,0.68,0.376,0.714,0.371,0.73,0.744,0.383,0.386,0.39,0.396,0.384,0.376,0.388,0.391,0.374,0.387,0.372,0.373,0.729,0.45,0.41,0.721,0.393,0.0,0.374,0.367,0.6,0.383,0.385,0.689,0.38,0.745,0.38,0.379,0.735,0.734,0.416,0.378,0.377,0.644,0.465
0.488,0.629,0.337,0.397,1.0,0.636,0.53,0.414,0.453,0.391,0.753,0.421,0.671,0.393,0.404,0.531,0.628,0.639,0.673,0.53,0.674,0.646,0.658,0.603,0.617,0.606,0.667,0.406,0.457,0.469,0.394,0.68,0.0,0.664,0.595,0.38,0.53,0.678,0.402,0.675,0.4,0.631,0.695,0.409,0.417,0.409,0.649,0.648,0.395,0.457
0.475,0.795,0.342,0.39,0.636,1.0,0.551,0.428,0.462,0.395,0.588,0.425,0.616,0.391,0.402,0.553,0.703,0.636,0.615,0.543,0.59,0.609,0.619,0.781,0.812,0.683,0.605,0.409,0.468,0.473,0.391,0.605,0.0,0.608,0.772,0.388,0.547,0.625,0.422,0.602,0.401,0.714,0.624,0.416,0.414,0.398,0.7,0.699,0.401,0.482
0.463,0.529,0.321,0.386,0.53,0.551,1.0,0.389,0.456,0.386,0.507,0.395,0.513,0.378,0.39,0.955,0.535,0.56,0.553,0.984,0.559,0.538,0.558,0.533,0.542,0.521,0.523,0.385,0.441,0.465,0.384,0.529,0.0,0.519,0.523,0.383,0.989,0.517,0.399,0.52,0.388,0.544,0.533,0.389,0.391,0.398,0.53,0.525,0.378,0.45
0.43,0.413,0.308,0.706,0.414,0.428,0.389,1.0,0.427,0.671,0.381,0.696,0.391,0.689,0.676,0.389,0.393,0.399,0.404,0.385,0.377,0.392,0.399,0.414,0.412,0.388,0.386,0.891,0.454,0.425,0.698,0.397,0.0,0.394,0.385,0.589,0.385,0.414,0.68,0.388,0.706,0.398,0.396,0.901,0.89,0.411,0.387,0.386,0.628,0.453
0.579,0.466,0.374,0.421,0.453,0.462,0.456,0.427,1.0,0.418,0.444,0.411,0.456,0.414,0.404,0.456,0.457,0.46,0.465,0.455,0.446,0.455,0.461,0.445,0.453,0.44,0.451,0.422,0.519,0.595,0.423,0.446,0.0,0.445,0.432,0.411,0.454,0.45,0.419,0.463,0.424,0.476,0.459,0.425,0.426,0.454,0.461,0.457,0.408,0.533
0.429,0.398,0.304,0.68,0.391,0.395,0.386,0.671,0.418,1.0,0.418,0.689,0.39,0.713,0.678,0.387,0.375,0.389,0.377,0.381,0.357,0.382,0.371,0.409,0.391,0.4,0.372,0.702,0.442,0.409,0.722,0.366,0.0,0.356,0.397,0.614,0.383,0.371,0.672,0.403,0.723,0.383,0.374,0.686,0.688,0.399,0.369,0.367,0.656,0.439
0.468,0.576,0.328,0.376,0.753,0.588,0.507,0.381,0.444,0.418,1.0,0.4,0.734,0.401,0.387,0.513,0.574,0.655,0.648,0.502,0.653,0.677,0.654,0.627,0.594,0.621,0.685,0.4,0.44,0.456,0.383,0.635,0.0,0.633,0.639,0.389,0.504,0.664,0.385,0.719,0.381,0.613,0.686,0.388,0.385,0.385,0.599,0.597,0.394,0.445
0.435,0.435,0.303,0.714,0.421,0.425,0.395,0.696,0.411,0.689,0.4,1.0,0.403,0.717,0.843,0.396,0.405,0.41,0.407,0.388,0.392,0.411,0.405,0.414,0.425,0.41,0.398,0.71,0.461,0.404,0.692,0.407,0.0,0.389,0.394,0.602,0.391,0.411,0.68,0.406,0.717,0.403,0.412,0.711,0.702,0.404,0.401,0.398,0.632,0.45
0.467,0.602,0.327,0.371,0.671,0.616,0.513,0.391,0.456,0.39,0.734,0.403,1.0,0.391,0.383,0.52,0.59,0.69,0.702,0.507,0.694,0.769,0.748,0.634,0.605,0.625,0.748,0.402,0.446,0.464,0.378,0.694,0.0,0.731,0.614,0.382,0.511,0.71,0.382,0.772,0.375,0.631,0.722,0.39,0.386,0.382,0.611,0.608,0.398,0.452
0.417,0.386,0.3,0.73,0.393,0.391,0.378,0.689,0.414,0.713,0.401,0.717,0.391,1.0,0.752,0.378,0.378,0.392,0.38,0.374,0.358,0.392,0.379,0.392,0.39,0.392,0.379,0.742,0.452,0.406,0.717,0.378,0.0,0.365,0.386,0.625,0.376,0.386,0.686,0.399,0.732,0.383,0.382,0.724,0.717,0.4,0.37,0.369,0.67,0.449
0.407,0.403,0.299,0.744,0.404,0.402,0.39,0.676,0.404,0.678,0.387,0.843,0.383,0.752,1.0,0.387,0.392,0.395,0.389,0.385,0.373,0.398,0.39,0.385,0.403,0.386,0.386,0.703,0.447,0.397,0.72,0.385,0.0,0.374,0.382,0.591,0.387,0.395,0.675,0.391,0.736,0.389,0.397,0.705,0.696,0.411,0.386,0.385,0.639,0.457
0.462,0.528,0.32,0.383,0.531,0.553,0.955,0.389,0.456,0.387,0.513,0.396,0.52,0.378,0.387,1.0,0.54,0.561,0.551,0.952,0.544,0.538,0.55,0.537,0.545,0.523,0.529,0.388,0.441,0.466,0.384,0.515,0.0,0.516,0.526,0.389,0.953,0.518,0.399,0.521,0.385,0.551,0.534,0.392,0.393,0.396,0.528,0.523,0.382,0.447
0.481,0.712,0.34,0.386,0.628,0.703,0.535,0.393,0.457,0.375,0.574,0.405,0.59,0.378,0.392,0.54,1.0,0.594,0.614,0.532,0.605,0.602,0.607,0.705,0.714,0.716,0.588,0.392,0.457,0.465,0.375,0.641,0.0,0.601,0.676,0.376,0.535,0.596,0.402,0.589,0.379,0.681,0.605,0.396,0.402,0.391,0.685,0.685,0.385,0.454
0.48,0.608,0.345,0.39,0.639,0.636,0.56,0.399,0.46,0.389,0.655,0.41,0.69,0.392,0.395,0.561,0.594,1.0,0.723,0.552,0.679,0.717,0.711,0.61,0.617,0.609,0.695,0.4,0.442,0.469,0.392,0.664,0.0,0.671,0.597,0.392,0.555,0.663,0.395,0.681,0.388,0.63,0.686,0.401,0.396,0.384,0.615,0.613,0.387,0.46
0.48,0.615,0.338,0.396,0.673,0.615,0.553,0.404,0.465,0.377,0.648,0.407,0.702,0.38,0.389,0.551,0.614,0.723,1.0,0.552,0.726,0.727,0.732,0.594,0.599,0.593,0.707,0.402,0.454,0.474,0.382,0.697,0.0,0.696,0.586,0.387,0.551,0.696,0.399,0.677,0.385,0.621,0.702,0.404,0.406,0.398,0.621,0.62,0.379,0.459
0.461,0.527,0.32,0.384,0.53,0.543,0.984,0.385,0.455,0.381,0.502,0.388,0.507,0.374,0.385,0.952,0.532,0.552,0.552,1.0,0.559,0.533,0.556,0.525,0.54,0.514,0.517,0.382,0.441,0.464,0.379,0.527,0.0,0.517,0.519,0.38,0.991,0.511,0.397,0.516,0.383,0.539,0.527,0.385,0.389,0.397,0.529,0.524,0.374,0.449
0.473,0.592,0.338,0.376,0.674,0.59,0.559,0.377,0.446,0.357,0.653,0.392,0.694,0.358,0.373,0.544,0.605,0.679,0.726,0.559,1.0,0.718,0.743,0.59,0.59,0.585,0.693,0.372,0.43,0.463,0.364,0.707,0.0,0.714,0.566,0.373,0.559,0.679,0.388,0.683,0.372,0.588,0.686,0.375,0.379,0.392,0.625,0.623,0.362,0.442
0.458,0.592,0.334,0.388,0.646,0.609,0.538,0.392,0.455,0.382,0.677,0.411,0.769,0.392,0.398,0.538,0.602,0.717,0.727,0.533,0.718,1.0,0.902,0.608,0.607,0.592,0.727,0.402,0.448,0.455,0.382,0.696,0.0,0.853,0.589,0.386,0.536,0.695,0.38,0.723,0.383,0.609,0.72,0.395,0.39,0.377,0.598,0.596,0.397,0.456
0.47,0.599,0.34,0.391,0.658,0.619,0.558,0.399,0.461,0.371,0.654,0.405,0.748,0.379,0.39,0.55,0.607,0.711,0.732,0.556,0.743,0.902,1.0,0.59,0.599,0.575,0.724,0.394,0.455,0.456,0.379,0.712,0.0,0.862,0.572,0.38,0.558,0.699,0.396,0.7,0.384,0.604,0.707,0.397,0.401,0.38,0.598,0.597,0.378,0.461
0.465,0.78,0.33,0.374,0.603,0.781,0.533,0.414,0.445,0.409,0.627,0.414,0.634,0.392,0.385,0.537,0.705,0.61,0.594,0.525,0.59,0.608,0.59,1.0,0.816,0.734,0.605,0.4,0.443,0.455,0.382,0.587,0.0,0.583,0.816,0.391,0.531,0.598,0.388,0.625,0.382,0.698,0.612,0.39,0.39,0.371,0.671,0.668,0.396,0.442
0.474,0.809,0.347,0.387,0.617,0.812,0.542,0.412,0.453,0.391,0.594,0.425,0.605,0.39,0.403,0.545,0.714,0.617,0.599,0.54,0.59,0.607,0.599,0.816,1.0,0.736,0.608,0.401,0.446,0.459,0.387,0.603,0.0,0.583,0.788,0.382,0.542,0.611,0.399,0.607,0.394,0.703,0.627,0.41,0.407,0.391,0.678,0.677,0.416,0.452
0.464,0.693,0.324,0.372,0.606,0.683,0.521,0.388,0.44,0.4,0.621,0.41,0.625,0.392,0.386,0.523,0.716,0.609,0.593,0.514,0.585,0.592,0.575,0.734,0.736,1.0,0.6,0.392,0.439,0.443,0.38,0.579,0.0,0.564,0.703,0.394,0.518,0.595,0.386,0.63,0.381,0.689,0.605,0.392,0.388,0.383,0.671,0.668,0.401,0.446
0.461,0.597,0.339,0.373,0.667,0.605,0.523,0.386,0.451,0.372,0.685,0.398,0.748,0.379,0.386,0.529,0.588,0.695,0.707,0.517,0.693,0.727,0.724,0.605,0.608,0.6,1.0,0.388,0.434,0.455,0.38,0.709,0.0,0.691,0.59,0.38,0.521,0.809,0.376,0.747,0.377,0.621,0.833,0.39,0.382,0.384,0.602,0.599,0.378,0.441
0.428,0.404,0.3,0.729,0.406,0.409,0.385,0.891,0.422,0.702,0.4,0.71,0.402,0.742,0.703,0.388,0.392,0.4,0.402,0.382,0.372,0.402,0.394,0.4,0.401,0.392,0.388,1.0,0.453,0.417,0.71,0.398,0.0,0.379,0.39,0.615,0.382,0.405,0.672,0.399,0.723,0.395,0.395,0.96,0.939,0.402,0.384,0.383,0.66,0.444
0.528,0.468,0.354,0.45,0.457,0.468,0.441,0.454,0.519,0.442,0.44,0.461,0.446,0.452,0.447,0.441,0.457,0.442,0.454,0.441,0.43,0.448,0.455,0.443,0.446,0.439,0.434,0.453,1.0,0.514,0.456,0.442,0.0,0.442,0.421,0.439,0.44,0.45,0.455,0.432,0.458,0.441,0.449,0.455,0.458,0.545,0.447,0.445,0.436,0.842
0.579,0.474,0.376,0.41,0.469,0.473,0.465,0.425,0.595,0.409,0.456,0.404,0.464,0.406,0.397,0.466,0.465,0.469,0.474,0.464,0.463,0.455,0.456,0.455,0.459,0.443,0.455,0.417,0.514,1.0,0.409,0.456,0.0,0.445,0.446,0.399,0.464,0.451,0.411,0.464,0.415,0.48,0.464,0.42,0.421,0.472,0.474,0.471,0.404,0.521
0.414,0.394,0.303,0.721,0.394,0.391,0.384,0.698,0.423,0.722,0.383,0.692,0.378,0.717,0.72,0.384,0.375,0.392,0.382,0.379,0.364,0.382,0.379,0.382,0.387,0.38,0.38,0.71,0.456,0.409,1.0,0.375,0.0,0.367,0.37,0.601,0.381,0.382,0.667,0.385,0.895,0.386,0.379,0.711,0.705,0.401,0.37,0.367,0.647,0.456
0.483,0.612,0.343,0.393,0.68,0.605,0.529,0.397,0.446,0.366,0.635,0.407,0.694,0.378,0.385,0.515,0.641,0.664,0.697,0.527,0.707,0.696,0.712,0.587,0.603,0.579,0.709,0.398,0.442,0.456,0.375,1.0,0.0,0.701,0.569,0.364,0.528,0.717,0.39,0.703,0.378,0.619,0.719,0.402,0.402,0.387,0.636,0.635,0.373,0.437
0.0,0.0,0.0,0.0,0.0,0.0,0.0,0.0,0.0,0.0,0.0,0.0,0.0,0.0,0.0,0.0,0.0,0.0,0.0,0.0,0.0,0.0,0.0,0.0,0.0,0.0,0.0,0.0,0.0,0.0,0.0,0.0,1.0,0.0,0.0,0.0,0.0,0.0,0.0,0.0,0.0,0.0,0.0,0.0,0.0,0.0,0.0,0.0,0.0,0.0
0.457,0.591,0.337,0.374,0.664,0.608,0.519,0.394,0.445,0.356,0.633,0.389,0.731,0.365,0.374,0.516,0.601,0.671,0.696,0.517,0.714,0.853,0.862,0.583,0.583,0.564,0.691,0.379,0.442,0.445,0.367,0.701,0.0,1.0,0.567,0.385,0.519,0.684,0.384,0.686,0.368,0.598,0.701,0.383,0.385,0.378,0.598,0.597,0.362,0.452
0.444,0.752,0.314,0.367,0.595,0.772,0.523,0.385,0.432,0.397,0.639,0.394,0.614,0.386,0.382,0.526,0.676,0.597,0.586,0.519,0.566,0.589,0.572,0.816,0.788,0.703,0.59,0.39,0.421,0.446,0.37,0.569,0.0,0.567,1.0,0.383,0.521,0.571,0.382,0.611,0.371,0.681,0.592,0.379,0.383,0.371,0.649,0.645,0.385,0.427
0.398,0.382,0.285,0.6,0.38,0.388,0.383,0.589,0.411,0.614,0.389,0.602,0.382,0.625,0.591,0.389,0.376,0.392,0.387,0.38,0.373,0.386,0.38,0.391,0.382,0.394,0.38,0.615,0.439,0.399,0.601,0.364,0.0,0.385,0.383,1.0,0.381,0.374,0.621,0.386,0.61,0.381,0.377,0.601,0.596,0.379,0.361,0.36,0.595,0.435
0.461,0.529,0.32,0.383,0.53,0.547,0.989,0.385,0.454,0.383,0.504,0.391,0.511,0.376,0.387,0.953,0.535,0.555,0.551,0.991,0.559,0.536,0.558,0.531,0.542,0.518,0.521,0.382,0.44,0.464,0.381,0.528,0.0,0.519,0.521,0.381,1.0,0.515,0.397,0.517,0.385,0.542,0.531,0.385,0.389,0.397,0.529,0.524,0.375,0.448
0.49,0.631,0.337,0.385,0.678,0.625,0.517,0.414,0.45,0.371,0.664,0.411,0.71,0.386,0.395,0.518,0.596,0.663,0.696,0.511,0.679,0.695,0.699,0.598,0.611,0.595,0.809,0.405,0.45,0.451,0.382,0.717,0.0,0.684,0.571,0.374,0.515,1.0,0.389,0.716,0.39,0.626,0.855,0.414,0.401,0.396,0.637,0.634,0.379,0.456
0.417,0.404,0.314,0.689,0.402,0.422,0.399,0.68,0.419,0.672,0.385,0.68,0.382,0.686,0.675,0.399,0.402,0.395,0.399,0.397,0.388,0.38,0.396,0.388,0.399,0.386,0.376,0.672,0.455,0.411,0.667,0.39,0.0,0.384,0.382,0.621,0.397,0.389,1.0,0.383,0.68,0.401,0.386,0.679,0.687,0.406,0.388,0.386,0.628,0.451
0.472,0.604,0.342,0.38,0.675,0.602,0.52,0.388,0.463,0.403,0.719,0.406,0.772,0.399,0.391,0.521,0.589,0.681,0.677,0.516,0.683,0.723,0.7,0.625,0.607,0.63,0.747,0.399,0.432,0.464,0.385,0.703,0.0,0.686,0.611,0.386,0.517,0.716,0.383,1.0,0.381,0.621,0.733,0.387,0.392,0.389,0.626,0.623,0.385,0.45
0.422,0.4,0.31,0.745,0.4,0.401,0.388,0.706,0.424,0.723,0.381,0.717,0.375,0.732,0.736,0.385,0.379,0.388,0.385,0.383,0.372,0.383,0.384,0.382,0.394,0.381,0.377,0.723,0.458,0.415,0.895,0.378,0.0,0.368,0.371,0.61,0.385,0.39,0.68,0.381,1.0,0.389,0.378,0.731,0.731,0.403,0.373,0.371,0.651,0.459
0.481,0.696,0.337,0.38,0.631,0.714,0.544,0.398,0.476,0.383,0.613,0.403,0.631,0.383,0.389,0.551,0.681,0.63,0.621,0.539,0.588,0.609,0.604,0.698,0.703,0.689,0.621,0.395,0.441,0.48,0.386,0.619,0.0,0.598,0.681,0.381,0.542,0.626,0.401,0.621,0.389,1.0,0.648,0.4,0.395,0.389,0.717,0.715,0.381,0.449
0.477,0.612,0.35,0.379,0.695,0.624,0.533,0.396,0.459,0.374,0.686,0.412,0.722,0.382,0.397,0.534,0.605,0.686,0.702,0.527,0.686,0.72,0.707,0.612,0.627,0.605,0.833,0.395,0.449,0.464,0.379,0.719,0.0,0.701,0.592,0.377,0.531,0.855,0.386,0.733,0.378,0.648,1.0,0.395,0.391,0.388,0.626,0.623,0.382,0.452
0.434,0.418,0.309,0.735,0.409,0.416,0.389,0.901,0.425,0.686,0.388,0.711,0.39,0.724,0.705,0.392,0.396,0.401,0.404,0.385,0.375,0.395,0.397,0.39,0.41,0.392,0.39,0.96,0.455,0.42,0.711,0.402,0.0,0.383,0.379,0.601,0.385,0.414,0.679,0.387,0.731,0.4,0.395,1.0,0.955,0.411,0.389,0.388,0.658,0.449
0.444,0.417,0.302,0.734,0.417,0.414,0.391,0.89,0.426,0.688,0.385,0.702,0.386,0.717,0.696,0.393,0.402,0.396,0.406,0.389,0.379,0.39,0.401,0.39,0.407,0.388,0.382,0.939,0.458,0.421,0.705,0.402,0.0,0.385,0.383,0.596,0.389,0.401,0.687,0.392,0.731,0.395,0.391,0.955,1.0,0.413,0.396,0.395,0.65,0.445
0.491,0.405,0.349,0.416,0.409,0.398,0.398,0.411,0.454,0.399,0.385,0.404,0.382,0.4,0.411,0.396,0.391,0.384,0.398,0.397,0.392,0.377,0.38,0.371,0.391,0.383,0.384,0.402,0.545,0.472,0.401,0.387,0.0,0.378,0.371,0.379,0.397,0.396,0.406,0.389,0.403,0.389,0.388,0.411,0.413,1.0,0.42,0.424,0.393,0.586
0.487,0.694,0.344,0.378,0.649,0.7,0.53,0.387,0.461,0.369,0.599,0.401,0.611,0.37,0.386,0.528,0.685,0.615,0.621,0.529,0.625,0.598,0.598,0.671,0.678,0.671,0.602,0.384,0.447,0.474,0.37,0.636,0.0,0.598,0.649,0.361,0.529,0.637,0.388,0.626,0.373,0.717,0.626,0.389,0.396,0.42,1.0,0.994,0.37,0.459
0.487,0.692,0.344,0.377,0.648,0.699,0.525,0.386,0.457,0.367,0.597,0.398,0.608,0.369,0.385,0.523,0.685,0.613,0.62,0.524,0.623,0.596,0.597,0.668,0.677,0.668,0.599,0.383,0.445,0.471,0.367,0.635,0.0,0.597,0.645,0.36,0.524,0.634,0.386,0.623,0.371,0.715,0.623,0.388,0.395,0.424,0.994,1.0,0.37,0.459
0.41,0.408,0.31,0.644,0.395,0.401,0.378,0.628,0.408,0.656,0.394,0.632,0.398,0.67,0.639,0.382,0.385,0.387,0.379,0.374,0.362,0.397,0.378,0.396,0.416,0.401,0.378,0.66,0.436,0.404,0.647,0.373,0.0,0.362,0.385,0.595,0.375,0.379,0.628,0.385,0.651,0.381,0.382,0.658,0.65,0.393,0.37,0.37,1.0,0.439
0.539,0.463,0.363,0.465,0.457,0.482,0.45,0.453,0.533,0.439,0.445,0.45,0.452,0.449,0.457,0.447,0.454,0.46,0.459,0.449,0.442,0.456,0.461,0.442,0.452,0.446,0.441,0.444,0.842,0.521,0.456,0.437,0.0,0.452,0.427,0.435,0.448,0.456,0.451,0.45,0.459,0.449,0.452,0.449,0.445,0.586,0.459,0.459,0.439,1.0
