GCF_000163235.1_ASM16323v1_genomic.fna,GCF_000164555.1_ASM16455v1_genomic.fna,GCF_000208545.1_ASM20854v2_genomic.fna,GCF_000233875.1_ASM23387v1_genomic.fna,GCF_000249735.1_ASM24973v2_genomic.fna,GCF_000261145.1_Esch_coli_M919_V2_genomic.fna,GCF_000267705.2_ASM26770v2_genomic.fna,GCF_000350665.1_Esch_coli_KTE5_V1_genomic.fna,GCF_000351625.1_Esch_coli_KTE66_V1_genomic.fna,GCF_000352285.1_Esch_coli_KTE46_V1_genomic.fna,GCF_000358895.1_ASM35889v1_genomic.fna,GCF_000456385.1_Esch_coli_HVH_26_4-5703913_V1_genomic.fna,GCF_000458195.1_Esch_coli_HVH_147_4-5893887_V1_genomic.fna,GCF_000459755.1_Esch_coli_KOEGE_58_171a_V1_genomic.fna,GCF_000460055.1_Esch_coli_UMEA_3053-1_V1_genomic.fna,GCF_000462165.2_ASM46216v2_genomic.fna,GCF_000601135.1_ASM60113v1_genomic.fna,GCF_000614595.1_Ec2010EL1058_genomic.fna,GCF_000617745.1_Ec2010C-4529_genomic.fna,GCF_000618265.2_EcF6751_genomic.fna,GCF_000619005.2_Ec2009C-4052_genomic.fna,GCF_000619105.1_Ec2009C-4780_genomic.fna,GCF_000619765.2_Ec2009C-3279_genomic.fna,GCF_000687005.1_ASM68700v1_genomic.fna,GCF_000687025.1_ASM68702v1_genomic.fna,GCF_000700125.1_ASM70012v1_genomic.fna,GCF_000753315.1_FHI35_genomic.fna,GCF_000776375.1_ASM77637v1_genomic.fna,GCF_000779395.1_ASM77939v1_genomic.fna,GCF_000780315.1_ASM78031v1_genomic.fna,GCF_000781995.1_ASM78199v1_genomic.fna,GCF_000986765.1_ASM98676v1_genomic.fna,GCF_001041375.1_ViralProj287958_genomic.fna,GCF_001265335.1_302014_genomic.fna,GCF_001265625.1_100854_genomic.fna,GCF_001267345.1_303289_genomic.fna,GCF_001309985.1_ASM130998v1_genomic.fna,GCF_001521695.1_ASM152169v1_genomic.fna,GCF_001592595.1_ASM159259v1_genomic.fna,GCF_001614975.1_ASM161497v1_genomic.fna,GCF_001692775.1_ASM169277v1_genomic.fna,GCF_001748915.1_ASM174891v1_genomic.fna,GCF_001749235.1_ASM174923v1_genomic.fna,GCF_001881155.1_ASM188115v1_genomic.fna,GCF_001881345.1_ASM188134v1_genomic.fna,GCF_001892405.1_ASM189240v1_genomic.fna,GCF_001892585.1_ASM189258v1_genomic.fna,GCF_001893985.1_ASM189398v1_genomic.fna,GCF_002001595.1_ASM200159v1_genomic.fna,GCF_002002145.1_ASM200214v1_genomic.fna
1.0,0.474,0.387,0.391,0.459,0.45,0.46,0.419,0.552,0.431,0.431,0.416,0.433,0.404,0.388,0.461,0.437,0.458,0.447,0.464,0.426,0.431,0.443,0.451,0.446,0.437,0.453,0.412,0.509,0.558,0.389,0.451,0.0,0.426,0.411,0.399,0.457,0.477,0.402,0.436,0.4,0.445,0.449,0.42,0.432,0.456,0.445,0.446,0.397,0.493
0.474,1.0,0.353,0.392,0.602,0.785,0.496,0.42,0.436,0.418,0.56,0.426,0.569,0.395,0.393,0.498,0.671,0.586,0.569,0.497,0.566,0.569,0.578,0.776,0.785,0.687,0.591,0.411,0.449,0.448,0.389,0.598,0.0,0.563,0.717,0.393,0.493,0.609,0.394,0.574,0.398,0.65,0.585,0.43,0.434,0.408,0.652,0.654,0.409,0.427
0.387,0.353,1.0,0.321,0.356,0.337,0.333,0.326,0.392,0.333,0.333,0.326,0.331,0.33,0.322,0.34,0.338,0.341,0.331,0.331,0.341,0.34,0.351,0.347,0.351,0.343,0.348,0.322,0.376,0.4,0.323,0.348,0.0,0.341,0.313,0.335,0.333,0.356,0.327,0.346,0.331,0.349,0.353,0.331,0.328,0.336,0.34,0.34,0.324,0.378
0.391,0.392,0.321,1.0,0.388,0.384,0.389,0.703,0.413,0.72,0.393,0.678,0.402,0.763,0.743,0.39,0.388,0.398,0.388,0.384,0.384,0.394,0.394,0.415,0.384,0.394,0.399,0.747,0.453,0.397,0.695,0.391,0.0,0.387,0.376,0.629,0.388,0.394,0.645,0.383,0.721,0.385,0.398,0.726,0.717,0.409,0.388,0.39,0.656,0.463
0.459,0.602,0.356,0.388,1.0,0.623,0.537,0.419,0.442,0.412,0.734,0.416,0.683,0.402,0.399,0.544,0.611,0.662,0.66,0.531,0.647,0.65,0.663,0.607,0.615,0.604,0.69,0.406,0.457,0.469,0.389,0.684,0.0,0.657,0.563,0.405,0.536,0.711,0.399,0.69,0.404,0.625,0.701,0.412,0.418,0.403,0.625,0.626,0.406,0.435
0.45,0.785,0.337,0.384,0.623,1.0,0.51,0.411,0.432,0.393,0.57,0.4,0.577,0.394,0.382,0.505,0.692,0.608,0.594,0.507,0.587,0.579,0.598,0.772,0.796,0.682,0.595,0.395,0.449,0.444,0.386,0.613,0.0,0.602,0.742,0.408,0.503,0.622,0.419,0.59,0.39,0.671,0.607,0.404,0.408,0.409,0.676,0.677,0.401,0.433
0.46,0.496,0.333,0.389,0.537,0.51,1.0,0.4,0.453,0.397,0.499,0.392,0.508,0.393,0.384,0.95,0.52,0.546,0.553,0.981,0.548,0.532,0.551,0.52,0.498,0.513,0.529,0.397,0.445,0.453,0.388,0.537,0.0,0.523,0.487,0.409,0.98,0.525,0.415,0.509,0.389,0.517,0.529,0.399,0.399,0.384,0.496,0.496,0.375,0.438
0.419,0.42,0.326,0.703,0.419,0.411,0.4,1.0,0.43,0.701,0.386,0.688,0.407,0.721,0.692,0.403,0.413,0.404,0.406,0.398,0.389,0.396,0.404,0.436,0.407,0.405,0.418,0.904,0.473,0.412,0.676,0.411,0.0,0.403,0.371,0.622,0.398,0.445,0.661,0.404,0.698,0.409,0.42,0.908,0.883,0.427,0.405,0.405,0.655,0.47
0.552,0.436,0.392,0.413,0.442,0.432,0.453,0.43,1.0,0.434,0.43,0.419,0.449,0.421,0.42,0.459,0.434,0.446,0.44,0.45,0.439,0.437,0.438,0.45,0.443,0.446,0.459,0.423,0.499,0.597,0.407,0.439,0.0,0.431,0.407,0.429,0.453,0.462,0.422,0.443,0.419,0.444,0.471,0.427,0.422,0.45,0.448,0.448,0.414,0.513
0.431,0.418,0.333,0.72,0.412,0.393,0.397,0.701,0.434,1.0,0.397,0.68,0.411,0.718,0.709,0.403,0.41,0.4,0.393,0.394,0.386,0.409,0.403,0.419,0.399,0.415,0.419,0.718,0.471,0.413,0.736,0.398,0.0,0.406,0.384,0.633,0.392,0.416,0.683,0.404,0.758,0.401,0.412,0.701,0.702,0.43,0.404,0.405,0.662,0.475
0.431,0.56,0.333,0.393,0.734,0.57,0.499,0.386,0.43,0.397,1.0,0.374,0.736,0.4,0.38,0.513,0.597,0.651,0.651,0.493,0.659,0.684,0.669,0.622,0.579,0.608,0.672,0.397,0.416,0.435,0.36,0.662,0.0,0.667,0.624,0.399,0.499,0.669,0.369,0.704,0.374,0.612,0.688,0.391,0.389,0.369,0.613,0.613,0.374,0.414
0.416,0.426,0.326,0.678,0.416,0.4,0.392,0.688,0.419,0.68,0.374,1.0,0.387,0.69,0.819,0.391,0.385,0.396,0.383,0.389,0.374,0.382,0.387,0.403,0.387,0.395,0.4,0.689,0.483,0.408,0.677,0.393,0.0,0.383,0.355,0.593,0.39,0.419,0.668,0.378,0.692,0.394,0.41,0.698,0.705,0.435,0.392,0.393,0.638,0.461
0.433,0.569,0.331,0.402,0.683,0.577,0.508,0.407,0.449,0.411,0.736,0.387,1.0,0.411,0.396,0.52,0.613,0.684,0.7,0.502,0.71,0.763,0.748,0.626,0.582,0.608,0.739,0.41,0.431,0.455,0.381,0.709,0.0,0.747,0.597,0.404,0.509,0.718,0.391,0.756,0.394,0.614,0.732,0.403,0.402,0.382,0.618,0.619,0.389,0.435
0.404,0.395,0.33,0.763,0.402,0.394,0.393,0.721,0.421,0.718,0.4,0.69,0.411,1.0,0.753,0.398,0.405,0.41,0.4,0.389,0.392,0.41,0.416,0.412,0.394,0.407,0.415,0.761,0.47,0.403,0.705,0.403,0.0,0.409,0.379,0.639,0.392,0.411,0.668,0.401,0.733,0.392,0.409,0.738,0.729,0.426,0.4,0.402,0.668,0.476
0.388,0.393,0.322,0.743,0.399,0.382,0.384,0.692,0.42,0.709,0.38,0.819,0.396,0.753,1.0,0.387,0.4,0.392,0.376,0.381,0.376,0.395,0.397,0.403,0.382,0.403,0.402,0.72,0.458,0.398,0.7,0.389,0.0,0.392,0.368,0.629,0.383,0.403,0.67,0.387,0.723,0.382,0.406,0.702,0.693,0.427,0.408,0.41,0.667,0.479
0.461,0.498,0.34,0.39,0.544,0.505,0.95,0.403,0.459,0.403,0.513,0.391,0.52,0.398,0.387,1.0,0.529,0.544,0.554,0.945,0.542,0.544,0.555,0.529,0.51,0.525,0.538,0.399,0.444,0.464,0.387,0.538,0.0,0.534,0.493,0.415,0.953,0.53,0.412,0.519,0.397,0.53,0.535,0.4,0.403,0.383,0.507,0.507,0.385,0.437
0.437,0.671,0.338,0.388,0.611,0.692,0.52,0.413,0.434,0.41,0.597,0.385,0.613,0.405,0.4,0.529,1.0,0.602,0.6,0.517,0.601,0.61,0.604,0.741,0.698,0.742,0.605,0.419,0.436,0.441,0.374,0.64,0.0,0.616,0.684,0.416,0.516,0.6,0.394,0.617,0.389,0.664,0.62,0.413,0.416,0.391,0.69,0.69,0.398,0.428
0.458,0.586,0.341,0.398,0.662,0.608,0.546,0.404,0.446,0.4,0.651,0.396,0.684,0.41,0.392,0.544,0.602,1.0,0.761,0.539,0.714,0.712,0.723,0.601,0.592,0.608,0.714,0.409,0.448,0.453,0.387,0.699,0.0,0.687,0.575,0.423,0.54,0.681,0.411,0.693,0.399,0.64,0.696,0.411,0.412,0.402,0.615,0.616,0.399,0.446
0.447,0.569,0.331,0.388,0.66,0.594,0.553,0.406,0.44,0.393,0.651,0.383,0.7,0.4,0.376,0.554,0.6,0.761,1.0,0.549,0.729,0.709,0.728,0.598,0.594,0.6,0.714,0.4,0.429,0.44,0.378,0.707,0.0,0.688,0.584,0.414,0.547,0.69,0.395,0.702,0.393,0.628,0.71,0.402,0.405,0.393,0.616,0.617,0.389,0.432
0.464,0.497,0.331,0.384,0.531,0.507,0.981,0.398,0.45,0.394,0.493,0.389,0.502,0.389,0.381,0.945,0.517,0.539,0.549,1.0,0.539,0.527,0.542,0.518,0.499,0.51,0.523,0.394,0.44,0.449,0.384,0.532,0.0,0.515,0.482,0.403,0.981,0.52,0.409,0.503,0.385,0.511,0.524,0.396,0.397,0.384,0.491,0.491,0.373,0.432
0.426,0.566,0.341,0.384,0.647,0.587,0.548,0.389,0.439,0.386,0.659,0.374,0.71,0.392,0.376,0.542,0.601,0.714,0.729,0.539,1.0,0.717,0.745,0.6,0.582,0.594,0.726,0.391,0.421,0.439,0.365,0.716,0.0,0.707,0.578,0.416,0.544,0.694,0.386,0.71,0.384,0.605,0.715,0.391,0.388,0.379,0.608,0.608,0.383,0.431
0.431,0.569,0.34,0.394,0.65,0.579,0.532,0.396,0.437,0.409,0.684,0.382,0.763,0.41,0.395,0.544,0.61,0.712,0.709,0.527,0.717,1.0,0.922,0.613,0.589,0.599,0.722,0.408,0.427,0.436,0.373,0.712,0.0,0.866,0.584,0.412,0.531,0.698,0.391,0.737,0.389,0.595,0.733,0.398,0.395,0.384,0.597,0.598,0.384,0.433
0.443,0.578,0.351,0.394,0.663,0.598,0.551,0.404,0.438,0.403,0.669,0.387,0.748,0.416,0.397,0.555,0.604,0.723,0.728,0.542,0.745,0.922,1.0,0.606,0.599,0.594,0.744,0.406,0.44,0.443,0.383,0.724,0.0,0.863,0.58,0.424,0.549,0.712,0.402,0.733,0.401,0.599,0.736,0.405,0.402,0.388,0.596,0.597,0.388,0.438
0.451,0.776,0.347,0.415,0.607,0.772,0.52,0.436,0.45,0.419,0.622,0.403,0.626,0.412,0.403,0.529,0.741,0.601,0.598,0.518,0.6,0.613,0.606,1.0,0.798,0.737,0.612,0.422,0.439,0.457,0.383,0.62,0.0,0.62,0.8,0.422,0.517,0.6,0.397,0.617,0.398,0.688,0.615,0.416,0.418,0.397,0.694,0.694,0.406,0.435
0.446,0.785,0.351,0.384,0.615,0.796,0.498,0.407,0.443,0.399,0.579,0.387,0.582,0.394,0.382,0.51,0.698,0.592,0.594,0.499,0.582,0.589,0.599,0.798,1.0,0.712,0.604,0.398,0.438,0.44,0.375,0.631,0.0,0.59,0.761,0.4,0.499,0.605,0.401,0.587,0.39,0.674,0.608,0.418,0.421,0.395,0.667,0.667,0.414,0.423
0.437,0.687,0.343,0.394,0.604,0.682,0.513,0.405,0.446,0.415,0.608,0.395,0.608,0.407,0.403,0.525,0.742,0.608,0.6,0.51,0.594,0.599,0.594,0.737,0.712,1.0,0.61,0.408,0.434,0.444,0.379,0.598,0.0,0.592,0.692,0.412,0.511,0.603,0.395,0.614,0.397,0.689,0.61,0.412,0.403,0.399,0.686,0.686,0.411,0.435
0.453,0.591,0.348,0.399,0.69,0.595,0.529,0.418,0.459,0.419,0.672,0.4,0.739,0.415,0.402,0.538,0.605,0.714,0.714,0.523,0.726,0.722,0.744,0.612,0.604,0.61,1.0,0.41,0.453,0.458,0.401,0.73,0.0,0.716,0.578,0.418,0.529,0.82,0.399,0.75,0.415,0.626,0.836,0.415,0.41,0.404,0.617,0.618,0.405,0.451
0.412,0.411,0.322,0.747,0.406,0.395,0.397,0.904,0.423,0.718,0.397,0.689,0.41,0.761,0.72,0.399,0.419,0.409,0.4,0.394,0.391,0.408,0.406,0.422,0.398,0.408,0.41,1.0,0.47,0.408,0.681,0.407,0.0,0.403,0.374,0.621,0.396,0.431,0.654,0.401,0.708,0.398,0.418,0.958,0.926,0.419,0.409,0.41,0.663,0.46
0.509,0.449,0.376,0.453,0.457,0.449,0.445,0.473,0.499,0.471,0.416,0.483,0.431,0.47,0.458,0.444,0.436,0.448,0.429,0.44,0.421,0.427,0.44,0.439,0.438,0.434,0.453,0.47,1.0,0.484,0.452,0.449,0.0,0.433,0.41,0.474,0.445,0.468,0.468,0.438,0.459,0.435,0.45,0.472,0.476,0.544,0.431,0.432,0.45,0.829
0.558,0.448,0.4,0.397,0.469,0.444,0.453,0.412,0.597,0.413,0.435,0.408,0.455,0.403,0.398,0.464,0.441,0.453,0.44,0.449,0.439,0.436,0.443,0.457,0.44,0.444,0.458,0.408,0.484,1.0,0.402,0.443,0.0,0.436,0.422,0.413,0.454,0.462,0.401,0.451,0.412,0.448,0.467,0.415,0.411,0.456,0.446,0.447,0.398,0.485
0.389,0.389,0.323,0.695,0.389,0.386,0.388,0.676,0.407,0.736,0.36,0.677,0.381,0.705,0.7,0.387,0.374,0.387,0.378,0.384,0.365,0.373,0.383,0.383,0.375,0.379,0.401,0.681,0.452,0.402,1.0,0.382,0.0,0.377,0.349,0.617,0.388,0.398,0.674,0.373,0.889,0.377,0.385,0.684,0.685,0.43,0.377,0.378,0.639,0.45
0.451,0.598,0.348,0.391,0.684,0.613,0.537,0.411,0.439,0.398,0.662,0.393,0.709,0.403,0.389,0.538,0.64,0.699,0.707,0.532,0.716,0.712,0.724,0.62,0.631,0.598,0.73,0.407,0.449,0.443,0.382,1.0,0.0,0.707,0.578,0.412,0.534,0.729,0.396,0.741,0.389,0.641,0.743,0.413,0.414,0.391,0.63,0.631,0.401,0.433
0.0,0.0,0.0,0.0,0.0,0.0,0.0,0.0,0.0,0.0,0.0,0.0,0.0,0.0,0.0,0.0,0.0,0.0,0.0,0.0,0.0,0.0,0.0,0.0,0.0,0.0,0.0,0.0,0.0,0.0,0.0,0.0,1.0,0.0,0.0,0.0,0.0,0.0,0.0,0.0,0.0,0.0,0.0,0.0,0.0,0.0,0.0,0.0,0.0,0.0
0.426,0.563,0.341,0.387,0.657,0.602,0.523,0.403,0.431,0.406,0.667,0.383,0.747,0.409,0.392,0.534,0.616,0.687,0.688,0.515,0.707,0.866,0.863,0.62,0.59,0.592,0.716,0.403,0.433,0.436,0.377,0.707,0.0,1.0,0.584,0.423,0.522,0.692,0.401,0.727,0.388,0.591,0.725,0.396,0.397,0.384,0.601,0.601,0.381,0.437
0.411,0.717,0.313,0.376,0.563,0.742,0.487,0.371,0.407,0.384,0.624,0.355,0.597,0.379,0.368,0.493,0.684,0.575,0.584,0.482,0.578,0.584,0.58,0.8,0.761,0.692,0.578,0.374,0.41,0.422,0.349,0.578,0.0,0.584,1.0,0.391,0.482,0.562,0.374,0.589,0.357,0.647,0.583,0.368,0.366,0.369,0.647,0.647,0.373,0.401
0.399,0.393,0.335,0.629,0.405,0.408,0.409,0.622,0.429,0.633,0.399,0.593,0.404,0.639,0.629,0.415,0.416,0.423,0.414,0.403,0.416,0.412,0.424,0.422,0.4,0.412,0.418,0.621,0.474,0.413,0.617,0.412,0.0,0.423,0.391,1.0,0.407,0.409,0.639,0.414,0.635,0.404,0.413,0.621,0.62,0.434,0.412,0.413,0.621,0.477
0.457,0.493,0.333,0.388,0.536,0.503,0.98,0.398,0.453,0.392,0.499,0.39,0.509,0.392,0.383,0.953,0.516,0.54,0.547,0.981,0.544,0.531,0.549,0.517,0.499,0.511,0.529,0.396,0.445,0.454,0.388,0.534,0.0,0.522,0.482,0.407,1.0,0.524,0.41,0.508,0.387,0.514,0.529,0.397,0.397,0.383,0.495,0.495,0.374,0.437
0.477,0.609,0.356,0.394,0.711,0.622,0.525,0.445,0.462,0.416,0.669,0.419,0.718,0.411,0.403,0.53,0.6,0.681,0.69,0.52,0.694,0.698,0.712,0.6,0.605,0.603,0.82,0.431,0.468,0.462,0.398,0.729,0.0,0.692,0.562,0.409,0.524,1.0,0.419,0.723,0.407,0.627,0.857,0.441,0.43,0.415,0.63,0.631,0.414,0.452
0.402,0.394,0.327,0.645,0.399,0.419,0.415,0.661,0.422,0.683,0.369,0.668,0.391,0.668,0.67,0.412,0.394,0.411,0.395,0.409,0.386,0.391,0.402,0.397,0.401,0.395,0.399,0.654,0.468,0.401,0.674,0.396,0.0,0.401,0.374,0.639,0.41,0.419,1.0,0.389,0.677,0.395,0.407,0.661,0.666,0.427,0.388,0.388,0.642,0.459
0.436,0.574,0.346,0.383,0.69,0.59,0.509,0.404,0.443,0.404,0.704,0.378,0.756,0.401,0.387,0.519,0.617,0.693,0.702,0.503,0.71,0.737,0.733,0.617,0.587,0.614,0.75,0.401,0.438,0.451,0.373,0.741,0.0,0.727,0.589,0.414,0.508,0.723,0.389,1.0,0.383,0.617,0.749,0.394,0.402,0.393,0.642,0.643,0.383,0.44
0.4,0.398,0.331,0.721,0.404,0.39,0.389,0.698,0.419,0.758,0.374,0.692,0.394,0.733,0.723,0.397,0.389,0.399,0.393,0.385,0.384,0.389,0.401,0.398,0.39,0.397,0.415,0.708,0.459,0.412,0.889,0.389,0.0,0.388,0.357,0.635,0.387,0.407,0.677,0.383,1.0,0.392,0.398,0.713,0.706,0.428,0.386,0.387,0.661,0.467
0.445,0.65,0.349,0.385,0.625,0.671,0.517,0.409,0.444,0.401,0.612,0.394,0.614,0.392,0.382,0.53,0.664,0.64,0.628,0.511,0.605,0.595,0.599,0.688,0.674,0.689,0.626,0.398,0.435,0.448,0.377,0.641,0.0,0.591,0.647,0.404,0.514,0.627,0.395,0.617,0.392,1.0,0.64,0.41,0.408,0.392,0.715,0.715,0.397,0.422
0.449,0.585,0.353,0.398,0.701,0.607,0.529,0.42,0.471,0.412,0.688,0.41,0.732,0.409,0.406,0.535,0.62,0.696,0.71,0.524,0.715,0.733,0.736,0.615,0.608,0.61,0.836,0.418,0.45,0.467,0.385,0.743,0.0,0.725,0.583,0.413,0.529,0.857,0.407,0.749,0.398,0.64,1.0,0.423,0.416,0.409,0.646,0.647,0.41,0.453
0.42,0.43,0.331,0.726,0.412,0.404,0.399,0.908,0.427,0.701,0.391,0.698,0.403,0.738,0.702,0.4,0.413,0.411,0.402,0.396,0.391,0.398,0.405,0.416,0.418,0.412,0.415,0.958,0.472,0.415,0.684,0.413,0.0,0.396,0.368,0.621,0.397,0.441,0.661,0.394,0.713,0.41,0.423,1.0,0.95,0.427,0.405,0.406,0.677,0.459
0.432,0.434,0.328,0.717,0.418,0.408,0.399,0.883,0.422,0.702,0.389,0.705,0.402,0.729,0.693,0.403,0.416,0.412,0.405,0.397,0.388,0.395,0.402,0.418,0.421,0.403,0.41,0.926,0.476,0.411,0.685,0.414,0.0,0.397,0.366,0.62,0.397,0.43,0.666,0.402,0.706,0.408,0.416,0.95,1.0,0.425,0.41,0.411,0.669,0.455
0.456,0.408,0.336,0.409,0.403,0.409,0.384,0.427,0.45,0.43,0.369,0.435,0.382,0.426,0.427,0.383,0.391,0.402,0.393,0.384,0.379,0.384,0.388,0.397,0.395,0.399,0.404,0.419,0.544,0.456,0.43,0.391,0.0,0.384,0.369,0.434,0.383,0.415,0.427,0.393,0.428,0.392,0.409,0.427,0.425,1.0,0.415,0.415,0.425,0.587
0.445,0.652,0.34,0.388,0.625,0.676,0.496,0.405,0.448,0.404,0.613,0.392,0.618,0.4,0.408,0.507,0.69,0.615,0.616,0.491,0.608,0.597,0.596,0.694,0.667,0.686,0.617,0.409,0.431,0.446,0.377,0.63,0.0,0.601,0.647,0.412,0.495,0.63,0.388,0.642,0.386,0.715,0.646,0.405,0.41,0.415,1.0,0.998,0.408,0.441
0.446,0.654,0.34,0.39,0.626,0.677,0.496,0.405,0.448,0.405,0.613,0.393,0.619,0.402,0.41,0.507,0.69,0.616,0.617,0.491,0.608,0.598,0.597,0.694,0.667,0.686,0.618,0.41,0.432,0.447,0.378,0.631,0.0,0.601,0.647,0.413,0.495,0.631,0.388,0.643,0.387,0.715,0.647,0.406,0.411,0.415,0.998,1.0,0.409,0.442
0.397,0.409,0.324,0.656,0.406,0.401,0.375,0.655,0.414,0.662,0.374,0.638,0.389,0.668,0.667,0.385,0.398,0.399,0.389,0.373,0.383,0.384,0.388,0.406,0.414,0.411,0.405,0.663,0.45,0.398,0.639,0.401,0.0,0.381,0.373,0.621,0.374,0.414,0.642,0.383,0.661,0.397,0.41,0.677,0.669,0.425,0.408,0.409,1.0,0.452
0.493,0.427,0.378,0.463,0.435,0.433,0.438,0.47,0.513,0.475,0.414,0.461,0.435,0.476,0.479,0.437,0.428,0.446,0.432,0.432,0.431,0.433,0.438,0.435,0.423,0.435,0.451,0.46,0.829,0.485,0.45,0.433,0.0,0.437,0.401,0.477,0.437,0.452,0.459,0.44,0.467,0.422,0.453,0.459,0.455,0.587,0.441,0.442,0.452,1.0
