GCF_000163235.1_ASM16323v1_genomic.fna,GCF_000164555.1_ASM16455v1_genomic.fna,GCF_000208545.1_ASM20854v2_genomic.fna,GCF_000233875.1_ASM23387v1_genomic.fna,GCF_000249735.1_ASM24973v2_genomic.fna,GCF_000261145.1_Esch_coli_M919_V2_genomic.fna,GCF_000267705.2_ASM26770v2_genomic.fna,GCF_000350665.1_Esch_coli_KTE5_V1_genomic.fna,GCF_000351625.1_Esch_coli_KTE66_V1_genomic.fna,GCF_000352285.1_Esch_coli_KTE46_V1_genomic.fna,GCF_000358895.1_ASM35889v1_genomic.fna,GCF_000456385.1_Esch_coli_HVH_26_4-5703913_V1_genomic.fna,GCF_000458195.1_Esch_coli_HVH_147_4-5893887_V1_genomic.fna,GCF_000459755.1_Esch_coli_KOEGE_58_171a_V1_genomic.fna,GCF_000460055.1_Esch_coli_UMEA_3053-1_V1_genomic.fna,GCF_000462165.2_ASM46216v2_genomic.fna,GCF_000601135.1_ASM60113v1_genomic.fna,GCF_000614595.1_Ec2010EL1058_genomic.fna,GCF_000617745.1_Ec2010C-4529_genomic.fna,GCF_000618265.2_EcF6751_genomic.fna,GCF_000619005.2_Ec2009C-4052_genomic.fna,GCF_000619105.1_Ec2009C-4780_genomic.fna,GCF_000619765.2_Ec2009C-3279_genomic.fna,GCF_000687005.1_ASM68700v1_genomic.fna,GCF_000687025.1_ASM68702v1_genomic.fna,GCF_000700125.1_ASM70012v1_genomic.fna,GCF_000753315.1_FHI35_genomic.fna,GCF_000776375.1_ASM77637v1_genomic.fna,GCF_000779395.1_ASM77939v1_genomic.fna,GCF_000780315.1_ASM78031v1_genomic.fna,GCF_000781995.1_ASM78199v1_genomic.fna,GCF_000986765.1_ASM98676v1_genomic.fna,GCF_001041375.1_ViralProj287958_genomic.fna,GCF_001265335.1_302014_genomic.fna,GCF_001265625.1_100854_genomic.fna,GCF_001267345.1_303289_genomic.fna,GCF_001309985.1_ASM130998v1_genomic.fna,GCF_001521695.1_ASM152169v1_genomic.fna,GCF_001592595.1_ASM159259v1_genomic.fna,GCF_001614975.1_ASM161497v1_genomic.fna,GCF_001692775.1_ASM169277v1_genomic.fna,GCF_001748915.1_ASM174891v1_genomic.fna,GCF_001749235.1_ASM174923v1_genomic.fna,GCF_001881155.1_ASM188115v1_genomic.fna,GCF_001881345.1_ASM188134v1_genomic.fna,GCF_001892405.1_ASM189240v1_genomic.fna,GCF_001892585.1_ASM189258v1_genomic.fna,GCF_001893985.1_ASM189398v1_genomic.fna,GCF_002001595.1_ASM200159v1_genomic.fna,GCF_002002145.1_ASM200214v1_genomic.fna
1.0,0.513,0.42,0.438,0.486,0.494,0.466,0.47,0.608,0.439,0.467,0.46,0.482,0.431,0.426,0.479,0.494,0.474,0.478,0.465,0.466,0.465,0.472,0.5,0.499,0.475,0.466,0.457,0.515,0.587,0.419,0.469,0.0,0.468,0.458,0.441,0.464,0.496,0.427,0.48,0.426,0.466,0.477,0.457,0.46,0.491,0.469,0.47,0.414,0.534
0.513,1.0,0.382,0.43,0.648,0.785,0.519,0.452,0.469,0.423,0.616,0.45,0.638,0.413,0.423,0.525,0.713,0.635,0.627,0.52,0.62,0.611,0.623,0.801,0.804,0.7,0.62,0.448,0.474,0.476,0.422,0.621,0.0,0.612,0.745,0.41,0.519,0.641,0.413,0.631,0.428,0.677,0.624,0.452,0.45,0.424,0.683,0.685,0.431,0.478
0.42,0.382,1.0,0.333,0.364,0.378,0.344,0.351,0.394,0.335,0.359,0.349,0.361,0.335,0.342,0.353,0.367,0.361,0.358,0.344,0.36,0.35,0.365,0.368,0.367,0.355,0.353,0.343,0.367,0.383,0.331,0.366,0.0,0.361,0.353,0.342,0.344,0.363,0.325,0.356,0.34,0.352,0.356,0.347,0.348,0.349,0.365,0.365,0.32,0.388
0.438,0.43,0.333,1.0,0.423,0.418,0.374,0.706,0.418,0.714,0.41,0.736,0.411,0.759,0.759,0.379,0.404,0.408,0.404,0.37,0.386,0.402,0.403,0.419,0.422,0.403,0.404,0.754,0.463,0.422,0.731,0.4,0.0,0.398,0.393,0.632,0.37,0.415,0.673,0.406,0.742,0.4,0.408,0.738,0.729,0.441,0.399,0.398,0.661,0.486
0.486,0.648,0.364,0.423,1.0,0.644,0.505,0.447,0.455,0.409,0.777,0.428,0.725,0.417,0.418,0.518,0.647,0.66,0.676,0.507,0.675,0.684,0.679,0.643,0.651,0.622,0.699,0.436,0.457,0.465,0.417,0.686,0.0,0.679,0.611,0.404,0.506,0.715,0.408,0.719,0.425,0.639,0.712,0.43,0.43,0.419,0.66,0.659,0.423,0.459
0.494,0.785,0.378,0.418,0.644,1.0,0.54,0.452,0.467,0.406,0.605,0.422,0.622,0.406,0.415,0.55,0.693,0.635,0.631,0.54,0.6,0.61,0.631,0.785,0.792,0.677,0.597,0.433,0.463,0.462,0.41,0.62,0.0,0.611,0.752,0.412,0.538,0.625,0.423,0.612,0.417,0.667,0.611,0.436,0.431,0.426,0.674,0.676,0.415,0.48
0.466,0.519,0.344,0.374,0.505,0.54,1.0,0.396,0.448,0.363,0.496,0.38,0.511,0.362,0.372,0.951,0.514,0.542,0.541,0.987,0.552,0.525,0.541,0.534,0.529,0.511,0.508,0.384,0.402,0.435,0.365,0.522,0.0,0.515,0.498,0.391,0.987,0.506,0.374,0.506,0.371,0.497,0.512,0.393,0.393,0.409,0.492,0.492,0.365,0.426
0.47,0.452,0.351,0.706,0.447,0.452,0.396,1.0,0.429,0.683,0.42,0.699,0.428,0.687,0.68,0.399,0.427,0.419,0.435,0.393,0.408,0.415,0.421,0.455,0.434,0.414,0.413,0.903,0.474,0.44,0.675,0.418,0.0,0.421,0.406,0.612,0.393,0.437,0.665,0.417,0.679,0.411,0.424,0.901,0.875,0.449,0.416,0.417,0.642,0.49
0.608,0.469,0.394,0.418,0.455,0.467,0.448,0.429,1.0,0.427,0.455,0.424,0.464,0.426,0.416,0.46,0.451,0.456,0.457,0.45,0.436,0.456,0.454,0.469,0.465,0.448,0.464,0.422,0.496,0.611,0.418,0.444,0.0,0.449,0.438,0.435,0.448,0.462,0.408,0.458,0.417,0.455,0.468,0.416,0.409,0.47,0.446,0.445,0.41,0.514
0.439,0.423,0.335,0.714,0.409,0.406,0.363,0.683,0.427,1.0,0.438,0.68,0.421,0.7,0.67,0.375,0.395,0.4,0.393,0.363,0.371,0.392,0.383,0.411,0.418,0.402,0.409,0.702,0.461,0.42,0.726,0.377,0.0,0.38,0.415,0.629,0.362,0.415,0.658,0.405,0.708,0.4,0.406,0.688,0.686,0.415,0.398,0.396,0.66,0.467
0.467,0.616,0.359,0.41,0.777,0.605,0.496,0.42,0.455,0.438,1.0,0.407,0.749,0.407,0.399,0.509,0.609,0.666,0.679,0.498,0.667,0.684,0.667,0.636,0.62,0.618,0.707,0.417,0.445,0.454,0.405,0.662,0.0,0.671,0.648,0.412,0.497,0.703,0.403,0.728,0.407,0.641,0.711,0.409,0.408,0.392,0.622,0.621,0.406,0.453
0.46,0.45,0.349,0.736,0.428,0.422,0.38,0.699,0.424,0.68,0.407,1.0,0.411,0.723,0.852,0.388,0.416,0.414,0.411,0.374,0.402,0.404,0.408,0.435,0.419,0.414,0.396,0.718,0.461,0.432,0.679,0.405,0.0,0.406,0.392,0.62,0.375,0.418,0.689,0.412,0.705,0.401,0.399,0.717,0.712,0.445,0.411,0.412,0.642,0.48
0.482,0.638,0.361,0.411,0.725,0.622,0.511,0.428,0.464,0.421,0.749,0.411,1.0,0.407,0.4,0.527,0.628,0.701,0.729,0.514,0.716,0.774,0.759,0.648,0.639,0.626,0.767,0.421,0.459,0.471,0.417,0.699,0.0,0.752,0.627,0.418,0.513,0.756,0.404,0.779,0.41,0.658,0.766,0.414,0.407,0.402,0.646,0.645,0.41,0.461
0.431,0.413,0.335,0.759,0.417,0.406,0.362,0.687,0.426,0.7,0.407,0.723,0.407,1.0,0.744,0.369,0.397,0.391,0.399,0.36,0.369,0.39,0.386,0.401,0.407,0.405,0.402,0.737,0.474,0.423,0.72,0.384,0.0,0.381,0.381,0.62,0.36,0.41,0.673,0.392,0.726,0.395,0.399,0.721,0.714,0.44,0.395,0.394,0.663,0.483
0.426,0.423,0.342,0.759,0.418,0.415,0.372,0.68,0.416,0.67,0.399,0.852,0.4,0.744,1.0,0.38,0.403,0.404,0.402,0.372,0.392,0.393,0.402,0.409,0.406,0.398,0.392,0.716,0.454,0.412,0.706,0.397,0.0,0.394,0.379,0.609,0.372,0.403,0.683,0.398,0.724,0.387,0.394,0.714,0.706,0.449,0.407,0.408,0.642,0.492
0.479,0.525,0.353,0.379,0.518,0.55,0.951,0.399,0.46,0.375,0.509,0.388,0.527,0.369,0.38,1.0,0.523,0.55,0.551,0.952,0.54,0.544,0.548,0.536,0.538,0.516,0.517,0.39,0.411,0.451,0.375,0.519,0.0,0.525,0.505,0.398,0.955,0.518,0.383,0.516,0.381,0.511,0.524,0.396,0.394,0.409,0.506,0.506,0.375,0.437
0.494,0.713,0.367,0.404,0.647,0.693,0.514,0.427,0.451,0.395,0.609,0.416,0.628,0.397,0.403,0.523,1.0,0.618,0.617,0.511,0.603,0.61,0.606,0.749,0.73,0.735,0.605,0.421,0.458,0.446,0.398,0.628,0.0,0.624,0.678,0.407,0.512,0.608,0.41,0.618,0.4,0.663,0.63,0.418,0.422,0.407,0.677,0.68,0.4,0.466
0.474,0.635,0.361,0.408,0.66,0.635,0.542,0.419,0.456,0.4,0.666,0.414,0.701,0.391,0.404,0.55,0.618,1.0,0.749,0.542,0.717,0.729,0.716,0.635,0.621,0.601,0.685,0.413,0.429,0.458,0.402,0.678,0.0,0.695,0.602,0.422,0.543,0.671,0.412,0.694,0.403,0.61,0.686,0.413,0.406,0.401,0.626,0.628,0.385,0.454
0.478,0.627,0.358,0.404,0.676,0.631,0.541,0.435,0.457,0.393,0.679,0.411,0.729,0.399,0.402,0.551,0.617,0.749,1.0,0.543,0.716,0.744,0.724,0.643,0.633,0.602,0.706,0.424,0.436,0.466,0.402,0.683,0.0,0.704,0.609,0.41,0.542,0.694,0.403,0.714,0.407,0.626,0.708,0.419,0.415,0.408,0.631,0.635,0.394,0.451
0.465,0.52,0.344,0.37,0.507,0.54,0.987,0.393,0.45,0.363,0.498,0.374,0.514,0.36,0.372,0.952,0.511,0.542,0.543,1.0,0.549,0.527,0.544,0.533,0.53,0.507,0.51,0.383,0.403,0.437,0.365,0.525,0.0,0.516,0.498,0.386,0.991,0.508,0.371,0.507,0.371,0.499,0.516,0.39,0.39,0.409,0.495,0.495,0.366,0.426
0.466,0.62,0.36,0.386,0.675,0.6,0.552,0.408,0.436,0.371,0.667,0.402,0.716,0.369,0.392,0.54,0.603,0.717,0.716,0.549,1.0,0.729,0.748,0.616,0.599,0.604,0.708,0.404,0.413,0.45,0.376,0.706,0.0,0.713,0.586,0.391,0.549,0.7,0.381,0.726,0.385,0.596,0.708,0.409,0.401,0.397,0.622,0.624,0.372,0.433
0.465,0.611,0.35,0.402,0.684,0.61,0.525,0.415,0.456,0.392,0.684,0.404,0.774,0.39,0.393,0.544,0.61,0.729,0.744,0.527,0.729,1.0,0.901,0.616,0.617,0.587,0.726,0.411,0.439,0.455,0.398,0.693,0.0,0.862,0.596,0.402,0.527,0.706,0.395,0.741,0.401,0.618,0.739,0.403,0.396,0.406,0.62,0.622,0.389,0.453
0.472,0.623,0.365,0.403,0.679,0.631,0.541,0.421,0.454,0.383,0.667,0.408,0.759,0.386,0.402,0.548,0.606,0.716,0.724,0.544,0.748,0.901,1.0,0.617,0.609,0.582,0.718,0.41,0.438,0.445,0.395,0.716,0.0,0.854,0.587,0.403,0.541,0.7,0.395,0.722,0.401,0.604,0.72,0.415,0.409,0.408,0.611,0.613,0.381,0.45
0.5,0.801,0.368,0.419,0.643,0.785,0.534,0.455,0.469,0.411,0.636,0.435,0.648,0.401,0.409,0.536,0.749,0.635,0.643,0.533,0.616,0.616,0.617,1.0,0.821,0.721,0.614,0.434,0.466,0.467,0.408,0.624,0.0,0.625,0.767,0.413,0.532,0.615,0.411,0.634,0.415,0.709,0.629,0.431,0.437,0.419,0.686,0.688,0.409,0.479
0.499,0.804,0.367,0.422,0.651,0.792,0.529,0.434,0.465,0.418,0.62,0.419,0.639,0.407,0.406,0.538,0.73,0.621,0.633,0.53,0.599,0.617,0.609,0.821,1.0,0.74,0.616,0.426,0.475,0.468,0.417,0.625,0.0,0.604,0.774,0.407,0.529,0.625,0.405,0.63,0.417,0.699,0.627,0.429,0.425,0.416,0.69,0.687,0.428,0.471
0.475,0.7,0.355,0.403,0.622,0.677,0.511,0.414,0.448,0.402,0.618,0.414,0.626,0.405,0.398,0.516,0.735,0.601,0.602,0.507,0.604,0.587,0.582,0.721,0.74,1.0,0.612,0.416,0.454,0.444,0.408,0.591,0.0,0.584,0.689,0.408,0.509,0.614,0.386,0.634,0.399,0.69,0.61,0.421,0.414,0.395,0.692,0.692,0.419,0.452
0.466,0.62,0.353,0.404,0.699,0.597,0.508,0.413,0.464,0.409,0.707,0.396,0.767,0.402,0.392,0.517,0.605,0.685,0.706,0.51,0.708,0.726,0.718,0.614,0.616,0.612,1.0,0.41,0.456,0.454,0.411,0.694,0.0,0.702,0.61,0.406,0.51,0.817,0.38,0.768,0.4,0.628,0.829,0.406,0.401,0.405,0.619,0.617,0.389,0.448
0.457,0.448,0.343,0.754,0.436,0.433,0.384,0.903,0.422,0.702,0.417,0.718,0.421,0.737,0.716,0.39,0.421,0.413,0.424,0.383,0.404,0.411,0.41,0.434,0.426,0.416,0.41,1.0,0.47,0.425,0.699,0.41,0.0,0.408,0.394,0.618,0.382,0.429,0.673,0.406,0.723,0.403,0.409,0.969,0.947,0.445,0.415,0.415,0.665,0.485
0.515,0.474,0.367,0.463,0.457,0.463,0.402,0.474,0.496,0.461,0.445,0.461,0.459,0.474,0.454,0.411,0.458,0.429,0.436,0.403,0.413,0.439,0.438,0.466,0.475,0.454,0.456,0.47,1.0,0.476,0.454,0.432,0.0,0.433,0.444,0.464,0.402,0.455,0.449,0.444,0.441,0.454,0.451,0.463,0.457,0.543,0.442,0.441,0.457,0.82
0.587,0.476,0.383,0.422,0.465,0.462,0.435,0.44,0.611,0.42,0.454,0.432,0.471,0.423,0.412,0.451,0.446,0.458,0.466,0.437,0.45,0.455,0.445,0.467,0.468,0.444,0.454,0.425,0.476,1.0,0.419,0.438,0.0,0.442,0.437,0.428,0.436,0.469,0.415,0.474,0.424,0.459,0.473,0.421,0.409,0.481,0.467,0.467,0.414,0.501
0.419,0.422,0.331,0.731,0.417,0.41,0.365,0.675,0.418,0.726,0.405,0.679,0.417,0.72,0.706,0.375,0.398,0.402,0.402,0.365,0.376,0.398,0.395,0.408,0.417,0.408,0.411,0.699,0.454,0.419,1.0,0.392,0.0,0.394,0.396,0.627,0.365,0.409,0.656,0.409,0.891,0.408,0.402,0.686,0.678,0.431,0.4,0.398,0.659,0.465
0.469,0.621,0.366,0.4,0.686,0.62,0.522,0.418,0.444,0.377,0.662,0.405,0.699,0.384,0.397,0.519,0.628,0.678,0.683,0.525,0.706,0.693,0.716,0.624,0.625,0.591,0.694,0.41,0.432,0.438,0.392,1.0,0.0,0.7,0.569,0.381,0.521,0.708,0.395,0.705,0.388,0.61,0.711,0.41,0.413,0.399,0.617,0.619,0.383,0.439
0.0,0.0,0.0,0.0,0.0,0.0,0.0,0.0,0.0,0.0,0.0,0.0,0.0,0.0,0.0,0.0,0.0,0.0,0.0,0.0,0.0,0.0,0.0,0.0,0.0,0.0,0.0,0.0,0.0,0.0,0.0,0.0,1.0,0.0,0.0,0.0,0.0,0.0,0.0,0.0,0.0,0.0,0.0,0.0,0.0,0.0,0.0,0.0,0.0,0.0
0.468,0.612,0.361,0.398,0.679,0.611,0.515,0.421,0.449,0.38,0.671,0.406,0.752,0.381,0.394,0.525,0.624,0.695,0.704,0.516,0.713,0.862,0.854,0.625,0.604,0.584,0.702,0.408,0.433,0.442,0.394,0.7,0.0,1.0,0.585,0.406,0.515,0.701,0.406,0.724,0.395,0.61,0.722,0.403,0.405,0.398,0.617,0.619,0.376,0.446
0.458,0.745,0.353,0.393,0.611,0.752,0.498,0.406,0.438,0.415,0.648,0.392,0.627,0.381,0.379,0.505,0.678,0.602,0.609,0.498,0.586,0.596,0.587,0.767,0.774,0.689,0.61,0.394,0.444,0.437,0.396,0.569,0.0,0.585,1.0,0.396,0.496,0.603,0.379,0.611,0.393,0.685,0.615,0.391,0.389,0.381,0.656,0.654,0.396,0.435
0.441,0.41,0.342,0.632,0.404,0.412,0.391,0.612,0.435,0.629,0.412,0.62,0.418,0.62,0.609,0.398,0.407,0.422,0.41,0.386,0.391,0.402,0.403,0.413,0.407,0.408,0.406,0.618,0.464,0.428,0.627,0.381,0.0,0.406,0.396,1.0,0.387,0.401,0.622,0.411,0.617,0.406,0.404,0.613,0.606,0.426,0.404,0.402,0.605,0.473
0.464,0.519,0.344,0.37,0.506,0.538,0.987,0.393,0.448,0.362,0.497,0.375,0.513,0.36,0.372,0.955,0.512,0.543,0.542,0.991,0.549,0.527,0.541,0.532,0.529,0.509,0.51,0.382,0.402,0.436,0.365,0.521,0.0,0.515,0.496,0.387,1.0,0.507,0.372,0.507,0.37,0.498,0.514,0.391,0.391,0.408,0.494,0.494,0.365,0.426
0.496,0.641,0.363,0.415,0.715,0.625,0.506,0.437,0.462,0.415,0.703,0.418,0.756,0.41,0.403,0.518,0.608,0.671,0.694,0.508,0.7,0.706,0.7,0.615,0.625,0.614,0.817,0.429,0.455,0.469,0.409,0.708,0.0,0.701,0.603,0.401,0.507,1.0,0.399,0.752,0.406,0.63,0.856,0.422,0.414,0.403,0.639,0.638,0.4,0.455
0.427,0.413,0.325,0.673,0.408,0.423,0.374,0.665,0.408,0.658,0.403,0.689,0.404,0.673,0.683,0.383,0.41,0.412,0.403,0.371,0.381,0.395,0.395,0.411,0.405,0.386,0.38,0.673,0.449,0.415,0.656,0.395,0.0,0.406,0.379,0.622,0.372,0.399,1.0,0.4,0.661,0.393,0.397,0.661,0.66,0.423,0.399,0.399,0.627,0.466
0.48,0.631,0.356,0.406,0.719,0.612,0.506,0.417,0.458,0.405,0.728,0.412,0.779,0.392,0.398,0.516,0.618,0.694,0.714,0.507,0.726,0.741,0.722,0.634,0.63,0.634,0.768,0.406,0.444,0.474,0.409,0.705,0.0,0.724,0.611,0.411,0.507,0.752,0.4,1.0,0.405,0.64,0.767,0.402,0.402,0.403,0.648,0.648,0.393,0.459
0.426,0.428,0.34,0.742,0.425,0.417,0.371,0.679,0.417,0.708,0.407,0.705,0.41,0.726,0.724,0.381,0.4,0.403,0.407,0.371,0.385,0.401,0.401,0.415,0.417,0.399,0.4,0.723,0.441,0.424,0.891,0.388,0.0,0.395,0.393,0.617,0.37,0.406,0.661,0.405,1.0,0.405,0.396,0.71,0.7,0.434,0.401,0.402,0.65,0.467
0.466,0.677,0.352,0.4,0.639,0.667,0.497,0.411,0.455,0.4,0.641,0.401,0.658,0.395,0.387,0.511,0.663,0.61,0.626,0.499,0.596,0.618,0.604,0.709,0.699,0.69,0.628,0.403,0.454,0.459,0.408,0.61,0.0,0.61,0.685,0.406,0.498,0.63,0.393,0.64,0.405,1.0,0.658,0.397,0.391,0.393,0.726,0.723,0.406,0.455
0.477,0.624,0.356,0.408,0.712,0.611,0.512,0.424,0.468,0.406,0.711,0.399,0.766,0.399,0.394,0.524,0.63,0.686,0.708,0.516,0.708,0.739,0.72,0.629,0.627,0.61,0.829,0.409,0.451,0.473,0.402,0.711,0.0,0.722,0.615,0.404,0.514,0.856,0.397,0.767,0.396,0.658,1.0,0.401,0.399,0.406,0.637,0.636,0.392,0.453
0.457,0.452,0.347,0.738,0.43,0.436,0.393,0.901,0.416,0.688,0.409,0.717,0.414,0.721,0.714,0.396,0.418,0.413,0.419,0.39,0.409,0.403,0.415,0.431,0.429,0.421,0.406,0.969,0.463,0.421,0.686,0.41,0.0,0.403,0.391,0.613,0.391,0.422,0.661,0.402,0.71,0.397,0.401,1.0,0.964,0.447,0.405,0.406,0.655,0.477
0.46,0.45,0.348,0.729,0.43,0.431,0.393,0.875,0.409,0.686,0.408,0.712,0.407,0.714,0.706,0.394,0.422,0.406,0.415,0.39,0.401,0.396,0.409,0.437,0.425,0.414,0.401,0.947,0.457,0.409,0.678,0.413,0.0,0.405,0.389,0.606,0.391,0.414,0.66,0.402,0.7,0.391,0.399,0.964,1.0,0.448,0.401,0.402,0.643,0.468
0.491,0.424,0.349,0.441,0.419,0.426,0.409,0.449,0.47,0.415,0.392,0.445,0.402,0.44,0.449,0.409,0.407,0.401,0.408,0.409,0.397,0.406,0.408,0.419,0.416,0.395,0.405,0.445,0.543,0.481,0.431,0.399,0.0,0.398,0.381,0.426,0.408,0.403,0.423,0.403,0.434,0.393,0.406,0.447,0.448,1.0,0.434,0.435,0.424,0.612
0.469,0.683,0.365,0.399,0.66,0.674,0.492,0.416,0.446,0.398,0.622,0.411,0.646,0.395,0.407,0.506,0.677,0.626,0.631,0.495,0.622,0.62,0.611,0.686,0.69,0.692,0.619,0.415,0.442,0.467,0.4,0.617,0.0,0.617,0.656,0.404,0.494,0.639,0.399,0.648,0.401,0.726,0.637,0.405,0.401,0.434,1.0,0.994,0.403,0.468
0.47,0.685,0.365,0.398,0.659,0.676,0.492,0.417,0.445,0.396,0.621,0.412,0.645,0.394,0.408,0.506,0.68,0.628,0.635,0.495,0.624,0.622,0.613,0.688,0.687,0.692,0.617,0.415,0.441,0.467,0.398,0.619,0.0,0.619,0.654,0.402,0.494,0.638,0.399,0.648,0.402,0.723,0.636,0.406,0.402,0.435,0.994,1.0,0.402,0.469
0.414,0.431,0.32,0.661,0.423,0.415,0.365,0.642,0.41,0.66,0.406,0.642,0.41,0.663,0.642,0.375,0.4,0.385,0.394,0.366,0.372,0.389,0.381,0.409,0.428,0.419,0.389,0.665,0.457,0.414,0.659,0.383,0.0,0.376,0.396,0.605,0.365,0.4,0.627,0.393,0.65,0.406,0.392,0.655,0.643,0.424,0.403,0.402,1.0,0.462
0.534,0.478,0.388,0.486,0.459,0.48,0.426,0.49,0.514,0.467,0.453,0.48,0.461,0.483,0.492,0.437,0.466,0.454,0.451,0.426,0.433,0.453,0.45,0.479,0.471,0.452,0.448,0.485,0.82,0.501,0.465,0.439,0.0,0.446,0.435,0.473,0.426,0.455,0.466,0.459,0.467,0.455,0.453,0.477,0.468,0.612,0.468,0.469,0.462,1.0
