GCF_000163235.1_ASM16323v1_genomic.fna,GCF_000164555.1_ASM16455v1_genomic.fna,GCF_000208545.1_ASM20854v2_genomic.fna,GCF_000233875.1_ASM23387v1_genomic.fna,GCF_000249735.1_ASM24973v2_genomic.fna,GCF_000261145.1_Esch_coli_M919_V2_genomic.fna,GCF_000267705.2_ASM26770v2_genomic.fna,GCF_000350665.1_Esch_coli_KTE5_V1_genomic.fna,GCF_000351625.1_Esch_coli_KTE66_V1_genomic.fna,GCF_000352285.1_Esch_coli_KTE46_V1_genomic.fna,GCF_000358895.1_ASM35889v1_genomic.fna,GCF_000456385.1_Esch_coli_HVH_26_4-5703913_V1_genomic.fna,GCF_000458195.1_Esch_coli_HVH_147_4-5893887_V1_genomic.fna,GCF_000459755.1_Esch_coli_KOEGE_58_171a_V1_genomic.fna,GCF_000460055.1_Esch_coli_UMEA_3053-1_V1_genomic.fna,GCF_000462165.2_ASM46216v2_genomic.fna,GCF_000601135.1_ASM60113v1_genomic.fna,GCF_000614595.1_Ec2010EL1058_genomic.fna,GCF_000617745.1_Ec2010C-4529_genomic.fna,GCF_000618265.2_EcF6751_genomic.fna,GCF_000619005.2_Ec2009C-4052_genomic.fna,GCF_000619105.1_Ec2009C-4780_genomic.fna,GCF_000619765.2_Ec2009C-3279_genomic.fna,GCF_000687005.1_ASM68700v1_genomic.fna,GCF_000687025.1_ASM68702v1_genomic.fna,GCF_000700125.1_ASM70012v1_genomic.fna,GCF_000753315.1_FHI35_genomic.fna,GCF_000776375.1_ASM77637v1_genomic.fna,GCF_000779395.1_ASM77939v1_genomic.fna,GCF_000780315.1_ASM78031v1_genomic.fna,GCF_000781995.1_ASM78199v1_genomic.fna,GCF_000986765.1_ASM98676v1_genomic.fna,GCF_001041375.1_ViralProj287958_genomic.fna,GCF_001265335.1_302014_genomic.fna,GCF_001265625.1_100854_genomic.fna,GCF_001267345.1_303289_genomic.fna,GCF_001309985.1_ASM130998v1_genomic.fna,GCF_001521695.1_ASM152169v1_genomic.fna,GCF_001592595.1_ASM159259v1_genomic.fna,GCF_001614975.1_ASM161497v1_genomic.fna,GCF_001692775.1_ASM169277v1_genomic.fna,GCF_001748915.1_ASM174891v1_genomic.fna,GCF_001749235.1_ASM174923v1_genomic.fna,GCF_001881155.1_ASM188115v1_genomic.fna,GCF_001881345.1_ASM188134v1_genomic.fna,GCF_001892405.1_ASM189240v1_genomic.fna,GCF_001892585.1_ASM189258v1_genomic.fna,GCF_001893985.1_ASM189398v1_genomic.fna,GCF_002001595.1_ASM200159v1_genomic.fna,GCF_002002145.1_ASM200214v1_genomic.fna
1.0,0.497,0.402,0.433,0.499,0.476,0.465,0.438,0.58,0.452,0.474,0.454,0.49,0.434,0.417,0.475,0.472,0.495,0.483,0.462,0.481,0.485,0.497,0.481,0.482,0.469,0.483,0.444,0.513,0.581,0.42,0.483,0.0,0.488,0.453,0.416,0.461,0.487,0.43,0.491,0.433,0.483,0.482,0.436,0.448,0.472,0.466,0.466,0.427,0.528
0.497,1.0,0.37,0.429,0.625,0.765,0.507,0.439,0.464,0.43,0.585,0.444,0.604,0.417,0.412,0.521,0.693,0.597,0.599,0.503,0.577,0.592,0.603,0.775,0.781,0.68,0.596,0.437,0.457,0.467,0.404,0.599,0.0,0.594,0.73,0.401,0.502,0.606,0.406,0.596,0.409,0.671,0.601,0.442,0.45,0.409,0.677,0.679,0.429,0.461
0.402,0.37,1.0,0.33,0.365,0.351,0.348,0.337,0.394,0.318,0.351,0.338,0.35,0.324,0.323,0.35,0.345,0.356,0.342,0.347,0.348,0.35,0.354,0.348,0.348,0.341,0.344,0.338,0.374,0.384,0.321,0.362,0.0,0.365,0.322,0.319,0.346,0.35,0.33,0.358,0.324,0.347,0.364,0.338,0.337,0.343,0.358,0.358,0.337,0.379
0.433,0.429,0.33,1.0,0.434,0.411,0.389,0.693,0.422,0.709,0.415,0.73,0.436,0.781,0.791,0.392,0.426,0.428,0.43,0.387,0.417,0.436,0.437,0.424,0.432,0.418,0.412,0.752,0.467,0.431,0.72,0.433,0.0,0.424,0.4,0.628,0.386,0.422,0.663,0.414,0.743,0.438,0.426,0.73,0.732,0.443,0.413,0.411,0.69,0.465
0.499,0.625,0.365,0.434,1.0,0.636,0.528,0.434,0.467,0.431,0.75,0.423,0.711,0.435,0.424,0.544,0.624,0.647,0.665,0.524,0.671,0.676,0.682,0.618,0.627,0.603,0.68,0.439,0.469,0.473,0.418,0.677,0.0,0.688,0.595,0.404,0.521,0.683,0.409,0.707,0.428,0.642,0.702,0.428,0.433,0.427,0.648,0.648,0.427,0.461
0.476,0.765,0.351,0.411,0.636,1.0,0.53,0.432,0.457,0.406,0.588,0.407,0.611,0.411,0.403,0.54,0.684,0.612,0.61,0.524,0.586,0.605,0.62,0.766,0.791,0.664,0.595,0.421,0.458,0.465,0.393,0.605,0.0,0.616,0.735,0.409,0.523,0.603,0.419,0.609,0.4,0.685,0.617,0.418,0.416,0.415,0.674,0.676,0.42,0.468
0.465,0.507,0.348,0.389,0.528,0.53,1.0,0.403,0.453,0.38,0.512,0.386,0.515,0.387,0.38,0.945,0.527,0.551,0.544,0.982,0.553,0.547,0.574,0.512,0.512,0.499,0.524,0.398,0.428,0.468,0.385,0.549,0.0,0.537,0.495,0.4,0.982,0.512,0.396,0.53,0.387,0.522,0.528,0.404,0.406,0.409,0.498,0.498,0.391,0.453
0.438,0.439,0.337,0.693,0.434,0.432,0.403,1.0,0.417,0.662,0.394,0.691,0.429,0.681,0.675,0.402,0.418,0.414,0.438,0.4,0.405,0.415,0.422,0.421,0.421,0.405,0.412,0.896,0.464,0.444,0.685,0.434,0.0,0.417,0.395,0.58,0.4,0.437,0.642,0.429,0.692,0.424,0.423,0.9,0.882,0.448,0.417,0.418,0.641,0.454
0.58,0.464,0.394,0.422,0.467,0.457,0.453,0.417,1.0,0.419,0.46,0.414,0.477,0.427,0.418,0.46,0.457,0.478,0.46,0.452,0.462,0.475,0.472,0.46,0.455,0.445,0.454,0.429,0.484,0.588,0.419,0.457,0.0,0.467,0.442,0.416,0.451,0.449,0.419,0.475,0.415,0.463,0.472,0.419,0.419,0.446,0.451,0.449,0.403,0.508
0.452,0.43,0.318,0.709,0.431,0.406,0.38,0.662,0.419,1.0,0.444,0.68,0.443,0.714,0.703,0.389,0.416,0.426,0.414,0.379,0.404,0.427,0.412,0.443,0.432,0.425,0.413,0.688,0.483,0.422,0.705,0.408,0.0,0.417,0.423,0.631,0.379,0.416,0.648,0.409,0.713,0.423,0.418,0.67,0.679,0.433,0.403,0.401,0.681,0.448
0.474,0.585,0.351,0.415,0.75,0.588,0.512,0.394,0.46,0.444,1.0,0.389,0.744,0.415,0.397,0.523,0.602,0.662,0.654,0.506,0.664,0.694,0.667,0.655,0.618,0.611,0.675,0.406,0.468,0.456,0.387,0.656,0.0,0.668,0.646,0.422,0.505,0.675,0.387,0.69,0.388,0.622,0.693,0.396,0.396,0.401,0.594,0.594,0.417,0.444
0.454,0.444,0.338,0.73,0.423,0.407,0.386,0.691,0.414,0.68,0.389,1.0,0.421,0.71,0.836,0.39,0.409,0.41,0.416,0.383,0.407,0.415,0.415,0.413,0.412,0.405,0.4,0.714,0.463,0.432,0.672,0.416,0.0,0.423,0.391,0.591,0.383,0.413,0.659,0.421,0.699,0.409,0.41,0.696,0.704,0.44,0.413,0.413,0.638,0.462
0.49,0.604,0.35,0.436,0.711,0.611,0.515,0.429,0.477,0.443,0.744,0.421,1.0,0.436,0.426,0.524,0.613,0.706,0.707,0.51,0.727,0.785,0.762,0.644,0.628,0.618,0.745,0.433,0.472,0.48,0.413,0.693,0.0,0.764,0.612,0.433,0.509,0.731,0.414,0.756,0.415,0.641,0.749,0.422,0.421,0.411,0.615,0.615,0.439,0.456
0.434,0.417,0.324,0.781,0.435,0.411,0.387,0.681,0.427,0.714,0.415,0.71,0.436,1.0,0.78,0.39,0.424,0.426,0.419,0.385,0.41,0.431,0.427,0.429,0.437,0.417,0.417,0.74,0.485,0.431,0.716,0.419,0.0,0.415,0.406,0.637,0.384,0.428,0.675,0.411,0.742,0.431,0.42,0.72,0.722,0.441,0.404,0.402,0.699,0.464
0.417,0.412,0.323,0.791,0.424,0.403,0.38,0.675,0.418,0.703,0.397,0.836,0.426,0.78,1.0,0.381,0.425,0.418,0.413,0.378,0.404,0.43,0.426,0.413,0.417,0.405,0.404,0.729,0.461,0.417,0.719,0.414,0.0,0.417,0.39,0.622,0.377,0.413,0.67,0.412,0.738,0.42,0.416,0.709,0.709,0.441,0.418,0.416,0.678,0.476
0.475,0.521,0.35,0.392,0.544,0.54,0.945,0.402,0.46,0.389,0.523,0.39,0.524,0.39,0.381,1.0,0.532,0.549,0.548,0.943,0.544,0.551,0.57,0.519,0.523,0.509,0.53,0.4,0.432,0.471,0.388,0.536,0.0,0.539,0.504,0.402,0.941,0.521,0.395,0.536,0.394,0.533,0.534,0.397,0.4,0.406,0.506,0.506,0.402,0.458
0.472,0.693,0.345,0.426,0.624,0.684,0.527,0.418,0.457,0.416,0.602,0.409,0.613,0.424,0.425,0.532,1.0,0.614,0.599,0.522,0.602,0.626,0.614,0.73,0.725,0.732,0.596,0.418,0.452,0.456,0.391,0.631,0.0,0.617,0.669,0.423,0.52,0.604,0.407,0.609,0.39,0.688,0.619,0.416,0.426,0.398,0.68,0.68,0.423,0.457
0.495,0.597,0.356,0.428,0.647,0.612,0.551,0.414,0.478,0.426,0.662,0.41,0.706,0.426,0.418,0.549,0.614,1.0,0.729,0.547,0.714,0.737,0.725,0.614,0.601,0.589,0.697,0.423,0.448,0.489,0.402,0.672,0.0,0.695,0.579,0.431,0.546,0.668,0.422,0.693,0.402,0.634,0.691,0.413,0.414,0.409,0.605,0.605,0.415,0.464
0.483,0.599,0.342,0.43,0.665,0.61,0.544,0.438,0.46,0.414,0.654,0.416,0.707,0.419,0.413,0.548,0.599,0.729,1.0,0.537,0.709,0.717,0.723,0.591,0.586,0.568,0.696,0.436,0.438,0.482,0.407,0.684,0.0,0.694,0.584,0.427,0.535,0.674,0.423,0.719,0.411,0.625,0.694,0.426,0.424,0.409,0.599,0.601,0.416,0.461
0.462,0.503,0.347,0.387,0.524,0.524,0.982,0.4,0.452,0.379,0.506,0.383,0.51,0.385,0.378,0.943,0.522,0.547,0.537,1.0,0.547,0.545,0.572,0.509,0.512,0.497,0.52,0.396,0.426,0.468,0.384,0.55,0.0,0.532,0.487,0.396,0.994,0.509,0.393,0.525,0.386,0.518,0.525,0.401,0.403,0.409,0.494,0.494,0.39,0.45
0.481,0.577,0.348,0.417,0.671,0.586,0.553,0.405,0.462,0.404,0.664,0.407,0.727,0.41,0.404,0.544,0.602,0.714,0.709,0.547,1.0,0.732,0.745,0.593,0.584,0.583,0.705,0.419,0.445,0.479,0.394,0.694,0.0,0.727,0.56,0.411,0.545,0.692,0.412,0.712,0.4,0.6,0.709,0.41,0.409,0.412,0.601,0.6,0.402,0.461
0.485,0.592,0.35,0.436,0.676,0.605,0.547,0.415,0.475,0.427,0.694,0.415,0.785,0.431,0.43,0.551,0.626,0.737,0.717,0.545,0.732,1.0,0.907,0.617,0.616,0.596,0.738,0.424,0.462,0.479,0.411,0.707,0.0,0.864,0.589,0.42,0.543,0.718,0.414,0.728,0.409,0.624,0.743,0.412,0.412,0.406,0.607,0.607,0.423,0.464
0.497,0.603,0.354,0.437,0.682,0.62,0.574,0.422,0.472,0.412,0.667,0.415,0.762,0.427,0.426,0.57,0.614,0.725,0.723,0.572,0.745,0.907,1.0,0.603,0.606,0.588,0.736,0.434,0.457,0.483,0.423,0.728,0.0,0.859,0.572,0.41,0.57,0.716,0.419,0.73,0.427,0.609,0.726,0.426,0.425,0.408,0.605,0.607,0.409,0.466
0.481,0.775,0.348,0.424,0.618,0.766,0.512,0.421,0.46,0.443,0.655,0.413,0.644,0.429,0.413,0.519,0.73,0.614,0.591,0.509,0.593,0.617,0.603,1.0,0.838,0.735,0.6,0.415,0.479,0.463,0.392,0.597,0.0,0.608,0.823,0.432,0.507,0.593,0.398,0.598,0.393,0.703,0.617,0.408,0.416,0.412,0.676,0.676,0.434,0.449
0.482,0.781,0.348,0.432,0.627,0.791,0.512,0.421,0.455,0.432,0.618,0.412,0.628,0.437,0.417,0.523,0.725,0.601,0.586,0.512,0.584,0.616,0.606,0.838,1.0,0.749,0.598,0.42,0.482,0.452,0.393,0.603,0.0,0.604,0.793,0.427,0.512,0.606,0.4,0.587,0.398,0.695,0.617,0.42,0.418,0.41,0.675,0.675,0.443,0.458
0.469,0.68,0.341,0.418,0.603,0.664,0.499,0.405,0.445,0.425,0.611,0.405,0.618,0.417,0.405,0.509,0.732,0.589,0.568,0.497,0.583,0.596,0.588,0.735,0.749,1.0,0.578,0.409,0.458,0.449,0.387,0.586,0.0,0.585,0.687,0.421,0.498,0.586,0.394,0.596,0.39,0.683,0.584,0.414,0.409,0.39,0.664,0.665,0.435,0.439
0.483,0.596,0.344,0.412,0.68,0.595,0.524,0.412,0.454,0.413,0.675,0.4,0.745,0.417,0.404,0.53,0.596,0.697,0.696,0.52,0.705,0.738,0.736,0.6,0.598,0.578,1.0,0.412,0.451,0.475,0.402,0.712,0.0,0.723,0.584,0.402,0.518,0.813,0.399,0.755,0.404,0.621,0.827,0.409,0.407,0.404,0.598,0.598,0.415,0.453
0.444,0.437,0.338,0.752,0.439,0.421,0.398,0.896,0.429,0.688,0.406,0.714,0.433,0.74,0.729,0.4,0.418,0.423,0.436,0.396,0.419,0.424,0.434,0.415,0.42,0.409,0.412,1.0,0.463,0.444,0.704,0.442,0.0,0.424,0.392,0.595,0.396,0.441,0.648,0.425,0.725,0.433,0.425,0.962,0.939,0.446,0.419,0.42,0.675,0.462
0.513,0.457,0.374,0.467,0.469,0.458,0.428,0.464,0.484,0.483,0.468,0.463,0.472,0.485,0.461,0.432,0.452,0.448,0.438,0.426,0.445,0.462,0.457,0.479,0.482,0.458,0.451,0.463,1.0,0.476,0.448,0.459,0.0,0.454,0.453,0.472,0.425,0.465,0.44,0.459,0.45,0.46,0.462,0.454,0.454,0.525,0.446,0.444,0.457,0.795
0.581,0.467,0.384,0.431,0.473,0.465,0.468,0.444,0.588,0.422,0.456,0.432,0.48,0.431,0.417,0.471,0.456,0.489,0.482,0.468,0.479,0.479,0.483,0.463,0.452,0.449,0.475,0.444,0.476,1.0,0.432,0.482,0.0,0.479,0.434,0.421,0.466,0.472,0.434,0.491,0.441,0.46,0.486,0.44,0.438,0.477,0.463,0.464,0.415,0.503
0.42,0.404,0.321,0.72,0.418,0.393,0.385,0.685,0.419,0.705,0.387,0.672,0.413,0.716,0.719,0.388,0.391,0.402,0.407,0.384,0.394,0.411,0.423,0.392,0.393,0.387,0.402,0.704,0.448,0.432,1.0,0.423,0.0,0.41,0.373,0.603,0.384,0.404,0.659,0.409,0.898,0.406,0.404,0.694,0.695,0.442,0.393,0.393,0.648,0.452
0.483,0.599,0.362,0.433,0.677,0.605,0.549,0.434,0.457,0.408,0.656,0.416,0.693,0.419,0.414,0.536,0.631,0.672,0.684,0.55,0.694,0.707,0.728,0.597,0.603,0.586,0.712,0.442,0.459,0.482,0.423,1.0,0.0,0.705,0.552,0.402,0.547,0.707,0.418,0.724,0.418,0.612,0.724,0.445,0.449,0.42,0.613,0.616,0.413,0.464
0.0,0.0,0.0,0.0,0.0,0.0,0.0,0.0,0.0,0.0,0.0,0.0,0.0,0.0,0.0,0.0,0.0,0.0,0.0,0.0,0.0,0.0,0.0,0.0,0.0,0.0,0.0,0.0,0.0,0.0,0.0,0.0,1.0,0.0,0.0,0.0,0.0,0.0,0.0,0.0,0.0,0.0,0.0,0.0,0.0,0.0,0.0,0.0,0.0,0.0
0.488,0.594,0.365,0.424,0.688,0.616,0.537,0.417,0.467,0.417,0.668,0.423,0.764,0.415,0.417,0.539,0.617,0.695,0.694,0.532,0.727,0.864,0.859,0.608,0.604,0.585,0.723,0.424,0.454,0.479,0.41,0.705,0.0,1.0,0.572,0.42,0.532,0.706,0.423,0.724,0.41,0.61,0.733,0.415,0.417,0.402,0.609,0.61,0.408,0.46
0.453,0.73,0.322,0.4,0.595,0.735,0.495,0.395,0.442,0.423,0.646,0.391,0.612,0.406,0.39,0.504,0.669,0.579,0.584,0.487,0.56,0.589,0.572,0.823,0.793,0.687,0.584,0.392,0.453,0.434,0.373,0.552,0.0,0.572,1.0,0.407,0.486,0.573,0.378,0.578,0.374,0.667,0.586,0.385,0.39,0.379,0.633,0.631,0.405,0.422
0.416,0.401,0.319,0.628,0.404,0.409,0.4,0.58,0.416,0.631,0.422,0.591,0.433,0.637,0.622,0.402,0.423,0.431,0.427,0.396,0.411,0.42,0.41,0.432,0.427,0.421,0.402,0.595,0.472,0.421,0.603,0.402,0.0,0.42,0.407,1.0,0.396,0.4,0.624,0.408,0.606,0.421,0.405,0.585,0.586,0.43,0.402,0.4,0.617,0.458
0.461,0.502,0.346,0.386,0.521,0.523,0.982,0.4,0.451,0.379,0.505,0.383,0.509,0.384,0.377,0.941,0.52,0.546,0.535,0.994,0.545,0.543,0.57,0.507,0.512,0.498,0.518,0.396,0.425,0.466,0.384,0.547,0.0,0.532,0.486,0.396,1.0,0.507,0.393,0.523,0.386,0.516,0.522,0.402,0.404,0.409,0.493,0.493,0.389,0.448
0.487,0.606,0.35,0.422,0.683,0.603,0.512,0.437,0.449,0.416,0.675,0.413,0.731,0.428,0.413,0.521,0.604,0.668,0.674,0.509,0.692,0.718,0.716,0.593,0.606,0.586,0.813,0.441,0.465,0.472,0.404,0.707,0.0,0.706,0.573,0.4,0.507,1.0,0.405,0.735,0.411,0.616,0.858,0.432,0.414,0.408,0.617,0.617,0.426,0.461
0.43,0.406,0.33,0.663,0.409,0.419,0.396,0.642,0.419,0.648,0.387,0.659,0.414,0.675,0.67,0.395,0.407,0.422,0.423,0.393,0.412,0.414,0.419,0.398,0.4,0.394,0.399,0.648,0.44,0.434,0.659,0.418,0.0,0.423,0.378,0.624,0.393,0.405,1.0,0.414,0.661,0.414,0.414,0.638,0.647,0.446,0.406,0.406,0.623,0.459
0.491,0.596,0.358,0.414,0.707,0.609,0.53,0.429,0.475,0.409,0.69,0.421,0.756,0.411,0.412,0.536,0.609,0.693,0.719,0.525,0.712,0.728,0.73,0.598,0.587,0.596,0.755,0.425,0.459,0.491,0.409,0.724,0.0,0.724,0.578,0.408,0.523,0.735,0.414,1.0,0.41,0.625,0.749,0.414,0.419,0.418,0.632,0.634,0.407,0.476
0.433,0.409,0.324,0.743,0.428,0.4,0.387,0.692,0.415,0.713,0.388,0.699,0.415,0.742,0.738,0.394,0.39,0.402,0.411,0.386,0.4,0.409,0.427,0.393,0.398,0.39,0.404,0.725,0.45,0.441,0.898,0.418,0.0,0.41,0.374,0.606,0.386,0.411,0.661,0.41,1.0,0.408,0.4,0.719,0.718,0.443,0.393,0.393,0.657,0.458
0.483,0.671,0.347,0.438,0.642,0.685,0.522,0.424,0.463,0.423,0.622,0.409,0.641,0.431,0.42,0.533,0.688,0.634,0.625,0.518,0.6,0.624,0.609,0.703,0.695,0.683,0.621,0.433,0.46,0.46,0.406,0.612,0.0,0.61,0.667,0.421,0.516,0.616,0.414,0.625,0.408,1.0,0.647,0.424,0.424,0.404,0.7,0.699,0.442,0.455
0.482,0.601,0.364,0.426,0.702,0.617,0.528,0.423,0.472,0.418,0.693,0.41,0.749,0.42,0.416,0.534,0.619,0.691,0.694,0.525,0.709,0.743,0.726,0.617,0.617,0.584,0.827,0.425,0.462,0.486,0.404,0.724,0.0,0.733,0.586,0.405,0.522,0.858,0.414,0.749,0.4,0.647,1.0,0.417,0.419,0.409,0.621,0.621,0.421,0.465
0.436,0.442,0.338,0.73,0.428,0.418,0.404,0.9,0.419,0.67,0.396,0.696,0.422,0.72,0.709,0.397,0.416,0.413,0.426,0.401,0.41,0.412,0.426,0.408,0.42,0.414,0.409,0.962,0.454,0.44,0.694,0.445,0.0,0.415,0.385,0.585,0.402,0.432,0.638,0.414,0.719,0.424,0.417,1.0,0.961,0.45,0.41,0.411,0.663,0.456
0.448,0.45,0.337,0.732,0.433,0.416,0.406,0.882,0.419,0.679,0.396,0.704,0.421,0.722,0.709,0.4,0.426,0.414,0.424,0.403,0.409,0.412,0.425,0.416,0.418,0.409,0.407,0.939,0.454,0.438,0.695,0.449,0.0,0.417,0.39,0.586,0.404,0.414,0.647,0.419,0.718,0.424,0.419,0.961,1.0,0.45,0.415,0.415,0.656,0.455
0.472,0.409,0.343,0.443,0.427,0.415,0.409,0.448,0.446,0.433,0.401,0.44,0.411,0.441,0.441,0.406,0.398,0.409,0.409,0.409,0.412,0.406,0.408,0.412,0.41,0.39,0.404,0.446,0.525,0.477,0.442,0.42,0.0,0.402,0.379,0.43,0.409,0.408,0.446,0.418,0.443,0.404,0.409,0.45,0.45,1.0,0.437,0.437,0.429,0.594
0.466,0.677,0.358,0.413,0.648,0.674,0.498,0.417,0.451,0.403,0.594,0.413,0.615,0.404,0.418,0.506,0.68,0.605,0.599,0.494,0.601,0.607,0.605,0.676,0.675,0.664,0.598,0.419,0.446,0.463,0.393,0.613,0.0,0.609,0.633,0.402,0.493,0.617,0.406,0.632,0.393,0.7,0.621,0.41,0.415,0.437,1.0,0.997,0.415,0.471
0.466,0.679,0.358,0.411,0.648,0.676,0.498,0.418,0.449,0.401,0.594,0.413,0.615,0.402,0.416,0.506,0.68,0.605,0.601,0.494,0.6,0.607,0.607,0.676,0.675,0.665,0.598,0.42,0.444,0.464,0.393,0.616,0.0,0.61,0.631,0.4,0.493,0.617,0.406,0.634,0.393,0.699,0.621,0.411,0.415,0.437,0.997,1.0,0.413,0.471
0.427,0.429,0.337,0.69,0.427,0.42,0.391,0.641,0.403,0.681,0.417,0.638,0.439,0.699,0.678,0.402,0.423,0.415,0.416,0.39,0.402,0.423,0.409,0.434,0.443,0.435,0.415,0.675,0.457,0.415,0.648,0.413,0.0,0.408,0.405,0.617,0.389,0.426,0.623,0.407,0.657,0.442,0.421,0.663,0.656,0.429,0.415,0.413,1.0,0.449
0.528,0.461,0.379,0.465,0.461,0.468,0.453,0.454,0.508,0.448,0.444,0.462,0.456,0.464,0.476,0.458,0.457,0.464,0.461,0.45,0.461,0.464,0.466,0.449,0.458,0.439,0.453,0.462,0.795,0.503,0.452,0.464,0.0,0.46,0.422,0.458,0.448,0.461,0.459,0.476,0.458,0.455,0.465,0.456,0.455,0.594,0.471,0.471,0.449,1.0
