GCF_000163235.1_ASM16323v1_genomic.fna,GCF_000164555.1_ASM16455v1_genomic.fna,GCF_000208545.1_ASM20854v2_genomic.fna,GCF_000233875.1_ASM23387v1_genomic.fna,GCF_000249735.1_ASM24973v2_genomic.fna,GCF_000261145.1_Esch_coli_M919_V2_genomic.fna,GCF_000267705.2_ASM26770v2_genomic.fna,GCF_000350665.1_Esch_coli_KTE5_V1_genomic.fna,GCF_000351625.1_Esch_coli_KTE66_V1_genomic.fna,GCF_000352285.1_Esch_coli_KTE46_V1_genomic.fna,GCF_000358895.1_ASM35889v1_genomic.fna,GCF_000456385.1_Esch_coli_HVH_26_4-5703913_V1_genomic.fna,GCF_000458195.1_Esch_coli_HVH_147_4-5893887_V1_genomic.fna,GCF_000459755.1_Esch_coli_KOEGE_58_171a_V1_genomic.fna,GCF_000460055.1_Esch_coli_UMEA_3053-1_V1_genomic.fna,GCF_000462165.2_ASM46216v2_genomic.fna,GCF_000601135.1_ASM60113v1_genomic.fna,GCF_000614595.1_Ec2010EL1058_genomic.fna,GCF_000617745.1_Ec2010C-4529_genomic.fna,GCF_000618265.2_EcF6751_genomic.fna,GCF_000619005.2_Ec2009C-4052_genomic.fna,GCF_000619105.1_Ec2009C-4780_genomic.fna,GCF_000619765.2_Ec2009C-3279_genomic.fna,GCF_000687005.1_ASM68700v1_genomic.fna,GCF_000687025.1_ASM68702v1_genomic.fna,GCF_000700125.1_ASM70012v1_genomic.fna,GCF_000753315.1_FHI35_genomic.fna,GCF_000776375.1_ASM77637v1_genomic.fna,GCF_000779395.1_ASM77939v1_genomic.fna,GCF_000780315.1_ASM78031v1_genomic.fna,GCF_000781995.1_ASM78199v1_genomic.fna,GCF_000986765.1_ASM98676v1_genomic.fna,GCF_001041375.1_ViralProj287958_genomic.fna,GCF_001265335.1_302014_genomic.fna,GCF_001265625.1_100854_genomic.fna,GCF_001267345.1_303289_genomic.fna,GCF_001309985.1_ASM130998v1_genomic.fna,GCF_001521695.1_ASM152169v1_genomic.fna,GCF_001592595.1_ASM159259v1_genomic.fna,GCF_001614975.1_ASM161497v1_genomic.fna,GCF_001692775.1_ASM169277v1_genomic.fna,GCF_001748915.1_ASM174891v1_genomic.fna,GCF_001749235.1_ASM174923v1_genomic.fna,GCF_001881155.1_ASM188115v1_genomic.fna,GCF_001881345.1_ASM188134v1_genomic.fna,GCF_001892405.1_ASM189240v1_genomic.fna,GCF_001892585.1_ASM189258v1_genomic.fna,GCF_001893985.1_ASM189398v1_genomic.fna,GCF_002001595.1_ASM200159v1_genomic.fna,GCF_002002145.1_ASM200214v1_genomic.fna
1.0,0.91,0.896,0.886,0.902,0.912,0.895,0.892,0.92,0.895,0.89,0.906,0.912,0.887,0.891,0.899,0.909,0.902,0.9,0.895,0.903,0.896,0.897,0.903,0.907,0.894,0.904,0.897,0.918,0.913,0.89,0.894,0.017,0.889,0.896,0.889,0.894,0.904,0.885,0.91,0.895,0.906,0.893,0.896,0.892,0.885,0.902,0.902,0.892,0.908
0.91,1.0,0.888,0.879,0.941,0.944,0.905,0.904,0.895,0.886,0.906,0.893,0.922,0.884,0.895,0.91,0.936,0.919,0.928,0.903,0.92,0.925,0.924,0.935,0.954,0.919,0.926,0.902,0.918,0.89,0.892,0.925,0.018,0.912,0.931,0.9,0.902,0.935,0.894,0.929,0.889,0.935,0.925,0.904,0.901,0.889,0.934,0.934,0.895,0.912
0.896,0.888,1.0,0.877,0.889,0.886,0.885,0.889,0.886,0.876,0.865,0.886,0.886,0.877,0.891,0.889,0.888,0.886,0.888,0.883,0.891,0.889,0.891,0.875,0.894,0.868,0.89,0.887,0.896,0.884,0.888,0.89,0.019,0.882,0.87,0.893,0.882,0.893,0.881,0.896,0.888,0.896,0.896,0.892,0.89,0.872,0.887,0.887,0.886,0.891
0.886,0.879,0.877,1.0,0.882,0.888,0.868,0.928,0.884,0.942,0.88,0.932,0.886,0.942,0.944,0.877,0.885,0.887,0.875,0.867,0.871,0.878,0.876,0.888,0.881,0.885,0.885,0.939,0.896,0.882,0.919,0.882,0.016,0.859,0.878,0.903,0.867,0.877,0.906,0.874,0.929,0.882,0.868,0.933,0.931,0.871,0.878,0.878,0.917,0.899
0.902,0.941,0.889,0.882,1.0,0.932,0.906,0.9,0.896,0.885,0.923,0.898,0.943,0.89,0.899,0.912,0.93,0.926,0.935,0.904,0.932,0.937,0.934,0.922,0.935,0.919,0.943,0.897,0.912,0.89,0.892,0.929,0.017,0.925,0.916,0.896,0.903,0.945,0.895,0.939,0.893,0.938,0.941,0.893,0.894,0.891,0.937,0.937,0.894,0.905
0.912,0.944,0.886,0.888,0.932,1.0,0.908,0.901,0.902,0.889,0.905,0.899,0.923,0.89,0.894,0.911,0.93,0.918,0.915,0.905,0.917,0.922,0.92,0.938,0.942,0.919,0.926,0.897,0.918,0.891,0.89,0.914,0.016,0.91,0.942,0.898,0.905,0.922,0.893,0.92,0.89,0.936,0.917,0.897,0.893,0.88,0.925,0.925,0.892,0.911
0.895,0.905,0.885,0.868,0.906,0.908,1.0,0.886,0.886,0.871,0.882,0.88,0.896,0.869,0.884,0.979,0.894,0.912,0.917,0.993,0.925,0.914,0.922,0.89,0.906,0.889,0.9,0.886,0.899,0.875,0.88,0.912,0.016,0.909,0.889,0.89,0.993,0.904,0.892,0.906,0.878,0.907,0.908,0.891,0.889,0.883,0.913,0.914,0.887,0.894
0.892,0.904,0.889,0.928,0.9,0.901,0.886,1.0,0.879,0.92,0.872,0.937,0.887,0.927,0.937,0.888,0.897,0.895,0.897,0.884,0.885,0.895,0.894,0.885,0.895,0.879,0.889,0.973,0.906,0.877,0.924,0.895,0.019,0.883,0.875,0.921,0.885,0.896,0.922,0.888,0.931,0.894,0.888,0.968,0.966,0.885,0.899,0.899,0.928,0.906
0.92,0.895,0.886,0.884,0.896,0.902,0.886,0.879,1.0,0.892,0.888,0.89,0.9,0.886,0.881,0.896,0.895,0.903,0.893,0.885,0.894,0.897,0.892,0.889,0.889,0.881,0.904,0.883,0.9,0.917,0.876,0.885,0.018,0.888,0.885,0.887,0.885,0.886,0.884,0.903,0.883,0.901,0.892,0.88,0.877,0.883,0.895,0.895,0.888,0.903
0.895,0.886,0.876,0.942,0.885,0.889,0.871,0.92,0.892,1.0,0.89,0.923,0.891,0.933,0.922,0.878,0.884,0.887,0.876,0.869,0.872,0.878,0.879,0.891,0.878,0.886,0.89,0.928,0.902,0.887,0.926,0.876,0.018,0.863,0.886,0.911,0.869,0.879,0.913,0.881,0.93,0.886,0.869,0.921,0.92,0.869,0.876,0.875,0.918,0.898
0.89,0.906,0.865,0.88,0.923,0.905,0.882,0.872,0.888,0.89,1.0,0.882,0.932,0.884,0.876,0.887,0.904,0.91,0.903,0.881,0.905,0.914,0.908,0.923,0.904,0.922,0.922,0.876,0.891,0.887,0.863,0.9,0.017,0.902,0.919,0.869,0.88,0.908,0.869,0.918,0.871,0.912,0.907,0.874,0.871,0.85,0.898,0.897,0.871,0.883
0.906,0.893,0.886,0.932,0.898,0.899,0.88,0.937,0.89,0.923,0.882,1.0,0.895,0.935,0.954,0.886,0.898,0.893,0.883,0.876,0.879,0.888,0.879,0.888,0.894,0.885,0.893,0.941,0.907,0.884,0.911,0.888,0.019,0.874,0.878,0.916,0.877,0.89,0.916,0.891,0.933,0.891,0.88,0.938,0.934,0.876,0.891,0.891,0.919,0.902
0.912,0.922,0.886,0.886,0.943,0.923,0.896,0.887,0.9,0.891,0.932,0.895,1.0,0.891,0.887,0.904,0.924,0.934,0.931,0.895,0.93,0.948,0.938,0.925,0.922,0.92,0.951,0.892,0.907,0.907,0.883,0.92,0.018,0.932,0.922,0.889,0.894,0.94,0.881,0.951,0.887,0.928,0.937,0.888,0.889,0.875,0.921,0.921,0.881,0.905
0.887,0.884,0.877,0.942,0.89,0.89,0.869,0.927,0.886,0.933,0.884,0.935,0.891,1.0,0.939,0.878,0.891,0.889,0.883,0.868,0.872,0.886,0.883,0.889,0.878,0.882,0.893,0.937,0.899,0.882,0.925,0.883,0.017,0.867,0.875,0.91,0.869,0.885,0.918,0.882,0.94,0.89,0.876,0.931,0.93,0.874,0.878,0.877,0.923,0.898
0.891,0.895,0.891,0.944,0.899,0.894,0.884,0.937,0.881,0.922,0.876,0.954,0.887,0.939,1.0,0.889,0.9,0.898,0.888,0.882,0.889,0.89,0.89,0.884,0.898,0.881,0.889,0.942,0.91,0.874,0.931,0.894,0.018,0.876,0.873,0.922,0.881,0.892,0.922,0.892,0.942,0.893,0.884,0.938,0.935,0.879,0.896,0.895,0.928,0.913
0.899,0.91,0.889,0.877,0.912,0.911,0.979,0.888,0.896,0.878,0.887,0.886,0.904,0.878,0.889,1.0,0.899,0.913,0.911,0.98,0.913,0.917,0.916,0.9,0.908,0.894,0.9,0.89,0.905,0.881,0.881,0.906,0.016,0.901,0.894,0.892,0.977,0.9,0.897,0.91,0.886,0.915,0.901,0.888,0.885,0.878,0.911,0.911,0.894,0.9
0.909,0.936,0.888,0.885,0.93,0.93,0.894,0.897,0.895,0.884,0.904,0.898,0.924,0.891,0.9,0.899,1.0,0.919,0.92,0.89,0.912,0.919,0.92,0.926,0.932,0.924,0.923,0.901,0.909,0.885,0.88,0.926,0.015,0.906,0.913,0.893,0.89,0.924,0.891,0.924,0.891,0.93,0.917,0.897,0.898,0.879,0.923,0.922,0.892,0.909
0.902,0.919,0.886,0.887,0.926,0.918,0.912,0.895,0.903,0.887,0.91,0.893,0.934,0.889,0.898,0.913,0.919,1.0,0.946,0.911,0.94,0.947,0.94,0.904,0.915,0.899,0.939,0.897,0.906,0.895,0.888,0.926,0.017,0.923,0.904,0.9,0.911,0.929,0.892,0.933,0.894,0.923,0.924,0.894,0.892,0.878,0.917,0.917,0.888,0.903
0.9,0.928,0.888,0.875,0.935,0.915,0.917,0.897,0.893,0.876,0.903,0.883,0.931,0.883,0.888,0.911,0.92,0.946,1.0,0.917,0.949,0.948,0.945,0.908,0.919,0.897,0.936,0.899,0.905,0.886,0.89,0.934,0.015,0.93,0.907,0.899,0.917,0.93,0.89,0.928,0.885,0.928,0.934,0.9,0.904,0.889,0.925,0.926,0.887,0.905
0.895,0.903,0.883,0.867,0.904,0.905,0.993,0.884,0.885,0.869,0.881,0.876,0.895,0.868,0.882,0.98,0.89,0.911,0.917,1.0,0.928,0.914,0.924,0.889,0.904,0.886,0.897,0.884,0.895,0.875,0.879,0.915,0.016,0.909,0.886,0.888,0.997,0.902,0.889,0.904,0.876,0.906,0.906,0.889,0.888,0.885,0.913,0.914,0.887,0.89
0.903,0.92,0.891,0.871,0.932,0.917,0.925,0.885,0.894,0.872,0.905,0.879,0.93,0.872,0.889,0.913,0.912,0.94,0.949,0.928,1.0,0.94,0.95,0.897,0.917,0.895,0.937,0.885,0.903,0.884,0.884,0.938,0.017,0.941,0.899,0.891,0.927,0.939,0.884,0.935,0.88,0.918,0.938,0.887,0.887,0.897,0.929,0.93,0.876,0.904
0.896,0.925,0.889,0.878,0.937,0.922,0.914,0.895,0.897,0.878,0.914,0.888,0.948,0.886,0.89,0.917,0.919,0.947,0.948,0.914,0.94,1.0,0.972,0.905,0.924,0.904,0.942,0.898,0.906,0.889,0.887,0.934,0.016,0.943,0.906,0.897,0.914,0.941,0.888,0.941,0.885,0.927,0.937,0.894,0.894,0.878,0.93,0.93,0.883,0.905
0.897,0.924,0.891,0.876,0.934,0.92,0.922,0.894,0.892,0.879,0.908,0.879,0.938,0.883,0.89,0.916,0.92,0.94,0.945,0.924,0.95,0.972,1.0,0.904,0.924,0.902,0.938,0.895,0.901,0.88,0.886,0.943,0.017,0.949,0.906,0.893,0.923,0.937,0.891,0.933,0.883,0.926,0.94,0.896,0.899,0.887,0.926,0.926,0.882,0.897
0.903,0.935,0.875,0.888,0.922,0.938,0.89,0.885,0.889,0.891,0.923,0.888,0.925,0.889,0.884,0.9,0.926,0.904,0.908,0.889,0.897,0.905,0.904,1.0,0.937,0.93,0.922,0.884,0.903,0.893,0.872,0.902,0.017,0.9,0.95,0.881,0.889,0.916,0.875,0.918,0.879,0.925,0.909,0.882,0.883,0.867,0.91,0.909,0.88,0.897
0.907,0.954,0.894,0.881,0.935,0.942,0.906,0.895,0.889,0.878,0.904,0.894,0.922,0.878,0.898,0.908,0.932,0.915,0.919,0.904,0.917,0.924,0.924,0.937,1.0,0.921,0.921,0.896,0.914,0.884,0.884,0.927,0.017,0.914,0.932,0.895,0.904,0.929,0.888,0.929,0.89,0.935,0.921,0.898,0.896,0.884,0.922,0.922,0.894,0.905
0.894,0.919,0.868,0.885,0.919,0.919,0.889,0.879,0.881,0.886,0.922,0.885,0.92,0.882,0.881,0.894,0.924,0.899,0.897,0.886,0.895,0.904,0.902,0.93,0.921,1.0,0.916,0.884,0.895,0.885,0.866,0.904,0.017,0.897,0.929,0.882,0.887,0.912,0.871,0.914,0.869,0.917,0.903,0.885,0.882,0.866,0.914,0.913,0.88,0.893
0.904,0.926,0.89,0.885,0.943,0.926,0.9,0.889,0.904,0.89,0.922,0.893,0.951,0.893,0.889,0.9,0.923,0.939,0.936,0.897,0.937,0.942,0.938,0.922,0.921,0.916,1.0,0.888,0.904,0.895,0.882,0.929,0.018,0.926,0.92,0.897,0.898,0.952,0.881,0.947,0.89,0.933,0.951,0.884,0.885,0.877,0.92,0.919,0.881,0.902
0.897,0.902,0.887,0.939,0.897,0.897,0.886,0.973,0.883,0.928,0.876,0.941,0.892,0.937,0.942,0.89,0.901,0.897,0.899,0.884,0.885,0.898,0.895,0.884,0.896,0.884,0.888,1.0,0.909,0.879,0.928,0.899,0.018,0.882,0.874,0.918,0.885,0.897,0.925,0.891,0.936,0.896,0.887,0.988,0.985,0.886,0.901,0.901,0.935,0.91
0.918,0.918,0.896,0.896,0.912,0.918,0.899,0.906,0.9,0.902,0.891,0.907,0.907,0.899,0.91,0.905,0.909,0.906,0.905,0.895,0.903,0.906,0.901,0.903,0.914,0.895,0.904,0.909,1.0,0.899,0.898,0.908,0.015,0.898,0.89,0.907,0.896,0.913,0.901,0.912,0.904,0.91,0.907,0.908,0.903,0.899,0.913,0.912,0.901,0.959
0.913,0.89,0.884,0.882,0.89,0.891,0.875,0.877,0.917,0.887,0.887,0.884,0.907,0.882,0.874,0.881,0.885,0.895,0.886,0.875,0.884,0.889,0.88,0.893,0.884,0.885,0.895,0.879,0.899,1.0,0.872,0.879,0.017,0.877,0.883,0.883,0.876,0.887,0.872,0.902,0.877,0.894,0.886,0.878,0.878,0.879,0.883,0.883,0.875,0.894
0.89,0.892,0.888,0.919,0.892,0.89,0.88,0.924,0.876,0.926,0.863,0.911,0.883,0.925,0.931,0.881,0.88,0.888,0.89,0.879,0.884,0.887,0.886,0.872,0.884,0.866,0.882,0.928,0.898,0.872,1.0,0.891,0.018,0.875,0.868,0.91,0.88,0.891,0.911,0.884,0.961,0.885,0.885,0.929,0.926,0.886,0.891,0.891,0.926,0.895
0.894,0.925,0.89,0.882,0.929,0.914,0.912,0.895,0.885,0.876,0.9,0.888,0.92,0.883,0.894,0.906,0.926,0.926,0.934,0.915,0.938,0.934,0.943,0.902,0.927,0.904,0.929,0.899,0.908,0.879,0.891,1.0,0.016,0.935,0.897,0.888,0.915,0.938,0.886,0.93,0.888,0.923,0.938,0.901,0.904,0.902,0.929,0.929,0.879,0.898
0.017,0.018,0.019,0.016,0.017,0.016,0.016,0.019,0.018,0.018,0.017,0.019,0.018,0.017,0.018,0.016,0.015,0.017,0.015,0.016,0.017,0.016,0.017,0.017,0.017,0.017,0.018,0.018,0.015,0.017,0.018,0.016,1.0,0.018,0.017,0.018,0.016,0.018,0.017,0.017,0.018,0.016,0.018,0.018,0.018,0.018,0.017,0.017,0.017,0.017
0.889,0.912,0.882,0.859,0.925,0.91,0.909,0.883,0.888,0.863,0.902,0.874,0.932,0.867,0.876,0.901,0.906,0.923,0.93,0.909,0.941,0.943,0.949,0.9,0.914,0.897,0.926,0.882,0.898,0.877,0.875,0.935,0.018,1.0,0.897,0.888,0.911,0.932,0.883,0.93,0.869,0.921,0.936,0.887,0.889,0.895,0.923,0.924,0.87,0.894
0.896,0.931,0.87,0.878,0.916,0.942,0.889,0.875,0.885,0.886,0.919,0.878,0.922,0.875,0.873,0.894,0.913,0.904,0.907,0.886,0.899,0.906,0.906,0.95,0.932,0.929,0.92,0.874,0.89,0.883,0.868,0.897,0.017,0.897,1.0,0.879,0.886,0.909,0.871,0.911,0.874,0.921,0.905,0.873,0.873,0.865,0.905,0.905,0.873,0.889
0.889,0.9,0.893,0.903,0.896,0.898,0.89,0.921,0.887,0.911,0.869,0.916,0.889,0.91,0.922,0.892,0.893,0.9,0.899,0.888,0.891,0.897,0.893,0.881,0.895,0.882,0.897,0.918,0.907,0.883,0.91,0.888,0.018,0.888,0.879,1.0,0.889,0.892,0.929,0.896,0.919,0.896,0.888,0.919,0.914,0.884,0.895,0.894,0.917,0.909
0.894,0.902,0.882,0.867,0.903,0.905,0.993,0.885,0.885,0.869,0.88,0.877,0.894,0.869,0.881,0.977,0.89,0.911,0.917,0.997,0.927,0.914,0.923,0.889,0.904,0.887,0.898,0.885,0.896,0.876,0.88,0.915,0.016,0.911,0.886,0.889,1.0,0.902,0.889,0.904,0.876,0.904,0.906,0.89,0.889,0.886,0.911,0.912,0.887,0.891
0.904,0.935,0.893,0.877,0.945,0.922,0.904,0.896,0.886,0.879,0.908,0.89,0.94,0.885,0.892,0.9,0.924,0.929,0.93,0.902,0.939,0.941,0.937,0.916,0.929,0.912,0.952,0.897,0.913,0.887,0.891,0.938,0.018,0.932,0.909,0.892,0.902,1.0,0.881,0.946,0.89,0.929,0.96,0.9,0.897,0.891,0.938,0.938,0.885,0.908
0.885,0.894,0.881,0.906,0.895,0.893,0.892,0.922,0.884,0.913,0.869,0.916,0.881,0.918,0.922,0.897,0.891,0.892,0.89,0.889,0.884,0.888,0.891,0.875,0.888,0.871,0.881,0.925,0.901,0.872,0.911,0.886,0.017,0.883,0.871,0.929,0.889,0.881,1.0,0.888,0.915,0.896,0.88,0.921,0.921,0.875,0.889,0.888,0.922,0.897
0.91,0.929,0.896,0.874,0.939,0.92,0.906,0.888,0.903,0.881,0.918,0.891,0.951,0.882,0.892,0.91,0.924,0.933,0.928,0.904,0.935,0.941,0.933,0.918,0.929,0.914,0.947,0.891,0.912,0.902,0.884,0.93,0.017,0.93,0.911,0.896,0.904,0.946,0.888,1.0,0.891,0.937,0.949,0.888,0.892,0.883,0.933,0.932,0.884,0.909
0.895,0.889,0.888,0.929,0.893,0.89,0.878,0.931,0.883,0.93,0.871,0.933,0.887,0.94,0.942,0.886,0.891,0.894,0.885,0.876,0.88,0.885,0.883,0.879,0.89,0.869,0.89,0.936,0.904,0.877,0.961,0.888,0.018,0.869,0.874,0.919,0.876,0.89,0.915,0.891,1.0,0.892,0.879,0.932,0.931,0.879,0.887,0.886,0.927,0.903
0.906,0.935,0.896,0.882,0.938,0.936,0.907,0.894,0.901,0.886,0.912,0.891,0.928,0.89,0.893,0.915,0.93,0.923,0.928,0.906,0.918,0.927,0.926,0.925,0.935,0.917,0.933,0.896,0.91,0.894,0.885,0.923,0.016,0.921,0.921,0.896,0.904,0.929,0.896,0.937,0.892,1.0,0.932,0.894,0.896,0.884,0.934,0.933,0.888,0.905
0.893,0.925,0.896,0.868,0.941,0.917,0.908,0.888,0.892,0.869,0.907,0.88,0.937,0.876,0.884,0.901,0.917,0.924,0.934,0.906,0.938,0.937,0.94,0.909,0.921,0.903,0.951,0.887,0.907,0.886,0.885,0.938,0.018,0.936,0.905,0.888,0.906,0.96,0.88,0.949,0.879,0.932,1.0,0.89,0.894,0.892,0.927,0.927,0.877,0.895
0.896,0.904,0.892,0.933,0.893,0.897,0.891,0.968,0.88,0.921,0.874,0.938,0.888,0.931,0.938,0.888,0.897,0.894,0.9,0.889,0.887,0.894,0.896,0.882,0.898,0.885,0.884,0.988,0.908,0.878,0.929,0.901,0.018,0.887,0.873,0.919,0.89,0.9,0.921,0.888,0.932,0.894,0.89,1.0,0.988,0.891,0.904,0.905,0.937,0.908
0.892,0.901,0.89,0.931,0.894,0.893,0.889,0.966,0.877,0.92,0.871,0.934,0.889,0.93,0.935,0.885,0.898,0.892,0.904,0.888,0.887,0.894,0.899,0.883,0.896,0.882,0.885,0.985,0.903,0.878,0.926,0.904,0.018,0.889,0.873,0.914,0.889,0.897,0.921,0.892,0.931,0.896,0.894,0.988,1.0,0.891,0.904,0.905,0.928,0.904
0.885,0.889,0.872,0.871,0.891,0.88,0.883,0.885,0.883,0.869,0.85,0.876,0.875,0.874,0.879,0.878,0.879,0.878,0.889,0.885,0.897,0.878,0.887,0.867,0.884,0.866,0.877,0.886,0.899,0.879,0.886,0.902,0.018,0.895,0.865,0.884,0.886,0.891,0.875,0.883,0.879,0.884,0.892,0.891,0.891,1.0,0.9,0.901,0.881,0.904
0.902,0.934,0.887,0.878,0.937,0.925,0.913,0.899,0.895,0.876,0.898,0.891,0.921,0.878,0.896,0.911,0.923,0.917,0.925,0.913,0.929,0.93,0.926,0.91,0.922,0.914,0.92,0.901,0.913,0.883,0.891,0.929,0.017,0.923,0.905,0.895,0.911,0.938,0.889,0.933,0.887,0.934,0.927,0.904,0.904,0.9,1.0,0.999,0.885,0.907
0.902,0.934,0.887,0.878,0.937,0.925,0.914,0.899,0.895,0.875,0.897,0.891,0.921,0.877,0.895,0.911,0.922,0.917,0.926,0.914,0.93,0.93,0.926,0.909,0.922,0.913,0.919,0.901,0.912,0.883,0.891,0.929,0.017,0.924,0.905,0.894,0.912,0.938,0.888,0.932,0.886,0.933,0.927,0.905,0.905,0.901,0.999,1.0,0.884,0.907
0.892,0.895,0.886,0.917,0.894,0.892,0.887,0.928,0.888,0.918,0.871,0.919,0.881,0.923,0.928,0.894,0.892,0.888,0.887,0.887,0.876,0.883,0.882,0.88,0.894,0.88,0.881,0.935,0.901,0.875,0.926,0.879,0.017,0.87,0.873,0.917,0.887,0.885,0.922,0.884,0.927,0.888,0.877,0.937,0.928,0.881,0.885,0.884,1.0,0.906
0.908,0.912,0.891,0.899,0.905,0.911,0.894,0.906,0.903,0.898,0.883,0.902,0.905,0.898,0.913,0.9,0.909,0.903,0.905,0.89,0.904,0.905,0.897,0.897,0.905,0.893,0.902,0.91,0.959,0.894,0.895,0.898,0.017,0.894,0.889,0.909,0.891,0.908,0.897,0.909,0.903,0.905,0.895,0.908,0.904,0.904,0.907,0.907,0.906,1.0
