GCF_000163235.1_ASM16323v1_genomic.fna,GCF_000164555.1_ASM16455v1_genomic.fna,GCF_000208545.1_ASM20854v2_genomic.fna,GCF_000233875.1_ASM23387v1_genomic.fna,GCF_000249735.1_ASM24973v2_genomic.fna,GCF_000261145.1_Esch_coli_M919_V2_genomic.fna,GCF_000267705.2_ASM26770v2_genomic.fna,GCF_000350665.1_Esch_coli_KTE5_V1_genomic.fna,GCF_000351625.1_Esch_coli_KTE66_V1_genomic.fna,GCF_000352285.1_Esch_coli_KTE46_V1_genomic.fna,GCF_000358895.1_ASM35889v1_genomic.fna,GCF_000456385.1_Esch_coli_HVH_26_4-5703913_V1_genomic.fna,GCF_000458195.1_Esch_coli_HVH_147_4-5893887_V1_genomic.fna,GCF_000459755.1_Esch_coli_KOEGE_58_171a_V1_genomic.fna,GCF_000460055.1_Esch_coli_UMEA_3053-1_V1_genomic.fna,GCF_000462165.2_ASM46216v2_genomic.fna,GCF_000601135.1_ASM60113v1_genomic.fna,GCF_000614595.1_Ec2010EL1058_genomic.fna,GCF_000617745.1_Ec2010C-4529_genomic.fna,GCF_000618265.2_EcF6751_genomic.fna,GCF_000619005.2_Ec2009C-4052_genomic.fna,GCF_000619105.1_Ec2009C-4780_genomic.fna,GCF_000619765.2_Ec2009C-3279_genomic.fna,GCF_000687005.1_ASM68700v1_genomic.fna,GCF_000687025.1_ASM68702v1_genomic.fna,GCF_000700125.1_ASM70012v1_genomic.fna,GCF_000753315.1_FHI35_genomic.fna,GCF_000776375.1_ASM77637v1_genomic.fna,GCF_000779395.1_ASM77939v1_genomic.fna,GCF_000780315.1_ASM78031v1_genomic.fna,GCF_000781995.1_ASM78199v1_genomic.fna,GCF_000986765.1_ASM98676v1_genomic.fna,GCF_001041375.1_ViralProj287958_genomic.fna,GCF_001265335.1_302014_genomic.fna,GCF_001265625.1_100854_genomic.fna,GCF_001267345.1_303289_genomic.fna,GCF_001309985.1_ASM130998v1_genomic.fna,GCF_001521695.1_ASM152169v1_genomic.fna,GCF_001592595.1_ASM159259v1_genomic.fna,GCF_001614975.1_ASM161497v1_genomic.fna,GCF_001692775.1_ASM169277v1_genomic.fna,GCF_001748915.1_ASM174891v1_genomic.fna,GCF_001749235.1_ASM174923v1_genomic.fna,GCF_001881155.1_ASM188115v1_genomic.fna,GCF_001881345.1_ASM188134v1_genomic.fna,GCF_001892405.1_ASM189240v1_genomic.fna,GCF_001892585.1_ASM189258v1_genomic.fna,GCF_001893985.1_ASM189398v1_genomic.fna,GCF_002001595.1_ASM200159v1_genomic.fna,GCF_002002145.1_ASM200214v1_genomic.fna
1.0,0.572,0.504,0.52,0.588,0.579,0.549,0.538,0.656,0.536,0.559,0.547,0.556,0.516,0.518,0.55,0.548,0.556,0.548,0.545,0.53,0.561,0.567,0.566,0.565,0.539,0.555,0.538,0.597,0.644,0.509,0.554,0.0,0.569,0.524,0.515,0.547,0.58,0.506,0.58,0.521,0.554,0.563,0.53,0.547,0.543,0.557,0.56,0.496,0.596
0.572,1.0,0.467,0.519,0.712,0.792,0.606,0.534,0.56,0.524,0.644,0.542,0.659,0.508,0.513,0.607,0.73,0.664,0.663,0.604,0.649,0.649,0.657,0.791,0.802,0.729,0.656,0.531,0.544,0.552,0.504,0.67,0.0,0.646,0.737,0.498,0.605,0.674,0.494,0.664,0.511,0.709,0.657,0.555,0.54,0.509,0.725,0.727,0.523,0.543
0.504,0.467,1.0,0.419,0.463,0.459,0.461,0.441,0.51,0.435,0.441,0.448,0.456,0.432,0.44,0.462,0.452,0.44,0.442,0.458,0.438,0.455,0.454,0.459,0.458,0.444,0.451,0.44,0.493,0.491,0.425,0.448,0.0,0.461,0.421,0.44,0.46,0.465,0.422,0.466,0.439,0.446,0.465,0.444,0.439,0.45,0.458,0.458,0.431,0.492
0.52,0.519,0.419,1.0,0.52,0.518,0.491,0.735,0.536,0.779,0.513,0.786,0.518,0.817,0.827,0.492,0.505,0.501,0.501,0.485,0.481,0.516,0.509,0.518,0.526,0.492,0.514,0.77,0.57,0.518,0.763,0.505,0.0,0.5,0.476,0.678,0.488,0.507,0.716,0.513,0.792,0.513,0.512,0.75,0.761,0.517,0.505,0.504,0.703,0.58
0.588,0.712,0.463,0.52,1.0,0.718,0.62,0.542,0.578,0.53,0.774,0.538,0.748,0.525,0.523,0.622,0.69,0.723,0.73,0.616,0.717,0.727,0.734,0.697,0.695,0.672,0.724,0.534,0.561,0.568,0.517,0.739,0.0,0.728,0.65,0.506,0.619,0.74,0.513,0.758,0.526,0.684,0.748,0.528,0.537,0.509,0.712,0.716,0.517,0.556
0.579,0.792,0.459,0.518,0.718,1.0,0.604,0.537,0.567,0.52,0.656,0.528,0.676,0.519,0.512,0.609,0.727,0.67,0.667,0.601,0.646,0.653,0.664,0.793,0.813,0.717,0.66,0.526,0.56,0.55,0.505,0.674,0.0,0.683,0.756,0.511,0.602,0.683,0.52,0.679,0.516,0.719,0.671,0.521,0.528,0.503,0.742,0.747,0.506,0.557
0.549,0.606,0.461,0.491,0.62,0.604,1.0,0.508,0.567,0.486,0.589,0.492,0.601,0.481,0.484,0.964,0.59,0.628,0.633,0.987,0.649,0.62,0.647,0.598,0.59,0.588,0.596,0.496,0.534,0.542,0.491,0.62,0.0,0.607,0.561,0.505,0.989,0.588,0.488,0.608,0.491,0.597,0.592,0.502,0.504,0.495,0.588,0.589,0.485,0.538
0.538,0.534,0.441,0.735,0.542,0.537,0.508,1.0,0.538,0.735,0.497,0.739,0.515,0.742,0.73,0.505,0.506,0.501,0.508,0.503,0.49,0.507,0.517,0.521,0.514,0.492,0.502,0.907,0.573,0.514,0.752,0.521,0.0,0.518,0.48,0.67,0.506,0.543,0.701,0.522,0.757,0.511,0.519,0.906,0.898,0.523,0.501,0.503,0.705,0.561
0.656,0.56,0.51,0.536,0.578,0.567,0.567,0.538,1.0,0.542,0.556,0.543,0.563,0.536,0.536,0.568,0.542,0.556,0.549,0.566,0.55,0.575,0.576,0.557,0.551,0.534,0.557,0.537,0.579,0.67,0.525,0.551,0.0,0.569,0.516,0.539,0.568,0.556,0.527,0.574,0.535,0.556,0.572,0.528,0.532,0.549,0.549,0.55,0.521,0.591
0.536,0.524,0.435,0.779,0.53,0.52,0.486,0.735,0.542,1.0,0.54,0.765,0.535,0.782,0.778,0.489,0.507,0.501,0.501,0.482,0.482,0.515,0.5,0.538,0.537,0.51,0.521,0.757,0.572,0.528,0.775,0.497,0.0,0.504,0.498,0.687,0.485,0.507,0.722,0.524,0.789,0.527,0.512,0.735,0.753,0.506,0.513,0.511,0.718,0.578
0.559,0.644,0.441,0.513,0.774,0.656,0.589,0.497,0.556,0.54,1.0,0.506,0.768,0.518,0.517,0.594,0.659,0.72,0.706,0.586,0.688,0.725,0.697,0.698,0.668,0.675,0.728,0.507,0.529,0.546,0.487,0.692,0.0,0.692,0.69,0.491,0.588,0.704,0.491,0.732,0.498,0.683,0.718,0.495,0.5,0.484,0.672,0.668,0.487,0.543
0.547,0.542,0.448,0.786,0.538,0.528,0.492,0.739,0.543,0.765,0.506,1.0,0.515,0.777,0.876,0.494,0.514,0.493,0.505,0.487,0.495,0.516,0.513,0.522,0.527,0.506,0.506,0.767,0.581,0.529,0.747,0.51,0.0,0.514,0.482,0.676,0.49,0.527,0.722,0.528,0.781,0.515,0.519,0.753,0.761,0.527,0.506,0.509,0.699,0.571
0.556,0.659,0.456,0.518,0.748,0.676,0.601,0.515,0.563,0.535,0.768,0.515,1.0,0.515,0.524,0.606,0.684,0.764,0.758,0.596,0.75,0.817,0.79,0.702,0.681,0.673,0.809,0.52,0.55,0.57,0.5,0.751,0.0,0.793,0.654,0.494,0.6,0.771,0.491,0.804,0.509,0.69,0.783,0.506,0.512,0.489,0.694,0.689,0.491,0.562
0.516,0.508,0.432,0.817,0.525,0.519,0.481,0.742,0.536,0.782,0.518,0.777,0.515,1.0,0.814,0.485,0.509,0.512,0.503,0.478,0.482,0.521,0.51,0.507,0.517,0.491,0.524,0.785,0.585,0.519,0.769,0.504,0.0,0.501,0.477,0.685,0.481,0.513,0.72,0.525,0.797,0.514,0.516,0.76,0.772,0.518,0.505,0.504,0.712,0.58
0.518,0.513,0.44,0.827,0.523,0.512,0.484,0.73,0.536,0.778,0.517,0.876,0.524,0.814,1.0,0.486,0.513,0.495,0.496,0.481,0.486,0.522,0.506,0.519,0.522,0.5,0.518,0.761,0.571,0.519,0.77,0.498,0.0,0.502,0.484,0.67,0.484,0.509,0.728,0.521,0.794,0.515,0.516,0.74,0.753,0.518,0.511,0.507,0.699,0.587
0.55,0.607,0.462,0.492,0.622,0.609,0.964,0.505,0.568,0.489,0.594,0.494,0.606,0.485,0.486,1.0,0.589,0.626,0.634,0.961,0.633,0.622,0.642,0.595,0.587,0.589,0.595,0.499,0.536,0.546,0.494,0.606,0.0,0.605,0.561,0.51,0.965,0.589,0.49,0.61,0.493,0.599,0.591,0.498,0.503,0.497,0.589,0.59,0.492,0.543
0.548,0.73,0.452,0.505,0.69,0.727,0.59,0.506,0.542,0.507,0.659,0.514,0.684,0.509,0.513,0.589,1.0,0.673,0.655,0.585,0.647,0.673,0.654,0.774,0.756,0.761,0.673,0.502,0.537,0.533,0.483,0.69,0.0,0.672,0.702,0.488,0.587,0.66,0.481,0.672,0.495,0.718,0.67,0.495,0.506,0.467,0.728,0.725,0.478,0.533
0.556,0.664,0.44,0.501,0.723,0.67,0.628,0.501,0.556,0.501,0.72,0.493,0.764,0.512,0.495,0.626,0.673,1.0,0.789,0.624,0.752,0.777,0.758,0.679,0.66,0.661,0.752,0.506,0.54,0.566,0.486,0.723,0.0,0.733,0.638,0.501,0.626,0.717,0.486,0.748,0.493,0.669,0.728,0.492,0.498,0.481,0.665,0.665,0.479,0.551
0.548,0.663,0.442,0.501,0.73,0.667,0.633,0.508,0.549,0.501,0.706,0.505,0.758,0.503,0.496,0.634,0.655,0.789,1.0,0.629,0.765,0.772,0.762,0.66,0.649,0.635,0.745,0.511,0.523,0.543,0.493,0.733,0.0,0.738,0.626,0.501,0.63,0.719,0.488,0.755,0.498,0.65,0.727,0.498,0.503,0.475,0.659,0.66,0.483,0.533
0.545,0.604,0.458,0.485,0.616,0.601,0.987,0.503,0.566,0.482,0.586,0.487,0.596,0.478,0.481,0.961,0.585,0.624,0.629,1.0,0.643,0.618,0.641,0.595,0.588,0.585,0.591,0.493,0.53,0.541,0.487,0.618,0.0,0.602,0.558,0.5,0.991,0.582,0.482,0.603,0.487,0.595,0.587,0.5,0.5,0.495,0.584,0.585,0.481,0.535
0.53,0.649,0.438,0.481,0.717,0.646,0.649,0.49,0.55,0.482,0.688,0.495,0.75,0.482,0.486,0.633,0.647,0.752,0.765,0.643,1.0,0.761,0.781,0.641,0.627,0.632,0.737,0.49,0.508,0.543,0.479,0.755,0.0,0.741,0.608,0.495,0.646,0.714,0.481,0.742,0.486,0.633,0.724,0.49,0.494,0.491,0.651,0.651,0.471,0.517
0.561,0.649,0.455,0.516,0.727,0.653,0.62,0.507,0.575,0.515,0.725,0.516,0.817,0.521,0.522,0.622,0.673,0.777,0.772,0.618,0.761,1.0,0.923,0.673,0.654,0.651,0.777,0.515,0.54,0.563,0.5,0.743,0.0,0.87,0.632,0.503,0.617,0.743,0.486,0.782,0.508,0.674,0.772,0.501,0.504,0.49,0.674,0.673,0.488,0.553
0.567,0.657,0.454,0.509,0.734,0.664,0.647,0.517,0.576,0.5,0.697,0.513,0.79,0.51,0.506,0.642,0.654,0.758,0.762,0.641,0.781,0.923,1.0,0.652,0.646,0.633,0.758,0.516,0.537,0.557,0.506,0.763,0.0,0.866,0.614,0.508,0.641,0.732,0.496,0.762,0.51,0.657,0.746,0.515,0.516,0.495,0.654,0.656,0.491,0.539
0.566,0.791,0.459,0.518,0.697,0.793,0.598,0.521,0.557,0.538,0.698,0.522,0.702,0.507,0.519,0.595,0.774,0.679,0.66,0.595,0.641,0.673,0.652,1.0,0.839,0.764,0.695,0.511,0.55,0.549,0.492,0.66,0.0,0.669,0.818,0.492,0.596,0.674,0.481,0.674,0.509,0.761,0.677,0.501,0.509,0.482,0.743,0.738,0.487,0.553
0.565,0.802,0.458,0.526,0.695,0.813,0.59,0.514,0.551,0.537,0.668,0.527,0.681,0.517,0.522,0.587,0.756,0.66,0.649,0.588,0.627,0.654,0.646,0.839,1.0,0.764,0.677,0.52,0.543,0.54,0.502,0.666,0.0,0.651,0.795,0.495,0.589,0.66,0.498,0.658,0.511,0.738,0.667,0.524,0.521,0.484,0.732,0.729,0.505,0.543
0.539,0.729,0.444,0.492,0.672,0.717,0.588,0.492,0.534,0.51,0.675,0.506,0.673,0.491,0.5,0.589,0.761,0.661,0.635,0.585,0.632,0.651,0.633,0.764,0.764,1.0,0.671,0.498,0.519,0.532,0.479,0.644,0.0,0.641,0.708,0.481,0.585,0.638,0.465,0.67,0.494,0.728,0.642,0.506,0.49,0.477,0.718,0.714,0.486,0.535
0.555,0.656,0.451,0.514,0.724,0.66,0.596,0.502,0.557,0.521,0.728,0.506,0.809,0.524,0.518,0.595,0.673,0.752,0.745,0.591,0.737,0.777,0.758,0.695,0.677,0.671,1.0,0.511,0.545,0.553,0.499,0.74,0.0,0.748,0.641,0.496,0.594,0.82,0.48,0.777,0.51,0.679,0.843,0.505,0.502,0.481,0.677,0.673,0.495,0.551
0.538,0.531,0.44,0.77,0.534,0.526,0.496,0.907,0.537,0.757,0.507,0.767,0.52,0.785,0.761,0.499,0.502,0.506,0.511,0.493,0.49,0.515,0.516,0.511,0.52,0.498,0.511,1.0,0.571,0.519,0.762,0.516,0.0,0.513,0.478,0.671,0.496,0.543,0.702,0.525,0.791,0.515,0.515,0.955,0.941,0.514,0.506,0.508,0.714,0.559
0.597,0.544,0.493,0.57,0.561,0.56,0.534,0.573,0.579,0.572,0.529,0.581,0.55,0.585,0.571,0.536,0.537,0.54,0.523,0.53,0.508,0.54,0.537,0.55,0.543,0.519,0.545,0.571,1.0,0.577,0.552,0.53,0.0,0.54,0.506,0.556,0.534,0.548,0.549,0.55,0.564,0.542,0.548,0.559,0.566,0.625,0.536,0.537,0.544,0.854
0.644,0.552,0.491,0.518,0.568,0.55,0.542,0.514,0.67,0.528,0.546,0.529,0.57,0.519,0.519,0.546,0.533,0.566,0.543,0.541,0.543,0.563,0.557,0.549,0.54,0.532,0.553,0.519,0.577,1.0,0.514,0.541,0.0,0.547,0.502,0.513,0.543,0.555,0.501,0.575,0.523,0.547,0.561,0.51,0.514,0.549,0.553,0.554,0.501,0.59
0.509,0.504,0.425,0.763,0.517,0.505,0.491,0.752,0.525,0.775,0.487,0.747,0.5,0.769,0.77,0.494,0.483,0.486,0.493,0.487,0.479,0.5,0.506,0.492,0.502,0.479,0.499,0.762,0.552,0.514,1.0,0.496,0.0,0.496,0.459,0.681,0.49,0.495,0.723,0.508,0.908,0.498,0.498,0.751,0.763,0.514,0.49,0.49,0.72,0.552
0.554,0.67,0.448,0.505,0.739,0.674,0.62,0.521,0.551,0.497,0.692,0.51,0.751,0.504,0.498,0.606,0.69,0.723,0.733,0.618,0.755,0.743,0.763,0.66,0.666,0.644,0.74,0.516,0.53,0.541,0.496,1.0,0.0,0.741,0.603,0.494,0.619,0.752,0.493,0.762,0.501,0.674,0.748,0.519,0.52,0.494,0.679,0.681,0.486,0.528
0.0,0.0,0.0,0.0,0.0,0.0,0.0,0.0,0.0,0.0,0.0,0.0,0.0,0.0,0.0,0.0,0.0,0.0,0.0,0.0,0.0,0.0,0.0,0.0,0.0,0.0,0.0,0.0,0.0,0.0,0.0,0.0,1.0,0.0,0.0,0.0,0.0,0.0,0.0,0.0,0.0,0.0,0.0,0.0,0.0,0.0,0.0,0.0,0.0,0.0
0.569,0.646,0.461,0.5,0.728,0.683,0.607,0.518,0.569,0.504,0.692,0.514,0.793,0.501,0.502,0.605,0.672,0.733,0.738,0.602,0.741,0.87,0.866,0.669,0.651,0.641,0.748,0.513,0.54,0.547,0.496,0.741,0.0,1.0,0.622,0.507,0.604,0.745,0.495,0.765,0.503,0.658,0.76,0.502,0.511,0.483,0.665,0.667,0.484,0.539
0.524,0.737,0.421,0.476,0.65,0.756,0.561,0.48,0.516,0.498,0.69,0.482,0.654,0.477,0.484,0.561,0.702,0.638,0.626,0.558,0.608,0.632,0.614,0.818,0.795,0.708,0.641,0.478,0.506,0.502,0.459,0.603,0.0,0.622,1.0,0.464,0.559,0.621,0.444,0.628,0.472,0.708,0.632,0.466,0.472,0.447,0.691,0.688,0.452,0.513
0.515,0.498,0.44,0.678,0.506,0.511,0.505,0.67,0.539,0.687,0.491,0.676,0.494,0.685,0.67,0.51,0.488,0.501,0.501,0.5,0.495,0.503,0.508,0.492,0.495,0.481,0.496,0.671,0.556,0.513,0.681,0.494,0.0,0.507,0.464,1.0,0.502,0.481,0.702,0.513,0.687,0.497,0.488,0.662,0.671,0.519,0.477,0.478,0.666,0.562
0.547,0.605,0.46,0.488,0.619,0.602,0.989,0.506,0.568,0.485,0.588,0.49,0.6,0.481,0.484,0.965,0.587,0.626,0.63,0.991,0.646,0.617,0.641,0.596,0.589,0.585,0.594,0.496,0.534,0.543,0.49,0.619,0.0,0.604,0.559,0.502,1.0,0.586,0.486,0.606,0.49,0.596,0.591,0.501,0.503,0.495,0.587,0.588,0.484,0.539
0.58,0.674,0.465,0.507,0.74,0.683,0.588,0.543,0.556,0.507,0.704,0.527,0.771,0.513,0.509,0.589,0.66,0.717,0.719,0.582,0.714,0.743,0.732,0.674,0.66,0.638,0.82,0.543,0.548,0.555,0.495,0.752,0.0,0.745,0.621,0.481,0.586,1.0,0.489,0.772,0.509,0.67,0.862,0.533,0.519,0.493,0.683,0.685,0.498,0.543
0.506,0.494,0.422,0.716,0.513,0.52,0.488,0.701,0.527,0.722,0.491,0.722,0.491,0.72,0.728,0.49,0.481,0.486,0.488,0.482,0.481,0.486,0.496,0.481,0.498,0.465,0.48,0.702,0.549,0.501,0.723,0.493,0.0,0.495,0.444,0.702,0.486,0.489,1.0,0.505,0.724,0.499,0.49,0.7,0.714,0.509,0.49,0.49,0.691,0.547
0.58,0.664,0.466,0.513,0.758,0.679,0.608,0.522,0.574,0.524,0.732,0.528,0.804,0.525,0.521,0.61,0.672,0.748,0.755,0.603,0.742,0.782,0.762,0.674,0.658,0.67,0.777,0.525,0.55,0.575,0.508,0.762,0.0,0.765,0.628,0.513,0.606,0.772,0.505,1.0,0.514,0.67,0.774,0.513,0.523,0.511,0.699,0.701,0.498,0.568
0.521,0.511,0.439,0.792,0.526,0.516,0.491,0.757,0.535,0.789,0.498,0.781,0.509,0.797,0.794,0.493,0.495,0.493,0.498,0.487,0.486,0.508,0.51,0.509,0.511,0.494,0.51,0.791,0.564,0.523,0.908,0.501,0.0,0.503,0.472,0.687,0.49,0.509,0.724,0.514,1.0,0.509,0.508,0.773,0.781,0.515,0.501,0.501,0.723,0.567
0.554,0.709,0.446,0.513,0.684,0.719,0.597,0.511,0.556,0.527,0.683,0.515,0.69,0.514,0.515,0.599,0.718,0.669,0.65,0.595,0.633,0.674,0.657,0.761,0.738,0.728,0.679,0.515,0.542,0.547,0.498,0.674,0.0,0.658,0.708,0.497,0.596,0.67,0.499,0.67,0.509,1.0,0.696,0.508,0.508,0.484,0.754,0.749,0.488,0.542
0.563,0.657,0.465,0.512,0.748,0.671,0.592,0.519,0.572,0.512,0.718,0.519,0.783,0.516,0.516,0.591,0.67,0.728,0.727,0.587,0.724,0.772,0.746,0.677,0.667,0.642,0.843,0.515,0.548,0.561,0.498,0.748,0.0,0.76,0.632,0.488,0.591,0.862,0.49,0.774,0.508,0.696,1.0,0.504,0.504,0.487,0.689,0.691,0.491,0.547
0.53,0.555,0.444,0.75,0.528,0.521,0.502,0.906,0.528,0.735,0.495,0.753,0.506,0.76,0.74,0.498,0.495,0.492,0.498,0.5,0.49,0.501,0.515,0.501,0.524,0.506,0.505,0.955,0.559,0.51,0.751,0.519,0.0,0.502,0.466,0.662,0.501,0.533,0.7,0.513,0.773,0.508,0.504,1.0,0.949,0.528,0.498,0.5,0.723,0.543
0.547,0.54,0.439,0.761,0.537,0.528,0.504,0.898,0.532,0.753,0.5,0.761,0.512,0.772,0.753,0.503,0.506,0.498,0.503,0.5,0.494,0.504,0.516,0.509,0.521,0.49,0.502,0.941,0.566,0.514,0.763,0.52,0.0,0.511,0.472,0.671,0.503,0.519,0.714,0.523,0.781,0.508,0.504,0.949,1.0,0.52,0.509,0.512,0.723,0.552
0.543,0.509,0.45,0.517,0.509,0.503,0.495,0.523,0.549,0.506,0.484,0.527,0.489,0.518,0.518,0.497,0.467,0.481,0.475,0.495,0.491,0.49,0.495,0.482,0.484,0.477,0.481,0.514,0.625,0.549,0.514,0.494,0.0,0.483,0.447,0.519,0.495,0.493,0.509,0.511,0.515,0.484,0.487,0.528,0.52,1.0,0.507,0.509,0.513,0.665
0.557,0.725,0.458,0.505,0.712,0.742,0.588,0.501,0.549,0.513,0.672,0.506,0.694,0.505,0.511,0.589,0.728,0.665,0.659,0.584,0.651,0.674,0.654,0.743,0.732,0.718,0.677,0.506,0.536,0.553,0.49,0.679,0.0,0.665,0.691,0.477,0.587,0.683,0.49,0.699,0.501,0.754,0.689,0.498,0.509,0.507,1.0,0.993,0.488,0.554
0.56,0.727,0.458,0.504,0.716,0.747,0.589,0.503,0.55,0.511,0.668,0.509,0.689,0.504,0.507,0.59,0.725,0.665,0.66,0.585,0.651,0.673,0.656,0.738,0.729,0.714,0.673,0.508,0.537,0.554,0.49,0.681,0.0,0.667,0.688,0.478,0.588,0.685,0.49,0.701,0.501,0.749,0.691,0.5,0.512,0.509,0.993,1.0,0.488,0.551
0.496,0.523,0.431,0.703,0.517,0.506,0.485,0.705,0.521,0.718,0.487,0.699,0.491,0.712,0.699,0.492,0.478,0.479,0.483,0.481,0.471,0.488,0.491,0.487,0.505,0.486,0.495,0.714,0.544,0.501,0.72,0.486,0.0,0.484,0.452,0.666,0.484,0.498,0.691,0.498,0.723,0.488,0.491,0.723,0.723,0.513,0.488,0.488,1.0,0.547
0.596,0.543,0.492,0.58,0.556,0.557,0.538,0.561,0.591,0.578,0.543,0.571,0.562,0.58,0.587,0.543,0.533,0.551,0.533,0.535,0.517,0.553,0.539,0.553,0.543,0.535,0.551,0.559,0.854,0.59,0.552,0.528,0.0,0.539,0.513,0.562,0.539,0.543,0.547,0.568,0.567,0.542,0.547,0.543,0.552,0.665,0.554,0.551,0.547,1.0
