GCF_000163235.1_ASM16323v1_genomic.fna,GCF_000164555.1_ASM16455v1_genomic.fna,GCF_000208545.1_ASM20854v2_genomic.fna,GCF_000233875.1_ASM23387v1_genomic.fna,GCF_000249735.1_ASM24973v2_genomic.fna,GCF_000261145.1_Esch_coli_M919_V2_genomic.fna,GCF_000267705.2_ASM26770v2_genomic.fna,GCF_000350665.1_Esch_coli_KTE5_V1_genomic.fna,GCF_000351625.1_Esch_coli_KTE66_V1_genomic.fna,GCF_000352285.1_Esch_coli_KTE46_V1_genomic.fna,GCF_000358895.1_ASM35889v1_genomic.fna,GCF_000456385.1_Esch_coli_HVH_26_4-5703913_V1_genomic.fna,GCF_000458195.1_Esch_coli_HVH_147_4-5893887_V1_genomic.fna,GCF_000459755.1_Esch_coli_KOEGE_58_171a_V1_genomic.fna,GCF_000460055.1_Esch_coli_UMEA_3053-1_V1_genomic.fna,GCF_000462165.2_ASM46216v2_genomic.fna,GCF_000601135.1_ASM60113v1_genomic.fna,GCF_000614595.1_Ec2010EL1058_genomic.fna,GCF_000617745.1_Ec2010C-4529_genomic.fna,GCF_000618265.2_EcF6751_genomic.fna,GCF_000619005.2_Ec2009C-4052_genomic.fna,GCF_000619105.1_Ec2009C-4780_genomic.fna,GCF_000619765.2_Ec2009C-3279_genomic.fna,GCF_000687005.1_ASM68700v1_genomic.fna,GCF_000687025.1_ASM68702v1_genomic.fna,GCF_000700125.1_ASM70012v1_genomic.fna,GCF_000753315.1_FHI35_genomic.fna,GCF_000776375.1_ASM77637v1_genomic.fna,GCF_000779395.1_ASM77939v1_genomic.fna,GCF_000780315.1_ASM78031v1_genomic.fna,GCF_000781995.1_ASM78199v1_genomic.fna,GCF_000986765.1_ASM98676v1_genomic.fna,GCF_001041375.1_ViralProj287958_genomic.fna,GCF_001265335.1_302014_genomic.fna,GCF_001265625.1_100854_genomic.fna,GCF_001267345.1_303289_genomic.fna,GCF_001309985.1_ASM130998v1_genomic.fna,GCF_001521695.1_ASM152169v1_genomic.fna,GCF_001592595.1_ASM159259v1_genomic.fna,GCF_001614975.1_ASM161497v1_genomic.fna,GCF_001692775.1_ASM169277v1_genomic.fna,GCF_001748915.1_ASM174891v1_genomic.fna,GCF_001749235.1_ASM174923v1_genomic.fna,GCF_001881155.1_ASM188115v1_genomic.fna,GCF_001881345.1_ASM188134v1_genomic.fna,GCF_001892405.1_ASM189240v1_genomic.fna,GCF_001892585.1_ASM189258v1_genomic.fna,GCF_001893985.1_ASM189398v1_genomic.fna,GCF_002001595.1_ASM200159v1_genomic.fna,GCF_002002145.1_ASM200214v1_genomic.fna
1.0,0.547,0.471,0.504,0.539,0.534,0.531,0.504,0.638,0.52,0.553,0.501,0.573,0.485,0.483,0.541,0.539,0.535,0.538,0.531,0.5,0.547,0.546,0.559,0.541,0.53,0.54,0.507,0.601,0.638,0.455,0.521,0.0,0.542,0.516,0.482,0.531,0.556,0.464,0.561,0.476,0.527,0.544,0.5,0.511,0.503,0.512,0.511,0.483,0.587
0.547,1.0,0.423,0.503,0.686,0.815,0.585,0.492,0.534,0.507,0.659,0.516,0.674,0.478,0.492,0.586,0.729,0.674,0.662,0.585,0.624,0.658,0.657,0.815,0.827,0.717,0.67,0.5,0.547,0.523,0.459,0.668,0.0,0.659,0.76,0.475,0.585,0.694,0.461,0.654,0.479,0.722,0.669,0.503,0.5,0.478,0.715,0.716,0.5,0.543
0.471,0.423,1.0,0.396,0.411,0.406,0.417,0.407,0.453,0.4,0.411,0.402,0.424,0.395,0.393,0.417,0.4,0.415,0.413,0.417,0.398,0.415,0.421,0.407,0.406,0.39,0.429,0.403,0.461,0.448,0.368,0.422,0.0,0.42,0.373,0.399,0.417,0.424,0.395,0.415,0.389,0.41,0.44,0.415,0.408,0.391,0.41,0.41,0.405,0.451
0.504,0.503,0.396,1.0,0.474,0.485,0.477,0.749,0.512,0.776,0.471,0.774,0.488,0.789,0.811,0.484,0.471,0.469,0.481,0.476,0.447,0.478,0.483,0.489,0.494,0.467,0.478,0.794,0.549,0.492,0.711,0.479,0.0,0.475,0.459,0.678,0.477,0.498,0.698,0.483,0.759,0.468,0.483,0.784,0.774,0.479,0.473,0.472,0.717,0.552
0.539,0.686,0.411,0.474,1.0,0.687,0.593,0.485,0.528,0.473,0.787,0.479,0.731,0.474,0.476,0.591,0.654,0.727,0.717,0.594,0.713,0.718,0.733,0.674,0.671,0.65,0.742,0.466,0.531,0.514,0.442,0.741,0.0,0.731,0.642,0.467,0.593,0.747,0.463,0.731,0.464,0.688,0.762,0.47,0.476,0.465,0.702,0.704,0.465,0.514
0.534,0.815,0.406,0.485,0.687,1.0,0.606,0.481,0.532,0.482,0.655,0.488,0.683,0.474,0.484,0.599,0.73,0.698,0.671,0.607,0.632,0.677,0.685,0.816,0.832,0.712,0.668,0.483,0.556,0.512,0.452,0.68,0.0,0.682,0.768,0.495,0.605,0.683,0.48,0.668,0.472,0.728,0.677,0.477,0.48,0.472,0.737,0.735,0.479,0.542
0.531,0.585,0.417,0.477,0.593,0.606,1.0,0.458,0.537,0.468,0.589,0.466,0.603,0.458,0.47,0.955,0.583,0.629,0.633,0.992,0.616,0.626,0.631,0.59,0.6,0.584,0.615,0.464,0.531,0.517,0.428,0.612,0.0,0.604,0.568,0.486,0.993,0.614,0.456,0.608,0.44,0.586,0.619,0.459,0.459,0.456,0.573,0.57,0.462,0.534
0.504,0.492,0.407,0.749,0.485,0.481,0.458,1.0,0.499,0.741,0.452,0.75,0.477,0.744,0.73,0.459,0.458,0.476,0.472,0.459,0.45,0.474,0.484,0.488,0.473,0.457,0.48,0.91,0.543,0.488,0.705,0.483,0.0,0.474,0.44,0.668,0.458,0.508,0.698,0.468,0.733,0.466,0.491,0.915,0.903,0.489,0.473,0.473,0.695,0.548
0.638,0.534,0.453,0.512,0.528,0.532,0.537,0.499,1.0,0.514,0.534,0.502,0.549,0.495,0.505,0.543,0.529,0.527,0.529,0.536,0.497,0.546,0.533,0.545,0.528,0.512,0.54,0.51,0.59,0.65,0.466,0.525,0.0,0.549,0.502,0.509,0.537,0.536,0.484,0.54,0.486,0.517,0.547,0.5,0.497,0.496,0.502,0.501,0.494,0.595
0.52,0.507,0.4,0.776,0.473,0.482,0.468,0.741,0.514,1.0,0.486,0.746,0.501,0.743,0.76,0.478,0.476,0.467,0.474,0.469,0.442,0.478,0.464,0.501,0.495,0.473,0.472,0.76,0.56,0.499,0.735,0.463,0.0,0.474,0.46,0.671,0.468,0.49,0.711,0.481,0.763,0.464,0.477,0.752,0.762,0.467,0.464,0.463,0.73,0.535
0.553,0.659,0.411,0.471,0.787,0.655,0.589,0.452,0.534,0.486,1.0,0.463,0.78,0.454,0.463,0.594,0.654,0.721,0.724,0.589,0.686,0.737,0.716,0.707,0.664,0.688,0.734,0.462,0.521,0.54,0.421,0.719,0.0,0.727,0.688,0.469,0.589,0.734,0.448,0.763,0.437,0.655,0.748,0.455,0.454,0.438,0.65,0.651,0.461,0.512
0.501,0.516,0.402,0.774,0.479,0.488,0.466,0.75,0.502,0.746,0.463,1.0,0.489,0.764,0.87,0.468,0.465,0.476,0.476,0.467,0.454,0.476,0.478,0.49,0.487,0.469,0.483,0.77,0.565,0.486,0.69,0.479,0.0,0.479,0.461,0.667,0.465,0.516,0.698,0.479,0.733,0.471,0.494,0.77,0.765,0.495,0.484,0.483,0.705,0.559
0.573,0.674,0.424,0.488,0.731,0.683,0.603,0.477,0.549,0.501,0.78,0.489,1.0,0.464,0.488,0.611,0.676,0.747,0.754,0.601,0.73,0.796,0.784,0.712,0.68,0.673,0.782,0.482,0.549,0.555,0.439,0.74,0.0,0.79,0.671,0.477,0.604,0.766,0.456,0.793,0.456,0.678,0.781,0.471,0.467,0.455,0.667,0.666,0.476,0.531
0.485,0.478,0.395,0.789,0.474,0.474,0.458,0.744,0.495,0.743,0.454,0.764,0.464,1.0,0.79,0.458,0.447,0.476,0.469,0.458,0.448,0.46,0.471,0.465,0.466,0.451,0.472,0.767,0.549,0.471,0.718,0.473,0.0,0.457,0.436,0.669,0.458,0.48,0.725,0.457,0.769,0.468,0.472,0.771,0.771,0.486,0.47,0.47,0.714,0.54
0.483,0.492,0.393,0.811,0.476,0.484,0.47,0.73,0.505,0.76,0.463,0.87,0.488,0.79,1.0,0.476,0.462,0.47,0.467,0.469,0.443,0.475,0.467,0.485,0.482,0.467,0.472,0.768,0.559,0.488,0.712,0.469,0.0,0.469,0.456,0.683,0.47,0.497,0.712,0.478,0.757,0.456,0.477,0.759,0.751,0.494,0.483,0.482,0.712,0.564
0.541,0.586,0.417,0.484,0.591,0.599,0.955,0.459,0.543,0.478,0.594,0.468,0.611,0.458,0.476,1.0,0.589,0.614,0.625,0.952,0.601,0.626,0.618,0.594,0.603,0.592,0.607,0.466,0.541,0.527,0.424,0.6,0.0,0.599,0.572,0.475,0.957,0.612,0.449,0.617,0.439,0.58,0.61,0.457,0.457,0.457,0.574,0.571,0.467,0.535
0.539,0.729,0.4,0.471,0.654,0.73,0.583,0.458,0.529,0.476,0.654,0.465,0.676,0.447,0.462,0.589,1.0,0.65,0.642,0.583,0.622,0.656,0.653,0.773,0.765,0.762,0.649,0.465,0.524,0.52,0.43,0.674,0.0,0.67,0.715,0.459,0.583,0.652,0.449,0.667,0.449,0.701,0.658,0.457,0.46,0.438,0.712,0.713,0.453,0.508
0.535,0.674,0.415,0.469,0.727,0.698,0.629,0.476,0.527,0.467,0.721,0.476,0.747,0.476,0.47,0.614,0.65,1.0,0.801,0.63,0.754,0.78,0.79,0.681,0.668,0.651,0.762,0.463,0.524,0.523,0.446,0.737,0.0,0.753,0.646,0.49,0.627,0.735,0.467,0.738,0.46,0.685,0.754,0.467,0.469,0.459,0.681,0.681,0.461,0.52
0.538,0.662,0.413,0.481,0.717,0.671,0.633,0.472,0.529,0.474,0.724,0.476,0.754,0.469,0.467,0.625,0.642,0.801,1.0,0.635,0.757,0.78,0.775,0.662,0.654,0.641,0.768,0.472,0.515,0.522,0.438,0.733,0.0,0.745,0.637,0.483,0.632,0.746,0.462,0.747,0.455,0.672,0.762,0.47,0.468,0.451,0.657,0.655,0.463,0.518
0.531,0.585,0.417,0.476,0.594,0.607,0.992,0.459,0.536,0.469,0.589,0.467,0.601,0.458,0.469,0.952,0.583,0.63,0.635,1.0,0.618,0.625,0.633,0.591,0.6,0.583,0.616,0.464,0.529,0.515,0.429,0.615,0.0,0.602,0.566,0.486,0.993,0.615,0.456,0.607,0.441,0.587,0.62,0.46,0.46,0.456,0.574,0.571,0.461,0.532
0.5,0.624,0.398,0.447,0.713,0.632,0.616,0.45,0.497,0.442,0.686,0.454,0.73,0.448,0.443,0.601,0.622,0.754,0.757,0.618,1.0,0.755,0.774,0.627,0.626,0.625,0.749,0.442,0.497,0.497,0.423,0.737,0.0,0.74,0.609,0.46,0.614,0.737,0.456,0.729,0.439,0.636,0.753,0.446,0.448,0.451,0.655,0.657,0.436,0.494
0.547,0.658,0.415,0.478,0.718,0.677,0.626,0.474,0.546,0.478,0.737,0.476,0.796,0.46,0.475,0.626,0.656,0.78,0.78,0.625,0.755,1.0,0.917,0.672,0.666,0.651,0.783,0.48,0.534,0.529,0.435,0.756,0.0,0.885,0.644,0.478,0.625,0.774,0.456,0.77,0.449,0.658,0.782,0.471,0.47,0.448,0.662,0.661,0.466,0.521
0.546,0.657,0.421,0.483,0.733,0.685,0.631,0.484,0.533,0.464,0.716,0.478,0.784,0.471,0.467,0.618,0.653,0.79,0.775,0.633,0.774,0.917,1.0,0.66,0.656,0.643,0.79,0.473,0.523,0.52,0.446,0.774,0.0,0.862,0.628,0.478,0.629,0.772,0.46,0.754,0.464,0.672,0.782,0.476,0.478,0.461,0.67,0.671,0.463,0.522
0.559,0.815,0.407,0.489,0.674,0.816,0.59,0.488,0.545,0.501,0.707,0.49,0.712,0.465,0.485,0.594,0.773,0.681,0.662,0.591,0.627,0.672,0.66,1.0,0.838,0.768,0.669,0.485,0.547,0.533,0.447,0.666,0.0,0.668,0.821,0.485,0.589,0.669,0.464,0.676,0.461,0.728,0.671,0.475,0.475,0.464,0.717,0.717,0.472,0.533
0.541,0.827,0.406,0.494,0.671,0.832,0.6,0.473,0.528,0.495,0.664,0.487,0.68,0.466,0.482,0.603,0.765,0.668,0.654,0.6,0.626,0.666,0.656,0.838,1.0,0.755,0.658,0.481,0.551,0.518,0.445,0.672,0.0,0.665,0.796,0.477,0.601,0.665,0.468,0.67,0.461,0.717,0.66,0.478,0.473,0.458,0.722,0.72,0.478,0.526
0.53,0.717,0.39,0.467,0.65,0.712,0.584,0.457,0.512,0.473,0.688,0.469,0.673,0.451,0.467,0.592,0.762,0.651,0.641,0.583,0.625,0.651,0.643,0.768,0.755,1.0,0.641,0.457,0.514,0.522,0.423,0.637,0.0,0.644,0.743,0.461,0.584,0.654,0.448,0.67,0.441,0.704,0.643,0.462,0.457,0.439,0.709,0.711,0.463,0.502
0.54,0.67,0.429,0.478,0.742,0.668,0.615,0.48,0.54,0.472,0.734,0.483,0.782,0.472,0.472,0.607,0.649,0.762,0.768,0.616,0.749,0.783,0.79,0.669,0.658,0.641,1.0,0.477,0.532,0.518,0.443,0.772,0.0,0.776,0.635,0.479,0.615,0.841,0.459,0.786,0.464,0.682,0.855,0.48,0.472,0.461,0.667,0.666,0.473,0.524
0.507,0.5,0.403,0.794,0.466,0.483,0.464,0.91,0.51,0.76,0.462,0.77,0.482,0.767,0.768,0.466,0.465,0.463,0.472,0.464,0.442,0.48,0.473,0.485,0.481,0.457,0.477,1.0,0.546,0.49,0.705,0.476,0.0,0.477,0.441,0.673,0.464,0.512,0.687,0.473,0.754,0.456,0.48,0.975,0.953,0.473,0.47,0.469,0.716,0.546
0.601,0.547,0.461,0.549,0.531,0.556,0.531,0.543,0.59,0.56,0.521,0.565,0.549,0.549,0.559,0.541,0.524,0.524,0.515,0.529,0.497,0.534,0.523,0.547,0.551,0.514,0.532,0.546,1.0,0.584,0.497,0.522,0.0,0.534,0.508,0.546,0.531,0.542,0.52,0.534,0.519,0.52,0.531,0.537,0.539,0.577,0.515,0.515,0.533,0.85
0.638,0.523,0.448,0.492,0.514,0.512,0.517,0.488,0.65,0.499,0.54,0.486,0.555,0.471,0.488,0.527,0.52,0.523,0.522,0.515,0.497,0.529,0.52,0.533,0.518,0.522,0.518,0.49,0.584,1.0,0.439,0.502,0.0,0.522,0.497,0.478,0.517,0.519,0.463,0.544,0.463,0.514,0.523,0.48,0.479,0.52,0.502,0.503,0.475,0.581
0.455,0.459,0.368,0.711,0.442,0.452,0.428,0.705,0.466,0.735,0.421,0.69,0.439,0.718,0.712,0.424,0.43,0.446,0.438,0.429,0.423,0.435,0.446,0.447,0.445,0.423,0.443,0.705,0.497,0.439,1.0,0.435,0.0,0.433,0.412,0.627,0.428,0.455,0.669,0.427,0.889,0.446,0.445,0.707,0.707,0.478,0.443,0.443,0.674,0.493
0.521,0.668,0.422,0.479,0.741,0.68,0.612,0.483,0.525,0.463,0.719,0.479,0.74,0.473,0.469,0.6,0.674,0.737,0.733,0.615,0.737,0.756,0.774,0.666,0.672,0.637,0.772,0.476,0.522,0.502,0.435,1.0,0.0,0.754,0.616,0.473,0.612,0.775,0.465,0.761,0.453,0.69,0.788,0.482,0.483,0.455,0.68,0.681,0.465,0.511
0.0,0.0,0.0,0.0,0.0,0.0,0.0,0.0,0.0,0.0,0.0,0.0,0.0,0.0,0.0,0.0,0.0,0.0,0.0,0.0,0.0,0.0,0.0,0.0,0.0,0.0,0.0,0.0,0.0,0.0,0.0,0.0,1.0,0.0,0.0,0.0,0.0,0.0,0.0,0.0,0.0,0.0,0.0,0.0,0.0,0.0,0.0,0.0,0.0,0.0
0.542,0.659,0.42,0.475,0.731,0.682,0.604,0.474,0.549,0.474,0.727,0.479,0.79,0.457,0.469,0.599,0.67,0.753,0.745,0.602,0.74,0.885,0.862,0.668,0.665,0.644,0.776,0.477,0.534,0.522,0.433,0.754,0.0,1.0,0.635,0.494,0.603,0.769,0.466,0.764,0.449,0.661,0.784,0.469,0.469,0.448,0.665,0.664,0.466,0.524
0.516,0.76,0.373,0.459,0.642,0.768,0.568,0.44,0.502,0.46,0.688,0.461,0.671,0.436,0.456,0.572,0.715,0.646,0.637,0.566,0.609,0.644,0.628,0.821,0.796,0.743,0.635,0.441,0.508,0.497,0.412,0.616,0.0,0.635,1.0,0.449,0.566,0.629,0.436,0.651,0.425,0.684,0.637,0.434,0.434,0.431,0.681,0.679,0.437,0.493
0.482,0.475,0.399,0.678,0.467,0.495,0.486,0.668,0.509,0.671,0.469,0.667,0.477,0.669,0.683,0.475,0.459,0.49,0.483,0.486,0.46,0.478,0.478,0.485,0.477,0.461,0.479,0.673,0.546,0.478,0.627,0.473,0.0,0.494,0.449,1.0,0.484,0.481,0.679,0.48,0.656,0.466,0.485,0.675,0.672,0.485,0.474,0.473,0.653,0.55
0.531,0.585,0.417,0.477,0.593,0.605,0.993,0.458,0.537,0.468,0.589,0.465,0.604,0.458,0.47,0.957,0.583,0.627,0.632,0.993,0.614,0.625,0.629,0.589,0.601,0.584,0.615,0.464,0.531,0.517,0.428,0.612,0.0,0.603,0.566,0.484,1.0,0.614,0.455,0.608,0.44,0.586,0.619,0.458,0.458,0.456,0.573,0.57,0.461,0.534
0.556,0.694,0.424,0.498,0.747,0.683,0.614,0.508,0.536,0.49,0.734,0.516,0.766,0.48,0.497,0.612,0.652,0.735,0.746,0.615,0.737,0.774,0.772,0.669,0.665,0.654,0.841,0.512,0.542,0.519,0.455,0.775,0.0,0.769,0.629,0.481,0.614,1.0,0.463,0.783,0.474,0.681,0.873,0.509,0.494,0.466,0.691,0.69,0.492,0.536
0.464,0.461,0.395,0.698,0.463,0.48,0.456,0.698,0.484,0.711,0.448,0.698,0.456,0.725,0.712,0.449,0.449,0.467,0.462,0.456,0.456,0.456,0.46,0.464,0.468,0.448,0.459,0.687,0.52,0.463,0.669,0.465,0.0,0.466,0.436,0.679,0.455,0.463,1.0,0.455,0.699,0.47,0.467,0.692,0.697,0.468,0.468,0.468,0.677,0.517
0.561,0.654,0.415,0.483,0.731,0.668,0.608,0.468,0.54,0.481,0.763,0.479,0.793,0.457,0.478,0.617,0.667,0.738,0.747,0.607,0.729,0.77,0.754,0.676,0.67,0.67,0.786,0.473,0.534,0.544,0.427,0.761,0.0,0.764,0.651,0.48,0.608,0.783,0.455,1.0,0.445,0.673,0.796,0.462,0.466,0.453,0.673,0.672,0.465,0.527
0.476,0.479,0.389,0.759,0.464,0.472,0.44,0.733,0.486,0.763,0.437,0.733,0.456,0.769,0.757,0.439,0.449,0.46,0.455,0.441,0.439,0.449,0.464,0.461,0.461,0.441,0.464,0.754,0.519,0.463,0.889,0.453,0.0,0.449,0.425,0.656,0.44,0.474,0.699,0.445,1.0,0.459,0.462,0.756,0.756,0.481,0.461,0.461,0.701,0.512
0.527,0.722,0.41,0.468,0.688,0.728,0.586,0.466,0.517,0.464,0.655,0.471,0.678,0.468,0.456,0.58,0.701,0.685,0.672,0.587,0.636,0.658,0.672,0.728,0.717,0.704,0.682,0.456,0.52,0.514,0.446,0.69,0.0,0.661,0.684,0.466,0.586,0.681,0.47,0.673,0.459,1.0,0.706,0.459,0.459,0.457,0.758,0.762,0.456,0.514
0.544,0.669,0.44,0.483,0.762,0.677,0.619,0.491,0.547,0.477,0.748,0.494,0.781,0.472,0.477,0.61,0.658,0.754,0.762,0.62,0.753,0.782,0.782,0.671,0.66,0.643,0.855,0.48,0.531,0.523,0.445,0.788,0.0,0.784,0.637,0.485,0.619,0.873,0.467,0.796,0.462,0.706,1.0,0.486,0.482,0.465,0.686,0.685,0.473,0.523
0.5,0.503,0.415,0.784,0.47,0.477,0.459,0.915,0.5,0.752,0.455,0.77,0.471,0.771,0.759,0.457,0.457,0.467,0.47,0.46,0.446,0.471,0.476,0.475,0.478,0.462,0.48,0.975,0.537,0.48,0.707,0.482,0.0,0.469,0.434,0.675,0.458,0.509,0.692,0.462,0.756,0.459,0.486,1.0,0.965,0.481,0.474,0.473,0.716,0.541
0.511,0.5,0.408,0.774,0.476,0.48,0.459,0.903,0.497,0.762,0.454,0.765,0.467,0.771,0.751,0.457,0.46,0.469,0.468,0.46,0.448,0.47,0.478,0.475,0.473,0.457,0.472,0.953,0.539,0.479,0.707,0.483,0.0,0.469,0.434,0.672,0.458,0.494,0.697,0.466,0.756,0.459,0.482,0.965,1.0,0.478,0.479,0.478,0.705,0.54
0.503,0.478,0.391,0.479,0.465,0.472,0.456,0.489,0.496,0.467,0.438,0.495,0.455,0.486,0.494,0.457,0.438,0.459,0.451,0.456,0.451,0.448,0.461,0.464,0.458,0.439,0.461,0.473,0.577,0.52,0.478,0.455,0.0,0.448,0.431,0.485,0.456,0.466,0.468,0.453,0.481,0.457,0.465,0.481,0.478,1.0,0.482,0.482,0.469,0.633
0.512,0.715,0.41,0.473,0.702,0.737,0.573,0.473,0.502,0.464,0.65,0.484,0.667,0.47,0.483,0.574,0.712,0.681,0.657,0.574,0.655,0.662,0.67,0.717,0.722,0.709,0.667,0.47,0.515,0.502,0.443,0.68,0.0,0.665,0.681,0.474,0.573,0.691,0.468,0.673,0.461,0.758,0.686,0.474,0.479,0.482,1.0,0.996,0.46,0.52
0.511,0.716,0.41,0.472,0.704,0.735,0.57,0.473,0.501,0.463,0.651,0.483,0.666,0.47,0.482,0.571,0.713,0.681,0.655,0.571,0.657,0.661,0.671,0.717,0.72,0.711,0.666,0.469,0.515,0.503,0.443,0.681,0.0,0.664,0.679,0.473,0.57,0.69,0.468,0.672,0.461,0.762,0.685,0.473,0.478,0.482,0.996,1.0,0.46,0.52
0.483,0.5,0.405,0.717,0.465,0.479,0.462,0.695,0.494,0.73,0.461,0.705,0.476,0.714,0.712,0.467,0.453,0.461,0.463,0.461,0.436,0.466,0.463,0.472,0.478,0.463,0.473,0.716,0.533,0.475,0.674,0.465,0.0,0.466,0.437,0.653,0.461,0.492,0.677,0.465,0.701,0.456,0.473,0.716,0.705,0.469,0.46,0.46,1.0,0.533
0.587,0.543,0.451,0.552,0.514,0.542,0.534,0.548,0.595,0.535,0.512,0.559,0.531,0.54,0.564,0.535,0.508,0.52,0.518,0.532,0.494,0.521,0.522,0.533,0.526,0.502,0.524,0.546,0.85,0.581,0.493,0.511,0.0,0.524,0.493,0.55,0.534,0.536,0.517,0.527,0.512,0.514,0.523,0.541,0.54,0.633,0.52,0.52,0.533,1.0
