GCF_000163235.1_ASM16323v1_genomic.fna,GCF_000164555.1_ASM16455v1_genomic.fna,GCF_000208545.1_ASM20854v2_genomic.fna,GCF_000233875.1_ASM23387v1_genomic.fna,GCF_000249735.1_ASM24973v2_genomic.fna,GCF_000261145.1_Esch_coli_M919_V2_genomic.fna,GCF_000267705.2_ASM26770v2_genomic.fna,GCF_000350665.1_Esch_coli_KTE5_V1_genomic.fna,GCF_000351625.1_Esch_coli_KTE66_V1_genomic.fna,GCF_000352285.1_Esch_coli_KTE46_V1_genomic.fna,GCF_000358895.1_ASM35889v1_genomic.fna,GCF_000456385.1_Esch_coli_HVH_26_4-5703913_V1_genomic.fna,GCF_000458195.1_Esch_coli_HVH_147_4-5893887_V1_genomic.fna,GCF_000459755.1_Esch_coli_KOEGE_58_171a_V1_genomic.fna,GCF_000460055.1_Esch_coli_UMEA_3053-1_V1_genomic.fna,GCF_000462165.2_ASM46216v2_genomic.fna,GCF_000601135.1_ASM60113v1_genomic.fna,GCF_000614595.1_Ec2010EL1058_genomic.fna,GCF_000617745.1_Ec2010C-4529_genomic.fna,GCF_000618265.2_EcF6751_genomic.fna,GCF_000619005.2_Ec2009C-4052_genomic.fna,GCF_000619105.1_Ec2009C-4780_genomic.fna,GCF_000619765.2_Ec2009C-3279_genomic.fna,GCF_000687005.1_ASM68700v1_genomic.fna,GCF_000687025.1_ASM68702v1_genomic.fna,GCF_000700125.1_ASM70012v1_genomic.fna,GCF_000753315.1_FHI35_genomic.fna,GCF_000776375.1_ASM77637v1_genomic.fna,GCF_000779395.1_ASM77939v1_genomic.fna,GCF_000780315.1_ASM78031v1_genomic.fna,GCF_000781995.1_ASM78199v1_genomic.fna,GCF_000986765.1_ASM98676v1_genomic.fna,GCF_001041375.1_ViralProj287958_genomic.fna,GCF_001265335.1_302014_genomic.fna,GCF_001265625.1_100854_genomic.fna,GCF_001267345.1_303289_genomic.fna,GCF_001309985.1_ASM130998v1_genomic.fna,GCF_001521695.1_ASM152169v1_genomic.fna,GCF_001592595.1_ASM159259v1_genomic.fna,GCF_001614975.1_ASM161497v1_genomic.fna,GCF_001692775.1_ASM169277v1_genomic.fna,GCF_001748915.1_ASM174891v1_genomic.fna,GCF_001749235.1_ASM174923v1_genomic.fna,GCF_001881155.1_ASM188115v1_genomic.fna,GCF_001881345.1_ASM188134v1_genomic.fna,GCF_001892405.1_ASM189240v1_genomic.fna,GCF_001892585.1_ASM189258v1_genomic.fna,GCF_001893985.1_ASM189398v1_genomic.fna,GCF_002001595.1_ASM200159v1_genomic.fna,GCF_002002145.1_ASM200214v1_genomic.fna
1.0,0.554,0.466,0.503,0.551,0.539,0.518,0.505,0.645,0.517,0.534,0.504,0.552,0.501,0.486,0.524,0.525,0.53,0.532,0.514,0.535,0.539,0.559,0.534,0.532,0.505,0.548,0.503,0.57,0.631,0.486,0.555,0.0,0.544,0.49,0.496,0.512,0.56,0.515,0.543,0.496,0.533,0.549,0.498,0.509,0.489,0.529,0.531,0.503,0.577
0.554,1.0,0.415,0.493,0.662,0.79,0.57,0.476,0.515,0.512,0.616,0.488,0.644,0.481,0.476,0.574,0.726,0.639,0.634,0.566,0.633,0.638,0.64,0.779,0.808,0.723,0.639,0.486,0.53,0.533,0.464,0.651,0.0,0.636,0.728,0.476,0.563,0.67,0.484,0.643,0.472,0.703,0.649,0.485,0.49,0.461,0.698,0.7,0.488,0.53
0.466,0.415,1.0,0.376,0.417,0.402,0.39,0.388,0.433,0.392,0.404,0.388,0.415,0.384,0.387,0.392,0.401,0.399,0.407,0.39,0.407,0.405,0.415,0.395,0.394,0.379,0.41,0.389,0.445,0.43,0.38,0.436,0.0,0.411,0.359,0.382,0.389,0.411,0.4,0.418,0.389,0.405,0.418,0.399,0.4,0.386,0.406,0.407,0.393,0.443
0.503,0.493,0.376,1.0,0.477,0.479,0.434,0.747,0.495,0.767,0.444,0.752,0.468,0.814,0.788,0.435,0.478,0.444,0.466,0.431,0.463,0.463,0.48,0.461,0.478,0.449,0.46,0.788,0.528,0.494,0.756,0.481,0.0,0.463,0.423,0.678,0.429,0.475,0.725,0.452,0.771,0.458,0.462,0.763,0.765,0.461,0.456,0.456,0.705,0.518
0.551,0.662,0.417,0.477,1.0,0.682,0.585,0.488,0.537,0.499,0.763,0.477,0.746,0.488,0.474,0.591,0.665,0.697,0.712,0.58,0.73,0.736,0.734,0.659,0.657,0.663,0.73,0.49,0.538,0.555,0.466,0.718,0.0,0.732,0.616,0.488,0.577,0.756,0.496,0.747,0.482,0.678,0.749,0.478,0.483,0.458,0.69,0.692,0.479,0.524
0.539,0.79,0.402,0.479,0.682,1.0,0.575,0.482,0.522,0.493,0.63,0.464,0.659,0.484,0.468,0.583,0.719,0.662,0.642,0.57,0.638,0.656,0.662,0.785,0.812,0.717,0.654,0.489,0.542,0.53,0.459,0.65,0.0,0.651,0.745,0.501,0.568,0.676,0.499,0.663,0.47,0.718,0.665,0.476,0.475,0.453,0.712,0.713,0.478,0.532
0.518,0.57,0.39,0.434,0.585,0.575,1.0,0.443,0.51,0.438,0.554,0.433,0.563,0.432,0.436,0.952,0.571,0.587,0.581,0.983,0.61,0.581,0.608,0.577,0.565,0.553,0.58,0.436,0.496,0.514,0.429,0.583,0.0,0.566,0.542,0.458,0.985,0.563,0.458,0.581,0.435,0.572,0.577,0.436,0.435,0.436,0.567,0.567,0.431,0.515
0.505,0.476,0.388,0.747,0.488,0.482,0.443,1.0,0.485,0.74,0.449,0.728,0.477,0.739,0.735,0.442,0.476,0.44,0.474,0.441,0.456,0.462,0.477,0.478,0.467,0.446,0.47,0.906,0.541,0.487,0.731,0.489,0.0,0.468,0.424,0.66,0.439,0.497,0.719,0.469,0.745,0.458,0.474,0.897,0.885,0.476,0.453,0.454,0.704,0.529
0.645,0.515,0.433,0.495,0.537,0.522,0.51,0.485,1.0,0.507,0.52,0.475,0.549,0.499,0.478,0.512,0.518,0.509,0.521,0.506,0.521,0.531,0.545,0.519,0.508,0.504,0.542,0.491,0.564,0.654,0.48,0.525,0.0,0.534,0.479,0.49,0.504,0.532,0.495,0.538,0.48,0.532,0.546,0.472,0.474,0.475,0.517,0.518,0.485,0.576
0.517,0.512,0.392,0.767,0.499,0.493,0.438,0.74,0.507,1.0,0.472,0.718,0.498,0.776,0.722,0.441,0.478,0.461,0.472,0.435,0.457,0.477,0.471,0.482,0.488,0.471,0.486,0.752,0.532,0.501,0.757,0.479,0.0,0.472,0.439,0.687,0.433,0.5,0.728,0.482,0.758,0.474,0.486,0.728,0.742,0.455,0.456,0.456,0.722,0.511
0.534,0.616,0.404,0.444,0.763,0.63,0.554,0.449,0.52,0.472,1.0,0.437,0.758,0.46,0.442,0.561,0.626,0.718,0.699,0.549,0.686,0.723,0.7,0.682,0.623,0.659,0.717,0.455,0.499,0.527,0.438,0.685,0.0,0.7,0.654,0.468,0.547,0.726,0.459,0.735,0.445,0.669,0.727,0.444,0.449,0.444,0.631,0.633,0.444,0.516
0.504,0.488,0.388,0.752,0.477,0.464,0.433,0.728,0.475,0.718,0.437,1.0,0.466,0.737,0.863,0.435,0.459,0.436,0.462,0.433,0.46,0.457,0.469,0.456,0.461,0.439,0.453,0.724,0.536,0.494,0.707,0.49,0.0,0.465,0.415,0.636,0.432,0.478,0.71,0.456,0.73,0.442,0.466,0.737,0.744,0.482,0.445,0.446,0.678,0.53
0.552,0.644,0.415,0.468,0.746,0.659,0.563,0.477,0.549,0.498,0.758,0.466,1.0,0.481,0.467,0.568,0.657,0.75,0.747,0.558,0.74,0.801,0.786,0.677,0.645,0.665,0.789,0.482,0.535,0.553,0.466,0.719,0.0,0.782,0.637,0.488,0.555,0.774,0.484,0.785,0.468,0.689,0.778,0.469,0.47,0.458,0.658,0.66,0.466,0.544
0.501,0.481,0.384,0.814,0.488,0.484,0.432,0.739,0.499,0.776,0.46,0.737,0.481,1.0,0.777,0.434,0.474,0.45,0.467,0.428,0.458,0.474,0.473,0.461,0.472,0.46,0.475,0.78,0.539,0.496,0.761,0.478,0.0,0.471,0.429,0.68,0.426,0.491,0.736,0.464,0.773,0.466,0.482,0.748,0.75,0.466,0.458,0.459,0.703,0.52
0.486,0.476,0.387,0.788,0.474,0.468,0.436,0.735,0.478,0.722,0.442,0.863,0.467,0.777,1.0,0.432,0.469,0.438,0.461,0.435,0.46,0.455,0.472,0.454,0.458,0.436,0.457,0.745,0.529,0.487,0.744,0.483,0.0,0.463,0.412,0.649,0.433,0.475,0.72,0.459,0.769,0.451,0.467,0.741,0.745,0.481,0.449,0.45,0.693,0.536
0.524,0.574,0.392,0.435,0.591,0.583,0.952,0.442,0.512,0.441,0.561,0.435,0.568,0.434,0.432,1.0,0.573,0.585,0.586,0.949,0.592,0.582,0.6,0.582,0.569,0.56,0.579,0.436,0.497,0.52,0.431,0.571,0.0,0.564,0.547,0.461,0.945,0.568,0.463,0.583,0.437,0.577,0.58,0.435,0.436,0.435,0.569,0.569,0.438,0.512
0.525,0.726,0.401,0.478,0.665,0.719,0.571,0.476,0.518,0.478,0.626,0.459,0.657,0.474,0.469,0.573,1.0,0.636,0.644,0.565,0.637,0.656,0.663,0.729,0.725,0.724,0.647,0.485,0.521,0.525,0.451,0.682,0.0,0.662,0.661,0.489,0.564,0.646,0.479,0.642,0.454,0.703,0.656,0.474,0.482,0.434,0.694,0.698,0.462,0.512
0.53,0.639,0.399,0.444,0.697,0.662,0.587,0.44,0.509,0.461,0.718,0.436,0.75,0.45,0.438,0.585,0.636,1.0,0.75,0.583,0.73,0.764,0.755,0.667,0.642,0.639,0.734,0.449,0.509,0.518,0.432,0.689,0.0,0.71,0.624,0.482,0.582,0.712,0.46,0.728,0.434,0.679,0.725,0.438,0.443,0.443,0.653,0.655,0.433,0.527
0.532,0.634,0.407,0.466,0.712,0.642,0.581,0.474,0.521,0.472,0.699,0.462,0.747,0.467,0.461,0.586,0.644,0.75,1.0,0.577,0.755,0.77,0.77,0.64,0.624,0.624,0.739,0.472,0.507,0.532,0.45,0.717,0.0,0.734,0.595,0.488,0.575,0.714,0.479,0.733,0.456,0.66,0.727,0.466,0.462,0.455,0.647,0.649,0.452,0.524
0.514,0.566,0.39,0.431,0.58,0.57,0.983,0.441,0.506,0.435,0.549,0.433,0.558,0.428,0.435,0.949,0.565,0.583,0.577,1.0,0.606,0.576,0.601,0.573,0.564,0.548,0.575,0.433,0.493,0.51,0.426,0.584,0.0,0.559,0.535,0.454,0.994,0.558,0.452,0.577,0.433,0.568,0.573,0.436,0.435,0.436,0.563,0.563,0.429,0.515
0.535,0.633,0.407,0.463,0.73,0.638,0.61,0.456,0.521,0.457,0.686,0.46,0.74,0.458,0.46,0.592,0.637,0.73,0.755,0.606,1.0,0.766,0.785,0.634,0.625,0.633,0.743,0.466,0.512,0.532,0.447,0.731,0.0,0.752,0.595,0.49,0.604,0.729,0.48,0.735,0.46,0.64,0.738,0.454,0.459,0.461,0.663,0.664,0.453,0.528
0.539,0.638,0.405,0.463,0.736,0.656,0.581,0.462,0.531,0.477,0.723,0.457,0.801,0.474,0.455,0.582,0.656,0.764,0.77,0.576,0.766,1.0,0.914,0.652,0.645,0.637,0.772,0.467,0.522,0.54,0.454,0.732,0.0,0.87,0.618,0.496,0.573,0.755,0.485,0.766,0.457,0.663,0.775,0.46,0.463,0.45,0.654,0.656,0.453,0.534
0.559,0.64,0.415,0.48,0.734,0.662,0.608,0.477,0.545,0.471,0.7,0.469,0.786,0.473,0.472,0.6,0.663,0.755,0.77,0.601,0.785,0.914,1.0,0.644,0.639,0.629,0.772,0.483,0.537,0.545,0.464,0.756,0.0,0.864,0.61,0.497,0.6,0.741,0.49,0.747,0.47,0.655,0.751,0.472,0.477,0.459,0.656,0.658,0.462,0.542
0.534,0.779,0.395,0.461,0.659,0.785,0.577,0.478,0.519,0.482,0.682,0.456,0.677,0.461,0.454,0.582,0.729,0.667,0.64,0.573,0.634,0.652,0.644,1.0,0.806,0.768,0.646,0.467,0.507,0.531,0.449,0.64,0.0,0.643,0.804,0.488,0.57,0.651,0.461,0.655,0.454,0.736,0.657,0.45,0.459,0.451,0.7,0.703,0.456,0.522
0.532,0.808,0.394,0.478,0.657,0.812,0.565,0.467,0.508,0.488,0.623,0.461,0.645,0.472,0.458,0.569,0.725,0.642,0.624,0.564,0.625,0.645,0.639,0.806,1.0,0.755,0.651,0.474,0.517,0.516,0.451,0.652,0.0,0.629,0.765,0.472,0.561,0.659,0.479,0.641,0.46,0.721,0.653,0.476,0.472,0.448,0.694,0.696,0.474,0.51
0.505,0.723,0.379,0.449,0.663,0.717,0.553,0.446,0.504,0.471,0.659,0.439,0.665,0.46,0.436,0.56,0.724,0.639,0.624,0.548,0.633,0.637,0.629,0.768,0.755,1.0,0.643,0.455,0.505,0.511,0.434,0.621,0.0,0.625,0.711,0.462,0.546,0.651,0.456,0.655,0.435,0.728,0.639,0.451,0.448,0.435,0.697,0.699,0.453,0.507
0.548,0.639,0.41,0.46,0.73,0.654,0.58,0.47,0.542,0.486,0.717,0.453,0.789,0.475,0.457,0.579,0.647,0.734,0.739,0.575,0.743,0.772,0.772,0.646,0.651,0.643,1.0,0.47,0.528,0.535,0.458,0.733,0.0,0.757,0.603,0.484,0.572,0.821,0.483,0.782,0.463,0.672,0.834,0.464,0.464,0.462,0.647,0.648,0.464,0.535
0.503,0.486,0.389,0.788,0.49,0.489,0.436,0.906,0.491,0.752,0.455,0.724,0.482,0.78,0.745,0.436,0.485,0.449,0.472,0.433,0.466,0.467,0.483,0.467,0.474,0.455,0.47,1.0,0.535,0.496,0.738,0.489,0.0,0.47,0.43,0.667,0.431,0.5,0.721,0.465,0.757,0.461,0.476,0.947,0.931,0.467,0.459,0.459,0.715,0.517
0.57,0.53,0.445,0.528,0.538,0.542,0.496,0.541,0.564,0.532,0.499,0.536,0.535,0.539,0.529,0.497,0.521,0.509,0.507,0.493,0.512,0.522,0.537,0.507,0.517,0.505,0.528,0.535,1.0,0.547,0.527,0.547,0.0,0.528,0.475,0.528,0.491,0.538,0.541,0.526,0.529,0.519,0.532,0.522,0.53,0.592,0.505,0.506,0.52,0.839
0.631,0.533,0.43,0.494,0.555,0.53,0.514,0.487,0.654,0.501,0.527,0.494,0.553,0.496,0.487,0.52,0.525,0.518,0.532,0.51,0.532,0.54,0.545,0.531,0.516,0.511,0.535,0.496,0.547,1.0,0.481,0.536,0.0,0.541,0.486,0.494,0.508,0.542,0.498,0.553,0.487,0.532,0.543,0.483,0.484,0.499,0.539,0.54,0.487,0.565
0.486,0.464,0.38,0.756,0.466,0.459,0.429,0.731,0.48,0.757,0.438,0.707,0.466,0.761,0.744,0.431,0.451,0.432,0.45,0.426,0.447,0.454,0.464,0.449,0.451,0.434,0.458,0.738,0.527,0.481,1.0,0.46,0.0,0.456,0.412,0.651,0.424,0.47,0.706,0.449,0.897,0.445,0.458,0.72,0.721,0.46,0.43,0.43,0.701,0.515
0.555,0.651,0.436,0.481,0.718,0.65,0.583,0.489,0.525,0.479,0.685,0.49,0.719,0.478,0.483,0.571,0.682,0.689,0.717,0.584,0.731,0.732,0.756,0.64,0.652,0.621,0.733,0.489,0.547,0.536,0.46,1.0,0.0,0.729,0.591,0.481,0.582,0.745,0.491,0.74,0.47,0.657,0.742,0.495,0.502,0.471,0.659,0.662,0.474,0.546
0.0,0.0,0.0,0.0,0.0,0.0,0.0,0.0,0.0,0.0,0.0,0.0,0.0,0.0,0.0,0.0,0.0,0.0,0.0,0.0,0.0,0.0,0.0,0.0,0.0,0.0,0.0,0.0,0.0,0.0,0.0,0.0,1.0,0.0,0.0,0.0,0.0,0.0,0.0,0.0,0.0,0.0,0.0,0.0,0.0,0.0,0.0,0.0,0.0,0.0
0.544,0.636,0.411,0.463,0.732,0.651,0.566,0.468,0.534,0.472,0.7,0.465,0.782,0.471,0.463,0.564,0.662,0.71,0.734,0.559,0.752,0.87,0.864,0.643,0.629,0.625,0.757,0.47,0.528,0.541,0.456,0.729,0.0,1.0,0.6,0.504,0.558,0.741,0.49,0.743,0.456,0.65,0.76,0.462,0.467,0.451,0.65,0.653,0.457,0.536
0.49,0.728,0.359,0.423,0.616,0.745,0.542,0.424,0.479,0.439,0.654,0.415,0.637,0.429,0.412,0.547,0.661,0.624,0.595,0.535,0.595,0.618,0.61,0.804,0.765,0.711,0.603,0.43,0.475,0.486,0.412,0.591,0.0,0.6,1.0,0.441,0.534,0.611,0.434,0.616,0.412,0.67,0.611,0.416,0.422,0.412,0.653,0.655,0.414,0.476
0.496,0.476,0.382,0.678,0.488,0.501,0.458,0.66,0.49,0.687,0.468,0.636,0.488,0.68,0.649,0.461,0.489,0.482,0.488,0.454,0.49,0.496,0.497,0.488,0.472,0.462,0.484,0.667,0.528,0.494,0.651,0.481,0.0,0.504,0.441,1.0,0.452,0.482,0.69,0.49,0.658,0.474,0.488,0.648,0.655,0.455,0.466,0.466,0.644,0.527
0.512,0.563,0.389,0.429,0.577,0.568,0.985,0.439,0.504,0.433,0.547,0.432,0.555,0.426,0.433,0.945,0.564,0.582,0.575,0.994,0.604,0.573,0.6,0.57,0.561,0.546,0.572,0.431,0.491,0.508,0.424,0.582,0.0,0.558,0.534,0.452,1.0,0.555,0.452,0.575,0.431,0.565,0.569,0.435,0.434,0.436,0.56,0.56,0.427,0.514
0.56,0.67,0.411,0.475,0.756,0.676,0.563,0.497,0.532,0.5,0.726,0.478,0.774,0.491,0.475,0.568,0.646,0.712,0.714,0.558,0.729,0.755,0.741,0.651,0.659,0.651,0.821,0.5,0.538,0.542,0.47,0.745,0.0,0.741,0.611,0.482,0.555,1.0,0.501,0.775,0.481,0.673,0.863,0.492,0.478,0.469,0.671,0.673,0.482,0.536
0.515,0.484,0.4,0.725,0.496,0.499,0.458,0.719,0.495,0.728,0.459,0.71,0.484,0.736,0.72,0.463,0.479,0.46,0.479,0.452,0.48,0.485,0.49,0.461,0.479,0.456,0.483,0.721,0.541,0.498,0.706,0.491,0.0,0.49,0.434,0.69,0.452,0.501,1.0,0.479,0.713,0.473,0.497,0.716,0.719,0.476,0.459,0.459,0.706,0.528
0.543,0.643,0.418,0.452,0.747,0.663,0.581,0.469,0.538,0.482,0.735,0.456,0.785,0.464,0.459,0.583,0.642,0.728,0.733,0.577,0.735,0.766,0.747,0.655,0.641,0.655,0.782,0.465,0.526,0.553,0.449,0.74,0.0,0.743,0.616,0.49,0.575,0.775,0.479,1.0,0.456,0.684,0.787,0.46,0.463,0.472,0.683,0.685,0.459,0.55
0.496,0.472,0.389,0.771,0.482,0.47,0.435,0.745,0.48,0.758,0.445,0.73,0.468,0.773,0.769,0.437,0.454,0.434,0.456,0.433,0.46,0.457,0.47,0.454,0.46,0.435,0.463,0.757,0.529,0.487,0.897,0.47,0.0,0.456,0.412,0.658,0.431,0.481,0.713,0.456,1.0,0.454,0.46,0.753,0.754,0.47,0.437,0.437,0.704,0.526
0.533,0.703,0.405,0.458,0.678,0.718,0.572,0.458,0.532,0.474,0.669,0.442,0.689,0.466,0.451,0.577,0.703,0.679,0.66,0.568,0.64,0.663,0.655,0.736,0.721,0.728,0.672,0.461,0.519,0.532,0.445,0.657,0.0,0.65,0.67,0.474,0.565,0.673,0.473,0.684,0.454,1.0,0.698,0.453,0.451,0.449,0.731,0.734,0.455,0.529
0.549,0.649,0.418,0.462,0.749,0.665,0.577,0.474,0.546,0.486,0.727,0.466,0.778,0.482,0.467,0.58,0.656,0.725,0.727,0.573,0.738,0.775,0.751,0.657,0.653,0.639,0.834,0.476,0.532,0.543,0.458,0.742,0.0,0.76,0.611,0.488,0.569,0.863,0.497,0.787,0.46,0.698,1.0,0.47,0.466,0.475,0.67,0.672,0.47,0.54
0.498,0.485,0.399,0.763,0.478,0.476,0.436,0.897,0.472,0.728,0.444,0.737,0.469,0.748,0.741,0.435,0.474,0.438,0.466,0.436,0.454,0.46,0.472,0.45,0.476,0.451,0.464,0.947,0.522,0.483,0.72,0.495,0.0,0.462,0.416,0.648,0.435,0.492,0.716,0.46,0.753,0.453,0.47,1.0,0.957,0.479,0.451,0.451,0.709,0.517
0.509,0.49,0.4,0.765,0.483,0.475,0.435,0.885,0.474,0.742,0.449,0.744,0.47,0.75,0.745,0.436,0.482,0.443,0.462,0.435,0.459,0.463,0.477,0.459,0.472,0.448,0.464,0.931,0.53,0.484,0.721,0.502,0.0,0.467,0.422,0.655,0.434,0.478,0.719,0.463,0.754,0.451,0.466,0.957,1.0,0.466,0.462,0.462,0.704,0.517
0.489,0.461,0.386,0.461,0.458,0.453,0.436,0.476,0.475,0.455,0.444,0.482,0.458,0.466,0.481,0.435,0.434,0.443,0.455,0.436,0.461,0.45,0.459,0.451,0.448,0.435,0.462,0.467,0.592,0.499,0.46,0.471,0.0,0.451,0.412,0.455,0.436,0.469,0.476,0.472,0.47,0.449,0.475,0.479,0.466,1.0,0.477,0.477,0.47,0.64
0.529,0.698,0.406,0.456,0.69,0.712,0.567,0.453,0.517,0.456,0.631,0.445,0.658,0.458,0.449,0.569,0.694,0.653,0.647,0.563,0.663,0.654,0.656,0.7,0.694,0.697,0.647,0.459,0.505,0.539,0.43,0.659,0.0,0.65,0.653,0.466,0.56,0.671,0.459,0.683,0.437,0.731,0.67,0.451,0.462,0.477,1.0,0.995,0.45,0.524
0.531,0.7,0.407,0.456,0.692,0.713,0.567,0.454,0.518,0.456,0.633,0.446,0.66,0.459,0.45,0.569,0.698,0.655,0.649,0.563,0.664,0.656,0.658,0.703,0.696,0.699,0.648,0.459,0.506,0.54,0.43,0.662,0.0,0.653,0.655,0.466,0.56,0.673,0.459,0.685,0.437,0.734,0.672,0.451,0.462,0.477,0.995,1.0,0.45,0.525
0.503,0.488,0.393,0.705,0.479,0.478,0.431,0.704,0.485,0.722,0.444,0.678,0.466,0.703,0.693,0.438,0.462,0.433,0.452,0.429,0.453,0.453,0.462,0.456,0.474,0.453,0.464,0.715,0.52,0.487,0.701,0.474,0.0,0.457,0.414,0.644,0.427,0.482,0.706,0.459,0.704,0.455,0.47,0.709,0.704,0.47,0.45,0.45,1.0,0.508
0.577,0.53,0.443,0.518,0.524,0.532,0.515,0.529,0.576,0.511,0.516,0.53,0.544,0.52,0.536,0.512,0.512,0.527,0.524,0.515,0.528,0.534,0.542,0.522,0.51,0.507,0.535,0.517,0.839,0.565,0.515,0.546,0.0,0.536,0.476,0.527,0.514,0.536,0.528,0.55,0.526,0.529,0.54,0.517,0.517,0.64,0.524,0.525,0.508,1.0
