GCF_000163235.1_ASM16323v1_genomic.fna,GCF_000164555.1_ASM16455v1_genomic.fna,GCF_000208545.1_ASM20854v2_genomic.fna,GCF_000233875.1_ASM23387v1_genomic.fna,GCF_000249735.1_ASM24973v2_genomic.fna,GCF_000261145.1_Esch_coli_M919_V2_genomic.fna,GCF_000267705.2_ASM26770v2_genomic.fna,GCF_000350665.1_Esch_coli_KTE5_V1_genomic.fna,GCF_000351625.1_Esch_coli_KTE66_V1_genomic.fna,GCF_000352285.1_Esch_coli_KTE46_V1_genomic.fna,GCF_000358895.1_ASM35889v1_genomic.fna,GCF_000456385.1_Esch_coli_HVH_26_4-5703913_V1_genomic.fna,GCF_000458195.1_Esch_coli_HVH_147_4-5893887_V1_genomic.fna,GCF_000459755.1_Esch_coli_KOEGE_58_171a_V1_genomic.fna,GCF_000460055.1_Esch_coli_UMEA_3053-1_V1_genomic.fna,GCF_000462165.2_ASM46216v2_genomic.fna,GCF_000601135.1_ASM60113v1_genomic.fna,GCF_000614595.1_Ec2010EL1058_genomic.fna,GCF_000617745.1_Ec2010C-4529_genomic.fna,GCF_000618265.2_EcF6751_genomic.fna,GCF_000619005.2_Ec2009C-4052_genomic.fna,GCF_000619105.1_Ec2009C-4780_genomic.fna,GCF_000619765.2_Ec2009C-3279_genomic.fna,GCF_000687005.1_ASM68700v1_genomic.fna,GCF_000687025.1_ASM68702v1_genomic.fna,GCF_000700125.1_ASM70012v1_genomic.fna,GCF_000753315.1_FHI35_genomic.fna,GCF_000776375.1_ASM77637v1_genomic.fna,GCF_000779395.1_ASM77939v1_genomic.fna,GCF_000780315.1_ASM78031v1_genomic.fna,GCF_000781995.1_ASM78199v1_genomic.fna,GCF_000986765.1_ASM98676v1_genomic.fna,GCF_001041375.1_ViralProj287958_genomic.fna,GCF_001265335.1_302014_genomic.fna,GCF_001265625.1_100854_genomic.fna,GCF_001267345.1_303289_genomic.fna,GCF_001309985.1_ASM130998v1_genomic.fna,GCF_001521695.1_ASM152169v1_genomic.fna,GCF_001592595.1_ASM159259v1_genomic.fna,GCF_001614975.1_ASM161497v1_genomic.fna,GCF_001692775.1_ASM169277v1_genomic.fna,GCF_001748915.1_ASM174891v1_genomic.fna,GCF_001749235.1_ASM174923v1_genomic.fna,GCF_001881155.1_ASM188115v1_genomic.fna,GCF_001881345.1_ASM188134v1_genomic.fna,GCF_001892405.1_ASM189240v1_genomic.fna,GCF_001892585.1_ASM189258v1_genomic.fna,GCF_001893985.1_ASM189398v1_genomic.fna,GCF_002001595.1_ASM200159v1_genomic.fna,GCF_002002145.1_ASM200214v1_genomic.fna
1.0,0.564,0.48,0.484,0.544,0.535,0.527,0.511,0.638,0.499,0.534,0.501,0.54,0.48,0.47,0.528,0.536,0.545,0.542,0.529,0.515,0.534,0.527,0.549,0.537,0.517,0.547,0.493,0.574,0.64,0.475,0.535,0.0,0.532,0.505,0.511,0.527,0.562,0.498,0.541,0.484,0.533,0.552,0.498,0.509,0.526,0.515,0.516,0.485,0.579
0.564,1.0,0.461,0.505,0.694,0.804,0.593,0.532,0.539,0.512,0.657,0.524,0.686,0.482,0.494,0.593,0.747,0.67,0.67,0.594,0.631,0.659,0.65,0.81,0.824,0.742,0.668,0.515,0.543,0.559,0.497,0.67,0.0,0.656,0.751,0.512,0.591,0.686,0.508,0.661,0.506,0.729,0.679,0.533,0.528,0.492,0.724,0.726,0.522,0.535
0.48,0.461,1.0,0.384,0.443,0.43,0.409,0.399,0.454,0.391,0.433,0.395,0.441,0.383,0.375,0.41,0.433,0.434,0.427,0.409,0.425,0.44,0.434,0.434,0.43,0.417,0.434,0.39,0.455,0.467,0.375,0.445,0.0,0.433,0.395,0.406,0.409,0.433,0.396,0.452,0.394,0.439,0.439,0.402,0.392,0.436,0.429,0.431,0.407,0.465
0.484,0.505,0.384,1.0,0.48,0.495,0.485,0.738,0.493,0.749,0.49,0.756,0.492,0.781,0.793,0.479,0.479,0.489,0.493,0.476,0.459,0.49,0.49,0.506,0.499,0.498,0.49,0.774,0.539,0.493,0.746,0.483,0.0,0.479,0.473,0.669,0.479,0.497,0.705,0.473,0.768,0.482,0.489,0.754,0.76,0.498,0.478,0.479,0.704,0.536
0.544,0.694,0.443,0.48,1.0,0.694,0.582,0.514,0.519,0.507,0.789,0.504,0.756,0.48,0.489,0.59,0.683,0.718,0.727,0.581,0.716,0.722,0.704,0.678,0.675,0.673,0.749,0.498,0.537,0.557,0.484,0.725,0.0,0.707,0.638,0.489,0.583,0.764,0.509,0.748,0.501,0.695,0.765,0.498,0.505,0.483,0.703,0.705,0.498,0.524
0.535,0.804,0.43,0.495,0.694,1.0,0.598,0.52,0.535,0.503,0.659,0.503,0.683,0.482,0.49,0.602,0.737,0.67,0.67,0.589,0.627,0.66,0.648,0.804,0.824,0.725,0.656,0.505,0.546,0.545,0.479,0.656,0.0,0.656,0.768,0.507,0.588,0.675,0.513,0.644,0.503,0.717,0.664,0.502,0.511,0.477,0.732,0.729,0.502,0.525
0.527,0.593,0.409,0.485,0.582,0.598,1.0,0.487,0.526,0.471,0.579,0.488,0.592,0.468,0.475,0.948,0.599,0.641,0.633,0.98,0.615,0.625,0.633,0.597,0.606,0.588,0.603,0.474,0.514,0.524,0.472,0.587,0.0,0.605,0.58,0.502,0.982,0.588,0.483,0.587,0.477,0.587,0.606,0.476,0.48,0.465,0.573,0.574,0.476,0.518
0.511,0.532,0.399,0.738,0.514,0.52,0.487,1.0,0.489,0.738,0.495,0.753,0.517,0.725,0.731,0.486,0.499,0.508,0.513,0.48,0.471,0.502,0.49,0.522,0.505,0.494,0.504,0.921,0.55,0.509,0.734,0.49,0.0,0.49,0.476,0.677,0.482,0.54,0.707,0.504,0.756,0.502,0.511,0.915,0.913,0.502,0.497,0.498,0.706,0.535
0.638,0.539,0.454,0.493,0.519,0.535,0.526,0.489,1.0,0.499,0.53,0.497,0.544,0.486,0.491,0.523,0.527,0.528,0.534,0.521,0.508,0.535,0.526,0.527,0.523,0.517,0.529,0.485,0.575,0.663,0.487,0.516,0.0,0.526,0.5,0.517,0.521,0.53,0.509,0.53,0.494,0.534,0.539,0.483,0.486,0.516,0.53,0.529,0.493,0.583
0.499,0.512,0.391,0.749,0.507,0.503,0.471,0.738,0.499,1.0,0.512,0.733,0.498,0.752,0.737,0.481,0.478,0.487,0.496,0.462,0.455,0.48,0.472,0.512,0.493,0.5,0.494,0.762,0.529,0.504,0.757,0.467,0.0,0.469,0.48,0.667,0.463,0.507,0.716,0.488,0.773,0.485,0.489,0.737,0.751,0.484,0.485,0.484,0.704,0.513
0.534,0.657,0.433,0.49,0.789,0.659,0.579,0.495,0.53,0.512,1.0,0.49,0.766,0.492,0.482,0.59,0.656,0.718,0.723,0.57,0.706,0.726,0.707,0.701,0.652,0.674,0.733,0.501,0.532,0.553,0.471,0.711,0.0,0.707,0.67,0.501,0.569,0.737,0.495,0.752,0.491,0.679,0.749,0.482,0.489,0.478,0.67,0.67,0.48,0.523
0.501,0.524,0.395,0.756,0.504,0.503,0.488,0.753,0.497,0.733,0.49,1.0,0.507,0.745,0.871,0.486,0.5,0.487,0.498,0.48,0.47,0.489,0.485,0.519,0.511,0.502,0.492,0.747,0.536,0.514,0.722,0.486,0.0,0.479,0.477,0.668,0.482,0.513,0.712,0.489,0.753,0.488,0.505,0.745,0.755,0.495,0.49,0.49,0.706,0.518
0.54,0.686,0.441,0.492,0.756,0.683,0.592,0.517,0.544,0.498,0.766,0.507,1.0,0.483,0.493,0.603,0.671,0.756,0.775,0.586,0.749,0.792,0.774,0.692,0.677,0.669,0.776,0.506,0.543,0.56,0.484,0.751,0.0,0.777,0.646,0.495,0.586,0.771,0.502,0.785,0.503,0.695,0.783,0.498,0.503,0.479,0.683,0.68,0.499,0.535
0.48,0.482,0.383,0.781,0.48,0.482,0.468,0.725,0.486,0.752,0.492,0.745,0.483,1.0,0.778,0.468,0.463,0.479,0.481,0.461,0.446,0.477,0.469,0.49,0.482,0.485,0.485,0.764,0.528,0.492,0.747,0.465,0.0,0.461,0.471,0.663,0.463,0.491,0.697,0.469,0.766,0.467,0.481,0.739,0.745,0.489,0.47,0.471,0.698,0.517
0.47,0.494,0.375,0.793,0.489,0.49,0.475,0.731,0.491,0.737,0.482,0.871,0.493,0.778,1.0,0.474,0.478,0.481,0.487,0.468,0.455,0.482,0.483,0.486,0.486,0.487,0.488,0.752,0.527,0.495,0.75,0.471,0.0,0.472,0.462,0.662,0.471,0.497,0.709,0.476,0.768,0.477,0.495,0.739,0.746,0.49,0.482,0.484,0.706,0.533
0.528,0.593,0.41,0.479,0.59,0.602,0.948,0.486,0.523,0.481,0.59,0.486,0.603,0.468,0.474,1.0,0.591,0.626,0.626,0.94,0.595,0.62,0.618,0.602,0.604,0.594,0.597,0.482,0.52,0.531,0.468,0.571,0.0,0.594,0.574,0.502,0.943,0.592,0.482,0.589,0.483,0.589,0.599,0.475,0.482,0.461,0.574,0.575,0.48,0.509
0.536,0.747,0.433,0.479,0.683,0.737,0.599,0.499,0.527,0.478,0.656,0.5,0.671,0.463,0.478,0.591,1.0,0.664,0.666,0.593,0.618,0.661,0.652,0.754,0.753,0.757,0.662,0.481,0.533,0.534,0.463,0.675,0.0,0.656,0.702,0.52,0.592,0.659,0.505,0.65,0.476,0.706,0.67,0.488,0.5,0.463,0.72,0.719,0.49,0.525
0.545,0.67,0.434,0.489,0.718,0.67,0.641,0.508,0.528,0.487,0.718,0.487,0.756,0.479,0.481,0.626,0.664,1.0,0.808,0.638,0.755,0.789,0.768,0.663,0.655,0.66,0.763,0.5,0.535,0.554,0.49,0.742,0.0,0.741,0.632,0.519,0.637,0.734,0.5,0.746,0.489,0.691,0.763,0.501,0.501,0.493,0.677,0.677,0.482,0.546
0.542,0.67,0.427,0.493,0.727,0.67,0.633,0.513,0.534,0.496,0.723,0.498,0.775,0.481,0.487,0.626,0.666,0.808,1.0,0.629,0.761,0.776,0.761,0.667,0.663,0.648,0.767,0.505,0.54,0.555,0.485,0.745,0.0,0.734,0.643,0.517,0.628,0.746,0.508,0.741,0.496,0.683,0.759,0.508,0.51,0.488,0.661,0.661,0.496,0.543
0.529,0.594,0.409,0.476,0.581,0.589,0.98,0.48,0.521,0.462,0.57,0.48,0.586,0.461,0.468,0.94,0.593,0.638,0.629,1.0,0.615,0.627,0.633,0.588,0.603,0.58,0.604,0.468,0.507,0.524,0.472,0.59,0.0,0.606,0.569,0.497,0.991,0.586,0.477,0.588,0.47,0.585,0.608,0.472,0.474,0.465,0.57,0.572,0.47,0.518
0.515,0.631,0.425,0.459,0.716,0.627,0.615,0.471,0.508,0.455,0.706,0.47,0.749,0.446,0.455,0.595,0.618,0.755,0.761,0.615,1.0,0.771,0.776,0.627,0.625,0.627,0.74,0.468,0.5,0.528,0.46,0.75,0.0,0.756,0.6,0.484,0.613,0.726,0.477,0.745,0.466,0.639,0.735,0.471,0.471,0.482,0.652,0.653,0.455,0.517
0.534,0.659,0.44,0.49,0.722,0.66,0.625,0.502,0.535,0.48,0.726,0.489,0.792,0.477,0.482,0.62,0.661,0.789,0.776,0.627,0.771,1.0,0.917,0.65,0.646,0.631,0.769,0.493,0.525,0.544,0.486,0.764,0.0,0.88,0.615,0.503,0.623,0.745,0.507,0.776,0.487,0.675,0.78,0.496,0.497,0.49,0.667,0.668,0.49,0.533
0.527,0.65,0.434,0.49,0.704,0.648,0.633,0.49,0.526,0.472,0.707,0.485,0.774,0.469,0.483,0.618,0.652,0.768,0.761,0.633,0.776,0.917,1.0,0.641,0.645,0.629,0.765,0.484,0.519,0.534,0.485,0.77,0.0,0.865,0.604,0.496,0.627,0.73,0.5,0.758,0.488,0.663,0.755,0.487,0.489,0.5,0.653,0.655,0.481,0.522
0.549,0.81,0.434,0.506,0.678,0.804,0.597,0.522,0.527,0.512,0.701,0.519,0.692,0.49,0.486,0.602,0.754,0.663,0.667,0.588,0.627,0.65,0.641,1.0,0.821,0.761,0.661,0.508,0.541,0.551,0.479,0.649,0.0,0.644,0.816,0.509,0.587,0.66,0.496,0.654,0.502,0.73,0.658,0.494,0.507,0.471,0.712,0.709,0.496,0.522
0.537,0.824,0.43,0.499,0.675,0.824,0.606,0.505,0.523,0.493,0.652,0.511,0.677,0.482,0.486,0.604,0.753,0.655,0.663,0.603,0.625,0.646,0.645,0.821,1.0,0.765,0.655,0.492,0.533,0.529,0.475,0.671,0.0,0.643,0.782,0.505,0.601,0.663,0.506,0.64,0.491,0.721,0.661,0.505,0.512,0.469,0.709,0.707,0.514,0.514
0.517,0.742,0.417,0.498,0.673,0.725,0.588,0.494,0.517,0.5,0.674,0.502,0.669,0.485,0.487,0.594,0.757,0.66,0.648,0.58,0.627,0.631,0.629,0.761,0.765,1.0,0.644,0.497,0.533,0.527,0.463,0.633,0.0,0.627,0.721,0.495,0.581,0.663,0.483,0.649,0.482,0.715,0.646,0.495,0.496,0.463,0.723,0.722,0.502,0.523
0.547,0.668,0.434,0.49,0.749,0.656,0.603,0.504,0.529,0.494,0.733,0.492,0.776,0.485,0.488,0.597,0.662,0.763,0.767,0.604,0.74,0.769,0.765,0.661,0.655,0.644,1.0,0.497,0.539,0.552,0.494,0.762,0.0,0.751,0.625,0.508,0.602,0.827,0.505,0.772,0.498,0.68,0.859,0.503,0.497,0.493,0.668,0.669,0.495,0.542
0.493,0.515,0.39,0.774,0.498,0.505,0.474,0.921,0.485,0.762,0.501,0.747,0.506,0.764,0.752,0.482,0.481,0.5,0.505,0.468,0.468,0.493,0.484,0.508,0.492,0.497,0.497,1.0,0.541,0.504,0.736,0.481,0.0,0.479,0.473,0.676,0.47,0.521,0.706,0.49,0.765,0.491,0.495,0.953,0.944,0.495,0.491,0.492,0.712,0.528
0.574,0.543,0.455,0.539,0.537,0.546,0.514,0.55,0.575,0.529,0.532,0.536,0.543,0.528,0.527,0.52,0.533,0.535,0.54,0.507,0.5,0.525,0.519,0.541,0.533,0.533,0.539,0.541,1.0,0.564,0.518,0.528,0.0,0.521,0.508,0.54,0.509,0.543,0.528,0.521,0.528,0.531,0.534,0.533,0.539,0.595,0.524,0.525,0.522,0.84
0.64,0.559,0.467,0.493,0.557,0.545,0.524,0.509,0.663,0.504,0.553,0.514,0.56,0.492,0.495,0.531,0.534,0.554,0.555,0.524,0.528,0.544,0.534,0.551,0.529,0.527,0.552,0.504,0.564,1.0,0.491,0.526,0.0,0.529,0.512,0.526,0.525,0.553,0.52,0.555,0.517,0.549,0.558,0.506,0.507,0.536,0.548,0.547,0.505,0.581
0.475,0.497,0.375,0.746,0.484,0.479,0.472,0.734,0.487,0.757,0.471,0.722,0.484,0.747,0.75,0.468,0.463,0.49,0.485,0.472,0.46,0.486,0.485,0.479,0.475,0.463,0.494,0.736,0.518,0.491,1.0,0.473,0.0,0.48,0.446,0.671,0.472,0.49,0.701,0.477,0.895,0.483,0.49,0.738,0.74,0.495,0.475,0.475,0.702,0.52
0.535,0.67,0.445,0.483,0.725,0.656,0.587,0.49,0.516,0.467,0.711,0.486,0.751,0.465,0.471,0.571,0.675,0.742,0.745,0.59,0.75,0.764,0.77,0.649,0.671,0.633,0.762,0.481,0.528,0.526,0.473,1.0,0.0,0.756,0.61,0.488,0.586,0.757,0.493,0.766,0.469,0.672,0.786,0.483,0.487,0.488,0.659,0.66,0.472,0.521
0.0,0.0,0.0,0.0,0.0,0.0,0.0,0.0,0.0,0.0,0.0,0.0,0.0,0.0,0.0,0.0,0.0,0.0,0.0,0.0,0.0,0.0,0.0,0.0,0.0,0.0,0.0,0.0,0.0,0.0,0.0,0.0,1.0,0.0,0.0,0.0,0.0,0.0,0.0,0.0,0.0,0.0,0.0,0.0,0.0,0.0,0.0,0.0,0.0,0.0
0.532,0.656,0.433,0.479,0.707,0.656,0.605,0.49,0.526,0.469,0.707,0.479,0.777,0.461,0.472,0.594,0.656,0.741,0.734,0.606,0.756,0.88,0.865,0.644,0.643,0.627,0.751,0.479,0.521,0.529,0.48,0.756,0.0,1.0,0.616,0.509,0.602,0.737,0.505,0.761,0.478,0.673,0.771,0.485,0.492,0.488,0.667,0.669,0.475,0.527
0.505,0.751,0.395,0.473,0.638,0.768,0.58,0.476,0.5,0.48,0.67,0.477,0.646,0.471,0.462,0.574,0.702,0.632,0.643,0.569,0.6,0.615,0.604,0.816,0.782,0.721,0.625,0.473,0.508,0.512,0.446,0.61,0.0,0.616,1.0,0.466,0.567,0.622,0.468,0.616,0.458,0.676,0.637,0.455,0.469,0.447,0.675,0.672,0.46,0.493
0.511,0.512,0.406,0.669,0.489,0.507,0.502,0.677,0.517,0.667,0.501,0.668,0.495,0.663,0.662,0.502,0.52,0.519,0.517,0.497,0.484,0.503,0.496,0.509,0.505,0.495,0.508,0.676,0.54,0.526,0.671,0.488,0.0,0.509,0.466,1.0,0.498,0.503,0.69,0.5,0.69,0.512,0.503,0.679,0.686,0.484,0.508,0.508,0.663,0.541
0.527,0.591,0.409,0.479,0.583,0.588,0.982,0.482,0.521,0.463,0.569,0.482,0.586,0.463,0.471,0.943,0.592,0.637,0.628,0.991,0.613,0.623,0.627,0.587,0.601,0.581,0.602,0.47,0.509,0.525,0.472,0.586,0.0,0.602,0.567,0.498,1.0,0.585,0.478,0.587,0.471,0.585,0.605,0.474,0.475,0.465,0.572,0.574,0.472,0.517
0.562,0.686,0.433,0.497,0.764,0.675,0.588,0.54,0.53,0.507,0.737,0.513,0.771,0.491,0.497,0.592,0.659,0.734,0.746,0.586,0.726,0.745,0.73,0.66,0.663,0.663,0.827,0.521,0.543,0.553,0.49,0.757,0.0,0.737,0.622,0.503,0.585,1.0,0.522,0.764,0.505,0.681,0.865,0.526,0.525,0.49,0.689,0.69,0.511,0.531
0.498,0.508,0.396,0.705,0.509,0.513,0.483,0.707,0.509,0.716,0.495,0.712,0.502,0.697,0.709,0.482,0.505,0.5,0.508,0.477,0.477,0.507,0.5,0.496,0.506,0.483,0.505,0.706,0.528,0.52,0.701,0.493,0.0,0.505,0.468,0.69,0.478,0.522,1.0,0.496,0.718,0.504,0.512,0.713,0.719,0.489,0.502,0.501,0.693,0.527
0.541,0.661,0.452,0.473,0.748,0.644,0.587,0.504,0.53,0.488,0.752,0.489,0.785,0.469,0.476,0.589,0.65,0.746,0.741,0.588,0.745,0.776,0.758,0.654,0.64,0.649,0.772,0.49,0.521,0.555,0.477,0.766,0.0,0.761,0.616,0.5,0.587,0.764,0.496,1.0,0.485,0.685,0.786,0.491,0.497,0.497,0.688,0.689,0.482,0.536
0.484,0.506,0.394,0.768,0.501,0.503,0.477,0.756,0.494,0.773,0.491,0.753,0.503,0.766,0.768,0.483,0.476,0.489,0.496,0.47,0.466,0.487,0.488,0.502,0.491,0.482,0.498,0.765,0.528,0.517,0.895,0.469,0.0,0.478,0.458,0.69,0.471,0.505,0.718,0.485,1.0,0.499,0.488,0.762,0.769,0.494,0.49,0.489,0.72,0.521
0.533,0.729,0.439,0.482,0.695,0.717,0.587,0.502,0.534,0.485,0.679,0.488,0.695,0.467,0.477,0.589,0.706,0.691,0.683,0.585,0.639,0.675,0.663,0.73,0.721,0.715,0.68,0.491,0.531,0.549,0.483,0.672,0.0,0.673,0.676,0.512,0.585,0.681,0.504,0.685,0.499,1.0,0.703,0.498,0.496,0.477,0.742,0.745,0.495,0.531
0.552,0.679,0.439,0.489,0.765,0.664,0.606,0.511,0.539,0.489,0.749,0.505,0.783,0.481,0.495,0.599,0.67,0.763,0.759,0.608,0.735,0.78,0.755,0.658,0.661,0.646,0.859,0.495,0.534,0.558,0.49,0.786,0.0,0.771,0.637,0.503,0.605,0.865,0.512,0.786,0.488,0.703,1.0,0.498,0.499,0.493,0.686,0.687,0.49,0.539
0.498,0.533,0.402,0.754,0.498,0.502,0.476,0.915,0.483,0.737,0.482,0.745,0.498,0.739,0.739,0.475,0.488,0.501,0.508,0.472,0.471,0.496,0.487,0.494,0.505,0.495,0.503,0.953,0.533,0.506,0.738,0.483,0.0,0.485,0.455,0.679,0.474,0.526,0.713,0.491,0.762,0.498,0.498,1.0,0.958,0.502,0.495,0.497,0.726,0.529
0.509,0.528,0.392,0.76,0.505,0.511,0.48,0.913,0.486,0.751,0.489,0.755,0.503,0.745,0.746,0.482,0.5,0.501,0.51,0.474,0.471,0.497,0.489,0.507,0.512,0.496,0.497,0.944,0.539,0.507,0.74,0.487,0.0,0.492,0.469,0.686,0.475,0.525,0.719,0.497,0.769,0.496,0.499,0.958,1.0,0.502,0.503,0.505,0.723,0.53
0.526,0.492,0.436,0.498,0.483,0.477,0.465,0.502,0.516,0.484,0.478,0.495,0.479,0.489,0.49,0.461,0.463,0.493,0.488,0.465,0.482,0.49,0.5,0.471,0.469,0.463,0.493,0.495,0.595,0.536,0.495,0.488,0.0,0.488,0.447,0.484,0.465,0.49,0.489,0.497,0.494,0.477,0.493,0.502,0.502,1.0,0.504,0.506,0.48,0.645
0.515,0.724,0.429,0.478,0.703,0.732,0.573,0.497,0.53,0.485,0.67,0.49,0.683,0.47,0.482,0.574,0.72,0.677,0.661,0.57,0.652,0.667,0.653,0.712,0.709,0.723,0.668,0.491,0.524,0.548,0.475,0.659,0.0,0.667,0.675,0.508,0.572,0.689,0.502,0.688,0.49,0.742,0.686,0.495,0.503,0.504,1.0,0.995,0.484,0.537
0.516,0.726,0.431,0.479,0.705,0.729,0.574,0.498,0.529,0.484,0.67,0.49,0.68,0.471,0.484,0.575,0.719,0.677,0.661,0.572,0.653,0.668,0.655,0.709,0.707,0.722,0.669,0.492,0.525,0.547,0.475,0.66,0.0,0.669,0.672,0.508,0.574,0.69,0.501,0.689,0.489,0.745,0.687,0.497,0.505,0.506,0.995,1.0,0.484,0.54
0.485,0.522,0.407,0.704,0.498,0.502,0.476,0.706,0.493,0.704,0.48,0.706,0.499,0.698,0.706,0.48,0.49,0.482,0.496,0.47,0.455,0.49,0.481,0.496,0.514,0.502,0.495,0.712,0.522,0.505,0.702,0.472,0.0,0.475,0.46,0.663,0.472,0.511,0.693,0.482,0.72,0.495,0.49,0.726,0.723,0.48,0.484,0.484,1.0,0.522
0.579,0.535,0.465,0.536,0.524,0.525,0.518,0.535,0.583,0.513,0.523,0.518,0.535,0.517,0.533,0.509,0.525,0.546,0.543,0.518,0.517,0.533,0.522,0.522,0.514,0.523,0.542,0.528,0.84,0.581,0.52,0.521,0.0,0.527,0.493,0.541,0.517,0.531,0.527,0.536,0.521,0.531,0.539,0.529,0.53,0.645,0.537,0.54,0.522,1.0
