GCF_000163235.1_ASM16323v1_genomic.fna,GCF_000164555.1_ASM16455v1_genomic.fna,GCF_000208545.1_ASM20854v2_genomic.fna,GCF_000233875.1_ASM23387v1_genomic.fna,GCF_000249735.1_ASM24973v2_genomic.fna,GCF_000261145.1_Esch_coli_M919_V2_genomic.fna,GCF_000267705.2_ASM26770v2_genomic.fna,GCF_000350665.1_Esch_coli_KTE5_V1_genomic.fna,GCF_000351625.1_Esch_coli_KTE66_V1_genomic.fna,GCF_000352285.1_Esch_coli_KTE46_V1_genomic.fna,GCF_000358895.1_ASM35889v1_genomic.fna,GCF_000456385.1_Esch_coli_HVH_26_4-5703913_V1_genomic.fna,GCF_000458195.1_Esch_coli_HVH_147_4-5893887_V1_genomic.fna,GCF_000459755.1_Esch_coli_KOEGE_58_171a_V1_genomic.fna,GCF_000460055.1_Esch_coli_UMEA_3053-1_V1_genomic.fna,GCF_000462165.2_ASM46216v2_genomic.fna,GCF_000601135.1_ASM60113v1_genomic.fna,GCF_000614595.1_Ec2010EL1058_genomic.fna,GCF_000617745.1_Ec2010C-4529_genomic.fna,GCF_000618265.2_EcF6751_genomic.fna,GCF_000619005.2_Ec2009C-4052_genomic.fna,GCF_000619105.1_Ec2009C-4780_genomic.fna,GCF_000619765.2_Ec2009C-3279_genomic.fna,GCF_000687005.1_ASM68700v1_genomic.fna,GCF_000687025.1_ASM68702v1_genomic.fna,GCF_000700125.1_ASM70012v1_genomic.fna,GCF_000753315.1_FHI35_genomic.fna,GCF_000776375.1_ASM77637v1_genomic.fna,GCF_000779395.1_ASM77939v1_genomic.fna,GCF_000780315.1_ASM78031v1_genomic.fna,GCF_000781995.1_ASM78199v1_genomic.fna,GCF_000986765.1_ASM98676v1_genomic.fna,GCF_001041375.1_ViralProj287958_genomic.fna,GCF_001265335.1_302014_genomic.fna,GCF_001265625.1_100854_genomic.fna,GCF_001267345.1_303289_genomic.fna,GCF_001309985.1_ASM130998v1_genomic.fna,GCF_001521695.1_ASM152169v1_genomic.fna,GCF_001592595.1_ASM159259v1_genomic.fna,GCF_001614975.1_ASM161497v1_genomic.fna,GCF_001692775.1_ASM169277v1_genomic.fna,GCF_001748915.1_ASM174891v1_genomic.fna,GCF_001749235.1_ASM174923v1_genomic.fna,GCF_001881155.1_ASM188115v1_genomic.fna,GCF_001881345.1_ASM188134v1_genomic.fna,GCF_001892405.1_ASM189240v1_genomic.fna,GCF_001892585.1_ASM189258v1_genomic.fna,GCF_001893985.1_ASM189398v1_genomic.fna,GCF_002001595.1_ASM200159v1_genomic.fna,GCF_002002145.1_ASM200214v1_genomic.fna
1.0,0.9,0.891,0.899,0.905,0.907,0.893,0.894,0.913,0.902,0.891,0.892,0.907,0.905,0.882,0.901,0.906,0.9,0.895,0.893,0.894,0.909,0.9,0.896,0.899,0.899,0.909,0.899,0.91,0.918,0.88,0.891,0.012,0.905,0.9,0.902,0.895,0.906,0.889,0.898,0.897,0.897,0.899,0.892,0.893,0.879,0.895,0.894,0.898,0.908
0.9,1.0,0.9,0.893,0.922,0.933,0.911,0.895,0.907,0.883,0.889,0.895,0.911,0.891,0.886,0.916,0.925,0.911,0.918,0.912,0.907,0.915,0.917,0.924,0.94,0.915,0.909,0.892,0.89,0.903,0.884,0.921,0.011,0.915,0.921,0.893,0.913,0.917,0.891,0.917,0.894,0.92,0.915,0.898,0.898,0.881,0.926,0.926,0.897,0.903
0.891,0.9,1.0,0.877,0.887,0.883,0.894,0.884,0.898,0.874,0.857,0.876,0.879,0.879,0.873,0.896,0.885,0.874,0.885,0.893,0.88,0.881,0.879,0.869,0.895,0.872,0.879,0.88,0.891,0.9,0.867,0.884,0.014,0.89,0.873,0.877,0.896,0.893,0.883,0.894,0.891,0.882,0.89,0.886,0.884,0.878,0.893,0.893,0.888,0.899
0.899,0.893,0.877,1.0,0.892,0.898,0.893,0.937,0.887,0.931,0.871,0.94,0.884,0.952,0.945,0.892,0.892,0.891,0.889,0.89,0.876,0.893,0.893,0.885,0.898,0.884,0.89,0.951,0.895,0.892,0.926,0.888,0.011,0.889,0.887,0.917,0.892,0.897,0.928,0.89,0.948,0.9,0.887,0.946,0.942,0.871,0.888,0.887,0.934,0.904
0.905,0.922,0.887,0.892,1.0,0.921,0.906,0.901,0.896,0.885,0.916,0.892,0.925,0.891,0.888,0.908,0.918,0.914,0.924,0.905,0.92,0.918,0.925,0.909,0.921,0.899,0.929,0.894,0.89,0.898,0.884,0.925,0.012,0.926,0.905,0.897,0.908,0.936,0.895,0.933,0.902,0.92,0.931,0.899,0.897,0.873,0.924,0.925,0.896,0.893
0.907,0.933,0.883,0.898,0.921,1.0,0.901,0.898,0.896,0.885,0.902,0.887,0.923,0.898,0.886,0.905,0.931,0.92,0.915,0.9,0.904,0.929,0.919,0.93,0.94,0.919,0.921,0.902,0.896,0.895,0.884,0.909,0.011,0.922,0.936,0.895,0.903,0.929,0.893,0.918,0.897,0.926,0.92,0.897,0.897,0.865,0.925,0.925,0.9,0.903
0.893,0.911,0.894,0.893,0.906,0.901,1.0,0.895,0.907,0.884,0.874,0.903,0.898,0.892,0.901,0.988,0.907,0.908,0.92,0.994,0.921,0.912,0.926,0.883,0.905,0.887,0.903,0.888,0.892,0.897,0.898,0.913,0.012,0.917,0.892,0.9,0.996,0.905,0.897,0.909,0.897,0.9,0.91,0.897,0.898,0.887,0.901,0.902,0.893,0.899
0.894,0.895,0.884,0.937,0.901,0.898,0.895,1.0,0.894,0.924,0.869,0.933,0.886,0.934,0.937,0.895,0.889,0.888,0.896,0.892,0.888,0.894,0.894,0.885,0.901,0.881,0.894,0.971,0.889,0.891,0.924,0.895,0.011,0.894,0.883,0.904,0.895,0.899,0.925,0.899,0.942,0.894,0.895,0.975,0.972,0.874,0.895,0.895,0.931,0.898
0.913,0.907,0.898,0.887,0.896,0.896,0.907,0.894,1.0,0.887,0.874,0.888,0.893,0.889,0.889,0.908,0.899,0.89,0.898,0.908,0.895,0.899,0.902,0.885,0.905,0.884,0.894,0.887,0.904,0.93,0.887,0.9,0.013,0.9,0.887,0.893,0.909,0.902,0.9,0.905,0.897,0.902,0.901,0.888,0.892,0.887,0.901,0.901,0.893,0.909
0.902,0.883,0.874,0.931,0.885,0.885,0.884,0.924,0.887,1.0,0.879,0.92,0.898,0.931,0.92,0.888,0.884,0.889,0.885,0.883,0.876,0.894,0.883,0.888,0.882,0.891,0.891,0.928,0.895,0.891,0.92,0.879,0.011,0.886,0.886,0.923,0.884,0.889,0.923,0.886,0.936,0.881,0.877,0.922,0.925,0.858,0.882,0.881,0.927,0.888
0.891,0.889,0.857,0.871,0.916,0.902,0.874,0.869,0.874,0.879,1.0,0.856,0.932,0.875,0.851,0.877,0.893,0.909,0.901,0.872,0.888,0.914,0.898,0.914,0.887,0.905,0.918,0.875,0.872,0.871,0.857,0.898,0.014,0.899,0.907,0.88,0.876,0.917,0.871,0.909,0.868,0.895,0.909,0.871,0.87,0.842,0.888,0.887,0.875,0.866
0.892,0.895,0.876,0.94,0.892,0.887,0.903,0.933,0.888,0.92,0.856,1.0,0.871,0.934,0.957,0.904,0.884,0.877,0.892,0.899,0.888,0.882,0.895,0.874,0.895,0.873,0.877,0.929,0.886,0.889,0.928,0.887,0.011,0.885,0.871,0.909,0.901,0.881,0.927,0.885,0.936,0.881,0.873,0.934,0.934,0.878,0.884,0.885,0.922,0.896
0.907,0.911,0.879,0.884,0.925,0.923,0.898,0.886,0.893,0.898,0.932,0.871,1.0,0.892,0.871,0.901,0.917,0.927,0.931,0.897,0.918,0.945,0.929,0.926,0.91,0.915,0.943,0.89,0.897,0.891,0.875,0.922,0.012,0.935,0.928,0.888,0.901,0.937,0.883,0.932,0.885,0.912,0.935,0.885,0.884,0.864,0.911,0.91,0.889,0.89
0.905,0.891,0.879,0.952,0.891,0.898,0.892,0.934,0.889,0.931,0.875,0.934,0.892,1.0,0.94,0.893,0.894,0.889,0.884,0.89,0.881,0.895,0.888,0.89,0.888,0.888,0.9,0.942,0.901,0.893,0.921,0.886,0.012,0.885,0.891,0.919,0.893,0.896,0.922,0.891,0.943,0.892,0.881,0.937,0.935,0.866,0.887,0.887,0.923,0.903
0.882,0.886,0.873,0.945,0.888,0.886,0.901,0.937,0.889,0.92,0.851,0.957,0.871,0.94,1.0,0.899,0.878,0.875,0.891,0.899,0.892,0.88,0.893,0.867,0.888,0.867,0.876,0.932,0.885,0.881,0.942,0.882,0.012,0.881,0.872,0.902,0.899,0.88,0.935,0.884,0.947,0.883,0.88,0.937,0.938,0.885,0.882,0.883,0.925,0.901
0.901,0.916,0.896,0.892,0.908,0.905,0.988,0.895,0.908,0.888,0.877,0.904,0.901,0.893,0.899,1.0,0.907,0.905,0.922,0.988,0.922,0.913,0.924,0.887,0.908,0.889,0.903,0.889,0.895,0.901,0.898,0.91,0.012,0.916,0.893,0.903,0.989,0.908,0.899,0.908,0.897,0.9,0.908,0.896,0.897,0.893,0.901,0.902,0.895,0.899
0.906,0.925,0.885,0.892,0.918,0.931,0.907,0.889,0.899,0.884,0.893,0.884,0.917,0.894,0.878,0.907,1.0,0.917,0.918,0.906,0.908,0.925,0.919,0.924,0.929,0.925,0.916,0.897,0.891,0.901,0.88,0.918,0.013,0.919,0.918,0.895,0.907,0.922,0.887,0.914,0.89,0.916,0.913,0.894,0.895,0.864,0.929,0.929,0.894,0.891
0.9,0.911,0.874,0.891,0.914,0.92,0.908,0.888,0.89,0.889,0.909,0.877,0.927,0.889,0.875,0.905,0.917,1.0,0.941,0.904,0.921,0.938,0.937,0.904,0.911,0.896,0.923,0.891,0.885,0.894,0.877,0.923,0.012,0.933,0.902,0.887,0.906,0.923,0.893,0.928,0.881,0.912,0.931,0.889,0.887,0.859,0.906,0.906,0.893,0.889
0.895,0.918,0.885,0.889,0.924,0.915,0.92,0.896,0.898,0.885,0.901,0.892,0.931,0.884,0.891,0.922,0.918,0.941,1.0,0.918,0.93,0.936,0.944,0.9,0.909,0.894,0.928,0.893,0.884,0.897,0.888,0.93,0.011,0.93,0.9,0.888,0.921,0.921,0.899,0.928,0.901,0.915,0.928,0.897,0.898,0.882,0.915,0.916,0.89,0.896
0.893,0.912,0.893,0.89,0.905,0.9,0.994,0.892,0.908,0.883,0.872,0.899,0.897,0.89,0.899,0.988,0.906,0.904,0.918,1.0,0.921,0.91,0.922,0.883,0.905,0.887,0.899,0.885,0.891,0.897,0.898,0.911,0.012,0.913,0.889,0.897,0.996,0.904,0.896,0.906,0.893,0.899,0.907,0.893,0.895,0.889,0.899,0.9,0.889,0.899
0.894,0.907,0.88,0.876,0.92,0.904,0.921,0.888,0.895,0.876,0.888,0.888,0.918,0.881,0.892,0.922,0.908,0.921,0.93,0.921,1.0,0.93,0.941,0.894,0.908,0.887,0.917,0.879,0.874,0.89,0.89,0.927,0.012,0.926,0.894,0.887,0.922,0.915,0.888,0.923,0.895,0.901,0.918,0.886,0.887,0.882,0.907,0.908,0.884,0.883
0.909,0.915,0.881,0.893,0.918,0.929,0.912,0.894,0.899,0.894,0.914,0.882,0.945,0.895,0.88,0.913,0.925,0.938,0.936,0.91,0.93,1.0,0.969,0.923,0.92,0.912,0.938,0.899,0.895,0.9,0.884,0.922,0.012,0.957,0.922,0.9,0.914,0.932,0.888,0.927,0.887,0.916,0.933,0.894,0.894,0.871,0.915,0.914,0.898,0.897
0.9,0.917,0.879,0.893,0.925,0.919,0.926,0.894,0.902,0.883,0.898,0.895,0.929,0.888,0.893,0.924,0.919,0.937,0.944,0.922,0.941,0.969,1.0,0.906,0.925,0.898,0.927,0.891,0.89,0.895,0.898,0.936,0.011,0.958,0.908,0.893,0.925,0.926,0.9,0.929,0.897,0.914,0.928,0.897,0.899,0.882,0.914,0.915,0.89,0.895
0.896,0.924,0.869,0.885,0.909,0.93,0.883,0.885,0.885,0.888,0.914,0.874,0.926,0.89,0.867,0.887,0.924,0.904,0.9,0.883,0.894,0.923,0.906,1.0,0.924,0.935,0.91,0.891,0.882,0.888,0.868,0.9,0.011,0.909,0.944,0.882,0.886,0.911,0.879,0.903,0.882,0.91,0.903,0.887,0.882,0.855,0.91,0.909,0.888,0.885
0.899,0.94,0.895,0.898,0.921,0.94,0.905,0.901,0.905,0.882,0.887,0.895,0.91,0.888,0.888,0.908,0.929,0.911,0.909,0.905,0.908,0.92,0.925,0.924,1.0,0.929,0.914,0.895,0.892,0.897,0.881,0.926,0.011,0.924,0.929,0.891,0.907,0.921,0.897,0.917,0.896,0.92,0.92,0.903,0.9,0.877,0.931,0.932,0.903,0.9
0.899,0.915,0.872,0.884,0.899,0.919,0.887,0.881,0.884,0.891,0.905,0.873,0.915,0.888,0.867,0.889,0.925,0.896,0.894,0.887,0.887,0.912,0.898,0.935,0.929,1.0,0.914,0.889,0.886,0.886,0.866,0.892,0.011,0.903,0.93,0.884,0.89,0.903,0.872,0.902,0.88,0.911,0.896,0.889,0.888,0.853,0.915,0.915,0.892,0.885
0.909,0.909,0.879,0.89,0.929,0.921,0.903,0.894,0.894,0.891,0.918,0.877,0.943,0.9,0.876,0.903,0.916,0.923,0.928,0.899,0.917,0.938,0.927,0.91,0.914,0.914,1.0,0.895,0.893,0.893,0.88,0.928,0.012,0.929,0.91,0.893,0.903,0.947,0.881,0.931,0.893,0.914,0.943,0.894,0.889,0.867,0.917,0.917,0.893,0.89
0.899,0.892,0.88,0.951,0.894,0.902,0.888,0.971,0.887,0.928,0.875,0.929,0.89,0.942,0.932,0.889,0.897,0.891,0.893,0.885,0.879,0.899,0.891,0.891,0.895,0.889,0.895,1.0,0.893,0.891,0.92,0.889,0.011,0.892,0.888,0.908,0.888,0.902,0.918,0.893,0.937,0.898,0.894,0.987,0.979,0.87,0.892,0.892,0.936,0.899
0.91,0.89,0.891,0.895,0.89,0.896,0.892,0.889,0.904,0.895,0.872,0.886,0.897,0.901,0.885,0.895,0.891,0.885,0.884,0.891,0.874,0.895,0.89,0.882,0.892,0.886,0.893,0.893,1.0,0.906,0.877,0.883,0.012,0.896,0.885,0.889,0.893,0.903,0.888,0.891,0.888,0.892,0.896,0.889,0.888,0.886,0.883,0.882,0.897,0.946
0.918,0.903,0.9,0.892,0.898,0.895,0.897,0.891,0.93,0.891,0.871,0.889,0.891,0.893,0.881,0.901,0.901,0.894,0.897,0.897,0.89,0.9,0.895,0.888,0.897,0.886,0.893,0.891,0.906,1.0,0.883,0.893,0.013,0.907,0.888,0.896,0.899,0.901,0.895,0.899,0.899,0.903,0.901,0.891,0.889,0.886,0.897,0.896,0.897,0.911
0.88,0.884,0.867,0.926,0.884,0.884,0.898,0.924,0.887,0.92,0.857,0.928,0.875,0.921,0.942,0.898,0.88,0.877,0.888,0.898,0.89,0.884,0.898,0.868,0.881,0.866,0.88,0.92,0.877,0.883,1.0,0.884,0.01,0.883,0.87,0.898,0.895,0.877,0.929,0.885,0.954,0.872,0.879,0.926,0.925,0.881,0.878,0.878,0.908,0.885
0.891,0.921,0.884,0.888,0.925,0.909,0.913,0.895,0.9,0.879,0.898,0.887,0.922,0.886,0.882,0.91,0.918,0.923,0.93,0.911,0.927,0.922,0.936,0.9,0.926,0.892,0.928,0.889,0.883,0.893,0.884,1.0,0.012,0.928,0.9,0.886,0.913,0.935,0.9,0.928,0.89,0.917,0.938,0.892,0.895,0.873,0.916,0.917,0.885,0.89
0.012,0.011,0.014,0.011,0.012,0.011,0.012,0.011,0.013,0.011,0.014,0.011,0.012,0.012,0.012,0.012,0.013,0.012,0.011,0.012,0.012,0.012,0.011,0.011,0.011,0.011,0.012,0.011,0.012,0.013,0.01,0.012,1.0,0.012,0.012,0.013,0.012,0.012,0.011,0.011,0.01,0.011,0.012,0.012,0.011,0.012,0.012,0.012,0.012,0.012
0.905,0.915,0.89,0.889,0.926,0.922,0.917,0.894,0.9,0.886,0.899,0.885,0.935,0.885,0.881,0.916,0.919,0.933,0.93,0.913,0.926,0.957,0.958,0.909,0.924,0.903,0.929,0.892,0.896,0.907,0.883,0.928,0.012,1.0,0.914,0.9,0.916,0.927,0.891,0.928,0.887,0.916,0.935,0.893,0.892,0.872,0.919,0.919,0.893,0.901
0.9,0.921,0.873,0.887,0.905,0.936,0.892,0.883,0.887,0.886,0.907,0.871,0.928,0.891,0.872,0.893,0.918,0.902,0.9,0.889,0.894,0.922,0.908,0.944,0.929,0.93,0.91,0.888,0.885,0.888,0.87,0.9,0.012,0.914,1.0,0.885,0.891,0.911,0.877,0.898,0.882,0.91,0.907,0.884,0.886,0.852,0.91,0.909,0.889,0.882
0.902,0.893,0.877,0.917,0.897,0.895,0.9,0.904,0.893,0.923,0.88,0.909,0.888,0.919,0.902,0.903,0.895,0.887,0.888,0.897,0.887,0.9,0.893,0.882,0.891,0.884,0.893,0.908,0.889,0.896,0.898,0.886,0.013,0.9,0.885,1.0,0.899,0.889,0.915,0.888,0.914,0.891,0.887,0.906,0.905,0.87,0.891,0.891,0.915,0.89
0.895,0.913,0.896,0.892,0.908,0.903,0.996,0.895,0.909,0.884,0.876,0.901,0.901,0.893,0.899,0.989,0.907,0.906,0.921,0.996,0.922,0.914,0.925,0.886,0.907,0.89,0.903,0.888,0.893,0.899,0.895,0.913,0.012,0.916,0.891,0.899,1.0,0.906,0.898,0.91,0.897,0.901,0.911,0.896,0.898,0.888,0.901,0.902,0.892,0.902
0.906,0.917,0.893,0.897,0.936,0.929,0.905,0.899,0.902,0.889,0.917,0.881,0.937,0.896,0.88,0.908,0.922,0.923,0.921,0.904,0.915,0.932,0.926,0.911,0.921,0.903,0.947,0.902,0.903,0.901,0.877,0.935,0.012,0.927,0.911,0.889,0.906,1.0,0.894,0.932,0.895,0.921,0.952,0.898,0.895,0.881,0.924,0.923,0.903,0.901
0.889,0.891,0.883,0.928,0.895,0.893,0.897,0.925,0.9,0.923,0.871,0.927,0.883,0.922,0.935,0.899,0.887,0.893,0.899,0.896,0.888,0.888,0.9,0.879,0.897,0.872,0.881,0.918,0.888,0.895,0.929,0.9,0.011,0.891,0.877,0.915,0.898,0.894,1.0,0.896,0.94,0.894,0.894,0.922,0.921,0.879,0.891,0.891,0.913,0.897
0.898,0.917,0.894,0.89,0.933,0.918,0.909,0.899,0.905,0.886,0.909,0.885,0.932,0.891,0.884,0.908,0.914,0.928,0.928,0.906,0.923,0.927,0.929,0.903,0.917,0.902,0.931,0.893,0.891,0.899,0.885,0.928,0.011,0.928,0.898,0.888,0.91,0.932,0.896,1.0,0.901,0.922,0.936,0.901,0.898,0.874,0.922,0.922,0.898,0.898
0.897,0.894,0.891,0.948,0.902,0.897,0.897,0.942,0.897,0.936,0.868,0.936,0.885,0.943,0.947,0.897,0.89,0.881,0.901,0.893,0.895,0.887,0.897,0.882,0.896,0.88,0.893,0.937,0.888,0.899,0.954,0.89,0.01,0.887,0.882,0.914,0.897,0.895,0.94,0.901,1.0,0.892,0.886,0.941,0.942,0.879,0.886,0.887,0.928,0.898
0.897,0.92,0.882,0.9,0.92,0.926,0.9,0.894,0.902,0.881,0.895,0.881,0.912,0.892,0.883,0.9,0.916,0.912,0.915,0.899,0.901,0.916,0.914,0.91,0.92,0.911,0.914,0.898,0.892,0.903,0.872,0.917,0.011,0.916,0.91,0.891,0.901,0.921,0.894,0.922,0.892,1.0,0.923,0.895,0.894,0.874,0.928,0.928,0.9,0.901
0.899,0.915,0.89,0.887,0.931,0.92,0.91,0.895,0.901,0.877,0.909,0.873,0.935,0.881,0.88,0.908,0.913,0.931,0.928,0.907,0.918,0.933,0.928,0.903,0.92,0.896,0.943,0.894,0.896,0.901,0.879,0.938,0.012,0.935,0.907,0.887,0.911,0.952,0.894,0.936,0.886,0.923,1.0,0.897,0.893,0.879,0.919,0.918,0.896,0.902
0.892,0.898,0.886,0.946,0.899,0.897,0.897,0.975,0.888,0.922,0.871,0.934,0.885,0.937,0.937,0.896,0.894,0.889,0.897,0.893,0.886,0.894,0.897,0.887,0.903,0.889,0.894,0.987,0.889,0.891,0.926,0.892,0.012,0.893,0.884,0.906,0.896,0.898,0.922,0.901,0.941,0.895,0.897,1.0,0.987,0.876,0.894,0.895,0.936,0.898
0.893,0.898,0.884,0.942,0.897,0.897,0.898,0.972,0.892,0.925,0.87,0.934,0.884,0.935,0.938,0.897,0.895,0.887,0.898,0.895,0.887,0.894,0.899,0.882,0.9,0.888,0.889,0.979,0.888,0.889,0.925,0.895,0.011,0.892,0.886,0.905,0.898,0.895,0.921,0.898,0.942,0.894,0.893,0.987,1.0,0.872,0.891,0.892,0.933,0.896
0.879,0.881,0.878,0.871,0.873,0.865,0.887,0.874,0.887,0.858,0.842,0.878,0.864,0.866,0.885,0.893,0.864,0.859,0.882,0.889,0.882,0.871,0.882,0.855,0.877,0.853,0.867,0.87,0.886,0.886,0.881,0.873,0.012,0.872,0.852,0.87,0.888,0.881,0.879,0.874,0.879,0.874,0.879,0.876,0.872,1.0,0.876,0.877,0.878,0.904
0.895,0.926,0.893,0.888,0.924,0.925,0.901,0.895,0.901,0.882,0.888,0.884,0.911,0.887,0.882,0.901,0.929,0.906,0.915,0.899,0.907,0.915,0.914,0.91,0.931,0.915,0.917,0.892,0.883,0.897,0.878,0.916,0.012,0.919,0.91,0.891,0.901,0.924,0.891,0.922,0.886,0.928,0.919,0.894,0.891,0.876,1.0,0.999,0.893,0.899
0.894,0.926,0.893,0.887,0.925,0.925,0.902,0.895,0.901,0.881,0.887,0.885,0.91,0.887,0.883,0.902,0.929,0.906,0.916,0.9,0.908,0.914,0.915,0.909,0.932,0.915,0.917,0.892,0.882,0.896,0.878,0.917,0.012,0.919,0.909,0.891,0.902,0.923,0.891,0.922,0.887,0.928,0.918,0.895,0.892,0.877,0.999,1.0,0.892,0.899
0.898,0.897,0.888,0.934,0.896,0.9,0.893,0.931,0.893,0.927,0.875,0.922,0.889,0.923,0.925,0.895,0.894,0.893,0.89,0.889,0.884,0.898,0.89,0.888,0.903,0.892,0.893,0.936,0.897,0.897,0.908,0.885,0.012,0.893,0.889,0.915,0.892,0.903,0.913,0.898,0.928,0.9,0.896,0.936,0.933,0.878,0.893,0.892,1.0,0.901
0.908,0.903,0.899,0.904,0.893,0.903,0.899,0.898,0.909,0.888,0.866,0.896,0.89,0.903,0.901,0.899,0.891,0.889,0.896,0.899,0.883,0.897,0.895,0.885,0.9,0.885,0.89,0.899,0.946,0.911,0.885,0.89,0.012,0.901,0.882,0.89,0.902,0.901,0.897,0.898,0.898,0.901,0.902,0.898,0.896,0.904,0.899,0.899,0.901,1.0
