GCF_000163235.1_ASM16323v1_genomic.fna,GCF_000164555.1_ASM16455v1_genomic.fna,GCF_000208545.1_ASM20854v2_genomic.fna,GCF_000233875.1_ASM23387v1_genomic.fna,GCF_000249735.1_ASM24973v2_genomic.fna,GCF_000261145.1_Esch_coli_M919_V2_genomic.fna,GCF_000267705.2_ASM26770v2_genomic.fna,GCF_000350665.1_Esch_coli_KTE5_V1_genomic.fna,GCF_000351625.1_Esch_coli_KTE66_V1_genomic.fna,GCF_000352285.1_Esch_coli_KTE46_V1_genomic.fna,GCF_000358895.1_ASM35889v1_genomic.fna,GCF_000456385.1_Esch_coli_HVH_26_4-5703913_V1_genomic.fna,GCF_000458195.1_Esch_coli_HVH_147_4-5893887_V1_genomic.fna,GCF_000459755.1_Esch_coli_KOEGE_58_171a_V1_genomic.fna,GCF_000460055.1_Esch_coli_UMEA_3053-1_V1_genomic.fna,GCF_000462165.2_ASM46216v2_genomic.fna,GCF_000601135.1_ASM60113v1_genomic.fna,GCF_000614595.1_Ec2010EL1058_genomic.fna,GCF_000617745.1_Ec2010C-4529_genomic.fna,GCF_000618265.2_EcF6751_genomic.fna,GCF_000619005.2_Ec2009C-4052_genomic.fna,GCF_000619105.1_Ec2009C-4780_genomic.fna,GCF_000619765.2_Ec2009C-3279_genomic.fna,GCF_000687005.1_ASM68700v1_genomic.fna,GCF_000687025.1_ASM68702v1_genomic.fna,GCF_000700125.1_ASM70012v1_genomic.fna,GCF_000753315.1_FHI35_genomic.fna,GCF_000776375.1_ASM77637v1_genomic.fna,GCF_000779395.1_ASM77939v1_genomic.fna,GCF_000780315.1_ASM78031v1_genomic.fna,GCF_000781995.1_ASM78199v1_genomic.fna,GCF_000986765.1_ASM98676v1_genomic.fna,GCF_001041375.1_ViralProj287958_genomic.fna,GCF_001265335.1_302014_genomic.fna,GCF_001265625.1_100854_genomic.fna,GCF_001267345.1_303289_genomic.fna,GCF_001309985.1_ASM130998v1_genomic.fna,GCF_001521695.1_ASM152169v1_genomic.fna,GCF_001592595.1_ASM159259v1_genomic.fna,GCF_001614975.1_ASM161497v1_genomic.fna,GCF_001692775.1_ASM169277v1_genomic.fna,GCF_001748915.1_ASM174891v1_genomic.fna,GCF_001749235.1_ASM174923v1_genomic.fna,GCF_001881155.1_ASM188115v1_genomic.fna,GCF_001881345.1_ASM188134v1_genomic.fna,GCF_001892405.1_ASM189240v1_genomic.fna,GCF_001892585.1_ASM189258v1_genomic.fna,GCF_001893985.1_ASM189398v1_genomic.fna,GCF_002001595.1_ASM200159v1_genomic.fna,GCF_002002145.1_ASM200214v1_genomic.fna
1.0,0.571,0.495,0.524,0.569,0.571,0.568,0.538,0.659,0.527,0.555,0.534,0.57,0.503,0.506,0.574,0.56,0.566,0.56,0.565,0.554,0.57,0.586,0.562,0.556,0.542,0.56,0.528,0.604,0.666,0.494,0.557,0.0,0.57,0.518,0.505,0.565,0.578,0.508,0.576,0.507,0.556,0.568,0.537,0.547,0.541,0.562,0.563,0.495,0.604
0.571,1.0,0.461,0.509,0.684,0.813,0.59,0.536,0.543,0.508,0.659,0.53,0.68,0.495,0.494,0.606,0.745,0.666,0.658,0.586,0.625,0.661,0.662,0.807,0.826,0.726,0.657,0.527,0.559,0.557,0.48,0.662,0.0,0.639,0.753,0.484,0.588,0.692,0.499,0.67,0.493,0.724,0.664,0.536,0.538,0.484,0.706,0.709,0.515,0.538
0.495,0.461,1.0,0.418,0.447,0.456,0.451,0.437,0.472,0.415,0.44,0.425,0.459,0.408,0.41,0.455,0.451,0.448,0.44,0.448,0.445,0.443,0.453,0.452,0.45,0.432,0.441,0.435,0.469,0.492,0.396,0.443,0.0,0.449,0.409,0.412,0.45,0.455,0.42,0.452,0.418,0.45,0.456,0.45,0.44,0.431,0.457,0.457,0.418,0.479
0.524,0.509,0.418,1.0,0.509,0.502,0.478,0.768,0.511,0.789,0.523,0.787,0.529,0.818,0.816,0.486,0.496,0.516,0.505,0.474,0.477,0.508,0.503,0.525,0.509,0.508,0.507,0.807,0.564,0.513,0.76,0.507,0.0,0.485,0.474,0.692,0.475,0.518,0.723,0.51,0.784,0.515,0.506,0.773,0.788,0.503,0.481,0.483,0.744,0.562
0.569,0.684,0.447,0.509,1.0,0.682,0.589,0.529,0.542,0.514,0.782,0.519,0.744,0.502,0.501,0.61,0.69,0.7,0.71,0.587,0.699,0.719,0.719,0.674,0.666,0.66,0.736,0.517,0.545,0.548,0.497,0.708,0.0,0.71,0.626,0.478,0.588,0.748,0.497,0.735,0.509,0.681,0.754,0.519,0.531,0.496,0.702,0.705,0.507,0.537
0.571,0.813,0.456,0.502,0.682,1.0,0.602,0.527,0.546,0.495,0.66,0.509,0.675,0.494,0.497,0.613,0.743,0.675,0.665,0.596,0.631,0.659,0.668,0.799,0.821,0.713,0.652,0.511,0.562,0.551,0.485,0.665,0.0,0.66,0.752,0.498,0.599,0.672,0.516,0.672,0.496,0.725,0.657,0.513,0.525,0.488,0.715,0.716,0.502,0.557
0.568,0.59,0.451,0.478,0.589,0.602,1.0,0.491,0.542,0.466,0.573,0.478,0.604,0.475,0.467,0.947,0.586,0.624,0.638,0.987,0.643,0.636,0.663,0.592,0.58,0.58,0.602,0.489,0.532,0.546,0.469,0.613,0.0,0.624,0.568,0.488,0.992,0.594,0.479,0.599,0.469,0.589,0.602,0.498,0.5,0.48,0.583,0.585,0.464,0.544
0.538,0.536,0.437,0.768,0.529,0.527,0.491,1.0,0.52,0.75,0.511,0.747,0.537,0.762,0.735,0.505,0.521,0.535,0.528,0.488,0.501,0.531,0.529,0.528,0.509,0.502,0.532,0.911,0.582,0.527,0.748,0.524,0.0,0.513,0.467,0.677,0.487,0.562,0.723,0.534,0.756,0.528,0.535,0.895,0.906,0.495,0.492,0.495,0.706,0.557
0.659,0.543,0.472,0.511,0.542,0.546,0.542,0.52,1.0,0.512,0.54,0.511,0.557,0.506,0.508,0.552,0.536,0.55,0.555,0.541,0.521,0.563,0.565,0.54,0.538,0.528,0.561,0.517,0.587,0.683,0.495,0.53,0.0,0.545,0.503,0.506,0.542,0.559,0.508,0.558,0.494,0.551,0.566,0.512,0.522,0.51,0.542,0.543,0.491,0.581
0.527,0.508,0.415,0.789,0.514,0.495,0.466,0.75,0.512,1.0,0.533,0.748,0.542,0.766,0.771,0.485,0.494,0.513,0.501,0.465,0.48,0.506,0.499,0.511,0.499,0.51,0.509,0.768,0.563,0.51,0.767,0.495,0.0,0.486,0.465,0.685,0.464,0.517,0.734,0.522,0.782,0.502,0.505,0.731,0.753,0.483,0.487,0.488,0.735,0.545
0.555,0.659,0.44,0.523,0.782,0.66,0.573,0.511,0.54,0.533,1.0,0.507,0.784,0.509,0.517,0.592,0.663,0.716,0.711,0.57,0.686,0.723,0.705,0.694,0.667,0.681,0.734,0.527,0.526,0.537,0.487,0.69,0.0,0.685,0.679,0.506,0.572,0.733,0.503,0.748,0.498,0.679,0.731,0.499,0.512,0.474,0.656,0.655,0.526,0.524
0.534,0.53,0.425,0.787,0.519,0.509,0.478,0.747,0.511,0.748,0.507,1.0,0.527,0.769,0.875,0.492,0.51,0.513,0.495,0.473,0.487,0.514,0.509,0.526,0.512,0.514,0.491,0.772,0.573,0.517,0.722,0.498,0.0,0.487,0.473,0.678,0.474,0.526,0.7,0.517,0.758,0.513,0.505,0.744,0.767,0.486,0.491,0.492,0.71,0.56
0.57,0.68,0.459,0.529,0.744,0.675,0.604,0.537,0.557,0.542,0.784,0.527,1.0,0.525,0.53,0.619,0.681,0.757,0.759,0.602,0.747,0.806,0.786,0.715,0.688,0.679,0.788,0.549,0.553,0.563,0.506,0.73,0.0,0.766,0.661,0.516,0.603,0.771,0.509,0.799,0.519,0.7,0.774,0.517,0.531,0.477,0.687,0.687,0.53,0.544
0.503,0.495,0.408,0.818,0.502,0.494,0.475,0.762,0.506,0.766,0.509,0.769,0.525,1.0,0.794,0.486,0.486,0.517,0.5,0.473,0.474,0.504,0.495,0.492,0.492,0.49,0.508,0.807,0.562,0.507,0.761,0.499,0.0,0.479,0.456,0.682,0.474,0.516,0.709,0.515,0.784,0.5,0.501,0.767,0.783,0.487,0.472,0.474,0.723,0.548
0.506,0.494,0.41,0.816,0.501,0.497,0.467,0.735,0.508,0.771,0.517,0.875,0.53,0.794,1.0,0.479,0.492,0.505,0.486,0.466,0.469,0.504,0.494,0.509,0.5,0.508,0.492,0.773,0.56,0.507,0.753,0.485,0.0,0.482,0.477,0.679,0.466,0.509,0.703,0.511,0.777,0.502,0.499,0.735,0.751,0.487,0.49,0.492,0.73,0.566
0.574,0.606,0.455,0.486,0.61,0.613,0.947,0.505,0.552,0.485,0.592,0.492,0.619,0.486,0.479,1.0,0.598,0.624,0.642,0.948,0.624,0.646,0.653,0.603,0.593,0.587,0.608,0.5,0.539,0.565,0.479,0.598,0.0,0.617,0.574,0.493,0.949,0.609,0.492,0.613,0.484,0.602,0.61,0.496,0.511,0.481,0.589,0.588,0.487,0.539
0.56,0.745,0.451,0.496,0.69,0.743,0.586,0.521,0.536,0.494,0.663,0.51,0.681,0.486,0.492,0.598,1.0,0.67,0.661,0.581,0.64,0.686,0.676,0.755,0.74,0.75,0.657,0.511,0.55,0.538,0.479,0.684,0.0,0.661,0.692,0.499,0.585,0.665,0.508,0.676,0.489,0.726,0.674,0.515,0.528,0.468,0.712,0.715,0.492,0.536
0.566,0.666,0.448,0.516,0.7,0.675,0.624,0.535,0.55,0.513,0.716,0.513,0.757,0.517,0.505,0.624,0.67,1.0,0.805,0.618,0.742,0.78,0.773,0.673,0.654,0.65,0.765,0.528,0.553,0.548,0.504,0.731,0.0,0.73,0.63,0.525,0.621,0.737,0.511,0.754,0.506,0.684,0.748,0.518,0.534,0.488,0.669,0.67,0.51,0.547
0.56,0.658,0.44,0.505,0.71,0.665,0.638,0.528,0.555,0.501,0.711,0.495,0.759,0.5,0.486,0.642,0.661,0.805,1.0,0.636,0.748,0.773,0.769,0.66,0.647,0.635,0.761,0.522,0.547,0.544,0.497,0.725,0.0,0.729,0.629,0.514,0.636,0.736,0.503,0.751,0.498,0.674,0.746,0.514,0.527,0.482,0.662,0.663,0.493,0.54
0.565,0.586,0.448,0.474,0.587,0.596,0.987,0.488,0.541,0.465,0.57,0.473,0.602,0.473,0.466,0.948,0.581,0.618,0.636,1.0,0.638,0.637,0.66,0.587,0.58,0.577,0.602,0.487,0.528,0.545,0.469,0.609,0.0,0.621,0.562,0.483,0.989,0.592,0.475,0.598,0.469,0.587,0.602,0.494,0.495,0.479,0.581,0.583,0.463,0.542
0.554,0.625,0.445,0.477,0.699,0.631,0.643,0.501,0.521,0.48,0.686,0.487,0.747,0.474,0.469,0.624,0.64,0.742,0.748,0.638,1.0,0.763,0.782,0.633,0.62,0.623,0.735,0.5,0.527,0.534,0.463,0.736,0.0,0.757,0.592,0.482,0.638,0.719,0.481,0.738,0.478,0.635,0.736,0.508,0.511,0.49,0.66,0.663,0.469,0.539
0.57,0.661,0.443,0.508,0.719,0.659,0.636,0.531,0.563,0.506,0.723,0.514,0.806,0.504,0.504,0.646,0.686,0.78,0.773,0.637,0.763,1.0,0.914,0.669,0.662,0.642,0.772,0.529,0.549,0.553,0.494,0.74,0.0,0.863,0.627,0.506,0.634,0.769,0.51,0.781,0.499,0.672,0.78,0.517,0.527,0.482,0.669,0.669,0.498,0.551
0.586,0.662,0.453,0.503,0.719,0.668,0.663,0.529,0.565,0.499,0.705,0.509,0.786,0.495,0.494,0.653,0.676,0.773,0.769,0.66,0.782,0.914,1.0,0.656,0.652,0.638,0.772,0.519,0.561,0.55,0.49,0.758,0.0,0.863,0.611,0.504,0.661,0.758,0.51,0.762,0.494,0.657,0.767,0.53,0.533,0.489,0.676,0.679,0.487,0.558
0.562,0.807,0.452,0.525,0.674,0.799,0.592,0.528,0.54,0.511,0.694,0.526,0.715,0.492,0.509,0.603,0.755,0.673,0.66,0.587,0.633,0.669,0.656,1.0,0.83,0.762,0.655,0.521,0.552,0.55,0.477,0.65,0.0,0.644,0.806,0.502,0.591,0.667,0.499,0.682,0.491,0.744,0.659,0.504,0.518,0.477,0.699,0.699,0.513,0.538
0.556,0.826,0.45,0.509,0.666,0.821,0.58,0.509,0.538,0.499,0.667,0.512,0.688,0.492,0.5,0.593,0.74,0.654,0.647,0.58,0.62,0.662,0.652,0.83,1.0,0.763,0.651,0.513,0.537,0.536,0.471,0.672,0.0,0.634,0.788,0.493,0.582,0.673,0.5,0.665,0.479,0.729,0.666,0.514,0.514,0.485,0.708,0.709,0.513,0.535
0.542,0.726,0.432,0.508,0.66,0.713,0.58,0.502,0.528,0.51,0.681,0.514,0.679,0.49,0.508,0.587,0.75,0.65,0.635,0.577,0.623,0.642,0.638,0.762,0.763,1.0,0.635,0.511,0.523,0.518,0.476,0.62,0.0,0.617,0.705,0.494,0.579,0.657,0.489,0.666,0.488,0.721,0.636,0.512,0.507,0.479,0.693,0.694,0.52,0.532
0.56,0.657,0.441,0.507,0.736,0.652,0.602,0.532,0.561,0.509,0.734,0.491,0.788,0.508,0.492,0.608,0.657,0.765,0.761,0.602,0.735,0.772,0.772,0.655,0.651,0.635,1.0,0.521,0.549,0.544,0.509,0.749,0.0,0.741,0.607,0.502,0.602,0.838,0.496,0.783,0.513,0.672,0.843,0.524,0.526,0.483,0.653,0.655,0.502,0.543
0.528,0.527,0.435,0.807,0.517,0.511,0.489,0.911,0.517,0.768,0.527,0.772,0.549,0.807,0.773,0.5,0.511,0.528,0.522,0.487,0.5,0.529,0.519,0.521,0.513,0.511,0.521,1.0,0.573,0.526,0.749,0.517,0.0,0.5,0.478,0.691,0.487,0.553,0.715,0.537,0.779,0.523,0.526,0.941,0.94,0.491,0.492,0.492,0.735,0.552
0.604,0.559,0.469,0.564,0.545,0.562,0.532,0.582,0.587,0.563,0.526,0.573,0.553,0.562,0.56,0.539,0.55,0.553,0.547,0.528,0.527,0.549,0.561,0.552,0.537,0.523,0.549,0.573,1.0,0.587,0.539,0.549,0.0,0.551,0.505,0.552,0.529,0.555,0.541,0.556,0.544,0.539,0.554,0.569,0.586,0.598,0.528,0.531,0.54,0.834
0.666,0.557,0.492,0.513,0.548,0.551,0.546,0.527,0.683,0.51,0.537,0.517,0.563,0.507,0.507,0.565,0.538,0.548,0.544,0.545,0.534,0.553,0.55,0.55,0.536,0.518,0.544,0.526,0.587,1.0,0.496,0.528,0.0,0.535,0.502,0.505,0.546,0.557,0.503,0.562,0.509,0.554,0.559,0.52,0.528,0.526,0.547,0.548,0.505,0.585
0.494,0.48,0.396,0.76,0.497,0.485,0.469,0.748,0.495,0.767,0.487,0.722,0.506,0.761,0.753,0.479,0.479,0.504,0.497,0.469,0.463,0.494,0.49,0.477,0.471,0.476,0.509,0.749,0.539,0.496,1.0,0.481,0.0,0.48,0.439,0.661,0.469,0.502,0.702,0.504,0.901,0.496,0.493,0.728,0.743,0.472,0.466,0.469,0.694,0.531
0.557,0.662,0.443,0.507,0.708,0.665,0.613,0.524,0.53,0.495,0.69,0.498,0.73,0.499,0.485,0.598,0.684,0.731,0.725,0.609,0.736,0.74,0.758,0.65,0.672,0.62,0.749,0.517,0.549,0.528,0.481,1.0,0.0,0.743,0.606,0.491,0.61,0.752,0.504,0.749,0.484,0.656,0.761,0.529,0.534,0.487,0.663,0.669,0.485,0.545
0.0,0.0,0.0,0.0,0.0,0.0,0.0,0.0,0.0,0.0,0.0,0.0,0.0,0.0,0.0,0.0,0.0,0.0,0.0,0.0,0.0,0.0,0.0,0.0,0.0,0.0,0.0,0.0,0.0,0.0,0.0,0.0,1.0,0.0,0.0,0.0,0.0,0.0,0.0,0.0,0.0,0.0,0.0,0.0,0.0,0.0,0.0,0.0,0.0,0.0
0.57,0.639,0.449,0.485,0.71,0.66,0.624,0.513,0.545,0.486,0.685,0.487,0.766,0.479,0.482,0.617,0.661,0.73,0.729,0.621,0.757,0.863,0.863,0.644,0.634,0.617,0.741,0.5,0.551,0.535,0.48,0.743,0.0,1.0,0.608,0.498,0.621,0.732,0.496,0.741,0.482,0.649,0.764,0.507,0.513,0.476,0.662,0.668,0.47,0.554
0.518,0.753,0.409,0.474,0.626,0.752,0.568,0.467,0.503,0.465,0.679,0.473,0.661,0.456,0.477,0.574,0.692,0.63,0.629,0.562,0.592,0.627,0.611,0.806,0.788,0.705,0.607,0.478,0.505,0.502,0.439,0.606,0.0,0.608,1.0,0.464,0.566,0.616,0.453,0.633,0.442,0.691,0.62,0.453,0.467,0.438,0.659,0.659,0.464,0.496
0.505,0.484,0.412,0.692,0.478,0.498,0.488,0.677,0.506,0.685,0.506,0.678,0.516,0.682,0.679,0.493,0.499,0.525,0.514,0.483,0.482,0.506,0.504,0.502,0.493,0.494,0.502,0.691,0.552,0.505,0.661,0.491,0.0,0.498,0.464,1.0,0.487,0.489,0.678,0.521,0.671,0.502,0.491,0.666,0.678,0.479,0.471,0.473,0.671,0.551
0.565,0.588,0.45,0.475,0.588,0.599,0.992,0.487,0.542,0.464,0.572,0.474,0.603,0.474,0.466,0.949,0.585,0.621,0.636,0.989,0.638,0.634,0.661,0.591,0.582,0.579,0.602,0.487,0.529,0.546,0.469,0.61,0.0,0.621,0.566,0.487,1.0,0.593,0.477,0.598,0.468,0.587,0.602,0.496,0.496,0.479,0.582,0.584,0.464,0.542
0.578,0.692,0.455,0.518,0.748,0.672,0.594,0.562,0.559,0.517,0.733,0.526,0.771,0.516,0.509,0.609,0.665,0.737,0.736,0.592,0.719,0.769,0.758,0.667,0.673,0.657,0.838,0.553,0.555,0.557,0.502,0.752,0.0,0.732,0.616,0.489,0.593,1.0,0.513,0.78,0.515,0.67,0.87,0.544,0.543,0.494,0.671,0.671,0.518,0.547
0.508,0.499,0.42,0.723,0.497,0.516,0.479,0.723,0.508,0.734,0.503,0.7,0.509,0.709,0.703,0.492,0.508,0.511,0.503,0.475,0.481,0.51,0.51,0.499,0.5,0.489,0.496,0.715,0.541,0.503,0.702,0.504,0.0,0.496,0.453,0.678,0.477,0.513,1.0,0.517,0.716,0.511,0.516,0.712,0.726,0.471,0.486,0.485,0.689,0.526
0.576,0.67,0.452,0.51,0.735,0.672,0.599,0.534,0.558,0.522,0.748,0.517,0.799,0.515,0.511,0.613,0.676,0.754,0.751,0.598,0.738,0.781,0.762,0.682,0.665,0.666,0.783,0.537,0.556,0.562,0.504,0.749,0.0,0.741,0.633,0.521,0.598,0.78,0.517,1.0,0.516,0.688,0.782,0.521,0.529,0.484,0.693,0.693,0.516,0.559
0.507,0.493,0.418,0.784,0.509,0.496,0.469,0.756,0.494,0.782,0.498,0.758,0.519,0.784,0.777,0.484,0.489,0.506,0.498,0.469,0.478,0.499,0.494,0.491,0.479,0.488,0.513,0.779,0.544,0.509,0.901,0.484,0.0,0.482,0.442,0.671,0.468,0.515,0.716,0.516,1.0,0.509,0.497,0.755,0.769,0.479,0.479,0.481,0.712,0.536
0.556,0.724,0.45,0.515,0.681,0.725,0.589,0.528,0.551,0.502,0.679,0.513,0.7,0.5,0.502,0.602,0.726,0.684,0.674,0.587,0.635,0.672,0.657,0.744,0.729,0.721,0.672,0.523,0.539,0.554,0.496,0.656,0.0,0.649,0.691,0.502,0.587,0.67,0.511,0.688,0.509,1.0,0.688,0.517,0.523,0.484,0.741,0.741,0.507,0.534
0.568,0.664,0.456,0.506,0.754,0.657,0.602,0.535,0.566,0.505,0.731,0.505,0.774,0.501,0.499,0.61,0.674,0.748,0.746,0.602,0.736,0.78,0.767,0.659,0.666,0.636,0.843,0.526,0.554,0.559,0.493,0.761,0.0,0.764,0.62,0.491,0.602,0.87,0.516,0.782,0.497,0.688,1.0,0.524,0.534,0.491,0.673,0.671,0.499,0.553
0.537,0.536,0.45,0.773,0.519,0.513,0.498,0.895,0.512,0.731,0.499,0.744,0.517,0.767,0.735,0.496,0.515,0.518,0.514,0.494,0.508,0.517,0.53,0.504,0.514,0.512,0.524,0.941,0.569,0.52,0.728,0.529,0.0,0.507,0.453,0.666,0.496,0.544,0.712,0.521,0.755,0.517,0.524,1.0,0.951,0.504,0.502,0.504,0.709,0.557
0.547,0.538,0.44,0.788,0.531,0.525,0.5,0.906,0.522,0.753,0.512,0.767,0.531,0.783,0.751,0.511,0.528,0.534,0.527,0.495,0.511,0.527,0.533,0.518,0.514,0.507,0.526,0.94,0.586,0.528,0.743,0.534,0.0,0.513,0.467,0.678,0.496,0.543,0.726,0.529,0.769,0.523,0.534,0.951,1.0,0.497,0.503,0.505,0.716,0.559
0.541,0.484,0.431,0.503,0.496,0.488,0.48,0.495,0.51,0.483,0.474,0.486,0.477,0.487,0.487,0.481,0.468,0.488,0.482,0.479,0.49,0.482,0.489,0.477,0.485,0.479,0.483,0.491,0.598,0.526,0.472,0.487,0.0,0.476,0.438,0.479,0.479,0.494,0.471,0.484,0.479,0.484,0.491,0.504,0.497,1.0,0.504,0.506,0.484,0.663
0.562,0.706,0.457,0.481,0.702,0.715,0.583,0.492,0.542,0.487,0.656,0.491,0.687,0.472,0.49,0.589,0.712,0.669,0.662,0.581,0.66,0.669,0.676,0.699,0.708,0.693,0.653,0.492,0.528,0.547,0.466,0.663,0.0,0.662,0.659,0.471,0.582,0.671,0.486,0.693,0.479,0.741,0.673,0.502,0.503,0.504,1.0,0.993,0.477,0.545
0.563,0.709,0.457,0.483,0.705,0.716,0.585,0.495,0.543,0.488,0.655,0.492,0.687,0.474,0.492,0.588,0.715,0.67,0.663,0.583,0.663,0.669,0.679,0.699,0.709,0.694,0.655,0.492,0.531,0.548,0.469,0.669,0.0,0.668,0.659,0.473,0.584,0.671,0.485,0.693,0.481,0.741,0.671,0.504,0.505,0.506,0.993,1.0,0.477,0.549
0.495,0.515,0.418,0.744,0.507,0.502,0.464,0.706,0.491,0.735,0.526,0.71,0.53,0.723,0.73,0.487,0.492,0.51,0.493,0.463,0.469,0.498,0.487,0.513,0.513,0.52,0.502,0.735,0.54,0.505,0.694,0.485,0.0,0.47,0.464,0.671,0.464,0.518,0.689,0.516,0.712,0.507,0.499,0.709,0.716,0.484,0.477,0.477,1.0,0.53
0.604,0.538,0.479,0.562,0.537,0.557,0.544,0.557,0.581,0.545,0.524,0.56,0.544,0.548,0.566,0.539,0.536,0.547,0.54,0.542,0.539,0.551,0.558,0.538,0.535,0.532,0.543,0.552,0.834,0.585,0.531,0.545,0.0,0.554,0.496,0.551,0.542,0.547,0.526,0.559,0.536,0.534,0.553,0.557,0.559,0.663,0.545,0.549,0.53,1.0
