GCF_000163235.1_ASM16323v1_genomic.fna,GCF_000164555.1_ASM16455v1_genomic.fna,GCF_000208545.1_ASM20854v2_genomic.fna,GCF_000233875.1_ASM23387v1_genomic.fna,GCF_000249735.1_ASM24973v2_genomic.fna,GCF_000261145.1_Esch_coli_M919_V2_genomic.fna,GCF_000267705.2_ASM26770v2_genomic.fna,GCF_000350665.1_Esch_coli_KTE5_V1_genomic.fna,GCF_000351625.1_Esch_coli_KTE66_V1_genomic.fna,GCF_000352285.1_Esch_coli_KTE46_V1_genomic.fna,GCF_000358895.1_ASM35889v1_genomic.fna,GCF_000456385.1_Esch_coli_HVH_26_4-5703913_V1_genomic.fna,GCF_000458195.1_Esch_coli_HVH_147_4-5893887_V1_genomic.fna,GCF_000459755.1_Esch_coli_KOEGE_58_171a_V1_genomic.fna,GCF_000460055.1_Esch_coli_UMEA_3053-1_V1_genomic.fna,GCF_000462165.2_ASM46216v2_genomic.fna,GCF_000601135.1_ASM60113v1_genomic.fna,GCF_000614595.1_Ec2010EL1058_genomic.fna,GCF_000617745.1_Ec2010C-4529_genomic.fna,GCF_000618265.2_EcF6751_genomic.fna,GCF_000619005.2_Ec2009C-4052_genomic.fna,GCF_000619105.1_Ec2009C-4780_genomic.fna,GCF_000619765.2_Ec2009C-3279_genomic.fna,GCF_000687005.1_ASM68700v1_genomic.fna,GCF_000687025.1_ASM68702v1_genomic.fna,GCF_000700125.1_ASM70012v1_genomic.fna,GCF_000753315.1_FHI35_genomic.fna,GCF_000776375.1_ASM77637v1_genomic.fna,GCF_000779395.1_ASM77939v1_genomic.fna,GCF_000780315.1_ASM78031v1_genomic.fna,GCF_000781995.1_ASM78199v1_genomic.fna,GCF_000986765.1_ASM98676v1_genomic.fna,GCF_001041375.1_ViralProj287958_genomic.fna,GCF_001265335.1_302014_genomic.fna,GCF_001265625.1_100854_genomic.fna,GCF_001267345.1_303289_genomic.fna,GCF_001309985.1_ASM130998v1_genomic.fna,GCF_001521695.1_ASM152169v1_genomic.fna,GCF_001592595.1_ASM159259v1_genomic.fna,GCF_001614975.1_ASM161497v1_genomic.fna,GCF_001692775.1_ASM169277v1_genomic.fna,GCF_001748915.1_ASM174891v1_genomic.fna,GCF_001749235.1_ASM174923v1_genomic.fna,GCF_001881155.1_ASM188115v1_genomic.fna,GCF_001881345.1_ASM188134v1_genomic.fna,GCF_001892405.1_ASM189240v1_genomic.fna,GCF_001892585.1_ASM189258v1_genomic.fna,GCF_001893985.1_ASM189398v1_genomic.fna,GCF_002001595.1_ASM200159v1_genomic.fna,GCF_002002145.1_ASM200214v1_genomic.fna
1.0,0.557,0.475,0.489,0.547,0.528,0.51,0.509,0.609,0.497,0.529,0.508,0.537,0.479,0.47,0.507,0.535,0.541,0.528,0.507,0.525,0.533,0.541,0.522,0.529,0.532,0.527,0.493,0.577,0.626,0.477,0.546,0.0,0.526,0.486,0.483,0.508,0.546,0.48,0.54,0.486,0.537,0.537,0.499,0.518,0.51,0.525,0.526,0.487,0.578
0.557,1.0,0.428,0.467,0.671,0.796,0.572,0.486,0.511,0.476,0.624,0.48,0.646,0.461,0.453,0.572,0.754,0.658,0.639,0.57,0.639,0.646,0.655,0.79,0.829,0.745,0.639,0.478,0.539,0.539,0.463,0.671,0.0,0.641,0.738,0.455,0.572,0.669,0.469,0.642,0.469,0.725,0.652,0.498,0.504,0.474,0.725,0.726,0.492,0.523
0.475,0.428,1.0,0.396,0.419,0.407,0.404,0.401,0.442,0.387,0.401,0.396,0.417,0.393,0.383,0.407,0.423,0.412,0.404,0.401,0.421,0.417,0.418,0.41,0.418,0.413,0.404,0.394,0.452,0.46,0.389,0.423,0.0,0.412,0.375,0.395,0.403,0.415,0.394,0.415,0.399,0.412,0.415,0.403,0.396,0.401,0.417,0.417,0.405,0.448
0.489,0.467,0.396,1.0,0.48,0.46,0.466,0.746,0.473,0.76,0.47,0.752,0.473,0.808,0.803,0.463,0.463,0.455,0.464,0.463,0.435,0.453,0.457,0.47,0.465,0.466,0.457,0.798,0.527,0.485,0.745,0.478,0.0,0.445,0.44,0.676,0.464,0.458,0.682,0.476,0.771,0.45,0.459,0.782,0.782,0.478,0.456,0.458,0.71,0.529
0.547,0.671,0.419,0.48,1.0,0.673,0.584,0.511,0.519,0.488,0.782,0.482,0.748,0.482,0.473,0.582,0.683,0.711,0.712,0.58,0.711,0.722,0.718,0.673,0.681,0.678,0.737,0.493,0.543,0.543,0.489,0.751,0.0,0.717,0.628,0.479,0.581,0.756,0.477,0.748,0.498,0.68,0.755,0.494,0.502,0.462,0.705,0.707,0.492,0.517
0.528,0.796,0.407,0.46,0.673,1.0,0.586,0.485,0.517,0.454,0.639,0.466,0.652,0.462,0.451,0.583,0.738,0.679,0.657,0.58,0.638,0.669,0.67,0.787,0.832,0.73,0.641,0.471,0.536,0.524,0.457,0.67,0.0,0.658,0.765,0.471,0.583,0.663,0.485,0.652,0.462,0.718,0.669,0.476,0.475,0.469,0.737,0.739,0.468,0.529
0.51,0.572,0.404,0.466,0.584,0.586,1.0,0.481,0.525,0.46,0.571,0.454,0.595,0.459,0.45,0.961,0.584,0.626,0.617,0.984,0.618,0.608,0.62,0.582,0.58,0.591,0.585,0.467,0.501,0.528,0.456,0.592,0.0,0.591,0.549,0.491,0.99,0.577,0.451,0.582,0.458,0.565,0.591,0.472,0.473,0.435,0.57,0.57,0.457,0.502
0.509,0.486,0.401,0.746,0.511,0.485,0.481,1.0,0.49,0.748,0.484,0.729,0.497,0.753,0.73,0.484,0.488,0.467,0.49,0.478,0.453,0.473,0.473,0.5,0.495,0.495,0.482,0.893,0.55,0.497,0.732,0.5,0.0,0.452,0.45,0.655,0.478,0.508,0.687,0.5,0.739,0.474,0.486,0.896,0.886,0.483,0.468,0.468,0.697,0.535
0.609,0.511,0.442,0.473,0.519,0.517,0.525,0.49,1.0,0.48,0.518,0.473,0.526,0.48,0.469,0.521,0.531,0.519,0.518,0.524,0.505,0.519,0.519,0.519,0.519,0.521,0.523,0.477,0.547,0.658,0.477,0.533,0.0,0.508,0.486,0.487,0.524,0.516,0.464,0.526,0.476,0.516,0.53,0.477,0.476,0.506,0.509,0.509,0.48,0.557
0.497,0.476,0.387,0.76,0.488,0.454,0.46,0.748,0.48,1.0,0.486,0.716,0.484,0.738,0.734,0.468,0.46,0.452,0.471,0.459,0.432,0.455,0.453,0.478,0.466,0.476,0.461,0.768,0.525,0.488,0.746,0.47,0.0,0.443,0.436,0.673,0.46,0.464,0.691,0.482,0.758,0.457,0.457,0.745,0.759,0.471,0.452,0.452,0.706,0.512
0.529,0.624,0.401,0.47,0.782,0.639,0.571,0.484,0.518,0.486,1.0,0.454,0.759,0.47,0.456,0.579,0.646,0.708,0.717,0.569,0.694,0.714,0.709,0.678,0.642,0.645,0.723,0.487,0.502,0.526,0.462,0.708,0.0,0.698,0.672,0.483,0.57,0.712,0.457,0.739,0.471,0.66,0.731,0.476,0.476,0.436,0.651,0.651,0.465,0.5
0.508,0.48,0.396,0.752,0.482,0.466,0.454,0.729,0.473,0.716,0.454,1.0,0.461,0.751,0.846,0.451,0.464,0.449,0.458,0.451,0.44,0.452,0.451,0.46,0.468,0.471,0.445,0.733,0.535,0.482,0.713,0.475,0.0,0.449,0.42,0.649,0.453,0.467,0.704,0.462,0.738,0.454,0.458,0.739,0.749,0.483,0.46,0.462,0.697,0.517
0.537,0.646,0.417,0.473,0.748,0.652,0.595,0.497,0.526,0.484,0.759,0.461,1.0,0.477,0.469,0.602,0.66,0.756,0.766,0.593,0.746,0.804,0.802,0.681,0.654,0.654,0.803,0.484,0.526,0.551,0.472,0.766,0.0,0.78,0.633,0.472,0.595,0.773,0.465,0.812,0.484,0.667,0.781,0.482,0.481,0.454,0.665,0.665,0.474,0.52
0.479,0.461,0.393,0.808,0.482,0.462,0.459,0.753,0.48,0.738,0.47,0.751,0.477,1.0,0.799,0.46,0.457,0.458,0.467,0.458,0.437,0.457,0.458,0.46,0.466,0.467,0.465,0.78,0.534,0.47,0.741,0.48,0.0,0.448,0.431,0.671,0.458,0.465,0.69,0.481,0.766,0.452,0.459,0.774,0.775,0.479,0.453,0.455,0.709,0.527
0.47,0.453,0.383,0.803,0.473,0.451,0.45,0.73,0.469,0.734,0.456,0.846,0.469,0.799,1.0,0.45,0.461,0.443,0.455,0.449,0.424,0.443,0.445,0.449,0.451,0.46,0.453,0.758,0.521,0.47,0.745,0.466,0.0,0.435,0.417,0.655,0.449,0.457,0.696,0.469,0.772,0.443,0.454,0.754,0.754,0.481,0.45,0.45,0.708,0.523
0.507,0.572,0.407,0.463,0.582,0.583,0.961,0.484,0.521,0.468,0.579,0.451,0.602,0.46,0.45,1.0,0.579,0.616,0.619,0.959,0.607,0.605,0.613,0.589,0.574,0.587,0.578,0.47,0.495,0.53,0.452,0.581,0.0,0.584,0.55,0.49,0.963,0.578,0.448,0.586,0.46,0.564,0.585,0.469,0.472,0.435,0.571,0.571,0.46,0.498
0.535,0.754,0.423,0.463,0.683,0.738,0.584,0.488,0.531,0.46,0.646,0.464,0.66,0.457,0.461,0.579,1.0,0.67,0.651,0.578,0.645,0.682,0.671,0.749,0.757,0.756,0.648,0.474,0.54,0.539,0.464,0.708,0.0,0.665,0.687,0.474,0.581,0.663,0.474,0.652,0.467,0.711,0.673,0.484,0.493,0.465,0.74,0.74,0.473,0.524
0.541,0.658,0.412,0.455,0.711,0.679,0.626,0.467,0.519,0.452,0.708,0.449,0.756,0.458,0.443,0.616,0.67,1.0,0.767,0.626,0.763,0.782,0.783,0.664,0.662,0.653,0.751,0.453,0.524,0.532,0.461,0.74,0.0,0.749,0.622,0.474,0.626,0.728,0.466,0.748,0.46,0.67,0.739,0.456,0.459,0.443,0.681,0.681,0.45,0.524
0.528,0.639,0.404,0.464,0.712,0.657,0.617,0.49,0.518,0.471,0.717,0.458,0.766,0.467,0.455,0.619,0.651,0.767,1.0,0.611,0.747,0.774,0.763,0.661,0.649,0.649,0.733,0.472,0.509,0.534,0.465,0.732,0.0,0.72,0.622,0.487,0.615,0.717,0.47,0.749,0.474,0.643,0.729,0.475,0.474,0.449,0.651,0.651,0.461,0.514
0.507,0.57,0.401,0.463,0.58,0.58,0.984,0.478,0.524,0.459,0.569,0.451,0.593,0.458,0.449,0.959,0.578,0.626,0.611,1.0,0.619,0.604,0.615,0.579,0.579,0.588,0.581,0.464,0.497,0.526,0.455,0.587,0.0,0.588,0.541,0.488,0.989,0.575,0.447,0.58,0.457,0.562,0.589,0.468,0.469,0.434,0.568,0.568,0.456,0.5
0.525,0.639,0.421,0.435,0.711,0.638,0.618,0.453,0.505,0.432,0.694,0.44,0.746,0.437,0.424,0.607,0.645,0.763,0.747,0.619,1.0,0.779,0.79,0.632,0.623,0.638,0.734,0.444,0.507,0.522,0.437,0.744,0.0,0.755,0.59,0.458,0.615,0.73,0.456,0.737,0.443,0.642,0.733,0.445,0.447,0.452,0.662,0.662,0.438,0.511
0.533,0.646,0.417,0.453,0.722,0.669,0.608,0.473,0.519,0.455,0.714,0.452,0.804,0.457,0.443,0.605,0.682,0.782,0.774,0.604,0.779,1.0,0.938,0.651,0.655,0.643,0.767,0.46,0.518,0.538,0.46,0.78,0.0,0.883,0.618,0.464,0.606,0.758,0.465,0.766,0.461,0.654,0.779,0.463,0.466,0.452,0.679,0.679,0.464,0.525
0.541,0.655,0.418,0.457,0.718,0.67,0.62,0.473,0.519,0.453,0.709,0.451,0.802,0.458,0.445,0.613,0.671,0.783,0.763,0.615,0.79,0.938,1.0,0.652,0.658,0.641,0.763,0.459,0.527,0.533,0.461,0.777,0.0,0.871,0.617,0.47,0.619,0.755,0.474,0.757,0.46,0.662,0.762,0.463,0.466,0.45,0.676,0.677,0.46,0.524
0.522,0.79,0.41,0.47,0.673,0.787,0.582,0.5,0.519,0.478,0.678,0.46,0.681,0.46,0.449,0.589,0.749,0.664,0.661,0.579,0.632,0.651,0.652,1.0,0.817,0.753,0.659,0.483,0.511,0.541,0.459,0.671,0.0,0.64,0.792,0.477,0.582,0.654,0.45,0.666,0.47,0.723,0.653,0.482,0.486,0.447,0.716,0.716,0.462,0.506
0.529,0.829,0.418,0.465,0.681,0.832,0.58,0.495,0.519,0.466,0.642,0.468,0.654,0.466,0.451,0.574,0.757,0.662,0.649,0.579,0.623,0.655,0.658,0.817,1.0,0.775,0.653,0.477,0.524,0.531,0.466,0.686,0.0,0.638,0.778,0.462,0.581,0.662,0.47,0.636,0.469,0.718,0.667,0.5,0.491,0.453,0.721,0.722,0.494,0.501
0.532,0.745,0.413,0.466,0.678,0.73,0.591,0.495,0.521,0.476,0.645,0.471,0.654,0.467,0.46,0.587,0.756,0.653,0.649,0.588,0.638,0.643,0.641,0.753,0.775,1.0,0.651,0.479,0.52,0.533,0.467,0.667,0.0,0.632,0.702,0.473,0.59,0.656,0.448,0.673,0.472,0.706,0.648,0.504,0.493,0.451,0.717,0.717,0.494,0.51
0.527,0.639,0.404,0.457,0.737,0.641,0.585,0.482,0.523,0.461,0.723,0.445,0.803,0.465,0.453,0.578,0.648,0.751,0.733,0.581,0.734,0.767,0.763,0.659,0.653,0.651,1.0,0.468,0.515,0.538,0.46,0.761,0.0,0.74,0.618,0.457,0.583,0.821,0.445,0.78,0.467,0.655,0.844,0.476,0.468,0.445,0.651,0.652,0.458,0.507
0.493,0.478,0.394,0.798,0.493,0.471,0.467,0.893,0.477,0.768,0.487,0.733,0.484,0.78,0.758,0.47,0.474,0.453,0.472,0.464,0.444,0.46,0.459,0.483,0.477,0.479,0.468,1.0,0.529,0.483,0.724,0.485,0.0,0.449,0.445,0.656,0.464,0.49,0.673,0.485,0.758,0.462,0.473,0.952,0.932,0.479,0.462,0.463,0.703,0.523
0.577,0.539,0.452,0.527,0.543,0.536,0.501,0.55,0.547,0.525,0.502,0.535,0.526,0.534,0.521,0.495,0.54,0.524,0.509,0.497,0.507,0.518,0.527,0.511,0.524,0.52,0.515,0.529,1.0,0.553,0.525,0.54,0.0,0.516,0.474,0.523,0.498,0.536,0.534,0.519,0.525,0.525,0.521,0.533,0.536,0.599,0.513,0.513,0.526,0.853
0.626,0.539,0.46,0.485,0.543,0.524,0.528,0.497,0.658,0.488,0.526,0.482,0.551,0.47,0.47,0.53,0.539,0.532,0.534,0.526,0.522,0.538,0.533,0.541,0.531,0.533,0.538,0.483,0.553,1.0,0.475,0.545,0.0,0.522,0.492,0.487,0.527,0.531,0.478,0.545,0.488,0.528,0.54,0.486,0.487,0.528,0.529,0.529,0.487,0.564
0.477,0.463,0.389,0.745,0.489,0.457,0.456,0.732,0.477,0.746,0.462,0.713,0.472,0.741,0.745,0.452,0.464,0.461,0.465,0.455,0.437,0.46,0.461,0.459,0.466,0.467,0.46,0.724,0.525,0.475,1.0,0.48,0.0,0.455,0.419,0.651,0.455,0.467,0.684,0.473,0.899,0.453,0.461,0.728,0.73,0.472,0.457,0.457,0.709,0.521
0.546,0.671,0.423,0.478,0.751,0.67,0.592,0.5,0.533,0.47,0.708,0.475,0.766,0.48,0.466,0.581,0.708,0.74,0.732,0.587,0.744,0.78,0.777,0.671,0.686,0.667,0.761,0.485,0.54,0.545,0.48,1.0,0.0,0.757,0.615,0.467,0.588,0.779,0.476,0.76,0.478,0.666,0.776,0.492,0.497,0.457,0.68,0.681,0.48,0.517
0.0,0.0,0.0,0.0,0.0,0.0,0.0,0.0,0.0,0.0,0.0,0.0,0.0,0.0,0.0,0.0,0.0,0.0,0.0,0.0,0.0,0.0,0.0,0.0,0.0,0.0,0.0,0.0,0.0,0.0,0.0,0.0,1.0,0.0,0.0,0.0,0.0,0.0,0.0,0.0,0.0,0.0,0.0,0.0,0.0,0.0,0.0,0.0,0.0,0.0
0.526,0.641,0.412,0.445,0.717,0.658,0.591,0.452,0.508,0.443,0.698,0.449,0.78,0.448,0.435,0.584,0.665,0.749,0.72,0.588,0.755,0.883,0.871,0.64,0.638,0.632,0.74,0.449,0.516,0.522,0.455,0.757,0.0,1.0,0.603,0.47,0.591,0.747,0.473,0.748,0.452,0.649,0.764,0.451,0.454,0.44,0.674,0.675,0.449,0.509
0.486,0.738,0.375,0.44,0.628,0.765,0.549,0.45,0.486,0.436,0.672,0.42,0.633,0.431,0.417,0.55,0.687,0.622,0.622,0.541,0.59,0.618,0.617,0.792,0.778,0.702,0.618,0.445,0.474,0.492,0.419,0.615,0.0,0.603,1.0,0.445,0.547,0.602,0.424,0.633,0.421,0.673,0.616,0.442,0.443,0.41,0.672,0.673,0.431,0.469
0.483,0.455,0.395,0.676,0.479,0.471,0.491,0.655,0.487,0.673,0.483,0.649,0.472,0.671,0.655,0.49,0.474,0.474,0.487,0.488,0.458,0.464,0.47,0.477,0.462,0.473,0.457,0.656,0.523,0.487,0.651,0.467,0.0,0.47,0.445,1.0,0.49,0.453,0.659,0.483,0.665,0.461,0.464,0.655,0.659,0.463,0.458,0.458,0.643,0.512
0.508,0.572,0.403,0.464,0.581,0.583,0.99,0.478,0.524,0.46,0.57,0.453,0.595,0.458,0.449,0.963,0.581,0.626,0.615,0.989,0.615,0.606,0.619,0.582,0.581,0.59,0.583,0.464,0.498,0.527,0.455,0.588,0.0,0.591,0.547,0.49,1.0,0.576,0.449,0.581,0.457,0.564,0.589,0.469,0.47,0.434,0.57,0.57,0.456,0.5
0.546,0.669,0.415,0.458,0.756,0.663,0.577,0.508,0.516,0.464,0.712,0.467,0.773,0.465,0.457,0.578,0.663,0.728,0.717,0.575,0.73,0.758,0.755,0.654,0.662,0.656,0.821,0.49,0.536,0.531,0.467,0.779,0.0,0.747,0.602,0.453,0.576,1.0,0.463,0.762,0.475,0.667,0.867,0.496,0.484,0.459,0.68,0.681,0.478,0.508
0.48,0.469,0.394,0.682,0.477,0.485,0.451,0.687,0.464,0.691,0.457,0.704,0.465,0.69,0.696,0.448,0.474,0.466,0.47,0.447,0.456,0.465,0.474,0.45,0.47,0.448,0.445,0.673,0.534,0.478,0.684,0.476,0.0,0.473,0.424,0.659,0.449,0.463,1.0,0.463,0.688,0.475,0.456,0.679,0.684,0.466,0.455,0.455,0.67,0.518
0.54,0.642,0.415,0.476,0.748,0.652,0.582,0.5,0.526,0.482,0.739,0.462,0.812,0.481,0.469,0.586,0.652,0.748,0.749,0.58,0.737,0.766,0.757,0.666,0.636,0.673,0.78,0.485,0.519,0.545,0.473,0.76,0.0,0.748,0.633,0.483,0.581,0.762,0.463,1.0,0.484,0.663,0.778,0.483,0.485,0.456,0.681,0.682,0.468,0.526
0.486,0.469,0.399,0.771,0.498,0.462,0.458,0.739,0.476,0.758,0.471,0.738,0.484,0.766,0.772,0.46,0.467,0.46,0.474,0.457,0.443,0.461,0.46,0.47,0.469,0.472,0.467,0.758,0.525,0.488,0.899,0.478,0.0,0.452,0.421,0.665,0.457,0.475,0.688,0.484,1.0,0.455,0.464,0.762,0.762,0.471,0.463,0.465,0.721,0.522
0.537,0.725,0.412,0.45,0.68,0.718,0.565,0.474,0.516,0.457,0.66,0.454,0.667,0.452,0.443,0.564,0.711,0.67,0.643,0.562,0.642,0.654,0.662,0.723,0.718,0.706,0.655,0.462,0.525,0.528,0.453,0.666,0.0,0.649,0.673,0.461,0.564,0.667,0.475,0.663,0.455,1.0,0.694,0.467,0.464,0.459,0.751,0.751,0.462,0.519
0.537,0.652,0.415,0.459,0.755,0.669,0.591,0.486,0.53,0.457,0.731,0.458,0.781,0.459,0.454,0.585,0.673,0.739,0.729,0.589,0.733,0.779,0.762,0.653,0.667,0.648,0.844,0.473,0.521,0.54,0.461,0.776,0.0,0.764,0.616,0.464,0.589,0.867,0.456,0.778,0.464,0.694,1.0,0.476,0.472,0.455,0.677,0.679,0.468,0.514
0.499,0.498,0.403,0.782,0.494,0.476,0.472,0.896,0.477,0.745,0.476,0.739,0.482,0.774,0.754,0.469,0.484,0.456,0.475,0.468,0.445,0.463,0.463,0.482,0.5,0.504,0.476,0.952,0.533,0.486,0.728,0.492,0.0,0.451,0.442,0.655,0.469,0.496,0.679,0.483,0.762,0.467,0.476,1.0,0.956,0.486,0.464,0.465,0.722,0.524
0.518,0.504,0.396,0.782,0.502,0.475,0.473,0.886,0.476,0.759,0.476,0.749,0.481,0.775,0.754,0.472,0.493,0.459,0.474,0.469,0.447,0.466,0.466,0.486,0.491,0.493,0.468,0.932,0.536,0.487,0.73,0.497,0.0,0.454,0.443,0.659,0.47,0.484,0.684,0.485,0.762,0.464,0.472,0.956,1.0,0.482,0.471,0.472,0.71,0.528
0.51,0.474,0.401,0.478,0.462,0.469,0.435,0.483,0.506,0.471,0.436,0.483,0.454,0.479,0.481,0.435,0.465,0.443,0.449,0.434,0.452,0.452,0.45,0.447,0.453,0.451,0.445,0.479,0.599,0.528,0.472,0.457,0.0,0.44,0.41,0.463,0.434,0.459,0.466,0.456,0.471,0.459,0.455,0.486,0.482,1.0,0.479,0.48,0.479,0.656
0.525,0.725,0.417,0.456,0.705,0.737,0.57,0.468,0.509,0.452,0.651,0.46,0.665,0.453,0.45,0.571,0.74,0.681,0.651,0.568,0.662,0.679,0.676,0.716,0.721,0.717,0.651,0.462,0.513,0.529,0.457,0.68,0.0,0.674,0.672,0.458,0.57,0.68,0.455,0.681,0.463,0.751,0.677,0.464,0.471,0.479,1.0,0.998,0.46,0.524
0.526,0.726,0.417,0.458,0.707,0.739,0.57,0.468,0.509,0.452,0.651,0.462,0.665,0.455,0.45,0.571,0.74,0.681,0.651,0.568,0.662,0.679,0.677,0.716,0.722,0.717,0.652,0.463,0.513,0.529,0.457,0.681,0.0,0.675,0.673,0.458,0.57,0.681,0.455,0.682,0.465,0.751,0.679,0.465,0.472,0.48,0.998,1.0,0.461,0.524
0.487,0.492,0.405,0.71,0.492,0.468,0.457,0.697,0.48,0.706,0.465,0.697,0.474,0.709,0.708,0.46,0.473,0.45,0.461,0.456,0.438,0.464,0.46,0.462,0.494,0.494,0.458,0.703,0.526,0.487,0.709,0.48,0.0,0.449,0.431,0.643,0.456,0.478,0.67,0.468,0.721,0.462,0.468,0.722,0.71,0.479,0.46,0.461,1.0,0.519
0.578,0.523,0.448,0.529,0.517,0.529,0.502,0.535,0.557,0.512,0.5,0.517,0.52,0.527,0.523,0.498,0.524,0.524,0.514,0.5,0.511,0.525,0.524,0.506,0.501,0.51,0.507,0.523,0.853,0.564,0.521,0.517,0.0,0.509,0.469,0.512,0.5,0.508,0.518,0.526,0.522,0.519,0.514,0.524,0.528,0.656,0.524,0.524,0.519,1.0
