GCF_000163235.1_ASM16323v1_genomic.fna,GCF_000164555.1_ASM16455v1_genomic.fna,GCF_000208545.1_ASM20854v2_genomic.fna,GCF_000233875.1_ASM23387v1_genomic.fna,GCF_000249735.1_ASM24973v2_genomic.fna,GCF_000261145.1_Esch_coli_M919_V2_genomic.fna,GCF_000267705.2_ASM26770v2_genomic.fna,GCF_000350665.1_Esch_coli_KTE5_V1_genomic.fna,GCF_000351625.1_Esch_coli_KTE66_V1_genomic.fna,GCF_000352285.1_Esch_coli_KTE46_V1_genomic.fna,GCF_000358895.1_ASM35889v1_genomic.fna,GCF_000456385.1_Esch_coli_HVH_26_4-5703913_V1_genomic.fna,GCF_000458195.1_Esch_coli_HVH_147_4-5893887_V1_genomic.fna,GCF_000459755.1_Esch_coli_KOEGE_58_171a_V1_genomic.fna,GCF_000460055.1_Esch_coli_UMEA_3053-1_V1_genomic.fna,GCF_000462165.2_ASM46216v2_genomic.fna,GCF_000601135.1_ASM60113v1_genomic.fna,GCF_000614595.1_Ec2010EL1058_genomic.fna,GCF_000617745.1_Ec2010C-4529_genomic.fna,GCF_000618265.2_EcF6751_genomic.fna,GCF_000619005.2_Ec2009C-4052_genomic.fna,GCF_000619105.1_Ec2009C-4780_genomic.fna,GCF_000619765.2_Ec2009C-3279_genomic.fna,GCF_000687005.1_ASM68700v1_genomic.fna,GCF_000687025.1_ASM68702v1_genomic.fna,GCF_000700125.1_ASM70012v1_genomic.fna,GCF_000753315.1_FHI35_genomic.fna,GCF_000776375.1_ASM77637v1_genomic.fna,GCF_000779395.1_ASM77939v1_genomic.fna,GCF_000780315.1_ASM78031v1_genomic.fna,GCF_000781995.1_ASM78199v1_genomic.fna,GCF_000986765.1_ASM98676v1_genomic.fna,GCF_001041375.1_ViralProj287958_genomic.fna,GCF_001265335.1_302014_genomic.fna,GCF_001265625.1_100854_genomic.fna,GCF_001267345.1_303289_genomic.fna,GCF_001309985.1_ASM130998v1_genomic.fna,GCF_001521695.1_ASM152169v1_genomic.fna,GCF_001592595.1_ASM159259v1_genomic.fna,GCF_001614975.1_ASM161497v1_genomic.fna,GCF_001692775.1_ASM169277v1_genomic.fna,GCF_001748915.1_ASM174891v1_genomic.fna,GCF_001749235.1_ASM174923v1_genomic.fna,GCF_001881155.1_ASM188115v1_genomic.fna,GCF_001881345.1_ASM188134v1_genomic.fna,GCF_001892405.1_ASM189240v1_genomic.fna,GCF_001892585.1_ASM189258v1_genomic.fna,GCF_001893985.1_ASM189398v1_genomic.fna,GCF_002001595.1_ASM200159v1_genomic.fna,GCF_002002145.1_ASM200214v1_genomic.fna
1.0,0.89,0.904,0.876,0.877,0.89,0.902,0.876,0.901,0.868,0.867,0.874,0.877,0.87,0.876,0.901,0.889,0.89,0.893,0.903,0.896,0.892,0.893,0.891,0.878,0.89,0.884,0.873,0.894,0.912,0.879,0.894,0.023,0.892,0.869,0.882,0.901,0.887,0.874,0.883,0.881,0.893,0.888,0.878,0.88,0.895,0.895,0.896,0.883,0.901
0.89,1.0,0.887,0.877,0.919,0.942,0.896,0.885,0.887,0.878,0.899,0.881,0.907,0.872,0.879,0.901,0.931,0.911,0.908,0.895,0.9,0.912,0.913,0.945,0.94,0.929,0.915,0.88,0.892,0.889,0.885,0.916,0.023,0.91,0.919,0.886,0.896,0.924,0.881,0.919,0.89,0.921,0.918,0.885,0.883,0.875,0.921,0.921,0.886,0.893
0.904,0.887,1.0,0.872,0.874,0.888,0.89,0.886,0.888,0.862,0.861,0.873,0.871,0.872,0.873,0.893,0.894,0.893,0.894,0.889,0.889,0.889,0.888,0.889,0.883,0.886,0.885,0.876,0.89,0.894,0.878,0.888,0.024,0.89,0.873,0.877,0.889,0.889,0.873,0.881,0.883,0.891,0.893,0.882,0.878,0.882,0.897,0.898,0.886,0.897
0.876,0.877,0.872,1.0,0.875,0.882,0.861,0.923,0.875,0.932,0.876,0.937,0.877,0.941,0.937,0.867,0.87,0.871,0.874,0.861,0.866,0.873,0.874,0.883,0.88,0.867,0.882,0.935,0.885,0.867,0.935,0.873,0.025,0.877,0.877,0.913,0.861,0.879,0.914,0.882,0.942,0.869,0.881,0.927,0.927,0.877,0.87,0.869,0.921,0.885
0.877,0.919,0.874,0.875,1.0,0.917,0.896,0.875,0.877,0.871,0.933,0.88,0.921,0.865,0.868,0.898,0.908,0.914,0.92,0.896,0.91,0.918,0.921,0.921,0.913,0.912,0.925,0.879,0.884,0.875,0.875,0.928,0.023,0.917,0.911,0.883,0.896,0.932,0.872,0.934,0.881,0.905,0.93,0.873,0.871,0.861,0.912,0.911,0.874,0.875
0.89,0.942,0.888,0.882,0.917,1.0,0.901,0.889,0.893,0.868,0.898,0.884,0.905,0.87,0.878,0.908,0.923,0.917,0.914,0.901,0.905,0.916,0.92,0.943,0.941,0.925,0.909,0.883,0.894,0.891,0.883,0.927,0.024,0.915,0.926,0.891,0.9,0.92,0.884,0.912,0.887,0.927,0.911,0.887,0.884,0.878,0.924,0.924,0.888,0.898
0.902,0.896,0.89,0.861,0.896,0.901,1.0,0.881,0.887,0.857,0.876,0.864,0.885,0.856,0.869,0.985,0.898,0.907,0.912,0.997,0.919,0.911,0.914,0.897,0.893,0.895,0.894,0.869,0.879,0.888,0.869,0.909,0.024,0.905,0.882,0.875,0.997,0.897,0.874,0.895,0.868,0.902,0.9,0.874,0.875,0.878,0.897,0.897,0.873,0.883
0.876,0.885,0.886,0.923,0.875,0.889,0.881,1.0,0.883,0.915,0.862,0.936,0.865,0.92,0.931,0.882,0.887,0.878,0.879,0.881,0.874,0.874,0.876,0.893,0.88,0.883,0.875,0.966,0.887,0.88,0.93,0.878,0.024,0.88,0.865,0.902,0.881,0.876,0.913,0.875,0.929,0.877,0.876,0.964,0.96,0.877,0.882,0.882,0.917,0.892
0.901,0.887,0.888,0.875,0.877,0.893,0.887,0.883,1.0,0.864,0.864,0.879,0.866,0.873,0.882,0.892,0.891,0.882,0.884,0.887,0.871,0.886,0.884,0.885,0.882,0.888,0.884,0.877,0.898,0.912,0.879,0.888,0.023,0.895,0.87,0.884,0.888,0.888,0.891,0.88,0.881,0.886,0.894,0.88,0.88,0.88,0.881,0.881,0.885,0.9
0.868,0.878,0.862,0.932,0.871,0.868,0.857,0.915,0.864,1.0,0.877,0.919,0.879,0.921,0.921,0.86,0.866,0.868,0.866,0.857,0.857,0.869,0.869,0.877,0.874,0.864,0.875,0.92,0.876,0.866,0.928,0.865,0.025,0.865,0.883,0.901,0.857,0.878,0.917,0.885,0.933,0.854,0.872,0.914,0.918,0.864,0.868,0.867,0.917,0.873
0.867,0.899,0.861,0.876,0.933,0.898,0.876,0.862,0.864,0.877,1.0,0.866,0.942,0.864,0.853,0.88,0.896,0.897,0.911,0.874,0.893,0.908,0.91,0.906,0.898,0.897,0.916,0.865,0.868,0.861,0.858,0.908,0.022,0.908,0.919,0.867,0.874,0.915,0.861,0.925,0.864,0.898,0.918,0.86,0.858,0.851,0.895,0.894,0.865,0.866
0.874,0.881,0.873,0.937,0.88,0.884,0.864,0.936,0.879,0.919,0.866,1.0,0.867,0.931,0.948,0.871,0.878,0.873,0.87,0.864,0.865,0.872,0.87,0.887,0.883,0.871,0.881,0.945,0.895,0.873,0.918,0.869,0.024,0.874,0.872,0.912,0.865,0.877,0.914,0.879,0.928,0.863,0.879,0.937,0.932,0.869,0.879,0.878,0.918,0.887
0.877,0.907,0.871,0.877,0.921,0.905,0.885,0.865,0.866,0.879,0.942,0.867,1.0,0.871,0.861,0.887,0.896,0.915,0.923,0.883,0.917,0.932,0.934,0.912,0.904,0.901,0.925,0.868,0.874,0.865,0.863,0.922,0.024,0.928,0.912,0.869,0.883,0.93,0.864,0.94,0.868,0.896,0.927,0.863,0.861,0.861,0.904,0.904,0.871,0.875
0.87,0.872,0.872,0.941,0.865,0.87,0.856,0.92,0.873,0.921,0.864,0.931,0.871,1.0,0.937,0.862,0.868,0.867,0.87,0.856,0.858,0.872,0.872,0.876,0.871,0.868,0.877,0.932,0.888,0.865,0.926,0.86,0.024,0.868,0.868,0.907,0.856,0.873,0.914,0.877,0.935,0.858,0.876,0.921,0.921,0.871,0.867,0.866,0.912,0.882
0.876,0.879,0.873,0.937,0.868,0.878,0.869,0.931,0.882,0.921,0.853,0.948,0.861,0.937,1.0,0.87,0.88,0.867,0.868,0.869,0.861,0.871,0.873,0.879,0.88,0.868,0.88,0.937,0.894,0.87,0.928,0.87,0.024,0.867,0.864,0.913,0.869,0.873,0.917,0.873,0.937,0.86,0.876,0.927,0.925,0.873,0.875,0.875,0.924,0.891
0.901,0.901,0.893,0.867,0.898,0.908,0.985,0.882,0.892,0.86,0.88,0.871,0.887,0.862,0.87,1.0,0.901,0.911,0.915,0.982,0.912,0.913,0.913,0.9,0.895,0.901,0.895,0.871,0.886,0.891,0.873,0.91,0.024,0.907,0.887,0.882,0.983,0.9,0.877,0.901,0.872,0.908,0.903,0.876,0.878,0.875,0.903,0.903,0.876,0.889
0.889,0.931,0.894,0.87,0.908,0.923,0.898,0.887,0.891,0.866,0.896,0.878,0.896,0.868,0.88,0.901,1.0,0.898,0.905,0.898,0.901,0.911,0.915,0.923,0.922,0.932,0.906,0.882,0.886,0.892,0.879,0.921,0.022,0.91,0.906,0.88,0.898,0.899,0.878,0.906,0.88,0.924,0.908,0.888,0.888,0.881,0.925,0.925,0.881,0.896
0.89,0.911,0.893,0.871,0.914,0.917,0.907,0.878,0.882,0.868,0.897,0.873,0.915,0.867,0.867,0.911,0.898,1.0,0.941,0.907,0.926,0.936,0.94,0.904,0.9,0.908,0.918,0.873,0.88,0.883,0.873,0.929,0.025,0.935,0.893,0.888,0.908,0.918,0.878,0.917,0.876,0.905,0.919,0.879,0.878,0.879,0.917,0.916,0.88,0.888
0.893,0.908,0.894,0.874,0.92,0.914,0.912,0.879,0.884,0.866,0.911,0.87,0.923,0.87,0.868,0.915,0.905,0.941,1.0,0.911,0.935,0.943,0.947,0.906,0.906,0.904,0.924,0.879,0.882,0.878,0.88,0.934,0.022,0.938,0.894,0.889,0.911,0.921,0.88,0.928,0.878,0.904,0.927,0.882,0.881,0.872,0.914,0.913,0.884,0.885
0.903,0.895,0.889,0.861,0.896,0.901,0.997,0.881,0.887,0.857,0.874,0.864,0.883,0.856,0.869,0.982,0.898,0.907,0.911,1.0,0.92,0.91,0.913,0.895,0.893,0.895,0.893,0.869,0.879,0.89,0.869,0.909,0.024,0.904,0.88,0.875,0.997,0.896,0.874,0.894,0.868,0.9,0.899,0.874,0.875,0.881,0.896,0.896,0.873,0.883
0.896,0.9,0.889,0.866,0.91,0.905,0.919,0.874,0.871,0.857,0.893,0.865,0.917,0.858,0.861,0.912,0.901,0.926,0.935,0.92,1.0,0.938,0.942,0.899,0.894,0.899,0.913,0.871,0.868,0.885,0.871,0.924,0.023,0.933,0.886,0.875,0.919,0.914,0.873,0.919,0.871,0.912,0.918,0.873,0.876,0.882,0.913,0.913,0.874,0.879
0.892,0.912,0.889,0.873,0.918,0.916,0.911,0.874,0.886,0.869,0.908,0.872,0.932,0.872,0.871,0.913,0.911,0.936,0.943,0.91,0.938,1.0,0.977,0.909,0.905,0.91,0.928,0.873,0.883,0.88,0.882,0.937,0.024,0.961,0.902,0.889,0.912,0.927,0.879,0.93,0.88,0.909,0.93,0.876,0.875,0.877,0.918,0.917,0.881,0.896
0.893,0.913,0.888,0.874,0.921,0.92,0.914,0.876,0.884,0.869,0.91,0.87,0.934,0.872,0.873,0.913,0.915,0.94,0.947,0.913,0.942,0.977,1.0,0.91,0.905,0.911,0.932,0.876,0.886,0.881,0.88,0.94,0.025,0.959,0.898,0.887,0.914,0.928,0.878,0.929,0.882,0.909,0.931,0.881,0.879,0.875,0.916,0.915,0.882,0.893
0.891,0.945,0.889,0.883,0.921,0.943,0.897,0.893,0.885,0.877,0.906,0.887,0.912,0.876,0.879,0.9,0.923,0.904,0.906,0.895,0.899,0.909,0.91,1.0,0.94,0.919,0.915,0.888,0.892,0.884,0.88,0.914,0.023,0.905,0.931,0.883,0.895,0.928,0.881,0.918,0.886,0.92,0.918,0.883,0.884,0.871,0.922,0.922,0.888,0.891
0.878,0.94,0.883,0.88,0.913,0.941,0.893,0.88,0.882,0.874,0.898,0.883,0.904,0.871,0.88,0.895,0.922,0.9,0.906,0.893,0.894,0.905,0.905,0.94,1.0,0.922,0.911,0.877,0.887,0.871,0.877,0.913,0.023,0.898,0.923,0.879,0.893,0.917,0.881,0.907,0.885,0.915,0.911,0.877,0.878,0.868,0.918,0.918,0.884,0.885
0.89,0.929,0.886,0.867,0.912,0.925,0.895,0.883,0.888,0.864,0.897,0.871,0.901,0.868,0.868,0.901,0.932,0.908,0.904,0.895,0.899,0.91,0.911,0.919,0.922,1.0,0.909,0.871,0.891,0.891,0.876,0.917,0.023,0.909,0.902,0.878,0.897,0.912,0.88,0.908,0.878,0.921,0.912,0.882,0.881,0.875,0.926,0.926,0.882,0.892
0.884,0.915,0.885,0.882,0.925,0.909,0.894,0.875,0.884,0.875,0.916,0.881,0.925,0.877,0.88,0.895,0.906,0.918,0.924,0.893,0.913,0.928,0.932,0.915,0.911,0.909,1.0,0.885,0.89,0.875,0.879,0.934,0.024,0.928,0.897,0.885,0.894,0.947,0.879,0.939,0.884,0.908,0.955,0.879,0.875,0.885,0.911,0.91,0.892,0.888
0.873,0.88,0.876,0.935,0.879,0.883,0.869,0.966,0.877,0.92,0.865,0.945,0.868,0.932,0.937,0.871,0.882,0.873,0.879,0.869,0.871,0.873,0.876,0.888,0.877,0.871,0.885,1.0,0.893,0.875,0.924,0.874,0.024,0.878,0.868,0.914,0.869,0.879,0.913,0.878,0.932,0.869,0.882,0.983,0.979,0.87,0.88,0.879,0.92,0.886
0.894,0.892,0.89,0.885,0.884,0.894,0.879,0.887,0.898,0.876,0.868,0.895,0.874,0.888,0.894,0.886,0.886,0.88,0.882,0.879,0.868,0.883,0.886,0.892,0.887,0.891,0.89,0.893,1.0,0.884,0.886,0.884,0.022,0.884,0.876,0.886,0.88,0.891,0.882,0.883,0.887,0.878,0.901,0.887,0.887,0.884,0.881,0.881,0.89,0.947
0.912,0.889,0.894,0.867,0.875,0.891,0.888,0.88,0.912,0.866,0.861,0.873,0.865,0.865,0.87,0.891,0.892,0.883,0.878,0.89,0.885,0.88,0.881,0.884,0.871,0.891,0.875,0.875,0.884,1.0,0.872,0.884,0.024,0.884,0.866,0.875,0.889,0.885,0.876,0.88,0.883,0.9,0.882,0.882,0.881,0.898,0.892,0.893,0.879,0.894
0.879,0.885,0.878,0.935,0.875,0.883,0.869,0.93,0.879,0.928,0.858,0.918,0.863,0.926,0.928,0.873,0.879,0.873,0.88,0.869,0.871,0.882,0.88,0.88,0.877,0.876,0.879,0.924,0.886,0.872,1.0,0.877,0.024,0.883,0.865,0.913,0.869,0.875,0.92,0.875,0.967,0.877,0.875,0.924,0.925,0.879,0.873,0.872,0.922,0.889
0.894,0.916,0.888,0.873,0.928,0.927,0.909,0.878,0.888,0.865,0.908,0.869,0.922,0.86,0.87,0.91,0.921,0.929,0.934,0.909,0.924,0.937,0.94,0.914,0.913,0.917,0.934,0.874,0.884,0.884,0.877,1.0,0.023,0.934,0.897,0.886,0.909,0.937,0.879,0.927,0.876,0.916,0.933,0.876,0.881,0.881,0.924,0.923,0.879,0.884
0.023,0.023,0.024,0.025,0.023,0.024,0.024,0.024,0.023,0.025,0.022,0.024,0.024,0.024,0.024,0.024,0.022,0.025,0.022,0.024,0.023,0.024,0.025,0.023,0.023,0.023,0.024,0.024,0.022,0.024,0.024,0.023,1.0,0.025,0.023,0.023,0.024,0.024,0.024,0.024,0.024,0.022,0.023,0.024,0.024,0.023,0.024,0.024,0.022,0.024
0.892,0.91,0.89,0.877,0.917,0.915,0.905,0.88,0.895,0.865,0.908,0.874,0.928,0.868,0.867,0.907,0.91,0.935,0.938,0.904,0.933,0.961,0.959,0.905,0.898,0.909,0.928,0.878,0.884,0.884,0.883,0.934,0.025,1.0,0.893,0.888,0.905,0.927,0.877,0.922,0.881,0.909,0.93,0.882,0.877,0.879,0.913,0.912,0.88,0.893
0.869,0.919,0.873,0.877,0.911,0.926,0.882,0.865,0.87,0.883,0.919,0.872,0.912,0.868,0.864,0.887,0.906,0.893,0.894,0.88,0.886,0.902,0.898,0.931,0.923,0.902,0.897,0.868,0.876,0.866,0.865,0.897,0.023,0.893,1.0,0.876,0.881,0.908,0.866,0.906,0.869,0.903,0.902,0.862,0.863,0.85,0.904,0.904,0.865,0.873
0.882,0.886,0.877,0.913,0.883,0.891,0.875,0.902,0.884,0.901,0.867,0.912,0.869,0.907,0.913,0.882,0.88,0.888,0.889,0.875,0.875,0.889,0.887,0.883,0.879,0.878,0.885,0.914,0.886,0.875,0.913,0.886,0.023,0.888,0.876,1.0,0.876,0.879,0.917,0.88,0.914,0.878,0.884,0.909,0.909,0.871,0.88,0.879,0.905,0.882
0.901,0.896,0.889,0.861,0.896,0.9,0.997,0.881,0.888,0.857,0.874,0.865,0.883,0.856,0.869,0.983,0.898,0.908,0.911,0.997,0.919,0.912,0.914,0.895,0.893,0.897,0.894,0.869,0.88,0.889,0.869,0.909,0.024,0.905,0.881,0.876,1.0,0.896,0.874,0.895,0.868,0.901,0.9,0.874,0.875,0.878,0.897,0.897,0.873,0.885
0.887,0.924,0.889,0.879,0.932,0.92,0.897,0.876,0.888,0.878,0.915,0.877,0.93,0.873,0.873,0.9,0.899,0.918,0.921,0.896,0.914,0.927,0.928,0.928,0.917,0.912,0.947,0.879,0.891,0.885,0.875,0.937,0.024,0.927,0.908,0.879,0.896,1.0,0.885,0.939,0.88,0.913,0.953,0.876,0.876,0.875,0.915,0.914,0.886,0.884
0.874,0.881,0.873,0.914,0.872,0.884,0.874,0.913,0.891,0.917,0.861,0.914,0.864,0.914,0.917,0.877,0.878,0.878,0.88,0.874,0.873,0.879,0.878,0.881,0.881,0.88,0.879,0.913,0.882,0.876,0.92,0.879,0.024,0.877,0.866,0.917,0.874,0.885,1.0,0.877,0.92,0.878,0.884,0.913,0.916,0.876,0.874,0.873,0.925,0.88
0.883,0.919,0.881,0.882,0.934,0.912,0.895,0.875,0.88,0.885,0.925,0.879,0.94,0.877,0.873,0.901,0.906,0.917,0.928,0.894,0.919,0.93,0.929,0.918,0.907,0.908,0.939,0.878,0.883,0.88,0.875,0.927,0.024,0.922,0.906,0.88,0.895,0.939,0.877,1.0,0.878,0.908,0.94,0.87,0.871,0.868,0.918,0.917,0.88,0.883
0.881,0.89,0.883,0.942,0.881,0.887,0.868,0.929,0.881,0.933,0.864,0.928,0.868,0.935,0.937,0.872,0.88,0.876,0.878,0.868,0.871,0.88,0.882,0.886,0.885,0.878,0.884,0.932,0.887,0.883,0.967,0.876,0.024,0.881,0.869,0.914,0.868,0.88,0.92,0.878,1.0,0.874,0.881,0.93,0.926,0.883,0.872,0.872,0.93,0.887
0.893,0.921,0.891,0.869,0.905,0.927,0.902,0.877,0.886,0.854,0.898,0.863,0.896,0.858,0.86,0.908,0.924,0.905,0.904,0.9,0.912,0.909,0.909,0.92,0.915,0.921,0.908,0.869,0.878,0.9,0.877,0.916,0.022,0.909,0.903,0.878,0.901,0.913,0.878,0.908,0.874,1.0,0.915,0.875,0.876,0.88,0.927,0.928,0.875,0.888
0.888,0.918,0.893,0.881,0.93,0.911,0.9,0.876,0.894,0.872,0.918,0.879,0.927,0.876,0.876,0.903,0.908,0.919,0.927,0.899,0.918,0.93,0.931,0.918,0.911,0.912,0.955,0.882,0.901,0.882,0.875,0.933,0.023,0.93,0.902,0.884,0.9,0.953,0.884,0.94,0.881,0.915,1.0,0.875,0.874,0.874,0.909,0.909,0.889,0.889
0.878,0.885,0.882,0.927,0.873,0.887,0.874,0.964,0.88,0.914,0.86,0.937,0.863,0.921,0.927,0.876,0.888,0.879,0.882,0.874,0.873,0.876,0.881,0.883,0.877,0.882,0.879,0.983,0.887,0.882,0.924,0.876,0.024,0.882,0.862,0.909,0.874,0.876,0.913,0.87,0.93,0.875,0.875,1.0,0.987,0.878,0.886,0.885,0.924,0.891
0.88,0.883,0.878,0.927,0.871,0.884,0.875,0.96,0.88,0.918,0.858,0.932,0.861,0.921,0.925,0.878,0.888,0.878,0.881,0.875,0.876,0.875,0.879,0.884,0.878,0.881,0.875,0.979,0.887,0.881,0.925,0.881,0.024,0.877,0.863,0.909,0.875,0.876,0.916,0.871,0.926,0.876,0.874,0.987,1.0,0.877,0.89,0.889,0.92,0.887
0.895,0.875,0.882,0.877,0.861,0.878,0.878,0.877,0.88,0.864,0.851,0.869,0.861,0.871,0.873,0.875,0.881,0.879,0.872,0.881,0.882,0.877,0.875,0.871,0.868,0.875,0.885,0.87,0.884,0.898,0.879,0.881,0.023,0.879,0.85,0.871,0.878,0.875,0.876,0.868,0.883,0.88,0.874,0.878,0.877,1.0,0.885,0.885,0.883,0.913
0.895,0.921,0.897,0.87,0.912,0.924,0.897,0.882,0.881,0.868,0.895,0.879,0.904,0.867,0.875,0.903,0.925,0.917,0.914,0.896,0.913,0.918,0.916,0.922,0.918,0.926,0.911,0.88,0.881,0.892,0.873,0.924,0.024,0.913,0.904,0.88,0.897,0.915,0.874,0.918,0.872,0.927,0.909,0.886,0.89,0.885,1.0,0.999,0.876,0.896
0.896,0.921,0.898,0.869,0.911,0.924,0.897,0.882,0.881,0.867,0.894,0.878,0.904,0.866,0.875,0.903,0.925,0.916,0.913,0.896,0.913,0.917,0.915,0.922,0.918,0.926,0.91,0.879,0.881,0.893,0.872,0.923,0.024,0.912,0.904,0.879,0.897,0.914,0.873,0.917,0.872,0.928,0.909,0.885,0.889,0.885,0.999,1.0,0.876,0.896
0.883,0.886,0.886,0.921,0.874,0.888,0.873,0.917,0.885,0.917,0.865,0.918,0.871,0.912,0.924,0.876,0.881,0.88,0.884,0.873,0.874,0.881,0.882,0.888,0.884,0.882,0.892,0.92,0.89,0.879,0.922,0.879,0.022,0.88,0.865,0.905,0.873,0.886,0.925,0.88,0.93,0.875,0.889,0.924,0.92,0.883,0.876,0.876,1.0,0.89
0.901,0.893,0.897,0.885,0.875,0.898,0.883,0.892,0.9,0.873,0.866,0.887,0.875,0.882,0.891,0.889,0.896,0.888,0.885,0.883,0.879,0.896,0.893,0.891,0.885,0.892,0.888,0.886,0.947,0.894,0.889,0.884,0.024,0.893,0.873,0.882,0.885,0.884,0.88,0.883,0.887,0.888,0.889,0.891,0.887,0.913,0.896,0.896,0.89,1.0
