GCF_000163235.1_ASM16323v1_genomic.fna,GCF_000164555.1_ASM16455v1_genomic.fna,GCF_000208545.1_ASM20854v2_genomic.fna,GCF_000233875.1_ASM23387v1_genomic.fna,GCF_000249735.1_ASM24973v2_genomic.fna,GCF_000261145.1_Esch_coli_M919_V2_genomic.fna,GCF_000267705.2_ASM26770v2_genomic.fna,GCF_000350665.1_Esch_coli_KTE5_V1_genomic.fna,GCF_000351625.1_Esch_coli_KTE66_V1_genomic.fna,GCF_000352285.1_Esch_coli_KTE46_V1_genomic.fna,GCF_000358895.1_ASM35889v1_genomic.fna,GCF_000456385.1_Esch_coli_HVH_26_4-5703913_V1_genomic.fna,GCF_000458195.1_Esch_coli_HVH_147_4-5893887_V1_genomic.fna,GCF_000459755.1_Esch_coli_KOEGE_58_171a_V1_genomic.fna,GCF_000460055.1_Esch_coli_UMEA_3053-1_V1_genomic.fna,GCF_000462165.2_ASM46216v2_genomic.fna,GCF_000601135.1_ASM60113v1_genomic.fna,GCF_000614595.1_Ec2010EL1058_genomic.fna,GCF_000617745.1_Ec2010C-4529_genomic.fna,GCF_000618265.2_EcF6751_genomic.fna,GCF_000619005.2_Ec2009C-4052_genomic.fna,GCF_000619105.1_Ec2009C-4780_genomic.fna,GCF_000619765.2_Ec2009C-3279_genomic.fna,GCF_000687005.1_ASM68700v1_genomic.fna,GCF_000687025.1_ASM68702v1_genomic.fna,GCF_000700125.1_ASM70012v1_genomic.fna,GCF_000753315.1_FHI35_genomic.fna,GCF_000776375.1_ASM77637v1_genomic.fna,GCF_000779395.1_ASM77939v1_genomic.fna,GCF_000780315.1_ASM78031v1_genomic.fna,GCF_000781995.1_ASM78199v1_genomic.fna,GCF_000986765.1_ASM98676v1_genomic.fna,GCF_001041375.1_ViralProj287958_genomic.fna,GCF_001265335.1_302014_genomic.fna,GCF_001265625.1_100854_genomic.fna,GCF_001267345.1_303289_genomic.fna,GCF_001309985.1_ASM130998v1_genomic.fna,GCF_001521695.1_ASM152169v1_genomic.fna,GCF_001592595.1_ASM159259v1_genomic.fna,GCF_001614975.1_ASM161497v1_genomic.fna,GCF_001692775.1_ASM169277v1_genomic.fna,GCF_001748915.1_ASM174891v1_genomic.fna,GCF_001749235.1_ASM174923v1_genomic.fna,GCF_001881155.1_ASM188115v1_genomic.fna,GCF_001881345.1_ASM188134v1_genomic.fna,GCF_001892405.1_ASM189240v1_genomic.fna,GCF_001892585.1_ASM189258v1_genomic.fna,GCF_001893985.1_ASM189398v1_genomic.fna,GCF_002001595.1_ASM200159v1_genomic.fna,GCF_002002145.1_ASM200214v1_genomic.fna
1.0,0.911,0.888,0.889,0.911,0.897,0.899,0.894,0.913,0.893,0.902,0.889,0.92,0.881,0.881,0.9,0.914,0.901,0.898,0.899,0.886,0.901,0.899,0.91,0.911,0.916,0.909,0.894,0.912,0.908,0.888,0.89,0.025,0.898,0.902,0.876,0.898,0.91,0.882,0.9,0.894,0.898,0.896,0.893,0.893,0.881,0.888,0.889,0.885,0.905
0.911,1.0,0.89,0.889,0.911,0.943,0.911,0.888,0.918,0.878,0.898,0.893,0.922,0.879,0.89,0.912,0.929,0.923,0.929,0.912,0.915,0.922,0.923,0.935,0.95,0.931,0.922,0.878,0.915,0.907,0.898,0.926,0.028,0.92,0.919,0.89,0.913,0.93,0.903,0.928,0.893,0.937,0.927,0.887,0.89,0.887,0.926,0.927,0.888,0.91
0.888,0.89,1.0,0.871,0.876,0.895,0.889,0.862,0.889,0.857,0.867,0.874,0.877,0.858,0.872,0.886,0.882,0.892,0.9,0.889,0.884,0.894,0.893,0.877,0.891,0.88,0.892,0.859,0.882,0.889,0.881,0.889,0.027,0.894,0.865,0.889,0.889,0.889,0.886,0.889,0.875,0.901,0.895,0.87,0.87,0.881,0.898,0.898,0.874,0.889
0.889,0.889,0.871,1.0,0.886,0.884,0.88,0.931,0.886,0.92,0.874,0.939,0.891,0.943,0.951,0.881,0.885,0.884,0.891,0.88,0.872,0.882,0.886,0.88,0.893,0.893,0.894,0.94,0.893,0.877,0.93,0.882,0.024,0.88,0.874,0.898,0.88,0.887,0.917,0.882,0.94,0.876,0.885,0.941,0.943,0.868,0.879,0.879,0.923,0.891
0.911,0.911,0.876,0.886,1.0,0.914,0.895,0.884,0.893,0.882,0.934,0.882,0.94,0.882,0.877,0.901,0.922,0.914,0.922,0.896,0.911,0.916,0.918,0.919,0.922,0.921,0.934,0.883,0.898,0.899,0.877,0.92,0.026,0.919,0.906,0.868,0.896,0.928,0.881,0.929,0.88,0.91,0.92,0.881,0.882,0.869,0.919,0.92,0.878,0.892
0.897,0.943,0.895,0.884,0.914,1.0,0.912,0.88,0.905,0.871,0.897,0.888,0.915,0.872,0.885,0.912,0.923,0.927,0.932,0.913,0.919,0.924,0.928,0.926,0.94,0.924,0.918,0.877,0.912,0.901,0.892,0.928,0.028,0.927,0.911,0.893,0.914,0.921,0.906,0.925,0.887,0.941,0.924,0.886,0.883,0.887,0.928,0.928,0.888,0.908
0.899,0.911,0.889,0.88,0.895,0.912,1.0,0.879,0.899,0.87,0.887,0.883,0.899,0.867,0.881,0.986,0.902,0.923,0.925,0.998,0.918,0.924,0.924,0.894,0.907,0.899,0.906,0.873,0.902,0.903,0.884,0.907,0.026,0.909,0.886,0.891,0.997,0.906,0.9,0.912,0.877,0.923,0.91,0.883,0.881,0.877,0.918,0.918,0.871,0.898
0.894,0.888,0.862,0.931,0.884,0.88,0.879,1.0,0.881,0.931,0.875,0.932,0.895,0.93,0.925,0.886,0.892,0.881,0.887,0.879,0.877,0.882,0.884,0.89,0.896,0.891,0.891,0.965,0.893,0.88,0.923,0.878,0.026,0.88,0.874,0.904,0.88,0.894,0.913,0.885,0.929,0.876,0.886,0.964,0.959,0.866,0.874,0.874,0.927,0.885
0.913,0.918,0.889,0.886,0.893,0.905,0.899,0.881,1.0,0.877,0.885,0.888,0.893,0.877,0.887,0.897,0.896,0.902,0.904,0.899,0.896,0.905,0.903,0.897,0.906,0.893,0.905,0.881,0.912,0.919,0.897,0.898,0.027,0.898,0.878,0.886,0.898,0.908,0.891,0.902,0.89,0.906,0.904,0.891,0.884,0.891,0.898,0.897,0.882,0.917
0.893,0.878,0.857,0.92,0.882,0.871,0.87,0.931,0.877,1.0,0.888,0.925,0.894,0.925,0.917,0.873,0.882,0.877,0.879,0.871,0.863,0.871,0.871,0.895,0.88,0.888,0.886,0.936,0.882,0.872,0.922,0.862,0.024,0.868,0.879,0.89,0.872,0.88,0.907,0.875,0.931,0.868,0.87,0.929,0.932,0.857,0.866,0.866,0.916,0.876
0.902,0.898,0.867,0.874,0.934,0.897,0.887,0.875,0.885,0.888,1.0,0.869,0.933,0.872,0.87,0.891,0.91,0.907,0.909,0.888,0.899,0.909,0.909,0.926,0.908,0.914,0.923,0.877,0.882,0.888,0.864,0.899,0.025,0.902,0.918,0.858,0.888,0.91,0.87,0.913,0.871,0.901,0.91,0.874,0.871,0.86,0.894,0.895,0.869,0.882
0.889,0.893,0.874,0.939,0.882,0.888,0.883,0.932,0.888,0.925,0.869,1.0,0.884,0.928,0.954,0.886,0.884,0.891,0.89,0.883,0.88,0.883,0.888,0.884,0.894,0.887,0.895,0.933,0.897,0.883,0.917,0.882,0.026,0.886,0.868,0.901,0.884,0.895,0.921,0.888,0.932,0.879,0.885,0.943,0.941,0.878,0.889,0.888,0.927,0.891
0.92,0.922,0.877,0.891,0.94,0.915,0.899,0.895,0.893,0.894,0.933,0.884,1.0,0.884,0.883,0.904,0.922,0.925,0.929,0.9,0.918,0.938,0.933,0.929,0.927,0.931,0.947,0.892,0.904,0.898,0.882,0.928,0.027,0.926,0.916,0.874,0.899,0.942,0.883,0.94,0.887,0.918,0.931,0.888,0.885,0.874,0.907,0.908,0.884,0.9
0.881,0.879,0.858,0.943,0.882,0.872,0.867,0.93,0.877,0.925,0.872,0.928,0.884,1.0,0.938,0.87,0.882,0.877,0.876,0.869,0.865,0.869,0.874,0.881,0.882,0.893,0.882,0.943,0.88,0.868,0.921,0.871,0.023,0.873,0.87,0.889,0.868,0.885,0.902,0.872,0.931,0.871,0.88,0.939,0.935,0.86,0.871,0.87,0.921,0.879
0.881,0.89,0.872,0.951,0.877,0.885,0.881,0.925,0.887,0.917,0.87,0.954,0.883,0.938,1.0,0.883,0.887,0.892,0.889,0.88,0.881,0.886,0.892,0.878,0.896,0.894,0.889,0.931,0.896,0.88,0.929,0.883,0.026,0.885,0.872,0.895,0.881,0.891,0.918,0.887,0.942,0.884,0.886,0.94,0.939,0.872,0.889,0.889,0.927,0.897
0.9,0.912,0.886,0.881,0.901,0.912,0.986,0.886,0.897,0.873,0.891,0.886,0.904,0.87,0.883,1.0,0.907,0.923,0.928,0.987,0.912,0.922,0.92,0.9,0.911,0.9,0.909,0.881,0.904,0.905,0.884,0.903,0.026,0.907,0.89,0.889,0.986,0.908,0.897,0.914,0.88,0.915,0.907,0.889,0.889,0.873,0.913,0.913,0.874,0.9
0.914,0.929,0.882,0.885,0.922,0.923,0.902,0.892,0.896,0.882,0.91,0.884,0.922,0.882,0.887,0.907,1.0,0.911,0.91,0.903,0.903,0.912,0.916,0.933,0.942,0.935,0.915,0.884,0.903,0.89,0.88,0.911,0.028,0.907,0.92,0.88,0.903,0.911,0.888,0.908,0.884,0.922,0.909,0.888,0.886,0.871,0.913,0.914,0.876,0.895
0.901,0.923,0.892,0.884,0.914,0.927,0.923,0.881,0.902,0.877,0.907,0.891,0.925,0.877,0.892,0.923,0.911,1.0,0.949,0.923,0.931,0.94,0.943,0.915,0.927,0.914,0.933,0.879,0.906,0.904,0.893,0.925,0.026,0.929,0.9,0.89,0.923,0.928,0.893,0.933,0.886,0.929,0.929,0.887,0.882,0.88,0.919,0.919,0.885,0.903
0.898,0.929,0.9,0.891,0.922,0.932,0.925,0.887,0.904,0.879,0.909,0.89,0.929,0.876,0.889,0.928,0.91,0.949,1.0,0.925,0.94,0.951,0.949,0.915,0.923,0.916,0.935,0.883,0.899,0.905,0.892,0.933,0.028,0.935,0.907,0.897,0.926,0.932,0.901,0.937,0.885,0.931,0.937,0.891,0.888,0.878,0.924,0.924,0.884,0.9
0.899,0.912,0.889,0.88,0.896,0.913,0.998,0.879,0.899,0.871,0.888,0.883,0.9,0.869,0.88,0.987,0.903,0.923,0.925,1.0,0.919,0.922,0.923,0.895,0.908,0.899,0.907,0.875,0.903,0.903,0.884,0.908,0.026,0.91,0.887,0.893,0.998,0.907,0.901,0.913,0.878,0.923,0.911,0.884,0.882,0.877,0.919,0.919,0.872,0.898
0.886,0.915,0.884,0.872,0.911,0.919,0.918,0.877,0.896,0.863,0.899,0.88,0.918,0.865,0.881,0.912,0.903,0.931,0.94,0.919,1.0,0.937,0.944,0.9,0.914,0.904,0.924,0.872,0.895,0.894,0.876,0.944,0.027,0.937,0.892,0.891,0.92,0.926,0.895,0.935,0.874,0.929,0.927,0.878,0.874,0.885,0.923,0.925,0.877,0.894
0.901,0.922,0.894,0.882,0.916,0.924,0.924,0.882,0.905,0.871,0.909,0.883,0.938,0.869,0.886,0.922,0.912,0.94,0.951,0.922,0.937,1.0,0.975,0.909,0.923,0.914,0.938,0.875,0.902,0.906,0.886,0.931,0.027,0.951,0.896,0.893,0.922,0.936,0.894,0.945,0.882,0.928,0.942,0.884,0.878,0.885,0.926,0.926,0.876,0.904
0.899,0.923,0.893,0.886,0.918,0.928,0.924,0.884,0.903,0.871,0.909,0.888,0.933,0.874,0.892,0.92,0.916,0.943,0.949,0.923,0.944,0.975,1.0,0.91,0.923,0.912,0.938,0.88,0.905,0.904,0.89,0.937,0.026,0.955,0.901,0.895,0.924,0.936,0.903,0.938,0.885,0.931,0.943,0.89,0.885,0.887,0.93,0.93,0.878,0.903
0.91,0.935,0.877,0.88,0.919,0.926,0.894,0.89,0.897,0.895,0.926,0.884,0.929,0.881,0.878,0.9,0.933,0.915,0.915,0.895,0.9,0.909,0.91,1.0,0.943,0.934,0.915,0.884,0.9,0.893,0.876,0.905,0.027,0.905,0.948,0.876,0.894,0.912,0.879,0.911,0.881,0.918,0.907,0.883,0.881,0.863,0.913,0.913,0.882,0.897
0.911,0.95,0.891,0.893,0.922,0.94,0.907,0.896,0.906,0.88,0.908,0.894,0.927,0.882,0.896,0.911,0.942,0.927,0.923,0.908,0.914,0.923,0.923,0.943,1.0,0.945,0.925,0.887,0.909,0.903,0.893,0.921,0.026,0.913,0.929,0.885,0.909,0.931,0.901,0.922,0.901,0.934,0.925,0.897,0.896,0.877,0.924,0.923,0.896,0.906
0.916,0.931,0.88,0.893,0.921,0.924,0.899,0.891,0.893,0.888,0.914,0.887,0.931,0.893,0.894,0.9,0.935,0.914,0.916,0.899,0.904,0.914,0.912,0.934,0.945,1.0,0.917,0.894,0.897,0.894,0.883,0.908,0.027,0.905,0.927,0.882,0.899,0.916,0.892,0.913,0.892,0.923,0.91,0.888,0.888,0.865,0.915,0.916,0.892,0.897
0.909,0.922,0.892,0.894,0.934,0.918,0.906,0.891,0.905,0.886,0.923,0.895,0.947,0.882,0.889,0.909,0.915,0.933,0.935,0.907,0.924,0.938,0.938,0.915,0.925,0.917,1.0,0.883,0.909,0.908,0.892,0.934,0.027,0.933,0.899,0.882,0.907,0.956,0.889,0.942,0.892,0.924,0.96,0.89,0.889,0.877,0.912,0.912,0.887,0.904
0.894,0.878,0.859,0.94,0.883,0.877,0.873,0.965,0.881,0.936,0.877,0.933,0.892,0.943,0.931,0.881,0.884,0.879,0.883,0.875,0.872,0.875,0.88,0.884,0.887,0.894,0.883,1.0,0.888,0.879,0.924,0.869,0.024,0.873,0.87,0.901,0.875,0.885,0.909,0.876,0.94,0.87,0.877,0.984,0.975,0.862,0.872,0.872,0.931,0.881
0.912,0.915,0.882,0.893,0.898,0.912,0.902,0.893,0.912,0.882,0.882,0.897,0.904,0.88,0.896,0.904,0.903,0.906,0.899,0.903,0.895,0.902,0.905,0.9,0.909,0.897,0.909,0.888,1.0,0.909,0.896,0.895,0.024,0.904,0.887,0.891,0.902,0.907,0.9,0.902,0.897,0.9,0.902,0.897,0.894,0.894,0.9,0.899,0.886,0.955
0.908,0.907,0.889,0.877,0.899,0.901,0.903,0.88,0.919,0.872,0.888,0.883,0.898,0.868,0.88,0.905,0.89,0.904,0.905,0.903,0.894,0.906,0.904,0.893,0.903,0.894,0.908,0.879,0.909,1.0,0.89,0.892,0.028,0.901,0.875,0.877,0.902,0.911,0.889,0.909,0.892,0.904,0.908,0.887,0.886,0.888,0.898,0.898,0.879,0.906
0.888,0.898,0.881,0.93,0.877,0.892,0.884,0.923,0.897,0.922,0.864,0.917,0.882,0.921,0.929,0.884,0.88,0.893,0.892,0.884,0.876,0.886,0.89,0.876,0.893,0.883,0.892,0.924,0.896,0.89,1.0,0.879,0.024,0.889,0.866,0.897,0.884,0.893,0.918,0.889,0.958,0.889,0.891,0.93,0.928,0.875,0.884,0.883,0.916,0.897
0.89,0.926,0.889,0.882,0.92,0.928,0.907,0.878,0.898,0.862,0.899,0.882,0.928,0.871,0.883,0.903,0.911,0.925,0.933,0.908,0.944,0.931,0.937,0.905,0.921,0.908,0.934,0.869,0.895,0.892,0.879,1.0,0.028,0.939,0.892,0.889,0.909,0.937,0.9,0.939,0.877,0.933,0.943,0.877,0.877,0.894,0.923,0.925,0.876,0.892
0.025,0.028,0.027,0.024,0.026,0.028,0.026,0.026,0.027,0.024,0.025,0.026,0.027,0.023,0.026,0.026,0.028,0.026,0.028,0.026,0.027,0.027,0.026,0.027,0.026,0.027,0.027,0.024,0.024,0.028,0.024,0.028,1.0,0.028,0.028,0.027,0.026,0.026,0.027,0.026,0.025,0.029,0.026,0.024,0.024,0.025,0.028,0.028,0.025,0.024
0.898,0.92,0.894,0.88,0.919,0.927,0.909,0.88,0.898,0.868,0.902,0.886,0.926,0.873,0.885,0.907,0.907,0.929,0.935,0.91,0.937,0.951,0.955,0.905,0.913,0.905,0.933,0.873,0.904,0.901,0.889,0.939,0.028,1.0,0.895,0.894,0.911,0.934,0.903,0.936,0.885,0.924,0.936,0.882,0.88,0.89,0.919,0.921,0.877,0.9
0.902,0.919,0.865,0.874,0.906,0.911,0.886,0.874,0.878,0.879,0.918,0.868,0.916,0.87,0.872,0.89,0.92,0.9,0.907,0.887,0.892,0.896,0.901,0.948,0.929,0.927,0.899,0.87,0.887,0.875,0.866,0.892,0.028,0.895,1.0,0.86,0.889,0.896,0.872,0.898,0.872,0.91,0.89,0.868,0.869,0.851,0.9,0.9,0.864,0.877
0.876,0.89,0.889,0.898,0.868,0.893,0.891,0.904,0.886,0.89,0.858,0.901,0.874,0.889,0.895,0.889,0.88,0.89,0.897,0.893,0.891,0.893,0.895,0.876,0.885,0.882,0.882,0.901,0.891,0.877,0.897,0.889,0.027,0.894,0.86,1.0,0.892,0.883,0.92,0.891,0.897,0.894,0.889,0.904,0.905,0.886,0.882,0.881,0.907,0.897
0.898,0.913,0.889,0.88,0.896,0.914,0.997,0.88,0.898,0.872,0.888,0.884,0.899,0.868,0.881,0.986,0.903,0.923,0.926,0.998,0.92,0.922,0.924,0.894,0.909,0.899,0.907,0.875,0.902,0.902,0.884,0.909,0.026,0.911,0.889,0.892,1.0,0.907,0.902,0.913,0.878,0.925,0.911,0.885,0.883,0.877,0.921,0.921,0.872,0.897
0.91,0.93,0.889,0.887,0.928,0.921,0.906,0.894,0.908,0.88,0.91,0.895,0.942,0.885,0.891,0.908,0.911,0.928,0.932,0.907,0.926,0.936,0.936,0.912,0.931,0.916,0.956,0.885,0.907,0.911,0.893,0.937,0.026,0.934,0.896,0.883,0.907,1.0,0.894,0.938,0.89,0.924,0.958,0.895,0.892,0.881,0.919,0.919,0.892,0.902
0.882,0.903,0.886,0.917,0.881,0.906,0.9,0.913,0.891,0.907,0.87,0.921,0.883,0.902,0.918,0.897,0.888,0.893,0.901,0.901,0.895,0.894,0.903,0.879,0.901,0.892,0.889,0.909,0.9,0.889,0.918,0.9,0.027,0.903,0.872,0.92,0.902,0.894,1.0,0.9,0.921,0.906,0.898,0.92,0.919,0.887,0.896,0.897,0.913,0.9
0.9,0.928,0.889,0.882,0.929,0.925,0.912,0.885,0.902,0.875,0.913,0.888,0.94,0.872,0.887,0.914,0.908,0.933,0.937,0.913,0.935,0.945,0.938,0.911,0.922,0.913,0.942,0.876,0.902,0.909,0.889,0.939,0.026,0.936,0.898,0.891,0.913,0.938,0.9,1.0,0.882,0.926,0.941,0.883,0.884,0.885,0.926,0.926,0.884,0.904
0.894,0.893,0.875,0.94,0.88,0.887,0.877,0.929,0.89,0.931,0.871,0.932,0.887,0.931,0.942,0.88,0.884,0.886,0.885,0.878,0.874,0.882,0.885,0.881,0.901,0.892,0.892,0.94,0.897,0.892,0.958,0.877,0.025,0.885,0.872,0.897,0.878,0.89,0.921,0.882,1.0,0.883,0.886,0.945,0.943,0.868,0.883,0.883,0.928,0.893
0.898,0.937,0.901,0.876,0.91,0.941,0.923,0.876,0.906,0.868,0.901,0.879,0.918,0.871,0.884,0.915,0.922,0.929,0.931,0.923,0.929,0.928,0.931,0.918,0.934,0.923,0.924,0.87,0.9,0.904,0.889,0.933,0.029,0.924,0.91,0.894,0.925,0.924,0.906,0.926,0.883,1.0,0.934,0.879,0.875,0.884,0.932,0.933,0.883,0.897
0.896,0.927,0.895,0.885,0.92,0.924,0.91,0.886,0.904,0.87,0.91,0.885,0.931,0.88,0.886,0.907,0.909,0.929,0.937,0.911,0.927,0.942,0.943,0.907,0.925,0.91,0.96,0.877,0.902,0.908,0.891,0.943,0.026,0.936,0.89,0.889,0.911,0.958,0.898,0.941,0.886,0.934,1.0,0.886,0.886,0.885,0.924,0.924,0.876,0.904
0.893,0.887,0.87,0.941,0.881,0.886,0.883,0.964,0.891,0.929,0.874,0.943,0.888,0.939,0.94,0.889,0.888,0.887,0.891,0.884,0.878,0.884,0.89,0.883,0.897,0.888,0.89,0.984,0.897,0.887,0.93,0.877,0.024,0.882,0.868,0.904,0.885,0.895,0.92,0.883,0.945,0.879,0.886,1.0,0.984,0.872,0.881,0.88,0.935,0.89
0.893,0.89,0.87,0.943,0.882,0.883,0.881,0.959,0.884,0.932,0.871,0.941,0.885,0.935,0.939,0.889,0.886,0.882,0.888,0.882,0.874,0.878,0.885,0.881,0.896,0.888,0.889,0.975,0.894,0.886,0.928,0.877,0.024,0.88,0.869,0.905,0.883,0.892,0.919,0.884,0.943,0.875,0.886,0.984,1.0,0.871,0.884,0.884,0.934,0.888
0.881,0.887,0.881,0.868,0.869,0.887,0.877,0.866,0.891,0.857,0.86,0.878,0.874,0.86,0.872,0.873,0.871,0.88,0.878,0.877,0.885,0.885,0.887,0.863,0.877,0.865,0.877,0.862,0.894,0.888,0.875,0.894,0.025,0.89,0.851,0.886,0.877,0.881,0.887,0.885,0.868,0.884,0.885,0.872,0.871,1.0,0.893,0.893,0.869,0.917
0.888,0.926,0.898,0.879,0.919,0.928,0.918,0.874,0.898,0.866,0.894,0.889,0.907,0.871,0.889,0.913,0.913,0.919,0.924,0.919,0.923,0.926,0.93,0.913,0.924,0.915,0.912,0.872,0.9,0.898,0.884,0.923,0.028,0.919,0.9,0.882,0.921,0.919,0.896,0.926,0.883,0.932,0.924,0.881,0.884,0.893,1.0,0.998,0.88,0.911
0.889,0.927,0.898,0.879,0.92,0.928,0.918,0.874,0.897,0.866,0.895,0.888,0.908,0.87,0.889,0.913,0.914,0.919,0.924,0.919,0.925,0.926,0.93,0.913,0.923,0.916,0.912,0.872,0.899,0.898,0.883,0.925,0.028,0.921,0.9,0.881,0.921,0.919,0.897,0.926,0.883,0.933,0.924,0.88,0.884,0.893,0.998,1.0,0.88,0.909
0.885,0.888,0.874,0.923,0.878,0.888,0.871,0.927,0.882,0.916,0.869,0.927,0.884,0.921,0.927,0.874,0.876,0.885,0.884,0.872,0.877,0.876,0.878,0.882,0.896,0.892,0.887,0.931,0.886,0.879,0.916,0.876,0.025,0.877,0.864,0.907,0.872,0.892,0.913,0.884,0.928,0.883,0.876,0.935,0.934,0.869,0.88,0.88,1.0,0.886
0.905,0.91,0.889,0.891,0.892,0.908,0.898,0.885,0.917,0.876,0.882,0.891,0.9,0.879,0.897,0.9,0.895,0.903,0.9,0.898,0.894,0.904,0.903,0.897,0.906,0.897,0.904,0.881,0.955,0.906,0.897,0.892,0.024,0.9,0.877,0.897,0.897,0.902,0.9,0.904,0.893,0.897,0.904,0.89,0.888,0.917,0.911,0.909,0.886,1.0
