GCF_000163235.1_ASM16323v1_genomic.fna,GCF_000164555.1_ASM16455v1_genomic.fna,GCF_000208545.1_ASM20854v2_genomic.fna,GCF_000233875.1_ASM23387v1_genomic.fna,GCF_000249735.1_ASM24973v2_genomic.fna,GCF_000261145.1_Esch_coli_M919_V2_genomic.fna,GCF_000267705.2_ASM26770v2_genomic.fna,GCF_000350665.1_Esch_coli_KTE5_V1_genomic.fna,GCF_000351625.1_Esch_coli_KTE66_V1_genomic.fna,GCF_000352285.1_Esch_coli_KTE46_V1_genomic.fna,GCF_000358895.1_ASM35889v1_genomic.fna,GCF_000456385.1_Esch_coli_HVH_26_4-5703913_V1_genomic.fna,GCF_000458195.1_Esch_coli_HVH_147_4-5893887_V1_genomic.fna,GCF_000459755.1_Esch_coli_KOEGE_58_171a_V1_genomic.fna,GCF_000460055.1_Esch_coli_UMEA_3053-1_V1_genomic.fna,GCF_000462165.2_ASM46216v2_genomic.fna,GCF_000601135.1_ASM60113v1_genomic.fna,GCF_000614595.1_Ec2010EL1058_genomic.fna,GCF_000617745.1_Ec2010C-4529_genomic.fna,GCF_000618265.2_EcF6751_genomic.fna,GCF_000619005.2_Ec2009C-4052_genomic.fna,GCF_000619105.1_Ec2009C-4780_genomic.fna,GCF_000619765.2_Ec2009C-3279_genomic.fna,GCF_000687005.1_ASM68700v1_genomic.fna,GCF_000687025.1_ASM68702v1_genomic.fna,GCF_000700125.1_ASM70012v1_genomic.fna,GCF_000753315.1_FHI35_genomic.fna,GCF_000776375.1_ASM77637v1_genomic.fna,GCF_000779395.1_ASM77939v1_genomic.fna,GCF_000780315.1_ASM78031v1_genomic.fna,GCF_000781995.1_ASM78199v1_genomic.fna,GCF_000986765.1_ASM98676v1_genomic.fna,GCF_001041375.1_ViralProj287958_genomic.fna,GCF_001265335.1_302014_genomic.fna,GCF_001265625.1_100854_genomic.fna,GCF_001267345.1_303289_genomic.fna,GCF_001309985.1_ASM130998v1_genomic.fna,GCF_001521695.1_ASM152169v1_genomic.fna,GCF_001592595.1_ASM159259v1_genomic.fna,GCF_001614975.1_ASM161497v1_genomic.fna,GCF_001692775.1_ASM169277v1_genomic.fna,GCF_001748915.1_ASM174891v1_genomic.fna,GCF_001749235.1_ASM174923v1_genomic.fna,GCF_001881155.1_ASM188115v1_genomic.fna,GCF_001881345.1_ASM188134v1_genomic.fna,GCF_001892405.1_ASM189240v1_genomic.fna,GCF_001892585.1_ASM189258v1_genomic.fna,GCF_001893985.1_ASM189398v1_genomic.fna,GCF_002001595.1_ASM200159v1_genomic.fna,GCF_002002145.1_ASM200214v1_genomic.fna
1.0,0.886,0.88,0.881,0.898,0.872,0.876,0.874,0.914,0.883,0.862,0.881,0.886,0.887,0.883,0.879,0.887,0.883,0.88,0.877,0.879,0.889,0.888,0.893,0.873,0.878,0.888,0.882,0.886,0.905,0.871,0.89,0.023,0.891,0.862,0.889,0.877,0.893,0.878,0.887,0.875,0.883,0.884,0.873,0.88,0.867,0.88,0.879,0.884,0.884
0.886,1.0,0.88,0.879,0.922,0.931,0.888,0.889,0.893,0.875,0.888,0.89,0.905,0.875,0.878,0.894,0.931,0.914,0.907,0.886,0.913,0.913,0.919,0.935,0.943,0.908,0.916,0.877,0.882,0.892,0.888,0.917,0.023,0.912,0.91,0.88,0.886,0.926,0.885,0.905,0.888,0.932,0.922,0.883,0.885,0.867,0.921,0.923,0.891,0.882
0.88,0.88,1.0,0.859,0.884,0.887,0.881,0.87,0.882,0.857,0.843,0.866,0.859,0.864,0.862,0.881,0.876,0.871,0.858,0.881,0.868,0.869,0.875,0.871,0.873,0.863,0.867,0.865,0.88,0.879,0.87,0.877,0.022,0.871,0.839,0.866,0.881,0.865,0.867,0.861,0.875,0.879,0.869,0.876,0.872,0.875,0.865,0.868,0.868,0.879
0.881,0.879,0.859,1.0,0.884,0.874,0.864,0.92,0.871,0.929,0.873,0.922,0.884,0.941,0.945,0.871,0.877,0.874,0.873,0.864,0.873,0.885,0.876,0.883,0.88,0.881,0.881,0.942,0.87,0.878,0.913,0.878,0.02,0.882,0.868,0.916,0.864,0.883,0.92,0.887,0.924,0.879,0.876,0.934,0.931,0.864,0.877,0.878,0.92,0.871
0.898,0.922,0.884,0.884,1.0,0.919,0.894,0.889,0.893,0.878,0.911,0.894,0.913,0.885,0.887,0.899,0.925,0.918,0.918,0.893,0.924,0.919,0.926,0.924,0.921,0.905,0.918,0.887,0.89,0.896,0.88,0.927,0.023,0.93,0.899,0.891,0.893,0.928,0.891,0.918,0.888,0.924,0.932,0.884,0.889,0.866,0.919,0.922,0.882,0.886
0.872,0.931,0.887,0.874,0.919,1.0,0.906,0.884,0.887,0.871,0.885,0.882,0.9,0.873,0.876,0.913,0.919,0.92,0.906,0.905,0.908,0.911,0.92,0.925,0.934,0.902,0.908,0.876,0.886,0.896,0.892,0.914,0.024,0.918,0.906,0.88,0.906,0.92,0.89,0.906,0.892,0.925,0.918,0.881,0.888,0.883,0.919,0.921,0.882,0.898
0.876,0.888,0.881,0.864,0.894,0.906,1.0,0.872,0.88,0.857,0.855,0.869,0.875,0.865,0.862,0.98,0.892,0.907,0.898,0.995,0.899,0.897,0.912,0.887,0.89,0.87,0.885,0.862,0.882,0.884,0.882,0.9,0.022,0.899,0.866,0.873,0.996,0.885,0.87,0.88,0.883,0.896,0.893,0.87,0.874,0.88,0.879,0.881,0.868,0.883
0.874,0.889,0.87,0.92,0.889,0.884,0.872,1.0,0.869,0.91,0.852,0.928,0.872,0.912,0.916,0.878,0.877,0.875,0.871,0.874,0.871,0.876,0.881,0.873,0.879,0.855,0.875,0.967,0.874,0.883,0.922,0.875,0.021,0.882,0.849,0.908,0.874,0.887,0.913,0.87,0.926,0.879,0.883,0.97,0.966,0.868,0.871,0.874,0.914,0.875
0.914,0.893,0.882,0.871,0.893,0.887,0.88,0.869,1.0,0.87,0.861,0.877,0.88,0.874,0.867,0.884,0.89,0.885,0.885,0.878,0.882,0.889,0.889,0.891,0.887,0.883,0.888,0.87,0.886,0.912,0.862,0.897,0.024,0.889,0.87,0.886,0.878,0.893,0.877,0.884,0.864,0.891,0.886,0.864,0.869,0.867,0.892,0.892,0.878,0.884
0.883,0.875,0.857,0.929,0.878,0.871,0.857,0.91,0.87,1.0,0.872,0.917,0.89,0.916,0.919,0.866,0.877,0.874,0.867,0.857,0.867,0.874,0.872,0.883,0.873,0.873,0.878,0.922,0.86,0.867,0.907,0.873,0.022,0.874,0.871,0.906,0.857,0.879,0.915,0.883,0.919,0.867,0.869,0.914,0.917,0.853,0.868,0.869,0.918,0.855
0.862,0.888,0.843,0.873,0.911,0.885,0.855,0.852,0.861,0.872,1.0,0.854,0.921,0.869,0.862,0.863,0.887,0.89,0.895,0.854,0.892,0.905,0.896,0.903,0.891,0.901,0.9,0.855,0.849,0.855,0.85,0.891,0.025,0.902,0.915,0.857,0.854,0.899,0.859,0.914,0.851,0.891,0.899,0.847,0.85,0.831,0.886,0.886,0.861,0.85
0.881,0.89,0.866,0.922,0.894,0.882,0.869,0.928,0.877,0.917,0.854,1.0,0.873,0.928,0.949,0.875,0.885,0.882,0.869,0.87,0.879,0.874,0.883,0.883,0.882,0.861,0.877,0.933,0.878,0.881,0.915,0.884,0.02,0.882,0.856,0.911,0.87,0.885,0.92,0.866,0.928,0.885,0.881,0.929,0.934,0.861,0.87,0.872,0.912,0.871
0.886,0.905,0.859,0.884,0.913,0.9,0.875,0.872,0.88,0.89,0.921,0.873,1.0,0.88,0.88,0.878,0.903,0.916,0.924,0.875,0.92,0.939,0.925,0.916,0.903,0.908,0.929,0.872,0.872,0.876,0.869,0.916,0.023,0.937,0.909,0.879,0.875,0.927,0.875,0.944,0.871,0.907,0.929,0.867,0.871,0.848,0.898,0.899,0.88,0.869
0.887,0.875,0.864,0.941,0.885,0.873,0.865,0.912,0.874,0.916,0.869,0.928,0.88,1.0,0.944,0.868,0.882,0.883,0.878,0.864,0.873,0.888,0.883,0.885,0.878,0.878,0.886,0.932,0.869,0.871,0.911,0.882,0.023,0.888,0.862,0.913,0.865,0.882,0.919,0.879,0.924,0.88,0.878,0.92,0.924,0.856,0.875,0.876,0.923,0.867
0.883,0.878,0.862,0.945,0.887,0.876,0.862,0.916,0.867,0.919,0.862,0.949,0.88,0.944,1.0,0.868,0.882,0.878,0.873,0.862,0.873,0.883,0.878,0.884,0.876,0.873,0.883,0.933,0.865,0.869,0.916,0.879,0.019,0.884,0.858,0.913,0.862,0.88,0.919,0.875,0.925,0.88,0.877,0.922,0.924,0.852,0.878,0.879,0.921,0.867
0.879,0.894,0.881,0.871,0.899,0.913,0.98,0.878,0.884,0.866,0.863,0.875,0.878,0.868,0.868,1.0,0.895,0.907,0.904,0.981,0.897,0.901,0.912,0.889,0.897,0.875,0.888,0.868,0.883,0.89,0.885,0.899,0.023,0.898,0.871,0.879,0.98,0.889,0.878,0.883,0.887,0.903,0.896,0.876,0.88,0.876,0.884,0.886,0.872,0.885
0.887,0.931,0.876,0.877,0.925,0.919,0.892,0.877,0.89,0.877,0.887,0.885,0.903,0.882,0.882,0.895,1.0,0.912,0.911,0.89,0.909,0.919,0.919,0.933,0.93,0.914,0.907,0.873,0.876,0.893,0.878,0.921,0.023,0.92,0.905,0.887,0.89,0.909,0.893,0.902,0.881,0.92,0.92,0.875,0.881,0.869,0.92,0.922,0.882,0.881
0.883,0.914,0.871,0.874,0.918,0.92,0.907,0.875,0.885,0.874,0.89,0.882,0.916,0.883,0.878,0.907,0.912,1.0,0.944,0.904,0.936,0.934,0.939,0.92,0.915,0.904,0.923,0.879,0.879,0.89,0.877,0.926,0.022,0.934,0.895,0.89,0.905,0.922,0.889,0.921,0.879,0.916,0.925,0.876,0.88,0.86,0.911,0.913,0.875,0.873
0.88,0.907,0.858,0.873,0.918,0.906,0.898,0.871,0.885,0.867,0.895,0.869,0.924,0.878,0.873,0.904,0.911,0.944,1.0,0.894,0.94,0.943,0.941,0.92,0.913,0.91,0.927,0.871,0.87,0.877,0.871,0.925,0.021,0.932,0.903,0.879,0.895,0.924,0.88,0.924,0.873,0.918,0.923,0.867,0.87,0.855,0.905,0.905,0.875,0.868
0.877,0.886,0.881,0.864,0.893,0.905,0.995,0.874,0.878,0.857,0.854,0.87,0.875,0.864,0.862,0.981,0.89,0.904,0.894,1.0,0.895,0.895,0.909,0.885,0.889,0.869,0.884,0.864,0.881,0.883,0.882,0.897,0.022,0.898,0.863,0.874,0.999,0.884,0.869,0.877,0.881,0.895,0.892,0.871,0.875,0.881,0.878,0.88,0.868,0.882
0.879,0.913,0.868,0.873,0.924,0.908,0.899,0.871,0.882,0.867,0.892,0.879,0.92,0.873,0.873,0.897,0.909,0.936,0.94,0.895,1.0,0.933,0.938,0.913,0.911,0.906,0.924,0.876,0.87,0.88,0.875,0.93,0.022,0.931,0.891,0.883,0.896,0.925,0.885,0.925,0.875,0.909,0.919,0.869,0.875,0.861,0.91,0.91,0.875,0.868
0.889,0.913,0.869,0.885,0.919,0.911,0.897,0.876,0.889,0.874,0.905,0.874,0.939,0.888,0.883,0.901,0.919,0.934,0.943,0.895,0.933,1.0,0.968,0.927,0.912,0.911,0.931,0.879,0.872,0.88,0.875,0.925,0.021,0.961,0.907,0.883,0.895,0.929,0.889,0.926,0.875,0.917,0.934,0.873,0.879,0.864,0.906,0.907,0.886,0.871
0.888,0.919,0.875,0.876,0.926,0.92,0.912,0.881,0.889,0.872,0.896,0.883,0.925,0.883,0.878,0.912,0.919,0.939,0.941,0.909,0.938,0.968,1.0,0.919,0.918,0.904,0.929,0.881,0.882,0.886,0.884,0.929,0.023,0.958,0.898,0.882,0.91,0.923,0.887,0.919,0.888,0.926,0.931,0.88,0.884,0.87,0.904,0.906,0.882,0.878
0.893,0.935,0.871,0.883,0.924,0.925,0.887,0.873,0.891,0.883,0.903,0.883,0.916,0.885,0.884,0.889,0.933,0.92,0.92,0.885,0.913,0.927,0.919,1.0,0.937,0.93,0.919,0.874,0.878,0.885,0.867,0.917,0.023,0.92,0.93,0.882,0.885,0.914,0.878,0.915,0.87,0.921,0.921,0.868,0.872,0.853,0.918,0.919,0.885,0.872
0.873,0.943,0.873,0.88,0.921,0.934,0.89,0.879,0.887,0.873,0.891,0.882,0.903,0.878,0.876,0.897,0.93,0.915,0.913,0.889,0.911,0.912,0.918,0.937,1.0,0.92,0.915,0.877,0.879,0.893,0.876,0.921,0.024,0.909,0.914,0.874,0.889,0.919,0.887,0.905,0.88,0.925,0.921,0.878,0.881,0.867,0.923,0.926,0.887,0.878
0.878,0.908,0.863,0.881,0.905,0.902,0.87,0.855,0.883,0.873,0.901,0.861,0.908,0.878,0.873,0.875,0.914,0.904,0.91,0.869,0.906,0.911,0.904,0.93,0.92,1.0,0.899,0.862,0.859,0.877,0.859,0.898,0.021,0.9,0.913,0.87,0.869,0.904,0.872,0.919,0.86,0.911,0.896,0.858,0.859,0.845,0.911,0.911,0.875,0.861
0.888,0.916,0.867,0.881,0.918,0.908,0.885,0.875,0.888,0.878,0.9,0.877,0.929,0.886,0.883,0.888,0.907,0.923,0.927,0.884,0.924,0.931,0.929,0.919,0.915,0.899,1.0,0.879,0.88,0.88,0.875,0.919,0.023,0.933,0.896,0.878,0.884,0.946,0.88,0.925,0.877,0.912,0.947,0.874,0.878,0.86,0.901,0.901,0.882,0.875
0.882,0.877,0.865,0.942,0.887,0.876,0.862,0.967,0.87,0.922,0.855,0.933,0.872,0.932,0.933,0.868,0.873,0.879,0.871,0.864,0.876,0.879,0.881,0.874,0.877,0.862,0.879,1.0,0.866,0.877,0.916,0.878,0.021,0.884,0.851,0.916,0.864,0.882,0.915,0.873,0.929,0.875,0.875,0.984,0.978,0.859,0.871,0.871,0.923,0.865
0.886,0.882,0.88,0.87,0.89,0.886,0.882,0.874,0.886,0.86,0.849,0.878,0.872,0.869,0.865,0.883,0.876,0.879,0.87,0.881,0.87,0.872,0.882,0.878,0.879,0.859,0.88,0.866,1.0,0.891,0.876,0.879,0.022,0.88,0.847,0.881,0.881,0.871,0.876,0.867,0.888,0.894,0.88,0.873,0.878,0.882,0.867,0.87,0.869,0.943
0.905,0.892,0.879,0.878,0.896,0.896,0.884,0.883,0.912,0.867,0.855,0.881,0.876,0.871,0.869,0.89,0.893,0.89,0.877,0.883,0.88,0.88,0.886,0.885,0.893,0.877,0.88,0.877,0.891,1.0,0.884,0.887,0.022,0.879,0.861,0.878,0.884,0.883,0.877,0.879,0.883,0.896,0.888,0.884,0.89,0.874,0.894,0.896,0.873,0.888
0.871,0.888,0.87,0.913,0.88,0.892,0.882,0.922,0.862,0.907,0.85,0.915,0.869,0.911,0.916,0.885,0.878,0.877,0.871,0.882,0.875,0.875,0.884,0.867,0.876,0.859,0.875,0.916,0.876,0.884,1.0,0.877,0.021,0.878,0.849,0.898,0.881,0.877,0.911,0.867,0.957,0.884,0.877,0.921,0.926,0.878,0.873,0.875,0.911,0.881
0.89,0.917,0.877,0.878,0.927,0.914,0.9,0.875,0.897,0.873,0.891,0.884,0.916,0.882,0.879,0.899,0.921,0.926,0.925,0.897,0.93,0.925,0.929,0.917,0.921,0.898,0.919,0.878,0.879,0.887,0.877,1.0,0.022,0.921,0.888,0.89,0.898,0.922,0.891,0.924,0.879,0.923,0.924,0.874,0.88,0.864,0.913,0.915,0.878,0.874
0.023,0.023,0.022,0.02,0.023,0.024,0.022,0.021,0.024,0.022,0.025,0.02,0.023,0.023,0.019,0.023,0.023,0.022,0.021,0.022,0.022,0.021,0.023,0.023,0.024,0.021,0.023,0.021,0.022,0.022,0.021,0.022,1.0,0.024,0.022,0.021,0.022,0.022,0.021,0.023,0.021,0.023,0.023,0.021,0.022,0.023,0.023,0.023,0.023,0.021
0.891,0.912,0.871,0.882,0.93,0.918,0.899,0.882,0.889,0.874,0.902,0.882,0.937,0.888,0.884,0.898,0.92,0.934,0.932,0.898,0.931,0.961,0.958,0.92,0.909,0.9,0.933,0.884,0.88,0.879,0.878,0.921,0.024,1.0,0.897,0.894,0.899,0.932,0.89,0.927,0.879,0.912,0.937,0.878,0.884,0.857,0.906,0.907,0.885,0.875
0.862,0.91,0.839,0.868,0.899,0.906,0.866,0.849,0.87,0.871,0.915,0.856,0.909,0.862,0.858,0.871,0.905,0.895,0.903,0.863,0.891,0.907,0.898,0.93,0.914,0.913,0.896,0.851,0.847,0.861,0.849,0.888,0.022,0.897,1.0,0.857,0.863,0.902,0.862,0.904,0.85,0.895,0.901,0.844,0.847,0.84,0.896,0.896,0.861,0.853
0.889,0.88,0.866,0.916,0.891,0.88,0.873,0.908,0.886,0.906,0.857,0.911,0.879,0.913,0.913,0.879,0.887,0.89,0.879,0.874,0.883,0.883,0.882,0.882,0.874,0.87,0.878,0.916,0.881,0.878,0.898,0.89,0.021,0.894,0.857,1.0,0.873,0.881,0.922,0.879,0.901,0.88,0.885,0.907,0.911,0.863,0.879,0.88,0.905,0.875
0.877,0.886,0.881,0.864,0.893,0.906,0.996,0.874,0.878,0.857,0.854,0.87,0.875,0.865,0.862,0.98,0.89,0.905,0.895,0.999,0.896,0.895,0.91,0.885,0.889,0.869,0.884,0.864,0.881,0.884,0.881,0.898,0.022,0.899,0.863,0.873,1.0,0.884,0.87,0.878,0.882,0.895,0.892,0.871,0.875,0.881,0.878,0.88,0.868,0.882
0.893,0.926,0.865,0.883,0.928,0.92,0.885,0.887,0.893,0.879,0.899,0.885,0.927,0.882,0.88,0.889,0.909,0.922,0.924,0.884,0.925,0.929,0.923,0.914,0.919,0.904,0.946,0.882,0.871,0.883,0.877,0.922,0.022,0.932,0.902,0.881,0.884,1.0,0.881,0.931,0.876,0.922,0.945,0.876,0.88,0.858,0.918,0.919,0.888,0.875
0.878,0.885,0.867,0.92,0.891,0.89,0.87,0.913,0.877,0.915,0.859,0.92,0.875,0.919,0.919,0.878,0.893,0.889,0.88,0.869,0.885,0.889,0.887,0.878,0.887,0.872,0.88,0.915,0.876,0.877,0.911,0.891,0.021,0.89,0.862,0.922,0.87,0.881,1.0,0.873,0.916,0.89,0.886,0.91,0.913,0.864,0.881,0.883,0.916,0.878
0.887,0.905,0.861,0.887,0.918,0.906,0.88,0.87,0.884,0.883,0.914,0.866,0.944,0.879,0.875,0.883,0.902,0.921,0.924,0.877,0.925,0.926,0.919,0.915,0.905,0.919,0.925,0.873,0.867,0.879,0.867,0.924,0.023,0.927,0.904,0.879,0.878,0.931,0.873,1.0,0.871,0.907,0.917,0.869,0.874,0.851,0.909,0.91,0.881,0.868
0.875,0.888,0.875,0.924,0.888,0.892,0.883,0.926,0.864,0.919,0.851,0.928,0.871,0.924,0.925,0.887,0.881,0.879,0.873,0.881,0.875,0.875,0.888,0.87,0.88,0.86,0.877,0.929,0.888,0.883,0.957,0.879,0.021,0.879,0.85,0.901,0.882,0.876,0.916,0.871,1.0,0.885,0.88,0.937,0.94,0.874,0.878,0.88,0.916,0.881
0.883,0.932,0.879,0.879,0.924,0.925,0.896,0.879,0.891,0.867,0.891,0.885,0.907,0.88,0.88,0.903,0.92,0.916,0.918,0.895,0.909,0.917,0.926,0.921,0.925,0.911,0.912,0.875,0.894,0.896,0.884,0.923,0.023,0.912,0.895,0.88,0.895,0.922,0.89,0.907,0.885,1.0,0.931,0.879,0.88,0.874,0.926,0.928,0.879,0.89
0.884,0.922,0.869,0.876,0.932,0.918,0.893,0.883,0.886,0.869,0.899,0.881,0.929,0.878,0.877,0.896,0.92,0.925,0.923,0.892,0.919,0.934,0.931,0.921,0.921,0.896,0.947,0.875,0.88,0.888,0.877,0.924,0.023,0.937,0.901,0.885,0.892,0.945,0.886,0.917,0.88,0.931,1.0,0.871,0.873,0.863,0.911,0.914,0.879,0.878
0.873,0.883,0.876,0.934,0.884,0.881,0.87,0.97,0.864,0.914,0.847,0.929,0.867,0.92,0.922,0.876,0.875,0.876,0.867,0.871,0.869,0.873,0.88,0.868,0.878,0.858,0.874,0.984,0.873,0.884,0.921,0.874,0.021,0.878,0.844,0.907,0.871,0.876,0.91,0.869,0.937,0.879,0.871,1.0,0.985,0.865,0.866,0.868,0.918,0.873
0.88,0.885,0.872,0.931,0.889,0.888,0.874,0.966,0.869,0.917,0.85,0.934,0.871,0.924,0.924,0.88,0.881,0.88,0.87,0.875,0.875,0.879,0.884,0.872,0.881,0.859,0.878,0.978,0.878,0.89,0.926,0.88,0.022,0.884,0.847,0.911,0.875,0.88,0.913,0.874,0.94,0.88,0.873,0.985,1.0,0.869,0.87,0.872,0.917,0.876
0.867,0.867,0.875,0.864,0.866,0.883,0.88,0.868,0.867,0.853,0.831,0.861,0.848,0.856,0.852,0.876,0.869,0.86,0.855,0.881,0.861,0.864,0.87,0.853,0.867,0.845,0.86,0.859,0.882,0.874,0.878,0.864,0.023,0.857,0.84,0.863,0.881,0.858,0.864,0.851,0.874,0.874,0.863,0.865,0.869,1.0,0.862,0.865,0.86,0.909
0.88,0.921,0.865,0.877,0.919,0.919,0.879,0.871,0.892,0.868,0.886,0.87,0.898,0.875,0.878,0.884,0.92,0.911,0.905,0.878,0.91,0.906,0.904,0.918,0.923,0.911,0.901,0.871,0.867,0.894,0.873,0.913,0.023,0.906,0.896,0.879,0.878,0.918,0.881,0.909,0.878,0.926,0.911,0.866,0.87,0.862,1.0,0.997,0.879,0.872
0.879,0.923,0.868,0.878,0.922,0.921,0.881,0.874,0.892,0.869,0.886,0.872,0.899,0.876,0.879,0.886,0.922,0.913,0.905,0.88,0.91,0.907,0.906,0.919,0.926,0.911,0.901,0.871,0.87,0.896,0.875,0.915,0.023,0.907,0.896,0.88,0.88,0.919,0.883,0.91,0.88,0.928,0.914,0.868,0.872,0.865,0.997,1.0,0.88,0.874
0.884,0.891,0.868,0.92,0.882,0.882,0.868,0.914,0.878,0.918,0.861,0.912,0.88,0.923,0.921,0.872,0.882,0.875,0.875,0.868,0.875,0.886,0.882,0.885,0.887,0.875,0.882,0.923,0.869,0.873,0.911,0.878,0.023,0.885,0.861,0.905,0.868,0.888,0.916,0.881,0.916,0.879,0.879,0.918,0.917,0.86,0.879,0.88,1.0,0.871
0.884,0.882,0.879,0.871,0.886,0.898,0.883,0.875,0.884,0.855,0.85,0.871,0.869,0.867,0.867,0.885,0.881,0.873,0.868,0.882,0.868,0.871,0.878,0.872,0.878,0.861,0.875,0.865,0.943,0.888,0.881,0.874,0.021,0.875,0.853,0.875,0.882,0.875,0.878,0.868,0.881,0.89,0.878,0.873,0.876,0.909,0.872,0.874,0.871,1.0
