GCF_000163235.1_ASM16323v1_genomic.fna,GCF_000164555.1_ASM16455v1_genomic.fna,GCF_000208545.1_ASM20854v2_genomic.fna,GCF_000233875.1_ASM23387v1_genomic.fna,GCF_000249735.1_ASM24973v2_genomic.fna,GCF_000261145.1_Esch_coli_M919_V2_genomic.fna,GCF_000267705.2_ASM26770v2_genomic.fna,GCF_000350665.1_Esch_coli_KTE5_V1_genomic.fna,GCF_000351625.1_Esch_coli_KTE66_V1_genomic.fna,GCF_000352285.1_Esch_coli_KTE46_V1_genomic.fna,GCF_000358895.1_ASM35889v1_genomic.fna,GCF_000456385.1_Esch_coli_HVH_26_4-5703913_V1_genomic.fna,GCF_000458195.1_Esch_coli_HVH_147_4-5893887_V1_genomic.fna,GCF_000459755.1_Esch_coli_KOEGE_58_171a_V1_genomic.fna,GCF_000460055.1_Esch_coli_UMEA_3053-1_V1_genomic.fna,GCF_000462165.2_ASM46216v2_genomic.fna,GCF_000601135.1_ASM60113v1_genomic.fna,GCF_000614595.1_Ec2010EL1058_genomic.fna,GCF_000617745.1_Ec2010C-4529_genomic.fna,GCF_000618265.2_EcF6751_genomic.fna,GCF_000619005.2_Ec2009C-4052_genomic.fna,GCF_000619105.1_Ec2009C-4780_genomic.fna,GCF_000619765.2_Ec2009C-3279_genomic.fna,GCF_000687005.1_ASM68700v1_genomic.fna,GCF_000687025.1_ASM68702v1_genomic.fna,GCF_000700125.1_ASM70012v1_genomic.fna,GCF_000753315.1_FHI35_genomic.fna,GCF_000776375.1_ASM77637v1_genomic.fna,GCF_000779395.1_ASM77939v1_genomic.fna,GCF_000780315.1_ASM78031v1_genomic.fna,GCF_000781995.1_ASM78199v1_genomic.fna,GCF_000986765.1_ASM98676v1_genomic.fna,GCF_001041375.1_ViralProj287958_genomic.fna,GCF_001265335.1_302014_genomic.fna,GCF_001265625.1_100854_genomic.fna,GCF_001267345.1_303289_genomic.fna,GCF_001309985.1_ASM130998v1_genomic.fna,GCF_001521695.1_ASM152169v1_genomic.fna,GCF_001592595.1_ASM159259v1_genomic.fna,GCF_001614975.1_ASM161497v1_genomic.fna,GCF_001692775.1_ASM169277v1_genomic.fna,GCF_001748915.1_ASM174891v1_genomic.fna,GCF_001749235.1_ASM174923v1_genomic.fna,GCF_001881155.1_ASM188115v1_genomic.fna,GCF_001881345.1_ASM188134v1_genomic.fna,GCF_001892405.1_ASM189240v1_genomic.fna,GCF_001892585.1_ASM189258v1_genomic.fna,GCF_001893985.1_ASM189398v1_genomic.fna,GCF_002001595.1_ASM200159v1_genomic.fna,GCF_002002145.1_ASM200214v1_genomic.fna
1.0,0.886,0.884,0.896,0.903,0.882,0.894,0.877,0.904,0.897,0.892,0.883,0.905,0.895,0.884,0.899,0.893,0.901,0.898,0.895,0.895,0.895,0.897,0.901,0.891,0.898,0.902,0.879,0.912,0.916,0.878,0.884,0.012,0.898,0.889,0.888,0.896,0.886,0.893,0.902,0.879,0.887,0.898,0.872,0.883,0.882,0.88,0.88,0.888,0.908
0.886,1.0,0.882,0.891,0.913,0.945,0.906,0.902,0.886,0.893,0.899,0.902,0.915,0.886,0.886,0.907,0.932,0.914,0.918,0.906,0.925,0.909,0.913,0.946,0.937,0.937,0.92,0.9,0.896,0.893,0.907,0.921,0.012,0.914,0.917,0.897,0.906,0.93,0.899,0.914,0.907,0.932,0.921,0.901,0.904,0.89,0.933,0.933,0.895,0.892
0.884,0.882,1.0,0.893,0.883,0.882,0.891,0.881,0.883,0.88,0.86,0.877,0.88,0.885,0.883,0.894,0.88,0.877,0.871,0.893,0.886,0.876,0.877,0.876,0.88,0.88,0.88,0.883,0.884,0.885,0.889,0.885,0.011,0.878,0.86,0.876,0.893,0.886,0.884,0.881,0.889,0.889,0.879,0.878,0.882,0.873,0.883,0.883,0.884,0.882
0.896,0.891,0.893,1.0,0.902,0.894,0.9,0.933,0.895,0.95,0.879,0.932,0.894,0.958,0.954,0.902,0.892,0.905,0.894,0.9,0.898,0.89,0.897,0.9,0.899,0.885,0.901,0.944,0.902,0.898,0.936,0.9,0.014,0.898,0.883,0.924,0.901,0.891,0.936,0.894,0.938,0.893,0.905,0.938,0.947,0.88,0.877,0.877,0.938,0.9
0.903,0.913,0.883,0.902,1.0,0.916,0.914,0.894,0.904,0.899,0.933,0.89,0.935,0.899,0.893,0.915,0.916,0.928,0.922,0.913,0.93,0.929,0.934,0.921,0.919,0.916,0.933,0.895,0.902,0.905,0.896,0.935,0.011,0.933,0.909,0.897,0.913,0.93,0.909,0.936,0.899,0.929,0.941,0.889,0.896,0.879,0.917,0.916,0.897,0.903
0.882,0.945,0.882,0.894,0.916,1.0,0.908,0.9,0.887,0.888,0.897,0.895,0.915,0.89,0.891,0.91,0.933,0.916,0.917,0.909,0.924,0.91,0.913,0.942,0.946,0.929,0.914,0.905,0.896,0.897,0.897,0.93,0.013,0.915,0.927,0.894,0.908,0.931,0.905,0.915,0.9,0.936,0.921,0.9,0.904,0.89,0.935,0.934,0.895,0.899
0.894,0.906,0.891,0.9,0.914,0.908,1.0,0.896,0.896,0.892,0.895,0.886,0.914,0.896,0.893,0.987,0.907,0.913,0.913,0.996,0.914,0.915,0.924,0.905,0.909,0.899,0.914,0.898,0.896,0.898,0.897,0.912,0.014,0.916,0.888,0.895,0.997,0.906,0.896,0.909,0.893,0.916,0.913,0.891,0.9,0.879,0.9,0.898,0.902,0.904
0.877,0.902,0.881,0.933,0.894,0.9,0.896,1.0,0.886,0.925,0.873,0.932,0.89,0.932,0.93,0.898,0.895,0.897,0.887,0.899,0.907,0.887,0.892,0.885,0.885,0.891,0.894,0.978,0.891,0.888,0.933,0.891,0.013,0.89,0.875,0.918,0.897,0.912,0.922,0.893,0.932,0.898,0.899,0.977,0.972,0.886,0.902,0.901,0.924,0.896
0.904,0.886,0.883,0.895,0.904,0.887,0.896,0.886,1.0,0.898,0.888,0.885,0.904,0.895,0.892,0.896,0.888,0.897,0.894,0.896,0.887,0.895,0.897,0.892,0.891,0.897,0.9,0.893,0.901,0.921,0.876,0.899,0.011,0.899,0.88,0.891,0.897,0.893,0.904,0.897,0.884,0.893,0.909,0.887,0.891,0.885,0.888,0.888,0.893,0.91
0.897,0.893,0.88,0.95,0.899,0.888,0.892,0.925,0.898,1.0,0.892,0.919,0.908,0.944,0.938,0.894,0.888,0.9,0.901,0.892,0.887,0.903,0.903,0.899,0.892,0.888,0.898,0.934,0.908,0.896,0.932,0.893,0.011,0.899,0.893,0.935,0.893,0.886,0.938,0.904,0.935,0.891,0.909,0.926,0.937,0.875,0.878,0.878,0.929,0.903
0.892,0.899,0.86,0.879,0.933,0.897,0.895,0.873,0.888,0.892,1.0,0.871,0.938,0.884,0.872,0.897,0.899,0.925,0.922,0.893,0.91,0.928,0.927,0.911,0.898,0.911,0.92,0.878,0.89,0.887,0.871,0.906,0.014,0.921,0.913,0.888,0.894,0.914,0.893,0.935,0.875,0.91,0.928,0.871,0.878,0.86,0.894,0.893,0.874,0.888
0.883,0.902,0.877,0.932,0.89,0.895,0.886,0.932,0.885,0.919,0.871,1.0,0.887,0.925,0.943,0.889,0.89,0.891,0.883,0.888,0.898,0.885,0.889,0.888,0.888,0.884,0.894,0.932,0.899,0.89,0.933,0.893,0.011,0.887,0.869,0.92,0.886,0.904,0.916,0.885,0.93,0.891,0.887,0.935,0.934,0.896,0.891,0.892,0.915,0.888
0.905,0.915,0.88,0.894,0.935,0.915,0.914,0.89,0.904,0.908,0.938,0.887,1.0,0.902,0.889,0.917,0.912,0.94,0.948,0.911,0.934,0.956,0.958,0.928,0.916,0.921,0.939,0.894,0.906,0.906,0.89,0.929,0.012,0.951,0.92,0.905,0.913,0.927,0.906,0.953,0.891,0.924,0.945,0.888,0.896,0.876,0.912,0.912,0.892,0.904
0.895,0.886,0.885,0.958,0.899,0.89,0.896,0.932,0.895,0.944,0.884,0.925,0.902,1.0,0.95,0.895,0.886,0.903,0.893,0.895,0.887,0.901,0.902,0.895,0.884,0.886,0.902,0.945,0.908,0.893,0.931,0.896,0.01,0.902,0.887,0.924,0.896,0.893,0.936,0.896,0.934,0.891,0.908,0.941,0.947,0.879,0.876,0.875,0.932,0.907
0.884,0.886,0.883,0.954,0.893,0.891,0.893,0.93,0.892,0.938,0.872,0.943,0.889,0.95,1.0,0.893,0.886,0.896,0.889,0.893,0.889,0.888,0.889,0.89,0.884,0.878,0.896,0.943,0.902,0.889,0.935,0.894,0.012,0.893,0.876,0.919,0.893,0.889,0.925,0.887,0.938,0.888,0.896,0.936,0.945,0.884,0.877,0.876,0.931,0.904
0.899,0.907,0.894,0.902,0.915,0.91,0.987,0.898,0.896,0.894,0.897,0.889,0.917,0.895,0.893,1.0,0.91,0.916,0.918,0.986,0.917,0.915,0.92,0.904,0.912,0.899,0.912,0.9,0.897,0.901,0.899,0.912,0.014,0.915,0.892,0.898,0.988,0.906,0.9,0.911,0.896,0.92,0.91,0.893,0.904,0.881,0.902,0.9,0.904,0.902
0.893,0.932,0.88,0.892,0.916,0.933,0.907,0.895,0.888,0.888,0.899,0.89,0.912,0.886,0.886,0.91,1.0,0.917,0.909,0.908,0.918,0.911,0.913,0.937,0.934,0.934,0.915,0.897,0.893,0.892,0.888,0.926,0.012,0.918,0.911,0.897,0.907,0.92,0.899,0.912,0.892,0.934,0.921,0.893,0.899,0.881,0.924,0.923,0.887,0.894
0.901,0.914,0.877,0.905,0.928,0.916,0.913,0.897,0.897,0.9,0.925,0.891,0.94,0.903,0.896,0.916,0.917,1.0,0.953,0.911,0.942,0.944,0.946,0.924,0.918,0.921,0.943,0.898,0.9,0.907,0.895,0.931,0.012,0.938,0.907,0.907,0.911,0.924,0.906,0.941,0.888,0.926,0.94,0.892,0.893,0.878,0.909,0.908,0.891,0.903
0.898,0.918,0.871,0.894,0.922,0.917,0.913,0.887,0.894,0.901,0.922,0.883,0.948,0.893,0.889,0.918,0.909,0.953,1.0,0.91,0.932,0.954,0.953,0.929,0.919,0.917,0.934,0.889,0.901,0.9,0.886,0.926,0.013,0.937,0.917,0.906,0.912,0.914,0.902,0.941,0.884,0.923,0.932,0.882,0.888,0.87,0.91,0.909,0.887,0.899
0.895,0.906,0.893,0.9,0.913,0.909,0.996,0.899,0.896,0.892,0.893,0.888,0.911,0.895,0.893,0.986,0.908,0.911,0.91,1.0,0.916,0.912,0.922,0.902,0.908,0.897,0.912,0.9,0.895,0.899,0.898,0.91,0.014,0.913,0.888,0.893,0.998,0.906,0.895,0.907,0.895,0.917,0.91,0.893,0.901,0.881,0.901,0.899,0.902,0.903
0.895,0.925,0.886,0.898,0.93,0.924,0.914,0.907,0.887,0.887,0.91,0.898,0.934,0.887,0.889,0.917,0.918,0.942,0.932,0.916,1.0,0.929,0.932,0.918,0.918,0.912,0.935,0.901,0.885,0.903,0.905,0.934,0.013,0.925,0.903,0.897,0.914,0.942,0.902,0.935,0.901,0.929,0.937,0.897,0.899,0.892,0.927,0.927,0.892,0.89
0.895,0.909,0.876,0.89,0.929,0.91,0.915,0.887,0.895,0.903,0.928,0.885,0.956,0.901,0.888,0.915,0.911,0.944,0.954,0.912,0.929,1.0,0.979,0.927,0.912,0.913,0.94,0.892,0.906,0.899,0.886,0.929,0.012,0.966,0.908,0.905,0.913,0.922,0.901,0.944,0.884,0.916,0.943,0.885,0.892,0.881,0.907,0.906,0.885,0.903
0.897,0.913,0.877,0.897,0.934,0.913,0.924,0.892,0.897,0.903,0.927,0.889,0.958,0.902,0.889,0.92,0.913,0.946,0.953,0.922,0.932,0.979,1.0,0.926,0.914,0.921,0.941,0.894,0.904,0.897,0.891,0.931,0.012,0.961,0.912,0.905,0.923,0.922,0.903,0.948,0.887,0.92,0.943,0.888,0.894,0.875,0.909,0.908,0.888,0.901
0.901,0.946,0.876,0.9,0.921,0.942,0.905,0.885,0.892,0.899,0.911,0.888,0.928,0.895,0.89,0.904,0.937,0.924,0.929,0.902,0.918,0.927,0.926,1.0,0.958,0.943,0.927,0.887,0.905,0.895,0.881,0.922,0.013,0.928,0.95,0.904,0.903,0.921,0.903,0.929,0.882,0.927,0.932,0.881,0.889,0.873,0.919,0.918,0.885,0.903
0.891,0.937,0.88,0.899,0.919,0.946,0.909,0.885,0.891,0.892,0.898,0.888,0.916,0.884,0.884,0.912,0.934,0.918,0.919,0.908,0.918,0.912,0.914,0.958,1.0,0.941,0.927,0.887,0.898,0.894,0.881,0.93,0.013,0.918,0.942,0.893,0.91,0.913,0.901,0.918,0.878,0.928,0.926,0.884,0.888,0.878,0.917,0.916,0.884,0.897
0.898,0.937,0.88,0.885,0.916,0.929,0.899,0.891,0.897,0.888,0.911,0.884,0.921,0.886,0.878,0.899,0.934,0.921,0.917,0.897,0.912,0.913,0.921,0.943,0.941,1.0,0.92,0.891,0.898,0.897,0.881,0.917,0.013,0.916,0.923,0.888,0.899,0.918,0.901,0.923,0.876,0.933,0.923,0.889,0.891,0.868,0.919,0.919,0.885,0.893
0.902,0.92,0.88,0.901,0.933,0.914,0.914,0.894,0.9,0.898,0.92,0.894,0.939,0.902,0.896,0.912,0.915,0.943,0.934,0.912,0.935,0.94,0.941,0.927,0.927,0.92,1.0,0.895,0.904,0.903,0.896,0.94,0.011,0.936,0.912,0.903,0.913,0.937,0.904,0.942,0.893,0.925,0.954,0.889,0.893,0.885,0.91,0.909,0.893,0.904
0.879,0.9,0.883,0.944,0.895,0.905,0.898,0.978,0.893,0.934,0.878,0.932,0.894,0.945,0.943,0.9,0.897,0.898,0.889,0.9,0.901,0.892,0.894,0.887,0.887,0.891,0.895,1.0,0.895,0.894,0.934,0.898,0.014,0.895,0.874,0.922,0.899,0.908,0.934,0.893,0.94,0.902,0.903,0.991,0.989,0.886,0.895,0.894,0.932,0.898
0.912,0.896,0.884,0.902,0.902,0.896,0.896,0.891,0.901,0.908,0.89,0.899,0.906,0.908,0.902,0.897,0.893,0.9,0.901,0.895,0.885,0.906,0.904,0.905,0.898,0.898,0.904,0.895,1.0,0.904,0.886,0.893,0.012,0.903,0.89,0.904,0.896,0.895,0.903,0.895,0.886,0.892,0.902,0.888,0.896,0.894,0.89,0.889,0.892,0.958
0.916,0.893,0.885,0.898,0.905,0.897,0.898,0.888,0.921,0.896,0.887,0.89,0.906,0.893,0.889,0.901,0.892,0.907,0.9,0.899,0.903,0.899,0.897,0.895,0.894,0.897,0.903,0.894,0.904,1.0,0.886,0.9,0.012,0.898,0.888,0.89,0.899,0.902,0.907,0.901,0.888,0.897,0.906,0.887,0.891,0.895,0.9,0.9,0.893,0.907
0.878,0.907,0.889,0.936,0.896,0.897,0.897,0.933,0.876,0.932,0.871,0.933,0.89,0.931,0.935,0.899,0.888,0.895,0.886,0.898,0.905,0.886,0.891,0.881,0.881,0.881,0.896,0.934,0.886,0.886,1.0,0.898,0.012,0.892,0.866,0.916,0.897,0.908,0.923,0.889,0.966,0.894,0.898,0.938,0.936,0.895,0.894,0.895,0.925,0.887
0.884,0.921,0.885,0.9,0.935,0.93,0.912,0.891,0.899,0.893,0.906,0.893,0.929,0.896,0.894,0.912,0.926,0.931,0.926,0.91,0.934,0.929,0.931,0.922,0.93,0.917,0.94,0.898,0.893,0.9,0.898,1.0,0.011,0.929,0.906,0.896,0.911,0.934,0.907,0.936,0.896,0.935,0.944,0.895,0.897,0.881,0.923,0.922,0.894,0.897
0.012,0.012,0.011,0.014,0.011,0.013,0.014,0.013,0.011,0.011,0.014,0.011,0.012,0.01,0.012,0.014,0.012,0.012,0.013,0.014,0.013,0.012,0.012,0.013,0.013,0.013,0.011,0.014,0.012,0.012,0.012,0.011,1.0,0.015,0.012,0.012,0.014,0.013,0.014,0.012,0.013,0.013,0.011,0.014,0.013,0.011,0.013,0.013,0.013,0.012
0.898,0.914,0.878,0.898,0.933,0.915,0.916,0.89,0.899,0.899,0.921,0.887,0.951,0.902,0.893,0.915,0.918,0.938,0.937,0.913,0.925,0.966,0.961,0.928,0.918,0.916,0.936,0.895,0.903,0.898,0.892,0.929,0.015,1.0,0.91,0.904,0.915,0.927,0.908,0.938,0.892,0.921,0.945,0.889,0.897,0.878,0.908,0.907,0.891,0.9
0.889,0.917,0.86,0.883,0.909,0.927,0.888,0.875,0.88,0.893,0.913,0.869,0.92,0.887,0.876,0.892,0.911,0.907,0.917,0.888,0.903,0.908,0.912,0.95,0.942,0.923,0.912,0.874,0.89,0.888,0.866,0.906,0.012,0.91,1.0,0.886,0.889,0.894,0.886,0.913,0.867,0.913,0.914,0.868,0.878,0.858,0.904,0.903,0.869,0.887
0.888,0.897,0.876,0.924,0.897,0.894,0.895,0.918,0.891,0.935,0.888,0.92,0.905,0.924,0.919,0.898,0.897,0.907,0.906,0.893,0.897,0.905,0.905,0.904,0.893,0.888,0.903,0.922,0.904,0.89,0.916,0.896,0.012,0.904,0.886,1.0,0.893,0.894,0.929,0.904,0.919,0.891,0.905,0.915,0.928,0.88,0.887,0.886,0.914,0.902
0.896,0.906,0.893,0.901,0.913,0.908,0.997,0.897,0.897,0.893,0.894,0.886,0.913,0.896,0.893,0.988,0.907,0.911,0.912,0.998,0.914,0.913,0.923,0.903,0.91,0.899,0.913,0.899,0.896,0.899,0.897,0.911,0.014,0.915,0.889,0.893,1.0,0.905,0.896,0.908,0.894,0.917,0.911,0.892,0.9,0.879,0.9,0.898,0.903,0.903
0.886,0.93,0.886,0.891,0.93,0.931,0.906,0.912,0.893,0.886,0.914,0.904,0.927,0.893,0.889,0.906,0.92,0.924,0.914,0.906,0.942,0.922,0.922,0.921,0.913,0.918,0.937,0.908,0.895,0.902,0.908,0.934,0.013,0.927,0.894,0.894,0.905,1.0,0.897,0.925,0.906,0.93,0.946,0.91,0.901,0.898,0.93,0.929,0.893,0.892
0.893,0.899,0.884,0.936,0.909,0.905,0.896,0.922,0.904,0.938,0.893,0.916,0.906,0.936,0.925,0.9,0.899,0.906,0.902,0.895,0.902,0.901,0.903,0.903,0.901,0.901,0.904,0.934,0.903,0.907,0.923,0.907,0.014,0.908,0.886,0.929,0.896,0.897,1.0,0.909,0.925,0.906,0.909,0.927,0.936,0.881,0.895,0.895,0.922,0.901
0.902,0.914,0.881,0.894,0.936,0.915,0.909,0.893,0.897,0.904,0.935,0.885,0.953,0.896,0.887,0.911,0.912,0.941,0.941,0.907,0.935,0.944,0.948,0.929,0.918,0.923,0.942,0.893,0.895,0.901,0.889,0.936,0.012,0.938,0.913,0.904,0.908,0.925,0.909,1.0,0.89,0.923,0.944,0.887,0.894,0.87,0.912,0.91,0.892,0.898
0.879,0.907,0.889,0.938,0.899,0.9,0.893,0.932,0.884,0.935,0.875,0.93,0.891,0.934,0.938,0.896,0.892,0.888,0.884,0.895,0.901,0.884,0.887,0.882,0.878,0.876,0.893,0.94,0.886,0.888,0.966,0.896,0.013,0.892,0.867,0.919,0.894,0.906,0.925,0.89,1.0,0.898,0.897,0.939,0.941,0.888,0.896,0.896,0.931,0.889
0.887,0.932,0.889,0.893,0.929,0.936,0.916,0.898,0.893,0.891,0.91,0.891,0.924,0.891,0.888,0.92,0.934,0.926,0.923,0.917,0.929,0.916,0.92,0.927,0.928,0.933,0.925,0.902,0.892,0.897,0.894,0.935,0.013,0.921,0.913,0.891,0.917,0.93,0.906,0.923,0.898,1.0,0.93,0.897,0.898,0.882,0.936,0.935,0.892,0.89
0.898,0.921,0.879,0.905,0.941,0.921,0.913,0.899,0.909,0.909,0.928,0.887,0.945,0.908,0.896,0.91,0.921,0.94,0.932,0.91,0.937,0.943,0.943,0.932,0.926,0.923,0.954,0.903,0.902,0.906,0.898,0.944,0.011,0.945,0.914,0.905,0.911,0.946,0.909,0.944,0.897,0.93,1.0,0.896,0.902,0.884,0.916,0.916,0.896,0.909
0.872,0.901,0.878,0.938,0.889,0.9,0.891,0.977,0.887,0.926,0.871,0.935,0.888,0.941,0.936,0.893,0.893,0.892,0.882,0.893,0.897,0.885,0.888,0.881,0.884,0.889,0.889,0.991,0.888,0.887,0.938,0.895,0.014,0.889,0.868,0.915,0.892,0.91,0.927,0.887,0.939,0.897,0.896,1.0,0.981,0.891,0.896,0.896,0.929,0.892
0.883,0.904,0.882,0.947,0.896,0.904,0.9,0.972,0.891,0.937,0.878,0.934,0.896,0.947,0.945,0.904,0.899,0.893,0.888,0.901,0.899,0.892,0.894,0.889,0.888,0.891,0.893,0.989,0.896,0.891,0.936,0.897,0.013,0.897,0.878,0.928,0.9,0.901,0.936,0.894,0.941,0.898,0.902,0.981,1.0,0.884,0.892,0.891,0.932,0.9
0.882,0.89,0.873,0.88,0.879,0.89,0.879,0.886,0.885,0.875,0.86,0.896,0.876,0.879,0.884,0.881,0.881,0.878,0.87,0.881,0.892,0.881,0.875,0.873,0.878,0.868,0.885,0.886,0.894,0.895,0.895,0.881,0.011,0.878,0.858,0.88,0.879,0.898,0.881,0.87,0.888,0.882,0.884,0.891,0.884,1.0,0.892,0.894,0.879,0.911
0.88,0.933,0.883,0.877,0.917,0.935,0.9,0.902,0.888,0.878,0.894,0.891,0.912,0.876,0.877,0.902,0.924,0.909,0.91,0.901,0.927,0.907,0.909,0.919,0.917,0.919,0.91,0.895,0.89,0.9,0.894,0.923,0.013,0.908,0.904,0.887,0.9,0.93,0.895,0.912,0.896,0.936,0.916,0.896,0.892,0.892,1.0,0.998,0.884,0.889
0.88,0.933,0.883,0.877,0.916,0.934,0.898,0.901,0.888,0.878,0.893,0.892,0.912,0.875,0.876,0.9,0.923,0.908,0.909,0.899,0.927,0.906,0.908,0.918,0.916,0.919,0.909,0.894,0.889,0.9,0.895,0.922,0.013,0.907,0.903,0.886,0.898,0.929,0.895,0.91,0.896,0.935,0.916,0.896,0.891,0.894,0.998,1.0,0.884,0.888
0.888,0.895,0.884,0.938,0.897,0.895,0.902,0.924,0.893,0.929,0.874,0.915,0.892,0.932,0.931,0.904,0.887,0.891,0.887,0.902,0.892,0.885,0.888,0.885,0.884,0.885,0.893,0.932,0.892,0.893,0.925,0.894,0.013,0.891,0.869,0.914,0.903,0.893,0.922,0.892,0.931,0.892,0.896,0.929,0.932,0.879,0.884,0.884,1.0,0.891
0.908,0.892,0.882,0.9,0.903,0.899,0.904,0.896,0.91,0.903,0.888,0.888,0.904,0.907,0.904,0.902,0.894,0.903,0.899,0.903,0.89,0.903,0.901,0.903,0.897,0.893,0.904,0.898,0.958,0.907,0.887,0.897,0.012,0.9,0.887,0.902,0.903,0.892,0.901,0.898,0.889,0.89,0.909,0.892,0.9,0.911,0.889,0.888,0.891,1.0
