GCF_000163235.1_ASM16323v1_genomic.fna,GCF_000164555.1_ASM16455v1_genomic.fna,GCF_000208545.1_ASM20854v2_genomic.fna,GCF_000233875.1_ASM23387v1_genomic.fna,GCF_000249735.1_ASM24973v2_genomic.fna,GCF_000261145.1_Esch_coli_M919_V2_genomic.fna,GCF_000267705.2_ASM26770v2_genomic.fna,GCF_000350665.1_Esch_coli_KTE5_V1_genomic.fna,GCF_000351625.1_Esch_coli_KTE66_V1_genomic.fna,GCF_000352285.1_Esch_coli_KTE46_V1_genomic.fna,GCF_000358895.1_ASM35889v1_genomic.fna,GCF_000456385.1_Esch_coli_HVH_26_4-5703913_V1_genomic.fna,GCF_000458195.1_Esch_coli_HVH_147_4-5893887_V1_genomic.fna,GCF_000459755.1_Esch_coli_KOEGE_58_171a_V1_genomic.fna,GCF_000460055.1_Esch_coli_UMEA_3053-1_V1_genomic.fna,GCF_000462165.2_ASM46216v2_genomic.fna,GCF_000601135.1_ASM60113v1_genomic.fna,GCF_000614595.1_Ec2010EL1058_genomic.fna,GCF_000617745.1_Ec2010C-4529_genomic.fna,GCF_000618265.2_EcF6751_genomic.fna,GCF_000619005.2_Ec2009C-4052_genomic.fna,GCF_000619105.1_Ec2009C-4780_genomic.fna,GCF_000619765.2_Ec2009C-3279_genomic.fna,GCF_000687005.1_ASM68700v1_genomic.fna,GCF_000687025.1_ASM68702v1_genomic.fna,GCF_000700125.1_ASM70012v1_genomic.fna,GCF_000753315.1_FHI35_genomic.fna,GCF_000776375.1_ASM77637v1_genomic.fna,GCF_000779395.1_ASM77939v1_genomic.fna,GCF_000780315.1_ASM78031v1_genomic.fna,GCF_000781995.1_ASM78199v1_genomic.fna,GCF_000986765.1_ASM98676v1_genomic.fna,GCF_001041375.1_ViralProj287958_genomic.fna,GCF_001265335.1_302014_genomic.fna,GCF_001265625.1_100854_genomic.fna,GCF_001267345.1_303289_genomic.fna,GCF_001309985.1_ASM130998v1_genomic.fna,GCF_001521695.1_ASM152169v1_genomic.fna,GCF_001592595.1_ASM159259v1_genomic.fna,GCF_001614975.1_ASM161497v1_genomic.fna,GCF_001692775.1_ASM169277v1_genomic.fna,GCF_001748915.1_ASM174891v1_genomic.fna,GCF_001749235.1_ASM174923v1_genomic.fna,GCF_001881155.1_ASM188115v1_genomic.fna,GCF_001881345.1_ASM188134v1_genomic.fna,GCF_001892405.1_ASM189240v1_genomic.fna,GCF_001892585.1_ASM189258v1_genomic.fna,GCF_001893985.1_ASM189398v1_genomic.fna,GCF_002001595.1_ASM200159v1_genomic.fna,GCF_002002145.1_ASM200214v1_genomic.fna
1.0,0.572,0.477,0.512,0.558,0.556,0.519,0.533,0.663,0.546,0.565,0.531,0.581,0.514,0.501,0.532,0.566,0.55,0.557,0.516,0.535,0.568,0.558,0.574,0.56,0.562,0.561,0.535,0.602,0.639,0.502,0.537,0.0,0.564,0.525,0.51,0.515,0.579,0.513,0.55,0.508,0.546,0.567,0.528,0.542,0.524,0.548,0.549,0.512,0.588
0.572,1.0,0.437,0.501,0.672,0.798,0.574,0.514,0.542,0.51,0.647,0.517,0.684,0.489,0.491,0.592,0.729,0.671,0.661,0.57,0.633,0.657,0.654,0.814,0.809,0.733,0.662,0.507,0.568,0.533,0.487,0.642,0.0,0.655,0.743,0.488,0.572,0.683,0.502,0.666,0.491,0.716,0.673,0.51,0.518,0.481,0.72,0.721,0.518,0.552
0.477,0.437,1.0,0.392,0.413,0.431,0.371,0.396,0.464,0.418,0.429,0.408,0.443,0.406,0.394,0.387,0.43,0.427,0.428,0.369,0.414,0.423,0.406,0.424,0.431,0.424,0.431,0.398,0.451,0.468,0.388,0.408,0.0,0.414,0.393,0.415,0.371,0.424,0.396,0.427,0.391,0.418,0.433,0.397,0.396,0.395,0.432,0.432,0.408,0.447
0.512,0.501,0.392,1.0,0.481,0.475,0.452,0.743,0.5,0.75,0.468,0.77,0.485,0.789,0.807,0.462,0.469,0.471,0.482,0.449,0.463,0.475,0.49,0.475,0.476,0.458,0.475,0.772,0.538,0.485,0.739,0.482,0.0,0.47,0.446,0.646,0.449,0.49,0.71,0.477,0.748,0.463,0.477,0.762,0.769,0.492,0.465,0.466,0.717,0.546
0.558,0.672,0.413,0.481,1.0,0.666,0.582,0.503,0.546,0.49,0.763,0.492,0.746,0.482,0.484,0.6,0.662,0.691,0.689,0.579,0.722,0.716,0.728,0.655,0.652,0.652,0.722,0.496,0.554,0.527,0.484,0.714,0.0,0.716,0.625,0.467,0.584,0.738,0.495,0.751,0.49,0.673,0.749,0.498,0.501,0.483,0.69,0.691,0.495,0.533
0.556,0.798,0.431,0.475,0.666,1.0,0.574,0.509,0.551,0.502,0.659,0.497,0.689,0.49,0.476,0.589,0.727,0.687,0.67,0.568,0.629,0.669,0.655,0.812,0.821,0.727,0.651,0.493,0.553,0.531,0.469,0.627,0.0,0.661,0.764,0.498,0.572,0.661,0.507,0.658,0.473,0.708,0.672,0.49,0.492,0.477,0.714,0.715,0.501,0.534
0.519,0.574,0.371,0.452,0.582,0.574,1.0,0.461,0.511,0.45,0.56,0.449,0.57,0.441,0.444,0.94,0.577,0.602,0.582,0.983,0.617,0.593,0.617,0.588,0.562,0.558,0.561,0.456,0.491,0.49,0.447,0.585,0.0,0.58,0.546,0.468,0.987,0.558,0.461,0.568,0.449,0.56,0.568,0.464,0.463,0.47,0.543,0.544,0.449,0.507
0.533,0.514,0.396,0.743,0.503,0.509,0.461,1.0,0.504,0.749,0.475,0.748,0.504,0.732,0.743,0.472,0.49,0.486,0.497,0.459,0.474,0.487,0.49,0.509,0.487,0.477,0.493,0.922,0.549,0.501,0.735,0.498,0.0,0.482,0.453,0.644,0.457,0.53,0.71,0.502,0.732,0.494,0.506,0.911,0.904,0.492,0.483,0.484,0.716,0.537
0.663,0.542,0.464,0.5,0.546,0.551,0.511,0.504,1.0,0.53,0.555,0.497,0.581,0.513,0.493,0.527,0.541,0.542,0.555,0.508,0.512,0.554,0.537,0.567,0.552,0.545,0.557,0.498,0.577,0.677,0.496,0.533,0.0,0.546,0.533,0.512,0.51,0.554,0.495,0.544,0.492,0.535,0.563,0.491,0.498,0.505,0.533,0.534,0.495,0.57
0.546,0.51,0.418,0.75,0.49,0.502,0.45,0.749,0.53,1.0,0.501,0.743,0.517,0.759,0.737,0.465,0.488,0.482,0.493,0.445,0.458,0.49,0.473,0.511,0.497,0.489,0.492,0.755,0.553,0.51,0.753,0.473,0.0,0.473,0.476,0.666,0.448,0.493,0.716,0.484,0.757,0.475,0.487,0.745,0.759,0.482,0.474,0.475,0.721,0.528
0.565,0.647,0.429,0.468,0.763,0.659,0.56,0.475,0.555,0.501,1.0,0.477,0.757,0.493,0.468,0.576,0.652,0.714,0.7,0.556,0.687,0.721,0.698,0.69,0.659,0.662,0.718,0.482,0.531,0.535,0.46,0.675,0.0,0.705,0.685,0.48,0.561,0.708,0.477,0.722,0.456,0.658,0.73,0.471,0.479,0.457,0.644,0.645,0.471,0.514
0.531,0.517,0.408,0.77,0.492,0.497,0.449,0.748,0.497,0.743,0.477,1.0,0.494,0.754,0.865,0.462,0.492,0.476,0.478,0.446,0.469,0.485,0.487,0.498,0.49,0.484,0.482,0.769,0.558,0.501,0.716,0.477,0.0,0.476,0.457,0.644,0.447,0.495,0.719,0.483,0.733,0.469,0.493,0.757,0.768,0.489,0.483,0.484,0.705,0.541
0.581,0.684,0.443,0.485,0.746,0.689,0.57,0.504,0.581,0.517,0.757,0.494,1.0,0.496,0.486,0.59,0.683,0.755,0.758,0.566,0.748,0.818,0.795,0.694,0.674,0.676,0.793,0.503,0.556,0.554,0.483,0.743,0.0,0.797,0.65,0.497,0.571,0.767,0.495,0.783,0.483,0.687,0.788,0.494,0.502,0.481,0.69,0.691,0.498,0.544
0.514,0.489,0.406,0.789,0.482,0.49,0.441,0.732,0.513,0.759,0.493,0.754,0.496,1.0,0.785,0.456,0.479,0.479,0.49,0.438,0.452,0.482,0.479,0.492,0.493,0.484,0.478,0.766,0.548,0.5,0.724,0.474,0.0,0.465,0.472,0.648,0.44,0.489,0.697,0.479,0.733,0.462,0.48,0.753,0.759,0.487,0.465,0.466,0.712,0.537
0.501,0.491,0.394,0.807,0.484,0.476,0.444,0.743,0.493,0.737,0.468,0.865,0.486,0.785,1.0,0.455,0.475,0.463,0.472,0.441,0.458,0.475,0.481,0.469,0.47,0.46,0.472,0.768,0.548,0.488,0.747,0.464,0.0,0.466,0.446,0.638,0.444,0.487,0.72,0.48,0.748,0.459,0.481,0.751,0.76,0.488,0.477,0.478,0.707,0.558
0.532,0.592,0.387,0.462,0.6,0.589,0.94,0.472,0.527,0.465,0.576,0.462,0.59,0.456,0.455,1.0,0.59,0.6,0.597,0.938,0.612,0.602,0.621,0.597,0.578,0.574,0.575,0.465,0.5,0.508,0.459,0.593,0.0,0.59,0.558,0.475,0.943,0.578,0.467,0.585,0.462,0.573,0.584,0.471,0.472,0.472,0.561,0.562,0.465,0.519
0.566,0.729,0.43,0.469,0.662,0.727,0.577,0.49,0.541,0.488,0.652,0.492,0.683,0.479,0.475,0.59,1.0,0.667,0.652,0.571,0.636,0.665,0.658,0.743,0.745,0.765,0.648,0.487,0.549,0.516,0.462,0.681,0.0,0.661,0.68,0.5,0.575,0.641,0.496,0.659,0.46,0.699,0.661,0.487,0.499,0.462,0.706,0.707,0.483,0.53
0.55,0.671,0.427,0.471,0.691,0.687,0.602,0.486,0.542,0.482,0.714,0.476,0.755,0.479,0.463,0.6,0.667,1.0,0.79,0.597,0.749,0.769,0.761,0.687,0.664,0.655,0.746,0.486,0.528,0.526,0.46,0.703,0.0,0.729,0.647,0.497,0.6,0.711,0.485,0.727,0.456,0.673,0.737,0.481,0.489,0.462,0.673,0.673,0.473,0.52
0.557,0.661,0.428,0.482,0.689,0.67,0.582,0.497,0.555,0.493,0.7,0.478,0.758,0.49,0.472,0.597,0.652,0.79,1.0,0.582,0.747,0.767,0.749,0.673,0.653,0.651,0.749,0.496,0.537,0.527,0.463,0.713,0.0,0.729,0.641,0.504,0.582,0.725,0.487,0.73,0.459,0.662,0.745,0.488,0.5,0.458,0.657,0.658,0.48,0.524
0.516,0.57,0.369,0.449,0.579,0.568,0.983,0.459,0.508,0.445,0.556,0.446,0.566,0.438,0.441,0.938,0.571,0.597,0.582,1.0,0.614,0.59,0.611,0.583,0.557,0.555,0.557,0.453,0.488,0.49,0.444,0.58,0.0,0.574,0.54,0.464,0.985,0.555,0.455,0.564,0.446,0.557,0.565,0.46,0.459,0.47,0.54,0.541,0.446,0.506
0.535,0.633,0.414,0.463,0.722,0.629,0.617,0.474,0.512,0.458,0.687,0.469,0.748,0.452,0.458,0.612,0.636,0.749,0.747,0.614,1.0,0.755,0.776,0.634,0.619,0.637,0.737,0.474,0.505,0.492,0.457,0.73,0.0,0.746,0.602,0.471,0.617,0.728,0.475,0.745,0.458,0.642,0.738,0.478,0.482,0.467,0.652,0.652,0.466,0.52
0.568,0.657,0.423,0.475,0.716,0.669,0.593,0.487,0.554,0.49,0.721,0.485,0.818,0.482,0.475,0.602,0.665,0.769,0.767,0.59,0.755,1.0,0.924,0.665,0.656,0.654,0.774,0.492,0.546,0.528,0.468,0.737,0.0,0.879,0.637,0.494,0.594,0.752,0.485,0.76,0.464,0.659,0.774,0.483,0.488,0.47,0.658,0.659,0.478,0.54
0.558,0.654,0.406,0.49,0.728,0.655,0.617,0.49,0.537,0.473,0.698,0.487,0.795,0.479,0.481,0.621,0.658,0.761,0.749,0.611,0.776,0.924,1.0,0.66,0.646,0.64,0.761,0.493,0.544,0.514,0.477,0.758,0.0,0.867,0.617,0.488,0.616,0.746,0.493,0.754,0.477,0.655,0.763,0.494,0.494,0.474,0.644,0.645,0.481,0.543
0.574,0.814,0.424,0.475,0.655,0.812,0.588,0.509,0.567,0.511,0.69,0.498,0.694,0.492,0.469,0.597,0.743,0.687,0.673,0.583,0.634,0.665,0.66,1.0,0.837,0.758,0.657,0.491,0.549,0.536,0.467,0.639,0.0,0.664,0.798,0.506,0.586,0.648,0.488,0.652,0.469,0.72,0.665,0.483,0.498,0.479,0.696,0.697,0.482,0.535
0.56,0.809,0.431,0.476,0.652,0.821,0.562,0.487,0.552,0.497,0.659,0.49,0.674,0.493,0.47,0.578,0.745,0.664,0.653,0.557,0.619,0.656,0.646,0.837,1.0,0.771,0.649,0.482,0.552,0.523,0.462,0.645,0.0,0.648,0.777,0.492,0.562,0.647,0.489,0.641,0.461,0.701,0.661,0.483,0.49,0.469,0.696,0.697,0.493,0.525
0.562,0.733,0.424,0.458,0.652,0.727,0.558,0.477,0.545,0.489,0.662,0.484,0.676,0.484,0.46,0.574,0.765,0.655,0.651,0.555,0.637,0.654,0.64,0.758,0.771,1.0,0.645,0.478,0.536,0.525,0.455,0.633,0.0,0.645,0.711,0.485,0.56,0.643,0.479,0.653,0.452,0.712,0.65,0.48,0.485,0.46,0.706,0.707,0.49,0.525
0.561,0.662,0.431,0.475,0.722,0.651,0.561,0.493,0.557,0.492,0.718,0.482,0.793,0.478,0.472,0.575,0.648,0.746,0.749,0.557,0.737,0.774,0.761,0.657,0.649,0.645,1.0,0.489,0.544,0.524,0.471,0.735,0.0,0.751,0.626,0.479,0.562,0.841,0.475,0.781,0.472,0.666,0.861,0.487,0.487,0.462,0.653,0.653,0.485,0.527
0.535,0.507,0.398,0.772,0.496,0.493,0.456,0.922,0.498,0.755,0.482,0.769,0.503,0.766,0.768,0.465,0.487,0.486,0.496,0.453,0.474,0.492,0.493,0.491,0.482,0.478,0.489,1.0,0.551,0.498,0.73,0.496,0.0,0.482,0.451,0.647,0.454,0.525,0.709,0.492,0.747,0.485,0.503,0.962,0.95,0.484,0.487,0.488,0.726,0.53
0.602,0.568,0.451,0.538,0.554,0.553,0.491,0.549,0.577,0.553,0.531,0.558,0.556,0.548,0.548,0.5,0.549,0.528,0.537,0.488,0.505,0.546,0.544,0.549,0.552,0.536,0.544,0.551,1.0,0.555,0.536,0.535,0.0,0.543,0.523,0.532,0.489,0.546,0.538,0.539,0.527,0.538,0.549,0.541,0.551,0.612,0.536,0.537,0.535,0.827
0.639,0.533,0.468,0.485,0.527,0.531,0.49,0.501,0.677,0.51,0.535,0.501,0.554,0.5,0.488,0.508,0.516,0.526,0.527,0.49,0.492,0.528,0.514,0.536,0.523,0.525,0.524,0.498,0.555,1.0,0.487,0.503,0.0,0.52,0.504,0.509,0.49,0.53,0.491,0.537,0.49,0.523,0.534,0.495,0.497,0.503,0.53,0.531,0.498,0.565
0.502,0.487,0.388,0.739,0.484,0.469,0.447,0.735,0.496,0.753,0.46,0.716,0.483,0.724,0.747,0.459,0.462,0.46,0.463,0.444,0.457,0.468,0.477,0.467,0.462,0.455,0.471,0.73,0.536,0.487,1.0,0.478,0.0,0.462,0.435,0.631,0.447,0.48,0.688,0.481,0.896,0.466,0.473,0.733,0.734,0.491,0.461,0.462,0.697,0.528
0.537,0.642,0.408,0.482,0.714,0.627,0.585,0.498,0.533,0.473,0.675,0.477,0.743,0.474,0.464,0.593,0.681,0.703,0.713,0.58,0.73,0.737,0.758,0.639,0.645,0.633,0.735,0.496,0.535,0.503,0.478,1.0,0.0,0.73,0.587,0.469,0.585,0.737,0.482,0.749,0.475,0.659,0.746,0.498,0.504,0.478,0.649,0.649,0.484,0.523
0.0,0.0,0.0,0.0,0.0,0.0,0.0,0.0,0.0,0.0,0.0,0.0,0.0,0.0,0.0,0.0,0.0,0.0,0.0,0.0,0.0,0.0,0.0,0.0,0.0,0.0,0.0,0.0,0.0,0.0,0.0,0.0,1.0,0.0,0.0,0.0,0.0,0.0,0.0,0.0,0.0,0.0,0.0,0.0,0.0,0.0,0.0,0.0,0.0,0.0
0.564,0.655,0.414,0.47,0.716,0.661,0.58,0.482,0.546,0.473,0.705,0.476,0.797,0.465,0.466,0.59,0.661,0.729,0.729,0.574,0.746,0.879,0.867,0.664,0.648,0.645,0.751,0.482,0.543,0.52,0.462,0.73,0.0,1.0,0.628,0.495,0.58,0.743,0.5,0.754,0.457,0.659,0.77,0.473,0.488,0.464,0.664,0.665,0.471,0.537
0.525,0.743,0.393,0.446,0.625,0.764,0.546,0.453,0.533,0.476,0.685,0.457,0.65,0.472,0.446,0.558,0.68,0.647,0.641,0.54,0.602,0.637,0.617,0.798,0.777,0.711,0.626,0.451,0.523,0.504,0.435,0.587,0.0,0.628,1.0,0.469,0.544,0.612,0.458,0.625,0.432,0.659,0.632,0.441,0.453,0.443,0.661,0.662,0.452,0.505
0.51,0.488,0.415,0.646,0.467,0.498,0.468,0.644,0.512,0.666,0.48,0.644,0.497,0.648,0.638,0.475,0.5,0.497,0.504,0.464,0.471,0.494,0.488,0.506,0.492,0.485,0.479,0.647,0.532,0.509,0.631,0.469,0.0,0.495,0.469,1.0,0.466,0.468,0.662,0.477,0.626,0.475,0.477,0.64,0.651,0.474,0.473,0.474,0.628,0.522
0.515,0.572,0.371,0.449,0.584,0.572,0.987,0.457,0.51,0.448,0.561,0.447,0.571,0.44,0.444,0.943,0.575,0.6,0.582,0.985,0.617,0.594,0.616,0.586,0.562,0.56,0.562,0.454,0.489,0.49,0.447,0.585,0.0,0.58,0.544,0.466,1.0,0.559,0.457,0.569,0.448,0.561,0.568,0.46,0.458,0.47,0.544,0.545,0.448,0.507
0.579,0.683,0.424,0.49,0.738,0.661,0.558,0.53,0.554,0.493,0.708,0.495,0.767,0.489,0.487,0.578,0.641,0.711,0.725,0.555,0.728,0.752,0.746,0.648,0.647,0.643,0.841,0.525,0.546,0.53,0.48,0.737,0.0,0.743,0.612,0.468,0.559,1.0,0.493,0.779,0.481,0.666,0.879,0.522,0.51,0.472,0.671,0.671,0.506,0.535
0.513,0.502,0.396,0.71,0.495,0.507,0.461,0.71,0.495,0.716,0.477,0.719,0.495,0.697,0.72,0.467,0.496,0.485,0.487,0.455,0.475,0.485,0.493,0.488,0.489,0.479,0.475,0.709,0.538,0.491,0.688,0.482,0.0,0.5,0.458,0.662,0.457,0.493,1.0,0.491,0.679,0.483,0.498,0.7,0.712,0.473,0.483,0.484,0.693,0.523
0.55,0.666,0.427,0.477,0.751,0.658,0.568,0.502,0.544,0.484,0.722,0.483,0.783,0.479,0.48,0.585,0.659,0.727,0.73,0.564,0.745,0.76,0.754,0.652,0.641,0.653,0.781,0.492,0.539,0.537,0.481,0.749,0.0,0.754,0.625,0.477,0.569,0.779,0.491,1.0,0.474,0.677,0.792,0.49,0.499,0.474,0.698,0.698,0.484,0.54
0.508,0.491,0.391,0.748,0.49,0.473,0.449,0.732,0.492,0.757,0.456,0.733,0.483,0.733,0.748,0.462,0.46,0.456,0.459,0.446,0.458,0.464,0.477,0.469,0.461,0.452,0.472,0.747,0.527,0.49,0.896,0.475,0.0,0.457,0.432,0.626,0.448,0.481,0.679,0.474,1.0,0.47,0.468,0.751,0.748,0.49,0.459,0.46,0.696,0.526
0.546,0.716,0.418,0.463,0.673,0.708,0.56,0.494,0.535,0.475,0.658,0.469,0.687,0.462,0.459,0.573,0.699,0.673,0.662,0.557,0.642,0.659,0.655,0.72,0.701,0.712,0.666,0.485,0.538,0.523,0.466,0.659,0.0,0.659,0.659,0.475,0.561,0.666,0.483,0.677,0.47,1.0,0.698,0.482,0.488,0.453,0.727,0.728,0.479,0.522
0.567,0.673,0.433,0.477,0.749,0.672,0.568,0.506,0.563,0.487,0.73,0.493,0.788,0.48,0.481,0.584,0.661,0.737,0.745,0.565,0.738,0.774,0.763,0.665,0.661,0.65,0.861,0.503,0.549,0.534,0.473,0.746,0.0,0.77,0.632,0.477,0.568,0.879,0.498,0.792,0.468,0.698,1.0,0.497,0.502,0.474,0.676,0.677,0.49,0.537
0.528,0.51,0.397,0.762,0.498,0.49,0.464,0.911,0.491,0.745,0.471,0.757,0.494,0.753,0.751,0.471,0.487,0.481,0.488,0.46,0.478,0.483,0.494,0.483,0.483,0.48,0.487,0.962,0.541,0.495,0.733,0.498,0.0,0.473,0.441,0.64,0.46,0.522,0.7,0.49,0.751,0.482,0.497,1.0,0.955,0.489,0.48,0.481,0.738,0.533
0.542,0.518,0.396,0.769,0.501,0.492,0.463,0.904,0.498,0.759,0.479,0.768,0.502,0.759,0.76,0.472,0.499,0.489,0.5,0.459,0.482,0.488,0.494,0.498,0.49,0.485,0.487,0.95,0.551,0.497,0.734,0.504,0.0,0.488,0.453,0.651,0.458,0.51,0.712,0.499,0.748,0.488,0.502,0.955,1.0,0.487,0.493,0.494,0.727,0.533
0.524,0.481,0.395,0.492,0.483,0.477,0.47,0.492,0.505,0.482,0.457,0.489,0.481,0.487,0.488,0.472,0.462,0.462,0.458,0.47,0.467,0.47,0.474,0.479,0.469,0.46,0.462,0.484,0.612,0.503,0.491,0.478,0.0,0.464,0.443,0.474,0.47,0.472,0.473,0.474,0.49,0.453,0.474,0.489,0.487,1.0,0.495,0.496,0.507,0.673
0.548,0.72,0.432,0.465,0.69,0.714,0.543,0.483,0.533,0.474,0.644,0.483,0.69,0.465,0.477,0.561,0.706,0.673,0.657,0.54,0.652,0.658,0.644,0.696,0.696,0.706,0.653,0.487,0.536,0.53,0.461,0.649,0.0,0.664,0.661,0.473,0.544,0.671,0.483,0.698,0.459,0.727,0.676,0.48,0.493,0.495,1.0,0.998,0.488,0.539
0.549,0.721,0.432,0.466,0.691,0.715,0.544,0.484,0.534,0.475,0.645,0.484,0.691,0.466,0.478,0.562,0.707,0.673,0.658,0.541,0.652,0.659,0.645,0.697,0.697,0.707,0.653,0.488,0.537,0.531,0.462,0.649,0.0,0.665,0.662,0.474,0.545,0.671,0.484,0.698,0.46,0.728,0.677,0.481,0.494,0.496,0.998,1.0,0.489,0.54
0.512,0.518,0.408,0.717,0.495,0.501,0.449,0.716,0.495,0.721,0.471,0.705,0.498,0.712,0.707,0.465,0.483,0.473,0.48,0.446,0.466,0.478,0.481,0.482,0.493,0.49,0.485,0.726,0.535,0.498,0.697,0.484,0.0,0.471,0.452,0.628,0.448,0.506,0.693,0.484,0.696,0.479,0.49,0.738,0.727,0.507,0.488,0.489,1.0,0.534
0.588,0.552,0.447,0.546,0.533,0.534,0.507,0.537,0.57,0.528,0.514,0.541,0.544,0.537,0.558,0.519,0.53,0.52,0.524,0.506,0.52,0.54,0.543,0.535,0.525,0.525,0.527,0.53,0.827,0.565,0.528,0.523,0.0,0.537,0.505,0.522,0.507,0.535,0.523,0.54,0.526,0.522,0.537,0.533,0.533,0.673,0.539,0.54,0.534,1.0
