GCF_000163235.1_ASM16323v1_genomic.fna,GCF_000164555.1_ASM16455v1_genomic.fna,GCF_000208545.1_ASM20854v2_genomic.fna,GCF_000233875.1_ASM23387v1_genomic.fna,GCF_000249735.1_ASM24973v2_genomic.fna,GCF_000261145.1_Esch_coli_M919_V2_genomic.fna,GCF_000267705.2_ASM26770v2_genomic.fna,GCF_000350665.1_Esch_coli_KTE5_V1_genomic.fna,GCF_000351625.1_Esch_coli_KTE66_V1_genomic.fna,GCF_000352285.1_Esch_coli_KTE46_V1_genomic.fna,GCF_000358895.1_ASM35889v1_genomic.fna,GCF_000456385.1_Esch_coli_HVH_26_4-5703913_V1_genomic.fna,GCF_000458195.1_Esch_coli_HVH_147_4-5893887_V1_genomic.fna,GCF_000459755.1_Esch_coli_KOEGE_58_171a_V1_genomic.fna,GCF_000460055.1_Esch_coli_UMEA_3053-1_V1_genomic.fna,GCF_000462165.2_ASM46216v2_genomic.fna,GCF_000601135.1_ASM60113v1_genomic.fna,GCF_000614595.1_Ec2010EL1058_genomic.fna,GCF_000617745.1_Ec2010C-4529_genomic.fna,GCF_000618265.2_EcF6751_genomic.fna,GCF_000619005.2_Ec2009C-4052_genomic.fna,GCF_000619105.1_Ec2009C-4780_genomic.fna,GCF_000619765.2_Ec2009C-3279_genomic.fna,GCF_000687005.1_ASM68700v1_genomic.fna,GCF_000687025.1_ASM68702v1_genomic.fna,GCF_000700125.1_ASM70012v1_genomic.fna,GCF_000753315.1_FHI35_genomic.fna,GCF_000776375.1_ASM77637v1_genomic.fna,GCF_000779395.1_ASM77939v1_genomic.fna,GCF_000780315.1_ASM78031v1_genomic.fna,GCF_000781995.1_ASM78199v1_genomic.fna,GCF_000986765.1_ASM98676v1_genomic.fna,GCF_001041375.1_ViralProj287958_genomic.fna,GCF_001265335.1_302014_genomic.fna,GCF_001265625.1_100854_genomic.fna,GCF_001267345.1_303289_genomic.fna,GCF_001309985.1_ASM130998v1_genomic.fna,GCF_001521695.1_ASM152169v1_genomic.fna,GCF_001592595.1_ASM159259v1_genomic.fna,GCF_001614975.1_ASM161497v1_genomic.fna,GCF_001692775.1_ASM169277v1_genomic.fna,GCF_001748915.1_ASM174891v1_genomic.fna,GCF_001749235.1_ASM174923v1_genomic.fna,GCF_001881155.1_ASM188115v1_genomic.fna,GCF_001881345.1_ASM188134v1_genomic.fna,GCF_001892405.1_ASM189240v1_genomic.fna,GCF_001892585.1_ASM189258v1_genomic.fna,GCF_001893985.1_ASM189398v1_genomic.fna,GCF_002001595.1_ASM200159v1_genomic.fna,GCF_002002145.1_ASM200214v1_genomic.fna
1.0,0.567,0.479,0.537,0.576,0.554,0.549,0.519,0.667,0.539,0.581,0.546,0.568,0.527,0.52,0.557,0.569,0.566,0.549,0.545,0.518,0.559,0.561,0.587,0.572,0.564,0.568,0.538,0.607,0.648,0.519,0.532,0.0,0.542,0.558,0.535,0.542,0.569,0.528,0.573,0.526,0.552,0.553,0.511,0.524,0.538,0.538,0.539,0.524,0.61
0.567,1.0,0.453,0.509,0.689,0.801,0.599,0.528,0.531,0.5,0.646,0.523,0.673,0.483,0.5,0.599,0.718,0.665,0.657,0.595,0.653,0.665,0.67,0.805,0.807,0.727,0.666,0.516,0.536,0.537,0.494,0.684,0.0,0.661,0.745,0.485,0.595,0.693,0.493,0.665,0.497,0.727,0.681,0.539,0.531,0.517,0.714,0.714,0.511,0.54
0.479,0.453,1.0,0.418,0.46,0.459,0.451,0.424,0.483,0.421,0.449,0.437,0.457,0.413,0.435,0.457,0.449,0.451,0.439,0.447,0.436,0.455,0.464,0.461,0.459,0.433,0.45,0.427,0.466,0.493,0.415,0.442,0.0,0.456,0.426,0.418,0.447,0.457,0.421,0.464,0.426,0.463,0.461,0.425,0.421,0.417,0.45,0.45,0.427,0.476
0.537,0.509,0.418,1.0,0.516,0.506,0.47,0.734,0.511,0.759,0.501,0.778,0.498,0.801,0.808,0.475,0.482,0.499,0.484,0.466,0.468,0.501,0.509,0.502,0.512,0.483,0.507,0.782,0.554,0.511,0.788,0.482,0.0,0.485,0.48,0.69,0.467,0.5,0.714,0.5,0.802,0.495,0.488,0.752,0.758,0.508,0.485,0.486,0.715,0.554
0.576,0.689,0.46,0.516,1.0,0.715,0.614,0.515,0.557,0.515,0.793,0.528,0.773,0.517,0.523,0.621,0.691,0.741,0.729,0.609,0.728,0.739,0.749,0.702,0.706,0.689,0.766,0.528,0.558,0.57,0.513,0.731,0.0,0.741,0.67,0.512,0.61,0.778,0.52,0.773,0.518,0.712,0.777,0.507,0.513,0.517,0.723,0.724,0.519,0.565
0.554,0.801,0.459,0.506,0.715,1.0,0.603,0.518,0.542,0.498,0.67,0.51,0.684,0.499,0.501,0.612,0.729,0.685,0.673,0.599,0.659,0.676,0.689,0.8,0.827,0.728,0.673,0.513,0.549,0.535,0.497,0.674,0.0,0.68,0.772,0.492,0.597,0.693,0.526,0.681,0.502,0.751,0.696,0.507,0.512,0.503,0.742,0.742,0.506,0.543
0.549,0.599,0.451,0.47,0.614,0.603,1.0,0.49,0.554,0.464,0.597,0.468,0.604,0.47,0.47,0.963,0.581,0.638,0.621,0.987,0.638,0.625,0.636,0.596,0.592,0.571,0.614,0.483,0.538,0.543,0.466,0.612,0.0,0.611,0.567,0.49,0.989,0.595,0.492,0.603,0.466,0.584,0.615,0.491,0.494,0.507,0.583,0.582,0.477,0.542
0.519,0.528,0.424,0.734,0.515,0.518,0.49,1.0,0.493,0.725,0.484,0.732,0.499,0.729,0.72,0.488,0.484,0.499,0.48,0.487,0.485,0.489,0.498,0.508,0.51,0.488,0.503,0.903,0.542,0.497,0.727,0.5,0.0,0.487,0.474,0.647,0.487,0.521,0.705,0.5,0.727,0.502,0.501,0.907,0.899,0.521,0.486,0.484,0.676,0.534
0.667,0.531,0.483,0.511,0.557,0.542,0.554,0.493,1.0,0.52,0.558,0.517,0.553,0.507,0.521,0.561,0.543,0.555,0.529,0.548,0.512,0.554,0.55,0.557,0.547,0.534,0.555,0.519,0.589,0.665,0.512,0.512,0.0,0.538,0.529,0.529,0.548,0.544,0.519,0.565,0.514,0.547,0.556,0.49,0.495,0.531,0.533,0.533,0.499,0.605
0.539,0.5,0.421,0.759,0.515,0.498,0.464,0.725,0.52,1.0,0.534,0.746,0.5,0.766,0.744,0.469,0.488,0.498,0.478,0.463,0.464,0.492,0.49,0.515,0.503,0.488,0.508,0.755,0.559,0.515,0.765,0.473,0.0,0.482,0.496,0.695,0.462,0.499,0.723,0.507,0.776,0.491,0.49,0.724,0.741,0.491,0.479,0.48,0.731,0.532
0.581,0.646,0.449,0.501,0.793,0.67,0.597,0.484,0.558,0.534,1.0,0.494,0.782,0.498,0.498,0.607,0.678,0.733,0.718,0.592,0.699,0.743,0.738,0.732,0.67,0.683,0.758,0.506,0.555,0.563,0.495,0.698,0.0,0.721,0.699,0.525,0.592,0.746,0.501,0.77,0.501,0.687,0.745,0.479,0.486,0.483,0.671,0.673,0.521,0.553
0.546,0.523,0.437,0.778,0.528,0.51,0.468,0.732,0.517,0.746,0.494,1.0,0.505,0.777,0.876,0.475,0.497,0.499,0.483,0.464,0.476,0.502,0.505,0.507,0.516,0.502,0.51,0.767,0.558,0.514,0.746,0.488,0.0,0.493,0.486,0.68,0.465,0.511,0.723,0.504,0.763,0.502,0.501,0.742,0.752,0.521,0.494,0.494,0.7,0.545
0.568,0.673,0.457,0.498,0.773,0.684,0.604,0.499,0.553,0.5,0.782,0.505,1.0,0.493,0.501,0.612,0.69,0.774,0.782,0.599,0.761,0.83,0.828,0.705,0.685,0.694,0.812,0.512,0.549,0.572,0.498,0.759,0.0,0.812,0.669,0.496,0.598,0.783,0.501,0.827,0.503,0.698,0.786,0.485,0.488,0.489,0.687,0.688,0.507,0.556
0.527,0.483,0.413,0.801,0.517,0.499,0.47,0.729,0.507,0.766,0.498,0.777,0.493,1.0,0.813,0.476,0.474,0.491,0.478,0.467,0.459,0.495,0.495,0.491,0.499,0.475,0.509,0.776,0.554,0.505,0.784,0.471,0.0,0.478,0.472,0.688,0.468,0.499,0.72,0.5,0.797,0.497,0.488,0.748,0.754,0.504,0.473,0.474,0.718,0.546
0.52,0.5,0.435,0.808,0.523,0.501,0.47,0.72,0.521,0.744,0.498,0.876,0.501,0.813,1.0,0.471,0.49,0.501,0.483,0.467,0.471,0.504,0.504,0.5,0.506,0.487,0.508,0.766,0.552,0.512,0.772,0.48,0.0,0.486,0.484,0.693,0.467,0.505,0.723,0.5,0.785,0.509,0.501,0.734,0.744,0.509,0.488,0.489,0.708,0.552
0.557,0.599,0.457,0.475,0.621,0.612,0.963,0.488,0.561,0.469,0.607,0.475,0.612,0.476,0.471,1.0,0.581,0.633,0.624,0.957,0.628,0.631,0.634,0.598,0.594,0.574,0.614,0.487,0.542,0.553,0.473,0.601,0.0,0.614,0.571,0.492,0.958,0.6,0.497,0.609,0.472,0.588,0.619,0.487,0.494,0.51,0.587,0.587,0.485,0.545
0.569,0.718,0.449,0.482,0.691,0.729,0.581,0.484,0.543,0.488,0.678,0.497,0.69,0.474,0.49,0.581,1.0,0.672,0.663,0.573,0.646,0.677,0.676,0.784,0.754,0.78,0.679,0.496,0.55,0.532,0.467,0.679,0.0,0.667,0.721,0.504,0.574,0.661,0.488,0.681,0.472,0.709,0.663,0.48,0.486,0.455,0.707,0.709,0.492,0.543
0.566,0.665,0.451,0.499,0.741,0.685,0.638,0.499,0.555,0.498,0.733,0.499,0.774,0.491,0.501,0.633,0.672,1.0,0.787,0.633,0.749,0.786,0.784,0.694,0.671,0.667,0.775,0.516,0.544,0.577,0.495,0.722,0.0,0.746,0.652,0.51,0.632,0.742,0.513,0.77,0.5,0.692,0.748,0.491,0.498,0.486,0.678,0.679,0.494,0.547
0.549,0.657,0.439,0.484,0.729,0.673,0.621,0.48,0.529,0.478,0.718,0.483,0.782,0.478,0.483,0.624,0.663,0.787,1.0,0.615,0.744,0.768,0.772,0.682,0.673,0.66,0.76,0.49,0.524,0.547,0.48,0.722,0.0,0.733,0.656,0.496,0.615,0.734,0.501,0.769,0.483,0.679,0.737,0.465,0.469,0.481,0.675,0.676,0.485,0.535
0.545,0.595,0.447,0.466,0.609,0.599,0.987,0.487,0.548,0.463,0.592,0.464,0.599,0.467,0.467,0.957,0.573,0.633,0.615,1.0,0.632,0.62,0.631,0.591,0.589,0.566,0.609,0.479,0.53,0.538,0.464,0.611,0.0,0.607,0.561,0.486,0.995,0.589,0.489,0.599,0.464,0.579,0.61,0.486,0.489,0.507,0.578,0.577,0.473,0.537
0.518,0.653,0.436,0.468,0.728,0.659,0.638,0.485,0.512,0.464,0.699,0.476,0.761,0.459,0.471,0.628,0.646,0.749,0.744,0.632,1.0,0.76,0.771,0.659,0.648,0.651,0.75,0.486,0.509,0.537,0.462,0.736,0.0,0.753,0.623,0.482,0.632,0.738,0.486,0.749,0.468,0.663,0.75,0.485,0.488,0.488,0.672,0.673,0.472,0.519
0.559,0.665,0.455,0.501,0.739,0.676,0.625,0.489,0.554,0.492,0.743,0.502,0.83,0.495,0.504,0.631,0.677,0.786,0.768,0.62,0.76,1.0,0.944,0.687,0.672,0.661,0.785,0.509,0.534,0.562,0.493,0.749,0.0,0.886,0.65,0.496,0.62,0.759,0.504,0.797,0.5,0.681,0.771,0.482,0.486,0.481,0.677,0.678,0.502,0.548
0.561,0.67,0.464,0.509,0.749,0.689,0.636,0.498,0.55,0.49,0.738,0.505,0.828,0.495,0.504,0.634,0.676,0.784,0.772,0.631,0.771,0.944,1.0,0.688,0.676,0.662,0.797,0.513,0.538,0.56,0.496,0.768,0.0,0.885,0.645,0.497,0.63,0.77,0.506,0.791,0.501,0.685,0.775,0.493,0.494,0.487,0.681,0.682,0.5,0.546
0.587,0.805,0.461,0.502,0.702,0.8,0.596,0.508,0.557,0.515,0.732,0.507,0.705,0.491,0.5,0.598,0.784,0.694,0.682,0.591,0.659,0.687,0.688,1.0,0.83,0.762,0.69,0.508,0.557,0.546,0.49,0.658,0.0,0.674,0.827,0.518,0.59,0.69,0.49,0.697,0.498,0.741,0.689,0.489,0.495,0.487,0.726,0.728,0.507,0.558
0.572,0.807,0.459,0.512,0.706,0.827,0.592,0.51,0.547,0.503,0.67,0.516,0.685,0.499,0.506,0.594,0.754,0.671,0.673,0.589,0.648,0.672,0.676,0.83,1.0,0.772,0.679,0.522,0.546,0.541,0.492,0.667,0.0,0.664,0.793,0.503,0.589,0.693,0.509,0.692,0.504,0.731,0.687,0.516,0.511,0.492,0.729,0.729,0.528,0.548
0.564,0.727,0.433,0.483,0.689,0.728,0.571,0.488,0.534,0.488,0.683,0.502,0.694,0.475,0.487,0.574,0.78,0.667,0.66,0.566,0.651,0.661,0.662,0.762,0.772,1.0,0.671,0.498,0.537,0.532,0.475,0.651,0.0,0.647,0.721,0.495,0.565,0.672,0.48,0.683,0.481,0.718,0.659,0.494,0.483,0.475,0.726,0.729,0.514,0.539
0.568,0.666,0.45,0.507,0.766,0.673,0.614,0.503,0.555,0.508,0.758,0.51,0.812,0.509,0.508,0.614,0.679,0.775,0.76,0.609,0.75,0.785,0.797,0.69,0.679,0.671,1.0,0.521,0.547,0.566,0.505,0.758,0.0,0.763,0.654,0.508,0.609,0.841,0.504,0.806,0.509,0.68,0.847,0.496,0.498,0.501,0.675,0.676,0.509,0.55
0.538,0.516,0.427,0.782,0.528,0.513,0.483,0.903,0.519,0.755,0.506,0.767,0.512,0.776,0.766,0.487,0.496,0.516,0.49,0.479,0.486,0.509,0.513,0.508,0.522,0.498,0.521,1.0,0.567,0.515,0.753,0.491,0.0,0.494,0.483,0.667,0.48,0.527,0.717,0.507,0.766,0.506,0.503,0.951,0.944,0.513,0.493,0.494,0.71,0.547
0.607,0.536,0.466,0.554,0.558,0.549,0.538,0.542,0.589,0.559,0.555,0.558,0.549,0.554,0.552,0.542,0.55,0.544,0.524,0.53,0.509,0.534,0.538,0.557,0.546,0.537,0.547,0.567,1.0,0.578,0.538,0.518,0.0,0.531,0.53,0.553,0.53,0.541,0.545,0.546,0.54,0.531,0.535,0.542,0.551,0.608,0.531,0.531,0.545,0.847
0.648,0.537,0.493,0.511,0.57,0.535,0.543,0.497,0.665,0.515,0.563,0.514,0.572,0.505,0.512,0.553,0.532,0.577,0.547,0.538,0.537,0.562,0.56,0.546,0.541,0.532,0.566,0.515,0.578,1.0,0.512,0.543,0.0,0.549,0.526,0.528,0.538,0.556,0.512,0.588,0.521,0.552,0.564,0.492,0.501,0.548,0.542,0.545,0.512,0.59
0.519,0.494,0.415,0.788,0.513,0.497,0.466,0.727,0.512,0.765,0.495,0.746,0.498,0.784,0.772,0.473,0.467,0.495,0.48,0.464,0.462,0.493,0.496,0.49,0.492,0.475,0.505,0.753,0.538,0.512,1.0,0.473,0.0,0.482,0.469,0.68,0.463,0.5,0.712,0.492,0.905,0.501,0.489,0.722,0.73,0.506,0.478,0.479,0.707,0.531
0.532,0.684,0.442,0.482,0.731,0.674,0.612,0.5,0.512,0.473,0.698,0.488,0.759,0.471,0.48,0.601,0.679,0.722,0.722,0.611,0.736,0.749,0.768,0.658,0.667,0.651,0.758,0.491,0.518,0.543,0.473,1.0,0.0,0.746,0.619,0.471,0.611,0.772,0.49,0.77,0.474,0.682,0.768,0.494,0.495,0.495,0.676,0.677,0.485,0.522
0.0,0.0,0.0,0.0,0.0,0.0,0.0,0.0,0.0,0.0,0.0,0.0,0.0,0.0,0.0,0.0,0.0,0.0,0.0,0.0,0.0,0.0,0.0,0.0,0.0,0.0,0.0,0.0,0.0,0.0,0.0,0.0,1.0,0.0,0.0,0.0,0.0,0.0,0.0,0.0,0.0,0.0,0.0,0.0,0.0,0.0,0.0,0.0,0.0,0.0
0.542,0.661,0.456,0.485,0.741,0.68,0.611,0.487,0.538,0.482,0.721,0.493,0.812,0.478,0.486,0.614,0.667,0.746,0.733,0.607,0.753,0.886,0.885,0.674,0.664,0.647,0.763,0.494,0.531,0.549,0.482,0.746,0.0,1.0,0.635,0.502,0.604,0.761,0.511,0.774,0.484,0.675,0.778,0.482,0.491,0.478,0.675,0.676,0.487,0.531
0.558,0.745,0.426,0.48,0.67,0.772,0.567,0.474,0.529,0.496,0.699,0.486,0.669,0.472,0.484,0.571,0.721,0.652,0.656,0.561,0.623,0.65,0.645,0.827,0.793,0.721,0.654,0.483,0.53,0.526,0.469,0.619,0.0,0.635,1.0,0.492,0.56,0.648,0.474,0.671,0.474,0.703,0.656,0.461,0.468,0.464,0.691,0.691,0.493,0.53
0.535,0.485,0.418,0.69,0.512,0.492,0.49,0.647,0.529,0.695,0.525,0.68,0.496,0.688,0.693,0.492,0.504,0.51,0.496,0.486,0.482,0.496,0.497,0.518,0.503,0.495,0.508,0.667,0.553,0.528,0.68,0.471,0.0,0.502,0.492,1.0,0.485,0.496,0.695,0.513,0.687,0.501,0.496,0.644,0.653,0.491,0.484,0.485,0.679,0.541
0.542,0.595,0.447,0.467,0.61,0.597,0.989,0.487,0.548,0.462,0.592,0.465,0.598,0.468,0.467,0.958,0.574,0.632,0.615,0.995,0.632,0.62,0.63,0.59,0.589,0.565,0.609,0.48,0.53,0.538,0.463,0.611,0.0,0.604,0.56,0.485,1.0,0.589,0.487,0.598,0.463,0.578,0.609,0.487,0.49,0.507,0.578,0.577,0.473,0.536
0.569,0.693,0.457,0.5,0.778,0.693,0.595,0.521,0.544,0.499,0.746,0.511,0.783,0.499,0.505,0.6,0.661,0.742,0.734,0.589,0.738,0.759,0.77,0.69,0.693,0.672,0.841,0.527,0.541,0.556,0.5,0.772,0.0,0.761,0.648,0.496,0.589,1.0,0.512,0.79,0.503,0.69,0.87,0.512,0.505,0.497,0.701,0.7,0.511,0.547
0.528,0.493,0.421,0.714,0.52,0.526,0.492,0.705,0.519,0.723,0.501,0.723,0.501,0.72,0.723,0.497,0.488,0.513,0.501,0.489,0.486,0.504,0.506,0.49,0.509,0.48,0.504,0.717,0.545,0.512,0.712,0.49,0.0,0.511,0.474,0.695,0.487,0.512,1.0,0.512,0.717,0.509,0.506,0.699,0.715,0.498,0.495,0.496,0.681,0.532
0.573,0.665,0.464,0.5,0.773,0.681,0.603,0.5,0.565,0.507,0.77,0.504,0.827,0.5,0.5,0.609,0.681,0.77,0.769,0.599,0.749,0.797,0.791,0.697,0.692,0.683,0.806,0.507,0.546,0.588,0.492,0.77,0.0,0.774,0.671,0.513,0.598,0.79,0.512,1.0,0.502,0.697,0.792,0.481,0.491,0.502,0.706,0.705,0.509,0.563
0.526,0.497,0.426,0.802,0.518,0.502,0.466,0.727,0.514,0.776,0.501,0.763,0.503,0.797,0.785,0.472,0.472,0.5,0.483,0.464,0.468,0.5,0.501,0.498,0.504,0.481,0.509,0.766,0.54,0.521,0.905,0.474,0.0,0.484,0.474,0.687,0.463,0.503,0.717,0.502,1.0,0.504,0.488,0.733,0.744,0.503,0.481,0.482,0.713,0.535
0.552,0.727,0.463,0.495,0.712,0.751,0.584,0.502,0.547,0.491,0.687,0.502,0.698,0.497,0.509,0.588,0.709,0.692,0.679,0.579,0.663,0.681,0.685,0.741,0.731,0.718,0.68,0.506,0.531,0.552,0.501,0.682,0.0,0.675,0.703,0.501,0.578,0.69,0.509,0.697,0.504,1.0,0.711,0.492,0.498,0.486,0.755,0.756,0.503,0.535
0.553,0.681,0.461,0.488,0.777,0.696,0.615,0.501,0.556,0.49,0.745,0.501,0.786,0.488,0.501,0.619,0.663,0.748,0.737,0.61,0.75,0.771,0.775,0.689,0.687,0.659,0.847,0.503,0.535,0.564,0.489,0.768,0.0,0.778,0.656,0.496,0.609,0.87,0.506,0.792,0.488,0.711,1.0,0.491,0.498,0.497,0.689,0.689,0.504,0.544
0.511,0.539,0.425,0.752,0.507,0.507,0.491,0.907,0.49,0.724,0.479,0.742,0.485,0.748,0.734,0.487,0.48,0.491,0.465,0.486,0.485,0.482,0.493,0.489,0.516,0.494,0.496,0.951,0.542,0.492,0.722,0.494,0.0,0.482,0.461,0.644,0.487,0.512,0.699,0.481,0.733,0.492,0.491,1.0,0.96,0.519,0.479,0.479,0.692,0.52
0.524,0.531,0.421,0.758,0.513,0.512,0.494,0.899,0.495,0.741,0.486,0.752,0.488,0.754,0.744,0.494,0.486,0.498,0.469,0.489,0.488,0.486,0.494,0.495,0.511,0.483,0.498,0.944,0.551,0.501,0.73,0.495,0.0,0.491,0.468,0.653,0.49,0.505,0.715,0.491,0.744,0.498,0.498,0.96,1.0,0.512,0.482,0.482,0.686,0.525
0.538,0.517,0.417,0.508,0.517,0.503,0.507,0.521,0.531,0.491,0.483,0.521,0.489,0.504,0.509,0.51,0.455,0.486,0.481,0.507,0.488,0.481,0.487,0.487,0.492,0.475,0.501,0.513,0.608,0.548,0.506,0.495,0.0,0.478,0.464,0.491,0.507,0.497,0.498,0.502,0.503,0.486,0.497,0.519,0.512,1.0,0.51,0.508,0.494,0.662
0.538,0.714,0.45,0.485,0.723,0.742,0.583,0.486,0.533,0.479,0.671,0.494,0.687,0.473,0.488,0.587,0.707,0.678,0.675,0.578,0.672,0.677,0.681,0.726,0.729,0.726,0.675,0.493,0.531,0.542,0.478,0.676,0.0,0.675,0.691,0.484,0.578,0.701,0.495,0.706,0.481,0.755,0.689,0.479,0.482,0.51,1.0,0.995,0.492,0.547
0.539,0.714,0.45,0.486,0.724,0.742,0.582,0.484,0.533,0.48,0.673,0.494,0.688,0.474,0.489,0.587,0.709,0.679,0.676,0.577,0.673,0.678,0.682,0.728,0.729,0.729,0.676,0.494,0.531,0.545,0.479,0.677,0.0,0.676,0.691,0.485,0.577,0.7,0.496,0.705,0.482,0.756,0.689,0.479,0.482,0.508,0.995,1.0,0.493,0.548
0.524,0.511,0.427,0.715,0.519,0.506,0.477,0.676,0.499,0.731,0.521,0.7,0.507,0.718,0.708,0.485,0.492,0.494,0.485,0.473,0.472,0.502,0.5,0.507,0.528,0.514,0.509,0.71,0.545,0.512,0.707,0.485,0.0,0.487,0.493,0.679,0.473,0.511,0.681,0.509,0.713,0.503,0.504,0.692,0.686,0.494,0.492,0.493,1.0,0.53
0.61,0.54,0.476,0.554,0.565,0.543,0.542,0.534,0.605,0.532,0.553,0.545,0.556,0.546,0.552,0.545,0.543,0.547,0.535,0.537,0.519,0.548,0.546,0.558,0.548,0.539,0.55,0.547,0.847,0.59,0.531,0.522,0.0,0.531,0.53,0.541,0.536,0.547,0.532,0.563,0.535,0.535,0.544,0.52,0.525,0.662,0.547,0.548,0.53,1.0
