GCF_000163235.1_ASM16323v1_genomic.fna,GCF_000164555.1_ASM16455v1_genomic.fna,GCF_000208545.1_ASM20854v2_genomic.fna,GCF_000233875.1_ASM23387v1_genomic.fna,GCF_000249735.1_ASM24973v2_genomic.fna,GCF_000261145.1_Esch_coli_M919_V2_genomic.fna,GCF_000267705.2_ASM26770v2_genomic.fna,GCF_000350665.1_Esch_coli_KTE5_V1_genomic.fna,GCF_000351625.1_Esch_coli_KTE66_V1_genomic.fna,GCF_000352285.1_Esch_coli_KTE46_V1_genomic.fna,GCF_000358895.1_ASM35889v1_genomic.fna,GCF_000456385.1_Esch_coli_HVH_26_4-5703913_V1_genomic.fna,GCF_000458195.1_Esch_coli_HVH_147_4-5893887_V1_genomic.fna,GCF_000459755.1_Esch_coli_KOEGE_58_171a_V1_genomic.fna,GCF_000460055.1_Esch_coli_UMEA_3053-1_V1_genomic.fna,GCF_000462165.2_ASM46216v2_genomic.fna,GCF_000601135.1_ASM60113v1_genomic.fna,GCF_000614595.1_Ec2010EL1058_genomic.fna,GCF_000617745.1_Ec2010C-4529_genomic.fna,GCF_000618265.2_EcF6751_genomic.fna,GCF_000619005.2_Ec2009C-4052_genomic.fna,GCF_000619105.1_Ec2009C-4780_genomic.fna,GCF_000619765.2_Ec2009C-3279_genomic.fna,GCF_000687005.1_ASM68700v1_genomic.fna,GCF_000687025.1_ASM68702v1_genomic.fna,GCF_000700125.1_ASM70012v1_genomic.fna,GCF_000753315.1_FHI35_genomic.fna,GCF_000776375.1_ASM77637v1_genomic.fna,GCF_000779395.1_ASM77939v1_genomic.fna,GCF_000780315.1_ASM78031v1_genomic.fna,GCF_000781995.1_ASM78199v1_genomic.fna,GCF_000986765.1_ASM98676v1_genomic.fna,GCF_001041375.1_ViralProj287958_genomic.fna,GCF_001265335.1_302014_genomic.fna,GCF_001265625.1_100854_genomic.fna,GCF_001267345.1_303289_genomic.fna,GCF_001309985.1_ASM130998v1_genomic.fna,GCF_001521695.1_ASM152169v1_genomic.fna,GCF_001592595.1_ASM159259v1_genomic.fna,GCF_001614975.1_ASM161497v1_genomic.fna,GCF_001692775.1_ASM169277v1_genomic.fna,GCF_001748915.1_ASM174891v1_genomic.fna,GCF_001749235.1_ASM174923v1_genomic.fna,GCF_001881155.1_ASM188115v1_genomic.fna,GCF_001881345.1_ASM188134v1_genomic.fna,GCF_001892405.1_ASM189240v1_genomic.fna,GCF_001892585.1_ASM189258v1_genomic.fna,GCF_001893985.1_ASM189398v1_genomic.fna,GCF_002001595.1_ASM200159v1_genomic.fna,GCF_002002145.1_ASM200214v1_genomic.fna
1.0,0.909,0.899,0.904,0.907,0.903,0.888,0.905,0.922,0.889,0.888,0.911,0.913,0.882,0.889,0.892,0.908,0.903,0.897,0.887,0.897,0.911,0.907,0.906,0.905,0.902,0.905,0.903,0.912,0.909,0.89,0.909,0.013,0.901,0.891,0.896,0.888,0.908,0.897,0.913,0.898,0.895,0.902,0.897,0.906,0.892,0.89,0.89,0.892,0.915
0.909,1.0,0.892,0.885,0.932,0.943,0.899,0.899,0.892,0.877,0.897,0.895,0.922,0.866,0.875,0.907,0.925,0.921,0.931,0.898,0.918,0.913,0.924,0.944,0.944,0.936,0.916,0.894,0.895,0.878,0.884,0.93,0.013,0.914,0.923,0.876,0.9,0.918,0.898,0.919,0.891,0.927,0.922,0.906,0.904,0.887,0.924,0.924,0.887,0.891
0.899,0.892,1.0,0.872,0.887,0.885,0.892,0.881,0.887,0.861,0.855,0.877,0.879,0.86,0.87,0.891,0.881,0.886,0.889,0.894,0.894,0.89,0.894,0.874,0.892,0.872,0.877,0.874,0.883,0.87,0.877,0.889,0.012,0.884,0.859,0.872,0.893,0.882,0.88,0.882,0.875,0.878,0.899,0.884,0.882,0.89,0.886,0.887,0.878,0.885
0.904,0.885,0.872,1.0,0.883,0.873,0.873,0.941,0.883,0.932,0.867,0.94,0.893,0.94,0.947,0.876,0.887,0.885,0.883,0.872,0.883,0.891,0.89,0.891,0.886,0.887,0.893,0.952,0.889,0.875,0.927,0.888,0.011,0.884,0.875,0.919,0.873,0.892,0.922,0.888,0.938,0.879,0.885,0.942,0.946,0.874,0.87,0.869,0.928,0.889
0.907,0.932,0.887,0.883,1.0,0.924,0.913,0.896,0.895,0.877,0.919,0.896,0.925,0.873,0.88,0.919,0.919,0.932,0.931,0.911,0.931,0.921,0.93,0.925,0.927,0.919,0.928,0.892,0.907,0.886,0.892,0.933,0.013,0.921,0.912,0.881,0.914,0.925,0.896,0.929,0.892,0.926,0.934,0.898,0.901,0.896,0.931,0.932,0.882,0.902
0.903,0.943,0.885,0.873,0.924,1.0,0.894,0.881,0.893,0.859,0.887,0.883,0.91,0.857,0.873,0.901,0.919,0.917,0.923,0.892,0.913,0.912,0.924,0.935,0.939,0.913,0.914,0.875,0.893,0.879,0.878,0.919,0.013,0.916,0.928,0.872,0.894,0.918,0.894,0.914,0.879,0.93,0.92,0.881,0.879,0.88,0.929,0.928,0.871,0.89
0.888,0.899,0.892,0.873,0.913,0.894,1.0,0.88,0.887,0.861,0.871,0.881,0.89,0.857,0.865,0.982,0.895,0.912,0.915,0.996,0.921,0.905,0.917,0.887,0.903,0.892,0.893,0.881,0.888,0.871,0.873,0.904,0.012,0.901,0.888,0.876,0.998,0.882,0.887,0.894,0.875,0.897,0.909,0.888,0.886,0.895,0.907,0.908,0.87,0.888
0.905,0.899,0.881,0.941,0.896,0.881,0.88,1.0,0.888,0.929,0.868,0.935,0.894,0.922,0.924,0.88,0.894,0.894,0.897,0.879,0.891,0.897,0.896,0.888,0.895,0.896,0.89,0.976,0.891,0.877,0.931,0.899,0.012,0.898,0.872,0.907,0.882,0.895,0.921,0.902,0.938,0.888,0.903,0.973,0.973,0.881,0.884,0.884,0.921,0.892
0.922,0.892,0.887,0.883,0.895,0.893,0.887,0.888,1.0,0.878,0.881,0.882,0.896,0.872,0.886,0.893,0.903,0.897,0.896,0.887,0.883,0.901,0.892,0.899,0.897,0.896,0.901,0.888,0.909,0.905,0.88,0.894,0.014,0.89,0.889,0.88,0.888,0.9,0.88,0.904,0.885,0.886,0.895,0.879,0.884,0.879,0.884,0.885,0.878,0.908
0.889,0.877,0.861,0.932,0.877,0.859,0.861,0.929,0.878,1.0,0.885,0.923,0.893,0.942,0.935,0.868,0.877,0.88,0.877,0.861,0.872,0.883,0.873,0.883,0.873,0.879,0.885,0.933,0.884,0.89,0.925,0.873,0.011,0.867,0.877,0.914,0.863,0.885,0.91,0.887,0.931,0.863,0.876,0.922,0.934,0.864,0.86,0.859,0.92,0.884
0.888,0.897,0.855,0.867,0.919,0.887,0.871,0.868,0.881,0.885,1.0,0.869,0.935,0.875,0.873,0.879,0.898,0.909,0.904,0.872,0.9,0.913,0.908,0.913,0.897,0.9,0.928,0.873,0.886,0.89,0.868,0.909,0.013,0.904,0.91,0.88,0.872,0.919,0.866,0.922,0.868,0.891,0.904,0.865,0.872,0.86,0.886,0.886,0.869,0.89
0.911,0.895,0.877,0.94,0.896,0.883,0.881,0.935,0.882,0.923,0.869,1.0,0.896,0.923,0.952,0.884,0.895,0.895,0.892,0.88,0.89,0.895,0.898,0.886,0.895,0.889,0.889,0.937,0.889,0.874,0.922,0.893,0.011,0.897,0.869,0.912,0.882,0.894,0.932,0.895,0.935,0.887,0.894,0.934,0.942,0.884,0.883,0.884,0.917,0.892
0.913,0.922,0.879,0.893,0.925,0.91,0.89,0.894,0.896,0.893,0.935,0.896,1.0,0.883,0.895,0.897,0.916,0.932,0.935,0.89,0.921,0.94,0.939,0.928,0.917,0.915,0.953,0.895,0.899,0.896,0.879,0.934,0.013,0.934,0.92,0.894,0.892,0.94,0.887,0.942,0.89,0.914,0.925,0.888,0.896,0.878,0.901,0.901,0.892,0.902
0.882,0.866,0.86,0.94,0.873,0.857,0.857,0.922,0.872,0.942,0.875,0.923,0.883,1.0,0.941,0.863,0.878,0.869,0.866,0.855,0.864,0.871,0.865,0.877,0.864,0.871,0.88,0.933,0.881,0.878,0.918,0.868,0.013,0.864,0.874,0.915,0.858,0.877,0.904,0.875,0.923,0.861,0.869,0.924,0.924,0.861,0.855,0.855,0.916,0.877
0.889,0.875,0.87,0.947,0.88,0.873,0.865,0.924,0.886,0.935,0.873,0.952,0.895,0.941,1.0,0.868,0.889,0.883,0.881,0.863,0.87,0.887,0.88,0.887,0.884,0.882,0.893,0.931,0.89,0.88,0.93,0.884,0.011,0.881,0.875,0.921,0.866,0.888,0.92,0.886,0.935,0.875,0.882,0.921,0.924,0.872,0.872,0.872,0.924,0.895
0.892,0.907,0.891,0.876,0.919,0.901,0.982,0.88,0.893,0.868,0.879,0.884,0.897,0.863,0.868,1.0,0.901,0.915,0.923,0.981,0.918,0.911,0.925,0.894,0.907,0.898,0.898,0.882,0.892,0.875,0.879,0.91,0.013,0.904,0.892,0.879,0.982,0.89,0.888,0.898,0.879,0.905,0.909,0.89,0.888,0.891,0.911,0.909,0.877,0.891
0.908,0.925,0.881,0.887,0.919,0.919,0.895,0.894,0.903,0.877,0.898,0.895,0.916,0.878,0.889,0.901,1.0,0.906,0.904,0.893,0.9,0.913,0.907,0.939,0.929,0.934,0.918,0.895,0.908,0.891,0.882,0.923,0.013,0.91,0.918,0.887,0.896,0.918,0.888,0.913,0.892,0.91,0.905,0.89,0.898,0.882,0.913,0.912,0.89,0.897
0.903,0.921,0.886,0.885,0.932,0.917,0.912,0.894,0.897,0.88,0.909,0.895,0.932,0.869,0.883,0.915,0.906,1.0,0.949,0.914,0.939,0.945,0.951,0.914,0.918,0.91,0.93,0.893,0.892,0.878,0.892,0.932,0.013,0.937,0.907,0.889,0.914,0.925,0.905,0.931,0.892,0.921,0.94,0.897,0.899,0.886,0.906,0.907,0.881,0.896
0.897,0.931,0.889,0.883,0.931,0.923,0.915,0.897,0.896,0.877,0.904,0.892,0.935,0.866,0.881,0.923,0.904,0.949,1.0,0.915,0.94,0.941,0.952,0.915,0.928,0.914,0.934,0.891,0.894,0.876,0.887,0.931,0.013,0.929,0.911,0.883,0.917,0.926,0.896,0.927,0.894,0.921,0.934,0.897,0.895,0.89,0.917,0.918,0.881,0.899
0.887,0.898,0.894,0.872,0.911,0.892,0.996,0.879,0.887,0.861,0.872,0.88,0.89,0.855,0.863,0.981,0.893,0.914,0.915,1.0,0.921,0.904,0.916,0.886,0.902,0.891,0.893,0.879,0.886,0.869,0.873,0.903,0.012,0.898,0.886,0.874,0.997,0.883,0.884,0.894,0.874,0.898,0.909,0.886,0.884,0.893,0.906,0.907,0.869,0.886
0.897,0.918,0.894,0.883,0.931,0.913,0.921,0.891,0.883,0.872,0.9,0.89,0.921,0.864,0.87,0.918,0.9,0.939,0.94,0.921,1.0,0.938,0.955,0.904,0.914,0.905,0.923,0.887,0.886,0.869,0.88,0.927,0.012,0.936,0.9,0.882,0.923,0.922,0.893,0.924,0.884,0.914,0.936,0.892,0.892,0.899,0.922,0.922,0.874,0.885
0.911,0.913,0.89,0.891,0.921,0.912,0.905,0.897,0.901,0.883,0.913,0.895,0.94,0.871,0.887,0.911,0.913,0.945,0.941,0.904,0.938,1.0,0.972,0.917,0.923,0.913,0.94,0.897,0.899,0.89,0.889,0.933,0.013,0.955,0.911,0.889,0.906,0.927,0.894,0.938,0.896,0.914,0.932,0.891,0.897,0.881,0.908,0.908,0.889,0.904
0.907,0.924,0.894,0.89,0.93,0.924,0.917,0.896,0.892,0.873,0.908,0.898,0.939,0.865,0.88,0.925,0.907,0.951,0.952,0.916,0.955,0.972,1.0,0.912,0.921,0.913,0.933,0.894,0.894,0.881,0.89,0.94,0.013,0.957,0.909,0.889,0.918,0.925,0.904,0.931,0.895,0.922,0.94,0.9,0.901,0.891,0.914,0.914,0.883,0.897
0.906,0.944,0.874,0.891,0.925,0.935,0.887,0.888,0.899,0.883,0.913,0.886,0.928,0.877,0.887,0.894,0.939,0.914,0.915,0.886,0.904,0.917,0.912,1.0,0.94,0.935,0.927,0.889,0.902,0.898,0.877,0.92,0.013,0.906,0.948,0.888,0.888,0.919,0.881,0.917,0.885,0.921,0.9,0.883,0.887,0.871,0.911,0.911,0.885,0.893
0.905,0.944,0.892,0.886,0.927,0.939,0.903,0.895,0.897,0.873,0.897,0.895,0.917,0.864,0.884,0.907,0.929,0.918,0.928,0.902,0.914,0.923,0.921,0.94,1.0,0.938,0.923,0.888,0.902,0.889,0.889,0.929,0.012,0.912,0.932,0.877,0.904,0.925,0.886,0.92,0.894,0.928,0.918,0.894,0.89,0.883,0.927,0.926,0.882,0.904
0.902,0.936,0.872,0.887,0.919,0.913,0.892,0.896,0.896,0.879,0.9,0.889,0.915,0.871,0.882,0.898,0.934,0.91,0.914,0.891,0.905,0.913,0.913,0.935,0.938,1.0,0.921,0.9,0.899,0.89,0.881,0.92,0.014,0.909,0.921,0.885,0.894,0.92,0.886,0.926,0.883,0.92,0.911,0.896,0.893,0.877,0.917,0.916,0.88,0.897
0.905,0.916,0.877,0.893,0.928,0.914,0.893,0.89,0.901,0.885,0.928,0.889,0.953,0.88,0.893,0.898,0.918,0.93,0.934,0.893,0.923,0.94,0.933,0.927,0.923,0.921,1.0,0.892,0.891,0.891,0.881,0.929,0.013,0.93,0.922,0.887,0.895,0.953,0.885,0.937,0.891,0.916,0.941,0.887,0.891,0.881,0.903,0.904,0.889,0.897
0.903,0.894,0.874,0.952,0.892,0.875,0.881,0.976,0.888,0.933,0.873,0.937,0.895,0.933,0.931,0.882,0.895,0.893,0.891,0.879,0.887,0.897,0.894,0.889,0.888,0.9,0.892,1.0,0.895,0.877,0.926,0.899,0.012,0.89,0.875,0.915,0.882,0.893,0.922,0.9,0.934,0.885,0.895,0.983,0.978,0.875,0.879,0.878,0.926,0.895
0.912,0.895,0.883,0.889,0.907,0.893,0.888,0.891,0.909,0.884,0.886,0.889,0.899,0.881,0.89,0.892,0.908,0.892,0.894,0.886,0.886,0.899,0.894,0.902,0.902,0.899,0.891,0.895,1.0,0.896,0.885,0.897,0.012,0.894,0.89,0.897,0.888,0.897,0.888,0.904,0.887,0.889,0.891,0.89,0.891,0.893,0.879,0.879,0.895,0.962
0.909,0.878,0.87,0.875,0.886,0.879,0.871,0.877,0.905,0.89,0.89,0.874,0.896,0.878,0.88,0.875,0.891,0.878,0.876,0.869,0.869,0.89,0.881,0.898,0.889,0.89,0.891,0.877,0.896,1.0,0.866,0.883,0.011,0.88,0.893,0.885,0.87,0.895,0.865,0.89,0.874,0.873,0.878,0.868,0.871,0.882,0.88,0.88,0.883,0.9
0.89,0.884,0.877,0.927,0.892,0.878,0.873,0.931,0.88,0.925,0.868,0.922,0.879,0.918,0.93,0.879,0.882,0.892,0.887,0.873,0.88,0.889,0.89,0.877,0.889,0.881,0.881,0.926,0.885,0.866,1.0,0.885,0.011,0.887,0.858,0.9,0.874,0.881,0.922,0.887,0.962,0.886,0.89,0.928,0.932,0.879,0.881,0.88,0.915,0.89
0.909,0.93,0.889,0.888,0.933,0.919,0.904,0.899,0.894,0.873,0.909,0.893,0.934,0.868,0.884,0.91,0.923,0.932,0.931,0.903,0.927,0.933,0.94,0.92,0.929,0.92,0.929,0.899,0.897,0.883,0.885,1.0,0.014,0.931,0.91,0.885,0.905,0.929,0.89,0.931,0.889,0.931,0.932,0.9,0.904,0.883,0.917,0.918,0.883,0.899
0.013,0.013,0.012,0.011,0.013,0.013,0.012,0.012,0.014,0.011,0.013,0.011,0.013,0.013,0.011,0.013,0.013,0.013,0.013,0.012,0.012,0.013,0.013,0.013,0.012,0.014,0.013,0.012,0.012,0.011,0.011,0.014,1.0,0.013,0.013,0.012,0.012,0.013,0.012,0.014,0.011,0.013,0.013,0.012,0.011,0.013,0.012,0.012,0.012,0.012
0.901,0.914,0.884,0.884,0.921,0.916,0.901,0.898,0.89,0.867,0.904,0.897,0.934,0.864,0.881,0.904,0.91,0.937,0.929,0.898,0.936,0.955,0.957,0.906,0.912,0.909,0.93,0.89,0.894,0.88,0.887,0.931,0.013,1.0,0.903,0.885,0.901,0.922,0.894,0.932,0.888,0.919,0.931,0.891,0.897,0.887,0.907,0.907,0.881,0.893
0.891,0.923,0.859,0.875,0.912,0.928,0.888,0.872,0.889,0.877,0.91,0.869,0.92,0.874,0.875,0.892,0.918,0.907,0.911,0.886,0.9,0.911,0.909,0.948,0.932,0.921,0.922,0.875,0.89,0.893,0.858,0.91,0.013,0.903,1.0,0.882,0.889,0.908,0.866,0.908,0.867,0.912,0.904,0.868,0.872,0.861,0.899,0.898,0.868,0.884
0.896,0.876,0.872,0.919,0.881,0.872,0.876,0.907,0.88,0.914,0.88,0.912,0.894,0.915,0.921,0.879,0.887,0.889,0.883,0.874,0.882,0.889,0.889,0.888,0.877,0.885,0.887,0.915,0.897,0.885,0.9,0.885,0.012,0.885,0.882,1.0,0.876,0.886,0.912,0.892,0.909,0.879,0.875,0.909,0.911,0.868,0.864,0.863,0.907,0.891
0.888,0.9,0.893,0.873,0.914,0.894,0.998,0.882,0.888,0.863,0.872,0.882,0.892,0.858,0.866,0.982,0.896,0.914,0.917,0.997,0.923,0.906,0.918,0.888,0.904,0.894,0.895,0.882,0.888,0.87,0.874,0.905,0.012,0.901,0.889,0.876,1.0,0.883,0.886,0.895,0.877,0.899,0.91,0.889,0.887,0.895,0.909,0.91,0.871,0.887
0.908,0.918,0.882,0.892,0.925,0.918,0.882,0.895,0.9,0.885,0.919,0.894,0.94,0.877,0.888,0.89,0.918,0.925,0.926,0.883,0.922,0.927,0.925,0.919,0.925,0.92,0.953,0.893,0.897,0.895,0.881,0.929,0.013,0.922,0.908,0.886,0.883,1.0,0.886,0.942,0.886,0.912,0.94,0.884,0.887,0.883,0.909,0.91,0.892,0.899
0.897,0.898,0.88,0.922,0.896,0.894,0.887,0.921,0.88,0.91,0.866,0.932,0.887,0.904,0.92,0.888,0.888,0.905,0.896,0.884,0.893,0.894,0.904,0.881,0.886,0.886,0.885,0.922,0.888,0.865,0.922,0.89,0.012,0.894,0.866,0.912,0.886,0.886,1.0,0.891,0.925,0.89,0.9,0.928,0.929,0.884,0.889,0.889,0.909,0.887
0.913,0.919,0.882,0.888,0.929,0.914,0.894,0.902,0.904,0.887,0.922,0.895,0.942,0.875,0.886,0.898,0.913,0.931,0.927,0.894,0.924,0.938,0.931,0.917,0.92,0.926,0.937,0.9,0.904,0.89,0.887,0.931,0.014,0.932,0.908,0.892,0.895,0.942,0.891,1.0,0.896,0.912,0.933,0.893,0.898,0.882,0.912,0.913,0.888,0.907
0.898,0.891,0.875,0.938,0.892,0.879,0.875,0.938,0.885,0.931,0.868,0.935,0.89,0.923,0.935,0.879,0.892,0.892,0.894,0.874,0.884,0.896,0.895,0.885,0.894,0.883,0.891,0.934,0.887,0.874,0.962,0.889,0.011,0.888,0.867,0.909,0.877,0.886,0.925,0.896,1.0,0.888,0.889,0.932,0.939,0.88,0.884,0.883,0.919,0.893
0.895,0.927,0.878,0.879,0.926,0.93,0.897,0.888,0.886,0.863,0.891,0.887,0.914,0.861,0.875,0.905,0.91,0.921,0.921,0.898,0.914,0.914,0.922,0.921,0.928,0.92,0.916,0.885,0.889,0.873,0.886,0.931,0.013,0.919,0.912,0.879,0.899,0.912,0.89,0.912,0.888,1.0,0.931,0.896,0.89,0.884,0.924,0.923,0.877,0.886
0.902,0.922,0.899,0.885,0.934,0.92,0.909,0.903,0.895,0.876,0.904,0.894,0.925,0.869,0.882,0.909,0.905,0.94,0.934,0.909,0.936,0.932,0.94,0.9,0.918,0.911,0.941,0.895,0.891,0.878,0.89,0.932,0.013,0.931,0.904,0.875,0.91,0.94,0.9,0.933,0.889,0.931,1.0,0.902,0.902,0.893,0.916,0.917,0.883,0.894
0.897,0.906,0.884,0.942,0.898,0.881,0.888,0.973,0.879,0.922,0.865,0.934,0.888,0.924,0.921,0.89,0.89,0.897,0.897,0.886,0.892,0.891,0.9,0.883,0.894,0.896,0.887,0.983,0.89,0.868,0.928,0.9,0.012,0.891,0.868,0.909,0.889,0.884,0.928,0.893,0.932,0.896,0.902,1.0,0.982,0.882,0.886,0.885,0.922,0.888
0.906,0.904,0.882,0.946,0.901,0.879,0.886,0.973,0.884,0.934,0.872,0.942,0.896,0.924,0.924,0.888,0.898,0.899,0.895,0.884,0.892,0.897,0.901,0.887,0.89,0.893,0.891,0.978,0.891,0.871,0.932,0.904,0.011,0.897,0.872,0.911,0.887,0.887,0.929,0.898,0.939,0.89,0.902,0.982,1.0,0.881,0.884,0.883,0.923,0.89
0.892,0.887,0.89,0.874,0.896,0.88,0.895,0.881,0.879,0.864,0.86,0.884,0.878,0.861,0.872,0.891,0.882,0.886,0.89,0.893,0.899,0.881,0.891,0.871,0.883,0.877,0.881,0.875,0.893,0.882,0.879,0.883,0.013,0.887,0.861,0.868,0.895,0.883,0.884,0.882,0.88,0.884,0.893,0.882,0.881,1.0,0.896,0.897,0.877,0.903
0.89,0.924,0.886,0.87,0.931,0.929,0.907,0.884,0.884,0.86,0.886,0.883,0.901,0.855,0.872,0.911,0.913,0.906,0.917,0.906,0.922,0.908,0.914,0.911,0.927,0.917,0.903,0.879,0.879,0.88,0.881,0.917,0.012,0.907,0.899,0.864,0.909,0.909,0.889,0.912,0.884,0.924,0.916,0.886,0.884,0.896,1.0,0.998,0.874,0.885
0.89,0.924,0.887,0.869,0.932,0.928,0.908,0.884,0.885,0.859,0.886,0.884,0.901,0.855,0.872,0.909,0.912,0.907,0.918,0.907,0.922,0.908,0.914,0.911,0.926,0.916,0.904,0.878,0.879,0.88,0.88,0.918,0.012,0.907,0.898,0.863,0.91,0.91,0.889,0.913,0.883,0.923,0.917,0.885,0.883,0.897,0.998,1.0,0.873,0.885
0.892,0.887,0.878,0.928,0.882,0.871,0.87,0.921,0.878,0.92,0.869,0.917,0.892,0.916,0.924,0.877,0.89,0.881,0.881,0.869,0.874,0.889,0.883,0.885,0.882,0.88,0.889,0.926,0.895,0.883,0.915,0.883,0.012,0.881,0.868,0.907,0.871,0.892,0.909,0.888,0.919,0.877,0.883,0.922,0.923,0.877,0.874,0.873,1.0,0.893
0.915,0.891,0.885,0.889,0.902,0.89,0.888,0.892,0.908,0.884,0.89,0.892,0.902,0.877,0.895,0.891,0.897,0.896,0.899,0.886,0.885,0.904,0.897,0.893,0.904,0.897,0.897,0.895,0.962,0.9,0.89,0.899,0.012,0.893,0.884,0.891,0.887,0.899,0.887,0.907,0.893,0.886,0.894,0.888,0.89,0.903,0.885,0.885,0.893,1.0
