GCF_000163235.1_ASM16323v1_genomic.fna,GCF_000164555.1_ASM16455v1_genomic.fna,GCF_000208545.1_ASM20854v2_genomic.fna,GCF_000233875.1_ASM23387v1_genomic.fna,GCF_000249735.1_ASM24973v2_genomic.fna,GCF_000261145.1_Esch_coli_M919_V2_genomic.fna,GCF_000267705.2_ASM26770v2_genomic.fna,GCF_000350665.1_Esch_coli_KTE5_V1_genomic.fna,GCF_000351625.1_Esch_coli_KTE66_V1_genomic.fna,GCF_000352285.1_Esch_coli_KTE46_V1_genomic.fna,GCF_000358895.1_ASM35889v1_genomic.fna,GCF_000456385.1_Esch_coli_HVH_26_4-5703913_V1_genomic.fna,GCF_000458195.1_Esch_coli_HVH_147_4-5893887_V1_genomic.fna,GCF_000459755.1_Esch_coli_KOEGE_58_171a_V1_genomic.fna,GCF_000460055.1_Esch_coli_UMEA_3053-1_V1_genomic.fna,GCF_000462165.2_ASM46216v2_genomic.fna,GCF_000601135.1_ASM60113v1_genomic.fna,GCF_000614595.1_Ec2010EL1058_genomic.fna,GCF_000617745.1_Ec2010C-4529_genomic.fna,GCF_000618265.2_EcF6751_genomic.fna,GCF_000619005.2_Ec2009C-4052_genomic.fna,GCF_000619105.1_Ec2009C-4780_genomic.fna,GCF_000619765.2_Ec2009C-3279_genomic.fna,GCF_000687005.1_ASM68700v1_genomic.fna,GCF_000687025.1_ASM68702v1_genomic.fna,GCF_000700125.1_ASM70012v1_genomic.fna,GCF_000753315.1_FHI35_genomic.fna,GCF_000776375.1_ASM77637v1_genomic.fna,GCF_000779395.1_ASM77939v1_genomic.fna,GCF_000780315.1_ASM78031v1_genomic.fna,GCF_000781995.1_ASM78199v1_genomic.fna,GCF_000986765.1_ASM98676v1_genomic.fna,GCF_001041375.1_ViralProj287958_genomic.fna,GCF_001265335.1_302014_genomic.fna,GCF_001265625.1_100854_genomic.fna,GCF_001267345.1_303289_genomic.fna,GCF_001309985.1_ASM130998v1_genomic.fna,GCF_001521695.1_ASM152169v1_genomic.fna,GCF_001592595.1_ASM159259v1_genomic.fna,GCF_001614975.1_ASM161497v1_genomic.fna,GCF_001692775.1_ASM169277v1_genomic.fna,GCF_001748915.1_ASM174891v1_genomic.fna,GCF_001749235.1_ASM174923v1_genomic.fna,GCF_001881155.1_ASM188115v1_genomic.fna,GCF_001881345.1_ASM188134v1_genomic.fna,GCF_001892405.1_ASM189240v1_genomic.fna,GCF_001892585.1_ASM189258v1_genomic.fna,GCF_001893985.1_ASM189398v1_genomic.fna,GCF_002001595.1_ASM200159v1_genomic.fna,GCF_002002145.1_ASM200214v1_genomic.fna
1.0,0.485,0.407,0.426,0.487,0.47,0.483,0.442,0.608,0.425,0.459,0.443,0.478,0.431,0.421,0.482,0.467,0.469,0.454,0.48,0.46,0.463,0.474,0.467,0.45,0.457,0.468,0.439,0.502,0.59,0.418,0.481,0.0,0.471,0.433,0.431,0.479,0.485,0.434,0.478,0.42,0.467,0.476,0.44,0.453,0.474,0.449,0.455,0.418,0.518
0.485,1.0,0.359,0.411,0.636,0.781,0.549,0.424,0.466,0.412,0.597,0.438,0.619,0.413,0.408,0.547,0.707,0.621,0.615,0.546,0.614,0.619,0.631,0.788,0.78,0.688,0.612,0.421,0.453,0.475,0.405,0.628,0.0,0.62,0.742,0.408,0.547,0.637,0.41,0.615,0.402,0.684,0.636,0.427,0.432,0.41,0.68,0.686,0.411,0.459
0.407,0.359,1.0,0.334,0.361,0.352,0.343,0.348,0.389,0.332,0.343,0.346,0.351,0.337,0.334,0.347,0.365,0.346,0.342,0.34,0.346,0.352,0.358,0.345,0.342,0.344,0.36,0.345,0.38,0.408,0.328,0.362,0.0,0.363,0.313,0.343,0.342,0.364,0.336,0.359,0.329,0.345,0.371,0.346,0.345,0.334,0.349,0.348,0.343,0.39
0.426,0.411,0.334,1.0,0.404,0.398,0.397,0.7,0.408,0.719,0.41,0.718,0.414,0.77,0.745,0.392,0.407,0.406,0.404,0.393,0.392,0.414,0.42,0.401,0.408,0.395,0.398,0.736,0.449,0.409,0.712,0.421,0.0,0.401,0.374,0.606,0.394,0.416,0.662,0.399,0.739,0.401,0.405,0.724,0.726,0.442,0.391,0.394,0.666,0.467
0.487,0.636,0.361,0.404,1.0,0.637,0.546,0.433,0.466,0.414,0.74,0.426,0.692,0.414,0.406,0.548,0.626,0.678,0.671,0.542,0.684,0.67,0.676,0.623,0.621,0.606,0.689,0.427,0.464,0.477,0.402,0.679,0.0,0.674,0.603,0.414,0.545,0.702,0.419,0.695,0.415,0.634,0.716,0.422,0.428,0.422,0.639,0.644,0.405,0.459
0.47,0.781,0.352,0.398,0.637,1.0,0.546,0.424,0.46,0.4,0.599,0.412,0.617,0.412,0.4,0.555,0.712,0.634,0.613,0.539,0.597,0.622,0.631,0.787,0.795,0.683,0.616,0.426,0.453,0.465,0.391,0.61,0.0,0.632,0.758,0.412,0.542,0.63,0.426,0.618,0.401,0.685,0.63,0.419,0.425,0.404,0.692,0.692,0.404,0.463
0.483,0.549,0.343,0.397,0.546,0.546,1.0,0.403,0.453,0.383,0.521,0.399,0.545,0.397,0.387,0.947,0.544,0.572,0.562,0.984,0.592,0.565,0.581,0.543,0.538,0.527,0.549,0.395,0.432,0.463,0.386,0.551,0.0,0.56,0.521,0.415,0.987,0.537,0.409,0.538,0.38,0.541,0.553,0.396,0.402,0.401,0.523,0.525,0.381,0.435
0.442,0.424,0.348,0.7,0.433,0.424,0.403,1.0,0.428,0.699,0.408,0.717,0.423,0.717,0.702,0.395,0.403,0.418,0.422,0.398,0.414,0.431,0.44,0.411,0.404,0.4,0.411,0.914,0.48,0.418,0.701,0.434,0.0,0.425,0.377,0.614,0.399,0.436,0.682,0.424,0.699,0.409,0.421,0.906,0.9,0.437,0.4,0.406,0.668,0.488
0.608,0.466,0.389,0.408,0.466,0.46,0.453,0.428,1.0,0.423,0.441,0.426,0.464,0.423,0.423,0.451,0.459,0.445,0.444,0.451,0.445,0.458,0.461,0.457,0.444,0.446,0.456,0.425,0.495,0.604,0.416,0.462,0.0,0.459,0.432,0.425,0.451,0.464,0.429,0.457,0.415,0.465,0.483,0.423,0.427,0.457,0.454,0.458,0.417,0.51
0.425,0.412,0.332,0.719,0.414,0.4,0.383,0.699,0.423,1.0,0.42,0.68,0.432,0.704,0.689,0.388,0.411,0.407,0.405,0.381,0.387,0.417,0.418,0.408,0.402,0.394,0.408,0.708,0.457,0.411,0.715,0.404,0.0,0.406,0.384,0.606,0.38,0.419,0.667,0.41,0.715,0.394,0.406,0.698,0.708,0.419,0.386,0.387,0.667,0.452
0.459,0.597,0.343,0.41,0.74,0.599,0.521,0.408,0.441,0.42,1.0,0.404,0.729,0.411,0.39,0.533,0.615,0.675,0.68,0.517,0.658,0.687,0.673,0.638,0.608,0.623,0.684,0.411,0.429,0.461,0.391,0.652,0.0,0.66,0.642,0.402,0.518,0.681,0.41,0.696,0.4,0.615,0.687,0.404,0.408,0.395,0.599,0.593,0.394,0.435
0.443,0.438,0.346,0.718,0.426,0.412,0.399,0.717,0.426,0.68,0.404,1.0,0.42,0.728,0.86,0.401,0.409,0.406,0.409,0.399,0.41,0.424,0.43,0.406,0.403,0.395,0.4,0.74,0.483,0.424,0.691,0.433,0.0,0.419,0.383,0.615,0.397,0.421,0.678,0.415,0.713,0.407,0.424,0.733,0.743,0.441,0.407,0.411,0.66,0.473
0.478,0.619,0.351,0.414,0.692,0.617,0.545,0.423,0.464,0.432,0.729,0.42,1.0,0.417,0.405,0.556,0.629,0.714,0.737,0.541,0.727,0.783,0.764,0.646,0.622,0.622,0.774,0.428,0.453,0.492,0.405,0.711,0.0,0.746,0.619,0.409,0.544,0.753,0.416,0.774,0.409,0.616,0.751,0.42,0.425,0.411,0.62,0.615,0.411,0.459
0.431,0.413,0.337,0.77,0.414,0.412,0.397,0.717,0.423,0.704,0.411,0.728,0.417,1.0,0.753,0.398,0.4,0.423,0.415,0.394,0.405,0.429,0.433,0.392,0.4,0.388,0.411,0.748,0.465,0.412,0.71,0.429,0.0,0.415,0.366,0.618,0.394,0.431,0.684,0.422,0.732,0.406,0.422,0.734,0.738,0.439,0.402,0.405,0.693,0.478
0.421,0.408,0.334,0.745,0.406,0.4,0.387,0.702,0.423,0.689,0.39,0.86,0.405,0.753,1.0,0.383,0.389,0.394,0.398,0.385,0.396,0.413,0.418,0.383,0.386,0.38,0.393,0.725,0.461,0.41,0.723,0.414,0.0,0.407,0.364,0.61,0.385,0.413,0.689,0.401,0.738,0.394,0.409,0.72,0.722,0.441,0.403,0.408,0.678,0.483
0.482,0.547,0.347,0.392,0.548,0.555,0.947,0.395,0.451,0.388,0.533,0.401,0.556,0.398,0.383,1.0,0.549,0.571,0.564,0.948,0.571,0.575,0.579,0.549,0.538,0.53,0.556,0.394,0.429,0.471,0.383,0.536,0.0,0.561,0.529,0.41,0.951,0.549,0.4,0.55,0.383,0.546,0.556,0.391,0.397,0.399,0.528,0.525,0.385,0.431
0.467,0.707,0.365,0.407,0.626,0.712,0.544,0.403,0.459,0.411,0.615,0.409,0.629,0.4,0.389,0.549,1.0,0.607,0.604,0.542,0.6,0.623,0.619,0.757,0.743,0.757,0.618,0.405,0.446,0.475,0.378,0.633,0.0,0.616,0.71,0.407,0.541,0.625,0.41,0.627,0.386,0.674,0.624,0.407,0.419,0.405,0.694,0.69,0.393,0.449
0.469,0.621,0.346,0.406,0.678,0.634,0.572,0.418,0.445,0.407,0.675,0.406,0.714,0.423,0.394,0.571,0.607,1.0,0.755,0.568,0.74,0.749,0.75,0.61,0.595,0.607,0.719,0.421,0.441,0.482,0.402,0.693,0.0,0.72,0.592,0.429,0.567,0.696,0.421,0.709,0.404,0.633,0.713,0.415,0.417,0.403,0.629,0.629,0.395,0.458
0.454,0.615,0.342,0.404,0.671,0.613,0.562,0.422,0.444,0.405,0.68,0.409,0.737,0.415,0.398,0.564,0.604,0.755,1.0,0.556,0.737,0.754,0.739,0.618,0.605,0.601,0.739,0.424,0.439,0.479,0.403,0.695,0.0,0.711,0.607,0.421,0.559,0.716,0.419,0.726,0.399,0.621,0.719,0.417,0.418,0.404,0.613,0.61,0.4,0.449
0.48,0.546,0.34,0.393,0.542,0.539,0.984,0.398,0.451,0.381,0.517,0.399,0.541,0.394,0.385,0.948,0.542,0.568,0.556,1.0,0.586,0.56,0.577,0.54,0.532,0.522,0.544,0.391,0.429,0.459,0.383,0.545,0.0,0.554,0.517,0.413,0.987,0.533,0.404,0.533,0.379,0.536,0.549,0.395,0.401,0.401,0.52,0.522,0.38,0.429
0.46,0.614,0.346,0.392,0.684,0.597,0.592,0.414,0.445,0.387,0.658,0.41,0.727,0.405,0.396,0.571,0.6,0.74,0.737,0.586,1.0,0.751,0.765,0.597,0.584,0.598,0.725,0.416,0.436,0.47,0.395,0.719,0.0,0.734,0.583,0.426,0.587,0.707,0.421,0.72,0.401,0.603,0.724,0.413,0.416,0.414,0.626,0.629,0.394,0.453
0.463,0.619,0.352,0.414,0.67,0.622,0.565,0.431,0.458,0.417,0.687,0.424,0.783,0.429,0.413,0.575,0.623,0.749,0.754,0.56,0.751,1.0,0.925,0.621,0.61,0.605,0.762,0.433,0.445,0.481,0.41,0.722,0.0,0.862,0.601,0.42,0.562,0.748,0.428,0.768,0.414,0.615,0.748,0.424,0.428,0.412,0.617,0.613,0.415,0.463
0.474,0.631,0.358,0.42,0.676,0.631,0.581,0.44,0.461,0.418,0.673,0.43,0.764,0.433,0.418,0.579,0.619,0.75,0.739,0.577,0.765,0.925,1.0,0.615,0.608,0.599,0.754,0.437,0.455,0.483,0.416,0.733,0.0,0.871,0.588,0.429,0.578,0.733,0.436,0.752,0.419,0.619,0.752,0.432,0.438,0.414,0.622,0.62,0.418,0.471
0.467,0.788,0.345,0.401,0.623,0.787,0.543,0.411,0.457,0.408,0.638,0.406,0.646,0.392,0.383,0.549,0.757,0.61,0.618,0.54,0.597,0.621,0.615,1.0,0.828,0.731,0.621,0.401,0.442,0.47,0.376,0.607,0.0,0.605,0.82,0.391,0.538,0.62,0.394,0.618,0.384,0.681,0.622,0.399,0.406,0.39,0.685,0.68,0.389,0.435
0.45,0.78,0.342,0.408,0.621,0.795,0.538,0.404,0.444,0.402,0.608,0.403,0.622,0.4,0.386,0.538,0.743,0.595,0.605,0.532,0.584,0.61,0.608,0.828,1.0,0.746,0.601,0.406,0.428,0.447,0.373,0.621,0.0,0.598,0.795,0.402,0.534,0.616,0.403,0.61,0.381,0.666,0.616,0.414,0.411,0.395,0.674,0.67,0.403,0.438
0.457,0.688,0.344,0.395,0.606,0.683,0.527,0.4,0.446,0.394,0.623,0.395,0.622,0.388,0.38,0.53,0.757,0.607,0.601,0.522,0.598,0.605,0.599,0.731,0.746,1.0,0.609,0.397,0.433,0.466,0.372,0.595,0.0,0.586,0.7,0.407,0.522,0.607,0.393,0.622,0.377,0.672,0.597,0.403,0.403,0.395,0.675,0.671,0.393,0.448
0.468,0.612,0.36,0.398,0.689,0.616,0.549,0.411,0.456,0.408,0.684,0.4,0.774,0.411,0.393,0.556,0.618,0.719,0.739,0.544,0.725,0.762,0.754,0.621,0.601,0.609,1.0,0.413,0.451,0.482,0.401,0.724,0.0,0.738,0.592,0.402,0.547,0.829,0.406,0.772,0.401,0.62,0.835,0.409,0.41,0.414,0.613,0.609,0.401,0.46
0.439,0.421,0.345,0.736,0.427,0.426,0.395,0.914,0.425,0.708,0.411,0.74,0.428,0.748,0.725,0.394,0.405,0.421,0.424,0.391,0.416,0.433,0.437,0.401,0.406,0.397,0.413,1.0,0.475,0.417,0.699,0.437,0.0,0.428,0.374,0.618,0.392,0.437,0.672,0.42,0.727,0.411,0.418,0.964,0.952,0.438,0.405,0.407,0.677,0.481
0.502,0.453,0.38,0.449,0.464,0.453,0.432,0.48,0.495,0.457,0.429,0.483,0.453,0.465,0.461,0.429,0.446,0.441,0.439,0.429,0.436,0.445,0.455,0.442,0.428,0.433,0.451,0.475,1.0,0.478,0.443,0.467,0.0,0.451,0.416,0.461,0.431,0.448,0.459,0.448,0.443,0.443,0.454,0.471,0.483,0.549,0.432,0.434,0.45,0.826
0.59,0.475,0.408,0.409,0.477,0.465,0.463,0.418,0.604,0.411,0.461,0.424,0.492,0.412,0.41,0.471,0.475,0.482,0.479,0.459,0.47,0.481,0.483,0.47,0.447,0.466,0.482,0.417,0.478,1.0,0.403,0.469,0.0,0.472,0.445,0.415,0.462,0.476,0.406,0.491,0.409,0.475,0.489,0.411,0.411,0.479,0.464,0.462,0.404,0.498
0.418,0.405,0.328,0.712,0.402,0.391,0.386,0.701,0.416,0.715,0.391,0.691,0.405,0.71,0.723,0.383,0.378,0.402,0.403,0.383,0.395,0.41,0.416,0.376,0.373,0.372,0.401,0.699,0.443,0.403,1.0,0.407,0.0,0.408,0.359,0.608,0.384,0.407,0.659,0.4,0.883,0.394,0.404,0.693,0.697,0.422,0.382,0.386,0.659,0.456
0.481,0.628,0.362,0.421,0.679,0.61,0.551,0.434,0.462,0.404,0.652,0.433,0.711,0.429,0.414,0.536,0.633,0.693,0.695,0.545,0.719,0.722,0.733,0.607,0.621,0.595,0.724,0.437,0.467,0.469,0.407,1.0,0.0,0.72,0.578,0.409,0.546,0.733,0.426,0.739,0.407,0.617,0.749,0.436,0.443,0.42,0.624,0.627,0.407,0.471
0.0,0.0,0.0,0.0,0.0,0.0,0.0,0.0,0.0,0.0,0.0,0.0,0.0,0.0,0.0,0.0,0.0,0.0,0.0,0.0,0.0,0.0,0.0,0.0,0.0,0.0,0.0,0.0,0.0,0.0,0.0,0.0,1.0,0.0,0.0,0.0,0.0,0.0,0.0,0.0,0.0,0.0,0.0,0.0,0.0,0.0,0.0,0.0,0.0,0.0
0.471,0.62,0.363,0.401,0.674,0.632,0.56,0.425,0.459,0.406,0.66,0.419,0.746,0.415,0.407,0.561,0.616,0.72,0.711,0.554,0.734,0.862,0.871,0.605,0.598,0.586,0.738,0.428,0.451,0.472,0.408,0.72,0.0,1.0,0.585,0.428,0.556,0.727,0.433,0.73,0.408,0.61,0.744,0.419,0.426,0.409,0.617,0.617,0.401,0.461
0.433,0.742,0.313,0.374,0.603,0.758,0.521,0.377,0.432,0.384,0.642,0.383,0.619,0.366,0.364,0.529,0.71,0.592,0.607,0.517,0.583,0.601,0.588,0.82,0.795,0.7,0.592,0.374,0.416,0.445,0.359,0.578,0.0,0.585,1.0,0.38,0.515,0.595,0.384,0.593,0.367,0.647,0.602,0.371,0.378,0.374,0.653,0.65,0.369,0.416
0.431,0.408,0.343,0.606,0.414,0.412,0.415,0.614,0.425,0.606,0.402,0.615,0.409,0.618,0.61,0.41,0.407,0.429,0.421,0.413,0.426,0.42,0.429,0.391,0.402,0.407,0.402,0.618,0.461,0.415,0.608,0.409,0.0,0.428,0.38,1.0,0.412,0.403,0.625,0.418,0.619,0.411,0.413,0.61,0.616,0.439,0.398,0.402,0.597,0.477
0.479,0.547,0.342,0.394,0.545,0.542,0.987,0.399,0.451,0.38,0.518,0.397,0.544,0.394,0.385,0.951,0.541,0.567,0.559,0.987,0.587,0.562,0.578,0.538,0.534,0.522,0.547,0.392,0.431,0.462,0.384,0.546,0.0,0.556,0.515,0.412,1.0,0.534,0.402,0.536,0.378,0.537,0.55,0.392,0.398,0.4,0.522,0.523,0.379,0.433
0.485,0.637,0.364,0.416,0.702,0.63,0.537,0.436,0.464,0.419,0.681,0.421,0.753,0.431,0.413,0.549,0.625,0.696,0.716,0.533,0.707,0.748,0.733,0.62,0.616,0.607,0.829,0.437,0.448,0.476,0.407,0.733,0.0,0.727,0.595,0.403,0.534,1.0,0.431,0.758,0.417,0.628,0.854,0.433,0.423,0.425,0.633,0.632,0.425,0.462
0.434,0.41,0.336,0.662,0.419,0.426,0.409,0.682,0.429,0.667,0.41,0.678,0.416,0.684,0.689,0.4,0.41,0.421,0.419,0.404,0.421,0.428,0.436,0.394,0.403,0.393,0.406,0.672,0.459,0.406,0.659,0.426,0.0,0.433,0.384,0.625,0.402,0.431,1.0,0.42,0.663,0.408,0.429,0.68,0.684,0.44,0.409,0.412,0.65,0.475
0.478,0.615,0.359,0.399,0.695,0.618,0.538,0.424,0.457,0.41,0.696,0.415,0.774,0.422,0.401,0.55,0.627,0.709,0.726,0.533,0.72,0.768,0.752,0.618,0.61,0.622,0.772,0.42,0.448,0.491,0.4,0.739,0.0,0.73,0.593,0.418,0.536,0.758,0.42,1.0,0.404,0.621,0.768,0.415,0.417,0.42,0.643,0.637,0.402,0.464
0.42,0.402,0.329,0.739,0.415,0.401,0.38,0.699,0.415,0.715,0.4,0.713,0.409,0.732,0.738,0.383,0.386,0.404,0.399,0.379,0.401,0.414,0.419,0.384,0.381,0.377,0.401,0.727,0.443,0.409,0.883,0.407,0.0,0.408,0.367,0.619,0.378,0.417,0.663,0.404,1.0,0.399,0.41,0.715,0.719,0.423,0.382,0.387,0.666,0.452
0.467,0.684,0.345,0.401,0.634,0.685,0.541,0.409,0.465,0.394,0.615,0.407,0.616,0.406,0.394,0.546,0.674,0.633,0.621,0.536,0.603,0.615,0.619,0.681,0.666,0.672,0.62,0.411,0.443,0.475,0.394,0.617,0.0,0.61,0.647,0.411,0.537,0.628,0.408,0.621,0.399,1.0,0.655,0.408,0.41,0.403,0.715,0.716,0.399,0.447
0.476,0.636,0.371,0.405,0.716,0.63,0.553,0.421,0.483,0.406,0.687,0.424,0.751,0.422,0.409,0.556,0.624,0.713,0.719,0.549,0.724,0.748,0.752,0.622,0.616,0.597,0.835,0.418,0.454,0.489,0.404,0.749,0.0,0.744,0.602,0.413,0.55,0.854,0.429,0.768,0.41,0.655,1.0,0.414,0.417,0.429,0.64,0.641,0.416,0.467
0.44,0.427,0.346,0.724,0.422,0.419,0.396,0.906,0.423,0.698,0.404,0.733,0.42,0.734,0.72,0.391,0.407,0.415,0.417,0.395,0.413,0.424,0.432,0.399,0.414,0.403,0.409,0.964,0.471,0.411,0.693,0.436,0.0,0.419,0.371,0.61,0.392,0.433,0.68,0.415,0.715,0.408,0.414,1.0,0.966,0.441,0.403,0.406,0.676,0.478
0.453,0.432,0.345,0.726,0.428,0.425,0.402,0.9,0.427,0.708,0.408,0.743,0.425,0.738,0.722,0.397,0.419,0.417,0.418,0.401,0.416,0.428,0.438,0.406,0.411,0.403,0.41,0.952,0.483,0.411,0.697,0.443,0.0,0.426,0.378,0.616,0.398,0.423,0.684,0.417,0.719,0.41,0.417,0.966,1.0,0.445,0.41,0.414,0.675,0.485
0.474,0.41,0.334,0.442,0.422,0.404,0.401,0.437,0.457,0.419,0.395,0.441,0.411,0.439,0.441,0.399,0.405,0.403,0.404,0.401,0.414,0.412,0.414,0.39,0.395,0.395,0.414,0.438,0.549,0.479,0.422,0.42,0.0,0.409,0.374,0.439,0.4,0.425,0.44,0.42,0.423,0.403,0.429,0.441,0.445,1.0,0.435,0.436,0.429,0.599
0.449,0.68,0.349,0.391,0.639,0.692,0.523,0.4,0.454,0.386,0.599,0.407,0.62,0.402,0.403,0.528,0.694,0.629,0.613,0.52,0.626,0.617,0.622,0.685,0.674,0.675,0.613,0.405,0.432,0.464,0.382,0.624,0.0,0.617,0.653,0.398,0.522,0.633,0.409,0.643,0.382,0.715,0.64,0.403,0.41,0.435,1.0,0.989,0.393,0.45
0.455,0.686,0.348,0.394,0.644,0.692,0.525,0.406,0.458,0.387,0.593,0.411,0.615,0.405,0.408,0.525,0.69,0.629,0.61,0.522,0.629,0.613,0.62,0.68,0.67,0.671,0.609,0.407,0.434,0.462,0.386,0.627,0.0,0.617,0.65,0.402,0.523,0.632,0.412,0.637,0.387,0.716,0.641,0.406,0.414,0.436,0.989,1.0,0.397,0.453
0.418,0.411,0.343,0.666,0.405,0.404,0.381,0.668,0.417,0.667,0.394,0.66,0.411,0.693,0.678,0.385,0.393,0.395,0.4,0.38,0.394,0.415,0.418,0.389,0.403,0.393,0.401,0.677,0.45,0.404,0.659,0.407,0.0,0.401,0.369,0.597,0.379,0.425,0.65,0.402,0.666,0.399,0.416,0.676,0.675,0.429,0.393,0.397,1.0,0.469
0.518,0.459,0.39,0.467,0.459,0.463,0.435,0.488,0.51,0.452,0.435,0.473,0.459,0.478,0.483,0.431,0.449,0.458,0.449,0.429,0.453,0.463,0.471,0.435,0.438,0.448,0.46,0.481,0.826,0.498,0.456,0.471,0.0,0.461,0.416,0.477,0.433,0.462,0.475,0.464,0.452,0.447,0.467,0.478,0.485,0.599,0.45,0.453,0.469,1.0
