GCF_000163235.1_ASM16323v1_genomic.fna,GCF_000164555.1_ASM16455v1_genomic.fna,GCF_000208545.1_ASM20854v2_genomic.fna,GCF_000233875.1_ASM23387v1_genomic.fna,GCF_000249735.1_ASM24973v2_genomic.fna,GCF_000261145.1_Esch_coli_M919_V2_genomic.fna,GCF_000267705.2_ASM26770v2_genomic.fna,GCF_000350665.1_Esch_coli_KTE5_V1_genomic.fna,GCF_000351625.1_Esch_coli_KTE66_V1_genomic.fna,GCF_000352285.1_Esch_coli_KTE46_V1_genomic.fna,GCF_000358895.1_ASM35889v1_genomic.fna,GCF_000456385.1_Esch_coli_HVH_26_4-5703913_V1_genomic.fna,GCF_000458195.1_Esch_coli_HVH_147_4-5893887_V1_genomic.fna,GCF_000459755.1_Esch_coli_KOEGE_58_171a_V1_genomic.fna,GCF_000460055.1_Esch_coli_UMEA_3053-1_V1_genomic.fna,GCF_000462165.2_ASM46216v2_genomic.fna,GCF_000601135.1_ASM60113v1_genomic.fna,GCF_000614595.1_Ec2010EL1058_genomic.fna,GCF_000617745.1_Ec2010C-4529_genomic.fna,GCF_000618265.2_EcF6751_genomic.fna,GCF_000619005.2_Ec2009C-4052_genomic.fna,GCF_000619105.1_Ec2009C-4780_genomic.fna,GCF_000619765.2_Ec2009C-3279_genomic.fna,GCF_000687005.1_ASM68700v1_genomic.fna,GCF_000687025.1_ASM68702v1_genomic.fna,GCF_000700125.1_ASM70012v1_genomic.fna,GCF_000753315.1_FHI35_genomic.fna,GCF_000776375.1_ASM77637v1_genomic.fna,GCF_000779395.1_ASM77939v1_genomic.fna,GCF_000780315.1_ASM78031v1_genomic.fna,GCF_000781995.1_ASM78199v1_genomic.fna,GCF_000986765.1_ASM98676v1_genomic.fna,GCF_001041375.1_ViralProj287958_genomic.fna,GCF_001265335.1_302014_genomic.fna,GCF_001265625.1_100854_genomic.fna,GCF_001267345.1_303289_genomic.fna,GCF_001309985.1_ASM130998v1_genomic.fna,GCF_001521695.1_ASM152169v1_genomic.fna,GCF_001592595.1_ASM159259v1_genomic.fna,GCF_001614975.1_ASM161497v1_genomic.fna,GCF_001692775.1_ASM169277v1_genomic.fna,GCF_001748915.1_ASM174891v1_genomic.fna,GCF_001749235.1_ASM174923v1_genomic.fna,GCF_001881155.1_ASM188115v1_genomic.fna,GCF_001881345.1_ASM188134v1_genomic.fna,GCF_001892405.1_ASM189240v1_genomic.fna,GCF_001892585.1_ASM189258v1_genomic.fna,GCF_001893985.1_ASM189398v1_genomic.fna,GCF_002001595.1_ASM200159v1_genomic.fna,GCF_002002145.1_ASM200214v1_genomic.fna
1.0,0.906,0.894,0.897,0.912,0.906,0.899,0.896,0.928,0.893,0.89,0.897,0.893,0.889,0.894,0.902,0.905,0.903,0.908,0.896,0.889,0.895,0.902,0.899,0.893,0.894,0.91,0.893,0.914,0.923,0.878,0.902,0.022,0.902,0.869,0.897,0.899,0.92,0.887,0.902,0.886,0.908,0.909,0.885,0.891,0.897,0.905,0.904,0.887,0.913
0.906,1.0,0.877,0.887,0.932,0.948,0.898,0.879,0.91,0.878,0.901,0.889,0.916,0.877,0.878,0.901,0.93,0.908,0.913,0.893,0.902,0.911,0.915,0.94,0.949,0.92,0.923,0.88,0.895,0.91,0.869,0.918,0.02,0.919,0.919,0.88,0.896,0.929,0.866,0.924,0.879,0.917,0.925,0.878,0.88,0.87,0.924,0.924,0.882,0.89
0.894,0.877,1.0,0.864,0.876,0.878,0.874,0.875,0.881,0.866,0.857,0.871,0.866,0.858,0.875,0.875,0.874,0.891,0.883,0.877,0.891,0.868,0.877,0.865,0.865,0.873,0.883,0.863,0.882,0.885,0.87,0.88,0.017,0.877,0.843,0.869,0.877,0.88,0.878,0.873,0.877,0.884,0.88,0.875,0.87,0.888,0.882,0.884,0.868,0.879
0.897,0.887,0.864,1.0,0.89,0.877,0.884,0.929,0.892,0.93,0.869,0.938,0.873,0.95,0.944,0.887,0.882,0.878,0.887,0.879,0.869,0.887,0.888,0.869,0.881,0.868,0.887,0.943,0.892,0.889,0.921,0.895,0.02,0.884,0.846,0.918,0.882,0.896,0.918,0.881,0.946,0.875,0.884,0.935,0.936,0.88,0.873,0.874,0.929,0.9
0.912,0.932,0.876,0.89,1.0,0.928,0.902,0.884,0.914,0.875,0.921,0.888,0.923,0.881,0.887,0.906,0.92,0.916,0.922,0.898,0.904,0.918,0.922,0.919,0.926,0.913,0.924,0.882,0.897,0.91,0.871,0.927,0.019,0.924,0.896,0.881,0.901,0.935,0.876,0.928,0.878,0.916,0.93,0.878,0.882,0.872,0.925,0.925,0.883,0.9
0.906,0.948,0.878,0.877,0.928,1.0,0.901,0.88,0.905,0.874,0.895,0.884,0.906,0.873,0.882,0.903,0.922,0.909,0.919,0.899,0.902,0.909,0.914,0.94,0.936,0.917,0.92,0.874,0.892,0.901,0.866,0.923,0.018,0.924,0.912,0.881,0.902,0.928,0.874,0.917,0.877,0.92,0.916,0.872,0.88,0.87,0.928,0.928,0.874,0.893
0.899,0.898,0.874,0.884,0.902,0.901,1.0,0.877,0.899,0.875,0.887,0.884,0.892,0.876,0.883,0.993,0.897,0.915,0.915,0.991,0.904,0.906,0.921,0.894,0.894,0.891,0.904,0.877,0.895,0.896,0.87,0.905,0.018,0.912,0.868,0.884,0.994,0.9,0.881,0.902,0.876,0.893,0.899,0.873,0.878,0.88,0.884,0.884,0.882,0.895
0.896,0.879,0.875,0.929,0.884,0.88,0.877,1.0,0.888,0.93,0.861,0.933,0.87,0.933,0.932,0.881,0.88,0.879,0.886,0.874,0.872,0.878,0.882,0.868,0.869,0.868,0.888,0.971,0.902,0.891,0.921,0.888,0.02,0.889,0.84,0.917,0.877,0.891,0.916,0.877,0.934,0.871,0.881,0.966,0.969,0.878,0.875,0.876,0.928,0.895
0.928,0.91,0.881,0.892,0.914,0.905,0.899,0.888,1.0,0.892,0.891,0.891,0.898,0.885,0.885,0.899,0.909,0.897,0.902,0.893,0.888,0.892,0.899,0.898,0.903,0.897,0.9,0.892,0.906,0.928,0.871,0.9,0.019,0.892,0.873,0.887,0.896,0.906,0.881,0.908,0.88,0.897,0.901,0.886,0.887,0.884,0.896,0.897,0.887,0.917
0.893,0.878,0.866,0.93,0.875,0.874,0.875,0.93,0.892,1.0,0.874,0.923,0.879,0.933,0.922,0.878,0.885,0.87,0.874,0.87,0.86,0.882,0.876,0.875,0.874,0.876,0.878,0.94,0.893,0.889,0.914,0.878,0.021,0.874,0.849,0.918,0.873,0.887,0.908,0.882,0.926,0.871,0.871,0.926,0.935,0.872,0.862,0.862,0.925,0.898
0.89,0.901,0.857,0.869,0.921,0.895,0.887,0.861,0.891,0.874,1.0,0.863,0.933,0.864,0.862,0.889,0.913,0.899,0.908,0.883,0.885,0.913,0.906,0.912,0.904,0.911,0.913,0.866,0.869,0.89,0.849,0.906,0.018,0.901,0.906,0.868,0.886,0.911,0.859,0.933,0.858,0.9,0.916,0.854,0.859,0.859,0.894,0.894,0.864,0.877
0.897,0.889,0.871,0.938,0.888,0.884,0.884,0.933,0.891,0.923,0.863,1.0,0.867,0.94,0.96,0.885,0.88,0.874,0.886,0.881,0.868,0.875,0.878,0.874,0.878,0.868,0.879,0.93,0.897,0.889,0.916,0.887,0.018,0.882,0.843,0.914,0.884,0.89,0.916,0.87,0.927,0.873,0.879,0.927,0.932,0.878,0.878,0.878,0.921,0.894
0.893,0.916,0.866,0.873,0.923,0.906,0.892,0.87,0.898,0.879,0.933,0.867,1.0,0.866,0.868,0.895,0.915,0.909,0.92,0.887,0.904,0.936,0.935,0.922,0.912,0.91,0.935,0.873,0.882,0.893,0.855,0.914,0.02,0.927,0.903,0.876,0.89,0.928,0.863,0.948,0.866,0.901,0.927,0.862,0.866,0.862,0.904,0.904,0.866,0.887
0.889,0.877,0.858,0.95,0.881,0.873,0.876,0.933,0.885,0.933,0.864,0.94,0.866,1.0,0.949,0.877,0.878,0.872,0.878,0.871,0.864,0.877,0.878,0.866,0.872,0.861,0.88,0.944,0.895,0.878,0.914,0.882,0.021,0.875,0.842,0.923,0.874,0.889,0.908,0.876,0.933,0.869,0.877,0.932,0.937,0.869,0.863,0.864,0.927,0.895
0.894,0.878,0.875,0.944,0.887,0.882,0.883,0.932,0.885,0.922,0.862,0.96,0.868,0.949,1.0,0.884,0.877,0.881,0.887,0.884,0.875,0.877,0.881,0.87,0.875,0.868,0.881,0.936,0.899,0.883,0.924,0.89,0.019,0.884,0.843,0.913,0.885,0.887,0.923,0.869,0.941,0.88,0.877,0.937,0.941,0.881,0.886,0.887,0.921,0.897
0.902,0.901,0.875,0.887,0.906,0.903,0.993,0.881,0.899,0.878,0.889,0.885,0.895,0.877,0.884,1.0,0.901,0.915,0.914,0.986,0.903,0.907,0.919,0.898,0.897,0.892,0.905,0.882,0.897,0.899,0.873,0.907,0.018,0.913,0.869,0.887,0.989,0.902,0.884,0.904,0.88,0.897,0.899,0.878,0.882,0.88,0.89,0.89,0.886,0.898
0.905,0.93,0.874,0.882,0.92,0.922,0.897,0.88,0.909,0.885,0.913,0.88,0.915,0.878,0.877,0.901,1.0,0.905,0.907,0.892,0.893,0.916,0.916,0.941,0.941,0.935,0.911,0.881,0.89,0.903,0.868,0.922,0.018,0.916,0.9,0.893,0.895,0.912,0.867,0.918,0.871,0.907,0.911,0.876,0.879,0.876,0.912,0.912,0.879,0.894
0.903,0.908,0.891,0.878,0.916,0.909,0.915,0.879,0.897,0.87,0.899,0.874,0.909,0.872,0.881,0.915,0.905,1.0,0.943,0.92,0.936,0.919,0.933,0.901,0.904,0.902,0.923,0.876,0.891,0.895,0.882,0.921,0.019,0.923,0.875,0.886,0.918,0.917,0.898,0.919,0.882,0.915,0.919,0.885,0.879,0.888,0.911,0.912,0.877,0.888
0.908,0.913,0.883,0.887,0.922,0.919,0.915,0.886,0.902,0.874,0.908,0.886,0.92,0.878,0.887,0.914,0.907,0.943,1.0,0.912,0.927,0.937,0.942,0.906,0.91,0.906,0.934,0.884,0.891,0.904,0.87,0.928,0.017,0.931,0.89,0.887,0.915,0.926,0.886,0.932,0.883,0.916,0.931,0.881,0.883,0.882,0.912,0.912,0.881,0.897
0.896,0.893,0.877,0.879,0.898,0.899,0.991,0.874,0.893,0.87,0.883,0.881,0.887,0.871,0.884,0.986,0.892,0.92,0.912,1.0,0.907,0.901,0.916,0.891,0.892,0.887,0.899,0.873,0.894,0.894,0.873,0.905,0.018,0.91,0.863,0.88,0.997,0.895,0.885,0.897,0.877,0.898,0.895,0.876,0.879,0.883,0.889,0.889,0.879,0.889
0.889,0.902,0.891,0.869,0.904,0.902,0.904,0.872,0.888,0.86,0.885,0.868,0.904,0.864,0.875,0.903,0.893,0.936,0.927,0.907,1.0,0.905,0.923,0.889,0.898,0.893,0.917,0.869,0.886,0.896,0.879,0.914,0.02,0.918,0.869,0.872,0.907,0.909,0.888,0.911,0.872,0.91,0.909,0.88,0.872,0.898,0.903,0.903,0.872,0.883
0.895,0.911,0.868,0.887,0.918,0.909,0.906,0.878,0.892,0.882,0.913,0.875,0.936,0.877,0.877,0.907,0.916,0.919,0.937,0.901,0.905,1.0,0.97,0.913,0.914,0.91,0.931,0.881,0.883,0.891,0.856,0.921,0.017,0.949,0.892,0.883,0.904,0.928,0.873,0.937,0.868,0.902,0.927,0.872,0.876,0.869,0.902,0.902,0.878,0.888
0.902,0.915,0.877,0.888,0.922,0.914,0.921,0.882,0.899,0.876,0.906,0.878,0.935,0.878,0.881,0.919,0.916,0.933,0.942,0.916,0.923,0.97,1.0,0.914,0.918,0.908,0.941,0.884,0.89,0.899,0.862,0.934,0.018,0.959,0.889,0.89,0.919,0.931,0.88,0.931,0.872,0.911,0.934,0.879,0.881,0.878,0.906,0.906,0.884,0.893
0.899,0.94,0.865,0.869,0.919,0.94,0.894,0.868,0.898,0.875,0.912,0.874,0.922,0.866,0.87,0.898,0.941,0.901,0.906,0.891,0.889,0.913,0.914,1.0,0.949,0.932,0.915,0.869,0.889,0.892,0.855,0.911,0.019,0.909,0.933,0.88,0.894,0.915,0.86,0.924,0.865,0.917,0.908,0.857,0.862,0.863,0.912,0.912,0.867,0.887
0.893,0.949,0.865,0.881,0.926,0.936,0.894,0.869,0.903,0.874,0.904,0.878,0.912,0.872,0.875,0.897,0.941,0.904,0.91,0.892,0.898,0.914,0.918,0.949,1.0,0.938,0.916,0.875,0.89,0.902,0.861,0.922,0.02,0.915,0.921,0.884,0.895,0.922,0.866,0.919,0.864,0.918,0.919,0.87,0.873,0.871,0.918,0.917,0.88,0.887
0.894,0.92,0.873,0.868,0.913,0.917,0.891,0.868,0.897,0.876,0.911,0.868,0.91,0.861,0.868,0.892,0.935,0.902,0.906,0.887,0.893,0.91,0.908,0.932,0.938,1.0,0.91,0.87,0.876,0.9,0.854,0.908,0.021,0.9,0.907,0.871,0.89,0.91,0.864,0.917,0.859,0.907,0.909,0.866,0.869,0.862,0.913,0.912,0.879,0.881
0.91,0.923,0.883,0.887,0.924,0.92,0.904,0.888,0.9,0.878,0.913,0.879,0.935,0.88,0.881,0.905,0.911,0.923,0.934,0.899,0.917,0.931,0.941,0.915,0.916,0.91,1.0,0.885,0.9,0.903,0.871,0.933,0.018,0.93,0.891,0.884,0.902,0.951,0.873,0.944,0.878,0.917,0.952,0.88,0.882,0.88,0.912,0.912,0.881,0.901
0.893,0.88,0.863,0.943,0.882,0.874,0.877,0.971,0.892,0.94,0.866,0.93,0.873,0.944,0.936,0.882,0.881,0.876,0.884,0.873,0.869,0.881,0.884,0.869,0.875,0.87,0.885,1.0,0.889,0.884,0.917,0.881,0.02,0.878,0.846,0.922,0.876,0.888,0.914,0.875,0.938,0.867,0.879,0.979,0.982,0.87,0.869,0.87,0.932,0.893
0.914,0.895,0.882,0.892,0.897,0.892,0.895,0.902,0.906,0.893,0.869,0.897,0.882,0.895,0.899,0.897,0.89,0.891,0.891,0.894,0.886,0.883,0.89,0.889,0.89,0.876,0.9,0.889,1.0,0.902,0.884,0.899,0.018,0.897,0.857,0.902,0.897,0.898,0.896,0.887,0.893,0.893,0.891,0.888,0.896,0.902,0.89,0.891,0.889,0.957
0.923,0.91,0.885,0.889,0.91,0.901,0.896,0.891,0.928,0.889,0.89,0.889,0.893,0.878,0.883,0.899,0.903,0.895,0.904,0.894,0.896,0.891,0.899,0.892,0.902,0.9,0.903,0.884,0.902,1.0,0.872,0.904,0.019,0.902,0.872,0.882,0.897,0.909,0.878,0.904,0.884,0.901,0.905,0.881,0.886,0.891,0.912,0.911,0.887,0.904
0.878,0.869,0.87,0.921,0.871,0.866,0.87,0.921,0.871,0.914,0.849,0.916,0.855,0.914,0.924,0.873,0.868,0.882,0.87,0.873,0.879,0.856,0.862,0.855,0.861,0.854,0.871,0.917,0.884,0.872,1.0,0.876,0.018,0.866,0.828,0.895,0.871,0.876,0.908,0.859,0.954,0.871,0.865,0.927,0.922,0.894,0.87,0.87,0.919,0.879
0.902,0.918,0.88,0.895,0.927,0.923,0.905,0.888,0.9,0.878,0.906,0.887,0.914,0.882,0.89,0.907,0.922,0.921,0.928,0.905,0.914,0.921,0.934,0.911,0.922,0.908,0.933,0.881,0.899,0.904,0.876,1.0,0.02,0.931,0.883,0.884,0.908,0.94,0.887,0.927,0.885,0.914,0.936,0.883,0.886,0.885,0.917,0.916,0.885,0.898
0.022,0.02,0.017,0.02,0.019,0.018,0.018,0.02,0.019,0.021,0.018,0.018,0.02,0.021,0.019,0.018,0.018,0.019,0.017,0.018,0.02,0.017,0.018,0.019,0.02,0.021,0.018,0.02,0.018,0.019,0.018,0.02,1.0,0.017,0.018,0.019,0.018,0.019,0.019,0.018,0.018,0.019,0.018,0.019,0.019,0.019,0.019,0.018,0.02,0.018
0.902,0.919,0.877,0.884,0.924,0.924,0.912,0.889,0.892,0.874,0.901,0.882,0.927,0.875,0.884,0.913,0.916,0.923,0.931,0.91,0.918,0.949,0.959,0.909,0.915,0.9,0.93,0.878,0.897,0.902,0.866,0.931,0.017,1.0,0.885,0.891,0.913,0.931,0.886,0.928,0.878,0.917,0.93,0.879,0.884,0.883,0.919,0.918,0.882,0.897
0.869,0.919,0.843,0.846,0.896,0.912,0.868,0.84,0.873,0.849,0.906,0.843,0.903,0.842,0.843,0.869,0.9,0.875,0.89,0.863,0.869,0.892,0.889,0.933,0.921,0.907,0.891,0.846,0.857,0.872,0.828,0.883,0.018,0.885,1.0,0.852,0.866,0.897,0.831,0.903,0.842,0.89,0.891,0.833,0.838,0.836,0.889,0.889,0.848,0.86
0.897,0.88,0.869,0.918,0.881,0.881,0.884,0.917,0.887,0.918,0.868,0.914,0.876,0.923,0.913,0.887,0.893,0.886,0.887,0.88,0.872,0.883,0.89,0.88,0.884,0.871,0.884,0.922,0.902,0.882,0.895,0.884,0.019,0.891,0.852,1.0,0.883,0.886,0.908,0.886,0.902,0.871,0.884,0.91,0.912,0.875,0.867,0.868,0.911,0.903
0.899,0.896,0.877,0.882,0.901,0.902,0.994,0.877,0.896,0.873,0.886,0.884,0.89,0.874,0.885,0.989,0.895,0.918,0.915,0.997,0.907,0.904,0.919,0.894,0.895,0.89,0.902,0.876,0.897,0.897,0.871,0.908,0.018,0.913,0.866,0.883,1.0,0.898,0.885,0.9,0.877,0.898,0.898,0.876,0.881,0.883,0.888,0.888,0.882,0.892
0.92,0.929,0.88,0.896,0.935,0.928,0.9,0.891,0.906,0.887,0.911,0.89,0.928,0.889,0.887,0.902,0.912,0.917,0.926,0.895,0.909,0.928,0.931,0.915,0.922,0.91,0.951,0.888,0.898,0.909,0.876,0.94,0.019,0.931,0.897,0.886,0.898,1.0,0.878,0.939,0.887,0.916,0.96,0.881,0.885,0.885,0.923,0.922,0.886,0.901
0.887,0.866,0.878,0.918,0.876,0.874,0.881,0.916,0.881,0.908,0.859,0.916,0.863,0.908,0.923,0.884,0.867,0.898,0.886,0.885,0.888,0.873,0.88,0.86,0.866,0.864,0.873,0.914,0.896,0.878,0.908,0.887,0.019,0.886,0.831,0.908,0.885,0.878,1.0,0.871,0.917,0.88,0.872,0.925,0.926,0.887,0.877,0.879,0.908,0.891
0.902,0.924,0.873,0.881,0.928,0.917,0.902,0.877,0.908,0.882,0.933,0.87,0.948,0.876,0.869,0.904,0.918,0.919,0.932,0.897,0.911,0.937,0.931,0.924,0.919,0.917,0.944,0.875,0.887,0.904,0.859,0.927,0.018,0.928,0.903,0.886,0.9,0.939,0.871,1.0,0.867,0.911,0.94,0.867,0.87,0.875,0.917,0.918,0.874,0.895
0.886,0.879,0.877,0.946,0.878,0.877,0.876,0.934,0.88,0.926,0.858,0.927,0.866,0.933,0.941,0.88,0.871,0.882,0.883,0.877,0.872,0.868,0.872,0.865,0.864,0.859,0.878,0.938,0.893,0.884,0.954,0.885,0.018,0.878,0.842,0.902,0.877,0.887,0.917,0.867,1.0,0.884,0.872,0.945,0.943,0.885,0.879,0.88,0.927,0.895
0.908,0.917,0.884,0.875,0.916,0.92,0.893,0.871,0.897,0.871,0.9,0.873,0.901,0.869,0.88,0.897,0.907,0.915,0.916,0.898,0.91,0.902,0.911,0.917,0.918,0.907,0.917,0.867,0.893,0.901,0.871,0.914,0.019,0.917,0.89,0.871,0.898,0.916,0.88,0.911,0.884,1.0,0.918,0.874,0.872,0.884,0.932,0.932,0.879,0.893
0.909,0.925,0.88,0.884,0.93,0.916,0.899,0.881,0.901,0.871,0.916,0.879,0.927,0.877,0.877,0.899,0.911,0.919,0.931,0.895,0.909,0.927,0.934,0.908,0.919,0.909,0.952,0.879,0.891,0.905,0.865,0.936,0.018,0.93,0.891,0.884,0.898,0.96,0.872,0.94,0.872,0.918,1.0,0.873,0.875,0.88,0.916,0.916,0.875,0.895
0.885,0.878,0.875,0.935,0.878,0.872,0.873,0.966,0.886,0.926,0.854,0.927,0.862,0.932,0.937,0.878,0.876,0.885,0.881,0.876,0.88,0.872,0.879,0.857,0.87,0.866,0.88,0.979,0.888,0.881,0.927,0.883,0.019,0.879,0.833,0.91,0.876,0.881,0.925,0.867,0.945,0.874,0.873,1.0,0.986,0.882,0.875,0.877,0.933,0.887
0.891,0.88,0.87,0.936,0.882,0.88,0.878,0.969,0.887,0.935,0.859,0.932,0.866,0.937,0.941,0.882,0.879,0.879,0.883,0.879,0.872,0.876,0.881,0.862,0.873,0.869,0.882,0.982,0.896,0.886,0.922,0.886,0.019,0.884,0.838,0.912,0.881,0.885,0.926,0.87,0.943,0.872,0.875,0.986,1.0,0.882,0.879,0.88,0.933,0.893
0.897,0.87,0.888,0.88,0.872,0.87,0.88,0.878,0.884,0.872,0.859,0.878,0.862,0.869,0.881,0.88,0.876,0.888,0.882,0.883,0.898,0.869,0.878,0.863,0.871,0.862,0.88,0.87,0.902,0.891,0.894,0.885,0.019,0.883,0.836,0.875,0.883,0.885,0.887,0.875,0.885,0.884,0.88,0.882,0.882,1.0,0.889,0.889,0.877,0.911
0.905,0.924,0.882,0.873,0.925,0.928,0.884,0.875,0.896,0.862,0.894,0.878,0.904,0.863,0.886,0.89,0.912,0.911,0.912,0.889,0.903,0.902,0.906,0.912,0.918,0.913,0.912,0.869,0.89,0.912,0.87,0.917,0.019,0.919,0.889,0.867,0.888,0.923,0.877,0.917,0.879,0.932,0.916,0.875,0.879,0.889,1.0,0.998,0.874,0.894
0.904,0.924,0.884,0.874,0.925,0.928,0.884,0.876,0.897,0.862,0.894,0.878,0.904,0.864,0.887,0.89,0.912,0.912,0.912,0.889,0.903,0.902,0.906,0.912,0.917,0.912,0.912,0.87,0.891,0.911,0.87,0.916,0.018,0.918,0.889,0.868,0.888,0.922,0.879,0.918,0.88,0.932,0.916,0.877,0.88,0.889,0.998,1.0,0.874,0.895
0.887,0.882,0.868,0.929,0.883,0.874,0.882,0.928,0.887,0.925,0.864,0.921,0.866,0.927,0.921,0.886,0.879,0.877,0.881,0.879,0.872,0.878,0.884,0.867,0.88,0.879,0.881,0.932,0.889,0.887,0.919,0.885,0.02,0.882,0.848,0.911,0.882,0.886,0.908,0.874,0.927,0.879,0.875,0.933,0.933,0.877,0.874,0.874,1.0,0.89
0.913,0.89,0.879,0.9,0.9,0.893,0.895,0.895,0.917,0.898,0.877,0.894,0.887,0.895,0.897,0.898,0.894,0.888,0.897,0.889,0.883,0.888,0.893,0.887,0.887,0.881,0.901,0.893,0.957,0.904,0.879,0.898,0.018,0.897,0.86,0.903,0.892,0.901,0.891,0.895,0.895,0.893,0.895,0.887,0.893,0.911,0.894,0.895,0.89,1.0
