GCF_000163235.1_ASM16323v1_genomic.fna,GCF_000164555.1_ASM16455v1_genomic.fna,GCF_000208545.1_ASM20854v2_genomic.fna,GCF_000233875.1_ASM23387v1_genomic.fna,GCF_000249735.1_ASM24973v2_genomic.fna,GCF_000261145.1_Esch_coli_M919_V2_genomic.fna,GCF_000267705.2_ASM26770v2_genomic.fna,GCF_000350665.1_Esch_coli_KTE5_V1_genomic.fna,GCF_000351625.1_Esch_coli_KTE66_V1_genomic.fna,GCF_000352285.1_Esch_coli_KTE46_V1_genomic.fna,GCF_000358895.1_ASM35889v1_genomic.fna,GCF_000456385.1_Esch_coli_HVH_26_4-5703913_V1_genomic.fna,GCF_000458195.1_Esch_coli_HVH_147_4-5893887_V1_genomic.fna,GCF_000459755.1_Esch_coli_KOEGE_58_171a_V1_genomic.fna,GCF_000460055.1_Esch_coli_UMEA_3053-1_V1_genomic.fna,GCF_000462165.2_ASM46216v2_genomic.fna,GCF_000601135.1_ASM60113v1_genomic.fna,GCF_000614595.1_Ec2010EL1058_genomic.fna,GCF_000617745.1_Ec2010C-4529_genomic.fna,GCF_000618265.2_EcF6751_genomic.fna,GCF_000619005.2_Ec2009C-4052_genomic.fna,GCF_000619105.1_Ec2009C-4780_genomic.fna,GCF_000619765.2_Ec2009C-3279_genomic.fna,GCF_000687005.1_ASM68700v1_genomic.fna,GCF_000687025.1_ASM68702v1_genomic.fna,GCF_000700125.1_ASM70012v1_genomic.fna,GCF_000753315.1_FHI35_genomic.fna,GCF_000776375.1_ASM77637v1_genomic.fna,GCF_000779395.1_ASM77939v1_genomic.fna,GCF_000780315.1_ASM78031v1_genomic.fna,GCF_000781995.1_ASM78199v1_genomic.fna,GCF_000986765.1_ASM98676v1_genomic.fna,GCF_001041375.1_ViralProj287958_genomic.fna,GCF_001265335.1_302014_genomic.fna,GCF_001265625.1_100854_genomic.fna,GCF_001267345.1_303289_genomic.fna,GCF_001309985.1_ASM130998v1_genomic.fna,GCF_001521695.1_ASM152169v1_genomic.fna,GCF_001592595.1_ASM159259v1_genomic.fna,GCF_001614975.1_ASM161497v1_genomic.fna,GCF_001692775.1_ASM169277v1_genomic.fna,GCF_001748915.1_ASM174891v1_genomic.fna,GCF_001749235.1_ASM174923v1_genomic.fna,GCF_001881155.1_ASM188115v1_genomic.fna,GCF_001881345.1_ASM188134v1_genomic.fna,GCF_001892405.1_ASM189240v1_genomic.fna,GCF_001892585.1_ASM189258v1_genomic.fna,GCF_001893985.1_ASM189398v1_genomic.fna,GCF_002001595.1_ASM200159v1_genomic.fna,GCF_002002145.1_ASM200214v1_genomic.fna
1.0,0.566,0.489,0.519,0.547,0.545,0.531,0.529,0.638,0.522,0.525,0.551,0.547,0.504,0.514,0.535,0.522,0.529,0.53,0.526,0.528,0.531,0.537,0.546,0.538,0.514,0.535,0.523,0.569,0.625,0.505,0.541,0.0,0.533,0.51,0.516,0.528,0.55,0.504,0.53,0.515,0.529,0.528,0.527,0.535,0.535,0.524,0.525,0.503,0.585
0.566,1.0,0.455,0.503,0.68,0.796,0.591,0.512,0.533,0.503,0.64,0.532,0.677,0.484,0.5,0.6,0.721,0.658,0.66,0.588,0.634,0.669,0.664,0.8,0.806,0.725,0.664,0.504,0.533,0.524,0.493,0.68,0.0,0.662,0.747,0.497,0.59,0.695,0.491,0.662,0.502,0.709,0.667,0.518,0.518,0.48,0.711,0.712,0.52,0.532
0.489,0.455,1.0,0.421,0.438,0.436,0.425,0.425,0.47,0.418,0.435,0.432,0.437,0.408,0.418,0.431,0.426,0.42,0.429,0.424,0.416,0.431,0.431,0.439,0.433,0.415,0.423,0.42,0.46,0.464,0.416,0.436,0.0,0.426,0.408,0.425,0.426,0.437,0.411,0.427,0.431,0.43,0.436,0.425,0.425,0.416,0.43,0.43,0.415,0.47
0.519,0.503,0.421,1.0,0.5,0.496,0.468,0.738,0.515,0.77,0.494,0.768,0.507,0.806,0.81,0.476,0.505,0.488,0.489,0.467,0.473,0.491,0.491,0.503,0.519,0.498,0.504,0.779,0.55,0.51,0.748,0.506,0.0,0.47,0.486,0.692,0.466,0.508,0.724,0.503,0.766,0.488,0.504,0.758,0.762,0.508,0.482,0.484,0.702,0.562
0.547,0.68,0.438,0.5,1.0,0.693,0.592,0.509,0.541,0.506,0.79,0.518,0.762,0.495,0.513,0.603,0.667,0.711,0.721,0.59,0.712,0.731,0.725,0.677,0.692,0.665,0.737,0.503,0.543,0.542,0.49,0.723,0.0,0.716,0.656,0.508,0.591,0.753,0.498,0.745,0.507,0.691,0.748,0.492,0.509,0.481,0.707,0.709,0.513,0.542
0.545,0.796,0.436,0.496,0.693,1.0,0.612,0.514,0.543,0.494,0.649,0.51,0.687,0.483,0.498,0.623,0.731,0.675,0.662,0.61,0.638,0.671,0.669,0.797,0.819,0.728,0.669,0.505,0.542,0.525,0.472,0.673,0.0,0.668,0.769,0.521,0.609,0.684,0.511,0.664,0.483,0.729,0.673,0.495,0.501,0.47,0.729,0.732,0.502,0.54
0.531,0.591,0.425,0.468,0.592,0.612,1.0,0.46,0.533,0.446,0.584,0.473,0.608,0.453,0.464,0.958,0.583,0.632,0.634,0.985,0.638,0.641,0.65,0.607,0.603,0.584,0.606,0.458,0.507,0.521,0.46,0.603,0.0,0.619,0.581,0.488,0.988,0.584,0.475,0.597,0.462,0.593,0.589,0.467,0.465,0.471,0.575,0.576,0.463,0.519
0.529,0.512,0.425,0.738,0.509,0.514,0.46,1.0,0.51,0.745,0.479,0.753,0.505,0.739,0.746,0.466,0.49,0.487,0.497,0.457,0.474,0.488,0.494,0.524,0.511,0.485,0.503,0.918,0.559,0.497,0.724,0.501,0.0,0.485,0.482,0.671,0.457,0.538,0.716,0.508,0.732,0.492,0.506,0.9,0.893,0.496,0.477,0.479,0.698,0.548
0.638,0.533,0.47,0.515,0.541,0.543,0.533,0.51,1.0,0.515,0.54,0.515,0.567,0.511,0.526,0.539,0.531,0.544,0.538,0.531,0.523,0.539,0.533,0.54,0.543,0.527,0.553,0.522,0.581,0.659,0.499,0.535,0.0,0.531,0.514,0.539,0.533,0.54,0.522,0.553,0.499,0.543,0.548,0.504,0.511,0.528,0.535,0.536,0.499,0.597
0.522,0.503,0.418,0.77,0.506,0.494,0.446,0.745,0.515,1.0,0.522,0.741,0.517,0.76,0.754,0.454,0.498,0.484,0.491,0.446,0.464,0.482,0.477,0.517,0.504,0.51,0.506,0.762,0.55,0.503,0.769,0.486,0.0,0.468,0.502,0.696,0.446,0.501,0.722,0.511,0.771,0.485,0.501,0.735,0.746,0.491,0.473,0.475,0.71,0.545
0.525,0.64,0.435,0.494,0.79,0.649,0.584,0.479,0.54,0.522,1.0,0.489,0.769,0.488,0.494,0.592,0.661,0.704,0.696,0.58,0.68,0.715,0.703,0.703,0.662,0.68,0.727,0.486,0.517,0.54,0.478,0.69,0.0,0.692,0.701,0.499,0.582,0.708,0.485,0.754,0.483,0.667,0.736,0.469,0.477,0.459,0.657,0.659,0.484,0.527
0.551,0.532,0.432,0.768,0.518,0.51,0.473,0.753,0.515,0.741,0.489,1.0,0.503,0.757,0.857,0.479,0.504,0.496,0.508,0.47,0.492,0.5,0.497,0.517,0.52,0.498,0.5,0.76,0.574,0.508,0.736,0.514,0.0,0.491,0.486,0.682,0.471,0.521,0.727,0.502,0.758,0.49,0.512,0.759,0.776,0.522,0.498,0.499,0.706,0.561
0.547,0.677,0.437,0.507,0.762,0.687,0.608,0.505,0.567,0.517,0.769,0.503,1.0,0.495,0.507,0.617,0.675,0.749,0.747,0.605,0.746,0.802,0.797,0.702,0.688,0.675,0.803,0.503,0.532,0.56,0.485,0.745,0.0,0.782,0.671,0.504,0.608,0.785,0.499,0.817,0.49,0.699,0.806,0.483,0.492,0.466,0.681,0.683,0.5,0.53
0.504,0.484,0.408,0.806,0.495,0.483,0.453,0.739,0.511,0.76,0.488,0.757,0.495,1.0,0.812,0.464,0.486,0.478,0.475,0.453,0.456,0.48,0.473,0.483,0.498,0.482,0.49,0.783,0.557,0.506,0.749,0.489,0.0,0.463,0.472,0.678,0.452,0.498,0.718,0.494,0.766,0.472,0.491,0.757,0.762,0.504,0.472,0.473,0.7,0.565
0.514,0.5,0.418,0.81,0.513,0.498,0.464,0.746,0.526,0.754,0.494,0.857,0.507,0.812,1.0,0.472,0.51,0.493,0.495,0.463,0.476,0.494,0.495,0.496,0.509,0.497,0.505,0.779,0.57,0.505,0.762,0.504,0.0,0.482,0.484,0.7,0.461,0.522,0.732,0.508,0.774,0.496,0.51,0.752,0.759,0.515,0.502,0.504,0.711,0.59
0.535,0.6,0.431,0.476,0.603,0.623,0.958,0.466,0.539,0.454,0.592,0.479,0.617,0.464,0.472,1.0,0.582,0.635,0.639,0.957,0.622,0.648,0.646,0.61,0.613,0.584,0.606,0.467,0.51,0.525,0.463,0.596,0.0,0.616,0.584,0.492,0.959,0.592,0.483,0.604,0.468,0.601,0.595,0.474,0.473,0.473,0.585,0.586,0.475,0.525
0.522,0.721,0.426,0.505,0.667,0.731,0.583,0.49,0.531,0.498,0.661,0.504,0.675,0.486,0.51,0.582,1.0,0.655,0.636,0.578,0.622,0.657,0.651,0.768,0.758,0.773,0.663,0.493,0.528,0.517,0.465,0.677,0.0,0.645,0.728,0.526,0.578,0.658,0.498,0.676,0.471,0.702,0.688,0.48,0.49,0.45,0.706,0.709,0.483,0.521
0.529,0.658,0.42,0.488,0.711,0.675,0.632,0.487,0.544,0.484,0.704,0.496,0.749,0.478,0.493,0.635,0.655,1.0,0.769,0.627,0.747,0.77,0.756,0.669,0.661,0.651,0.751,0.485,0.513,0.526,0.477,0.713,0.0,0.725,0.637,0.524,0.631,0.728,0.5,0.75,0.48,0.689,0.736,0.481,0.493,0.462,0.667,0.669,0.488,0.536
0.53,0.66,0.429,0.489,0.721,0.662,0.634,0.497,0.538,0.491,0.696,0.508,0.747,0.475,0.495,0.639,0.636,0.769,1.0,0.633,0.77,0.778,0.761,0.66,0.656,0.634,0.746,0.492,0.517,0.525,0.486,0.726,0.0,0.729,0.638,0.515,0.633,0.723,0.508,0.744,0.495,0.677,0.725,0.496,0.5,0.466,0.659,0.66,0.498,0.537
0.526,0.588,0.424,0.467,0.59,0.61,0.985,0.457,0.531,0.446,0.58,0.47,0.605,0.453,0.463,0.957,0.578,0.627,0.633,1.0,0.636,0.64,0.653,0.601,0.603,0.581,0.6,0.457,0.501,0.519,0.458,0.603,0.0,0.618,0.576,0.483,0.991,0.581,0.473,0.593,0.46,0.59,0.586,0.464,0.461,0.472,0.573,0.574,0.463,0.516
0.528,0.634,0.416,0.473,0.712,0.638,0.638,0.474,0.523,0.464,0.68,0.492,0.746,0.456,0.476,0.622,0.622,0.747,0.77,0.636,1.0,0.775,0.788,0.631,0.627,0.627,0.75,0.47,0.487,0.517,0.466,0.74,0.0,0.759,0.609,0.495,0.636,0.726,0.481,0.749,0.476,0.632,0.729,0.48,0.481,0.475,0.64,0.641,0.479,0.509
0.531,0.669,0.431,0.491,0.731,0.671,0.641,0.488,0.539,0.482,0.715,0.5,0.802,0.48,0.494,0.648,0.657,0.77,0.778,0.64,0.775,1.0,0.93,0.665,0.67,0.638,0.775,0.49,0.506,0.523,0.482,0.762,0.0,0.878,0.643,0.504,0.642,0.764,0.503,0.783,0.489,0.682,0.777,0.495,0.5,0.475,0.674,0.675,0.501,0.531
0.537,0.664,0.431,0.491,0.725,0.669,0.65,0.494,0.533,0.477,0.703,0.497,0.797,0.473,0.495,0.646,0.651,0.756,0.761,0.653,0.788,0.93,1.0,0.656,0.662,0.632,0.769,0.492,0.507,0.518,0.482,0.772,0.0,0.874,0.635,0.502,0.649,0.754,0.497,0.766,0.486,0.673,0.758,0.497,0.497,0.48,0.662,0.663,0.499,0.524
0.546,0.8,0.439,0.503,0.677,0.797,0.607,0.524,0.54,0.517,0.703,0.517,0.702,0.483,0.496,0.61,0.768,0.669,0.66,0.601,0.631,0.665,0.656,1.0,0.83,0.78,0.68,0.505,0.535,0.535,0.465,0.665,0.0,0.655,0.837,0.506,0.603,0.671,0.492,0.681,0.476,0.728,0.685,0.489,0.498,0.453,0.708,0.711,0.489,0.531
0.538,0.806,0.433,0.519,0.692,0.819,0.603,0.511,0.543,0.504,0.662,0.52,0.688,0.498,0.509,0.613,0.758,0.661,0.656,0.603,0.627,0.67,0.662,0.83,1.0,0.777,0.674,0.51,0.541,0.528,0.471,0.676,0.0,0.646,0.792,0.509,0.604,0.673,0.51,0.673,0.482,0.722,0.682,0.503,0.506,0.47,0.719,0.722,0.51,0.536
0.514,0.725,0.415,0.498,0.665,0.728,0.584,0.485,0.527,0.51,0.68,0.498,0.675,0.482,0.497,0.584,0.773,0.651,0.634,0.581,0.627,0.638,0.632,0.78,0.777,1.0,0.669,0.493,0.52,0.523,0.458,0.642,0.0,0.622,0.745,0.508,0.582,0.654,0.487,0.676,0.468,0.71,0.667,0.487,0.492,0.456,0.708,0.711,0.495,0.517
0.535,0.664,0.423,0.504,0.737,0.669,0.606,0.503,0.553,0.506,0.727,0.5,0.803,0.49,0.505,0.606,0.663,0.751,0.746,0.6,0.75,0.775,0.769,0.68,0.674,0.669,1.0,0.503,0.525,0.542,0.485,0.753,0.0,0.755,0.654,0.515,0.603,0.82,0.503,0.81,0.486,0.683,0.85,0.491,0.493,0.472,0.662,0.663,0.5,0.537
0.523,0.504,0.42,0.779,0.503,0.505,0.458,0.918,0.522,0.762,0.486,0.76,0.503,0.783,0.779,0.467,0.493,0.485,0.492,0.457,0.47,0.49,0.492,0.505,0.51,0.493,0.503,1.0,0.556,0.506,0.741,0.505,0.0,0.48,0.48,0.686,0.458,0.527,0.721,0.507,0.759,0.488,0.501,0.95,0.944,0.493,0.477,0.48,0.712,0.556
0.569,0.533,0.46,0.55,0.543,0.542,0.507,0.559,0.581,0.55,0.517,0.574,0.532,0.557,0.57,0.51,0.528,0.513,0.517,0.501,0.487,0.506,0.507,0.535,0.541,0.52,0.525,0.556,1.0,0.566,0.534,0.514,0.0,0.508,0.509,0.557,0.505,0.53,0.541,0.519,0.536,0.523,0.529,0.537,0.548,0.599,0.513,0.515,0.54,0.841
0.625,0.524,0.464,0.51,0.542,0.525,0.521,0.497,0.659,0.503,0.54,0.508,0.56,0.506,0.505,0.525,0.517,0.526,0.525,0.519,0.517,0.523,0.518,0.535,0.528,0.523,0.542,0.506,0.566,1.0,0.489,0.51,0.0,0.509,0.516,0.512,0.521,0.526,0.497,0.55,0.496,0.53,0.542,0.486,0.491,0.537,0.529,0.53,0.488,0.593
0.505,0.493,0.416,0.748,0.49,0.472,0.46,0.724,0.499,0.769,0.478,0.736,0.485,0.749,0.762,0.463,0.465,0.477,0.486,0.458,0.466,0.482,0.482,0.465,0.471,0.458,0.485,0.741,0.534,0.489,1.0,0.499,0.0,0.474,0.45,0.673,0.458,0.49,0.708,0.486,0.906,0.47,0.483,0.744,0.741,0.501,0.462,0.462,0.699,0.532
0.541,0.68,0.436,0.506,0.723,0.673,0.603,0.501,0.535,0.486,0.69,0.514,0.745,0.489,0.504,0.596,0.677,0.713,0.726,0.603,0.74,0.762,0.772,0.665,0.676,0.642,0.753,0.505,0.514,0.51,0.499,1.0,0.0,0.755,0.63,0.498,0.602,0.768,0.511,0.759,0.499,0.679,0.766,0.511,0.513,0.481,0.674,0.675,0.505,0.519
0.0,0.0,0.0,0.0,0.0,0.0,0.0,0.0,0.0,0.0,0.0,0.0,0.0,0.0,0.0,0.0,0.0,0.0,0.0,0.0,0.0,0.0,0.0,0.0,0.0,0.0,0.0,0.0,0.0,0.0,0.0,0.0,1.0,0.0,0.0,0.0,0.0,0.0,0.0,0.0,0.0,0.0,0.0,0.0,0.0,0.0,0.0,0.0,0.0,0.0
0.533,0.662,0.426,0.47,0.716,0.668,0.619,0.485,0.531,0.468,0.692,0.491,0.782,0.463,0.482,0.616,0.645,0.725,0.729,0.618,0.759,0.878,0.874,0.655,0.646,0.622,0.755,0.48,0.508,0.509,0.474,0.755,0.0,1.0,0.626,0.505,0.617,0.751,0.497,0.764,0.477,0.665,0.756,0.483,0.489,0.469,0.658,0.659,0.483,0.516
0.51,0.747,0.408,0.486,0.656,0.769,0.581,0.482,0.514,0.502,0.701,0.486,0.671,0.472,0.484,0.584,0.728,0.637,0.638,0.576,0.609,0.643,0.635,0.837,0.792,0.745,0.654,0.48,0.509,0.516,0.45,0.63,0.0,0.626,1.0,0.491,0.577,0.634,0.486,0.654,0.456,0.697,0.665,0.46,0.47,0.438,0.68,0.682,0.468,0.512
0.516,0.497,0.425,0.692,0.508,0.521,0.488,0.671,0.539,0.696,0.499,0.682,0.504,0.678,0.7,0.492,0.526,0.524,0.515,0.483,0.495,0.504,0.502,0.506,0.509,0.508,0.515,0.686,0.557,0.512,0.673,0.498,0.0,0.505,0.491,1.0,0.482,0.505,0.712,0.514,0.68,0.502,0.505,0.672,0.684,0.492,0.489,0.491,0.67,0.565
0.528,0.59,0.426,0.466,0.591,0.609,0.988,0.457,0.533,0.446,0.582,0.471,0.608,0.452,0.461,0.959,0.578,0.631,0.633,0.991,0.636,0.642,0.649,0.603,0.604,0.582,0.603,0.458,0.505,0.521,0.458,0.602,0.0,0.617,0.577,0.482,1.0,0.583,0.471,0.595,0.46,0.591,0.587,0.465,0.463,0.471,0.575,0.576,0.463,0.517
0.55,0.695,0.437,0.508,0.753,0.684,0.584,0.538,0.54,0.501,0.708,0.521,0.785,0.498,0.522,0.592,0.658,0.728,0.723,0.581,0.726,0.764,0.754,0.671,0.673,0.654,0.82,0.527,0.53,0.526,0.49,0.768,0.0,0.751,0.634,0.505,0.583,1.0,0.505,0.788,0.501,0.69,0.849,0.517,0.513,0.471,0.684,0.684,0.522,0.539
0.504,0.491,0.411,0.724,0.498,0.511,0.475,0.716,0.522,0.722,0.485,0.727,0.499,0.718,0.732,0.483,0.498,0.5,0.508,0.473,0.481,0.503,0.497,0.492,0.51,0.487,0.503,0.721,0.541,0.497,0.708,0.511,0.0,0.497,0.486,0.712,0.471,0.505,1.0,0.505,0.713,0.494,0.501,0.719,0.728,0.492,0.484,0.485,0.695,0.55
0.53,0.662,0.427,0.503,0.745,0.664,0.597,0.508,0.553,0.511,0.754,0.502,0.817,0.494,0.508,0.604,0.676,0.75,0.744,0.593,0.749,0.783,0.766,0.681,0.673,0.676,0.81,0.507,0.519,0.55,0.486,0.759,0.0,0.764,0.654,0.514,0.595,0.788,0.505,1.0,0.495,0.695,0.813,0.491,0.503,0.477,0.685,0.686,0.503,0.536
0.515,0.502,0.431,0.766,0.507,0.483,0.462,0.732,0.499,0.771,0.483,0.758,0.49,0.766,0.774,0.468,0.471,0.48,0.495,0.46,0.476,0.489,0.486,0.476,0.482,0.468,0.486,0.759,0.536,0.496,0.906,0.499,0.0,0.477,0.456,0.68,0.46,0.501,0.713,0.495,1.0,0.481,0.488,0.765,0.761,0.503,0.471,0.471,0.706,0.543
0.529,0.709,0.43,0.488,0.691,0.729,0.593,0.492,0.543,0.485,0.667,0.49,0.699,0.472,0.496,0.601,0.702,0.689,0.677,0.59,0.632,0.682,0.673,0.728,0.722,0.71,0.683,0.488,0.523,0.53,0.47,0.679,0.0,0.665,0.697,0.502,0.591,0.69,0.494,0.695,0.481,1.0,0.717,0.477,0.481,0.456,0.744,0.747,0.488,0.524
0.528,0.667,0.436,0.504,0.748,0.673,0.589,0.506,0.548,0.501,0.736,0.512,0.806,0.491,0.51,0.595,0.688,0.736,0.725,0.586,0.729,0.777,0.758,0.685,0.682,0.667,0.85,0.501,0.529,0.542,0.483,0.766,0.0,0.756,0.665,0.505,0.587,0.849,0.501,0.813,0.488,0.717,1.0,0.484,0.49,0.466,0.679,0.68,0.492,0.536
0.527,0.518,0.425,0.758,0.492,0.495,0.467,0.9,0.504,0.735,0.469,0.759,0.483,0.757,0.752,0.474,0.48,0.481,0.496,0.464,0.48,0.495,0.497,0.489,0.503,0.487,0.491,0.95,0.537,0.486,0.744,0.511,0.0,0.483,0.46,0.672,0.465,0.517,0.719,0.491,0.765,0.477,0.484,1.0,0.958,0.497,0.47,0.472,0.716,0.536
0.535,0.518,0.425,0.762,0.509,0.501,0.465,0.893,0.511,0.746,0.477,0.776,0.492,0.762,0.759,0.473,0.49,0.493,0.5,0.461,0.481,0.5,0.497,0.498,0.506,0.492,0.493,0.944,0.548,0.491,0.741,0.513,0.0,0.489,0.47,0.684,0.463,0.513,0.728,0.503,0.761,0.481,0.49,0.958,1.0,0.494,0.487,0.489,0.716,0.542
0.535,0.48,0.416,0.508,0.481,0.47,0.471,0.496,0.528,0.491,0.459,0.522,0.466,0.504,0.515,0.473,0.45,0.462,0.466,0.472,0.475,0.475,0.48,0.453,0.47,0.456,0.472,0.493,0.599,0.537,0.501,0.481,0.0,0.469,0.438,0.492,0.471,0.471,0.492,0.477,0.503,0.456,0.466,0.497,0.494,1.0,0.502,0.502,0.514,0.66
0.524,0.711,0.43,0.482,0.707,0.729,0.575,0.477,0.535,0.473,0.657,0.498,0.681,0.472,0.502,0.585,0.706,0.667,0.659,0.573,0.64,0.674,0.662,0.708,0.719,0.708,0.662,0.477,0.513,0.529,0.462,0.674,0.0,0.658,0.68,0.489,0.575,0.684,0.484,0.685,0.471,0.744,0.679,0.47,0.487,0.502,1.0,0.996,0.489,0.537
0.525,0.712,0.43,0.484,0.709,0.732,0.576,0.479,0.536,0.475,0.659,0.499,0.683,0.473,0.504,0.586,0.709,0.669,0.66,0.574,0.641,0.675,0.663,0.711,0.722,0.711,0.663,0.48,0.515,0.53,0.462,0.675,0.0,0.659,0.682,0.491,0.576,0.684,0.485,0.686,0.471,0.747,0.68,0.472,0.489,0.502,0.996,1.0,0.49,0.539
0.503,0.52,0.415,0.702,0.513,0.502,0.463,0.698,0.499,0.71,0.484,0.706,0.5,0.7,0.711,0.475,0.483,0.488,0.498,0.463,0.479,0.501,0.499,0.489,0.51,0.495,0.5,0.712,0.54,0.488,0.699,0.505,0.0,0.483,0.468,0.67,0.463,0.522,0.695,0.503,0.706,0.488,0.492,0.716,0.716,0.514,0.489,0.49,1.0,0.549
0.585,0.532,0.47,0.562,0.542,0.54,0.519,0.548,0.597,0.545,0.527,0.561,0.53,0.565,0.59,0.525,0.521,0.536,0.537,0.516,0.509,0.531,0.524,0.531,0.536,0.517,0.537,0.556,0.841,0.593,0.532,0.519,0.0,0.516,0.512,0.565,0.517,0.539,0.55,0.536,0.543,0.524,0.536,0.536,0.542,0.66,0.537,0.539,0.549,1.0
