GCF_000163235.1_ASM16323v1_genomic.fna,GCF_000164555.1_ASM16455v1_genomic.fna,GCF_000208545.1_ASM20854v2_genomic.fna,GCF_000233875.1_ASM23387v1_genomic.fna,GCF_000249735.1_ASM24973v2_genomic.fna,GCF_000261145.1_Esch_coli_M919_V2_genomic.fna,GCF_000267705.2_ASM26770v2_genomic.fna,GCF_000350665.1_Esch_coli_KTE5_V1_genomic.fna,GCF_000351625.1_Esch_coli_KTE66_V1_genomic.fna,GCF_000352285.1_Esch_coli_KTE46_V1_genomic.fna,GCF_000358895.1_ASM35889v1_genomic.fna,GCF_000456385.1_Esch_coli_HVH_26_4-5703913_V1_genomic.fna,GCF_000458195.1_Esch_coli_HVH_147_4-5893887_V1_genomic.fna,GCF_000459755.1_Esch_coli_KOEGE_58_171a_V1_genomic.fna,GCF_000460055.1_Esch_coli_UMEA_3053-1_V1_genomic.fna,GCF_000462165.2_ASM46216v2_genomic.fna,GCF_000601135.1_ASM60113v1_genomic.fna,GCF_000614595.1_Ec2010EL1058_genomic.fna,GCF_000617745.1_Ec2010C-4529_genomic.fna,GCF_000618265.2_EcF6751_genomic.fna,GCF_000619005.2_Ec2009C-4052_genomic.fna,GCF_000619105.1_Ec2009C-4780_genomic.fna,GCF_000619765.2_Ec2009C-3279_genomic.fna,GCF_000687005.1_ASM68700v1_genomic.fna,GCF_000687025.1_ASM68702v1_genomic.fna,GCF_000700125.1_ASM70012v1_genomic.fna,GCF_000753315.1_FHI35_genomic.fna,GCF_000776375.1_ASM77637v1_genomic.fna,GCF_000779395.1_ASM77939v1_genomic.fna,GCF_000780315.1_ASM78031v1_genomic.fna,GCF_000781995.1_ASM78199v1_genomic.fna,GCF_000986765.1_ASM98676v1_genomic.fna,GCF_001041375.1_ViralProj287958_genomic.fna,GCF_001265335.1_302014_genomic.fna,GCF_001265625.1_100854_genomic.fna,GCF_001267345.1_303289_genomic.fna,GCF_001309985.1_ASM130998v1_genomic.fna,GCF_001521695.1_ASM152169v1_genomic.fna,GCF_001592595.1_ASM159259v1_genomic.fna,GCF_001614975.1_ASM161497v1_genomic.fna,GCF_001692775.1_ASM169277v1_genomic.fna,GCF_001748915.1_ASM174891v1_genomic.fna,GCF_001749235.1_ASM174923v1_genomic.fna,GCF_001881155.1_ASM188115v1_genomic.fna,GCF_001881345.1_ASM188134v1_genomic.fna,GCF_001892405.1_ASM189240v1_genomic.fna,GCF_001892585.1_ASM189258v1_genomic.fna,GCF_001893985.1_ASM189398v1_genomic.fna,GCF_002001595.1_ASM200159v1_genomic.fna,GCF_002002145.1_ASM200214v1_genomic.fna
1.0,0.904,0.88,0.894,0.897,0.901,0.898,0.885,0.916,0.875,0.875,0.892,0.89,0.88,0.877,0.9,0.899,0.898,0.907,0.899,0.902,0.891,0.898,0.887,0.904,0.889,0.9,0.889,0.905,0.906,0.865,0.903,0.027,0.894,0.868,0.89,0.898,0.904,0.882,0.896,0.885,0.893,0.909,0.886,0.893,0.865,0.895,0.895,0.882,0.911
0.904,1.0,0.882,0.886,0.918,0.942,0.896,0.878,0.897,0.87,0.889,0.887,0.905,0.878,0.876,0.901,0.922,0.91,0.912,0.895,0.908,0.902,0.906,0.927,0.945,0.915,0.914,0.882,0.891,0.885,0.873,0.919,0.025,0.91,0.901,0.888,0.895,0.922,0.88,0.906,0.882,0.916,0.907,0.887,0.887,0.87,0.912,0.913,0.886,0.89
0.88,0.882,1.0,0.865,0.88,0.877,0.873,0.869,0.882,0.853,0.848,0.87,0.862,0.863,0.863,0.877,0.87,0.874,0.874,0.874,0.881,0.864,0.864,0.853,0.877,0.859,0.874,0.867,0.883,0.884,0.864,0.886,0.021,0.872,0.834,0.875,0.872,0.881,0.87,0.878,0.872,0.875,0.886,0.87,0.866,0.856,0.869,0.87,0.865,0.881
0.894,0.886,0.865,1.0,0.903,0.885,0.881,0.935,0.88,0.924,0.868,0.941,0.873,0.948,0.94,0.885,0.88,0.886,0.885,0.883,0.891,0.88,0.883,0.863,0.883,0.871,0.885,0.943,0.892,0.877,0.932,0.895,0.025,0.884,0.849,0.916,0.881,0.886,0.918,0.884,0.945,0.88,0.893,0.943,0.943,0.873,0.881,0.882,0.922,0.894
0.897,0.918,0.88,0.903,1.0,0.924,0.905,0.907,0.9,0.889,0.914,0.896,0.923,0.894,0.897,0.905,0.916,0.927,0.925,0.905,0.932,0.918,0.919,0.906,0.924,0.909,0.931,0.906,0.894,0.892,0.886,0.929,0.022,0.922,0.894,0.9,0.904,0.93,0.894,0.928,0.896,0.926,0.932,0.901,0.903,0.872,0.922,0.923,0.892,0.899
0.901,0.942,0.877,0.885,0.924,1.0,0.899,0.885,0.906,0.874,0.899,0.879,0.909,0.883,0.884,0.9,0.933,0.922,0.914,0.899,0.908,0.902,0.91,0.935,0.948,0.917,0.915,0.888,0.896,0.889,0.875,0.922,0.024,0.913,0.915,0.897,0.899,0.917,0.891,0.917,0.884,0.932,0.917,0.883,0.885,0.866,0.931,0.931,0.885,0.903
0.898,0.896,0.873,0.881,0.905,0.899,1.0,0.88,0.896,0.865,0.881,0.881,0.894,0.863,0.87,0.985,0.892,0.913,0.917,0.994,0.913,0.915,0.92,0.888,0.893,0.881,0.896,0.875,0.886,0.897,0.883,0.909,0.022,0.913,0.868,0.886,0.994,0.909,0.892,0.894,0.878,0.895,0.908,0.881,0.885,0.871,0.89,0.891,0.875,0.896
0.885,0.878,0.869,0.935,0.907,0.885,0.88,1.0,0.886,0.928,0.866,0.929,0.873,0.928,0.928,0.881,0.879,0.891,0.887,0.881,0.892,0.877,0.88,0.871,0.886,0.875,0.894,0.97,0.907,0.88,0.924,0.896,0.022,0.885,0.856,0.924,0.88,0.9,0.925,0.89,0.932,0.886,0.895,0.961,0.958,0.87,0.876,0.877,0.923,0.903
0.916,0.897,0.882,0.88,0.9,0.906,0.896,0.886,1.0,0.871,0.868,0.882,0.889,0.879,0.872,0.901,0.894,0.901,0.903,0.896,0.899,0.894,0.898,0.879,0.899,0.886,0.905,0.885,0.903,0.914,0.875,0.901,0.02,0.902,0.863,0.884,0.896,0.9,0.885,0.892,0.889,0.902,0.909,0.882,0.885,0.867,0.888,0.889,0.882,0.908
0.875,0.87,0.853,0.924,0.889,0.874,0.865,0.928,0.871,1.0,0.885,0.911,0.88,0.937,0.921,0.869,0.876,0.875,0.871,0.865,0.869,0.855,0.858,0.88,0.875,0.887,0.88,0.925,0.883,0.862,0.915,0.876,0.024,0.862,0.868,0.906,0.865,0.874,0.908,0.875,0.928,0.873,0.876,0.914,0.917,0.848,0.865,0.866,0.93,0.886
0.875,0.889,0.848,0.868,0.914,0.899,0.881,0.866,0.868,0.885,1.0,0.862,0.923,0.873,0.856,0.883,0.896,0.912,0.903,0.879,0.897,0.893,0.893,0.923,0.901,0.901,0.911,0.87,0.865,0.869,0.846,0.896,0.022,0.895,0.916,0.869,0.88,0.9,0.861,0.911,0.858,0.897,0.912,0.862,0.862,0.826,0.891,0.891,0.869,0.869
0.892,0.887,0.87,0.941,0.896,0.879,0.881,0.929,0.882,0.911,0.862,1.0,0.87,0.931,0.947,0.884,0.874,0.881,0.883,0.882,0.893,0.877,0.879,0.865,0.886,0.871,0.883,0.934,0.894,0.878,0.908,0.893,0.023,0.88,0.849,0.907,0.88,0.894,0.911,0.885,0.924,0.876,0.894,0.935,0.94,0.876,0.874,0.875,0.917,0.893
0.89,0.905,0.862,0.873,0.923,0.909,0.894,0.873,0.889,0.88,0.923,0.87,1.0,0.878,0.867,0.896,0.906,0.923,0.934,0.893,0.923,0.917,0.917,0.923,0.907,0.91,0.931,0.877,0.88,0.883,0.854,0.91,0.021,0.919,0.901,0.88,0.893,0.917,0.874,0.925,0.865,0.903,0.93,0.87,0.873,0.846,0.893,0.893,0.874,0.884
0.88,0.878,0.863,0.948,0.894,0.883,0.863,0.928,0.879,0.937,0.873,0.931,0.878,1.0,0.947,0.868,0.879,0.88,0.875,0.865,0.874,0.86,0.864,0.873,0.881,0.885,0.881,0.941,0.883,0.868,0.913,0.879,0.022,0.867,0.864,0.909,0.864,0.876,0.909,0.877,0.931,0.878,0.888,0.934,0.934,0.863,0.874,0.875,0.934,0.893
0.877,0.876,0.863,0.94,0.897,0.884,0.87,0.928,0.872,0.921,0.856,0.947,0.867,0.947,1.0,0.874,0.88,0.882,0.876,0.871,0.881,0.866,0.872,0.86,0.877,0.871,0.883,0.936,0.886,0.87,0.915,0.883,0.024,0.87,0.852,0.912,0.87,0.879,0.906,0.882,0.93,0.878,0.885,0.929,0.93,0.866,0.874,0.875,0.923,0.9
0.9,0.901,0.877,0.885,0.905,0.9,0.985,0.881,0.901,0.869,0.883,0.884,0.896,0.868,0.874,1.0,0.897,0.912,0.917,0.985,0.914,0.909,0.915,0.886,0.896,0.882,0.895,0.879,0.893,0.897,0.88,0.915,0.022,0.905,0.868,0.885,0.984,0.913,0.89,0.894,0.879,0.902,0.912,0.883,0.886,0.87,0.89,0.891,0.877,0.902
0.899,0.922,0.87,0.88,0.916,0.933,0.892,0.879,0.894,0.876,0.896,0.874,0.906,0.879,0.88,0.897,1.0,0.911,0.912,0.89,0.906,0.905,0.905,0.921,0.922,0.924,0.912,0.881,0.892,0.881,0.861,0.917,0.026,0.908,0.902,0.885,0.888,0.908,0.875,0.908,0.87,0.925,0.911,0.875,0.879,0.854,0.921,0.922,0.88,0.9
0.898,0.91,0.874,0.886,0.927,0.922,0.913,0.891,0.901,0.875,0.912,0.881,0.923,0.88,0.882,0.912,0.911,1.0,0.945,0.912,0.924,0.929,0.926,0.914,0.914,0.907,0.928,0.892,0.894,0.896,0.877,0.924,0.024,0.923,0.891,0.898,0.911,0.92,0.888,0.928,0.877,0.917,0.927,0.883,0.886,0.859,0.912,0.913,0.88,0.9
0.907,0.912,0.874,0.885,0.925,0.914,0.917,0.887,0.903,0.871,0.903,0.883,0.934,0.875,0.876,0.917,0.912,0.945,1.0,0.917,0.942,0.933,0.935,0.908,0.919,0.901,0.923,0.884,0.891,0.899,0.87,0.923,0.023,0.928,0.889,0.89,0.917,0.922,0.884,0.928,0.88,0.916,0.929,0.883,0.886,0.86,0.908,0.909,0.875,0.899
0.899,0.895,0.874,0.883,0.905,0.899,0.994,0.881,0.896,0.865,0.879,0.882,0.893,0.865,0.871,0.985,0.89,0.912,0.917,1.0,0.915,0.916,0.921,0.885,0.894,0.881,0.893,0.877,0.889,0.896,0.887,0.909,0.022,0.913,0.866,0.887,0.996,0.909,0.896,0.892,0.88,0.896,0.907,0.883,0.887,0.872,0.886,0.887,0.876,0.897
0.902,0.908,0.881,0.891,0.932,0.908,0.913,0.892,0.899,0.869,0.897,0.893,0.923,0.874,0.881,0.914,0.906,0.924,0.942,0.915,1.0,0.932,0.935,0.896,0.91,0.898,0.929,0.89,0.895,0.895,0.875,0.938,0.023,0.934,0.888,0.89,0.913,0.928,0.895,0.927,0.883,0.909,0.928,0.896,0.897,0.869,0.905,0.906,0.876,0.898
0.891,0.902,0.864,0.88,0.918,0.902,0.915,0.877,0.894,0.855,0.893,0.877,0.917,0.86,0.866,0.909,0.905,0.929,0.933,0.916,0.932,1.0,0.979,0.888,0.904,0.884,0.92,0.873,0.88,0.892,0.877,0.92,0.023,0.956,0.87,0.877,0.915,0.922,0.897,0.924,0.869,0.899,0.929,0.88,0.88,0.871,0.897,0.898,0.863,0.889
0.898,0.906,0.864,0.883,0.919,0.91,0.92,0.88,0.898,0.858,0.893,0.879,0.917,0.864,0.872,0.915,0.905,0.926,0.935,0.921,0.935,0.979,1.0,0.892,0.91,0.888,0.921,0.877,0.885,0.894,0.877,0.927,0.023,0.953,0.874,0.879,0.92,0.925,0.9,0.925,0.871,0.906,0.925,0.886,0.886,0.873,0.902,0.903,0.862,0.888
0.887,0.927,0.853,0.863,0.906,0.935,0.888,0.871,0.879,0.88,0.923,0.865,0.923,0.873,0.86,0.886,0.921,0.914,0.908,0.885,0.896,0.888,0.892,1.0,0.934,0.932,0.902,0.867,0.876,0.875,0.847,0.902,0.023,0.893,0.944,0.874,0.884,0.897,0.862,0.9,0.861,0.915,0.904,0.859,0.864,0.841,0.909,0.909,0.875,0.882
0.904,0.945,0.877,0.883,0.924,0.948,0.893,0.886,0.899,0.875,0.901,0.886,0.907,0.881,0.877,0.896,0.922,0.914,0.919,0.894,0.91,0.904,0.91,0.934,1.0,0.923,0.919,0.886,0.901,0.888,0.867,0.922,0.023,0.904,0.911,0.888,0.894,0.916,0.879,0.916,0.878,0.928,0.92,0.884,0.885,0.863,0.922,0.922,0.885,0.898
0.889,0.915,0.859,0.871,0.909,0.917,0.881,0.875,0.886,0.887,0.901,0.871,0.91,0.885,0.871,0.882,0.924,0.907,0.901,0.881,0.898,0.884,0.888,0.932,0.923,1.0,0.904,0.876,0.883,0.875,0.861,0.903,0.022,0.894,0.913,0.88,0.881,0.898,0.862,0.897,0.871,0.906,0.894,0.874,0.877,0.848,0.905,0.905,0.884,0.885
0.9,0.914,0.874,0.885,0.931,0.915,0.896,0.894,0.905,0.88,0.911,0.883,0.931,0.881,0.883,0.895,0.912,0.928,0.923,0.893,0.929,0.92,0.921,0.902,0.919,0.904,1.0,0.891,0.891,0.892,0.872,0.927,0.023,0.924,0.89,0.893,0.895,0.934,0.88,0.933,0.882,0.911,0.942,0.887,0.885,0.859,0.909,0.909,0.884,0.897
0.889,0.882,0.867,0.943,0.906,0.888,0.875,0.97,0.885,0.925,0.87,0.934,0.877,0.941,0.936,0.879,0.881,0.892,0.884,0.877,0.89,0.873,0.877,0.867,0.886,0.876,0.891,1.0,0.902,0.876,0.921,0.895,0.025,0.881,0.853,0.916,0.875,0.895,0.92,0.886,0.938,0.884,0.895,0.982,0.976,0.87,0.872,0.873,0.923,0.9
0.905,0.891,0.883,0.892,0.894,0.896,0.886,0.907,0.903,0.883,0.865,0.894,0.88,0.883,0.886,0.893,0.892,0.894,0.891,0.889,0.895,0.88,0.885,0.876,0.901,0.883,0.891,0.902,1.0,0.9,0.88,0.903,0.025,0.888,0.857,0.902,0.887,0.904,0.893,0.895,0.893,0.898,0.898,0.898,0.898,0.882,0.883,0.883,0.885,0.948
0.906,0.885,0.884,0.877,0.892,0.889,0.897,0.88,0.914,0.862,0.869,0.878,0.883,0.868,0.87,0.897,0.881,0.896,0.899,0.896,0.895,0.892,0.894,0.875,0.888,0.875,0.892,0.876,0.9,1.0,0.874,0.897,0.023,0.894,0.856,0.883,0.896,0.897,0.89,0.894,0.879,0.892,0.906,0.877,0.882,0.872,0.882,0.883,0.871,0.902
0.865,0.873,0.864,0.932,0.886,0.875,0.883,0.924,0.875,0.915,0.846,0.908,0.854,0.913,0.915,0.88,0.861,0.877,0.87,0.887,0.875,0.877,0.877,0.847,0.867,0.861,0.872,0.921,0.88,0.874,1.0,0.885,0.022,0.883,0.832,0.905,0.886,0.878,0.922,0.874,0.96,0.876,0.874,0.926,0.927,0.876,0.87,0.871,0.909,0.881
0.903,0.919,0.886,0.895,0.929,0.922,0.909,0.896,0.901,0.876,0.896,0.893,0.91,0.879,0.883,0.915,0.917,0.924,0.923,0.909,0.938,0.92,0.927,0.902,0.922,0.903,0.927,0.895,0.903,0.897,0.885,1.0,0.024,0.924,0.881,0.895,0.909,0.935,0.904,0.929,0.888,0.909,0.936,0.902,0.904,0.876,0.913,0.914,0.885,0.901
0.027,0.025,0.021,0.025,0.022,0.024,0.022,0.022,0.02,0.024,0.022,0.023,0.021,0.022,0.024,0.022,0.026,0.024,0.023,0.022,0.023,0.023,0.023,0.023,0.023,0.022,0.023,0.025,0.025,0.023,0.022,0.024,1.0,0.021,0.025,0.026,0.022,0.024,0.024,0.025,0.022,0.022,0.022,0.023,0.023,0.025,0.024,0.024,0.02,0.025
0.894,0.91,0.872,0.884,0.922,0.913,0.913,0.885,0.902,0.862,0.895,0.88,0.919,0.867,0.87,0.905,0.908,0.923,0.928,0.913,0.934,0.956,0.953,0.893,0.904,0.894,0.924,0.881,0.888,0.894,0.883,0.924,0.021,1.0,0.877,0.885,0.911,0.928,0.903,0.923,0.878,0.906,0.925,0.888,0.89,0.869,0.901,0.902,0.872,0.89
0.868,0.901,0.834,0.849,0.894,0.915,0.868,0.856,0.863,0.868,0.916,0.849,0.901,0.864,0.852,0.868,0.902,0.891,0.889,0.866,0.888,0.87,0.874,0.944,0.911,0.913,0.89,0.853,0.857,0.856,0.832,0.881,0.025,0.877,1.0,0.858,0.866,0.878,0.849,0.885,0.844,0.894,0.883,0.846,0.849,0.83,0.892,0.893,0.863,0.867
0.89,0.888,0.875,0.916,0.9,0.897,0.886,0.924,0.884,0.906,0.869,0.907,0.88,0.909,0.912,0.885,0.885,0.898,0.89,0.887,0.89,0.877,0.879,0.874,0.888,0.88,0.893,0.916,0.902,0.883,0.905,0.895,0.026,0.885,0.858,1.0,0.885,0.891,0.913,0.89,0.913,0.887,0.894,0.905,0.91,0.872,0.883,0.882,0.91,0.897
0.898,0.895,0.872,0.881,0.904,0.899,0.994,0.88,0.896,0.865,0.88,0.88,0.893,0.864,0.87,0.984,0.888,0.911,0.917,0.996,0.913,0.915,0.92,0.884,0.894,0.881,0.895,0.875,0.887,0.896,0.886,0.909,0.022,0.911,0.866,0.885,1.0,0.911,0.895,0.891,0.879,0.897,0.908,0.881,0.885,0.87,0.888,0.889,0.876,0.895
0.904,0.922,0.881,0.886,0.93,0.917,0.909,0.9,0.9,0.874,0.9,0.894,0.917,0.876,0.879,0.913,0.908,0.92,0.922,0.909,0.928,0.922,0.925,0.897,0.916,0.898,0.934,0.895,0.904,0.897,0.878,0.935,0.024,0.928,0.878,0.891,0.911,1.0,0.893,0.928,0.883,0.915,0.949,0.897,0.898,0.872,0.903,0.904,0.884,0.898
0.882,0.88,0.87,0.918,0.894,0.891,0.892,0.925,0.885,0.908,0.861,0.911,0.874,0.909,0.906,0.89,0.875,0.888,0.884,0.896,0.895,0.897,0.9,0.862,0.879,0.862,0.88,0.92,0.893,0.89,0.922,0.904,0.024,0.903,0.849,0.913,0.895,0.893,1.0,0.889,0.913,0.884,0.893,0.927,0.931,0.882,0.874,0.875,0.906,0.891
0.896,0.906,0.878,0.884,0.928,0.917,0.894,0.89,0.892,0.875,0.911,0.885,0.925,0.877,0.882,0.894,0.908,0.928,0.928,0.892,0.927,0.924,0.925,0.9,0.916,0.897,0.933,0.886,0.895,0.894,0.874,0.929,0.025,0.923,0.885,0.89,0.891,0.928,0.889,1.0,0.883,0.918,0.936,0.882,0.885,0.868,0.918,0.919,0.876,0.903
0.885,0.882,0.872,0.945,0.896,0.884,0.878,0.932,0.889,0.928,0.858,0.924,0.865,0.931,0.93,0.879,0.87,0.877,0.88,0.88,0.883,0.869,0.871,0.861,0.878,0.871,0.882,0.938,0.893,0.879,0.96,0.888,0.022,0.878,0.844,0.913,0.879,0.883,0.913,0.883,1.0,0.884,0.883,0.936,0.936,0.871,0.875,0.876,0.925,0.896
0.893,0.916,0.875,0.88,0.926,0.932,0.895,0.886,0.902,0.873,0.897,0.876,0.903,0.878,0.878,0.902,0.925,0.917,0.916,0.896,0.909,0.899,0.906,0.915,0.928,0.906,0.911,0.884,0.898,0.892,0.876,0.909,0.022,0.906,0.894,0.887,0.897,0.915,0.884,0.918,0.884,1.0,0.923,0.884,0.881,0.863,0.924,0.925,0.876,0.898
0.909,0.907,0.886,0.893,0.932,0.917,0.908,0.895,0.909,0.876,0.912,0.894,0.93,0.888,0.885,0.912,0.911,0.927,0.929,0.907,0.928,0.929,0.925,0.904,0.92,0.894,0.942,0.895,0.898,0.906,0.874,0.936,0.022,0.925,0.883,0.894,0.908,0.949,0.893,0.936,0.883,0.923,1.0,0.89,0.891,0.866,0.912,0.913,0.884,0.905
0.886,0.887,0.87,0.943,0.901,0.883,0.881,0.961,0.882,0.914,0.862,0.935,0.87,0.934,0.929,0.883,0.875,0.883,0.883,0.883,0.896,0.88,0.886,0.859,0.884,0.874,0.887,0.982,0.898,0.877,0.926,0.902,0.023,0.888,0.846,0.905,0.881,0.897,0.927,0.882,0.936,0.884,0.89,1.0,0.985,0.88,0.871,0.872,0.919,0.896
0.893,0.887,0.866,0.943,0.903,0.885,0.885,0.958,0.885,0.917,0.862,0.94,0.873,0.934,0.93,0.886,0.879,0.886,0.886,0.887,0.897,0.88,0.886,0.864,0.885,0.877,0.885,0.976,0.898,0.882,0.927,0.904,0.023,0.89,0.849,0.91,0.885,0.898,0.931,0.885,0.936,0.881,0.891,0.985,1.0,0.88,0.873,0.874,0.92,0.899
0.865,0.87,0.856,0.873,0.872,0.866,0.871,0.87,0.867,0.848,0.826,0.876,0.846,0.863,0.866,0.87,0.854,0.859,0.86,0.872,0.869,0.871,0.873,0.841,0.863,0.848,0.859,0.87,0.882,0.872,0.876,0.876,0.025,0.869,0.83,0.872,0.87,0.872,0.882,0.868,0.871,0.863,0.866,0.88,0.88,1.0,0.867,0.867,0.86,0.892
0.895,0.912,0.869,0.881,0.922,0.931,0.89,0.876,0.888,0.865,0.891,0.874,0.893,0.874,0.874,0.89,0.921,0.912,0.908,0.886,0.905,0.897,0.902,0.909,0.922,0.905,0.909,0.872,0.883,0.882,0.87,0.913,0.024,0.901,0.892,0.883,0.888,0.903,0.874,0.918,0.875,0.924,0.912,0.871,0.873,0.867,1.0,0.999,0.882,0.896
0.895,0.913,0.87,0.882,0.923,0.931,0.891,0.877,0.889,0.866,0.891,0.875,0.893,0.875,0.875,0.891,0.922,0.913,0.909,0.887,0.906,0.898,0.903,0.909,0.922,0.905,0.909,0.873,0.883,0.883,0.871,0.914,0.024,0.902,0.893,0.882,0.889,0.904,0.875,0.919,0.876,0.925,0.913,0.872,0.874,0.867,0.999,1.0,0.883,0.897
0.882,0.886,0.865,0.922,0.892,0.885,0.875,0.923,0.882,0.93,0.869,0.917,0.874,0.934,0.923,0.877,0.88,0.88,0.875,0.876,0.876,0.863,0.862,0.875,0.885,0.884,0.884,0.923,0.885,0.871,0.909,0.885,0.02,0.872,0.863,0.91,0.876,0.884,0.906,0.876,0.925,0.876,0.884,0.919,0.92,0.86,0.882,0.883,1.0,0.886
0.911,0.89,0.881,0.894,0.899,0.903,0.896,0.903,0.908,0.886,0.869,0.893,0.884,0.893,0.9,0.902,0.9,0.9,0.899,0.897,0.898,0.889,0.888,0.882,0.898,0.885,0.897,0.9,0.948,0.902,0.881,0.901,0.025,0.89,0.867,0.897,0.895,0.898,0.891,0.903,0.896,0.898,0.905,0.896,0.899,0.892,0.896,0.897,0.886,1.0
