GCF_000163235.1_ASM16323v1_genomic.fna,GCF_000164555.1_ASM16455v1_genomic.fna,GCF_000208545.1_ASM20854v2_genomic.fna,GCF_000233875.1_ASM23387v1_genomic.fna,GCF_000249735.1_ASM24973v2_genomic.fna,GCF_000261145.1_Esch_coli_M919_V2_genomic.fna,GCF_000267705.2_ASM26770v2_genomic.fna,GCF_000350665.1_Esch_coli_KTE5_V1_genomic.fna,GCF_000351625.1_Esch_coli_KTE66_V1_genomic.fna,GCF_000352285.1_Esch_coli_KTE46_V1_genomic.fna,GCF_000358895.1_ASM35889v1_genomic.fna,GCF_000456385.1_Esch_coli_HVH_26_4-5703913_V1_genomic.fna,GCF_000458195.1_Esch_coli_HVH_147_4-5893887_V1_genomic.fna,GCF_000459755.1_Esch_coli_KOEGE_58_171a_V1_genomic.fna,GCF_000460055.1_Esch_coli_UMEA_3053-1_V1_genomic.fna,GCF_000462165.2_ASM46216v2_genomic.fna,GCF_000601135.1_ASM60113v1_genomic.fna,GCF_000614595.1_Ec2010EL1058_genomic.fna,GCF_000617745.1_Ec2010C-4529_genomic.fna,GCF_000618265.2_EcF6751_genomic.fna,GCF_000619005.2_Ec2009C-4052_genomic.fna,GCF_000619105.1_Ec2009C-4780_genomic.fna,GCF_000619765.2_Ec2009C-3279_genomic.fna,GCF_000687005.1_ASM68700v1_genomic.fna,GCF_000687025.1_ASM68702v1_genomic.fna,GCF_000700125.1_ASM70012v1_genomic.fna,GCF_000753315.1_FHI35_genomic.fna,GCF_000776375.1_ASM77637v1_genomic.fna,GCF_000779395.1_ASM77939v1_genomic.fna,GCF_000780315.1_ASM78031v1_genomic.fna,GCF_000781995.1_ASM78199v1_genomic.fna,GCF_000986765.1_ASM98676v1_genomic.fna,GCF_001041375.1_ViralProj287958_genomic.fna,GCF_001265335.1_302014_genomic.fna,GCF_001265625.1_100854_genomic.fna,GCF_001267345.1_303289_genomic.fna,GCF_001309985.1_ASM130998v1_genomic.fna,GCF_001521695.1_ASM152169v1_genomic.fna,GCF_001592595.1_ASM159259v1_genomic.fna,GCF_001614975.1_ASM161497v1_genomic.fna,GCF_001692775.1_ASM169277v1_genomic.fna,GCF_001748915.1_ASM174891v1_genomic.fna,GCF_001749235.1_ASM174923v1_genomic.fna,GCF_001881155.1_ASM188115v1_genomic.fna,GCF_001881345.1_ASM188134v1_genomic.fna,GCF_001892405.1_ASM189240v1_genomic.fna,GCF_001892585.1_ASM189258v1_genomic.fna,GCF_001893985.1_ASM189398v1_genomic.fna,GCF_002001595.1_ASM200159v1_genomic.fna,GCF_002002145.1_ASM200214v1_genomic.fna
1.0,0.495,0.387,0.422,0.476,0.463,0.473,0.446,0.61,0.446,0.469,0.429,0.485,0.412,0.404,0.475,0.475,0.484,0.485,0.469,0.447,0.473,0.475,0.49,0.481,0.474,0.479,0.435,0.531,0.577,0.411,0.462,0.0,0.463,0.455,0.429,0.471,0.489,0.426,0.48,0.421,0.465,0.476,0.437,0.455,0.467,0.458,0.459,0.423,0.529
0.495,1.0,0.341,0.415,0.637,0.767,0.525,0.441,0.488,0.42,0.6,0.432,0.63,0.393,0.408,0.537,0.739,0.607,0.591,0.524,0.574,0.602,0.595,0.823,0.833,0.75,0.612,0.429,0.469,0.468,0.404,0.611,0.0,0.587,0.782,0.415,0.526,0.631,0.411,0.625,0.409,0.692,0.62,0.435,0.441,0.433,0.673,0.675,0.434,0.467
0.387,0.341,1.0,0.304,0.332,0.332,0.327,0.326,0.381,0.315,0.323,0.303,0.337,0.307,0.303,0.335,0.341,0.333,0.332,0.328,0.329,0.33,0.333,0.336,0.343,0.33,0.325,0.324,0.371,0.363,0.303,0.344,0.0,0.331,0.303,0.32,0.329,0.332,0.323,0.344,0.316,0.343,0.333,0.331,0.326,0.347,0.334,0.335,0.328,0.384
0.422,0.415,0.304,1.0,0.389,0.391,0.377,0.69,0.426,0.704,0.397,0.712,0.409,0.76,0.749,0.381,0.397,0.402,0.393,0.375,0.373,0.394,0.39,0.424,0.409,0.401,0.404,0.739,0.48,0.413,0.719,0.388,0.0,0.379,0.401,0.62,0.378,0.397,0.658,0.404,0.725,0.389,0.4,0.726,0.73,0.42,0.379,0.381,0.649,0.487
0.476,0.637,0.332,0.389,1.0,0.618,0.522,0.414,0.481,0.401,0.757,0.41,0.695,0.383,0.397,0.53,0.629,0.654,0.664,0.521,0.662,0.671,0.673,0.624,0.638,0.607,0.686,0.41,0.459,0.46,0.389,0.683,0.0,0.668,0.609,0.396,0.523,0.704,0.401,0.698,0.404,0.624,0.701,0.414,0.419,0.421,0.638,0.641,0.411,0.456
0.463,0.767,0.332,0.391,0.618,1.0,0.529,0.422,0.474,0.393,0.561,0.407,0.592,0.37,0.384,0.525,0.697,0.591,0.583,0.526,0.584,0.581,0.602,0.77,0.79,0.676,0.569,0.409,0.465,0.433,0.386,0.615,0.0,0.592,0.74,0.412,0.526,0.606,0.422,0.587,0.399,0.692,0.587,0.416,0.417,0.445,0.663,0.663,0.407,0.46
0.473,0.525,0.327,0.377,0.522,0.529,1.0,0.398,0.473,0.365,0.506,0.38,0.524,0.368,0.37,0.953,0.541,0.559,0.554,0.987,0.543,0.54,0.563,0.531,0.534,0.515,0.524,0.388,0.451,0.445,0.368,0.536,0.0,0.52,0.505,0.396,0.987,0.506,0.384,0.509,0.371,0.538,0.52,0.392,0.393,0.413,0.514,0.513,0.385,0.462
0.446,0.441,0.326,0.69,0.414,0.422,0.398,1.0,0.451,0.685,0.399,0.702,0.426,0.695,0.679,0.402,0.426,0.419,0.413,0.395,0.39,0.409,0.401,0.45,0.433,0.422,0.408,0.908,0.509,0.422,0.689,0.411,0.0,0.395,0.409,0.601,0.398,0.429,0.65,0.427,0.693,0.422,0.417,0.903,0.893,0.449,0.397,0.398,0.661,0.492
0.61,0.488,0.381,0.426,0.481,0.474,0.473,0.451,1.0,0.428,0.471,0.436,0.488,0.422,0.427,0.474,0.483,0.485,0.481,0.471,0.446,0.49,0.485,0.497,0.488,0.478,0.479,0.445,0.517,0.613,0.429,0.47,0.0,0.476,0.467,0.451,0.474,0.476,0.426,0.492,0.431,0.478,0.489,0.449,0.448,0.476,0.462,0.462,0.433,0.529
0.446,0.42,0.315,0.704,0.401,0.393,0.365,0.685,0.428,1.0,0.428,0.671,0.425,0.698,0.68,0.371,0.396,0.404,0.401,0.363,0.371,0.391,0.382,0.425,0.412,0.406,0.407,0.696,0.476,0.42,0.72,0.39,0.0,0.378,0.413,0.624,0.366,0.406,0.654,0.417,0.707,0.396,0.4,0.685,0.701,0.412,0.377,0.379,0.636,0.466
0.469,0.6,0.323,0.397,0.757,0.561,0.506,0.399,0.471,0.428,1.0,0.391,0.741,0.386,0.404,0.515,0.596,0.681,0.654,0.503,0.639,0.679,0.666,0.629,0.587,0.599,0.719,0.404,0.441,0.465,0.389,0.656,0.0,0.654,0.622,0.406,0.508,0.689,0.397,0.706,0.385,0.607,0.713,0.393,0.396,0.395,0.583,0.586,0.396,0.443
0.429,0.432,0.303,0.712,0.41,0.407,0.38,0.702,0.436,0.671,0.391,1.0,0.41,0.715,0.84,0.383,0.415,0.401,0.39,0.378,0.381,0.395,0.392,0.437,0.42,0.412,0.396,0.736,0.486,0.416,0.68,0.392,0.0,0.379,0.405,0.597,0.38,0.404,0.648,0.401,0.697,0.396,0.395,0.72,0.73,0.442,0.386,0.387,0.653,0.477
0.485,0.63,0.337,0.409,0.695,0.592,0.524,0.426,0.488,0.425,0.741,0.41,1.0,0.397,0.415,0.534,0.611,0.724,0.71,0.524,0.695,0.775,0.76,0.648,0.616,0.609,0.784,0.423,0.467,0.477,0.405,0.709,0.0,0.747,0.614,0.418,0.526,0.751,0.412,0.759,0.403,0.611,0.763,0.416,0.416,0.408,0.6,0.603,0.42,0.469
0.412,0.393,0.307,0.76,0.383,0.37,0.368,0.695,0.422,0.698,0.386,0.715,0.397,1.0,0.748,0.372,0.384,0.386,0.381,0.366,0.352,0.382,0.371,0.405,0.391,0.383,0.395,0.74,0.486,0.415,0.722,0.381,0.0,0.362,0.387,0.61,0.37,0.39,0.655,0.396,0.728,0.38,0.388,0.725,0.729,0.421,0.363,0.365,0.653,0.476
0.404,0.408,0.303,0.749,0.397,0.384,0.37,0.679,0.427,0.68,0.404,0.84,0.415,0.748,1.0,0.374,0.399,0.396,0.388,0.369,0.366,0.395,0.385,0.416,0.394,0.396,0.399,0.726,0.475,0.419,0.706,0.382,0.0,0.373,0.397,0.609,0.373,0.397,0.645,0.403,0.707,0.389,0.395,0.709,0.713,0.435,0.38,0.382,0.649,0.492
0.475,0.537,0.335,0.381,0.53,0.525,0.953,0.402,0.474,0.371,0.515,0.383,0.534,0.372,0.374,1.0,0.548,0.555,0.56,0.955,0.53,0.542,0.55,0.535,0.543,0.521,0.527,0.393,0.452,0.452,0.371,0.526,0.0,0.522,0.507,0.394,0.96,0.515,0.387,0.519,0.379,0.538,0.523,0.396,0.399,0.415,0.517,0.518,0.394,0.466
0.475,0.739,0.341,0.397,0.629,0.697,0.541,0.426,0.483,0.396,0.596,0.415,0.611,0.384,0.399,0.548,1.0,0.6,0.596,0.539,0.58,0.621,0.612,0.755,0.746,0.756,0.612,0.418,0.468,0.447,0.388,0.635,0.0,0.614,0.697,0.406,0.543,0.617,0.41,0.618,0.396,0.687,0.626,0.423,0.425,0.421,0.692,0.694,0.409,0.465
0.484,0.607,0.333,0.402,0.654,0.591,0.559,0.419,0.485,0.404,0.681,0.401,0.724,0.386,0.396,0.555,0.6,1.0,0.73,0.56,0.71,0.736,0.73,0.615,0.596,0.589,0.716,0.411,0.47,0.455,0.394,0.679,0.0,0.685,0.587,0.437,0.559,0.678,0.407,0.703,0.392,0.606,0.7,0.404,0.409,0.412,0.586,0.588,0.405,0.472
0.485,0.591,0.332,0.393,0.664,0.583,0.554,0.413,0.481,0.401,0.654,0.39,0.71,0.381,0.388,0.56,0.596,0.73,1.0,0.552,0.701,0.722,0.717,0.596,0.595,0.57,0.694,0.407,0.463,0.449,0.39,0.682,0.0,0.679,0.577,0.413,0.557,0.669,0.406,0.705,0.399,0.602,0.679,0.412,0.409,0.41,0.577,0.579,0.398,0.464
0.469,0.524,0.328,0.375,0.521,0.526,0.987,0.395,0.471,0.363,0.503,0.378,0.524,0.366,0.369,0.955,0.539,0.56,0.552,1.0,0.542,0.539,0.56,0.529,0.532,0.513,0.523,0.386,0.45,0.445,0.366,0.535,0.0,0.516,0.503,0.393,0.987,0.506,0.38,0.51,0.37,0.536,0.519,0.39,0.391,0.414,0.513,0.512,0.385,0.461
0.447,0.574,0.329,0.373,0.662,0.584,0.543,0.39,0.446,0.371,0.639,0.381,0.695,0.352,0.366,0.53,0.58,0.71,0.701,0.542,1.0,0.717,0.744,0.572,0.586,0.57,0.688,0.383,0.426,0.423,0.36,0.702,0.0,0.701,0.559,0.396,0.541,0.668,0.394,0.677,0.371,0.588,0.674,0.388,0.386,0.409,0.582,0.583,0.378,0.436
0.473,0.602,0.33,0.394,0.671,0.581,0.54,0.409,0.49,0.391,0.679,0.395,0.775,0.382,0.395,0.542,0.621,0.736,0.722,0.539,0.717,1.0,0.919,0.607,0.603,0.59,0.746,0.403,0.46,0.451,0.384,0.709,0.0,0.864,0.577,0.406,0.54,0.718,0.404,0.727,0.39,0.599,0.741,0.404,0.403,0.412,0.581,0.584,0.399,0.469
0.475,0.595,0.333,0.39,0.673,0.602,0.563,0.401,0.485,0.382,0.666,0.392,0.76,0.371,0.385,0.55,0.612,0.73,0.717,0.56,0.744,0.919,1.0,0.595,0.603,0.584,0.733,0.4,0.459,0.445,0.378,0.719,0.0,0.855,0.568,0.407,0.56,0.705,0.402,0.71,0.386,0.606,0.719,0.4,0.398,0.42,0.585,0.585,0.386,0.466
0.49,0.823,0.336,0.424,0.624,0.77,0.531,0.45,0.497,0.425,0.629,0.437,0.648,0.405,0.416,0.535,0.755,0.615,0.596,0.529,0.572,0.607,0.595,1.0,0.832,0.749,0.637,0.434,0.466,0.485,0.412,0.618,0.0,0.595,0.815,0.426,0.531,0.62,0.407,0.626,0.405,0.699,0.634,0.428,0.432,0.428,0.665,0.668,0.42,0.464
0.481,0.833,0.343,0.409,0.638,0.79,0.534,0.433,0.488,0.412,0.587,0.42,0.616,0.391,0.394,0.543,0.746,0.596,0.595,0.532,0.586,0.603,0.603,0.832,1.0,0.743,0.596,0.427,0.466,0.454,0.397,0.624,0.0,0.591,0.792,0.414,0.536,0.614,0.416,0.614,0.406,0.694,0.607,0.44,0.438,0.429,0.673,0.675,0.427,0.464
0.474,0.75,0.33,0.401,0.607,0.676,0.515,0.422,0.478,0.406,0.599,0.412,0.609,0.383,0.396,0.521,0.756,0.589,0.57,0.513,0.57,0.59,0.584,0.749,0.743,1.0,0.602,0.411,0.449,0.453,0.39,0.585,0.0,0.582,0.698,0.41,0.518,0.613,0.404,0.611,0.393,0.681,0.601,0.417,0.417,0.414,0.689,0.69,0.421,0.455
0.479,0.612,0.325,0.404,0.686,0.569,0.524,0.408,0.479,0.407,0.719,0.396,0.784,0.395,0.399,0.527,0.612,0.716,0.694,0.523,0.688,0.746,0.733,0.637,0.596,0.602,1.0,0.407,0.463,0.467,0.4,0.711,0.0,0.716,0.605,0.411,0.526,0.812,0.393,0.754,0.395,0.595,0.844,0.402,0.401,0.407,0.589,0.592,0.402,0.466
0.435,0.429,0.324,0.739,0.41,0.409,0.388,0.908,0.445,0.696,0.404,0.736,0.423,0.74,0.726,0.393,0.418,0.411,0.407,0.386,0.383,0.403,0.4,0.434,0.427,0.411,0.407,1.0,0.508,0.422,0.711,0.406,0.0,0.388,0.404,0.61,0.389,0.419,0.649,0.424,0.724,0.416,0.408,0.962,0.947,0.445,0.398,0.399,0.677,0.493
0.531,0.469,0.371,0.48,0.459,0.465,0.451,0.509,0.517,0.476,0.441,0.486,0.467,0.486,0.475,0.452,0.468,0.47,0.463,0.45,0.426,0.46,0.459,0.466,0.466,0.449,0.463,0.508,1.0,0.481,0.474,0.458,0.0,0.456,0.442,0.474,0.451,0.468,0.475,0.458,0.476,0.453,0.464,0.513,0.515,0.599,0.439,0.44,0.474,0.853
0.577,0.468,0.363,0.413,0.46,0.433,0.445,0.422,0.613,0.42,0.465,0.416,0.477,0.415,0.419,0.452,0.447,0.455,0.449,0.445,0.423,0.451,0.445,0.485,0.454,0.453,0.467,0.422,0.481,1.0,0.417,0.439,0.0,0.439,0.458,0.421,0.448,0.455,0.405,0.476,0.412,0.448,0.47,0.417,0.415,0.47,0.435,0.437,0.421,0.489
0.411,0.404,0.303,0.719,0.389,0.386,0.368,0.689,0.429,0.72,0.389,0.68,0.405,0.722,0.706,0.371,0.388,0.394,0.39,0.366,0.36,0.384,0.378,0.412,0.397,0.39,0.4,0.711,0.474,0.417,1.0,0.385,0.0,0.372,0.386,0.633,0.37,0.389,0.649,0.411,0.869,0.391,0.392,0.698,0.702,0.42,0.375,0.377,0.659,0.463
0.462,0.611,0.344,0.388,0.683,0.615,0.536,0.411,0.47,0.39,0.656,0.392,0.709,0.381,0.382,0.526,0.635,0.679,0.682,0.535,0.702,0.709,0.719,0.618,0.624,0.585,0.711,0.406,0.458,0.439,0.385,1.0,0.0,0.69,0.572,0.393,0.534,0.715,0.398,0.716,0.383,0.636,0.719,0.41,0.41,0.421,0.617,0.618,0.4,0.445
0.0,0.0,0.0,0.0,0.0,0.0,0.0,0.0,0.0,0.0,0.0,0.0,0.0,0.0,0.0,0.0,0.0,0.0,0.0,0.0,0.0,0.0,0.0,0.0,0.0,0.0,0.0,0.0,0.0,0.0,0.0,0.0,1.0,0.0,0.0,0.0,0.0,0.0,0.0,0.0,0.0,0.0,0.0,0.0,0.0,0.0,0.0,0.0,0.0,0.0
0.463,0.587,0.331,0.379,0.668,0.592,0.52,0.395,0.476,0.378,0.654,0.379,0.747,0.362,0.373,0.522,0.614,0.685,0.679,0.516,0.701,0.864,0.855,0.595,0.591,0.582,0.716,0.388,0.456,0.439,0.372,0.69,0.0,1.0,0.562,0.413,0.52,0.702,0.405,0.71,0.377,0.591,0.715,0.39,0.394,0.409,0.586,0.588,0.383,0.458
0.455,0.782,0.303,0.401,0.609,0.74,0.505,0.409,0.467,0.413,0.622,0.405,0.614,0.387,0.397,0.507,0.697,0.587,0.577,0.503,0.559,0.577,0.568,0.815,0.792,0.698,0.605,0.404,0.442,0.458,0.386,0.572,0.0,0.562,1.0,0.398,0.506,0.593,0.394,0.593,0.377,0.663,0.611,0.397,0.403,0.401,0.63,0.632,0.392,0.438
0.429,0.415,0.32,0.62,0.396,0.412,0.396,0.601,0.451,0.624,0.406,0.597,0.418,0.61,0.609,0.394,0.406,0.437,0.413,0.393,0.396,0.406,0.407,0.426,0.414,0.41,0.411,0.61,0.474,0.421,0.633,0.393,0.0,0.413,0.398,1.0,0.396,0.402,0.632,0.414,0.626,0.4,0.403,0.602,0.603,0.428,0.385,0.387,0.592,0.477
0.471,0.526,0.329,0.378,0.523,0.526,0.987,0.398,0.474,0.366,0.508,0.38,0.526,0.37,0.373,0.96,0.543,0.559,0.557,0.987,0.541,0.54,0.56,0.531,0.536,0.518,0.526,0.389,0.451,0.448,0.37,0.534,0.0,0.52,0.506,0.396,1.0,0.51,0.383,0.512,0.372,0.537,0.521,0.393,0.393,0.414,0.516,0.517,0.387,0.464
0.489,0.631,0.332,0.397,0.704,0.606,0.506,0.429,0.476,0.406,0.689,0.404,0.751,0.39,0.397,0.515,0.617,0.678,0.669,0.506,0.668,0.718,0.705,0.62,0.614,0.613,0.812,0.419,0.468,0.455,0.389,0.715,0.0,0.702,0.593,0.402,0.51,1.0,0.408,0.738,0.39,0.606,0.846,0.418,0.413,0.415,0.615,0.617,0.416,0.467
0.426,0.411,0.323,0.658,0.401,0.422,0.384,0.65,0.426,0.654,0.397,0.648,0.412,0.655,0.645,0.387,0.41,0.407,0.406,0.38,0.394,0.404,0.402,0.407,0.416,0.404,0.393,0.649,0.475,0.405,0.649,0.398,0.0,0.405,0.394,0.632,0.383,0.408,1.0,0.423,0.648,0.403,0.403,0.647,0.653,0.424,0.386,0.388,0.635,0.472
0.48,0.625,0.344,0.404,0.698,0.587,0.509,0.427,0.492,0.417,0.706,0.401,0.759,0.396,0.403,0.519,0.618,0.703,0.705,0.51,0.677,0.727,0.71,0.626,0.614,0.611,0.754,0.424,0.458,0.476,0.411,0.716,0.0,0.71,0.593,0.414,0.512,0.738,0.423,1.0,0.41,0.62,0.756,0.422,0.423,0.417,0.617,0.62,0.418,0.476
0.421,0.409,0.316,0.725,0.404,0.399,0.371,0.693,0.431,0.707,0.385,0.697,0.403,0.728,0.707,0.379,0.396,0.392,0.399,0.37,0.371,0.39,0.386,0.405,0.406,0.393,0.395,0.724,0.476,0.412,0.869,0.383,0.0,0.377,0.377,0.626,0.372,0.39,0.648,0.41,1.0,0.401,0.38,0.728,0.729,0.422,0.382,0.384,0.666,0.468
0.465,0.692,0.343,0.389,0.624,0.692,0.538,0.422,0.478,0.396,0.607,0.396,0.611,0.38,0.389,0.538,0.687,0.606,0.602,0.536,0.588,0.599,0.606,0.699,0.694,0.681,0.595,0.416,0.453,0.448,0.391,0.636,0.0,0.591,0.663,0.4,0.537,0.606,0.403,0.62,0.401,1.0,0.615,0.42,0.417,0.417,0.721,0.721,0.407,0.455
0.476,0.62,0.333,0.4,0.701,0.587,0.52,0.417,0.489,0.4,0.713,0.395,0.763,0.388,0.395,0.523,0.626,0.7,0.679,0.519,0.674,0.741,0.719,0.634,0.607,0.601,0.844,0.408,0.464,0.47,0.392,0.719,0.0,0.715,0.611,0.403,0.521,0.846,0.403,0.756,0.38,0.615,1.0,0.402,0.404,0.415,0.601,0.604,0.402,0.465
0.437,0.435,0.331,0.726,0.414,0.416,0.392,0.903,0.449,0.685,0.393,0.72,0.416,0.725,0.709,0.396,0.423,0.404,0.412,0.39,0.388,0.404,0.4,0.428,0.44,0.417,0.402,0.962,0.513,0.417,0.698,0.41,0.0,0.39,0.397,0.602,0.393,0.418,0.647,0.422,0.728,0.42,0.402,1.0,0.956,0.446,0.402,0.403,0.673,0.494
0.455,0.441,0.326,0.73,0.419,0.417,0.393,0.893,0.448,0.701,0.396,0.73,0.416,0.729,0.713,0.399,0.425,0.409,0.409,0.391,0.386,0.403,0.398,0.432,0.438,0.417,0.401,0.947,0.515,0.415,0.702,0.41,0.0,0.394,0.403,0.603,0.393,0.413,0.653,0.423,0.729,0.417,0.404,0.956,1.0,0.447,0.403,0.404,0.673,0.494
0.467,0.433,0.347,0.42,0.421,0.445,0.413,0.449,0.476,0.412,0.395,0.442,0.408,0.421,0.435,0.415,0.421,0.412,0.41,0.414,0.409,0.412,0.42,0.428,0.429,0.414,0.407,0.445,0.599,0.47,0.42,0.421,0.0,0.409,0.401,0.428,0.414,0.415,0.424,0.417,0.422,0.417,0.415,0.446,0.447,1.0,0.438,0.436,0.438,0.641
0.458,0.673,0.334,0.379,0.638,0.663,0.514,0.397,0.462,0.377,0.583,0.386,0.6,0.363,0.38,0.517,0.692,0.586,0.577,0.513,0.582,0.581,0.585,0.665,0.673,0.689,0.589,0.398,0.439,0.435,0.375,0.617,0.0,0.586,0.63,0.385,0.516,0.615,0.386,0.617,0.382,0.721,0.601,0.402,0.403,0.438,1.0,0.996,0.39,0.459
0.459,0.675,0.335,0.381,0.641,0.663,0.513,0.398,0.462,0.379,0.586,0.387,0.603,0.365,0.382,0.518,0.694,0.588,0.579,0.512,0.583,0.584,0.585,0.668,0.675,0.69,0.592,0.399,0.44,0.437,0.377,0.618,0.0,0.588,0.632,0.387,0.517,0.617,0.388,0.62,0.384,0.721,0.604,0.403,0.404,0.436,0.996,1.0,0.392,0.46
0.423,0.434,0.328,0.649,0.411,0.407,0.385,0.661,0.433,0.636,0.396,0.653,0.42,0.653,0.649,0.394,0.409,0.405,0.398,0.385,0.378,0.399,0.386,0.42,0.427,0.421,0.402,0.677,0.474,0.421,0.659,0.4,0.0,0.383,0.392,0.592,0.387,0.416,0.635,0.418,0.666,0.407,0.402,0.673,0.673,0.438,0.39,0.392,1.0,0.475
0.529,0.467,0.384,0.487,0.456,0.46,0.462,0.492,0.529,0.466,0.443,0.477,0.469,0.476,0.492,0.466,0.465,0.472,0.464,0.461,0.436,0.469,0.466,0.464,0.464,0.455,0.466,0.493,0.853,0.489,0.463,0.445,0.0,0.458,0.438,0.477,0.464,0.467,0.472,0.476,0.468,0.455,0.465,0.494,0.494,0.641,0.459,0.46,0.475,1.0
