GCF_000163235.1_ASM16323v1_genomic.fna,GCF_000164555.1_ASM16455v1_genomic.fna,GCF_000208545.1_ASM20854v2_genomic.fna,GCF_000233875.1_ASM23387v1_genomic.fna,GCF_000249735.1_ASM24973v2_genomic.fna,GCF_000261145.1_Esch_coli_M919_V2_genomic.fna,GCF_000267705.2_ASM26770v2_genomic.fna,GCF_000350665.1_Esch_coli_KTE5_V1_genomic.fna,GCF_000351625.1_Esch_coli_KTE66_V1_genomic.fna,GCF_000352285.1_Esch_coli_KTE46_V1_genomic.fna,GCF_000358895.1_ASM35889v1_genomic.fna,GCF_000456385.1_Esch_coli_HVH_26_4-5703913_V1_genomic.fna,GCF_000458195.1_Esch_coli_HVH_147_4-5893887_V1_genomic.fna,GCF_000459755.1_Esch_coli_KOEGE_58_171a_V1_genomic.fna,GCF_000460055.1_Esch_coli_UMEA_3053-1_V1_genomic.fna,GCF_000462165.2_ASM46216v2_genomic.fna,GCF_000601135.1_ASM60113v1_genomic.fna,GCF_000614595.1_Ec2010EL1058_genomic.fna,GCF_000617745.1_Ec2010C-4529_genomic.fna,GCF_000618265.2_EcF6751_genomic.fna,GCF_000619005.2_Ec2009C-4052_genomic.fna,GCF_000619105.1_Ec2009C-4780_genomic.fna,GCF_000619765.2_Ec2009C-3279_genomic.fna,GCF_000687005.1_ASM68700v1_genomic.fna,GCF_000687025.1_ASM68702v1_genomic.fna,GCF_000700125.1_ASM70012v1_genomic.fna,GCF_000753315.1_FHI35_genomic.fna,GCF_000776375.1_ASM77637v1_genomic.fna,GCF_000779395.1_ASM77939v1_genomic.fna,GCF_000780315.1_ASM78031v1_genomic.fna,GCF_000781995.1_ASM78199v1_genomic.fna,GCF_000986765.1_ASM98676v1_genomic.fna,GCF_001041375.1_ViralProj287958_genomic.fna,GCF_001265335.1_302014_genomic.fna,GCF_001265625.1_100854_genomic.fna,GCF_001267345.1_303289_genomic.fna,GCF_001309985.1_ASM130998v1_genomic.fna,GCF_001521695.1_ASM152169v1_genomic.fna,GCF_001592595.1_ASM159259v1_genomic.fna,GCF_001614975.1_ASM161497v1_genomic.fna,GCF_001692775.1_ASM169277v1_genomic.fna,GCF_001748915.1_ASM174891v1_genomic.fna,GCF_001749235.1_ASM174923v1_genomic.fna,GCF_001881155.1_ASM188115v1_genomic.fna,GCF_001881345.1_ASM188134v1_genomic.fna,GCF_001892405.1_ASM189240v1_genomic.fna,GCF_001892585.1_ASM189258v1_genomic.fna,GCF_001893985.1_ASM189398v1_genomic.fna,GCF_002001595.1_ASM200159v1_genomic.fna,GCF_002002145.1_ASM200214v1_genomic.fna
1.0,0.578,0.501,0.525,0.57,0.572,0.559,0.523,0.643,0.527,0.564,0.541,0.558,0.523,0.519,0.558,0.551,0.56,0.56,0.555,0.54,0.553,0.551,0.561,0.561,0.551,0.555,0.516,0.609,0.644,0.498,0.559,0.0,0.542,0.537,0.517,0.558,0.575,0.505,0.571,0.512,0.553,0.557,0.511,0.522,0.507,0.549,0.549,0.519,0.588
0.578,1.0,0.45,0.513,0.675,0.804,0.598,0.502,0.549,0.513,0.651,0.526,0.669,0.51,0.506,0.592,0.739,0.669,0.646,0.597,0.642,0.655,0.649,0.809,0.816,0.745,0.662,0.506,0.555,0.548,0.492,0.694,0.0,0.647,0.768,0.493,0.595,0.683,0.489,0.667,0.493,0.725,0.671,0.512,0.512,0.486,0.714,0.715,0.519,0.536
0.501,0.45,1.0,0.427,0.442,0.446,0.44,0.428,0.479,0.433,0.447,0.433,0.452,0.444,0.439,0.44,0.426,0.45,0.431,0.434,0.424,0.44,0.438,0.443,0.442,0.436,0.441,0.428,0.484,0.481,0.42,0.449,0.0,0.435,0.419,0.434,0.438,0.443,0.421,0.466,0.426,0.436,0.452,0.43,0.417,0.42,0.45,0.449,0.447,0.479
0.525,0.513,0.427,1.0,0.503,0.504,0.48,0.755,0.514,0.781,0.503,0.773,0.496,0.834,0.82,0.487,0.482,0.489,0.494,0.479,0.465,0.493,0.501,0.505,0.493,0.498,0.502,0.804,0.552,0.504,0.769,0.5,0.0,0.479,0.482,0.683,0.477,0.493,0.728,0.488,0.784,0.495,0.488,0.778,0.772,0.505,0.497,0.498,0.727,0.553
0.57,0.675,0.442,0.503,1.0,0.687,0.605,0.527,0.569,0.521,0.774,0.522,0.75,0.516,0.52,0.598,0.674,0.724,0.717,0.604,0.724,0.735,0.754,0.665,0.682,0.668,0.724,0.506,0.577,0.571,0.511,0.744,0.0,0.744,0.648,0.505,0.601,0.747,0.519,0.749,0.529,0.681,0.748,0.511,0.522,0.506,0.711,0.712,0.509,0.557
0.572,0.804,0.446,0.504,0.687,1.0,0.627,0.518,0.563,0.507,0.666,0.502,0.689,0.513,0.505,0.621,0.739,0.688,0.66,0.622,0.654,0.664,0.669,0.821,0.829,0.738,0.665,0.508,0.572,0.554,0.487,0.682,0.0,0.659,0.786,0.512,0.621,0.679,0.513,0.68,0.499,0.741,0.672,0.498,0.499,0.483,0.726,0.727,0.508,0.557
0.559,0.598,0.44,0.48,0.605,0.627,1.0,0.485,0.549,0.471,0.596,0.487,0.598,0.484,0.489,0.952,0.605,0.637,0.627,0.986,0.626,0.617,0.624,0.611,0.612,0.613,0.604,0.479,0.524,0.544,0.467,0.622,0.0,0.599,0.581,0.499,0.987,0.595,0.483,0.609,0.472,0.6,0.603,0.47,0.469,0.456,0.587,0.587,0.47,0.518
0.523,0.502,0.428,0.755,0.527,0.518,0.485,1.0,0.52,0.739,0.491,0.743,0.499,0.75,0.735,0.476,0.483,0.513,0.505,0.484,0.478,0.5,0.512,0.503,0.502,0.486,0.498,0.9,0.572,0.502,0.748,0.503,0.0,0.497,0.476,0.657,0.482,0.523,0.728,0.498,0.75,0.489,0.505,0.905,0.887,0.507,0.508,0.507,0.687,0.558
0.643,0.549,0.479,0.514,0.569,0.563,0.549,0.52,1.0,0.517,0.549,0.516,0.559,0.518,0.519,0.543,0.542,0.556,0.547,0.55,0.543,0.553,0.56,0.552,0.555,0.539,0.543,0.511,0.597,0.668,0.511,0.544,0.0,0.552,0.528,0.511,0.548,0.54,0.511,0.561,0.515,0.553,0.561,0.511,0.506,0.511,0.55,0.55,0.508,0.592
0.527,0.513,0.433,0.781,0.521,0.507,0.471,0.739,0.517,1.0,0.525,0.722,0.519,0.776,0.75,0.479,0.478,0.487,0.485,0.468,0.462,0.487,0.486,0.515,0.491,0.498,0.498,0.767,0.562,0.512,0.77,0.487,0.0,0.479,0.488,0.679,0.467,0.492,0.717,0.499,0.773,0.496,0.483,0.739,0.746,0.499,0.502,0.503,0.721,0.543
0.564,0.651,0.447,0.503,0.774,0.666,0.596,0.491,0.549,0.525,1.0,0.501,0.784,0.52,0.503,0.611,0.652,0.718,0.712,0.593,0.703,0.726,0.72,0.689,0.642,0.675,0.746,0.504,0.541,0.561,0.491,0.722,0.0,0.714,0.682,0.502,0.591,0.726,0.493,0.759,0.494,0.687,0.731,0.483,0.484,0.473,0.654,0.654,0.499,0.532
0.541,0.526,0.433,0.773,0.522,0.502,0.487,0.743,0.516,0.722,0.501,1.0,0.498,0.766,0.87,0.485,0.492,0.5,0.495,0.487,0.485,0.508,0.509,0.502,0.499,0.49,0.498,0.745,0.573,0.512,0.733,0.51,0.0,0.501,0.471,0.661,0.487,0.512,0.714,0.494,0.754,0.484,0.503,0.744,0.741,0.505,0.504,0.504,0.693,0.551
0.558,0.669,0.452,0.496,0.75,0.689,0.598,0.499,0.559,0.519,0.784,0.498,1.0,0.508,0.503,0.61,0.661,0.75,0.745,0.595,0.755,0.801,0.795,0.69,0.657,0.674,0.798,0.507,0.549,0.57,0.486,0.759,0.0,0.781,0.666,0.501,0.594,0.763,0.495,0.809,0.488,0.707,0.769,0.487,0.486,0.474,0.674,0.675,0.503,0.539
0.523,0.51,0.444,0.834,0.516,0.513,0.484,0.75,0.518,0.776,0.52,0.766,0.508,1.0,0.808,0.489,0.486,0.497,0.493,0.482,0.464,0.503,0.503,0.506,0.495,0.502,0.508,0.794,0.56,0.515,0.758,0.508,0.0,0.485,0.485,0.675,0.48,0.501,0.726,0.497,0.769,0.494,0.499,0.769,0.762,0.502,0.494,0.495,0.724,0.549
0.519,0.506,0.439,0.82,0.52,0.505,0.489,0.735,0.519,0.75,0.503,0.87,0.503,0.808,1.0,0.485,0.494,0.493,0.495,0.49,0.476,0.507,0.506,0.494,0.496,0.486,0.5,0.759,0.566,0.519,0.784,0.507,0.0,0.49,0.468,0.672,0.487,0.511,0.736,0.497,0.791,0.486,0.511,0.753,0.745,0.517,0.506,0.507,0.713,0.559
0.558,0.592,0.44,0.487,0.598,0.621,0.952,0.476,0.543,0.479,0.611,0.485,0.61,0.489,0.485,1.0,0.6,0.623,0.625,0.948,0.606,0.611,0.614,0.622,0.604,0.613,0.614,0.478,0.521,0.547,0.467,0.609,0.0,0.595,0.586,0.502,0.954,0.593,0.483,0.616,0.468,0.601,0.596,0.462,0.46,0.454,0.583,0.583,0.473,0.513
0.551,0.739,0.426,0.482,0.674,0.739,0.605,0.483,0.542,0.478,0.652,0.492,0.661,0.486,0.494,0.6,1.0,0.665,0.654,0.603,0.65,0.671,0.661,0.755,0.742,0.764,0.657,0.482,0.537,0.545,0.465,0.709,0.0,0.66,0.701,0.484,0.6,0.661,0.476,0.657,0.466,0.71,0.67,0.48,0.484,0.451,0.716,0.717,0.479,0.52
0.56,0.669,0.45,0.489,0.724,0.688,0.637,0.513,0.556,0.487,0.718,0.5,0.75,0.497,0.493,0.623,0.665,1.0,0.807,0.635,0.768,0.787,0.784,0.667,0.668,0.664,0.75,0.505,0.568,0.553,0.488,0.746,0.0,0.754,0.649,0.513,0.631,0.734,0.501,0.745,0.492,0.683,0.747,0.502,0.501,0.489,0.681,0.681,0.489,0.555
0.56,0.646,0.431,0.494,0.717,0.66,0.627,0.505,0.547,0.485,0.712,0.495,0.745,0.493,0.495,0.625,0.654,0.807,1.0,0.626,0.768,0.773,0.762,0.647,0.642,0.646,0.761,0.503,0.542,0.541,0.486,0.755,0.0,0.73,0.639,0.502,0.624,0.737,0.502,0.748,0.487,0.672,0.749,0.497,0.498,0.483,0.657,0.658,0.489,0.53
0.555,0.597,0.434,0.479,0.604,0.622,0.986,0.484,0.55,0.468,0.593,0.487,0.595,0.482,0.49,0.948,0.603,0.635,0.626,1.0,0.625,0.615,0.622,0.61,0.616,0.611,0.601,0.477,0.524,0.546,0.467,0.622,0.0,0.599,0.58,0.495,0.989,0.594,0.485,0.604,0.472,0.597,0.603,0.469,0.467,0.456,0.586,0.586,0.47,0.517
0.54,0.642,0.424,0.465,0.724,0.654,0.626,0.478,0.543,0.462,0.703,0.485,0.755,0.464,0.476,0.606,0.65,0.768,0.768,0.625,1.0,0.782,0.792,0.638,0.646,0.652,0.755,0.475,0.531,0.536,0.464,0.757,0.0,0.769,0.626,0.492,0.621,0.744,0.487,0.758,0.473,0.652,0.745,0.477,0.478,0.466,0.67,0.67,0.46,0.527
0.553,0.655,0.44,0.493,0.735,0.664,0.617,0.5,0.553,0.487,0.726,0.508,0.801,0.503,0.507,0.611,0.671,0.787,0.773,0.615,0.782,1.0,0.922,0.65,0.659,0.654,0.773,0.499,0.543,0.548,0.487,0.772,0.0,0.88,0.635,0.501,0.614,0.767,0.501,0.774,0.484,0.67,0.782,0.495,0.494,0.469,0.669,0.669,0.492,0.536
0.551,0.649,0.438,0.501,0.754,0.669,0.624,0.512,0.56,0.486,0.72,0.509,0.795,0.503,0.506,0.614,0.661,0.784,0.762,0.622,0.792,0.922,1.0,0.647,0.663,0.654,0.768,0.502,0.55,0.543,0.497,0.774,0.0,0.871,0.632,0.503,0.621,0.761,0.512,0.764,0.5,0.665,0.764,0.506,0.508,0.477,0.677,0.678,0.488,0.55
0.561,0.809,0.443,0.505,0.665,0.821,0.611,0.503,0.552,0.515,0.689,0.502,0.69,0.506,0.494,0.622,0.755,0.667,0.647,0.61,0.638,0.65,0.647,1.0,0.821,0.765,0.673,0.499,0.546,0.548,0.475,0.673,0.0,0.649,0.831,0.493,0.607,0.652,0.48,0.674,0.481,0.749,0.659,0.484,0.482,0.472,0.71,0.711,0.49,0.537
0.561,0.816,0.442,0.493,0.682,0.829,0.612,0.502,0.555,0.491,0.642,0.499,0.657,0.495,0.496,0.604,0.742,0.668,0.642,0.616,0.646,0.659,0.663,0.821,1.0,0.758,0.65,0.491,0.552,0.541,0.477,0.69,0.0,0.65,0.789,0.488,0.613,0.673,0.493,0.662,0.489,0.735,0.671,0.503,0.495,0.484,0.708,0.708,0.509,0.533
0.551,0.745,0.436,0.498,0.668,0.738,0.613,0.486,0.539,0.498,0.675,0.49,0.674,0.502,0.486,0.613,0.764,0.664,0.646,0.611,0.652,0.654,0.654,0.765,0.758,1.0,0.666,0.493,0.533,0.546,0.463,0.673,0.0,0.642,0.723,0.492,0.611,0.649,0.472,0.672,0.472,0.732,0.648,0.492,0.484,0.461,0.71,0.711,0.505,0.518
0.555,0.662,0.441,0.502,0.724,0.665,0.604,0.498,0.543,0.498,0.746,0.498,0.798,0.508,0.5,0.614,0.657,0.75,0.761,0.601,0.755,0.773,0.768,0.673,0.65,0.666,1.0,0.501,0.541,0.538,0.487,0.768,0.0,0.751,0.651,0.504,0.6,0.821,0.487,0.794,0.486,0.682,0.837,0.487,0.484,0.472,0.655,0.655,0.489,0.527
0.516,0.506,0.428,0.804,0.506,0.508,0.479,0.9,0.511,0.767,0.504,0.745,0.507,0.794,0.759,0.478,0.482,0.505,0.503,0.477,0.475,0.499,0.502,0.499,0.491,0.493,0.501,1.0,0.559,0.503,0.749,0.51,0.0,0.485,0.475,0.674,0.475,0.511,0.725,0.496,0.763,0.496,0.497,0.952,0.928,0.503,0.501,0.502,0.718,0.54
0.609,0.555,0.484,0.552,0.577,0.572,0.524,0.572,0.597,0.562,0.541,0.573,0.549,0.56,0.566,0.521,0.537,0.568,0.542,0.524,0.531,0.543,0.55,0.546,0.552,0.533,0.541,0.559,1.0,0.571,0.559,0.551,0.0,0.542,0.526,0.55,0.522,0.558,0.555,0.557,0.561,0.533,0.549,0.556,0.553,0.623,0.546,0.545,0.549,0.847
0.644,0.548,0.481,0.504,0.571,0.554,0.544,0.502,0.668,0.512,0.561,0.512,0.57,0.515,0.519,0.547,0.545,0.553,0.541,0.546,0.536,0.548,0.543,0.548,0.541,0.546,0.538,0.503,0.571,1.0,0.499,0.55,0.0,0.534,0.519,0.508,0.543,0.535,0.492,0.563,0.513,0.552,0.545,0.492,0.494,0.537,0.546,0.547,0.498,0.571
0.498,0.492,0.42,0.769,0.511,0.487,0.467,0.748,0.511,0.77,0.491,0.733,0.486,0.758,0.784,0.467,0.465,0.488,0.486,0.467,0.464,0.487,0.497,0.475,0.477,0.463,0.487,0.749,0.559,0.499,1.0,0.488,0.0,0.481,0.451,0.665,0.465,0.489,0.709,0.483,0.899,0.475,0.482,0.753,0.747,0.509,0.496,0.497,0.692,0.544
0.559,0.694,0.449,0.5,0.744,0.682,0.622,0.503,0.544,0.487,0.722,0.51,0.759,0.508,0.507,0.609,0.709,0.746,0.755,0.622,0.757,0.772,0.774,0.673,0.69,0.673,0.768,0.51,0.551,0.55,0.488,1.0,0.0,0.758,0.646,0.495,0.619,0.786,0.499,0.779,0.489,0.689,0.778,0.501,0.502,0.482,0.683,0.684,0.503,0.526
0.0,0.0,0.0,0.0,0.0,0.0,0.0,0.0,0.0,0.0,0.0,0.0,0.0,0.0,0.0,0.0,0.0,0.0,0.0,0.0,0.0,0.0,0.0,0.0,0.0,0.0,0.0,0.0,0.0,0.0,0.0,0.0,1.0,0.0,0.0,0.0,0.0,0.0,0.0,0.0,0.0,0.0,0.0,0.0,0.0,0.0,0.0,0.0,0.0,0.0
0.542,0.647,0.435,0.479,0.744,0.659,0.599,0.497,0.552,0.479,0.714,0.501,0.781,0.485,0.49,0.595,0.66,0.754,0.73,0.599,0.769,0.88,0.871,0.649,0.65,0.642,0.751,0.485,0.542,0.534,0.481,0.758,0.0,1.0,0.63,0.512,0.597,0.75,0.515,0.764,0.484,0.662,0.765,0.487,0.489,0.466,0.677,0.677,0.475,0.53
0.537,0.768,0.419,0.482,0.648,0.786,0.581,0.476,0.528,0.488,0.682,0.471,0.666,0.485,0.468,0.586,0.701,0.649,0.639,0.58,0.626,0.635,0.632,0.831,0.789,0.723,0.651,0.475,0.526,0.519,0.451,0.646,0.0,0.63,1.0,0.471,0.576,0.638,0.458,0.661,0.461,0.711,0.648,0.462,0.461,0.449,0.679,0.68,0.465,0.512
0.517,0.493,0.434,0.683,0.505,0.512,0.499,0.657,0.511,0.679,0.502,0.661,0.501,0.675,0.672,0.502,0.484,0.513,0.502,0.495,0.492,0.501,0.503,0.493,0.488,0.492,0.504,0.674,0.55,0.508,0.665,0.495,0.0,0.512,0.471,1.0,0.496,0.486,0.693,0.507,0.676,0.488,0.488,0.654,0.657,0.487,0.499,0.5,0.659,0.537
0.558,0.595,0.438,0.477,0.601,0.621,0.987,0.482,0.548,0.467,0.591,0.487,0.594,0.48,0.487,0.954,0.6,0.631,0.624,0.989,0.621,0.614,0.621,0.607,0.613,0.611,0.6,0.475,0.522,0.543,0.465,0.619,0.0,0.597,0.576,0.496,1.0,0.592,0.482,0.608,0.47,0.596,0.599,0.469,0.467,0.455,0.584,0.584,0.468,0.516
0.575,0.683,0.443,0.493,0.747,0.679,0.595,0.523,0.54,0.492,0.726,0.512,0.763,0.501,0.511,0.593,0.661,0.734,0.737,0.594,0.744,0.767,0.761,0.652,0.673,0.649,0.821,0.511,0.558,0.535,0.489,0.786,0.0,0.75,0.638,0.486,0.592,1.0,0.502,0.777,0.497,0.674,0.86,0.505,0.502,0.476,0.68,0.679,0.495,0.535
0.505,0.489,0.421,0.728,0.519,0.513,0.483,0.728,0.511,0.717,0.493,0.714,0.495,0.726,0.736,0.483,0.476,0.501,0.502,0.485,0.487,0.501,0.512,0.48,0.493,0.472,0.487,0.725,0.555,0.492,0.709,0.499,0.0,0.515,0.458,0.693,0.482,0.502,1.0,0.497,0.718,0.481,0.501,0.725,0.725,0.493,0.503,0.504,0.679,0.536
0.571,0.667,0.466,0.488,0.749,0.68,0.609,0.498,0.561,0.499,0.759,0.494,0.809,0.497,0.497,0.616,0.657,0.745,0.748,0.604,0.758,0.774,0.764,0.674,0.662,0.672,0.794,0.496,0.557,0.563,0.483,0.779,0.0,0.764,0.661,0.507,0.608,0.777,0.497,1.0,0.487,0.695,0.787,0.482,0.487,0.488,0.69,0.691,0.488,0.551
0.512,0.493,0.426,0.784,0.529,0.499,0.472,0.75,0.515,0.773,0.494,0.754,0.488,0.769,0.791,0.468,0.466,0.492,0.487,0.472,0.473,0.484,0.5,0.481,0.489,0.472,0.486,0.763,0.561,0.513,0.899,0.489,0.0,0.484,0.461,0.676,0.47,0.497,0.718,0.487,1.0,0.484,0.486,0.764,0.768,0.517,0.504,0.505,0.702,0.551
0.553,0.725,0.436,0.495,0.681,0.741,0.6,0.489,0.553,0.496,0.687,0.484,0.707,0.494,0.486,0.601,0.71,0.683,0.672,0.597,0.652,0.67,0.665,0.749,0.735,0.732,0.682,0.496,0.533,0.552,0.475,0.689,0.0,0.662,0.711,0.488,0.596,0.674,0.481,0.695,0.484,1.0,0.691,0.481,0.477,0.463,0.741,0.741,0.493,0.529
0.557,0.671,0.452,0.488,0.748,0.672,0.603,0.505,0.561,0.483,0.731,0.503,0.769,0.499,0.511,0.596,0.67,0.747,0.749,0.603,0.745,0.782,0.764,0.659,0.671,0.648,0.837,0.497,0.549,0.545,0.482,0.778,0.0,0.765,0.648,0.488,0.599,0.86,0.501,0.787,0.486,0.691,1.0,0.491,0.491,0.476,0.672,0.672,0.495,0.534
0.511,0.512,0.43,0.778,0.511,0.498,0.47,0.905,0.511,0.739,0.483,0.744,0.487,0.769,0.753,0.462,0.48,0.502,0.497,0.469,0.477,0.495,0.506,0.484,0.503,0.492,0.487,0.952,0.556,0.492,0.753,0.501,0.0,0.487,0.462,0.654,0.469,0.505,0.725,0.482,0.764,0.481,0.491,1.0,0.954,0.511,0.503,0.504,0.709,0.541
0.522,0.512,0.417,0.772,0.522,0.499,0.469,0.887,0.506,0.746,0.484,0.741,0.486,0.762,0.745,0.46,0.484,0.501,0.498,0.467,0.478,0.494,0.508,0.482,0.495,0.484,0.484,0.928,0.553,0.494,0.747,0.502,0.0,0.489,0.461,0.657,0.467,0.502,0.725,0.487,0.768,0.477,0.491,0.954,1.0,0.514,0.513,0.514,0.696,0.543
0.507,0.486,0.42,0.505,0.506,0.483,0.456,0.507,0.511,0.499,0.473,0.505,0.474,0.502,0.517,0.454,0.451,0.489,0.483,0.456,0.466,0.469,0.477,0.472,0.484,0.461,0.472,0.503,0.623,0.537,0.509,0.482,0.0,0.466,0.449,0.487,0.455,0.476,0.493,0.488,0.517,0.463,0.476,0.511,0.514,1.0,0.503,0.504,0.507,0.683
0.549,0.714,0.45,0.497,0.711,0.726,0.587,0.508,0.55,0.502,0.654,0.504,0.674,0.494,0.506,0.583,0.716,0.681,0.657,0.586,0.67,0.669,0.677,0.71,0.708,0.71,0.655,0.501,0.546,0.546,0.496,0.683,0.0,0.677,0.679,0.499,0.584,0.68,0.503,0.69,0.504,0.741,0.672,0.503,0.513,0.503,1.0,0.997,0.489,0.554
0.549,0.715,0.449,0.498,0.712,0.727,0.587,0.507,0.55,0.503,0.654,0.504,0.675,0.495,0.507,0.583,0.717,0.681,0.658,0.586,0.67,0.669,0.678,0.711,0.708,0.711,0.655,0.502,0.545,0.547,0.497,0.684,0.0,0.677,0.68,0.5,0.584,0.679,0.504,0.691,0.505,0.741,0.672,0.504,0.514,0.504,0.997,1.0,0.49,0.555
0.519,0.519,0.447,0.727,0.509,0.508,0.47,0.687,0.508,0.721,0.499,0.693,0.503,0.724,0.713,0.473,0.479,0.489,0.489,0.47,0.46,0.492,0.488,0.49,0.509,0.505,0.489,0.718,0.549,0.498,0.692,0.503,0.0,0.475,0.465,0.659,0.468,0.495,0.679,0.488,0.702,0.493,0.495,0.709,0.696,0.507,0.489,0.49,1.0,0.538
0.588,0.536,0.479,0.553,0.557,0.557,0.518,0.558,0.592,0.543,0.532,0.551,0.539,0.549,0.559,0.513,0.52,0.555,0.53,0.517,0.527,0.536,0.55,0.537,0.533,0.518,0.527,0.54,0.847,0.571,0.544,0.526,0.0,0.53,0.512,0.537,0.516,0.535,0.536,0.551,0.551,0.529,0.534,0.541,0.543,0.683,0.554,0.555,0.538,1.0
