GCF_000163235.1_ASM16323v1_genomic.fna,GCF_000164555.1_ASM16455v1_genomic.fna,GCF_000208545.1_ASM20854v2_genomic.fna,GCF_000233875.1_ASM23387v1_genomic.fna,GCF_000249735.1_ASM24973v2_genomic.fna,GCF_000261145.1_Esch_coli_M919_V2_genomic.fna,GCF_000267705.2_ASM26770v2_genomic.fna,GCF_000350665.1_Esch_coli_KTE5_V1_genomic.fna,GCF_000351625.1_Esch_coli_KTE66_V1_genomic.fna,GCF_000352285.1_Esch_coli_KTE46_V1_genomic.fna,GCF_000358895.1_ASM35889v1_genomic.fna,GCF_000456385.1_Esch_coli_HVH_26_4-5703913_V1_genomic.fna,GCF_000458195.1_Esch_coli_HVH_147_4-5893887_V1_genomic.fna,GCF_000459755.1_Esch_coli_KOEGE_58_171a_V1_genomic.fna,GCF_000460055.1_Esch_coli_UMEA_3053-1_V1_genomic.fna,GCF_000462165.2_ASM46216v2_genomic.fna,GCF_000601135.1_ASM60113v1_genomic.fna,GCF_000614595.1_Ec2010EL1058_genomic.fna,GCF_000617745.1_Ec2010C-4529_genomic.fna,GCF_000618265.2_EcF6751_genomic.fna,GCF_000619005.2_Ec2009C-4052_genomic.fna,GCF_000619105.1_Ec2009C-4780_genomic.fna,GCF_000619765.2_Ec2009C-3279_genomic.fna,GCF_000687005.1_ASM68700v1_genomic.fna,GCF_000687025.1_ASM68702v1_genomic.fna,GCF_000700125.1_ASM70012v1_genomic.fna,GCF_000753315.1_FHI35_genomic.fna,GCF_000776375.1_ASM77637v1_genomic.fna,GCF_000779395.1_ASM77939v1_genomic.fna,GCF_000780315.1_ASM78031v1_genomic.fna,GCF_000781995.1_ASM78199v1_genomic.fna,GCF_000986765.1_ASM98676v1_genomic.fna,GCF_001041375.1_ViralProj287958_genomic.fna,GCF_001265335.1_302014_genomic.fna,GCF_001265625.1_100854_genomic.fna,GCF_001267345.1_303289_genomic.fna,GCF_001309985.1_ASM130998v1_genomic.fna,GCF_001521695.1_ASM152169v1_genomic.fna,GCF_001592595.1_ASM159259v1_genomic.fna,GCF_001614975.1_ASM161497v1_genomic.fna,GCF_001692775.1_ASM169277v1_genomic.fna,GCF_001748915.1_ASM174891v1_genomic.fna,GCF_001749235.1_ASM174923v1_genomic.fna,GCF_001881155.1_ASM188115v1_genomic.fna,GCF_001881345.1_ASM188134v1_genomic.fna,GCF_001892405.1_ASM189240v1_genomic.fna,GCF_001892585.1_ASM189258v1_genomic.fna,GCF_001893985.1_ASM189398v1_genomic.fna,GCF_002001595.1_ASM200159v1_genomic.fna,GCF_002002145.1_ASM200214v1_genomic.fna
1.0,0.51,0.391,0.438,0.478,0.48,0.472,0.447,0.591,0.452,0.466,0.457,0.46,0.425,0.432,0.477,0.482,0.457,0.476,0.47,0.457,0.469,0.479,0.49,0.475,0.471,0.48,0.436,0.519,0.564,0.428,0.467,0.0,0.476,0.441,0.433,0.469,0.502,0.44,0.474,0.434,0.471,0.482,0.437,0.452,0.497,0.459,0.459,0.438,0.526
0.51,1.0,0.352,0.406,0.613,0.772,0.531,0.421,0.475,0.406,0.591,0.436,0.593,0.393,0.409,0.538,0.724,0.595,0.61,0.534,0.595,0.603,0.618,0.792,0.803,0.703,0.604,0.413,0.461,0.462,0.379,0.629,0.0,0.616,0.727,0.405,0.533,0.641,0.406,0.618,0.381,0.692,0.619,0.424,0.428,0.446,0.683,0.683,0.422,0.463
0.391,0.352,1.0,0.313,0.34,0.345,0.322,0.311,0.37,0.309,0.322,0.312,0.328,0.311,0.312,0.326,0.362,0.331,0.331,0.317,0.322,0.332,0.334,0.344,0.346,0.339,0.326,0.313,0.364,0.375,0.303,0.335,0.0,0.334,0.311,0.32,0.318,0.333,0.32,0.329,0.308,0.335,0.337,0.308,0.309,0.336,0.337,0.337,0.322,0.365
0.438,0.406,0.313,1.0,0.4,0.417,0.385,0.69,0.429,0.738,0.394,0.713,0.4,0.785,0.755,0.387,0.405,0.388,0.393,0.382,0.373,0.392,0.395,0.419,0.405,0.418,0.4,0.737,0.479,0.413,0.694,0.402,0.0,0.376,0.4,0.622,0.381,0.398,0.65,0.377,0.717,0.4,0.399,0.72,0.72,0.431,0.389,0.39,0.692,0.466
0.478,0.613,0.34,0.4,1.0,0.632,0.54,0.421,0.471,0.409,0.746,0.416,0.672,0.408,0.418,0.548,0.648,0.646,0.665,0.537,0.662,0.67,0.66,0.626,0.631,0.631,0.673,0.418,0.464,0.468,0.389,0.666,0.0,0.654,0.586,0.415,0.537,0.694,0.411,0.694,0.406,0.638,0.693,0.41,0.412,0.44,0.652,0.654,0.422,0.46
0.48,0.772,0.345,0.417,0.632,1.0,0.539,0.416,0.484,0.406,0.612,0.419,0.621,0.409,0.42,0.546,0.734,0.629,0.628,0.534,0.611,0.619,0.622,0.808,0.82,0.712,0.62,0.413,0.491,0.485,0.392,0.621,0.0,0.613,0.752,0.434,0.536,0.635,0.418,0.626,0.402,0.713,0.633,0.405,0.402,0.44,0.707,0.706,0.432,0.476
0.472,0.531,0.322,0.385,0.54,0.539,1.0,0.4,0.472,0.387,0.515,0.394,0.52,0.391,0.397,0.957,0.536,0.558,0.558,0.977,0.559,0.552,0.577,0.54,0.536,0.54,0.532,0.389,0.445,0.46,0.375,0.545,0.0,0.529,0.508,0.406,0.985,0.522,0.405,0.533,0.381,0.536,0.531,0.389,0.39,0.422,0.518,0.518,0.39,0.464
0.447,0.421,0.311,0.69,0.421,0.416,0.4,1.0,0.432,0.701,0.385,0.692,0.392,0.691,0.69,0.405,0.418,0.406,0.41,0.395,0.391,0.403,0.41,0.432,0.412,0.413,0.412,0.895,0.472,0.414,0.693,0.415,0.0,0.399,0.382,0.597,0.396,0.433,0.656,0.4,0.699,0.401,0.411,0.888,0.873,0.431,0.397,0.399,0.652,0.461
0.591,0.475,0.37,0.429,0.471,0.484,0.472,0.432,1.0,0.434,0.457,0.435,0.46,0.437,0.436,0.474,0.475,0.455,0.473,0.465,0.456,0.469,0.466,0.484,0.482,0.469,0.48,0.431,0.507,0.602,0.429,0.453,0.0,0.463,0.449,0.439,0.467,0.474,0.432,0.468,0.435,0.475,0.482,0.42,0.422,0.469,0.463,0.463,0.424,0.508
0.452,0.406,0.309,0.738,0.409,0.406,0.387,0.701,0.434,1.0,0.411,0.696,0.402,0.732,0.713,0.392,0.407,0.397,0.392,0.384,0.372,0.389,0.382,0.422,0.405,0.43,0.4,0.708,0.487,0.422,0.744,0.384,0.0,0.376,0.392,0.625,0.384,0.393,0.678,0.384,0.748,0.393,0.399,0.688,0.701,0.431,0.394,0.394,0.677,0.464
0.466,0.591,0.322,0.394,0.746,0.612,0.515,0.385,0.457,0.411,1.0,0.385,0.747,0.411,0.398,0.521,0.622,0.654,0.656,0.511,0.637,0.678,0.665,0.636,0.606,0.642,0.669,0.385,0.443,0.466,0.376,0.642,0.0,0.652,0.641,0.41,0.514,0.673,0.394,0.706,0.38,0.619,0.679,0.379,0.382,0.41,0.612,0.611,0.403,0.437
0.457,0.436,0.312,0.713,0.416,0.419,0.394,0.692,0.435,0.696,0.385,1.0,0.392,0.711,0.847,0.398,0.42,0.396,0.397,0.391,0.392,0.407,0.408,0.432,0.42,0.419,0.406,0.721,0.477,0.422,0.681,0.416,0.0,0.403,0.391,0.597,0.392,0.414,0.667,0.397,0.702,0.405,0.415,0.697,0.702,0.437,0.402,0.402,0.646,0.47
0.46,0.593,0.328,0.4,0.672,0.621,0.52,0.392,0.46,0.402,0.747,0.392,1.0,0.404,0.4,0.522,0.618,0.706,0.711,0.517,0.694,0.763,0.75,0.635,0.605,0.627,0.742,0.394,0.462,0.482,0.381,0.693,0.0,0.729,0.626,0.406,0.519,0.727,0.387,0.74,0.384,0.625,0.737,0.386,0.385,0.406,0.61,0.609,0.409,0.445
0.425,0.393,0.311,0.785,0.408,0.409,0.391,0.691,0.437,0.732,0.411,0.711,0.404,1.0,0.76,0.393,0.405,0.398,0.393,0.386,0.375,0.395,0.393,0.412,0.4,0.42,0.404,0.731,0.481,0.427,0.708,0.41,0.0,0.375,0.399,0.61,0.386,0.41,0.655,0.381,0.732,0.398,0.406,0.713,0.711,0.433,0.393,0.393,0.683,0.465
0.432,0.409,0.312,0.755,0.418,0.42,0.397,0.69,0.436,0.713,0.398,0.847,0.4,0.76,1.0,0.397,0.417,0.399,0.4,0.391,0.383,0.404,0.405,0.417,0.411,0.423,0.409,0.723,0.481,0.43,0.707,0.407,0.0,0.394,0.389,0.614,0.393,0.413,0.671,0.391,0.727,0.404,0.414,0.701,0.699,0.45,0.401,0.401,0.675,0.484
0.477,0.538,0.326,0.387,0.548,0.546,0.957,0.405,0.474,0.392,0.521,0.398,0.522,0.393,0.397,1.0,0.536,0.552,0.559,0.949,0.549,0.558,0.571,0.542,0.535,0.539,0.527,0.393,0.449,0.462,0.376,0.538,0.0,0.527,0.506,0.408,0.951,0.526,0.41,0.533,0.384,0.538,0.531,0.393,0.395,0.426,0.524,0.524,0.398,0.461
0.482,0.724,0.362,0.405,0.648,0.734,0.536,0.418,0.475,0.407,0.622,0.42,0.618,0.405,0.417,0.536,1.0,0.616,0.621,0.532,0.605,0.635,0.636,0.749,0.749,0.748,0.627,0.417,0.477,0.476,0.394,0.658,0.0,0.628,0.68,0.425,0.535,0.616,0.409,0.628,0.402,0.696,0.636,0.409,0.411,0.428,0.7,0.7,0.42,0.464
0.457,0.595,0.331,0.388,0.646,0.629,0.558,0.406,0.455,0.397,0.654,0.396,0.706,0.398,0.399,0.552,0.616,1.0,0.751,0.553,0.72,0.733,0.731,0.627,0.613,0.607,0.717,0.402,0.444,0.479,0.382,0.686,0.0,0.694,0.583,0.419,0.554,0.684,0.403,0.707,0.386,0.627,0.708,0.392,0.393,0.401,0.622,0.621,0.392,0.442
0.476,0.61,0.331,0.393,0.665,0.628,0.558,0.41,0.473,0.392,0.656,0.397,0.711,0.393,0.4,0.559,0.621,0.751,1.0,0.552,0.737,0.75,0.732,0.623,0.623,0.607,0.72,0.403,0.453,0.477,0.379,0.691,0.0,0.702,0.593,0.409,0.554,0.71,0.398,0.737,0.385,0.632,0.725,0.4,0.4,0.412,0.625,0.626,0.394,0.452
0.47,0.534,0.317,0.382,0.537,0.534,0.977,0.395,0.465,0.384,0.511,0.391,0.517,0.386,0.391,0.949,0.532,0.553,0.552,1.0,0.555,0.547,0.576,0.537,0.534,0.534,0.527,0.386,0.439,0.453,0.371,0.543,0.0,0.53,0.501,0.401,0.985,0.519,0.402,0.529,0.378,0.53,0.526,0.387,0.389,0.423,0.513,0.513,0.385,0.458
0.457,0.595,0.322,0.373,0.662,0.611,0.559,0.391,0.456,0.372,0.637,0.392,0.694,0.375,0.383,0.549,0.605,0.72,0.737,0.555,1.0,0.733,0.755,0.609,0.607,0.597,0.71,0.388,0.431,0.462,0.358,0.709,0.0,0.718,0.584,0.4,0.558,0.696,0.4,0.717,0.371,0.611,0.71,0.387,0.39,0.425,0.619,0.619,0.379,0.442
0.469,0.603,0.332,0.392,0.67,0.619,0.552,0.403,0.469,0.389,0.678,0.407,0.763,0.395,0.404,0.558,0.635,0.733,0.75,0.547,0.733,1.0,0.905,0.625,0.619,0.607,0.742,0.406,0.454,0.475,0.389,0.717,0.0,0.848,0.583,0.415,0.549,0.735,0.399,0.749,0.393,0.629,0.754,0.399,0.399,0.423,0.617,0.617,0.397,0.456
0.479,0.618,0.334,0.395,0.66,0.622,0.577,0.41,0.466,0.382,0.665,0.408,0.75,0.393,0.405,0.571,0.636,0.731,0.732,0.576,0.755,0.905,1.0,0.623,0.622,0.609,0.737,0.408,0.456,0.467,0.385,0.732,0.0,0.854,0.586,0.42,0.578,0.722,0.412,0.737,0.392,0.624,0.731,0.409,0.411,0.43,0.611,0.611,0.393,0.456
0.49,0.792,0.344,0.419,0.626,0.808,0.54,0.432,0.484,0.422,0.636,0.432,0.635,0.412,0.417,0.542,0.749,0.627,0.623,0.537,0.609,0.625,0.623,1.0,0.816,0.739,0.631,0.417,0.481,0.486,0.393,0.622,0.0,0.613,0.781,0.442,0.537,0.625,0.406,0.625,0.403,0.711,0.622,0.408,0.41,0.438,0.692,0.693,0.433,0.468
0.475,0.803,0.346,0.405,0.631,0.82,0.536,0.412,0.482,0.405,0.606,0.42,0.605,0.4,0.411,0.535,0.749,0.613,0.623,0.534,0.607,0.619,0.622,0.816,1.0,0.737,0.625,0.413,0.465,0.474,0.392,0.638,0.0,0.604,0.761,0.418,0.535,0.626,0.405,0.62,0.397,0.705,0.624,0.414,0.414,0.435,0.693,0.692,0.434,0.463
0.471,0.703,0.339,0.418,0.631,0.712,0.54,0.413,0.469,0.43,0.642,0.419,0.627,0.42,0.423,0.539,0.748,0.607,0.607,0.534,0.597,0.607,0.609,0.739,0.737,1.0,0.613,0.405,0.475,0.481,0.401,0.615,0.0,0.59,0.697,0.436,0.536,0.611,0.405,0.622,0.404,0.697,0.613,0.406,0.403,0.429,0.671,0.67,0.435,0.451
0.48,0.604,0.326,0.4,0.673,0.62,0.532,0.412,0.48,0.4,0.669,0.406,0.742,0.404,0.409,0.527,0.627,0.717,0.72,0.527,0.71,0.742,0.737,0.631,0.625,0.613,1.0,0.41,0.468,0.488,0.393,0.717,0.0,0.714,0.591,0.41,0.53,0.807,0.397,0.756,0.396,0.63,0.824,0.401,0.402,0.427,0.61,0.608,0.406,0.463
0.436,0.413,0.313,0.737,0.418,0.413,0.389,0.895,0.431,0.708,0.385,0.721,0.394,0.731,0.723,0.393,0.417,0.402,0.403,0.386,0.388,0.406,0.408,0.417,0.413,0.405,0.41,1.0,0.466,0.408,0.708,0.411,0.0,0.39,0.381,0.608,0.386,0.431,0.655,0.392,0.736,0.396,0.41,0.962,0.939,0.429,0.395,0.395,0.671,0.455
0.519,0.461,0.364,0.479,0.464,0.491,0.445,0.472,0.507,0.487,0.443,0.477,0.462,0.481,0.481,0.449,0.477,0.444,0.453,0.439,0.431,0.454,0.456,0.481,0.465,0.475,0.468,0.466,1.0,0.5,0.464,0.456,0.0,0.45,0.439,0.479,0.442,0.464,0.466,0.437,0.47,0.455,0.468,0.455,0.457,0.552,0.432,0.433,0.482,0.81
0.564,0.462,0.375,0.413,0.468,0.485,0.46,0.414,0.602,0.422,0.466,0.422,0.482,0.427,0.43,0.462,0.476,0.479,0.477,0.453,0.462,0.475,0.467,0.486,0.474,0.481,0.488,0.408,0.5,1.0,0.418,0.451,0.0,0.459,0.448,0.422,0.455,0.489,0.417,0.481,0.424,0.477,0.495,0.4,0.397,0.467,0.474,0.475,0.419,0.509
0.428,0.379,0.303,0.694,0.389,0.392,0.375,0.693,0.429,0.744,0.376,0.681,0.381,0.708,0.707,0.376,0.394,0.382,0.379,0.371,0.358,0.389,0.385,0.393,0.392,0.401,0.393,0.708,0.464,0.418,1.0,0.379,0.0,0.376,0.363,0.594,0.372,0.389,0.64,0.371,0.896,0.391,0.385,0.685,0.685,0.43,0.377,0.378,0.658,0.457
0.467,0.629,0.335,0.402,0.666,0.621,0.545,0.415,0.453,0.384,0.642,0.416,0.693,0.41,0.407,0.538,0.658,0.686,0.691,0.543,0.709,0.717,0.732,0.622,0.638,0.615,0.717,0.411,0.456,0.451,0.379,1.0,0.0,0.714,0.573,0.399,0.543,0.727,0.416,0.723,0.381,0.629,0.733,0.413,0.416,0.421,0.62,0.62,0.402,0.444
0.0,0.0,0.0,0.0,0.0,0.0,0.0,0.0,0.0,0.0,0.0,0.0,0.0,0.0,0.0,0.0,0.0,0.0,0.0,0.0,0.0,0.0,0.0,0.0,0.0,0.0,0.0,0.0,0.0,0.0,0.0,0.0,1.0,0.0,0.0,0.0,0.0,0.0,0.0,0.0,0.0,0.0,0.0,0.0,0.0,0.0,0.0,0.0,0.0,0.0
0.476,0.616,0.334,0.376,0.654,0.613,0.529,0.399,0.463,0.376,0.652,0.403,0.729,0.375,0.394,0.527,0.628,0.694,0.702,0.53,0.718,0.848,0.854,0.613,0.604,0.59,0.714,0.39,0.45,0.459,0.376,0.714,0.0,1.0,0.571,0.417,0.531,0.719,0.407,0.722,0.376,0.615,0.723,0.391,0.397,0.427,0.605,0.607,0.382,0.45
0.441,0.727,0.311,0.4,0.586,0.752,0.508,0.382,0.449,0.392,0.641,0.391,0.626,0.399,0.389,0.506,0.68,0.583,0.593,0.501,0.584,0.583,0.586,0.781,0.761,0.697,0.591,0.381,0.439,0.448,0.363,0.573,0.0,0.571,1.0,0.407,0.505,0.582,0.382,0.592,0.369,0.663,0.587,0.37,0.375,0.401,0.637,0.636,0.405,0.424
0.433,0.405,0.32,0.622,0.415,0.434,0.406,0.597,0.439,0.625,0.41,0.597,0.406,0.61,0.614,0.408,0.425,0.419,0.409,0.401,0.4,0.415,0.42,0.442,0.418,0.436,0.41,0.608,0.479,0.422,0.594,0.399,0.0,0.417,0.407,1.0,0.401,0.404,0.616,0.414,0.604,0.423,0.411,0.598,0.598,0.418,0.409,0.41,0.597,0.464
0.469,0.533,0.318,0.381,0.537,0.536,0.985,0.396,0.467,0.384,0.514,0.392,0.519,0.386,0.393,0.951,0.535,0.554,0.554,0.985,0.558,0.549,0.578,0.537,0.535,0.536,0.53,0.386,0.442,0.455,0.372,0.543,0.0,0.531,0.505,0.401,1.0,0.519,0.403,0.531,0.377,0.532,0.528,0.387,0.389,0.422,0.514,0.514,0.387,0.46
0.502,0.641,0.333,0.398,0.694,0.635,0.522,0.433,0.474,0.393,0.673,0.414,0.727,0.41,0.413,0.526,0.616,0.684,0.71,0.519,0.696,0.735,0.722,0.625,0.626,0.611,0.807,0.431,0.464,0.489,0.389,0.727,0.0,0.719,0.582,0.404,0.519,1.0,0.413,0.754,0.396,0.628,0.854,0.428,0.419,0.437,0.634,0.635,0.409,0.469
0.44,0.406,0.32,0.65,0.411,0.418,0.405,0.656,0.432,0.678,0.394,0.667,0.387,0.655,0.671,0.41,0.409,0.403,0.398,0.402,0.4,0.399,0.412,0.406,0.405,0.405,0.397,0.655,0.466,0.417,0.64,0.416,0.0,0.407,0.382,0.616,0.403,0.413,1.0,0.401,0.646,0.398,0.41,0.657,0.664,0.455,0.4,0.4,0.633,0.467
0.474,0.618,0.329,0.377,0.694,0.626,0.533,0.4,0.468,0.384,0.706,0.397,0.74,0.381,0.391,0.533,0.628,0.707,0.737,0.529,0.717,0.749,0.737,0.625,0.62,0.622,0.756,0.392,0.437,0.481,0.371,0.723,0.0,0.722,0.592,0.414,0.531,0.754,0.401,1.0,0.377,0.651,0.762,0.387,0.388,0.427,0.641,0.642,0.385,0.455
0.434,0.381,0.308,0.717,0.406,0.402,0.381,0.699,0.435,0.748,0.38,0.702,0.384,0.732,0.727,0.384,0.402,0.386,0.385,0.378,0.371,0.393,0.392,0.403,0.397,0.404,0.396,0.736,0.47,0.424,0.896,0.381,0.0,0.376,0.369,0.604,0.377,0.396,0.646,0.377,1.0,0.402,0.392,0.711,0.708,0.43,0.384,0.385,0.665,0.464
0.471,0.692,0.335,0.4,0.638,0.713,0.536,0.401,0.475,0.393,0.619,0.405,0.625,0.398,0.404,0.538,0.696,0.627,0.632,0.53,0.611,0.629,0.624,0.711,0.705,0.697,0.63,0.396,0.455,0.477,0.391,0.629,0.0,0.615,0.663,0.423,0.532,0.628,0.398,0.651,0.402,1.0,0.65,0.391,0.39,0.426,0.721,0.721,0.408,0.453
0.482,0.619,0.337,0.399,0.693,0.633,0.531,0.411,0.482,0.399,0.679,0.415,0.737,0.406,0.414,0.531,0.636,0.708,0.725,0.526,0.71,0.754,0.731,0.622,0.624,0.613,0.824,0.41,0.468,0.495,0.385,0.733,0.0,0.723,0.587,0.411,0.528,0.854,0.41,0.762,0.392,0.65,1.0,0.403,0.403,0.425,0.63,0.629,0.408,0.463
0.437,0.424,0.308,0.72,0.41,0.405,0.389,0.888,0.42,0.688,0.379,0.697,0.386,0.713,0.701,0.393,0.409,0.392,0.4,0.387,0.387,0.399,0.409,0.408,0.414,0.406,0.401,0.962,0.455,0.4,0.685,0.413,0.0,0.391,0.37,0.598,0.387,0.428,0.657,0.387,0.711,0.391,0.403,1.0,0.957,0.43,0.386,0.386,0.662,0.449
0.452,0.428,0.309,0.72,0.412,0.402,0.39,0.873,0.422,0.701,0.382,0.702,0.385,0.711,0.699,0.395,0.411,0.393,0.4,0.389,0.39,0.399,0.411,0.41,0.414,0.403,0.402,0.939,0.457,0.397,0.685,0.416,0.0,0.397,0.375,0.598,0.389,0.419,0.664,0.388,0.708,0.39,0.403,0.957,1.0,0.436,0.392,0.392,0.656,0.448
0.497,0.446,0.336,0.431,0.44,0.44,0.422,0.431,0.469,0.431,0.41,0.437,0.406,0.433,0.45,0.426,0.428,0.401,0.412,0.423,0.425,0.423,0.43,0.438,0.435,0.429,0.427,0.429,0.552,0.467,0.43,0.421,0.0,0.427,0.401,0.418,0.422,0.437,0.455,0.427,0.43,0.426,0.425,0.43,0.436,1.0,0.436,0.436,0.426,0.624
0.459,0.683,0.337,0.389,0.652,0.707,0.518,0.397,0.463,0.394,0.612,0.402,0.61,0.393,0.401,0.524,0.7,0.622,0.625,0.513,0.619,0.617,0.611,0.692,0.693,0.671,0.61,0.395,0.432,0.474,0.377,0.62,0.0,0.605,0.637,0.409,0.514,0.634,0.4,0.641,0.384,0.721,0.63,0.386,0.392,0.436,1.0,0.995,0.404,0.456
0.459,0.683,0.337,0.39,0.654,0.706,0.518,0.399,0.463,0.394,0.611,0.402,0.609,0.393,0.401,0.524,0.7,0.621,0.626,0.513,0.619,0.617,0.611,0.693,0.692,0.67,0.608,0.395,0.433,0.475,0.378,0.62,0.0,0.607,0.636,0.41,0.514,0.635,0.4,0.642,0.385,0.721,0.629,0.386,0.392,0.436,0.995,1.0,0.404,0.456
0.438,0.422,0.322,0.692,0.422,0.432,0.39,0.652,0.424,0.677,0.403,0.646,0.409,0.683,0.675,0.398,0.42,0.392,0.394,0.385,0.379,0.397,0.393,0.433,0.434,0.435,0.406,0.671,0.482,0.419,0.658,0.402,0.0,0.382,0.405,0.597,0.387,0.409,0.633,0.385,0.665,0.408,0.408,0.662,0.656,0.426,0.404,0.404,1.0,0.462
0.526,0.463,0.365,0.466,0.46,0.476,0.464,0.461,0.508,0.464,0.437,0.47,0.445,0.465,0.484,0.461,0.464,0.442,0.452,0.458,0.442,0.456,0.456,0.468,0.463,0.451,0.463,0.455,0.81,0.509,0.457,0.444,0.0,0.45,0.424,0.464,0.46,0.469,0.467,0.455,0.464,0.453,0.463,0.449,0.448,0.624,0.456,0.456,0.462,1.0
