GCF_000163235.1_ASM16323v1_genomic.fna,GCF_000164555.1_ASM16455v1_genomic.fna,GCF_000208545.1_ASM20854v2_genomic.fna,GCF_000233875.1_ASM23387v1_genomic.fna,GCF_000249735.1_ASM24973v2_genomic.fna,GCF_000261145.1_Esch_coli_M919_V2_genomic.fna,GCF_000267705.2_ASM26770v2_genomic.fna,GCF_000350665.1_Esch_coli_KTE5_V1_genomic.fna,GCF_000351625.1_Esch_coli_KTE66_V1_genomic.fna,GCF_000352285.1_Esch_coli_KTE46_V1_genomic.fna,GCF_000358895.1_ASM35889v1_genomic.fna,GCF_000456385.1_Esch_coli_HVH_26_4-5703913_V1_genomic.fna,GCF_000458195.1_Esch_coli_HVH_147_4-5893887_V1_genomic.fna,GCF_000459755.1_Esch_coli_KOEGE_58_171a_V1_genomic.fna,GCF_000460055.1_Esch_coli_UMEA_3053-1_V1_genomic.fna,GCF_000462165.2_ASM46216v2_genomic.fna,GCF_000601135.1_ASM60113v1_genomic.fna,GCF_000614595.1_Ec2010EL1058_genomic.fna,GCF_000617745.1_Ec2010C-4529_genomic.fna,GCF_000618265.2_EcF6751_genomic.fna,GCF_000619005.2_Ec2009C-4052_genomic.fna,GCF_000619105.1_Ec2009C-4780_genomic.fna,GCF_000619765.2_Ec2009C-3279_genomic.fna,GCF_000687005.1_ASM68700v1_genomic.fna,GCF_000687025.1_ASM68702v1_genomic.fna,GCF_000700125.1_ASM70012v1_genomic.fna,GCF_000753315.1_FHI35_genomic.fna,GCF_000776375.1_ASM77637v1_genomic.fna,GCF_000779395.1_ASM77939v1_genomic.fna,GCF_000780315.1_ASM78031v1_genomic.fna,GCF_000781995.1_ASM78199v1_genomic.fna,GCF_000986765.1_ASM98676v1_genomic.fna,GCF_001041375.1_ViralProj287958_genomic.fna,GCF_001265335.1_302014_genomic.fna,GCF_001265625.1_100854_genomic.fna,GCF_001267345.1_303289_genomic.fna,GCF_001309985.1_ASM130998v1_genomic.fna,GCF_001521695.1_ASM152169v1_genomic.fna,GCF_001592595.1_ASM159259v1_genomic.fna,GCF_001614975.1_ASM161497v1_genomic.fna,GCF_001692775.1_ASM169277v1_genomic.fna,GCF_001748915.1_ASM174891v1_genomic.fna,GCF_001749235.1_ASM174923v1_genomic.fna,GCF_001881155.1_ASM188115v1_genomic.fna,GCF_001881345.1_ASM188134v1_genomic.fna,GCF_001892405.1_ASM189240v1_genomic.fna,GCF_001892585.1_ASM189258v1_genomic.fna,GCF_001893985.1_ASM189398v1_genomic.fna,GCF_002001595.1_ASM200159v1_genomic.fna,GCF_002002145.1_ASM200214v1_genomic.fna
1.0,0.903,0.884,0.894,0.902,0.901,0.882,0.889,0.901,0.901,0.897,0.893,0.904,0.893,0.89,0.883,0.899,0.895,0.894,0.879,0.889,0.902,0.892,0.904,0.908,0.908,0.893,0.889,0.89,0.912,0.885,0.876,0.023,0.894,0.893,0.883,0.879,0.897,0.885,0.894,0.885,0.898,0.889,0.886,0.887,0.876,0.881,0.88,0.883,0.89
0.903,1.0,0.891,0.898,0.922,0.935,0.903,0.895,0.893,0.888,0.896,0.903,0.91,0.893,0.9,0.906,0.936,0.912,0.91,0.899,0.906,0.909,0.907,0.935,0.949,0.93,0.903,0.902,0.894,0.906,0.894,0.906,0.023,0.915,0.92,0.898,0.902,0.912,0.892,0.919,0.891,0.926,0.903,0.902,0.902,0.874,0.919,0.918,0.899,0.892
0.884,0.891,1.0,0.88,0.886,0.894,0.874,0.878,0.886,0.871,0.87,0.888,0.886,0.879,0.88,0.875,0.888,0.885,0.878,0.872,0.88,0.887,0.879,0.878,0.886,0.883,0.887,0.881,0.887,0.889,0.876,0.875,0.023,0.887,0.866,0.888,0.873,0.874,0.89,0.893,0.878,0.884,0.882,0.88,0.884,0.862,0.878,0.877,0.875,0.891
0.894,0.898,0.88,1.0,0.899,0.902,0.881,0.938,0.89,0.939,0.88,0.943,0.895,0.959,0.964,0.88,0.896,0.892,0.894,0.877,0.889,0.899,0.897,0.885,0.904,0.898,0.894,0.949,0.89,0.901,0.928,0.882,0.023,0.892,0.878,0.928,0.878,0.893,0.933,0.894,0.944,0.897,0.889,0.941,0.944,0.879,0.888,0.888,0.921,0.891
0.902,0.922,0.886,0.899,1.0,0.914,0.909,0.903,0.911,0.889,0.922,0.902,0.925,0.9,0.906,0.907,0.918,0.935,0.934,0.905,0.926,0.921,0.922,0.907,0.918,0.913,0.93,0.903,0.899,0.913,0.901,0.916,0.023,0.928,0.897,0.905,0.908,0.935,0.905,0.932,0.903,0.932,0.933,0.9,0.908,0.883,0.92,0.919,0.9,0.901
0.901,0.935,0.894,0.902,0.914,1.0,0.898,0.896,0.893,0.888,0.9,0.892,0.913,0.89,0.896,0.901,0.932,0.911,0.914,0.897,0.908,0.912,0.905,0.935,0.937,0.922,0.903,0.899,0.892,0.904,0.883,0.899,0.022,0.909,0.93,0.895,0.898,0.898,0.898,0.912,0.883,0.922,0.906,0.894,0.898,0.867,0.91,0.909,0.887,0.893
0.882,0.903,0.874,0.881,0.909,0.898,1.0,0.889,0.897,0.868,0.881,0.889,0.887,0.883,0.887,0.986,0.9,0.914,0.909,0.993,0.912,0.899,0.911,0.889,0.901,0.895,0.908,0.893,0.891,0.892,0.892,0.895,0.023,0.906,0.876,0.881,0.996,0.898,0.885,0.899,0.888,0.902,0.902,0.895,0.894,0.877,0.893,0.891,0.893,0.886
0.889,0.895,0.878,0.938,0.903,0.896,0.889,1.0,0.888,0.93,0.88,0.94,0.893,0.942,0.938,0.889,0.895,0.9,0.901,0.886,0.893,0.894,0.897,0.887,0.89,0.892,0.898,0.974,0.902,0.899,0.935,0.887,0.021,0.891,0.877,0.916,0.886,0.897,0.936,0.896,0.936,0.899,0.898,0.967,0.968,0.883,0.886,0.886,0.929,0.896
0.901,0.893,0.886,0.89,0.911,0.893,0.897,0.888,1.0,0.876,0.882,0.893,0.886,0.892,0.888,0.891,0.893,0.906,0.899,0.9,0.902,0.889,0.903,0.881,0.889,0.891,0.898,0.892,0.907,0.92,0.897,0.887,0.025,0.901,0.867,0.892,0.897,0.905,0.895,0.899,0.907,0.904,0.91,0.9,0.895,0.889,0.89,0.888,0.896,0.911
0.901,0.888,0.871,0.939,0.889,0.888,0.868,0.93,0.876,1.0,0.89,0.926,0.899,0.942,0.93,0.871,0.881,0.886,0.888,0.865,0.877,0.893,0.882,0.894,0.896,0.896,0.877,0.931,0.881,0.893,0.927,0.87,0.022,0.877,0.882,0.915,0.865,0.877,0.925,0.885,0.933,0.885,0.876,0.923,0.931,0.874,0.877,0.877,0.913,0.882
0.897,0.896,0.87,0.88,0.922,0.9,0.881,0.88,0.882,0.89,1.0,0.88,0.935,0.887,0.882,0.886,0.897,0.918,0.913,0.879,0.905,0.923,0.901,0.911,0.909,0.915,0.907,0.878,0.873,0.896,0.875,0.89,0.022,0.9,0.917,0.882,0.879,0.906,0.88,0.914,0.87,0.909,0.906,0.873,0.88,0.848,0.893,0.891,0.868,0.872
0.893,0.903,0.888,0.943,0.902,0.892,0.889,0.94,0.893,0.926,0.88,1.0,0.894,0.946,0.96,0.888,0.894,0.903,0.895,0.885,0.896,0.897,0.896,0.885,0.895,0.898,0.895,0.947,0.905,0.906,0.926,0.88,0.022,0.895,0.876,0.923,0.885,0.898,0.936,0.898,0.94,0.903,0.899,0.939,0.946,0.88,0.886,0.885,0.921,0.896
0.904,0.91,0.886,0.895,0.925,0.913,0.887,0.893,0.886,0.899,0.935,0.894,1.0,0.895,0.891,0.893,0.908,0.929,0.929,0.884,0.92,0.946,0.93,0.918,0.916,0.919,0.925,0.892,0.892,0.907,0.888,0.906,0.023,0.928,0.91,0.891,0.885,0.919,0.888,0.932,0.883,0.91,0.916,0.887,0.892,0.858,0.908,0.906,0.878,0.886
0.893,0.893,0.879,0.959,0.9,0.89,0.883,0.942,0.892,0.942,0.887,0.946,0.895,1.0,0.961,0.88,0.889,0.9,0.889,0.88,0.887,0.9,0.893,0.887,0.899,0.9,0.892,0.95,0.891,0.898,0.935,0.876,0.022,0.891,0.878,0.928,0.879,0.893,0.933,0.892,0.95,0.896,0.893,0.945,0.948,0.876,0.881,0.881,0.929,0.891
0.89,0.9,0.88,0.964,0.906,0.896,0.887,0.938,0.888,0.93,0.882,0.96,0.891,0.961,1.0,0.886,0.896,0.897,0.894,0.882,0.887,0.894,0.894,0.885,0.9,0.9,0.897,0.944,0.892,0.904,0.927,0.879,0.023,0.894,0.876,0.928,0.884,0.892,0.932,0.895,0.941,0.898,0.895,0.937,0.942,0.878,0.889,0.889,0.927,0.897
0.883,0.906,0.875,0.88,0.907,0.901,0.986,0.889,0.891,0.871,0.886,0.888,0.893,0.88,0.886,1.0,0.902,0.91,0.907,0.985,0.908,0.905,0.908,0.892,0.902,0.898,0.901,0.89,0.887,0.897,0.885,0.887,0.023,0.902,0.879,0.884,0.987,0.893,0.886,0.901,0.881,0.903,0.897,0.889,0.89,0.876,0.888,0.886,0.889,0.884
0.899,0.936,0.888,0.896,0.918,0.932,0.9,0.895,0.893,0.881,0.897,0.894,0.908,0.889,0.896,0.902,1.0,0.915,0.917,0.897,0.91,0.911,0.916,0.929,0.936,0.926,0.907,0.897,0.898,0.909,0.891,0.918,0.022,0.923,0.914,0.894,0.899,0.91,0.892,0.921,0.887,0.929,0.908,0.896,0.9,0.876,0.921,0.921,0.89,0.895
0.895,0.912,0.885,0.892,0.935,0.911,0.914,0.9,0.906,0.886,0.918,0.903,0.929,0.9,0.897,0.91,0.915,1.0,0.947,0.915,0.938,0.936,0.939,0.905,0.909,0.905,0.937,0.901,0.902,0.907,0.908,0.922,0.022,0.936,0.896,0.9,0.914,0.93,0.907,0.932,0.906,0.925,0.936,0.902,0.903,0.878,0.916,0.914,0.9,0.903
0.894,0.91,0.878,0.894,0.934,0.914,0.909,0.901,0.899,0.888,0.913,0.895,0.929,0.889,0.894,0.907,0.917,0.947,1.0,0.909,0.943,0.934,0.94,0.9,0.907,0.909,0.937,0.898,0.902,0.908,0.899,0.919,0.022,0.936,0.893,0.891,0.91,0.935,0.898,0.935,0.891,0.92,0.937,0.899,0.9,0.885,0.911,0.909,0.896,0.903
0.879,0.899,0.872,0.877,0.905,0.897,0.993,0.886,0.9,0.865,0.879,0.885,0.884,0.88,0.882,0.985,0.897,0.915,0.909,1.0,0.916,0.897,0.913,0.885,0.897,0.892,0.905,0.889,0.888,0.89,0.891,0.895,0.023,0.902,0.874,0.879,0.995,0.899,0.884,0.897,0.887,0.901,0.903,0.896,0.891,0.877,0.895,0.893,0.892,0.887
0.889,0.906,0.88,0.889,0.926,0.908,0.912,0.893,0.902,0.877,0.905,0.896,0.92,0.887,0.887,0.908,0.91,0.938,0.943,0.916,1.0,0.928,0.941,0.894,0.899,0.904,0.933,0.898,0.9,0.902,0.892,0.927,0.022,0.927,0.89,0.897,0.912,0.932,0.896,0.924,0.891,0.913,0.935,0.904,0.899,0.885,0.917,0.915,0.895,0.899
0.902,0.909,0.887,0.899,0.921,0.912,0.899,0.894,0.889,0.893,0.923,0.897,0.946,0.9,0.894,0.905,0.911,0.936,0.934,0.897,0.928,1.0,0.965,0.909,0.916,0.917,0.933,0.893,0.895,0.91,0.895,0.915,0.023,0.944,0.904,0.897,0.898,0.92,0.896,0.929,0.889,0.916,0.927,0.887,0.889,0.869,0.902,0.9,0.883,0.893
0.892,0.907,0.879,0.897,0.922,0.905,0.911,0.897,0.903,0.882,0.901,0.896,0.93,0.893,0.894,0.908,0.916,0.939,0.94,0.913,0.941,0.965,1.0,0.893,0.903,0.903,0.933,0.899,0.9,0.902,0.901,0.929,0.023,0.952,0.883,0.894,0.91,0.93,0.901,0.923,0.9,0.915,0.94,0.905,0.899,0.884,0.915,0.913,0.899,0.905
0.904,0.935,0.878,0.885,0.907,0.935,0.889,0.887,0.881,0.894,0.911,0.885,0.918,0.887,0.885,0.892,0.929,0.905,0.9,0.885,0.894,0.909,0.893,1.0,0.945,0.935,0.898,0.882,0.881,0.901,0.878,0.893,0.023,0.908,0.94,0.879,0.887,0.894,0.881,0.903,0.876,0.918,0.899,0.876,0.878,0.856,0.897,0.895,0.875,0.878
0.908,0.949,0.886,0.904,0.918,0.937,0.901,0.89,0.889,0.896,0.909,0.895,0.916,0.899,0.9,0.902,0.936,0.909,0.907,0.897,0.899,0.916,0.903,0.945,1.0,0.949,0.905,0.891,0.889,0.9,0.89,0.898,0.024,0.912,0.933,0.9,0.899,0.903,0.894,0.908,0.889,0.922,0.901,0.892,0.893,0.87,0.91,0.909,0.895,0.887
0.908,0.93,0.883,0.898,0.913,0.922,0.895,0.892,0.891,0.896,0.915,0.898,0.919,0.9,0.9,0.898,0.926,0.905,0.909,0.892,0.904,0.917,0.903,0.935,0.949,1.0,0.909,0.893,0.882,0.902,0.886,0.898,0.023,0.903,0.921,0.888,0.892,0.901,0.887,0.911,0.885,0.92,0.903,0.894,0.894,0.863,0.913,0.91,0.888,0.885
0.893,0.903,0.887,0.894,0.93,0.903,0.908,0.898,0.898,0.877,0.907,0.895,0.925,0.892,0.897,0.901,0.907,0.937,0.937,0.905,0.933,0.933,0.933,0.898,0.905,0.909,1.0,0.895,0.897,0.904,0.894,0.923,0.022,0.933,0.885,0.892,0.908,0.946,0.891,0.934,0.891,0.914,0.946,0.897,0.896,0.872,0.907,0.905,0.899,0.892
0.889,0.902,0.881,0.949,0.903,0.899,0.893,0.974,0.892,0.931,0.878,0.947,0.892,0.95,0.944,0.89,0.897,0.901,0.898,0.889,0.898,0.893,0.899,0.882,0.891,0.893,0.895,1.0,0.904,0.902,0.935,0.888,0.021,0.893,0.871,0.922,0.89,0.898,0.938,0.895,0.948,0.904,0.894,0.987,0.988,0.884,0.888,0.888,0.931,0.899
0.89,0.894,0.887,0.89,0.899,0.892,0.891,0.902,0.907,0.881,0.873,0.905,0.892,0.891,0.892,0.887,0.898,0.902,0.902,0.888,0.9,0.895,0.9,0.881,0.889,0.882,0.897,0.904,1.0,0.904,0.901,0.886,0.022,0.906,0.874,0.891,0.887,0.899,0.896,0.895,0.896,0.894,0.901,0.906,0.903,0.891,0.891,0.89,0.894,0.947
0.912,0.906,0.889,0.901,0.913,0.904,0.892,0.899,0.92,0.893,0.896,0.906,0.907,0.898,0.904,0.897,0.909,0.907,0.908,0.89,0.902,0.91,0.902,0.901,0.9,0.902,0.904,0.902,0.904,1.0,0.893,0.892,0.022,0.907,0.882,0.906,0.891,0.902,0.905,0.916,0.898,0.91,0.904,0.899,0.9,0.88,0.893,0.893,0.896,0.896
0.885,0.894,0.876,0.928,0.901,0.883,0.892,0.935,0.897,0.927,0.875,0.926,0.888,0.935,0.927,0.885,0.891,0.908,0.899,0.891,0.892,0.895,0.901,0.878,0.89,0.886,0.894,0.935,0.901,0.893,1.0,0.892,0.023,0.897,0.866,0.913,0.89,0.897,0.923,0.895,0.962,0.894,0.898,0.936,0.933,0.886,0.897,0.897,0.927,0.9
0.876,0.906,0.875,0.882,0.916,0.899,0.895,0.887,0.887,0.87,0.89,0.88,0.906,0.876,0.879,0.887,0.918,0.922,0.919,0.895,0.927,0.915,0.929,0.893,0.898,0.898,0.923,0.888,0.886,0.892,0.892,1.0,0.023,0.92,0.88,0.888,0.893,0.919,0.888,0.921,0.882,0.913,0.931,0.897,0.891,0.892,0.919,0.921,0.887,0.889
0.023,0.023,0.023,0.023,0.023,0.022,0.023,0.021,0.025,0.022,0.022,0.022,0.023,0.022,0.023,0.023,0.022,0.022,0.022,0.023,0.022,0.023,0.023,0.023,0.024,0.023,0.022,0.021,0.022,0.022,0.023,0.023,1.0,0.024,0.023,0.022,0.023,0.021,0.022,0.023,0.022,0.023,0.021,0.021,0.021,0.023,0.024,0.024,0.022,0.023
0.894,0.915,0.887,0.892,0.928,0.909,0.906,0.891,0.901,0.877,0.9,0.895,0.928,0.891,0.894,0.902,0.923,0.936,0.936,0.902,0.927,0.944,0.952,0.908,0.912,0.903,0.933,0.893,0.906,0.907,0.897,0.92,0.024,1.0,0.893,0.903,0.904,0.927,0.9,0.93,0.9,0.919,0.933,0.898,0.896,0.883,0.913,0.911,0.895,0.904
0.893,0.92,0.866,0.878,0.897,0.93,0.876,0.877,0.867,0.882,0.917,0.876,0.91,0.878,0.876,0.879,0.914,0.896,0.893,0.874,0.89,0.904,0.883,0.94,0.933,0.921,0.885,0.871,0.874,0.882,0.866,0.88,0.023,0.893,1.0,0.876,0.874,0.88,0.876,0.896,0.86,0.908,0.89,0.867,0.869,0.846,0.891,0.89,0.867,0.875
0.883,0.898,0.888,0.928,0.905,0.895,0.881,0.916,0.892,0.915,0.882,0.923,0.891,0.928,0.928,0.884,0.894,0.9,0.891,0.879,0.897,0.897,0.894,0.879,0.9,0.888,0.892,0.922,0.891,0.906,0.913,0.888,0.022,0.903,0.876,1.0,0.879,0.891,0.937,0.896,0.925,0.901,0.895,0.918,0.925,0.879,0.888,0.887,0.921,0.888
0.879,0.902,0.873,0.878,0.908,0.898,0.996,0.886,0.897,0.865,0.879,0.885,0.885,0.879,0.884,0.987,0.899,0.914,0.91,0.995,0.912,0.898,0.91,0.887,0.899,0.892,0.908,0.89,0.887,0.891,0.89,0.893,0.023,0.904,0.874,0.879,1.0,0.898,0.884,0.898,0.885,0.901,0.899,0.893,0.892,0.875,0.891,0.889,0.89,0.883
0.897,0.912,0.874,0.893,0.935,0.898,0.898,0.897,0.905,0.877,0.906,0.898,0.919,0.893,0.892,0.893,0.91,0.93,0.935,0.899,0.932,0.92,0.93,0.894,0.903,0.901,0.946,0.898,0.899,0.902,0.897,0.919,0.021,0.927,0.88,0.891,0.898,1.0,0.893,0.935,0.895,0.914,0.953,0.903,0.898,0.877,0.917,0.916,0.896,0.892
0.885,0.892,0.89,0.933,0.905,0.898,0.885,0.936,0.895,0.925,0.88,0.936,0.888,0.933,0.932,0.886,0.892,0.907,0.898,0.884,0.896,0.896,0.901,0.881,0.894,0.887,0.891,0.938,0.896,0.905,0.923,0.888,0.022,0.9,0.876,0.937,0.884,0.893,1.0,0.895,0.927,0.907,0.899,0.931,0.937,0.88,0.896,0.895,0.925,0.898
0.894,0.919,0.893,0.894,0.932,0.912,0.899,0.896,0.899,0.885,0.914,0.898,0.932,0.892,0.895,0.901,0.921,0.932,0.935,0.897,0.924,0.929,0.923,0.903,0.908,0.911,0.934,0.895,0.895,0.916,0.895,0.921,0.023,0.93,0.896,0.896,0.898,0.935,0.895,1.0,0.891,0.919,0.934,0.895,0.899,0.872,0.918,0.916,0.893,0.901
0.885,0.891,0.878,0.944,0.903,0.883,0.888,0.936,0.907,0.933,0.87,0.94,0.883,0.95,0.941,0.881,0.887,0.906,0.891,0.887,0.891,0.889,0.9,0.876,0.889,0.885,0.891,0.948,0.896,0.898,0.962,0.882,0.022,0.9,0.86,0.925,0.885,0.895,0.927,0.891,1.0,0.897,0.895,0.946,0.947,0.881,0.889,0.889,0.927,0.897
0.898,0.926,0.884,0.897,0.932,0.922,0.902,0.899,0.904,0.885,0.909,0.903,0.91,0.896,0.898,0.903,0.929,0.925,0.92,0.901,0.913,0.916,0.915,0.918,0.922,0.92,0.914,0.904,0.894,0.91,0.894,0.913,0.023,0.919,0.908,0.901,0.901,0.914,0.907,0.919,0.897,1.0,0.918,0.9,0.902,0.878,0.924,0.921,0.901,0.897
0.889,0.903,0.882,0.889,0.933,0.906,0.902,0.898,0.91,0.876,0.906,0.899,0.916,0.893,0.895,0.897,0.908,0.936,0.937,0.903,0.935,0.927,0.94,0.899,0.901,0.903,0.946,0.894,0.901,0.904,0.898,0.931,0.021,0.933,0.89,0.895,0.899,0.953,0.899,0.934,0.895,0.918,1.0,0.901,0.895,0.889,0.918,0.917,0.9,0.901
0.886,0.902,0.88,0.941,0.9,0.894,0.895,0.967,0.9,0.923,0.873,0.939,0.887,0.945,0.937,0.889,0.896,0.902,0.899,0.896,0.904,0.887,0.905,0.876,0.892,0.894,0.897,0.987,0.906,0.899,0.936,0.897,0.021,0.898,0.867,0.918,0.893,0.903,0.931,0.895,0.946,0.9,0.901,1.0,0.986,0.891,0.894,0.894,0.94,0.907
0.887,0.902,0.884,0.944,0.908,0.898,0.894,0.968,0.895,0.931,0.88,0.946,0.892,0.948,0.942,0.89,0.9,0.903,0.9,0.891,0.899,0.889,0.899,0.878,0.893,0.894,0.896,0.988,0.903,0.9,0.933,0.891,0.021,0.896,0.869,0.925,0.892,0.898,0.937,0.899,0.947,0.902,0.895,0.986,1.0,0.884,0.893,0.893,0.934,0.9
0.876,0.874,0.862,0.879,0.883,0.867,0.877,0.883,0.889,0.874,0.848,0.88,0.858,0.876,0.878,0.876,0.876,0.878,0.885,0.877,0.885,0.869,0.884,0.856,0.87,0.863,0.872,0.884,0.891,0.88,0.886,0.892,0.023,0.883,0.846,0.879,0.875,0.877,0.88,0.872,0.881,0.878,0.889,0.891,0.884,1.0,0.888,0.891,0.886,0.911
0.881,0.919,0.878,0.888,0.92,0.91,0.893,0.886,0.89,0.877,0.893,0.886,0.908,0.881,0.889,0.888,0.921,0.916,0.911,0.895,0.917,0.902,0.915,0.897,0.91,0.913,0.907,0.888,0.891,0.893,0.897,0.919,0.024,0.913,0.891,0.888,0.891,0.917,0.896,0.918,0.889,0.924,0.918,0.894,0.893,0.888,1.0,0.997,0.892,0.908
0.88,0.918,0.877,0.888,0.919,0.909,0.891,0.886,0.888,0.877,0.891,0.885,0.906,0.881,0.889,0.886,0.921,0.914,0.909,0.893,0.915,0.9,0.913,0.895,0.909,0.91,0.905,0.888,0.89,0.893,0.897,0.921,0.024,0.911,0.89,0.887,0.889,0.916,0.895,0.916,0.889,0.921,0.917,0.894,0.893,0.891,0.997,1.0,0.892,0.908
0.883,0.899,0.875,0.921,0.9,0.887,0.893,0.929,0.896,0.913,0.868,0.921,0.878,0.929,0.927,0.889,0.89,0.9,0.896,0.892,0.895,0.883,0.899,0.875,0.895,0.888,0.899,0.931,0.894,0.896,0.927,0.887,0.022,0.895,0.867,0.921,0.89,0.896,0.925,0.893,0.927,0.901,0.9,0.94,0.934,0.886,0.892,0.892,1.0,0.898
0.89,0.892,0.891,0.891,0.901,0.893,0.886,0.896,0.911,0.882,0.872,0.896,0.886,0.891,0.897,0.884,0.895,0.903,0.903,0.887,0.899,0.893,0.905,0.878,0.887,0.885,0.892,0.899,0.947,0.896,0.9,0.889,0.023,0.904,0.875,0.888,0.883,0.892,0.898,0.901,0.897,0.897,0.901,0.907,0.9,0.911,0.908,0.908,0.898,1.0
