GCF_000163235.1_ASM16323v1_genomic.fna,GCF_000164555.1_ASM16455v1_genomic.fna,GCF_000208545.1_ASM20854v2_genomic.fna,GCF_000233875.1_ASM23387v1_genomic.fna,GCF_000249735.1_ASM24973v2_genomic.fna,GCF_000261145.1_Esch_coli_M919_V2_genomic.fna,GCF_000267705.2_ASM26770v2_genomic.fna,GCF_000350665.1_Esch_coli_KTE5_V1_genomic.fna,GCF_000351625.1_Esch_coli_KTE66_V1_genomic.fna,GCF_000352285.1_Esch_coli_KTE46_V1_genomic.fna,GCF_000358895.1_ASM35889v1_genomic.fna,GCF_000456385.1_Esch_coli_HVH_26_4-5703913_V1_genomic.fna,GCF_000458195.1_Esch_coli_HVH_147_4-5893887_V1_genomic.fna,GCF_000459755.1_Esch_coli_KOEGE_58_171a_V1_genomic.fna,GCF_000460055.1_Esch_coli_UMEA_3053-1_V1_genomic.fna,GCF_000462165.2_ASM46216v2_genomic.fna,GCF_000601135.1_ASM60113v1_genomic.fna,GCF_000614595.1_Ec2010EL1058_genomic.fna,GCF_000617745.1_Ec2010C-4529_genomic.fna,GCF_000618265.2_EcF6751_genomic.fna,GCF_000619005.2_Ec2009C-4052_genomic.fna,GCF_000619105.1_Ec2009C-4780_genomic.fna,GCF_000619765.2_Ec2009C-3279_genomic.fna,GCF_000687005.1_ASM68700v1_genomic.fna,GCF_000687025.1_ASM68702v1_genomic.fna,GCF_000700125.1_ASM70012v1_genomic.fna,GCF_000753315.1_FHI35_genomic.fna,GCF_000776375.1_ASM77637v1_genomic.fna,GCF_000779395.1_ASM77939v1_genomic.fna,GCF_000780315.1_ASM78031v1_genomic.fna,GCF_000781995.1_ASM78199v1_genomic.fna,GCF_000986765.1_ASM98676v1_genomic.fna,GCF_001041375.1_ViralProj287958_genomic.fna,GCF_001265335.1_302014_genomic.fna,GCF_001265625.1_100854_genomic.fna,GCF_001267345.1_303289_genomic.fna,GCF_001309985.1_ASM130998v1_genomic.fna,GCF_001521695.1_ASM152169v1_genomic.fna,GCF_001592595.1_ASM159259v1_genomic.fna,GCF_001614975.1_ASM161497v1_genomic.fna,GCF_001692775.1_ASM169277v1_genomic.fna,GCF_001748915.1_ASM174891v1_genomic.fna,GCF_001749235.1_ASM174923v1_genomic.fna,GCF_001881155.1_ASM188115v1_genomic.fna,GCF_001881345.1_ASM188134v1_genomic.fna,GCF_001892405.1_ASM189240v1_genomic.fna,GCF_001892585.1_ASM189258v1_genomic.fna,GCF_001893985.1_ASM189398v1_genomic.fna,GCF_002001595.1_ASM200159v1_genomic.fna,GCF_002002145.1_ASM200214v1_genomic.fna
1.0,0.894,0.887,0.893,0.89,0.897,0.889,0.902,0.911,0.882,0.887,0.903,0.894,0.879,0.89,0.888,0.884,0.896,0.892,0.886,0.876,0.893,0.898,0.901,0.883,0.895,0.894,0.894,0.911,0.906,0.874,0.886,0.029,0.892,0.891,0.893,0.891,0.899,0.887,0.89,0.884,0.888,0.893,0.895,0.903,0.884,0.893,0.893,0.899,0.901
0.894,1.0,0.902,0.884,0.922,0.943,0.903,0.886,0.889,0.867,0.897,0.89,0.911,0.88,0.891,0.906,0.936,0.912,0.92,0.9,0.908,0.918,0.911,0.933,0.948,0.922,0.915,0.885,0.895,0.897,0.885,0.92,0.028,0.926,0.926,0.893,0.903,0.925,0.885,0.915,0.891,0.923,0.915,0.897,0.893,0.891,0.929,0.929,0.898,0.904
0.887,0.902,1.0,0.868,0.891,0.887,0.881,0.878,0.87,0.858,0.877,0.88,0.884,0.866,0.875,0.883,0.894,0.887,0.895,0.879,0.887,0.893,0.888,0.874,0.887,0.879,0.885,0.878,0.878,0.894,0.879,0.898,0.029,0.895,0.87,0.884,0.881,0.893,0.871,0.889,0.878,0.895,0.886,0.884,0.881,0.889,0.894,0.894,0.885,0.888
0.893,0.884,0.868,1.0,0.884,0.881,0.868,0.935,0.891,0.939,0.896,0.938,0.881,0.955,0.953,0.872,0.879,0.89,0.89,0.867,0.875,0.884,0.891,0.898,0.879,0.886,0.894,0.945,0.901,0.872,0.919,0.867,0.024,0.884,0.885,0.912,0.869,0.894,0.929,0.883,0.933,0.875,0.896,0.937,0.941,0.868,0.891,0.891,0.925,0.885
0.89,0.922,0.891,0.884,1.0,0.928,0.905,0.887,0.885,0.865,0.927,0.888,0.92,0.878,0.885,0.908,0.92,0.919,0.931,0.902,0.925,0.922,0.922,0.912,0.914,0.918,0.923,0.886,0.89,0.898,0.884,0.922,0.029,0.933,0.909,0.891,0.905,0.934,0.88,0.927,0.891,0.924,0.927,0.892,0.889,0.886,0.934,0.934,0.886,0.9
0.897,0.943,0.887,0.881,0.928,1.0,0.915,0.892,0.893,0.865,0.903,0.892,0.915,0.88,0.887,0.915,0.931,0.918,0.93,0.912,0.912,0.923,0.922,0.927,0.938,0.924,0.919,0.891,0.892,0.902,0.885,0.921,0.028,0.93,0.931,0.899,0.915,0.933,0.887,0.921,0.89,0.933,0.92,0.898,0.894,0.887,0.937,0.937,0.896,0.91
0.889,0.903,0.881,0.868,0.905,0.915,1.0,0.882,0.892,0.861,0.881,0.879,0.9,0.87,0.881,0.983,0.902,0.902,0.91,0.995,0.91,0.91,0.912,0.891,0.909,0.89,0.899,0.88,0.884,0.901,0.881,0.918,0.025,0.911,0.892,0.893,0.997,0.901,0.879,0.904,0.877,0.907,0.896,0.887,0.882,0.897,0.902,0.902,0.888,0.894
0.902,0.886,0.878,0.935,0.887,0.892,0.882,1.0,0.885,0.922,0.888,0.942,0.887,0.924,0.929,0.882,0.882,0.892,0.889,0.881,0.875,0.888,0.894,0.892,0.871,0.887,0.888,0.972,0.901,0.882,0.918,0.876,0.025,0.89,0.887,0.918,0.882,0.901,0.919,0.888,0.926,0.878,0.894,0.964,0.962,0.879,0.89,0.89,0.92,0.889
0.911,0.889,0.87,0.891,0.885,0.893,0.892,0.885,1.0,0.89,0.89,0.884,0.894,0.89,0.888,0.892,0.882,0.891,0.884,0.891,0.872,0.889,0.896,0.897,0.874,0.892,0.885,0.877,0.899,0.901,0.866,0.876,0.027,0.882,0.891,0.885,0.893,0.888,0.888,0.887,0.875,0.883,0.886,0.871,0.878,0.878,0.889,0.889,0.891,0.897
0.882,0.867,0.858,0.939,0.865,0.865,0.861,0.922,0.89,1.0,0.887,0.924,0.867,0.943,0.93,0.867,0.863,0.878,0.873,0.86,0.859,0.869,0.876,0.881,0.86,0.871,0.873,0.928,0.882,0.868,0.92,0.86,0.023,0.871,0.871,0.908,0.862,0.879,0.919,0.867,0.928,0.863,0.879,0.916,0.923,0.858,0.872,0.872,0.922,0.874
0.887,0.897,0.877,0.896,0.927,0.903,0.881,0.888,0.89,0.887,1.0,0.886,0.933,0.898,0.892,0.885,0.9,0.919,0.916,0.877,0.898,0.92,0.923,0.922,0.889,0.915,0.921,0.89,0.885,0.884,0.868,0.904,0.027,0.915,0.908,0.886,0.881,0.926,0.895,0.929,0.877,0.902,0.933,0.884,0.888,0.855,0.912,0.912,0.885,0.881
0.903,0.89,0.88,0.938,0.888,0.892,0.879,0.942,0.884,0.924,0.886,1.0,0.879,0.939,0.955,0.879,0.883,0.894,0.891,0.878,0.877,0.891,0.898,0.894,0.876,0.887,0.891,0.939,0.901,0.882,0.909,0.879,0.024,0.894,0.888,0.917,0.878,0.899,0.924,0.886,0.928,0.876,0.89,0.935,0.944,0.886,0.89,0.89,0.92,0.891
0.894,0.911,0.884,0.881,0.92,0.915,0.9,0.887,0.894,0.867,0.933,0.879,1.0,0.876,0.886,0.9,0.907,0.93,0.934,0.895,0.919,0.946,0.953,0.923,0.902,0.921,0.943,0.886,0.901,0.902,0.871,0.922,0.028,0.936,0.921,0.88,0.9,0.942,0.888,0.942,0.877,0.91,0.943,0.882,0.882,0.874,0.917,0.917,0.886,0.894
0.879,0.88,0.866,0.955,0.878,0.88,0.87,0.924,0.89,0.943,0.898,0.939,0.876,1.0,0.953,0.871,0.874,0.89,0.881,0.869,0.868,0.882,0.886,0.89,0.869,0.884,0.884,0.935,0.893,0.866,0.912,0.868,0.023,0.881,0.883,0.918,0.87,0.891,0.928,0.878,0.928,0.866,0.889,0.927,0.931,0.862,0.886,0.886,0.925,0.884
0.89,0.891,0.875,0.953,0.885,0.887,0.881,0.929,0.888,0.93,0.892,0.955,0.886,0.953,1.0,0.882,0.879,0.889,0.889,0.881,0.874,0.888,0.893,0.893,0.875,0.888,0.886,0.94,0.899,0.875,0.923,0.873,0.02,0.888,0.89,0.912,0.881,0.9,0.928,0.887,0.937,0.879,0.894,0.931,0.937,0.874,0.89,0.89,0.92,0.894
0.888,0.906,0.883,0.872,0.908,0.915,0.983,0.882,0.892,0.867,0.885,0.879,0.9,0.871,0.882,1.0,0.901,0.9,0.911,0.982,0.906,0.911,0.91,0.888,0.91,0.888,0.895,0.881,0.887,0.901,0.882,0.914,0.024,0.913,0.892,0.898,0.985,0.901,0.881,0.904,0.88,0.907,0.897,0.887,0.882,0.895,0.902,0.902,0.894,0.897
0.884,0.936,0.894,0.879,0.92,0.931,0.902,0.882,0.882,0.863,0.9,0.883,0.907,0.874,0.879,0.901,1.0,0.91,0.92,0.899,0.91,0.912,0.909,0.924,0.933,0.931,0.912,0.882,0.885,0.896,0.884,0.928,0.028,0.923,0.914,0.891,0.9,0.919,0.882,0.913,0.886,0.926,0.912,0.887,0.885,0.884,0.934,0.934,0.892,0.889
0.896,0.912,0.887,0.89,0.919,0.918,0.902,0.892,0.891,0.878,0.919,0.894,0.93,0.89,0.889,0.9,0.91,1.0,0.95,0.898,0.926,0.943,0.944,0.91,0.901,0.917,0.939,0.892,0.894,0.907,0.88,0.916,0.026,0.926,0.904,0.894,0.901,0.931,0.888,0.936,0.889,0.907,0.929,0.894,0.894,0.879,0.923,0.923,0.896,0.901
0.892,0.92,0.895,0.89,0.931,0.93,0.91,0.889,0.884,0.873,0.916,0.891,0.934,0.881,0.889,0.911,0.92,0.95,1.0,0.907,0.936,0.944,0.943,0.914,0.914,0.918,0.935,0.89,0.893,0.912,0.89,0.925,0.028,0.939,0.912,0.894,0.91,0.931,0.883,0.936,0.894,0.926,0.93,0.897,0.894,0.885,0.929,0.929,0.895,0.904
0.886,0.9,0.879,0.867,0.902,0.912,0.995,0.881,0.891,0.86,0.877,0.878,0.895,0.869,0.881,0.982,0.899,0.898,0.907,1.0,0.905,0.907,0.907,0.886,0.905,0.886,0.894,0.879,0.88,0.897,0.879,0.915,0.025,0.908,0.889,0.892,0.995,0.898,0.877,0.9,0.875,0.904,0.891,0.886,0.881,0.899,0.898,0.898,0.885,0.893
0.876,0.908,0.887,0.875,0.925,0.912,0.91,0.875,0.872,0.859,0.898,0.877,0.919,0.868,0.874,0.906,0.91,0.926,0.936,0.905,1.0,0.927,0.932,0.896,0.912,0.905,0.923,0.877,0.873,0.887,0.887,0.928,0.028,0.93,0.899,0.883,0.909,0.916,0.873,0.921,0.879,0.914,0.914,0.885,0.881,0.884,0.911,0.911,0.881,0.881
0.893,0.918,0.893,0.884,0.922,0.923,0.91,0.888,0.889,0.869,0.92,0.891,0.946,0.882,0.888,0.911,0.912,0.943,0.944,0.907,0.927,1.0,0.976,0.91,0.906,0.921,0.94,0.889,0.896,0.907,0.879,0.926,0.027,0.953,0.912,0.886,0.91,0.936,0.887,0.94,0.885,0.913,0.935,0.894,0.889,0.878,0.923,0.923,0.896,0.903
0.898,0.911,0.888,0.891,0.922,0.922,0.912,0.894,0.896,0.876,0.923,0.898,0.953,0.886,0.893,0.91,0.909,0.944,0.943,0.907,0.932,0.976,1.0,0.918,0.904,0.927,0.947,0.894,0.9,0.901,0.879,0.926,0.028,0.95,0.917,0.885,0.91,0.94,0.889,0.94,0.882,0.914,0.937,0.893,0.894,0.875,0.921,0.921,0.897,0.9
0.901,0.933,0.874,0.898,0.912,0.927,0.891,0.892,0.897,0.881,0.922,0.894,0.923,0.89,0.893,0.888,0.924,0.91,0.914,0.886,0.896,0.91,0.918,1.0,0.925,0.928,0.925,0.894,0.901,0.889,0.868,0.898,0.029,0.909,0.95,0.891,0.889,0.922,0.902,0.914,0.881,0.914,0.927,0.888,0.894,0.873,0.918,0.918,0.891,0.894
0.883,0.948,0.887,0.879,0.914,0.938,0.909,0.871,0.874,0.86,0.889,0.876,0.902,0.869,0.875,0.91,0.933,0.901,0.914,0.905,0.912,0.906,0.904,0.925,1.0,0.922,0.905,0.875,0.88,0.889,0.879,0.923,0.03,0.914,0.926,0.886,0.908,0.911,0.876,0.907,0.882,0.925,0.904,0.883,0.88,0.893,0.922,0.922,0.89,0.887
0.895,0.922,0.879,0.886,0.918,0.924,0.89,0.887,0.892,0.871,0.915,0.887,0.921,0.884,0.888,0.888,0.931,0.917,0.918,0.886,0.905,0.921,0.927,0.928,0.922,1.0,0.924,0.889,0.897,0.895,0.872,0.913,0.028,0.915,0.921,0.893,0.888,0.925,0.89,0.926,0.883,0.922,0.917,0.892,0.89,0.872,0.93,0.93,0.895,0.893
0.894,0.915,0.885,0.894,0.923,0.919,0.899,0.888,0.885,0.873,0.921,0.891,0.943,0.884,0.886,0.895,0.912,0.939,0.935,0.894,0.923,0.94,0.947,0.925,0.905,0.924,1.0,0.891,0.892,0.895,0.879,0.916,0.027,0.924,0.921,0.885,0.898,0.953,0.888,0.934,0.89,0.91,0.954,0.892,0.892,0.871,0.919,0.919,0.896,0.888
0.894,0.885,0.878,0.945,0.886,0.891,0.88,0.972,0.877,0.928,0.89,0.939,0.886,0.935,0.94,0.881,0.882,0.892,0.89,0.879,0.877,0.889,0.894,0.894,0.875,0.889,0.891,1.0,0.899,0.878,0.921,0.876,0.023,0.889,0.891,0.919,0.88,0.907,0.926,0.888,0.935,0.883,0.899,0.984,0.982,0.876,0.889,0.889,0.927,0.89
0.911,0.895,0.878,0.901,0.89,0.892,0.884,0.901,0.899,0.882,0.885,0.901,0.901,0.893,0.899,0.887,0.885,0.894,0.893,0.88,0.873,0.896,0.9,0.901,0.88,0.897,0.892,0.899,1.0,0.895,0.882,0.883,0.028,0.892,0.899,0.889,0.882,0.903,0.898,0.894,0.894,0.889,0.904,0.894,0.898,0.888,0.895,0.895,0.905,0.937
0.906,0.897,0.894,0.872,0.898,0.902,0.901,0.882,0.901,0.868,0.884,0.882,0.902,0.866,0.875,0.901,0.896,0.907,0.912,0.897,0.887,0.907,0.901,0.889,0.889,0.895,0.895,0.878,0.895,1.0,0.882,0.894,0.025,0.902,0.887,0.892,0.9,0.895,0.883,0.908,0.892,0.898,0.892,0.885,0.881,0.884,0.905,0.905,0.893,0.9
0.874,0.885,0.879,0.919,0.884,0.885,0.881,0.918,0.866,0.92,0.868,0.909,0.871,0.912,0.923,0.882,0.884,0.88,0.89,0.879,0.887,0.879,0.879,0.868,0.879,0.872,0.879,0.921,0.882,0.882,1.0,0.88,0.023,0.889,0.869,0.905,0.881,0.882,0.902,0.879,0.961,0.883,0.872,0.921,0.921,0.871,0.881,0.881,0.915,0.879
0.886,0.92,0.898,0.867,0.922,0.921,0.918,0.876,0.876,0.86,0.904,0.879,0.922,0.868,0.873,0.914,0.928,0.916,0.925,0.915,0.928,0.926,0.926,0.898,0.923,0.913,0.916,0.876,0.883,0.894,0.88,1.0,0.028,0.932,0.901,0.89,0.917,0.926,0.881,0.922,0.88,0.923,0.919,0.881,0.881,0.895,0.925,0.925,0.878,0.884
0.029,0.028,0.029,0.024,0.029,0.028,0.025,0.025,0.027,0.023,0.027,0.024,0.028,0.023,0.02,0.024,0.028,0.026,0.028,0.025,0.028,0.027,0.028,0.029,0.03,0.028,0.027,0.023,0.028,0.025,0.023,0.028,1.0,0.029,0.03,0.025,0.025,0.029,0.025,0.028,0.023,0.026,0.03,0.023,0.023,0.026,0.028,0.028,0.024,0.022
0.892,0.926,0.895,0.884,0.933,0.93,0.911,0.89,0.882,0.871,0.915,0.894,0.936,0.881,0.888,0.913,0.923,0.926,0.939,0.908,0.93,0.953,0.95,0.909,0.914,0.915,0.924,0.889,0.892,0.902,0.889,0.932,0.029,1.0,0.91,0.899,0.911,0.932,0.889,0.933,0.888,0.918,0.928,0.896,0.893,0.887,0.928,0.928,0.892,0.898
0.891,0.926,0.87,0.885,0.909,0.931,0.892,0.887,0.891,0.871,0.908,0.888,0.921,0.883,0.89,0.892,0.914,0.904,0.912,0.889,0.899,0.912,0.917,0.95,0.926,0.921,0.921,0.891,0.899,0.887,0.869,0.901,0.03,0.91,1.0,0.883,0.891,0.923,0.89,0.915,0.879,0.913,0.926,0.884,0.889,0.865,0.916,0.916,0.886,0.89
0.893,0.893,0.884,0.912,0.891,0.899,0.893,0.918,0.885,0.908,0.886,0.917,0.88,0.918,0.912,0.898,0.891,0.894,0.894,0.892,0.883,0.886,0.885,0.891,0.886,0.893,0.885,0.919,0.889,0.892,0.905,0.89,0.025,0.899,0.883,1.0,0.893,0.894,0.918,0.889,0.92,0.888,0.888,0.923,0.92,0.88,0.899,0.899,0.911,0.894
0.891,0.903,0.881,0.869,0.905,0.915,0.997,0.882,0.893,0.862,0.881,0.878,0.9,0.87,0.881,0.985,0.9,0.901,0.91,0.995,0.909,0.91,0.91,0.889,0.908,0.888,0.898,0.88,0.882,0.9,0.881,0.917,0.025,0.911,0.891,0.893,1.0,0.901,0.877,0.904,0.877,0.908,0.896,0.887,0.882,0.896,0.901,0.901,0.888,0.895
0.899,0.925,0.893,0.894,0.934,0.933,0.901,0.901,0.888,0.879,0.926,0.899,0.942,0.891,0.9,0.901,0.919,0.931,0.931,0.898,0.916,0.936,0.94,0.922,0.911,0.925,0.953,0.907,0.903,0.895,0.882,0.926,0.029,0.932,0.923,0.894,0.901,1.0,0.898,0.937,0.89,0.921,0.96,0.906,0.905,0.877,0.931,0.931,0.897,0.904
0.887,0.885,0.871,0.929,0.88,0.887,0.879,0.919,0.888,0.919,0.895,0.924,0.888,0.928,0.928,0.881,0.882,0.888,0.883,0.877,0.873,0.887,0.889,0.902,0.876,0.89,0.888,0.926,0.898,0.883,0.902,0.881,0.025,0.889,0.89,0.918,0.877,0.898,1.0,0.889,0.912,0.876,0.897,0.918,0.924,0.875,0.891,0.891,0.925,0.885
0.89,0.915,0.889,0.883,0.927,0.921,0.904,0.888,0.887,0.867,0.929,0.886,0.942,0.878,0.887,0.904,0.913,0.936,0.936,0.9,0.921,0.94,0.94,0.914,0.907,0.926,0.934,0.888,0.894,0.908,0.879,0.922,0.028,0.933,0.915,0.889,0.904,0.937,0.889,1.0,0.886,0.914,0.934,0.893,0.889,0.873,0.935,0.935,0.891,0.9
0.884,0.891,0.878,0.933,0.891,0.89,0.877,0.926,0.875,0.928,0.877,0.928,0.877,0.928,0.937,0.88,0.886,0.889,0.894,0.875,0.879,0.885,0.882,0.881,0.882,0.883,0.89,0.935,0.894,0.892,0.961,0.88,0.023,0.888,0.879,0.92,0.877,0.89,0.912,0.886,1.0,0.881,0.88,0.937,0.932,0.874,0.891,0.891,0.927,0.892
0.888,0.923,0.895,0.875,0.924,0.933,0.907,0.878,0.883,0.863,0.902,0.876,0.91,0.866,0.879,0.907,0.926,0.907,0.926,0.904,0.914,0.913,0.914,0.914,0.925,0.922,0.91,0.883,0.889,0.898,0.883,0.923,0.026,0.918,0.913,0.888,0.908,0.921,0.876,0.914,0.881,1.0,0.917,0.89,0.882,0.894,0.928,0.928,0.888,0.896
0.893,0.915,0.886,0.896,0.927,0.92,0.896,0.894,0.886,0.879,0.933,0.89,0.943,0.889,0.894,0.897,0.912,0.929,0.93,0.891,0.914,0.935,0.937,0.927,0.904,0.917,0.954,0.899,0.904,0.892,0.872,0.919,0.03,0.928,0.926,0.888,0.896,0.96,0.897,0.934,0.88,0.917,1.0,0.893,0.896,0.867,0.923,0.923,0.893,0.893
0.895,0.897,0.884,0.937,0.892,0.898,0.887,0.964,0.871,0.916,0.884,0.935,0.882,0.927,0.931,0.887,0.887,0.894,0.897,0.886,0.885,0.894,0.893,0.888,0.883,0.892,0.892,0.984,0.894,0.885,0.921,0.881,0.023,0.896,0.884,0.923,0.887,0.906,0.918,0.893,0.937,0.89,0.893,1.0,0.981,0.883,0.896,0.896,0.928,0.896
0.903,0.893,0.881,0.941,0.889,0.894,0.882,0.962,0.878,0.923,0.888,0.944,0.882,0.931,0.937,0.882,0.885,0.894,0.894,0.881,0.881,0.889,0.894,0.894,0.88,0.89,0.892,0.982,0.898,0.881,0.921,0.881,0.023,0.893,0.889,0.92,0.882,0.905,0.924,0.889,0.932,0.882,0.896,0.981,1.0,0.879,0.893,0.893,0.931,0.894
0.884,0.891,0.889,0.868,0.886,0.887,0.897,0.879,0.878,0.858,0.855,0.886,0.874,0.862,0.874,0.895,0.884,0.879,0.885,0.899,0.884,0.878,0.875,0.873,0.893,0.872,0.871,0.876,0.888,0.884,0.871,0.895,0.026,0.887,0.865,0.88,0.896,0.877,0.875,0.873,0.874,0.894,0.867,0.883,0.879,1.0,0.891,0.891,0.881,0.907
0.893,0.929,0.894,0.891,0.934,0.937,0.902,0.89,0.889,0.872,0.912,0.89,0.917,0.886,0.89,0.902,0.934,0.923,0.929,0.898,0.911,0.923,0.921,0.918,0.922,0.93,0.919,0.889,0.895,0.905,0.881,0.925,0.028,0.928,0.916,0.899,0.901,0.931,0.891,0.935,0.891,0.928,0.923,0.896,0.893,0.891,1.0,1.0,0.898,0.907
0.893,0.929,0.894,0.891,0.934,0.937,0.902,0.89,0.889,0.872,0.912,0.89,0.917,0.886,0.89,0.902,0.934,0.923,0.929,0.898,0.911,0.923,0.921,0.918,0.922,0.93,0.919,0.889,0.895,0.905,0.881,0.925,0.028,0.928,0.916,0.899,0.901,0.931,0.891,0.935,0.891,0.928,0.923,0.896,0.893,0.891,1.0,1.0,0.898,0.907
0.899,0.898,0.885,0.925,0.886,0.896,0.888,0.92,0.891,0.922,0.885,0.92,0.886,0.925,0.92,0.894,0.892,0.896,0.895,0.885,0.881,0.896,0.897,0.891,0.89,0.895,0.896,0.927,0.905,0.893,0.915,0.878,0.024,0.892,0.886,0.911,0.888,0.897,0.925,0.891,0.927,0.888,0.893,0.928,0.931,0.881,0.898,0.898,1.0,0.902
0.901,0.904,0.888,0.885,0.9,0.91,0.894,0.889,0.897,0.874,0.881,0.891,0.894,0.884,0.894,0.897,0.889,0.901,0.904,0.893,0.881,0.903,0.9,0.894,0.887,0.893,0.888,0.89,0.937,0.9,0.879,0.884,0.022,0.898,0.89,0.894,0.895,0.904,0.885,0.9,0.892,0.896,0.893,0.896,0.894,0.907,0.907,0.907,0.902,1.0
