GCF_000163235.1_ASM16323v1_genomic.fna,GCF_000164555.1_ASM16455v1_genomic.fna,GCF_000208545.1_ASM20854v2_genomic.fna,GCF_000233875.1_ASM23387v1_genomic.fna,GCF_000249735.1_ASM24973v2_genomic.fna,GCF_000261145.1_Esch_coli_M919_V2_genomic.fna,GCF_000267705.2_ASM26770v2_genomic.fna,GCF_000350665.1_Esch_coli_KTE5_V1_genomic.fna,GCF_000351625.1_Esch_coli_KTE66_V1_genomic.fna,GCF_000352285.1_Esch_coli_KTE46_V1_genomic.fna,GCF_000358895.1_ASM35889v1_genomic.fna,GCF_000456385.1_Esch_coli_HVH_26_4-5703913_V1_genomic.fna,GCF_000458195.1_Esch_coli_HVH_147_4-5893887_V1_genomic.fna,GCF_000459755.1_Esch_coli_KOEGE_58_171a_V1_genomic.fna,GCF_000460055.1_Esch_coli_UMEA_3053-1_V1_genomic.fna,GCF_000462165.2_ASM46216v2_genomic.fna,GCF_000601135.1_ASM60113v1_genomic.fna,GCF_000614595.1_Ec2010EL1058_genomic.fna,GCF_000617745.1_Ec2010C-4529_genomic.fna,GCF_000618265.2_EcF6751_genomic.fna,GCF_000619005.2_Ec2009C-4052_genomic.fna,GCF_000619105.1_Ec2009C-4780_genomic.fna,GCF_000619765.2_Ec2009C-3279_genomic.fna,GCF_000687005.1_ASM68700v1_genomic.fna,GCF_000687025.1_ASM68702v1_genomic.fna,GCF_000700125.1_ASM70012v1_genomic.fna,GCF_000753315.1_FHI35_genomic.fna,GCF_000776375.1_ASM77637v1_genomic.fna,GCF_000779395.1_ASM77939v1_genomic.fna,GCF_000780315.1_ASM78031v1_genomic.fna,GCF_000781995.1_ASM78199v1_genomic.fna,GCF_000986765.1_ASM98676v1_genomic.fna,GCF_001041375.1_ViralProj287958_genomic.fna,GCF_001265335.1_302014_genomic.fna,GCF_001265625.1_100854_genomic.fna,GCF_001267345.1_303289_genomic.fna,GCF_001309985.1_ASM130998v1_genomic.fna,GCF_001521695.1_ASM152169v1_genomic.fna,GCF_001592595.1_ASM159259v1_genomic.fna,GCF_001614975.1_ASM161497v1_genomic.fna,GCF_001692775.1_ASM169277v1_genomic.fna,GCF_001748915.1_ASM174891v1_genomic.fna,GCF_001749235.1_ASM174923v1_genomic.fna,GCF_001881155.1_ASM188115v1_genomic.fna,GCF_001881345.1_ASM188134v1_genomic.fna,GCF_001892405.1_ASM189240v1_genomic.fna,GCF_001892585.1_ASM189258v1_genomic.fna,GCF_001893985.1_ASM189398v1_genomic.fna,GCF_002001595.1_ASM200159v1_genomic.fna,GCF_002002145.1_ASM200214v1_genomic.fna
1.0,0.482,0.416,0.422,0.47,0.466,0.467,0.442,0.57,0.44,0.476,0.429,0.479,0.423,0.421,0.481,0.455,0.471,0.467,0.466,0.445,0.461,0.46,0.477,0.47,0.468,0.48,0.425,0.524,0.571,0.415,0.452,0.0,0.451,0.45,0.425,0.467,0.48,0.408,0.476,0.42,0.457,0.461,0.426,0.435,0.459,0.452,0.452,0.414,0.51
0.482,1.0,0.388,0.407,0.643,0.779,0.509,0.408,0.455,0.416,0.608,0.427,0.611,0.4,0.408,0.51,0.69,0.6,0.619,0.508,0.598,0.606,0.61,0.79,0.808,0.713,0.609,0.396,0.459,0.468,0.404,0.612,0.0,0.604,0.758,0.397,0.507,0.644,0.405,0.611,0.411,0.682,0.623,0.412,0.416,0.402,0.675,0.676,0.412,0.453
0.416,0.388,1.0,0.344,0.37,0.372,0.357,0.354,0.395,0.346,0.356,0.342,0.366,0.339,0.343,0.356,0.367,0.364,0.362,0.357,0.349,0.357,0.361,0.364,0.374,0.375,0.37,0.348,0.414,0.397,0.347,0.358,0.0,0.364,0.345,0.348,0.357,0.372,0.35,0.357,0.356,0.364,0.373,0.358,0.356,0.365,0.376,0.376,0.352,0.407
0.422,0.407,0.344,1.0,0.385,0.395,0.372,0.718,0.417,0.722,0.396,0.719,0.401,0.766,0.768,0.383,0.38,0.397,0.384,0.372,0.375,0.404,0.4,0.395,0.4,0.395,0.399,0.752,0.446,0.407,0.72,0.385,0.0,0.385,0.382,0.638,0.372,0.39,0.662,0.388,0.73,0.379,0.382,0.743,0.729,0.426,0.376,0.377,0.648,0.451
0.47,0.643,0.37,0.385,1.0,0.643,0.525,0.403,0.464,0.397,0.76,0.409,0.691,0.376,0.396,0.527,0.623,0.644,0.673,0.525,0.682,0.668,0.67,0.631,0.645,0.629,0.679,0.391,0.449,0.471,0.387,0.675,0.0,0.666,0.609,0.386,0.525,0.699,0.397,0.697,0.401,0.633,0.695,0.394,0.398,0.41,0.651,0.652,0.379,0.442
0.466,0.779,0.372,0.395,0.643,1.0,0.532,0.402,0.456,0.401,0.626,0.39,0.627,0.392,0.393,0.536,0.703,0.626,0.631,0.533,0.61,0.631,0.64,0.801,0.828,0.718,0.622,0.389,0.466,0.465,0.393,0.611,0.0,0.631,0.785,0.398,0.532,0.645,0.421,0.631,0.398,0.708,0.629,0.394,0.392,0.396,0.714,0.716,0.386,0.453
0.467,0.509,0.357,0.372,0.525,0.532,1.0,0.382,0.463,0.378,0.516,0.378,0.51,0.376,0.373,0.946,0.508,0.553,0.547,0.99,0.551,0.531,0.547,0.522,0.526,0.522,0.517,0.365,0.436,0.447,0.372,0.501,0.0,0.519,0.503,0.39,0.987,0.511,0.39,0.515,0.374,0.521,0.513,0.378,0.382,0.386,0.503,0.504,0.366,0.43
0.442,0.408,0.354,0.718,0.403,0.402,0.382,1.0,0.415,0.702,0.4,0.7,0.405,0.714,0.702,0.387,0.386,0.397,0.389,0.381,0.383,0.402,0.403,0.411,0.397,0.393,0.402,0.904,0.462,0.421,0.715,0.393,0.0,0.39,0.377,0.62,0.382,0.412,0.66,0.393,0.716,0.381,0.388,0.907,0.881,0.432,0.375,0.374,0.643,0.454
0.57,0.455,0.395,0.417,0.464,0.456,0.463,0.415,1.0,0.42,0.46,0.409,0.47,0.412,0.421,0.465,0.441,0.473,0.474,0.462,0.456,0.472,0.476,0.456,0.45,0.46,0.476,0.404,0.502,0.596,0.411,0.451,0.0,0.463,0.43,0.413,0.463,0.477,0.409,0.462,0.412,0.455,0.474,0.409,0.411,0.451,0.445,0.446,0.397,0.505
0.44,0.416,0.346,0.722,0.397,0.401,0.378,0.702,0.42,1.0,0.425,0.688,0.425,0.733,0.708,0.39,0.383,0.403,0.383,0.378,0.381,0.407,0.395,0.401,0.396,0.404,0.41,0.721,0.451,0.419,0.739,0.385,0.0,0.388,0.397,0.636,0.378,0.399,0.674,0.411,0.733,0.387,0.393,0.707,0.71,0.424,0.38,0.381,0.664,0.435
0.476,0.608,0.356,0.396,0.76,0.626,0.516,0.4,0.46,0.425,1.0,0.383,0.742,0.402,0.394,0.536,0.623,0.674,0.68,0.516,0.657,0.71,0.681,0.651,0.629,0.651,0.705,0.407,0.442,0.472,0.389,0.651,0.0,0.662,0.667,0.399,0.518,0.682,0.396,0.748,0.39,0.622,0.685,0.395,0.393,0.391,0.612,0.615,0.4,0.436
0.429,0.427,0.342,0.719,0.409,0.39,0.378,0.7,0.409,0.688,0.383,1.0,0.384,0.702,0.841,0.381,0.383,0.381,0.378,0.376,0.383,0.392,0.398,0.391,0.397,0.391,0.386,0.704,0.462,0.402,0.683,0.389,0.0,0.392,0.368,0.598,0.377,0.401,0.659,0.372,0.704,0.378,0.395,0.718,0.725,0.43,0.389,0.388,0.622,0.45
0.479,0.611,0.366,0.401,0.691,0.627,0.51,0.405,0.47,0.425,0.742,0.384,1.0,0.402,0.397,0.528,0.612,0.701,0.727,0.509,0.729,0.801,0.775,0.656,0.625,0.637,0.752,0.406,0.453,0.472,0.39,0.695,0.0,0.755,0.64,0.396,0.513,0.725,0.4,0.785,0.389,0.612,0.725,0.394,0.39,0.393,0.633,0.636,0.398,0.443
0.423,0.4,0.339,0.766,0.376,0.392,0.376,0.714,0.412,0.733,0.402,0.702,0.402,1.0,0.755,0.389,0.376,0.393,0.38,0.375,0.368,0.404,0.391,0.394,0.392,0.393,0.402,0.758,0.44,0.404,0.715,0.375,0.0,0.38,0.379,0.628,0.376,0.384,0.67,0.387,0.725,0.373,0.376,0.735,0.725,0.413,0.375,0.376,0.671,0.438
0.421,0.408,0.343,0.768,0.396,0.393,0.373,0.702,0.421,0.708,0.394,0.841,0.397,0.755,1.0,0.377,0.385,0.394,0.384,0.373,0.377,0.399,0.406,0.388,0.394,0.389,0.399,0.717,0.455,0.405,0.731,0.385,0.0,0.396,0.372,0.613,0.375,0.398,0.669,0.385,0.741,0.381,0.389,0.721,0.714,0.424,0.395,0.395,0.645,0.463
0.481,0.51,0.356,0.383,0.527,0.536,0.946,0.387,0.465,0.39,0.536,0.381,0.528,0.389,0.377,1.0,0.52,0.552,0.544,0.948,0.535,0.549,0.543,0.535,0.533,0.534,0.53,0.374,0.436,0.46,0.372,0.49,0.0,0.519,0.515,0.399,0.949,0.51,0.391,0.531,0.374,0.528,0.511,0.379,0.38,0.386,0.509,0.51,0.382,0.429
0.455,0.69,0.367,0.38,0.623,0.703,0.508,0.386,0.441,0.383,0.623,0.383,0.612,0.376,0.385,0.52,1.0,0.614,0.616,0.505,0.593,0.62,0.614,0.728,0.73,0.753,0.613,0.376,0.45,0.454,0.368,0.623,0.0,0.611,0.689,0.388,0.508,0.605,0.388,0.616,0.372,0.677,0.615,0.386,0.389,0.372,0.684,0.686,0.37,0.424
0.471,0.6,0.364,0.397,0.644,0.626,0.553,0.397,0.473,0.403,0.674,0.381,0.701,0.393,0.394,0.552,0.614,1.0,0.759,0.551,0.718,0.74,0.742,0.626,0.619,0.614,0.707,0.388,0.45,0.473,0.393,0.668,0.0,0.704,0.593,0.417,0.554,0.67,0.403,0.709,0.389,0.612,0.678,0.394,0.392,0.393,0.611,0.614,0.378,0.442
0.467,0.619,0.362,0.384,0.673,0.631,0.547,0.389,0.474,0.383,0.68,0.378,0.727,0.38,0.384,0.544,0.616,0.759,1.0,0.548,0.737,0.739,0.746,0.625,0.623,0.614,0.713,0.379,0.448,0.471,0.385,0.7,0.0,0.718,0.607,0.395,0.549,0.7,0.402,0.719,0.382,0.631,0.702,0.384,0.384,0.4,0.615,0.618,0.372,0.442
0.466,0.508,0.357,0.372,0.525,0.533,0.99,0.381,0.462,0.378,0.516,0.376,0.509,0.375,0.373,0.948,0.505,0.551,0.548,1.0,0.55,0.531,0.546,0.52,0.526,0.521,0.518,0.364,0.435,0.448,0.372,0.499,0.0,0.517,0.5,0.387,0.99,0.511,0.387,0.514,0.374,0.522,0.512,0.375,0.379,0.386,0.503,0.504,0.365,0.428
0.445,0.598,0.349,0.375,0.682,0.61,0.551,0.383,0.456,0.381,0.657,0.383,0.729,0.368,0.377,0.535,0.593,0.718,0.737,0.55,1.0,0.733,0.751,0.604,0.61,0.612,0.712,0.374,0.433,0.452,0.376,0.701,0.0,0.716,0.582,0.387,0.549,0.702,0.384,0.718,0.383,0.592,0.707,0.382,0.386,0.392,0.611,0.614,0.361,0.423
0.461,0.606,0.357,0.404,0.668,0.631,0.531,0.402,0.472,0.407,0.71,0.392,0.801,0.404,0.399,0.549,0.62,0.74,0.739,0.531,0.733,1.0,0.919,0.65,0.628,0.635,0.758,0.403,0.443,0.473,0.388,0.704,0.0,0.869,0.631,0.405,0.532,0.723,0.4,0.768,0.388,0.607,0.732,0.396,0.392,0.396,0.619,0.622,0.399,0.444
0.46,0.61,0.361,0.4,0.67,0.64,0.547,0.403,0.476,0.395,0.681,0.398,0.775,0.391,0.406,0.543,0.614,0.742,0.746,0.546,0.751,0.919,1.0,0.632,0.632,0.619,0.761,0.393,0.451,0.468,0.392,0.715,0.0,0.862,0.606,0.401,0.546,0.725,0.41,0.739,0.395,0.608,0.73,0.402,0.401,0.397,0.617,0.62,0.387,0.444
0.477,0.79,0.364,0.395,0.631,0.801,0.522,0.411,0.456,0.401,0.651,0.391,0.656,0.394,0.388,0.535,0.728,0.626,0.625,0.52,0.604,0.65,0.632,1.0,0.825,0.759,0.637,0.393,0.449,0.472,0.382,0.605,0.0,0.621,0.823,0.402,0.521,0.628,0.389,0.657,0.388,0.697,0.621,0.392,0.394,0.386,0.681,0.684,0.396,0.435
0.47,0.808,0.374,0.4,0.645,0.828,0.526,0.397,0.45,0.396,0.629,0.397,0.625,0.392,0.394,0.533,0.73,0.619,0.623,0.526,0.61,0.628,0.632,0.825,1.0,0.767,0.622,0.392,0.459,0.469,0.388,0.621,0.0,0.613,0.804,0.394,0.528,0.625,0.4,0.633,0.395,0.7,0.627,0.408,0.405,0.382,0.693,0.694,0.409,0.437
0.468,0.713,0.375,0.395,0.629,0.718,0.522,0.393,0.46,0.404,0.651,0.391,0.637,0.393,0.389,0.534,0.753,0.614,0.614,0.521,0.612,0.635,0.619,0.759,0.767,1.0,0.62,0.39,0.448,0.471,0.387,0.599,0.0,0.603,0.721,0.407,0.523,0.617,0.391,0.65,0.389,0.703,0.611,0.402,0.393,0.39,0.685,0.688,0.411,0.437
0.48,0.609,0.37,0.399,0.679,0.622,0.517,0.402,0.476,0.41,0.705,0.386,0.752,0.402,0.399,0.53,0.613,0.707,0.713,0.518,0.712,0.758,0.761,0.637,0.622,0.62,1.0,0.395,0.452,0.473,0.394,0.711,0.0,0.724,0.605,0.395,0.519,0.811,0.392,0.767,0.394,0.607,0.814,0.395,0.394,0.4,0.612,0.615,0.392,0.446
0.425,0.396,0.348,0.752,0.391,0.389,0.365,0.904,0.404,0.721,0.407,0.704,0.406,0.758,0.717,0.374,0.376,0.388,0.379,0.364,0.374,0.403,0.393,0.393,0.392,0.39,0.395,1.0,0.448,0.406,0.715,0.386,0.0,0.382,0.379,0.631,0.366,0.397,0.663,0.393,0.731,0.37,0.378,0.955,0.925,0.423,0.373,0.374,0.666,0.433
0.524,0.459,0.414,0.446,0.449,0.466,0.436,0.462,0.502,0.451,0.442,0.462,0.453,0.44,0.455,0.436,0.45,0.45,0.448,0.435,0.433,0.443,0.451,0.449,0.459,0.448,0.452,0.448,1.0,0.504,0.441,0.443,0.0,0.452,0.432,0.433,0.436,0.459,0.445,0.437,0.445,0.449,0.45,0.454,0.457,0.571,0.445,0.447,0.429,0.836
0.571,0.468,0.397,0.407,0.471,0.465,0.447,0.421,0.596,0.419,0.472,0.402,0.472,0.404,0.405,0.46,0.454,0.473,0.471,0.448,0.452,0.473,0.468,0.472,0.469,0.471,0.473,0.406,0.504,1.0,0.407,0.45,0.0,0.459,0.45,0.408,0.448,0.465,0.399,0.477,0.409,0.465,0.465,0.406,0.403,0.462,0.467,0.47,0.404,0.513
0.415,0.404,0.347,0.72,0.387,0.393,0.372,0.715,0.411,0.739,0.389,0.683,0.39,0.715,0.731,0.372,0.368,0.393,0.385,0.372,0.376,0.388,0.392,0.382,0.388,0.387,0.394,0.715,0.441,0.407,1.0,0.386,0.0,0.39,0.365,0.614,0.374,0.391,0.657,0.386,0.904,0.382,0.387,0.721,0.715,0.414,0.371,0.372,0.641,0.44
0.452,0.612,0.358,0.385,0.675,0.611,0.501,0.393,0.451,0.385,0.651,0.389,0.695,0.375,0.385,0.49,0.623,0.668,0.7,0.499,0.701,0.704,0.715,0.605,0.621,0.599,0.711,0.386,0.443,0.45,0.386,1.0,0.0,0.691,0.574,0.378,0.501,0.73,0.402,0.716,0.391,0.604,0.72,0.391,0.397,0.38,0.623,0.624,0.37,0.428
0.0,0.0,0.0,0.0,0.0,0.0,0.0,0.0,0.0,0.0,0.0,0.0,0.0,0.0,0.0,0.0,0.0,0.0,0.0,0.0,0.0,0.0,0.0,0.0,0.0,0.0,0.0,0.0,0.0,0.0,0.0,0.0,1.0,0.0,0.0,0.0,0.0,0.0,0.0,0.0,0.0,0.0,0.0,0.0,0.0,0.0,0.0,0.0,0.0,0.0
0.451,0.604,0.364,0.385,0.666,0.631,0.519,0.39,0.463,0.388,0.662,0.392,0.755,0.38,0.396,0.519,0.611,0.704,0.718,0.517,0.716,0.869,0.862,0.621,0.613,0.603,0.724,0.382,0.452,0.459,0.39,0.691,0.0,1.0,0.599,0.409,0.52,0.714,0.415,0.719,0.391,0.605,0.73,0.388,0.391,0.392,0.608,0.61,0.379,0.439
0.45,0.758,0.345,0.382,0.609,0.785,0.503,0.377,0.43,0.397,0.667,0.368,0.64,0.379,0.372,0.515,0.689,0.593,0.607,0.5,0.582,0.631,0.606,0.823,0.804,0.721,0.605,0.379,0.432,0.45,0.365,0.574,0.0,0.599,1.0,0.389,0.502,0.594,0.378,0.639,0.368,0.673,0.592,0.371,0.368,0.36,0.66,0.661,0.378,0.405
0.425,0.397,0.348,0.638,0.386,0.398,0.39,0.62,0.413,0.636,0.399,0.598,0.396,0.628,0.613,0.399,0.388,0.417,0.395,0.387,0.387,0.405,0.401,0.402,0.394,0.407,0.395,0.631,0.433,0.408,0.614,0.378,0.0,0.409,0.389,1.0,0.388,0.38,0.621,0.402,0.615,0.381,0.374,0.622,0.615,0.406,0.37,0.371,0.591,0.432
0.467,0.507,0.357,0.372,0.525,0.532,0.987,0.382,0.463,0.378,0.518,0.377,0.513,0.376,0.375,0.949,0.508,0.554,0.549,0.99,0.549,0.532,0.546,0.521,0.528,0.523,0.519,0.366,0.436,0.448,0.374,0.501,0.0,0.52,0.502,0.388,1.0,0.511,0.392,0.519,0.374,0.525,0.513,0.376,0.379,0.386,0.506,0.507,0.367,0.43
0.48,0.644,0.372,0.39,0.699,0.645,0.511,0.412,0.477,0.399,0.682,0.401,0.725,0.384,0.398,0.51,0.605,0.67,0.7,0.511,0.702,0.723,0.725,0.628,0.625,0.617,0.811,0.397,0.459,0.465,0.391,0.73,0.0,0.714,0.594,0.38,0.511,1.0,0.41,0.742,0.399,0.627,0.849,0.404,0.4,0.408,0.643,0.644,0.388,0.452
0.408,0.405,0.35,0.662,0.397,0.421,0.39,0.66,0.409,0.674,0.396,0.659,0.4,0.67,0.669,0.391,0.388,0.403,0.402,0.387,0.384,0.4,0.41,0.389,0.4,0.391,0.392,0.663,0.445,0.399,0.657,0.402,0.0,0.415,0.378,0.621,0.392,0.41,1.0,0.39,0.661,0.395,0.396,0.672,0.67,0.421,0.389,0.39,0.615,0.438
0.476,0.611,0.357,0.388,0.697,0.631,0.515,0.393,0.462,0.411,0.748,0.372,0.785,0.387,0.385,0.531,0.616,0.709,0.719,0.514,0.718,0.768,0.739,0.657,0.633,0.65,0.767,0.393,0.437,0.477,0.386,0.716,0.0,0.719,0.639,0.402,0.519,0.742,0.39,1.0,0.384,0.617,0.748,0.382,0.38,0.396,0.639,0.641,0.387,0.435
0.42,0.411,0.356,0.73,0.401,0.398,0.374,0.716,0.412,0.733,0.39,0.704,0.389,0.725,0.741,0.374,0.372,0.389,0.382,0.374,0.383,0.388,0.395,0.388,0.395,0.389,0.394,0.731,0.445,0.409,0.904,0.391,0.0,0.391,0.368,0.615,0.374,0.399,0.661,0.384,1.0,0.386,0.39,0.736,0.738,0.418,0.377,0.378,0.642,0.442
0.457,0.682,0.364,0.379,0.633,0.708,0.521,0.381,0.455,0.387,0.622,0.378,0.612,0.373,0.381,0.528,0.677,0.612,0.631,0.522,0.592,0.607,0.608,0.697,0.7,0.703,0.607,0.37,0.449,0.465,0.382,0.604,0.0,0.605,0.673,0.381,0.525,0.627,0.395,0.617,0.386,1.0,0.648,0.374,0.373,0.382,0.72,0.721,0.371,0.432
0.461,0.623,0.373,0.382,0.695,0.629,0.513,0.388,0.474,0.393,0.685,0.395,0.725,0.376,0.389,0.511,0.615,0.678,0.702,0.512,0.707,0.732,0.73,0.621,0.627,0.611,0.814,0.378,0.45,0.465,0.387,0.72,0.0,0.73,0.592,0.374,0.513,0.849,0.396,0.748,0.39,0.648,1.0,0.383,0.389,0.404,0.624,0.625,0.376,0.446
0.426,0.412,0.358,0.743,0.394,0.394,0.378,0.907,0.409,0.707,0.395,0.718,0.394,0.735,0.721,0.379,0.386,0.394,0.384,0.375,0.382,0.396,0.402,0.392,0.408,0.402,0.395,0.955,0.454,0.406,0.721,0.391,0.0,0.388,0.371,0.622,0.376,0.404,0.672,0.382,0.736,0.374,0.383,1.0,0.953,0.43,0.376,0.377,0.664,0.438
0.435,0.416,0.356,0.729,0.398,0.392,0.382,0.881,0.411,0.71,0.393,0.725,0.39,0.725,0.714,0.38,0.389,0.392,0.384,0.379,0.386,0.392,0.401,0.394,0.405,0.393,0.394,0.925,0.457,0.403,0.715,0.397,0.0,0.391,0.368,0.615,0.379,0.4,0.67,0.38,0.738,0.373,0.389,0.953,1.0,0.428,0.381,0.381,0.651,0.437
0.459,0.402,0.365,0.426,0.41,0.396,0.386,0.432,0.451,0.424,0.391,0.43,0.393,0.413,0.424,0.386,0.372,0.393,0.4,0.386,0.392,0.396,0.397,0.386,0.382,0.39,0.4,0.423,0.571,0.462,0.414,0.38,0.0,0.392,0.36,0.406,0.386,0.408,0.421,0.396,0.418,0.382,0.404,0.43,0.428,1.0,0.414,0.413,0.4,0.625
0.452,0.675,0.376,0.376,0.651,0.714,0.503,0.375,0.445,0.38,0.612,0.389,0.633,0.375,0.395,0.509,0.684,0.611,0.615,0.503,0.611,0.619,0.617,0.681,0.693,0.685,0.612,0.373,0.445,0.467,0.371,0.623,0.0,0.608,0.66,0.37,0.506,0.643,0.389,0.639,0.377,0.72,0.624,0.376,0.381,0.414,1.0,0.997,0.373,0.441
0.452,0.676,0.376,0.377,0.652,0.716,0.504,0.374,0.446,0.381,0.615,0.388,0.636,0.376,0.395,0.51,0.686,0.614,0.618,0.504,0.614,0.622,0.62,0.684,0.694,0.688,0.615,0.374,0.447,0.47,0.372,0.624,0.0,0.61,0.661,0.371,0.507,0.644,0.39,0.641,0.378,0.721,0.625,0.377,0.381,0.413,0.997,1.0,0.374,0.44
0.414,0.412,0.352,0.648,0.379,0.386,0.366,0.643,0.397,0.664,0.4,0.622,0.398,0.671,0.645,0.382,0.37,0.378,0.372,0.365,0.361,0.399,0.387,0.396,0.409,0.411,0.392,0.666,0.429,0.404,0.641,0.37,0.0,0.379,0.378,0.591,0.367,0.388,0.615,0.387,0.642,0.371,0.376,0.664,0.651,0.4,0.373,0.374,1.0,0.425
0.51,0.453,0.407,0.451,0.442,0.453,0.43,0.454,0.505,0.435,0.436,0.45,0.443,0.438,0.463,0.429,0.424,0.442,0.442,0.428,0.423,0.444,0.444,0.435,0.437,0.437,0.446,0.433,0.836,0.513,0.44,0.428,0.0,0.439,0.405,0.432,0.43,0.452,0.438,0.435,0.442,0.432,0.446,0.438,0.437,0.625,0.441,0.44,0.425,1.0
