GCF_000163235.1_ASM16323v1_genomic.fna,GCF_000164555.1_ASM16455v1_genomic.fna,GCF_000208545.1_ASM20854v2_genomic.fna,GCF_000233875.1_ASM23387v1_genomic.fna,GCF_000249735.1_ASM24973v2_genomic.fna,GCF_000261145.1_Esch_coli_M919_V2_genomic.fna,GCF_000267705.2_ASM26770v2_genomic.fna,GCF_000350665.1_Esch_coli_KTE5_V1_genomic.fna,GCF_000351625.1_Esch_coli_KTE66_V1_genomic.fna,GCF_000352285.1_Esch_coli_KTE46_V1_genomic.fna,GCF_000358895.1_ASM35889v1_genomic.fna,GCF_000456385.1_Esch_coli_HVH_26_4-5703913_V1_genomic.fna,GCF_000458195.1_Esch_coli_HVH_147_4-5893887_V1_genomic.fna,GCF_000459755.1_Esch_coli_KOEGE_58_171a_V1_genomic.fna,GCF_000460055.1_Esch_coli_UMEA_3053-1_V1_genomic.fna,GCF_000462165.2_ASM46216v2_genomic.fna,GCF_000601135.1_ASM60113v1_genomic.fna,GCF_000614595.1_Ec2010EL1058_genomic.fna,GCF_000617745.1_Ec2010C-4529_genomic.fna,GCF_000618265.2_EcF6751_genomic.fna,GCF_000619005.2_Ec2009C-4052_genomic.fna,GCF_000619105.1_Ec2009C-4780_genomic.fna,GCF_000619765.2_Ec2009C-3279_genomic.fna,GCF_000687005.1_ASM68700v1_genomic.fna,GCF_000687025.1_ASM68702v1_genomic.fna,GCF_000700125.1_ASM70012v1_genomic.fna,GCF_000753315.1_FHI35_genomic.fna,GCF_000776375.1_ASM77637v1_genomic.fna,GCF_000779395.1_ASM77939v1_genomic.fna,GCF_000780315.1_ASM78031v1_genomic.fna,GCF_000781995.1_ASM78199v1_genomic.fna,GCF_000986765.1_ASM98676v1_genomic.fna,GCF_001041375.1_ViralProj287958_genomic.fna,GCF_001265335.1_302014_genomic.fna,GCF_001265625.1_100854_genomic.fna,GCF_001267345.1_303289_genomic.fna,GCF_001309985.1_ASM130998v1_genomic.fna,GCF_001521695.1_ASM152169v1_genomic.fna,GCF_001592595.1_ASM159259v1_genomic.fna,GCF_001614975.1_ASM161497v1_genomic.fna,GCF_001692775.1_ASM169277v1_genomic.fna,GCF_001748915.1_ASM174891v1_genomic.fna,GCF_001749235.1_ASM174923v1_genomic.fna,GCF_001881155.1_ASM188115v1_genomic.fna,GCF_001881345.1_ASM188134v1_genomic.fna,GCF_001892405.1_ASM189240v1_genomic.fna,GCF_001892585.1_ASM189258v1_genomic.fna,GCF_001893985.1_ASM189398v1_genomic.fna,GCF_002001595.1_ASM200159v1_genomic.fna,GCF_002002145.1_ASM200214v1_genomic.fna
1.0,0.579,0.503,0.509,0.565,0.554,0.554,0.522,0.656,0.514,0.531,0.526,0.561,0.503,0.499,0.564,0.551,0.563,0.548,0.553,0.546,0.547,0.569,0.567,0.556,0.543,0.565,0.511,0.595,0.66,0.499,0.563,0.0,0.553,0.52,0.506,0.555,0.58,0.511,0.556,0.509,0.562,0.569,0.52,0.533,0.573,0.533,0.535,0.487,0.601
0.579,1.0,0.452,0.498,0.686,0.782,0.576,0.506,0.561,0.499,0.637,0.527,0.66,0.481,0.497,0.595,0.733,0.665,0.646,0.574,0.639,0.648,0.661,0.793,0.81,0.725,0.659,0.499,0.534,0.549,0.482,0.678,0.0,0.653,0.747,0.487,0.576,0.688,0.489,0.652,0.492,0.731,0.67,0.521,0.511,0.495,0.716,0.717,0.502,0.528
0.503,0.452,1.0,0.41,0.441,0.438,0.427,0.419,0.472,0.404,0.418,0.424,0.439,0.409,0.414,0.441,0.437,0.427,0.412,0.426,0.424,0.427,0.438,0.433,0.437,0.426,0.433,0.412,0.461,0.467,0.41,0.444,0.0,0.434,0.406,0.421,0.427,0.444,0.415,0.435,0.422,0.444,0.436,0.426,0.416,0.44,0.438,0.438,0.423,0.462
0.509,0.498,0.41,1.0,0.49,0.502,0.466,0.759,0.518,0.766,0.476,0.761,0.497,0.812,0.811,0.474,0.51,0.48,0.49,0.467,0.455,0.492,0.494,0.502,0.514,0.493,0.49,0.799,0.535,0.496,0.757,0.489,0.0,0.473,0.474,0.685,0.467,0.49,0.713,0.482,0.772,0.488,0.492,0.775,0.78,0.507,0.478,0.477,0.733,0.547
0.565,0.686,0.441,0.49,1.0,0.697,0.591,0.496,0.55,0.486,0.764,0.51,0.752,0.484,0.498,0.607,0.69,0.714,0.714,0.591,0.718,0.729,0.746,0.681,0.682,0.67,0.743,0.487,0.535,0.562,0.479,0.731,0.0,0.737,0.654,0.49,0.59,0.764,0.488,0.745,0.493,0.712,0.763,0.497,0.498,0.502,0.706,0.707,0.488,0.524
0.554,0.782,0.438,0.502,0.697,1.0,0.595,0.5,0.554,0.499,0.662,0.493,0.692,0.497,0.496,0.61,0.757,0.678,0.667,0.593,0.647,0.683,0.689,0.802,0.825,0.736,0.669,0.501,0.552,0.542,0.477,0.676,0.0,0.681,0.781,0.505,0.592,0.685,0.507,0.686,0.481,0.734,0.685,0.49,0.497,0.492,0.739,0.74,0.504,0.545
0.554,0.576,0.427,0.466,0.591,0.595,1.0,0.463,0.54,0.46,0.555,0.47,0.581,0.452,0.464,0.932,0.578,0.624,0.589,0.989,0.623,0.597,0.626,0.58,0.584,0.561,0.58,0.463,0.496,0.527,0.458,0.592,0.0,0.585,0.559,0.492,0.989,0.575,0.484,0.583,0.457,0.576,0.586,0.468,0.471,0.508,0.554,0.555,0.451,0.508
0.522,0.506,0.419,0.759,0.496,0.5,0.463,1.0,0.522,0.757,0.463,0.747,0.492,0.762,0.749,0.475,0.502,0.476,0.485,0.464,0.456,0.487,0.496,0.508,0.498,0.479,0.483,0.928,0.537,0.507,0.751,0.486,0.0,0.48,0.459,0.675,0.465,0.512,0.717,0.479,0.753,0.49,0.489,0.915,0.907,0.496,0.474,0.476,0.726,0.532
0.656,0.561,0.472,0.518,0.55,0.554,0.54,0.522,1.0,0.516,0.524,0.523,0.556,0.518,0.524,0.549,0.545,0.555,0.538,0.54,0.529,0.551,0.562,0.553,0.548,0.535,0.556,0.517,0.579,0.667,0.511,0.546,0.0,0.553,0.516,0.529,0.541,0.551,0.52,0.556,0.516,0.55,0.562,0.518,0.52,0.543,0.535,0.536,0.505,0.595
0.514,0.499,0.404,0.766,0.486,0.499,0.46,0.757,0.516,1.0,0.506,0.723,0.512,0.758,0.728,0.471,0.503,0.473,0.481,0.46,0.448,0.485,0.471,0.525,0.504,0.503,0.486,0.773,0.553,0.5,0.761,0.47,0.0,0.468,0.487,0.678,0.462,0.482,0.705,0.499,0.756,0.487,0.487,0.753,0.767,0.503,0.479,0.477,0.742,0.535
0.531,0.637,0.418,0.476,0.764,0.662,0.555,0.463,0.524,0.506,1.0,0.463,0.763,0.474,0.467,0.575,0.664,0.691,0.712,0.556,0.686,0.727,0.713,0.707,0.651,0.665,0.732,0.469,0.537,0.535,0.455,0.697,0.0,0.699,0.699,0.488,0.557,0.726,0.464,0.754,0.458,0.677,0.743,0.459,0.465,0.468,0.669,0.667,0.477,0.532
0.526,0.527,0.424,0.761,0.51,0.493,0.47,0.747,0.523,0.723,0.463,1.0,0.488,0.754,0.85,0.486,0.49,0.475,0.47,0.468,0.472,0.479,0.487,0.495,0.503,0.485,0.479,0.75,0.525,0.501,0.719,0.484,0.0,0.479,0.456,0.653,0.471,0.504,0.708,0.477,0.744,0.489,0.489,0.76,0.766,0.515,0.483,0.484,0.692,0.524
0.561,0.66,0.439,0.497,0.752,0.692,0.581,0.492,0.556,0.512,0.763,0.488,1.0,0.49,0.485,0.6,0.68,0.74,0.764,0.581,0.745,0.817,0.8,0.701,0.674,0.681,0.794,0.494,0.543,0.571,0.477,0.755,0.0,0.789,0.669,0.505,0.583,0.782,0.478,0.819,0.481,0.692,0.798,0.48,0.486,0.478,0.693,0.691,0.499,0.546
0.503,0.481,0.409,0.812,0.484,0.497,0.452,0.762,0.518,0.758,0.474,0.754,0.49,1.0,0.793,0.463,0.492,0.472,0.477,0.453,0.443,0.483,0.474,0.49,0.496,0.476,0.484,0.795,0.534,0.491,0.762,0.471,0.0,0.459,0.467,0.683,0.453,0.486,0.709,0.472,0.771,0.478,0.483,0.769,0.77,0.506,0.469,0.467,0.738,0.539
0.499,0.497,0.414,0.811,0.498,0.496,0.464,0.749,0.524,0.728,0.467,0.85,0.485,0.793,1.0,0.472,0.492,0.475,0.473,0.462,0.454,0.481,0.489,0.487,0.499,0.48,0.483,0.768,0.524,0.504,0.756,0.486,0.0,0.469,0.465,0.672,0.466,0.502,0.721,0.48,0.768,0.494,0.49,0.76,0.763,0.514,0.484,0.485,0.712,0.541
0.564,0.595,0.441,0.474,0.607,0.61,0.932,0.475,0.549,0.471,0.575,0.486,0.6,0.463,0.472,1.0,0.594,0.624,0.605,0.931,0.618,0.61,0.624,0.59,0.595,0.574,0.592,0.476,0.508,0.546,0.467,0.595,0.0,0.594,0.567,0.5,0.933,0.592,0.488,0.599,0.471,0.594,0.599,0.481,0.485,0.505,0.57,0.571,0.468,0.52
0.551,0.733,0.437,0.51,0.69,0.757,0.578,0.502,0.545,0.503,0.664,0.49,0.68,0.492,0.492,0.594,1.0,0.666,0.662,0.578,0.64,0.685,0.684,0.776,0.769,0.779,0.675,0.501,0.544,0.538,0.469,0.703,0.0,0.673,0.723,0.513,0.578,0.671,0.497,0.68,0.472,0.725,0.69,0.489,0.5,0.473,0.733,0.733,0.501,0.543
0.563,0.665,0.427,0.48,0.714,0.678,0.624,0.476,0.555,0.473,0.691,0.475,0.74,0.472,0.475,0.624,0.666,1.0,0.784,0.624,0.76,0.777,0.788,0.676,0.661,0.643,0.752,0.476,0.521,0.545,0.476,0.744,0.0,0.742,0.641,0.516,0.621,0.736,0.495,0.737,0.476,0.691,0.746,0.476,0.479,0.487,0.654,0.655,0.47,0.529
0.548,0.646,0.412,0.49,0.714,0.667,0.589,0.485,0.538,0.481,0.712,0.47,0.764,0.477,0.473,0.605,0.662,0.784,1.0,0.589,0.75,0.793,0.772,0.671,0.663,0.647,0.76,0.48,0.528,0.547,0.468,0.734,0.0,0.736,0.646,0.511,0.59,0.739,0.478,0.76,0.47,0.674,0.761,0.471,0.475,0.476,0.665,0.664,0.478,0.533
0.553,0.574,0.426,0.467,0.591,0.593,0.989,0.464,0.54,0.46,0.556,0.468,0.581,0.453,0.462,0.931,0.578,0.624,0.589,1.0,0.62,0.596,0.622,0.58,0.585,0.561,0.58,0.463,0.496,0.526,0.457,0.592,0.0,0.583,0.555,0.491,0.986,0.574,0.482,0.583,0.458,0.577,0.586,0.467,0.47,0.508,0.553,0.554,0.452,0.508
0.546,0.639,0.424,0.455,0.718,0.647,0.623,0.456,0.529,0.448,0.686,0.472,0.745,0.443,0.454,0.618,0.64,0.76,0.75,0.62,1.0,0.757,0.776,0.649,0.637,0.638,0.747,0.452,0.505,0.543,0.449,0.742,0.0,0.742,0.621,0.486,0.621,0.74,0.462,0.734,0.461,0.645,0.74,0.458,0.46,0.48,0.64,0.641,0.447,0.512
0.547,0.648,0.427,0.492,0.729,0.683,0.597,0.487,0.551,0.485,0.727,0.479,0.817,0.483,0.481,0.61,0.685,0.777,0.793,0.596,0.757,1.0,0.911,0.683,0.668,0.661,0.769,0.485,0.538,0.554,0.466,0.75,0.0,0.861,0.653,0.508,0.597,0.764,0.476,0.785,0.463,0.667,0.787,0.475,0.481,0.477,0.669,0.668,0.485,0.549
0.569,0.661,0.438,0.494,0.746,0.689,0.626,0.496,0.562,0.471,0.713,0.487,0.8,0.474,0.489,0.624,0.684,0.788,0.772,0.622,0.776,0.911,1.0,0.673,0.668,0.648,0.779,0.491,0.536,0.554,0.479,0.776,0.0,0.874,0.636,0.512,0.621,0.771,0.495,0.762,0.478,0.677,0.777,0.49,0.495,0.483,0.658,0.659,0.478,0.542
0.567,0.793,0.433,0.502,0.681,0.802,0.58,0.508,0.553,0.525,0.707,0.495,0.701,0.49,0.487,0.59,0.776,0.676,0.671,0.58,0.649,0.683,0.673,1.0,0.817,0.762,0.678,0.499,0.565,0.552,0.474,0.68,0.0,0.665,0.826,0.497,0.579,0.672,0.484,0.698,0.48,0.743,0.69,0.486,0.497,0.48,0.731,0.731,0.494,0.549
0.556,0.81,0.437,0.514,0.682,0.825,0.584,0.498,0.548,0.504,0.651,0.503,0.674,0.496,0.499,0.595,0.769,0.661,0.663,0.585,0.637,0.668,0.668,0.817,1.0,0.775,0.671,0.5,0.537,0.541,0.475,0.686,0.0,0.651,0.785,0.497,0.587,0.672,0.49,0.669,0.478,0.737,0.679,0.503,0.498,0.484,0.728,0.727,0.51,0.54
0.543,0.725,0.426,0.493,0.67,0.736,0.561,0.479,0.535,0.503,0.665,0.485,0.681,0.476,0.48,0.574,0.779,0.643,0.647,0.561,0.638,0.661,0.648,0.762,0.775,1.0,0.663,0.486,0.525,0.534,0.458,0.652,0.0,0.641,0.722,0.487,0.563,0.656,0.476,0.686,0.462,0.725,0.66,0.493,0.487,0.464,0.729,0.729,0.503,0.534
0.565,0.659,0.433,0.49,0.743,0.669,0.58,0.483,0.556,0.486,0.732,0.479,0.794,0.484,0.483,0.592,0.675,0.752,0.76,0.58,0.747,0.769,0.779,0.678,0.671,0.663,1.0,0.485,0.544,0.558,0.48,0.776,0.0,0.746,0.636,0.505,0.581,0.835,0.473,0.799,0.481,0.686,0.856,0.483,0.482,0.487,0.673,0.672,0.494,0.546
0.511,0.499,0.412,0.799,0.487,0.501,0.463,0.928,0.517,0.773,0.469,0.75,0.494,0.795,0.768,0.476,0.501,0.476,0.48,0.463,0.452,0.485,0.491,0.499,0.5,0.486,0.485,1.0,0.539,0.505,0.759,0.481,0.0,0.47,0.461,0.679,0.465,0.503,0.717,0.479,0.773,0.482,0.484,0.957,0.946,0.501,0.477,0.476,0.747,0.531
0.595,0.534,0.461,0.535,0.535,0.552,0.496,0.537,0.579,0.553,0.537,0.525,0.543,0.534,0.524,0.508,0.544,0.521,0.528,0.496,0.505,0.538,0.536,0.565,0.537,0.525,0.544,0.539,1.0,0.568,0.518,0.535,0.0,0.53,0.523,0.545,0.496,0.547,0.519,0.549,0.514,0.527,0.546,0.522,0.532,0.617,0.523,0.523,0.524,0.853
0.66,0.549,0.467,0.496,0.562,0.542,0.527,0.507,0.667,0.5,0.535,0.501,0.571,0.491,0.504,0.546,0.538,0.545,0.547,0.526,0.543,0.554,0.554,0.552,0.541,0.534,0.558,0.505,0.568,1.0,0.493,0.542,0.0,0.544,0.518,0.506,0.53,0.568,0.489,0.576,0.501,0.558,0.563,0.506,0.51,0.541,0.553,0.554,0.486,0.576
0.499,0.482,0.41,0.757,0.479,0.477,0.458,0.751,0.511,0.761,0.455,0.719,0.477,0.762,0.756,0.467,0.469,0.476,0.468,0.457,0.449,0.466,0.479,0.474,0.475,0.458,0.48,0.759,0.518,0.493,1.0,0.473,0.0,0.47,0.44,0.665,0.459,0.486,0.705,0.468,0.901,0.475,0.477,0.758,0.756,0.496,0.458,0.458,0.703,0.509
0.563,0.678,0.444,0.489,0.731,0.676,0.592,0.486,0.546,0.47,0.697,0.484,0.755,0.471,0.486,0.595,0.703,0.744,0.734,0.592,0.742,0.75,0.776,0.68,0.686,0.652,0.776,0.481,0.535,0.542,0.473,1.0,0.0,0.747,0.637,0.488,0.593,0.783,0.486,0.769,0.472,0.685,0.783,0.482,0.488,0.492,0.682,0.684,0.472,0.531
0.0,0.0,0.0,0.0,0.0,0.0,0.0,0.0,0.0,0.0,0.0,0.0,0.0,0.0,0.0,0.0,0.0,0.0,0.0,0.0,0.0,0.0,0.0,0.0,0.0,0.0,0.0,0.0,0.0,0.0,0.0,0.0,1.0,0.0,0.0,0.0,0.0,0.0,0.0,0.0,0.0,0.0,0.0,0.0,0.0,0.0,0.0,0.0,0.0,0.0
0.553,0.653,0.434,0.473,0.737,0.681,0.585,0.48,0.553,0.468,0.699,0.479,0.789,0.459,0.469,0.594,0.673,0.742,0.736,0.583,0.742,0.861,0.874,0.665,0.651,0.641,0.746,0.47,0.53,0.544,0.47,0.747,0.0,1.0,0.624,0.518,0.583,0.756,0.493,0.753,0.466,0.668,0.77,0.472,0.484,0.472,0.661,0.662,0.468,0.53
0.52,0.747,0.406,0.474,0.654,0.781,0.559,0.459,0.516,0.487,0.699,0.456,0.669,0.467,0.465,0.567,0.723,0.641,0.646,0.555,0.621,0.653,0.636,0.826,0.785,0.722,0.636,0.461,0.523,0.518,0.44,0.637,0.0,0.624,1.0,0.469,0.557,0.635,0.463,0.669,0.44,0.703,0.655,0.449,0.458,0.441,0.696,0.695,0.462,0.512
0.506,0.487,0.421,0.685,0.49,0.505,0.492,0.675,0.529,0.678,0.488,0.653,0.505,0.683,0.672,0.5,0.513,0.516,0.511,0.491,0.486,0.508,0.512,0.497,0.497,0.487,0.505,0.679,0.545,0.506,0.665,0.488,0.0,0.518,0.469,1.0,0.489,0.497,0.7,0.502,0.665,0.499,0.505,0.666,0.672,0.508,0.484,0.483,0.678,0.551
0.555,0.576,0.427,0.467,0.59,0.592,0.989,0.465,0.541,0.462,0.557,0.471,0.583,0.453,0.466,0.933,0.578,0.621,0.59,0.986,0.621,0.597,0.621,0.579,0.587,0.563,0.581,0.465,0.496,0.53,0.459,0.593,0.0,0.583,0.557,0.489,1.0,0.576,0.483,0.585,0.458,0.577,0.586,0.468,0.471,0.508,0.555,0.556,0.453,0.509
0.58,0.688,0.444,0.49,0.764,0.685,0.575,0.512,0.551,0.482,0.726,0.504,0.782,0.486,0.502,0.592,0.671,0.736,0.739,0.574,0.74,0.764,0.771,0.672,0.672,0.656,0.835,0.503,0.547,0.568,0.486,0.783,0.0,0.756,0.635,0.497,0.576,1.0,0.487,0.793,0.491,0.694,0.869,0.502,0.492,0.492,0.687,0.689,0.49,0.545
0.511,0.489,0.415,0.713,0.488,0.507,0.484,0.717,0.52,0.705,0.464,0.708,0.478,0.709,0.721,0.488,0.497,0.495,0.478,0.482,0.462,0.476,0.495,0.484,0.49,0.476,0.473,0.717,0.519,0.489,0.705,0.486,0.0,0.493,0.463,0.7,0.483,0.487,1.0,0.479,0.709,0.497,0.482,0.717,0.724,0.502,0.472,0.474,0.68,0.528
0.556,0.652,0.435,0.482,0.745,0.686,0.583,0.479,0.556,0.499,0.754,0.477,0.819,0.472,0.48,0.599,0.68,0.737,0.76,0.583,0.734,0.785,0.762,0.698,0.669,0.686,0.799,0.479,0.549,0.576,0.468,0.769,0.0,0.753,0.669,0.502,0.585,0.793,0.479,1.0,0.469,0.691,0.812,0.468,0.477,0.49,0.701,0.701,0.485,0.558
0.509,0.492,0.422,0.772,0.493,0.481,0.457,0.753,0.516,0.756,0.458,0.744,0.481,0.771,0.768,0.471,0.472,0.476,0.47,0.458,0.461,0.463,0.478,0.48,0.478,0.462,0.481,0.773,0.514,0.501,0.901,0.472,0.0,0.466,0.44,0.665,0.458,0.491,0.709,0.469,1.0,0.482,0.476,0.776,0.771,0.498,0.462,0.462,0.709,0.509
0.562,0.731,0.444,0.488,0.712,0.734,0.576,0.49,0.55,0.487,0.677,0.489,0.692,0.478,0.494,0.594,0.725,0.691,0.674,0.577,0.645,0.667,0.677,0.743,0.737,0.725,0.686,0.482,0.527,0.558,0.475,0.685,0.0,0.668,0.703,0.499,0.577,0.694,0.497,0.691,0.482,1.0,0.711,0.483,0.488,0.473,0.763,0.764,0.486,0.527
0.569,0.67,0.436,0.492,0.763,0.685,0.586,0.489,0.562,0.487,0.743,0.489,0.798,0.483,0.49,0.599,0.69,0.746,0.761,0.586,0.74,0.787,0.777,0.69,0.679,0.66,0.856,0.484,0.546,0.563,0.477,0.783,0.0,0.77,0.655,0.505,0.586,0.869,0.482,0.812,0.476,0.711,1.0,0.478,0.484,0.497,0.687,0.686,0.488,0.548
0.52,0.521,0.426,0.775,0.497,0.49,0.468,0.915,0.518,0.753,0.459,0.76,0.48,0.769,0.76,0.481,0.489,0.476,0.471,0.467,0.458,0.475,0.49,0.486,0.503,0.493,0.483,0.957,0.522,0.506,0.758,0.482,0.0,0.472,0.449,0.666,0.468,0.502,0.717,0.468,0.776,0.483,0.478,1.0,0.956,0.509,0.467,0.468,0.739,0.52
0.533,0.511,0.416,0.78,0.498,0.497,0.471,0.907,0.52,0.767,0.465,0.766,0.486,0.77,0.763,0.485,0.5,0.479,0.475,0.47,0.46,0.481,0.495,0.497,0.498,0.487,0.482,0.946,0.532,0.51,0.756,0.488,0.0,0.484,0.458,0.672,0.471,0.492,0.724,0.477,0.771,0.488,0.484,0.956,1.0,0.511,0.475,0.477,0.727,0.526
0.573,0.495,0.44,0.507,0.502,0.492,0.508,0.496,0.543,0.503,0.468,0.515,0.478,0.506,0.514,0.505,0.473,0.487,0.476,0.508,0.48,0.477,0.483,0.48,0.484,0.464,0.487,0.501,0.617,0.541,0.496,0.492,0.0,0.472,0.441,0.508,0.508,0.492,0.502,0.49,0.498,0.473,0.497,0.509,0.511,1.0,0.496,0.499,0.503,0.66
0.533,0.716,0.438,0.478,0.706,0.739,0.554,0.474,0.535,0.479,0.669,0.483,0.693,0.469,0.484,0.57,0.733,0.654,0.665,0.553,0.64,0.669,0.658,0.731,0.728,0.729,0.673,0.477,0.523,0.553,0.458,0.682,0.0,0.661,0.696,0.484,0.555,0.687,0.472,0.701,0.462,0.763,0.687,0.467,0.475,0.496,1.0,0.997,0.481,0.533
0.535,0.717,0.438,0.477,0.707,0.74,0.555,0.476,0.536,0.477,0.667,0.484,0.691,0.467,0.485,0.571,0.733,0.655,0.664,0.554,0.641,0.668,0.659,0.731,0.727,0.729,0.672,0.476,0.523,0.554,0.458,0.684,0.0,0.662,0.695,0.483,0.556,0.689,0.474,0.701,0.462,0.764,0.686,0.468,0.477,0.499,0.997,1.0,0.479,0.534
0.487,0.502,0.423,0.733,0.488,0.504,0.451,0.726,0.505,0.742,0.477,0.692,0.499,0.738,0.712,0.468,0.501,0.47,0.478,0.452,0.447,0.485,0.478,0.494,0.51,0.503,0.494,0.747,0.524,0.486,0.703,0.472,0.0,0.468,0.462,0.678,0.453,0.49,0.68,0.485,0.709,0.486,0.488,0.739,0.727,0.503,0.481,0.479,1.0,0.53
0.601,0.528,0.462,0.547,0.524,0.545,0.508,0.532,0.595,0.535,0.532,0.524,0.546,0.539,0.541,0.52,0.543,0.529,0.533,0.508,0.512,0.549,0.542,0.549,0.54,0.534,0.546,0.531,0.853,0.576,0.509,0.531,0.0,0.53,0.512,0.551,0.509,0.545,0.528,0.558,0.509,0.527,0.548,0.52,0.526,0.66,0.533,0.534,0.53,1.0
