GCF_000163235.1_ASM16323v1_genomic.fna,GCF_000164555.1_ASM16455v1_genomic.fna,GCF_000208545.1_ASM20854v2_genomic.fna,GCF_000233875.1_ASM23387v1_genomic.fna,GCF_000249735.1_ASM24973v2_genomic.fna,GCF_000261145.1_Esch_coli_M919_V2_genomic.fna,GCF_000267705.2_ASM26770v2_genomic.fna,GCF_000350665.1_Esch_coli_KTE5_V1_genomic.fna,GCF_000351625.1_Esch_coli_KTE66_V1_genomic.fna,GCF_000352285.1_Esch_coli_KTE46_V1_genomic.fna,GCF_000358895.1_ASM35889v1_genomic.fna,GCF_000456385.1_Esch_coli_HVH_26_4-5703913_V1_genomic.fna,GCF_000458195.1_Esch_coli_HVH_147_4-5893887_V1_genomic.fna,GCF_000459755.1_Esch_coli_KOEGE_58_171a_V1_genomic.fna,GCF_000460055.1_Esch_coli_UMEA_3053-1_V1_genomic.fna,GCF_000462165.2_ASM46216v2_genomic.fna,GCF_000601135.1_ASM60113v1_genomic.fna,GCF_000614595.1_Ec2010EL1058_genomic.fna,GCF_000617745.1_Ec2010C-4529_genomic.fna,GCF_000618265.2_EcF6751_genomic.fna,GCF_000619005.2_Ec2009C-4052_genomic.fna,GCF_000619105.1_Ec2009C-4780_genomic.fna,GCF_000619765.2_Ec2009C-3279_genomic.fna,GCF_000687005.1_ASM68700v1_genomic.fna,GCF_000687025.1_ASM68702v1_genomic.fna,GCF_000700125.1_ASM70012v1_genomic.fna,GCF_000753315.1_FHI35_genomic.fna,GCF_000776375.1_ASM77637v1_genomic.fna,GCF_000779395.1_ASM77939v1_genomic.fna,GCF_000780315.1_ASM78031v1_genomic.fna,GCF_000781995.1_ASM78199v1_genomic.fna,GCF_000986765.1_ASM98676v1_genomic.fna,GCF_001041375.1_ViralProj287958_genomic.fna,GCF_001265335.1_302014_genomic.fna,GCF_001265625.1_100854_genomic.fna,GCF_001267345.1_303289_genomic.fna,GCF_001309985.1_ASM130998v1_genomic.fna,GCF_001521695.1_ASM152169v1_genomic.fna,GCF_001592595.1_ASM159259v1_genomic.fna,GCF_001614975.1_ASM161497v1_genomic.fna,GCF_001692775.1_ASM169277v1_genomic.fna,GCF_001748915.1_ASM174891v1_genomic.fna,GCF_001749235.1_ASM174923v1_genomic.fna,GCF_001881155.1_ASM188115v1_genomic.fna,GCF_001881345.1_ASM188134v1_genomic.fna,GCF_001892405.1_ASM189240v1_genomic.fna,GCF_001892585.1_ASM189258v1_genomic.fna,GCF_001893985.1_ASM189398v1_genomic.fna,GCF_002001595.1_ASM200159v1_genomic.fna,GCF_002002145.1_ASM200214v1_genomic.fna
1.0,0.917,0.901,0.89,0.908,0.911,0.908,0.9,0.918,0.877,0.882,0.901,0.905,0.893,0.894,0.903,0.909,0.906,0.908,0.91,0.907,0.906,0.904,0.901,0.912,0.894,0.898,0.89,0.914,0.925,0.89,0.905,0.009,0.911,0.89,0.888,0.911,0.917,0.892,0.907,0.891,0.9,0.906,0.895,0.898,0.898,0.901,0.902,0.883,0.923
0.917,1.0,0.895,0.889,0.929,0.938,0.907,0.899,0.89,0.87,0.897,0.902,0.919,0.893,0.881,0.906,0.931,0.917,0.915,0.911,0.914,0.913,0.915,0.931,0.943,0.914,0.909,0.89,0.897,0.907,0.891,0.92,0.009,0.923,0.914,0.875,0.909,0.928,0.891,0.919,0.888,0.922,0.919,0.895,0.895,0.891,0.928,0.928,0.886,0.904
0.901,0.895,1.0,0.867,0.889,0.886,0.897,0.889,0.894,0.855,0.866,0.888,0.878,0.881,0.872,0.898,0.889,0.887,0.887,0.901,0.892,0.894,0.885,0.876,0.891,0.881,0.877,0.871,0.886,0.9,0.881,0.89,0.01,0.887,0.864,0.872,0.9,0.885,0.879,0.888,0.879,0.88,0.883,0.877,0.875,0.884,0.881,0.881,0.872,0.9
0.89,0.889,0.867,1.0,0.885,0.897,0.89,0.922,0.891,0.934,0.881,0.926,0.899,0.942,0.946,0.893,0.887,0.891,0.891,0.888,0.879,0.885,0.882,0.898,0.9,0.899,0.9,0.939,0.897,0.875,0.922,0.878,0.008,0.884,0.89,0.927,0.89,0.889,0.924,0.89,0.938,0.889,0.895,0.932,0.931,0.874,0.882,0.883,0.936,0.892
0.908,0.929,0.889,0.885,1.0,0.93,0.913,0.895,0.884,0.863,0.918,0.903,0.932,0.893,0.887,0.908,0.92,0.923,0.922,0.917,0.932,0.932,0.933,0.909,0.923,0.907,0.919,0.885,0.893,0.907,0.895,0.933,0.008,0.933,0.905,0.881,0.916,0.93,0.892,0.931,0.894,0.924,0.927,0.891,0.888,0.892,0.932,0.931,0.876,0.894
0.911,0.938,0.886,0.897,0.93,1.0,0.92,0.89,0.9,0.88,0.915,0.892,0.935,0.899,0.891,0.924,0.932,0.934,0.931,0.918,0.923,0.92,0.918,0.936,0.947,0.93,0.929,0.893,0.915,0.901,0.885,0.924,0.008,0.935,0.935,0.892,0.919,0.939,0.897,0.942,0.898,0.933,0.94,0.89,0.893,0.884,0.933,0.934,0.887,0.91
0.908,0.907,0.897,0.89,0.913,0.92,1.0,0.898,0.901,0.87,0.89,0.892,0.912,0.893,0.889,0.983,0.912,0.922,0.922,0.993,0.919,0.914,0.919,0.907,0.917,0.906,0.912,0.887,0.894,0.91,0.888,0.911,0.008,0.919,0.902,0.887,0.995,0.91,0.89,0.916,0.894,0.915,0.921,0.892,0.89,0.885,0.906,0.907,0.88,0.91
0.9,0.899,0.889,0.922,0.895,0.89,0.898,1.0,0.887,0.915,0.857,0.934,0.881,0.923,0.92,0.895,0.892,0.887,0.891,0.9,0.893,0.889,0.889,0.88,0.9,0.886,0.882,0.967,0.898,0.897,0.924,0.886,0.009,0.894,0.872,0.904,0.9,0.895,0.924,0.888,0.927,0.893,0.891,0.975,0.963,0.886,0.892,0.893,0.917,0.902
0.918,0.89,0.894,0.891,0.884,0.9,0.901,0.887,1.0,0.882,0.876,0.884,0.899,0.897,0.897,0.904,0.901,0.9,0.903,0.897,0.888,0.889,0.884,0.899,0.898,0.891,0.9,0.89,0.917,0.923,0.879,0.889,0.011,0.897,0.887,0.898,0.9,0.891,0.885,0.909,0.891,0.888,0.896,0.884,0.886,0.887,0.895,0.896,0.892,0.907
0.877,0.87,0.855,0.934,0.863,0.88,0.87,0.915,0.882,1.0,0.877,0.908,0.884,0.923,0.917,0.875,0.868,0.872,0.872,0.869,0.863,0.864,0.858,0.889,0.882,0.881,0.888,0.928,0.889,0.867,0.915,0.861,0.009,0.87,0.893,0.907,0.869,0.876,0.914,0.879,0.929,0.876,0.877,0.92,0.923,0.852,0.869,0.87,0.927,0.883
0.882,0.897,0.866,0.881,0.918,0.915,0.89,0.857,0.876,0.877,1.0,0.862,0.941,0.875,0.864,0.895,0.907,0.918,0.908,0.886,0.903,0.911,0.901,0.93,0.909,0.912,0.933,0.868,0.884,0.879,0.861,0.903,0.009,0.911,0.926,0.878,0.889,0.918,0.864,0.93,0.873,0.902,0.924,0.859,0.86,0.851,0.9,0.901,0.865,0.879
0.901,0.902,0.888,0.926,0.903,0.892,0.892,0.934,0.884,0.908,0.862,1.0,0.881,0.93,0.945,0.891,0.894,0.881,0.886,0.896,0.895,0.893,0.892,0.878,0.895,0.88,0.88,0.928,0.891,0.889,0.929,0.89,0.008,0.89,0.872,0.898,0.894,0.89,0.928,0.88,0.929,0.889,0.889,0.935,0.932,0.884,0.894,0.894,0.907,0.893
0.905,0.919,0.878,0.899,0.932,0.935,0.912,0.881,0.899,0.884,0.941,0.881,1.0,0.899,0.889,0.917,0.921,0.943,0.938,0.909,0.927,0.937,0.928,0.936,0.926,0.926,0.957,0.894,0.908,0.897,0.879,0.925,0.009,0.939,0.925,0.897,0.912,0.946,0.889,0.956,0.893,0.925,0.945,0.885,0.885,0.874,0.918,0.918,0.885,0.896
0.893,0.893,0.881,0.942,0.893,0.899,0.893,0.923,0.897,0.923,0.875,0.93,0.899,1.0,0.95,0.899,0.898,0.894,0.894,0.89,0.89,0.896,0.891,0.89,0.902,0.887,0.895,0.931,0.901,0.889,0.928,0.883,0.009,0.892,0.879,0.909,0.892,0.899,0.93,0.897,0.946,0.893,0.898,0.934,0.933,0.878,0.891,0.892,0.921,0.904
0.894,0.881,0.872,0.946,0.887,0.891,0.889,0.92,0.897,0.917,0.864,0.945,0.889,0.95,1.0,0.891,0.885,0.888,0.892,0.886,0.888,0.884,0.883,0.885,0.893,0.878,0.889,0.931,0.895,0.889,0.929,0.879,0.008,0.882,0.875,0.908,0.887,0.89,0.923,0.885,0.942,0.888,0.895,0.931,0.926,0.875,0.884,0.885,0.915,0.9
0.903,0.906,0.898,0.893,0.908,0.924,0.983,0.895,0.904,0.875,0.895,0.891,0.917,0.899,0.891,1.0,0.914,0.919,0.92,0.98,0.913,0.913,0.91,0.912,0.921,0.908,0.913,0.89,0.896,0.915,0.886,0.901,0.009,0.915,0.905,0.889,0.982,0.917,0.89,0.919,0.898,0.912,0.92,0.889,0.89,0.881,0.905,0.906,0.887,0.904
0.909,0.931,0.889,0.887,0.92,0.932,0.912,0.892,0.901,0.868,0.907,0.894,0.921,0.898,0.885,0.914,1.0,0.919,0.916,0.91,0.914,0.919,0.912,0.928,0.936,0.926,0.912,0.89,0.897,0.899,0.886,0.92,0.008,0.928,0.914,0.884,0.913,0.919,0.895,0.922,0.891,0.925,0.92,0.894,0.896,0.877,0.926,0.927,0.882,0.903
0.906,0.917,0.887,0.891,0.923,0.934,0.922,0.887,0.9,0.872,0.918,0.881,0.943,0.894,0.888,0.919,0.919,1.0,0.959,0.918,0.934,0.938,0.933,0.921,0.927,0.912,0.933,0.889,0.897,0.902,0.881,0.925,0.007,0.934,0.913,0.889,0.921,0.934,0.892,0.946,0.892,0.925,0.939,0.888,0.887,0.878,0.92,0.921,0.883,0.898
0.908,0.915,0.887,0.891,0.922,0.931,0.922,0.891,0.903,0.872,0.908,0.886,0.938,0.894,0.892,0.92,0.916,0.959,1.0,0.918,0.935,0.937,0.932,0.916,0.92,0.912,0.938,0.887,0.906,0.904,0.888,0.923,0.008,0.936,0.908,0.893,0.919,0.94,0.899,0.942,0.897,0.926,0.939,0.891,0.893,0.882,0.921,0.922,0.884,0.909
0.91,0.911,0.901,0.888,0.917,0.918,0.993,0.9,0.897,0.869,0.886,0.896,0.909,0.89,0.886,0.98,0.91,0.918,0.918,1.0,0.921,0.918,0.923,0.905,0.916,0.903,0.908,0.883,0.892,0.91,0.892,0.914,0.008,0.92,0.899,0.884,0.997,0.907,0.89,0.913,0.891,0.911,0.917,0.889,0.889,0.889,0.909,0.909,0.878,0.907
0.907,0.914,0.892,0.879,0.932,0.923,0.919,0.893,0.888,0.863,0.903,0.895,0.927,0.89,0.888,0.913,0.914,0.934,0.935,0.921,1.0,0.94,0.938,0.904,0.919,0.902,0.924,0.884,0.886,0.904,0.886,0.933,0.009,0.943,0.901,0.886,0.92,0.925,0.893,0.936,0.887,0.915,0.93,0.888,0.887,0.891,0.924,0.924,0.873,0.897
0.906,0.913,0.894,0.885,0.932,0.92,0.914,0.889,0.889,0.864,0.911,0.893,0.937,0.896,0.884,0.913,0.919,0.938,0.937,0.918,0.94,1.0,0.967,0.909,0.918,0.905,0.923,0.879,0.885,0.895,0.883,0.936,0.009,0.957,0.901,0.877,0.917,0.932,0.892,0.936,0.885,0.917,0.936,0.884,0.887,0.885,0.923,0.923,0.871,0.895
0.904,0.915,0.885,0.882,0.933,0.918,0.919,0.889,0.884,0.858,0.901,0.892,0.928,0.891,0.883,0.91,0.912,0.933,0.932,0.923,0.938,0.967,1.0,0.903,0.915,0.899,0.922,0.877,0.886,0.893,0.883,0.942,0.008,0.95,0.895,0.876,0.921,0.921,0.89,0.925,0.884,0.913,0.927,0.883,0.885,0.905,0.915,0.915,0.869,0.898
0.901,0.931,0.876,0.898,0.909,0.936,0.907,0.88,0.899,0.889,0.93,0.878,0.936,0.89,0.885,0.912,0.928,0.921,0.916,0.905,0.904,0.909,0.903,1.0,0.942,0.938,0.936,0.885,0.902,0.894,0.875,0.905,0.009,0.916,0.95,0.888,0.906,0.923,0.879,0.929,0.886,0.914,0.919,0.879,0.885,0.87,0.911,0.912,0.886,0.895
0.912,0.943,0.891,0.9,0.923,0.947,0.917,0.9,0.898,0.882,0.909,0.895,0.926,0.902,0.893,0.921,0.936,0.927,0.92,0.916,0.919,0.918,0.915,0.942,1.0,0.933,0.921,0.892,0.907,0.903,0.887,0.921,0.01,0.925,0.933,0.886,0.918,0.925,0.897,0.928,0.9,0.923,0.924,0.898,0.897,0.88,0.919,0.92,0.89,0.907
0.894,0.914,0.881,0.899,0.907,0.93,0.906,0.886,0.891,0.881,0.912,0.88,0.926,0.887,0.878,0.908,0.926,0.912,0.912,0.903,0.902,0.905,0.899,0.938,0.933,1.0,0.923,0.89,0.895,0.894,0.874,0.905,0.009,0.91,0.921,0.892,0.905,0.915,0.883,0.923,0.885,0.91,0.915,0.885,0.881,0.87,0.915,0.916,0.888,0.889
0.898,0.909,0.877,0.9,0.919,0.929,0.912,0.882,0.9,0.888,0.933,0.88,0.957,0.895,0.889,0.913,0.912,0.933,0.938,0.908,0.924,0.923,0.922,0.936,0.921,0.923,1.0,0.894,0.907,0.892,0.88,0.925,0.009,0.926,0.927,0.901,0.911,0.947,0.885,0.955,0.892,0.918,0.954,0.885,0.886,0.875,0.912,0.913,0.886,0.902
0.89,0.89,0.871,0.939,0.885,0.893,0.887,0.967,0.89,0.928,0.868,0.928,0.894,0.931,0.931,0.89,0.89,0.889,0.887,0.883,0.884,0.879,0.877,0.885,0.892,0.89,0.894,1.0,0.906,0.881,0.914,0.879,0.008,0.887,0.882,0.919,0.885,0.898,0.92,0.898,0.929,0.89,0.896,0.985,0.973,0.872,0.885,0.886,0.929,0.901
0.914,0.897,0.886,0.897,0.893,0.915,0.894,0.898,0.917,0.889,0.884,0.891,0.908,0.901,0.895,0.896,0.897,0.897,0.906,0.892,0.886,0.885,0.886,0.902,0.907,0.895,0.907,0.906,1.0,0.903,0.891,0.893,0.009,0.898,0.892,0.903,0.892,0.908,0.894,0.918,0.897,0.899,0.907,0.899,0.897,0.895,0.89,0.891,0.901,0.95
0.925,0.907,0.9,0.875,0.907,0.901,0.91,0.897,0.923,0.867,0.879,0.889,0.897,0.889,0.889,0.915,0.899,0.902,0.904,0.91,0.904,0.895,0.893,0.894,0.903,0.894,0.892,0.881,0.903,1.0,0.886,0.892,0.011,0.906,0.887,0.885,0.911,0.901,0.89,0.902,0.892,0.902,0.899,0.885,0.881,0.888,0.904,0.904,0.882,0.914
0.89,0.891,0.881,0.922,0.895,0.885,0.888,0.924,0.879,0.915,0.861,0.929,0.879,0.928,0.929,0.886,0.886,0.881,0.888,0.892,0.886,0.883,0.883,0.875,0.887,0.874,0.88,0.914,0.891,0.886,1.0,0.885,0.008,0.887,0.863,0.901,0.89,0.884,0.92,0.881,0.963,0.892,0.885,0.922,0.924,0.878,0.895,0.895,0.908,0.897
0.905,0.92,0.89,0.878,0.933,0.924,0.911,0.886,0.889,0.861,0.903,0.89,0.925,0.883,0.879,0.901,0.92,0.925,0.923,0.914,0.933,0.936,0.942,0.905,0.921,0.905,0.925,0.879,0.893,0.892,0.885,1.0,0.008,0.933,0.897,0.873,0.913,0.935,0.887,0.932,0.886,0.91,0.939,0.884,0.886,0.891,0.927,0.927,0.867,0.898
0.009,0.009,0.01,0.008,0.008,0.008,0.008,0.009,0.011,0.009,0.009,0.008,0.009,0.009,0.008,0.009,0.008,0.007,0.008,0.008,0.009,0.009,0.008,0.009,0.01,0.009,0.009,0.008,0.009,0.011,0.008,0.008,1.0,0.008,0.009,0.007,0.008,0.008,0.008,0.008,0.009,0.007,0.009,0.008,0.008,0.011,0.008,0.008,0.01,0.008
0.911,0.923,0.887,0.884,0.933,0.935,0.919,0.894,0.897,0.87,0.911,0.89,0.939,0.892,0.882,0.915,0.928,0.934,0.936,0.92,0.943,0.957,0.95,0.916,0.925,0.91,0.926,0.887,0.898,0.906,0.887,0.933,0.008,1.0,0.911,0.888,0.921,0.935,0.898,0.939,0.887,0.925,0.938,0.892,0.892,0.885,0.924,0.924,0.871,0.906
0.89,0.914,0.864,0.89,0.905,0.935,0.902,0.872,0.887,0.893,0.926,0.872,0.925,0.879,0.875,0.905,0.914,0.913,0.908,0.899,0.901,0.901,0.895,0.95,0.933,0.921,0.927,0.882,0.892,0.887,0.863,0.897,0.009,0.911,1.0,0.88,0.901,0.911,0.876,0.922,0.872,0.908,0.917,0.872,0.873,0.854,0.902,0.903,0.88,0.885
0.888,0.875,0.872,0.927,0.881,0.892,0.887,0.904,0.898,0.907,0.878,0.898,0.897,0.909,0.908,0.889,0.884,0.889,0.893,0.884,0.886,0.877,0.876,0.888,0.886,0.892,0.901,0.919,0.903,0.885,0.901,0.873,0.007,0.888,0.88,1.0,0.885,0.89,0.919,0.901,0.917,0.88,0.892,0.908,0.911,0.873,0.873,0.874,0.918,0.897
0.911,0.909,0.9,0.89,0.916,0.919,0.995,0.9,0.9,0.869,0.889,0.894,0.912,0.892,0.887,0.982,0.913,0.921,0.919,0.997,0.92,0.917,0.921,0.906,0.918,0.905,0.911,0.885,0.892,0.911,0.89,0.913,0.008,0.921,0.901,0.885,1.0,0.908,0.891,0.915,0.892,0.913,0.919,0.89,0.889,0.887,0.908,0.909,0.878,0.908
0.917,0.928,0.885,0.889,0.93,0.939,0.91,0.895,0.891,0.876,0.918,0.89,0.946,0.899,0.89,0.917,0.919,0.934,0.94,0.907,0.925,0.932,0.921,0.923,0.925,0.915,0.947,0.898,0.908,0.901,0.884,0.935,0.008,0.935,0.911,0.89,0.908,1.0,0.896,0.949,0.896,0.928,0.964,0.895,0.893,0.882,0.927,0.928,0.885,0.905
0.892,0.891,0.879,0.924,0.892,0.897,0.89,0.924,0.885,0.914,0.864,0.928,0.889,0.93,0.923,0.89,0.895,0.892,0.899,0.89,0.893,0.892,0.89,0.879,0.897,0.883,0.885,0.92,0.894,0.89,0.92,0.887,0.008,0.898,0.876,0.919,0.891,0.896,1.0,0.888,0.927,0.894,0.896,0.929,0.931,0.882,0.896,0.897,0.915,0.9
0.907,0.919,0.888,0.89,0.931,0.942,0.916,0.888,0.909,0.879,0.93,0.88,0.956,0.897,0.885,0.919,0.922,0.946,0.942,0.913,0.936,0.936,0.925,0.929,0.928,0.923,0.955,0.898,0.918,0.902,0.881,0.932,0.008,0.939,0.922,0.901,0.915,0.949,0.888,1.0,0.895,0.925,0.953,0.889,0.888,0.879,0.922,0.923,0.884,0.905
0.891,0.888,0.879,0.938,0.894,0.898,0.894,0.927,0.891,0.929,0.873,0.929,0.893,0.946,0.942,0.898,0.891,0.892,0.897,0.891,0.887,0.885,0.884,0.886,0.9,0.885,0.892,0.929,0.897,0.892,0.963,0.886,0.009,0.887,0.872,0.917,0.892,0.896,0.927,0.895,1.0,0.894,0.896,0.933,0.935,0.873,0.895,0.896,0.922,0.9
0.9,0.922,0.88,0.889,0.924,0.933,0.915,0.893,0.888,0.876,0.902,0.889,0.925,0.893,0.888,0.912,0.925,0.925,0.926,0.911,0.915,0.917,0.913,0.914,0.923,0.91,0.918,0.89,0.899,0.902,0.892,0.91,0.007,0.925,0.908,0.88,0.913,0.928,0.894,0.925,0.894,1.0,0.926,0.893,0.89,0.876,0.939,0.939,0.876,0.901
0.906,0.919,0.883,0.895,0.927,0.94,0.921,0.891,0.896,0.877,0.924,0.889,0.945,0.898,0.895,0.92,0.92,0.939,0.939,0.917,0.93,0.936,0.927,0.919,0.924,0.915,0.954,0.896,0.907,0.899,0.885,0.939,0.009,0.938,0.917,0.892,0.919,0.964,0.896,0.953,0.896,0.926,1.0,0.892,0.89,0.887,0.925,0.926,0.888,0.904
0.895,0.895,0.877,0.932,0.891,0.89,0.892,0.975,0.884,0.92,0.859,0.935,0.885,0.934,0.931,0.889,0.894,0.888,0.891,0.889,0.888,0.884,0.883,0.879,0.898,0.885,0.885,0.985,0.899,0.885,0.922,0.884,0.008,0.892,0.872,0.908,0.89,0.895,0.929,0.889,0.933,0.893,0.892,1.0,0.981,0.881,0.888,0.889,0.922,0.903
0.898,0.895,0.875,0.931,0.888,0.893,0.89,0.963,0.886,0.923,0.86,0.932,0.885,0.933,0.926,0.89,0.896,0.887,0.893,0.889,0.887,0.887,0.885,0.885,0.897,0.881,0.886,0.973,0.897,0.881,0.924,0.886,0.008,0.892,0.873,0.911,0.889,0.893,0.931,0.888,0.935,0.89,0.89,0.981,1.0,0.881,0.895,0.896,0.919,0.901
0.898,0.891,0.884,0.874,0.892,0.884,0.885,0.886,0.887,0.852,0.851,0.884,0.874,0.878,0.875,0.881,0.877,0.878,0.882,0.889,0.891,0.885,0.905,0.87,0.88,0.87,0.875,0.872,0.895,0.888,0.878,0.891,0.011,0.885,0.854,0.873,0.887,0.882,0.882,0.879,0.873,0.876,0.887,0.881,0.881,1.0,0.883,0.883,0.876,0.913
0.901,0.928,0.881,0.882,0.932,0.933,0.906,0.892,0.895,0.869,0.9,0.894,0.918,0.891,0.884,0.905,0.926,0.92,0.921,0.909,0.924,0.923,0.915,0.911,0.919,0.915,0.912,0.885,0.89,0.904,0.895,0.927,0.008,0.924,0.902,0.873,0.908,0.927,0.896,0.922,0.895,0.939,0.925,0.888,0.895,0.883,1.0,0.999,0.877,0.895
0.902,0.928,0.881,0.883,0.931,0.934,0.907,0.893,0.896,0.87,0.901,0.894,0.918,0.892,0.885,0.906,0.927,0.921,0.922,0.909,0.924,0.923,0.915,0.912,0.92,0.916,0.913,0.886,0.891,0.904,0.895,0.927,0.008,0.924,0.903,0.874,0.909,0.928,0.897,0.923,0.896,0.939,0.926,0.889,0.896,0.883,0.999,1.0,0.878,0.896
0.883,0.886,0.872,0.936,0.876,0.887,0.88,0.917,0.892,0.927,0.865,0.907,0.885,0.921,0.915,0.887,0.882,0.883,0.884,0.878,0.873,0.871,0.869,0.886,0.89,0.888,0.886,0.929,0.901,0.882,0.908,0.867,0.01,0.871,0.88,0.918,0.878,0.885,0.915,0.884,0.922,0.876,0.888,0.922,0.919,0.876,0.877,0.878,1.0,0.899
0.923,0.904,0.9,0.892,0.894,0.91,0.91,0.902,0.907,0.883,0.879,0.893,0.896,0.904,0.9,0.904,0.903,0.898,0.909,0.907,0.897,0.895,0.898,0.895,0.907,0.889,0.902,0.901,0.95,0.914,0.897,0.898,0.008,0.906,0.885,0.897,0.908,0.905,0.9,0.905,0.9,0.901,0.904,0.903,0.901,0.913,0.895,0.896,0.899,1.0
