GCF_000163235.1_ASM16323v1_genomic.fna,GCF_000164555.1_ASM16455v1_genomic.fna,GCF_000208545.1_ASM20854v2_genomic.fna,GCF_000233875.1_ASM23387v1_genomic.fna,GCF_000249735.1_ASM24973v2_genomic.fna,GCF_000261145.1_Esch_coli_M919_V2_genomic.fna,GCF_000267705.2_ASM26770v2_genomic.fna,GCF_000350665.1_Esch_coli_KTE5_V1_genomic.fna,GCF_000351625.1_Esch_coli_KTE66_V1_genomic.fna,GCF_000352285.1_Esch_coli_KTE46_V1_genomic.fna,GCF_000358895.1_ASM35889v1_genomic.fna,GCF_000456385.1_Esch_coli_HVH_26_4-5703913_V1_genomic.fna,GCF_000458195.1_Esch_coli_HVH_147_4-5893887_V1_genomic.fna,GCF_000459755.1_Esch_coli_KOEGE_58_171a_V1_genomic.fna,GCF_000460055.1_Esch_coli_UMEA_3053-1_V1_genomic.fna,GCF_000462165.2_ASM46216v2_genomic.fna,GCF_000601135.1_ASM60113v1_genomic.fna,GCF_000614595.1_Ec2010EL1058_genomic.fna,GCF_000617745.1_Ec2010C-4529_genomic.fna,GCF_000618265.2_EcF6751_genomic.fna,GCF_000619005.2_Ec2009C-4052_genomic.fna,GCF_000619105.1_Ec2009C-4780_genomic.fna,GCF_000619765.2_Ec2009C-3279_genomic.fna,GCF_000687005.1_ASM68700v1_genomic.fna,GCF_000687025.1_ASM68702v1_genomic.fna,GCF_000700125.1_ASM70012v1_genomic.fna,GCF_000753315.1_FHI35_genomic.fna,GCF_000776375.1_ASM77637v1_genomic.fna,GCF_000779395.1_ASM77939v1_genomic.fna,GCF_000780315.1_ASM78031v1_genomic.fna,GCF_000781995.1_ASM78199v1_genomic.fna,GCF_000986765.1_ASM98676v1_genomic.fna,GCF_001041375.1_ViralProj287958_genomic.fna,GCF_001265335.1_302014_genomic.fna,GCF_001265625.1_100854_genomic.fna,GCF_001267345.1_303289_genomic.fna,GCF_001309985.1_ASM130998v1_genomic.fna,GCF_001521695.1_ASM152169v1_genomic.fna,GCF_001592595.1_ASM159259v1_genomic.fna,GCF_001614975.1_ASM161497v1_genomic.fna,GCF_001692775.1_ASM169277v1_genomic.fna,GCF_001748915.1_ASM174891v1_genomic.fna,GCF_001749235.1_ASM174923v1_genomic.fna,GCF_001881155.1_ASM188115v1_genomic.fna,GCF_001881345.1_ASM188134v1_genomic.fna,GCF_001892405.1_ASM189240v1_genomic.fna,GCF_001892585.1_ASM189258v1_genomic.fna,GCF_001893985.1_ASM189398v1_genomic.fna,GCF_002001595.1_ASM200159v1_genomic.fna,GCF_002002145.1_ASM200214v1_genomic.fna
1.0,0.567,0.49,0.517,0.551,0.542,0.542,0.513,0.641,0.509,0.54,0.513,0.543,0.5,0.493,0.555,0.559,0.548,0.55,0.533,0.511,0.544,0.563,0.568,0.548,0.554,0.55,0.513,0.578,0.641,0.465,0.537,0.0,0.545,0.535,0.497,0.531,0.559,0.484,0.546,0.494,0.54,0.558,0.507,0.519,0.524,0.535,0.535,0.481,0.594
0.567,1.0,0.449,0.51,0.681,0.792,0.605,0.526,0.538,0.503,0.651,0.529,0.659,0.497,0.508,0.615,0.749,0.654,0.668,0.595,0.626,0.655,0.662,0.807,0.822,0.753,0.667,0.518,0.54,0.548,0.495,0.675,0.0,0.657,0.768,0.479,0.594,0.698,0.504,0.67,0.506,0.728,0.676,0.533,0.534,0.506,0.709,0.711,0.507,0.542
0.49,0.449,1.0,0.429,0.436,0.441,0.425,0.423,0.47,0.414,0.431,0.429,0.433,0.421,0.423,0.432,0.446,0.416,0.43,0.418,0.413,0.428,0.438,0.446,0.448,0.441,0.434,0.423,0.46,0.486,0.409,0.445,0.0,0.434,0.407,0.411,0.417,0.445,0.413,0.442,0.429,0.441,0.457,0.422,0.42,0.424,0.438,0.437,0.413,0.463
0.517,0.51,0.429,1.0,0.522,0.514,0.488,0.757,0.511,0.752,0.495,0.776,0.504,0.813,0.813,0.493,0.524,0.493,0.507,0.48,0.477,0.502,0.517,0.513,0.518,0.517,0.506,0.79,0.557,0.512,0.748,0.52,0.0,0.505,0.488,0.672,0.48,0.503,0.709,0.502,0.782,0.493,0.511,0.774,0.775,0.516,0.503,0.502,0.718,0.558
0.551,0.681,0.436,0.522,1.0,0.681,0.598,0.51,0.533,0.497,0.773,0.51,0.735,0.507,0.511,0.614,0.692,0.691,0.72,0.59,0.681,0.707,0.721,0.687,0.691,0.697,0.727,0.508,0.548,0.543,0.491,0.715,0.0,0.709,0.659,0.481,0.588,0.726,0.503,0.742,0.508,0.677,0.744,0.5,0.512,0.486,0.698,0.699,0.491,0.54
0.542,0.792,0.441,0.514,0.681,1.0,0.617,0.519,0.537,0.484,0.644,0.525,0.659,0.496,0.514,0.615,0.727,0.657,0.667,0.61,0.646,0.658,0.683,0.784,0.809,0.725,0.663,0.511,0.534,0.547,0.487,0.676,0.0,0.669,0.766,0.495,0.61,0.689,0.529,0.665,0.497,0.716,0.671,0.514,0.516,0.518,0.713,0.711,0.491,0.543
0.542,0.605,0.425,0.488,0.598,0.617,1.0,0.495,0.541,0.467,0.57,0.5,0.575,0.478,0.497,0.949,0.611,0.631,0.617,0.978,0.633,0.618,0.651,0.615,0.615,0.6,0.604,0.482,0.496,0.557,0.472,0.605,0.0,0.598,0.594,0.484,0.976,0.592,0.496,0.594,0.475,0.602,0.615,0.49,0.495,0.494,0.581,0.582,0.459,0.522
0.513,0.526,0.423,0.757,0.51,0.519,0.495,1.0,0.504,0.747,0.485,0.773,0.5,0.755,0.766,0.503,0.522,0.492,0.509,0.485,0.47,0.493,0.502,0.522,0.514,0.514,0.504,0.917,0.559,0.513,0.757,0.515,0.0,0.494,0.482,0.667,0.482,0.538,0.72,0.502,0.766,0.507,0.506,0.918,0.907,0.519,0.501,0.503,0.702,0.551
0.641,0.538,0.47,0.511,0.533,0.537,0.541,0.504,1.0,0.505,0.539,0.49,0.549,0.51,0.499,0.55,0.559,0.524,0.54,0.533,0.501,0.545,0.544,0.572,0.539,0.562,0.553,0.507,0.593,0.661,0.476,0.53,0.0,0.543,0.535,0.508,0.532,0.533,0.486,0.546,0.49,0.541,0.558,0.494,0.497,0.525,0.54,0.537,0.494,0.598
0.509,0.503,0.414,0.752,0.497,0.484,0.467,0.747,0.505,1.0,0.507,0.735,0.514,0.769,0.74,0.479,0.5,0.471,0.473,0.459,0.444,0.483,0.473,0.506,0.484,0.508,0.494,0.76,0.555,0.503,0.745,0.472,0.0,0.473,0.484,0.694,0.457,0.488,0.706,0.496,0.764,0.469,0.487,0.739,0.754,0.494,0.479,0.478,0.735,0.523
0.54,0.651,0.431,0.495,0.773,0.644,0.57,0.485,0.539,0.507,1.0,0.478,0.769,0.493,0.474,0.586,0.67,0.687,0.708,0.561,0.66,0.721,0.703,0.702,0.656,0.693,0.713,0.488,0.536,0.527,0.459,0.685,0.0,0.696,0.698,0.497,0.559,0.692,0.481,0.741,0.48,0.656,0.723,0.474,0.478,0.464,0.666,0.665,0.487,0.527
0.513,0.529,0.429,0.776,0.51,0.525,0.5,0.773,0.49,0.735,0.478,1.0,0.493,0.755,0.865,0.503,0.515,0.486,0.498,0.492,0.482,0.488,0.495,0.514,0.514,0.511,0.497,0.772,0.555,0.513,0.727,0.507,0.0,0.489,0.482,0.651,0.49,0.518,0.719,0.496,0.755,0.501,0.503,0.778,0.786,0.534,0.5,0.502,0.692,0.546
0.543,0.659,0.433,0.504,0.735,0.659,0.575,0.5,0.549,0.514,0.769,0.493,1.0,0.499,0.488,0.592,0.694,0.729,0.752,0.566,0.707,0.808,0.789,0.71,0.658,0.698,0.787,0.496,0.555,0.544,0.473,0.725,0.0,0.785,0.685,0.506,0.564,0.75,0.493,0.797,0.487,0.664,0.77,0.481,0.482,0.479,0.67,0.669,0.498,0.539
0.5,0.497,0.421,0.813,0.507,0.496,0.478,0.755,0.51,0.769,0.493,0.755,0.499,1.0,0.792,0.487,0.508,0.478,0.484,0.472,0.454,0.5,0.497,0.512,0.502,0.518,0.498,0.79,0.564,0.505,0.736,0.498,0.0,0.491,0.491,0.689,0.469,0.498,0.694,0.491,0.762,0.479,0.499,0.772,0.773,0.509,0.49,0.489,0.728,0.546
0.493,0.508,0.423,0.813,0.511,0.514,0.497,0.766,0.499,0.74,0.474,0.865,0.488,0.792,1.0,0.499,0.512,0.483,0.483,0.49,0.473,0.482,0.5,0.498,0.508,0.509,0.496,0.776,0.549,0.501,0.77,0.506,0.0,0.482,0.473,0.651,0.487,0.506,0.726,0.489,0.787,0.484,0.501,0.776,0.777,0.526,0.501,0.502,0.706,0.56
0.555,0.615,0.432,0.493,0.614,0.615,0.949,0.503,0.55,0.479,0.586,0.503,0.592,0.487,0.499,1.0,0.622,0.631,0.631,0.947,0.613,0.63,0.656,0.623,0.62,0.612,0.609,0.493,0.509,0.569,0.474,0.601,0.0,0.605,0.601,0.49,0.946,0.607,0.497,0.607,0.49,0.613,0.621,0.492,0.5,0.497,0.594,0.595,0.473,0.533
0.559,0.749,0.446,0.524,0.692,0.727,0.611,0.522,0.559,0.5,0.67,0.515,0.694,0.508,0.512,0.622,1.0,0.653,0.678,0.6,0.636,0.691,0.687,0.78,0.77,0.788,0.69,0.522,0.555,0.548,0.482,0.694,0.0,0.692,0.732,0.517,0.599,0.671,0.507,0.69,0.496,0.703,0.693,0.517,0.524,0.483,0.717,0.716,0.505,0.552
0.548,0.654,0.416,0.493,0.691,0.657,0.631,0.492,0.524,0.471,0.687,0.486,0.729,0.478,0.483,0.631,0.653,1.0,0.787,0.62,0.723,0.764,0.779,0.662,0.655,0.655,0.746,0.483,0.519,0.549,0.472,0.729,0.0,0.729,0.634,0.489,0.619,0.721,0.495,0.734,0.479,0.677,0.746,0.49,0.491,0.48,0.651,0.653,0.462,0.526
0.55,0.668,0.43,0.507,0.72,0.667,0.617,0.509,0.54,0.473,0.708,0.498,0.752,0.484,0.483,0.631,0.678,0.787,1.0,0.605,0.731,0.771,0.789,0.681,0.672,0.673,0.753,0.494,0.522,0.553,0.472,0.729,0.0,0.741,0.662,0.499,0.604,0.72,0.51,0.75,0.489,0.677,0.747,0.493,0.5,0.484,0.664,0.665,0.469,0.535
0.533,0.595,0.418,0.48,0.59,0.61,0.978,0.485,0.533,0.459,0.561,0.492,0.566,0.472,0.49,0.947,0.6,0.62,0.605,1.0,0.633,0.606,0.638,0.605,0.608,0.589,0.594,0.472,0.488,0.548,0.465,0.592,0.0,0.586,0.582,0.476,0.99,0.583,0.486,0.582,0.468,0.592,0.602,0.479,0.484,0.494,0.572,0.573,0.451,0.513
0.511,0.626,0.413,0.477,0.681,0.646,0.633,0.47,0.501,0.444,0.66,0.482,0.707,0.454,0.473,0.613,0.636,0.723,0.731,0.633,1.0,0.736,0.764,0.64,0.629,0.634,0.711,0.46,0.483,0.514,0.455,0.722,0.0,0.723,0.614,0.469,0.632,0.698,0.476,0.721,0.47,0.637,0.718,0.471,0.47,0.501,0.638,0.639,0.44,0.503
0.544,0.655,0.428,0.502,0.707,0.658,0.618,0.493,0.545,0.483,0.721,0.488,0.808,0.5,0.482,0.63,0.691,0.764,0.771,0.606,0.736,1.0,0.911,0.696,0.665,0.69,0.774,0.491,0.538,0.532,0.467,0.738,0.0,0.878,0.67,0.506,0.606,0.73,0.48,0.778,0.479,0.662,0.767,0.482,0.483,0.48,0.662,0.661,0.485,0.539
0.563,0.662,0.438,0.517,0.721,0.683,0.651,0.502,0.544,0.473,0.703,0.495,0.789,0.497,0.5,0.656,0.687,0.779,0.789,0.638,0.764,0.911,1.0,0.682,0.676,0.682,0.779,0.5,0.534,0.54,0.48,0.757,0.0,0.864,0.656,0.503,0.638,0.743,0.503,0.773,0.492,0.667,0.774,0.497,0.498,0.487,0.668,0.669,0.474,0.547
0.568,0.807,0.446,0.513,0.687,0.784,0.615,0.522,0.572,0.506,0.702,0.514,0.71,0.512,0.498,0.623,0.78,0.662,0.681,0.605,0.64,0.696,0.682,1.0,0.822,0.792,0.69,0.512,0.556,0.561,0.474,0.673,0.0,0.682,0.827,0.518,0.603,0.672,0.49,0.695,0.498,0.727,0.691,0.504,0.506,0.497,0.725,0.724,0.51,0.551
0.548,0.822,0.448,0.518,0.691,0.809,0.615,0.514,0.539,0.484,0.656,0.514,0.658,0.502,0.508,0.62,0.77,0.655,0.672,0.608,0.629,0.665,0.676,0.822,1.0,0.776,0.672,0.511,0.529,0.547,0.487,0.698,0.0,0.665,0.794,0.484,0.609,0.681,0.504,0.668,0.495,0.727,0.689,0.52,0.515,0.501,0.709,0.71,0.499,0.534
0.554,0.753,0.441,0.517,0.697,0.725,0.6,0.514,0.562,0.508,0.693,0.511,0.698,0.518,0.509,0.612,0.788,0.655,0.673,0.589,0.634,0.69,0.682,0.792,0.776,1.0,0.687,0.513,0.55,0.548,0.48,0.682,0.0,0.673,0.747,0.518,0.589,0.673,0.496,0.697,0.496,0.716,0.681,0.514,0.511,0.494,0.722,0.721,0.512,0.545
0.55,0.667,0.434,0.506,0.727,0.663,0.604,0.504,0.553,0.494,0.713,0.497,0.787,0.498,0.496,0.609,0.69,0.746,0.753,0.594,0.711,0.774,0.779,0.69,0.672,0.687,1.0,0.502,0.534,0.542,0.483,0.752,0.0,0.771,0.657,0.497,0.592,0.821,0.487,0.797,0.5,0.668,0.86,0.499,0.495,0.487,0.663,0.662,0.481,0.546
0.513,0.518,0.423,0.79,0.508,0.511,0.482,0.917,0.507,0.76,0.488,0.772,0.496,0.79,0.776,0.493,0.522,0.483,0.494,0.472,0.46,0.491,0.5,0.512,0.511,0.513,0.502,1.0,0.561,0.51,0.751,0.507,0.0,0.491,0.476,0.681,0.472,0.523,0.712,0.499,0.78,0.499,0.501,0.96,0.947,0.514,0.505,0.504,0.719,0.549
0.578,0.54,0.46,0.557,0.548,0.534,0.496,0.559,0.593,0.555,0.536,0.555,0.555,0.564,0.549,0.509,0.555,0.519,0.522,0.488,0.483,0.538,0.534,0.556,0.529,0.55,0.534,0.561,1.0,0.563,0.52,0.539,0.0,0.531,0.527,0.546,0.487,0.532,0.519,0.53,0.529,0.516,0.528,0.541,0.545,0.598,0.518,0.518,0.546,0.837
0.641,0.548,0.486,0.512,0.543,0.547,0.557,0.513,0.661,0.503,0.527,0.513,0.544,0.505,0.501,0.569,0.548,0.549,0.553,0.548,0.514,0.532,0.54,0.561,0.547,0.548,0.542,0.51,0.563,1.0,0.496,0.535,0.0,0.531,0.527,0.493,0.546,0.551,0.508,0.555,0.514,0.556,0.556,0.509,0.512,0.553,0.545,0.544,0.485,0.593
0.465,0.495,0.409,0.748,0.491,0.487,0.472,0.757,0.476,0.745,0.459,0.727,0.473,0.736,0.77,0.474,0.482,0.472,0.472,0.465,0.455,0.467,0.48,0.474,0.487,0.48,0.483,0.751,0.52,0.496,1.0,0.488,0.0,0.466,0.451,0.634,0.462,0.494,0.696,0.481,0.885,0.482,0.48,0.755,0.757,0.493,0.472,0.474,0.684,0.517
0.537,0.675,0.445,0.52,0.715,0.676,0.605,0.515,0.53,0.472,0.685,0.507,0.725,0.498,0.506,0.601,0.694,0.729,0.729,0.592,0.722,0.738,0.757,0.673,0.698,0.682,0.752,0.507,0.539,0.535,0.488,1.0,0.0,0.73,0.637,0.485,0.592,0.754,0.505,0.749,0.492,0.675,0.755,0.507,0.51,0.486,0.668,0.67,0.479,0.53
0.0,0.0,0.0,0.0,0.0,0.0,0.0,0.0,0.0,0.0,0.0,0.0,0.0,0.0,0.0,0.0,0.0,0.0,0.0,0.0,0.0,0.0,0.0,0.0,0.0,0.0,0.0,0.0,0.0,0.0,0.0,0.0,1.0,0.0,0.0,0.0,0.0,0.0,0.0,0.0,0.0,0.0,0.0,0.0,0.0,0.0,0.0,0.0,0.0,0.0
0.545,0.657,0.434,0.505,0.709,0.669,0.598,0.494,0.543,0.473,0.696,0.489,0.785,0.491,0.482,0.605,0.692,0.729,0.741,0.586,0.723,0.878,0.864,0.682,0.665,0.673,0.771,0.491,0.531,0.531,0.466,0.73,0.0,1.0,0.664,0.505,0.584,0.729,0.494,0.768,0.477,0.661,0.769,0.482,0.485,0.48,0.667,0.667,0.467,0.548
0.535,0.768,0.407,0.488,0.659,0.766,0.594,0.482,0.535,0.484,0.698,0.482,0.685,0.491,0.473,0.601,0.732,0.634,0.662,0.582,0.614,0.67,0.656,0.827,0.794,0.747,0.657,0.476,0.527,0.527,0.451,0.637,0.0,0.664,1.0,0.496,0.582,0.643,0.474,0.671,0.462,0.696,0.666,0.468,0.473,0.476,0.687,0.687,0.486,0.519
0.497,0.479,0.411,0.672,0.481,0.495,0.484,0.667,0.508,0.694,0.497,0.651,0.506,0.689,0.651,0.49,0.517,0.489,0.499,0.476,0.469,0.506,0.503,0.518,0.484,0.518,0.497,0.681,0.546,0.493,0.634,0.485,0.0,0.505,0.496,1.0,0.475,0.476,0.667,0.497,0.655,0.477,0.486,0.664,0.67,0.474,0.486,0.484,0.67,0.52
0.531,0.594,0.417,0.48,0.588,0.61,0.976,0.482,0.532,0.457,0.559,0.49,0.564,0.469,0.487,0.946,0.599,0.619,0.604,0.99,0.632,0.606,0.638,0.603,0.609,0.589,0.592,0.472,0.487,0.546,0.462,0.592,0.0,0.584,0.582,0.475,1.0,0.582,0.484,0.581,0.466,0.589,0.6,0.478,0.483,0.492,0.571,0.571,0.449,0.512
0.559,0.698,0.445,0.503,0.726,0.689,0.592,0.538,0.533,0.488,0.692,0.518,0.75,0.498,0.506,0.607,0.671,0.721,0.72,0.583,0.698,0.73,0.743,0.672,0.681,0.673,0.821,0.523,0.532,0.551,0.494,0.754,0.0,0.729,0.643,0.476,0.582,1.0,0.514,0.754,0.508,0.681,0.855,0.53,0.52,0.5,0.674,0.676,0.491,0.535
0.484,0.504,0.413,0.709,0.503,0.529,0.496,0.72,0.486,0.706,0.481,0.719,0.493,0.694,0.726,0.497,0.507,0.495,0.51,0.486,0.476,0.48,0.503,0.49,0.504,0.496,0.487,0.712,0.519,0.508,0.696,0.505,0.0,0.494,0.474,0.667,0.484,0.514,1.0,0.488,0.71,0.494,0.502,0.718,0.723,0.505,0.489,0.489,0.661,0.528
0.546,0.67,0.442,0.502,0.742,0.665,0.594,0.502,0.546,0.496,0.741,0.496,0.797,0.491,0.489,0.607,0.69,0.734,0.75,0.582,0.721,0.778,0.773,0.695,0.668,0.697,0.797,0.499,0.53,0.555,0.481,0.749,0.0,0.768,0.671,0.497,0.581,0.754,0.488,1.0,0.495,0.673,0.793,0.488,0.497,0.488,0.683,0.682,0.477,0.552
0.494,0.506,0.429,0.782,0.508,0.497,0.475,0.766,0.49,0.764,0.48,0.755,0.487,0.762,0.787,0.49,0.496,0.479,0.489,0.468,0.47,0.479,0.492,0.498,0.495,0.496,0.5,0.78,0.529,0.514,0.885,0.492,0.0,0.477,0.462,0.655,0.466,0.508,0.71,0.495,1.0,0.49,0.493,0.776,0.778,0.502,0.487,0.489,0.702,0.532
0.54,0.728,0.441,0.493,0.677,0.716,0.602,0.507,0.541,0.469,0.656,0.501,0.664,0.479,0.484,0.613,0.703,0.677,0.677,0.592,0.637,0.662,0.667,0.727,0.727,0.716,0.668,0.499,0.516,0.556,0.482,0.675,0.0,0.661,0.696,0.477,0.589,0.681,0.494,0.673,0.49,1.0,0.697,0.506,0.505,0.489,0.736,0.737,0.472,0.522
0.558,0.676,0.457,0.511,0.744,0.671,0.615,0.506,0.558,0.487,0.723,0.503,0.77,0.499,0.501,0.621,0.693,0.746,0.747,0.602,0.718,0.767,0.774,0.691,0.689,0.681,0.86,0.501,0.528,0.556,0.48,0.755,0.0,0.769,0.666,0.486,0.6,0.855,0.502,0.793,0.493,0.697,1.0,0.499,0.502,0.5,0.682,0.682,0.483,0.55
0.507,0.533,0.422,0.774,0.5,0.514,0.49,0.918,0.494,0.739,0.474,0.778,0.481,0.772,0.776,0.492,0.517,0.49,0.493,0.479,0.471,0.482,0.497,0.504,0.52,0.514,0.499,0.96,0.541,0.509,0.755,0.507,0.0,0.482,0.468,0.664,0.478,0.53,0.718,0.488,0.776,0.506,0.499,1.0,0.964,0.522,0.498,0.5,0.712,0.536
0.519,0.534,0.42,0.775,0.512,0.516,0.495,0.907,0.497,0.754,0.478,0.786,0.482,0.773,0.777,0.5,0.524,0.491,0.5,0.484,0.47,0.483,0.498,0.506,0.515,0.511,0.495,0.947,0.545,0.512,0.757,0.51,0.0,0.485,0.473,0.67,0.483,0.52,0.723,0.497,0.778,0.505,0.502,0.964,1.0,0.519,0.502,0.504,0.707,0.54
0.524,0.506,0.424,0.516,0.486,0.518,0.494,0.519,0.525,0.494,0.464,0.534,0.479,0.509,0.526,0.497,0.483,0.48,0.484,0.494,0.501,0.48,0.487,0.497,0.501,0.494,0.487,0.514,0.598,0.553,0.493,0.486,0.0,0.48,0.476,0.474,0.492,0.5,0.505,0.488,0.502,0.489,0.5,0.522,0.519,1.0,0.514,0.513,0.49,0.653
0.535,0.709,0.438,0.503,0.698,0.713,0.581,0.501,0.54,0.479,0.666,0.5,0.67,0.49,0.501,0.594,0.717,0.651,0.664,0.572,0.638,0.662,0.668,0.725,0.709,0.722,0.663,0.505,0.518,0.545,0.472,0.668,0.0,0.667,0.687,0.486,0.571,0.674,0.489,0.683,0.487,0.736,0.682,0.498,0.502,0.514,1.0,0.994,0.478,0.543
0.535,0.711,0.437,0.502,0.699,0.711,0.582,0.503,0.537,0.478,0.665,0.502,0.669,0.489,0.502,0.595,0.716,0.653,0.665,0.573,0.639,0.661,0.669,0.724,0.71,0.721,0.662,0.504,0.518,0.544,0.474,0.67,0.0,0.667,0.687,0.484,0.571,0.676,0.489,0.682,0.489,0.737,0.682,0.5,0.504,0.513,0.994,1.0,0.477,0.539
0.481,0.507,0.413,0.718,0.491,0.491,0.459,0.702,0.494,0.735,0.487,0.692,0.498,0.728,0.706,0.473,0.505,0.462,0.469,0.451,0.44,0.485,0.474,0.51,0.499,0.512,0.481,0.719,0.546,0.485,0.684,0.479,0.0,0.467,0.486,0.67,0.449,0.491,0.661,0.477,0.702,0.472,0.483,0.712,0.707,0.49,0.478,0.477,1.0,0.519
0.594,0.542,0.463,0.558,0.54,0.543,0.522,0.551,0.598,0.523,0.527,0.546,0.539,0.546,0.56,0.533,0.552,0.526,0.535,0.513,0.503,0.539,0.547,0.551,0.534,0.545,0.546,0.549,0.837,0.593,0.517,0.53,0.0,0.548,0.519,0.52,0.512,0.535,0.528,0.552,0.532,0.522,0.55,0.536,0.54,0.653,0.543,0.539,0.519,1.0
