GCF_000163235.1_ASM16323v1_genomic.fna,GCF_000164555.1_ASM16455v1_genomic.fna,GCF_000208545.1_ASM20854v2_genomic.fna,GCF_000233875.1_ASM23387v1_genomic.fna,GCF_000249735.1_ASM24973v2_genomic.fna,GCF_000261145.1_Esch_coli_M919_V2_genomic.fna,GCF_000267705.2_ASM26770v2_genomic.fna,GCF_000350665.1_Esch_coli_KTE5_V1_genomic.fna,GCF_000351625.1_Esch_coli_KTE66_V1_genomic.fna,GCF_000352285.1_Esch_coli_KTE46_V1_genomic.fna,GCF_000358895.1_ASM35889v1_genomic.fna,GCF_000456385.1_Esch_coli_HVH_26_4-5703913_V1_genomic.fna,GCF_000458195.1_Esch_coli_HVH_147_4-5893887_V1_genomic.fna,GCF_000459755.1_Esch_coli_KOEGE_58_171a_V1_genomic.fna,GCF_000460055.1_Esch_coli_UMEA_3053-1_V1_genomic.fna,GCF_000462165.2_ASM46216v2_genomic.fna,GCF_000601135.1_ASM60113v1_genomic.fna,GCF_000614595.1_Ec2010EL1058_genomic.fna,GCF_000617745.1_Ec2010C-4529_genomic.fna,GCF_000618265.2_EcF6751_genomic.fna,GCF_000619005.2_Ec2009C-4052_genomic.fna,GCF_000619105.1_Ec2009C-4780_genomic.fna,GCF_000619765.2_Ec2009C-3279_genomic.fna,GCF_000687005.1_ASM68700v1_genomic.fna,GCF_000687025.1_ASM68702v1_genomic.fna,GCF_000700125.1_ASM70012v1_genomic.fna,GCF_000753315.1_FHI35_genomic.fna,GCF_000776375.1_ASM77637v1_genomic.fna,GCF_000779395.1_ASM77939v1_genomic.fna,GCF_000780315.1_ASM78031v1_genomic.fna,GCF_000781995.1_ASM78199v1_genomic.fna,GCF_000986765.1_ASM98676v1_genomic.fna,GCF_001041375.1_ViralProj287958_genomic.fna,GCF_001265335.1_302014_genomic.fna,GCF_001265625.1_100854_genomic.fna,GCF_001267345.1_303289_genomic.fna,GCF_001309985.1_ASM130998v1_genomic.fna,GCF_001521695.1_ASM152169v1_genomic.fna,GCF_001592595.1_ASM159259v1_genomic.fna,GCF_001614975.1_ASM161497v1_genomic.fna,GCF_001692775.1_ASM169277v1_genomic.fna,GCF_001748915.1_ASM174891v1_genomic.fna,GCF_001749235.1_ASM174923v1_genomic.fna,GCF_001881155.1_ASM188115v1_genomic.fna,GCF_001881345.1_ASM188134v1_genomic.fna,GCF_001892405.1_ASM189240v1_genomic.fna,GCF_001892585.1_ASM189258v1_genomic.fna,GCF_001893985.1_ASM189398v1_genomic.fna,GCF_002001595.1_ASM200159v1_genomic.fna,GCF_002002145.1_ASM200214v1_genomic.fna
1.0,0.906,0.88,0.897,0.898,0.91,0.911,0.903,0.908,0.889,0.871,0.901,0.883,0.898,0.897,0.91,0.905,0.895,0.901,0.908,0.899,0.905,0.908,0.891,0.893,0.887,0.883,0.893,0.9,0.917,0.888,0.906,0.015,0.904,0.876,0.899,0.909,0.898,0.894,0.895,0.897,0.89,0.9,0.899,0.904,0.884,0.889,0.89,0.887,0.89
0.906,1.0,0.877,0.899,0.914,0.937,0.909,0.909,0.889,0.896,0.879,0.907,0.889,0.894,0.898,0.906,0.93,0.899,0.907,0.904,0.905,0.902,0.915,0.929,0.945,0.921,0.906,0.9,0.89,0.902,0.897,0.916,0.012,0.905,0.914,0.904,0.906,0.926,0.898,0.91,0.896,0.913,0.919,0.907,0.912,0.886,0.924,0.921,0.892,0.886
0.88,0.877,1.0,0.877,0.868,0.886,0.881,0.87,0.875,0.865,0.847,0.871,0.85,0.872,0.874,0.879,0.878,0.861,0.877,0.884,0.87,0.877,0.874,0.861,0.875,0.871,0.863,0.867,0.882,0.88,0.879,0.875,0.015,0.872,0.852,0.891,0.882,0.879,0.869,0.864,0.883,0.865,0.877,0.875,0.874,0.885,0.882,0.881,0.86,0.876
0.897,0.899,0.877,1.0,0.897,0.897,0.894,0.93,0.889,0.939,0.868,0.944,0.881,0.949,0.943,0.901,0.891,0.882,0.889,0.892,0.888,0.891,0.897,0.884,0.893,0.884,0.883,0.945,0.895,0.9,0.923,0.901,0.014,0.888,0.872,0.922,0.894,0.889,0.923,0.881,0.941,0.884,0.89,0.942,0.938,0.881,0.89,0.891,0.925,0.894
0.898,0.914,0.868,0.897,1.0,0.929,0.906,0.894,0.9,0.897,0.922,0.89,0.926,0.9,0.892,0.916,0.918,0.916,0.93,0.903,0.924,0.92,0.922,0.918,0.923,0.921,0.932,0.903,0.897,0.907,0.887,0.929,0.014,0.929,0.908,0.894,0.905,0.929,0.895,0.934,0.896,0.922,0.929,0.895,0.895,0.875,0.916,0.918,0.89,0.891
0.91,0.937,0.886,0.897,0.929,1.0,0.921,0.912,0.903,0.888,0.894,0.898,0.91,0.896,0.9,0.922,0.935,0.914,0.928,0.915,0.919,0.917,0.925,0.934,0.942,0.929,0.917,0.901,0.896,0.906,0.895,0.923,0.013,0.923,0.925,0.9,0.917,0.929,0.907,0.918,0.9,0.928,0.932,0.902,0.901,0.885,0.931,0.932,0.89,0.892
0.911,0.909,0.881,0.894,0.906,0.921,1.0,0.897,0.897,0.883,0.881,0.899,0.894,0.89,0.896,0.985,0.916,0.9,0.92,0.992,0.92,0.913,0.914,0.897,0.907,0.905,0.9,0.892,0.884,0.899,0.891,0.916,0.014,0.911,0.891,0.902,0.996,0.912,0.895,0.901,0.897,0.907,0.912,0.894,0.897,0.881,0.902,0.902,0.886,0.887
0.903,0.909,0.87,0.93,0.894,0.912,0.897,1.0,0.888,0.934,0.867,0.936,0.876,0.937,0.937,0.899,0.9,0.881,0.897,0.894,0.89,0.894,0.898,0.885,0.898,0.893,0.881,0.971,0.891,0.897,0.931,0.896,0.015,0.894,0.874,0.922,0.895,0.903,0.929,0.885,0.935,0.886,0.901,0.974,0.967,0.888,0.9,0.9,0.925,0.888
0.908,0.889,0.875,0.889,0.9,0.903,0.897,0.888,1.0,0.889,0.881,0.882,0.888,0.891,0.88,0.901,0.898,0.893,0.901,0.892,0.893,0.9,0.9,0.898,0.897,0.895,0.891,0.888,0.903,0.919,0.88,0.892,0.015,0.901,0.886,0.892,0.894,0.889,0.888,0.895,0.88,0.899,0.894,0.886,0.884,0.867,0.895,0.896,0.886,0.896
0.889,0.896,0.865,0.939,0.897,0.888,0.883,0.934,0.889,1.0,0.871,0.932,0.88,0.942,0.933,0.893,0.89,0.88,0.883,0.879,0.883,0.886,0.884,0.884,0.893,0.89,0.885,0.947,0.903,0.9,0.929,0.89,0.015,0.887,0.876,0.913,0.881,0.878,0.92,0.89,0.935,0.889,0.877,0.94,0.941,0.872,0.888,0.888,0.929,0.895
0.871,0.879,0.847,0.868,0.922,0.894,0.881,0.867,0.881,0.871,1.0,0.859,0.94,0.871,0.864,0.888,0.889,0.912,0.905,0.876,0.896,0.907,0.902,0.917,0.893,0.899,0.914,0.87,0.869,0.884,0.859,0.901,0.018,0.906,0.913,0.862,0.878,0.9,0.864,0.917,0.868,0.903,0.904,0.866,0.864,0.842,0.887,0.889,0.869,0.872
0.901,0.907,0.871,0.944,0.89,0.898,0.899,0.936,0.882,0.932,0.859,1.0,0.872,0.935,0.955,0.899,0.893,0.877,0.887,0.896,0.885,0.885,0.89,0.875,0.888,0.88,0.875,0.931,0.888,0.892,0.918,0.894,0.014,0.889,0.869,0.921,0.898,0.905,0.922,0.878,0.929,0.878,0.893,0.933,0.934,0.879,0.894,0.892,0.919,0.883
0.883,0.889,0.85,0.881,0.926,0.91,0.894,0.876,0.888,0.88,0.94,0.872,1.0,0.882,0.876,0.902,0.899,0.927,0.922,0.889,0.916,0.931,0.927,0.925,0.91,0.918,0.93,0.883,0.886,0.896,0.869,0.92,0.014,0.929,0.923,0.873,0.891,0.915,0.877,0.932,0.878,0.916,0.92,0.878,0.877,0.853,0.894,0.896,0.878,0.888
0.898,0.894,0.872,0.949,0.9,0.896,0.89,0.937,0.891,0.942,0.871,0.935,0.882,1.0,0.948,0.898,0.891,0.885,0.897,0.886,0.887,0.898,0.897,0.881,0.89,0.885,0.892,0.95,0.901,0.9,0.929,0.895,0.015,0.891,0.865,0.916,0.888,0.895,0.921,0.885,0.941,0.88,0.885,0.946,0.944,0.882,0.892,0.892,0.934,0.898
0.897,0.898,0.874,0.943,0.892,0.9,0.896,0.937,0.88,0.933,0.864,0.955,0.876,0.948,1.0,0.898,0.891,0.879,0.886,0.893,0.882,0.892,0.89,0.874,0.887,0.88,0.883,0.937,0.889,0.891,0.925,0.892,0.015,0.89,0.868,0.923,0.896,0.896,0.921,0.881,0.939,0.878,0.89,0.938,0.939,0.882,0.896,0.895,0.922,0.887
0.91,0.906,0.879,0.901,0.916,0.922,0.985,0.899,0.901,0.893,0.888,0.899,0.902,0.898,0.898,1.0,0.922,0.902,0.922,0.98,0.92,0.916,0.916,0.901,0.912,0.907,0.907,0.898,0.89,0.907,0.892,0.918,0.014,0.91,0.894,0.899,0.984,0.911,0.899,0.908,0.899,0.91,0.912,0.896,0.894,0.881,0.9,0.902,0.89,0.89
0.905,0.93,0.878,0.891,0.918,0.935,0.916,0.9,0.898,0.89,0.889,0.893,0.899,0.891,0.891,0.922,1.0,0.901,0.92,0.912,0.915,0.915,0.918,0.928,0.93,0.931,0.909,0.894,0.886,0.908,0.893,0.927,0.013,0.919,0.904,0.895,0.914,0.92,0.894,0.918,0.893,0.92,0.92,0.896,0.895,0.881,0.925,0.926,0.889,0.883
0.895,0.899,0.861,0.882,0.916,0.914,0.9,0.881,0.893,0.88,0.912,0.877,0.927,0.885,0.879,0.902,0.901,1.0,0.94,0.895,0.93,0.939,0.941,0.922,0.915,0.922,0.935,0.882,0.89,0.895,0.867,0.927,0.016,0.93,0.915,0.882,0.897,0.91,0.883,0.936,0.874,0.923,0.924,0.879,0.879,0.86,0.903,0.905,0.885,0.887
0.901,0.907,0.877,0.889,0.93,0.928,0.92,0.897,0.901,0.883,0.905,0.887,0.922,0.897,0.886,0.922,0.92,0.94,1.0,0.917,0.94,0.947,0.946,0.921,0.924,0.925,0.933,0.89,0.895,0.91,0.88,0.938,0.013,0.94,0.916,0.896,0.919,0.923,0.894,0.934,0.886,0.922,0.927,0.887,0.888,0.877,0.913,0.915,0.894,0.897
0.908,0.904,0.884,0.892,0.903,0.915,0.992,0.894,0.892,0.879,0.876,0.896,0.889,0.886,0.893,0.98,0.912,0.895,0.917,1.0,0.917,0.909,0.91,0.892,0.902,0.9,0.895,0.888,0.877,0.896,0.889,0.915,0.014,0.905,0.885,0.904,0.995,0.91,0.893,0.897,0.893,0.9,0.907,0.89,0.893,0.887,0.898,0.898,0.883,0.882
0.899,0.905,0.87,0.888,0.924,0.919,0.92,0.89,0.893,0.883,0.896,0.885,0.916,0.887,0.882,0.92,0.915,0.93,0.94,0.917,1.0,0.936,0.934,0.909,0.915,0.916,0.921,0.892,0.886,0.899,0.882,0.935,0.013,0.933,0.902,0.889,0.919,0.916,0.893,0.935,0.883,0.913,0.922,0.889,0.893,0.871,0.912,0.914,0.884,0.894
0.905,0.902,0.877,0.891,0.92,0.917,0.913,0.894,0.9,0.886,0.907,0.885,0.931,0.898,0.892,0.916,0.915,0.939,0.947,0.909,0.936,1.0,0.976,0.911,0.913,0.91,0.929,0.896,0.891,0.91,0.887,0.941,0.014,0.964,0.898,0.895,0.91,0.928,0.895,0.935,0.893,0.917,0.937,0.894,0.895,0.875,0.911,0.912,0.891,0.897
0.908,0.915,0.874,0.897,0.922,0.925,0.914,0.898,0.9,0.884,0.902,0.89,0.927,0.897,0.89,0.916,0.918,0.941,0.946,0.91,0.934,0.976,1.0,0.913,0.918,0.912,0.926,0.895,0.892,0.911,0.888,0.942,0.014,0.962,0.901,0.896,0.911,0.934,0.898,0.932,0.893,0.916,0.939,0.895,0.896,0.879,0.915,0.916,0.891,0.896
0.891,0.929,0.861,0.884,0.918,0.934,0.897,0.885,0.898,0.884,0.917,0.875,0.925,0.881,0.874,0.901,0.928,0.922,0.921,0.892,0.909,0.911,0.913,1.0,0.942,0.937,0.921,0.883,0.885,0.903,0.874,0.916,0.013,0.911,0.949,0.883,0.894,0.909,0.882,0.922,0.88,0.93,0.912,0.878,0.877,0.863,0.916,0.917,0.877,0.891
0.893,0.945,0.875,0.893,0.923,0.942,0.907,0.898,0.897,0.893,0.893,0.888,0.91,0.89,0.887,0.912,0.93,0.915,0.924,0.902,0.915,0.913,0.918,0.942,1.0,0.937,0.914,0.895,0.894,0.902,0.886,0.926,0.012,0.911,0.932,0.893,0.904,0.915,0.894,0.918,0.887,0.931,0.92,0.894,0.89,0.88,0.915,0.916,0.893,0.891
0.887,0.921,0.871,0.884,0.921,0.929,0.905,0.893,0.895,0.89,0.899,0.88,0.918,0.885,0.88,0.907,0.931,0.922,0.925,0.9,0.916,0.91,0.912,0.937,0.937,1.0,0.922,0.889,0.894,0.903,0.879,0.919,0.015,0.912,0.922,0.886,0.903,0.905,0.883,0.923,0.88,0.932,0.911,0.887,0.884,0.867,0.917,0.919,0.884,0.889
0.883,0.906,0.863,0.883,0.932,0.917,0.9,0.881,0.891,0.885,0.914,0.875,0.93,0.892,0.883,0.907,0.909,0.935,0.933,0.895,0.921,0.929,0.926,0.921,0.914,0.922,1.0,0.887,0.894,0.897,0.882,0.934,0.015,0.927,0.907,0.884,0.898,0.934,0.881,0.939,0.889,0.927,0.938,0.885,0.883,0.864,0.909,0.91,0.891,0.892
0.893,0.9,0.867,0.945,0.903,0.901,0.892,0.971,0.888,0.947,0.87,0.931,0.883,0.95,0.937,0.898,0.894,0.882,0.89,0.888,0.892,0.896,0.895,0.883,0.895,0.889,0.887,1.0,0.898,0.897,0.928,0.903,0.014,0.894,0.871,0.915,0.89,0.899,0.925,0.888,0.941,0.884,0.89,0.989,0.979,0.881,0.895,0.896,0.926,0.897
0.9,0.89,0.882,0.895,0.897,0.896,0.884,0.891,0.903,0.903,0.869,0.888,0.886,0.901,0.889,0.89,0.886,0.89,0.895,0.877,0.886,0.891,0.892,0.885,0.894,0.894,0.894,0.898,1.0,0.909,0.893,0.894,0.015,0.885,0.874,0.893,0.881,0.884,0.886,0.89,0.897,0.892,0.88,0.898,0.895,0.896,0.879,0.881,0.887,0.952
0.917,0.902,0.88,0.9,0.907,0.906,0.899,0.897,0.919,0.9,0.884,0.892,0.896,0.9,0.891,0.907,0.908,0.895,0.91,0.896,0.899,0.91,0.911,0.903,0.902,0.903,0.897,0.897,0.909,1.0,0.888,0.905,0.015,0.909,0.888,0.902,0.898,0.905,0.891,0.901,0.895,0.901,0.903,0.893,0.891,0.887,0.901,0.902,0.889,0.899
0.888,0.897,0.879,0.923,0.887,0.895,0.891,0.931,0.88,0.929,0.859,0.918,0.869,0.929,0.925,0.892,0.893,0.867,0.88,0.889,0.882,0.887,0.888,0.874,0.886,0.879,0.882,0.928,0.893,0.888,1.0,0.885,0.015,0.881,0.861,0.919,0.891,0.889,0.915,0.881,0.961,0.876,0.883,0.933,0.935,0.89,0.887,0.886,0.915,0.885
0.906,0.916,0.875,0.901,0.929,0.923,0.916,0.896,0.892,0.89,0.901,0.894,0.92,0.895,0.892,0.918,0.927,0.927,0.938,0.915,0.935,0.941,0.942,0.916,0.926,0.919,0.934,0.903,0.894,0.905,0.885,1.0,0.014,0.935,0.901,0.896,0.915,0.928,0.895,0.934,0.892,0.917,0.935,0.901,0.899,0.879,0.909,0.911,0.892,0.892
0.015,0.012,0.015,0.014,0.014,0.013,0.014,0.015,0.015,0.015,0.018,0.014,0.014,0.015,0.015,0.014,0.013,0.016,0.013,0.014,0.013,0.014,0.014,0.013,0.012,0.015,0.015,0.014,0.015,0.015,0.015,0.014,1.0,0.014,0.014,0.016,0.014,0.013,0.017,0.013,0.015,0.014,0.016,0.014,0.014,0.015,0.014,0.014,0.016,0.013
0.904,0.905,0.872,0.888,0.929,0.923,0.911,0.894,0.901,0.887,0.906,0.889,0.929,0.891,0.89,0.91,0.919,0.93,0.94,0.905,0.933,0.964,0.962,0.911,0.911,0.912,0.927,0.894,0.885,0.909,0.881,0.935,0.014,1.0,0.9,0.896,0.907,0.931,0.9,0.933,0.89,0.921,0.935,0.892,0.894,0.876,0.914,0.915,0.887,0.887
0.876,0.914,0.852,0.872,0.908,0.925,0.891,0.874,0.886,0.876,0.913,0.869,0.923,0.865,0.868,0.894,0.904,0.915,0.916,0.885,0.902,0.898,0.901,0.949,0.932,0.922,0.907,0.871,0.874,0.888,0.861,0.901,0.014,0.9,1.0,0.871,0.89,0.898,0.873,0.91,0.864,0.923,0.903,0.863,0.865,0.85,0.901,0.902,0.863,0.879
0.899,0.904,0.891,0.922,0.894,0.9,0.902,0.922,0.892,0.913,0.862,0.921,0.873,0.916,0.923,0.899,0.895,0.882,0.896,0.904,0.889,0.895,0.896,0.883,0.893,0.886,0.884,0.915,0.893,0.902,0.919,0.896,0.016,0.896,0.871,1.0,0.904,0.9,0.923,0.887,0.923,0.881,0.896,0.919,0.924,0.892,0.897,0.895,0.911,0.889
0.909,0.906,0.882,0.894,0.905,0.917,0.996,0.895,0.894,0.881,0.878,0.898,0.891,0.888,0.896,0.984,0.914,0.897,0.919,0.995,0.919,0.91,0.911,0.894,0.904,0.903,0.898,0.89,0.881,0.898,0.891,0.915,0.014,0.907,0.89,0.904,1.0,0.912,0.895,0.9,0.896,0.903,0.909,0.892,0.895,0.884,0.901,0.901,0.885,0.885
0.898,0.926,0.879,0.889,0.929,0.929,0.912,0.903,0.889,0.878,0.9,0.905,0.915,0.895,0.896,0.911,0.92,0.91,0.923,0.91,0.916,0.928,0.934,0.909,0.915,0.905,0.934,0.899,0.884,0.905,0.889,0.928,0.013,0.931,0.898,0.9,0.912,1.0,0.895,0.928,0.896,0.909,0.953,0.9,0.898,0.888,0.922,0.921,0.897,0.887
0.894,0.898,0.869,0.923,0.895,0.907,0.895,0.929,0.888,0.92,0.864,0.922,0.877,0.921,0.921,0.899,0.894,0.883,0.894,0.893,0.893,0.895,0.898,0.882,0.894,0.883,0.881,0.925,0.886,0.891,0.915,0.895,0.017,0.9,0.873,0.923,0.895,0.895,1.0,0.886,0.92,0.879,0.895,0.927,0.927,0.87,0.891,0.892,0.908,0.88
0.895,0.91,0.864,0.881,0.934,0.918,0.901,0.885,0.895,0.89,0.917,0.878,0.932,0.885,0.881,0.908,0.918,0.936,0.934,0.897,0.935,0.935,0.932,0.922,0.918,0.923,0.939,0.888,0.89,0.901,0.881,0.934,0.013,0.933,0.91,0.887,0.9,0.928,0.886,1.0,0.884,0.922,0.927,0.884,0.886,0.864,0.915,0.916,0.886,0.892
0.897,0.896,0.883,0.941,0.896,0.9,0.897,0.935,0.88,0.935,0.868,0.929,0.878,0.941,0.939,0.899,0.893,0.874,0.886,0.893,0.883,0.893,0.893,0.88,0.887,0.88,0.889,0.941,0.897,0.895,0.961,0.892,0.015,0.89,0.864,0.923,0.896,0.896,0.92,0.884,1.0,0.884,0.893,0.945,0.944,0.893,0.891,0.89,0.919,0.885
0.89,0.913,0.865,0.884,0.922,0.928,0.907,0.886,0.899,0.889,0.903,0.878,0.916,0.88,0.878,0.91,0.92,0.923,0.922,0.9,0.913,0.917,0.916,0.93,0.931,0.932,0.927,0.884,0.892,0.901,0.876,0.917,0.014,0.921,0.923,0.881,0.903,0.909,0.879,0.922,0.884,1.0,0.929,0.879,0.879,0.871,0.919,0.922,0.883,0.888
0.9,0.919,0.877,0.89,0.929,0.932,0.912,0.901,0.894,0.877,0.904,0.893,0.92,0.885,0.89,0.912,0.92,0.924,0.927,0.907,0.922,0.937,0.939,0.912,0.92,0.911,0.938,0.89,0.88,0.903,0.883,0.935,0.016,0.935,0.903,0.896,0.909,0.953,0.895,0.927,0.893,0.929,1.0,0.896,0.893,0.877,0.923,0.924,0.888,0.883
0.899,0.907,0.875,0.942,0.895,0.902,0.894,0.974,0.886,0.94,0.866,0.933,0.878,0.946,0.938,0.896,0.896,0.879,0.887,0.89,0.889,0.894,0.895,0.878,0.894,0.887,0.885,0.989,0.898,0.893,0.933,0.901,0.014,0.892,0.863,0.919,0.892,0.9,0.927,0.884,0.945,0.879,0.896,1.0,0.985,0.887,0.897,0.898,0.926,0.893
0.904,0.912,0.874,0.938,0.895,0.901,0.897,0.967,0.884,0.941,0.864,0.934,0.877,0.944,0.939,0.894,0.895,0.879,0.888,0.893,0.893,0.895,0.896,0.877,0.89,0.884,0.883,0.979,0.895,0.891,0.935,0.899,0.014,0.894,0.865,0.924,0.895,0.898,0.927,0.886,0.944,0.879,0.893,0.985,1.0,0.887,0.901,0.899,0.921,0.893
0.884,0.886,0.885,0.881,0.875,0.885,0.881,0.888,0.867,0.872,0.842,0.879,0.853,0.882,0.882,0.881,0.881,0.86,0.877,0.887,0.871,0.875,0.879,0.863,0.88,0.867,0.864,0.881,0.896,0.887,0.89,0.879,0.015,0.876,0.85,0.892,0.884,0.888,0.87,0.864,0.893,0.871,0.877,0.887,0.887,1.0,0.884,0.883,0.872,0.9
0.889,0.924,0.882,0.89,0.916,0.931,0.902,0.9,0.895,0.888,0.887,0.894,0.894,0.892,0.896,0.9,0.925,0.903,0.913,0.898,0.912,0.911,0.915,0.916,0.915,0.917,0.909,0.895,0.879,0.901,0.887,0.909,0.014,0.914,0.901,0.897,0.901,0.922,0.891,0.915,0.891,0.919,0.923,0.897,0.901,0.884,1.0,0.997,0.885,0.878
0.89,0.921,0.881,0.891,0.918,0.932,0.902,0.9,0.896,0.888,0.889,0.892,0.896,0.892,0.895,0.902,0.926,0.905,0.915,0.898,0.914,0.912,0.916,0.917,0.916,0.919,0.91,0.896,0.881,0.902,0.886,0.911,0.014,0.915,0.902,0.895,0.901,0.921,0.892,0.916,0.89,0.922,0.924,0.898,0.899,0.883,0.997,1.0,0.884,0.881
0.887,0.892,0.86,0.925,0.89,0.89,0.886,0.925,0.886,0.929,0.869,0.919,0.878,0.934,0.922,0.89,0.889,0.885,0.894,0.883,0.884,0.891,0.891,0.877,0.893,0.884,0.891,0.926,0.887,0.889,0.915,0.892,0.016,0.887,0.863,0.911,0.885,0.897,0.908,0.886,0.919,0.883,0.888,0.926,0.921,0.872,0.885,0.884,1.0,0.882
0.89,0.886,0.876,0.894,0.891,0.892,0.887,0.888,0.896,0.895,0.872,0.883,0.888,0.898,0.887,0.89,0.883,0.887,0.897,0.882,0.894,0.897,0.896,0.891,0.891,0.889,0.892,0.897,0.952,0.899,0.885,0.892,0.013,0.887,0.879,0.889,0.885,0.887,0.88,0.892,0.885,0.888,0.883,0.893,0.893,0.9,0.878,0.881,0.882,1.0
