GCF_000163235.1_ASM16323v1_genomic.fna,GCF_000164555.1_ASM16455v1_genomic.fna,GCF_000208545.1_ASM20854v2_genomic.fna,GCF_000233875.1_ASM23387v1_genomic.fna,GCF_000249735.1_ASM24973v2_genomic.fna,GCF_000261145.1_Esch_coli_M919_V2_genomic.fna,GCF_000267705.2_ASM26770v2_genomic.fna,GCF_000350665.1_Esch_coli_KTE5_V1_genomic.fna,GCF_000351625.1_Esch_coli_KTE66_V1_genomic.fna,GCF_000352285.1_Esch_coli_KTE46_V1_genomic.fna,GCF_000358895.1_ASM35889v1_genomic.fna,GCF_000456385.1_Esch_coli_HVH_26_4-5703913_V1_genomic.fna,GCF_000458195.1_Esch_coli_HVH_147_4-5893887_V1_genomic.fna,GCF_000459755.1_Esch_coli_KOEGE_58_171a_V1_genomic.fna,GCF_000460055.1_Esch_coli_UMEA_3053-1_V1_genomic.fna,GCF_000462165.2_ASM46216v2_genomic.fna,GCF_000601135.1_ASM60113v1_genomic.fna,GCF_000614595.1_Ec2010EL1058_genomic.fna,GCF_000617745.1_Ec2010C-4529_genomic.fna,GCF_000618265.2_EcF6751_genomic.fna,GCF_000619005.2_Ec2009C-4052_genomic.fna,GCF_000619105.1_Ec2009C-4780_genomic.fna,GCF_000619765.2_Ec2009C-3279_genomic.fna,GCF_000687005.1_ASM68700v1_genomic.fna,GCF_000687025.1_ASM68702v1_genomic.fna,GCF_000700125.1_ASM70012v1_genomic.fna,GCF_000753315.1_FHI35_genomic.fna,GCF_000776375.1_ASM77637v1_genomic.fna,GCF_000779395.1_ASM77939v1_genomic.fna,GCF_000780315.1_ASM78031v1_genomic.fna,GCF_000781995.1_ASM78199v1_genomic.fna,GCF_000986765.1_ASM98676v1_genomic.fna,GCF_001041375.1_ViralProj287958_genomic.fna,GCF_001265335.1_302014_genomic.fna,GCF_001265625.1_100854_genomic.fna,GCF_001267345.1_303289_genomic.fna,GCF_001309985.1_ASM130998v1_genomic.fna,GCF_001521695.1_ASM152169v1_genomic.fna,GCF_001592595.1_ASM159259v1_genomic.fna,GCF_001614975.1_ASM161497v1_genomic.fna,GCF_001692775.1_ASM169277v1_genomic.fna,GCF_001748915.1_ASM174891v1_genomic.fna,GCF_001749235.1_ASM174923v1_genomic.fna,GCF_001881155.1_ASM188115v1_genomic.fna,GCF_001881345.1_ASM188134v1_genomic.fna,GCF_001892405.1_ASM189240v1_genomic.fna,GCF_001892585.1_ASM189258v1_genomic.fna,GCF_001893985.1_ASM189398v1_genomic.fna,GCF_002001595.1_ASM200159v1_genomic.fna,GCF_002002145.1_ASM200214v1_genomic.fna
1.0,0.559,0.481,0.507,0.527,0.538,0.528,0.51,0.642,0.51,0.522,0.524,0.542,0.508,0.497,0.534,0.525,0.546,0.543,0.528,0.522,0.538,0.542,0.581,0.551,0.52,0.538,0.496,0.579,0.635,0.484,0.538,0.0,0.536,0.531,0.492,0.525,0.56,0.49,0.535,0.494,0.523,0.545,0.497,0.508,0.529,0.518,0.517,0.483,0.588
0.559,1.0,0.449,0.473,0.685,0.793,0.573,0.481,0.529,0.485,0.628,0.49,0.662,0.47,0.467,0.573,0.734,0.656,0.652,0.571,0.655,0.651,0.659,0.812,0.803,0.718,0.655,0.467,0.53,0.526,0.481,0.675,0.0,0.645,0.742,0.457,0.573,0.69,0.463,0.654,0.49,0.73,0.665,0.488,0.488,0.494,0.716,0.717,0.485,0.522
0.481,0.449,1.0,0.404,0.412,0.425,0.415,0.406,0.45,0.405,0.41,0.404,0.427,0.406,0.396,0.422,0.428,0.417,0.425,0.416,0.42,0.422,0.42,0.443,0.438,0.42,0.428,0.398,0.44,0.453,0.394,0.429,0.0,0.422,0.405,0.409,0.414,0.437,0.407,0.428,0.409,0.421,0.446,0.409,0.4,0.421,0.417,0.415,0.409,0.453
0.507,0.473,0.404,1.0,0.467,0.47,0.466,0.722,0.486,0.77,0.48,0.771,0.499,0.811,0.815,0.475,0.474,0.474,0.476,0.466,0.45,0.474,0.479,0.497,0.49,0.487,0.467,0.78,0.526,0.49,0.742,0.484,0.0,0.474,0.47,0.671,0.464,0.474,0.709,0.477,0.76,0.462,0.473,0.755,0.751,0.482,0.462,0.461,0.717,0.534
0.527,0.685,0.412,0.467,1.0,0.678,0.578,0.476,0.521,0.473,0.755,0.477,0.72,0.473,0.467,0.576,0.666,0.689,0.703,0.577,0.719,0.694,0.712,0.681,0.664,0.648,0.697,0.464,0.523,0.527,0.472,0.712,0.0,0.695,0.642,0.452,0.576,0.723,0.47,0.706,0.486,0.691,0.723,0.471,0.478,0.501,0.685,0.686,0.471,0.515
0.538,0.793,0.425,0.47,0.678,1.0,0.59,0.475,0.53,0.469,0.635,0.462,0.66,0.476,0.463,0.587,0.717,0.663,0.656,0.587,0.654,0.655,0.679,0.795,0.801,0.705,0.653,0.455,0.536,0.511,0.473,0.682,0.0,0.666,0.758,0.469,0.589,0.675,0.492,0.653,0.482,0.732,0.669,0.465,0.465,0.502,0.712,0.712,0.472,0.526
0.528,0.573,0.415,0.466,0.578,0.59,1.0,0.466,0.52,0.464,0.569,0.47,0.592,0.471,0.464,0.947,0.59,0.643,0.624,0.985,0.629,0.624,0.647,0.606,0.594,0.58,0.598,0.455,0.52,0.523,0.456,0.591,0.0,0.598,0.578,0.473,0.984,0.593,0.473,0.591,0.457,0.58,0.6,0.461,0.463,0.48,0.565,0.564,0.456,0.528
0.51,0.481,0.406,0.722,0.476,0.475,0.466,1.0,0.485,0.735,0.467,0.721,0.481,0.732,0.705,0.471,0.482,0.479,0.478,0.466,0.451,0.47,0.472,0.508,0.483,0.475,0.472,0.895,0.543,0.496,0.709,0.476,0.0,0.477,0.444,0.639,0.463,0.504,0.694,0.481,0.713,0.471,0.485,0.896,0.879,0.474,0.451,0.45,0.685,0.527
0.642,0.529,0.45,0.486,0.521,0.53,0.52,0.485,1.0,0.497,0.509,0.48,0.526,0.489,0.485,0.518,0.529,0.534,0.528,0.52,0.515,0.528,0.532,0.551,0.518,0.508,0.535,0.479,0.579,0.641,0.484,0.523,0.0,0.531,0.509,0.495,0.52,0.53,0.477,0.526,0.489,0.519,0.539,0.48,0.483,0.53,0.522,0.519,0.478,0.588
0.51,0.485,0.405,0.77,0.473,0.469,0.464,0.735,0.497,1.0,0.497,0.74,0.513,0.768,0.75,0.485,0.484,0.475,0.474,0.465,0.452,0.478,0.46,0.506,0.488,0.502,0.474,0.761,0.535,0.507,0.747,0.467,0.0,0.468,0.482,0.675,0.462,0.482,0.715,0.49,0.754,0.466,0.482,0.733,0.743,0.483,0.462,0.461,0.724,0.535
0.522,0.628,0.41,0.48,0.755,0.635,0.569,0.467,0.509,0.497,1.0,0.463,0.778,0.478,0.47,0.586,0.638,0.698,0.705,0.568,0.696,0.727,0.702,0.681,0.649,0.683,0.72,0.469,0.512,0.516,0.449,0.684,0.0,0.71,0.69,0.481,0.564,0.717,0.472,0.749,0.453,0.653,0.735,0.454,0.459,0.474,0.629,0.628,0.471,0.518
0.524,0.49,0.404,0.771,0.477,0.462,0.47,0.721,0.48,0.74,0.463,1.0,0.486,0.761,0.852,0.482,0.484,0.468,0.47,0.468,0.456,0.478,0.472,0.511,0.499,0.482,0.464,0.741,0.543,0.492,0.707,0.478,0.0,0.473,0.456,0.659,0.468,0.485,0.719,0.48,0.735,0.47,0.476,0.731,0.736,0.49,0.461,0.461,0.697,0.53
0.542,0.662,0.427,0.499,0.72,0.66,0.592,0.481,0.526,0.513,0.778,0.486,1.0,0.49,0.488,0.612,0.661,0.752,0.756,0.593,0.746,0.81,0.782,0.717,0.677,0.687,0.783,0.484,0.539,0.547,0.468,0.742,0.0,0.787,0.693,0.485,0.589,0.771,0.48,0.795,0.473,0.674,0.789,0.468,0.469,0.487,0.663,0.662,0.482,0.546
0.508,0.47,0.406,0.811,0.473,0.476,0.471,0.732,0.489,0.768,0.478,0.761,0.49,1.0,0.809,0.485,0.484,0.479,0.48,0.472,0.451,0.478,0.478,0.493,0.482,0.485,0.479,0.777,0.541,0.491,0.739,0.481,0.0,0.473,0.464,0.673,0.469,0.486,0.721,0.481,0.758,0.463,0.481,0.758,0.759,0.49,0.458,0.457,0.716,0.543
0.497,0.467,0.396,0.815,0.467,0.463,0.464,0.705,0.485,0.75,0.47,0.852,0.488,0.809,1.0,0.476,0.48,0.469,0.47,0.464,0.449,0.475,0.47,0.486,0.476,0.48,0.47,0.753,0.532,0.484,0.736,0.474,0.0,0.471,0.455,0.676,0.461,0.479,0.721,0.476,0.749,0.457,0.474,0.728,0.726,0.488,0.468,0.466,0.704,0.548
0.534,0.573,0.422,0.475,0.576,0.587,0.947,0.471,0.518,0.485,0.586,0.482,0.612,0.485,0.476,1.0,0.586,0.626,0.619,0.951,0.605,0.639,0.631,0.619,0.604,0.593,0.601,0.469,0.522,0.532,0.455,0.584,0.0,0.601,0.59,0.49,0.947,0.596,0.481,0.607,0.458,0.576,0.601,0.458,0.462,0.481,0.561,0.56,0.475,0.533
0.525,0.734,0.428,0.474,0.666,0.717,0.59,0.482,0.529,0.484,0.638,0.484,0.661,0.484,0.48,0.586,1.0,0.678,0.669,0.586,0.647,0.673,0.671,0.772,0.745,0.752,0.659,0.473,0.525,0.524,0.459,0.687,0.0,0.671,0.701,0.49,0.585,0.659,0.496,0.663,0.468,0.704,0.68,0.479,0.484,0.472,0.704,0.704,0.479,0.525
0.546,0.656,0.417,0.474,0.689,0.663,0.643,0.479,0.534,0.475,0.698,0.468,0.752,0.479,0.469,0.626,0.678,1.0,0.798,0.64,0.753,0.778,0.775,0.702,0.673,0.667,0.749,0.47,0.518,0.545,0.465,0.729,0.0,0.735,0.656,0.492,0.635,0.73,0.487,0.744,0.465,0.684,0.752,0.474,0.474,0.484,0.669,0.667,0.464,0.533
0.543,0.652,0.425,0.476,0.703,0.656,0.624,0.478,0.528,0.474,0.705,0.47,0.756,0.48,0.47,0.619,0.669,0.798,1.0,0.622,0.754,0.766,0.765,0.693,0.667,0.657,0.748,0.466,0.518,0.536,0.468,0.747,0.0,0.732,0.656,0.489,0.618,0.747,0.475,0.752,0.467,0.675,0.755,0.469,0.475,0.486,0.655,0.654,0.472,0.527
0.528,0.571,0.416,0.466,0.577,0.587,0.985,0.466,0.52,0.465,0.568,0.468,0.593,0.472,0.464,0.951,0.586,0.64,0.622,1.0,0.623,0.625,0.643,0.605,0.596,0.578,0.599,0.455,0.52,0.524,0.456,0.59,0.0,0.596,0.576,0.471,0.984,0.593,0.471,0.591,0.457,0.579,0.6,0.459,0.46,0.48,0.564,0.563,0.457,0.529
0.522,0.655,0.42,0.45,0.719,0.654,0.629,0.451,0.515,0.452,0.696,0.456,0.746,0.451,0.449,0.605,0.647,0.753,0.754,0.623,1.0,0.76,0.787,0.668,0.644,0.64,0.747,0.445,0.498,0.523,0.447,0.743,0.0,0.738,0.624,0.467,0.623,0.741,0.463,0.74,0.457,0.662,0.748,0.452,0.456,0.494,0.672,0.671,0.446,0.517
0.538,0.651,0.422,0.474,0.694,0.655,0.624,0.47,0.528,0.478,0.727,0.478,0.81,0.478,0.475,0.639,0.673,0.778,0.766,0.625,0.76,1.0,0.917,0.71,0.683,0.661,0.773,0.468,0.527,0.54,0.455,0.742,0.0,0.881,0.666,0.483,0.621,0.755,0.489,0.791,0.461,0.657,0.778,0.46,0.461,0.478,0.645,0.643,0.469,0.543
0.542,0.659,0.42,0.479,0.712,0.679,0.647,0.472,0.532,0.46,0.702,0.472,0.782,0.478,0.47,0.631,0.671,0.775,0.765,0.643,0.787,0.917,1.0,0.694,0.671,0.645,0.759,0.465,0.526,0.532,0.465,0.759,0.0,0.857,0.65,0.472,0.642,0.757,0.487,0.756,0.477,0.667,0.761,0.471,0.472,0.483,0.652,0.652,0.454,0.531
0.581,0.812,0.443,0.497,0.681,0.795,0.606,0.508,0.551,0.506,0.681,0.511,0.717,0.493,0.486,0.619,0.772,0.702,0.693,0.605,0.668,0.71,0.694,1.0,0.84,0.767,0.693,0.484,0.546,0.552,0.483,0.694,0.0,0.7,0.804,0.501,0.602,0.7,0.49,0.706,0.488,0.738,0.703,0.474,0.479,0.499,0.709,0.709,0.49,0.549
0.551,0.803,0.438,0.49,0.664,0.801,0.594,0.483,0.518,0.488,0.649,0.499,0.677,0.482,0.476,0.604,0.745,0.673,0.667,0.596,0.644,0.683,0.671,0.84,1.0,0.767,0.674,0.476,0.534,0.52,0.475,0.681,0.0,0.67,0.786,0.475,0.591,0.677,0.483,0.67,0.483,0.714,0.681,0.487,0.48,0.483,0.695,0.695,0.495,0.528
0.52,0.718,0.42,0.487,0.648,0.705,0.58,0.475,0.508,0.502,0.683,0.482,0.687,0.485,0.48,0.593,0.752,0.667,0.657,0.578,0.64,0.661,0.645,0.767,0.767,1.0,0.66,0.473,0.513,0.52,0.461,0.642,0.0,0.651,0.736,0.486,0.575,0.66,0.479,0.679,0.469,0.704,0.661,0.473,0.467,0.472,0.701,0.701,0.501,0.522
0.538,0.655,0.428,0.467,0.697,0.653,0.598,0.472,0.535,0.474,0.72,0.464,0.783,0.479,0.47,0.601,0.659,0.749,0.748,0.599,0.747,0.773,0.759,0.693,0.674,0.66,1.0,0.464,0.54,0.533,0.458,0.75,0.0,0.758,0.65,0.475,0.594,0.831,0.466,0.776,0.467,0.67,0.855,0.467,0.46,0.481,0.649,0.648,0.47,0.539
0.496,0.467,0.398,0.78,0.464,0.455,0.455,0.895,0.479,0.761,0.469,0.741,0.484,0.777,0.753,0.469,0.473,0.47,0.466,0.455,0.445,0.468,0.465,0.484,0.476,0.473,0.464,1.0,0.537,0.489,0.715,0.472,0.0,0.464,0.449,0.656,0.453,0.489,0.702,0.475,0.734,0.455,0.474,0.957,0.935,0.472,0.447,0.447,0.712,0.525
0.579,0.53,0.44,0.526,0.523,0.536,0.52,0.543,0.579,0.535,0.512,0.543,0.539,0.541,0.532,0.522,0.525,0.518,0.518,0.52,0.498,0.527,0.526,0.546,0.534,0.513,0.54,0.537,1.0,0.548,0.514,0.528,0.0,0.533,0.507,0.529,0.517,0.543,0.519,0.525,0.52,0.499,0.536,0.532,0.529,0.598,0.507,0.506,0.515,0.855
0.635,0.526,0.453,0.49,0.527,0.511,0.523,0.496,0.641,0.507,0.516,0.492,0.547,0.491,0.484,0.532,0.524,0.545,0.536,0.524,0.523,0.54,0.532,0.552,0.52,0.52,0.533,0.489,0.548,1.0,0.48,0.521,0.0,0.54,0.506,0.495,0.521,0.529,0.484,0.545,0.49,0.517,0.54,0.489,0.489,0.539,0.52,0.52,0.485,0.563
0.484,0.481,0.394,0.742,0.472,0.473,0.456,0.709,0.484,0.747,0.449,0.707,0.468,0.739,0.736,0.455,0.459,0.465,0.468,0.456,0.447,0.455,0.465,0.483,0.475,0.461,0.458,0.715,0.514,0.48,1.0,0.479,0.0,0.452,0.443,0.639,0.456,0.467,0.67,0.458,0.9,0.468,0.459,0.723,0.724,0.482,0.458,0.457,0.673,0.513
0.538,0.675,0.429,0.484,0.712,0.682,0.591,0.476,0.523,0.467,0.684,0.478,0.742,0.481,0.474,0.584,0.687,0.729,0.747,0.59,0.743,0.742,0.759,0.694,0.681,0.642,0.75,0.472,0.528,0.521,0.479,1.0,0.0,0.733,0.638,0.462,0.59,0.764,0.476,0.752,0.475,0.683,0.773,0.481,0.481,0.484,0.672,0.672,0.462,0.52
0.0,0.0,0.0,0.0,0.0,0.0,0.0,0.0,0.0,0.0,0.0,0.0,0.0,0.0,0.0,0.0,0.0,0.0,0.0,0.0,0.0,0.0,0.0,0.0,0.0,0.0,0.0,0.0,0.0,0.0,0.0,0.0,1.0,0.0,0.0,0.0,0.0,0.0,0.0,0.0,0.0,0.0,0.0,0.0,0.0,0.0,0.0,0.0,0.0,0.0
0.536,0.645,0.422,0.474,0.695,0.666,0.598,0.477,0.531,0.468,0.71,0.473,0.787,0.473,0.471,0.601,0.671,0.735,0.732,0.596,0.738,0.881,0.857,0.7,0.67,0.651,0.758,0.464,0.533,0.54,0.452,0.733,0.0,1.0,0.655,0.488,0.594,0.742,0.496,0.764,0.452,0.648,0.781,0.461,0.462,0.471,0.644,0.644,0.458,0.542
0.531,0.742,0.405,0.47,0.642,0.758,0.578,0.444,0.509,0.482,0.69,0.456,0.693,0.464,0.455,0.59,0.701,0.656,0.656,0.576,0.624,0.666,0.65,0.804,0.786,0.736,0.65,0.449,0.507,0.506,0.443,0.638,0.0,0.655,1.0,0.464,0.574,0.65,0.457,0.662,0.45,0.682,0.664,0.436,0.437,0.458,0.663,0.662,0.452,0.506
0.492,0.457,0.409,0.671,0.452,0.469,0.473,0.639,0.495,0.675,0.481,0.659,0.485,0.673,0.676,0.49,0.49,0.492,0.489,0.471,0.467,0.483,0.472,0.501,0.475,0.486,0.475,0.656,0.529,0.495,0.639,0.462,0.0,0.488,0.464,1.0,0.469,0.462,0.681,0.489,0.645,0.464,0.474,0.636,0.64,0.482,0.451,0.45,0.662,0.536
0.525,0.573,0.414,0.464,0.576,0.589,0.984,0.463,0.52,0.462,0.564,0.468,0.589,0.469,0.461,0.947,0.585,0.635,0.618,0.984,0.623,0.621,0.642,0.602,0.591,0.575,0.594,0.453,0.517,0.521,0.456,0.59,0.0,0.594,0.574,0.469,1.0,0.59,0.469,0.587,0.457,0.577,0.595,0.459,0.461,0.48,0.563,0.562,0.454,0.525
0.56,0.69,0.437,0.474,0.723,0.675,0.593,0.504,0.53,0.482,0.717,0.485,0.771,0.486,0.479,0.596,0.659,0.73,0.747,0.593,0.741,0.755,0.757,0.7,0.677,0.66,0.831,0.489,0.543,0.529,0.467,0.764,0.0,0.742,0.65,0.462,0.59,1.0,0.471,0.769,0.476,0.678,0.873,0.498,0.485,0.498,0.676,0.676,0.486,0.537
0.49,0.463,0.407,0.709,0.47,0.492,0.473,0.694,0.477,0.715,0.472,0.719,0.48,0.721,0.721,0.481,0.496,0.487,0.475,0.471,0.463,0.489,0.487,0.49,0.483,0.479,0.466,0.702,0.519,0.484,0.67,0.476,0.0,0.496,0.457,0.681,0.469,0.471,1.0,0.479,0.676,0.48,0.478,0.697,0.702,0.472,0.458,0.457,0.682,0.525
0.535,0.654,0.428,0.477,0.706,0.653,0.591,0.481,0.526,0.49,0.749,0.48,0.795,0.481,0.476,0.607,0.663,0.744,0.752,0.591,0.74,0.791,0.756,0.706,0.67,0.679,0.776,0.475,0.525,0.545,0.458,0.752,0.0,0.764,0.662,0.489,0.587,0.769,0.479,1.0,0.461,0.664,0.789,0.465,0.473,0.492,0.665,0.663,0.475,0.543
0.494,0.49,0.409,0.76,0.486,0.482,0.457,0.713,0.489,0.754,0.453,0.735,0.473,0.758,0.749,0.458,0.468,0.465,0.467,0.457,0.457,0.461,0.477,0.488,0.483,0.469,0.467,0.734,0.52,0.49,0.9,0.475,0.0,0.452,0.45,0.645,0.457,0.476,0.676,0.461,1.0,0.475,0.462,0.741,0.743,0.486,0.46,0.459,0.682,0.516
0.523,0.73,0.421,0.462,0.691,0.732,0.58,0.471,0.519,0.466,0.653,0.47,0.674,0.463,0.457,0.576,0.704,0.684,0.675,0.579,0.662,0.657,0.667,0.738,0.714,0.704,0.67,0.455,0.499,0.517,0.468,0.683,0.0,0.648,0.682,0.464,0.577,0.678,0.48,0.664,0.475,1.0,0.694,0.463,0.465,0.489,0.757,0.758,0.469,0.506
0.545,0.665,0.446,0.473,0.723,0.669,0.6,0.485,0.539,0.482,0.735,0.476,0.789,0.481,0.474,0.601,0.68,0.752,0.755,0.6,0.748,0.778,0.761,0.703,0.681,0.661,0.855,0.474,0.536,0.54,0.459,0.773,0.0,0.781,0.664,0.474,0.595,0.873,0.478,0.789,0.462,0.694,1.0,0.476,0.474,0.489,0.67,0.669,0.474,0.547
0.497,0.488,0.409,0.755,0.471,0.465,0.461,0.896,0.48,0.733,0.454,0.731,0.468,0.758,0.728,0.458,0.479,0.474,0.469,0.459,0.452,0.46,0.471,0.474,0.487,0.473,0.467,0.957,0.532,0.489,0.723,0.481,0.0,0.461,0.436,0.636,0.459,0.498,0.697,0.465,0.741,0.463,0.476,1.0,0.956,0.48,0.452,0.452,0.707,0.519
0.508,0.488,0.4,0.751,0.478,0.465,0.463,0.879,0.483,0.743,0.459,0.736,0.469,0.759,0.726,0.462,0.484,0.474,0.475,0.46,0.456,0.461,0.472,0.479,0.48,0.467,0.46,0.935,0.529,0.489,0.724,0.481,0.0,0.462,0.437,0.64,0.461,0.485,0.702,0.473,0.743,0.465,0.474,0.956,1.0,0.476,0.455,0.455,0.702,0.515
0.529,0.494,0.421,0.482,0.501,0.502,0.48,0.474,0.53,0.483,0.474,0.49,0.487,0.49,0.488,0.481,0.472,0.484,0.486,0.48,0.494,0.478,0.483,0.499,0.483,0.472,0.481,0.472,0.598,0.539,0.482,0.484,0.0,0.471,0.458,0.482,0.48,0.498,0.472,0.492,0.486,0.489,0.489,0.48,0.476,1.0,0.51,0.51,0.477,0.646
0.518,0.716,0.417,0.462,0.685,0.712,0.565,0.451,0.522,0.462,0.629,0.461,0.663,0.458,0.468,0.561,0.704,0.669,0.655,0.564,0.672,0.645,0.652,0.709,0.695,0.701,0.649,0.447,0.507,0.52,0.458,0.672,0.0,0.644,0.663,0.451,0.563,0.676,0.458,0.665,0.46,0.757,0.67,0.452,0.455,0.51,1.0,0.997,0.455,0.521
0.517,0.717,0.415,0.461,0.686,0.712,0.564,0.45,0.519,0.461,0.628,0.461,0.662,0.457,0.466,0.56,0.704,0.667,0.654,0.563,0.671,0.643,0.652,0.709,0.695,0.701,0.648,0.447,0.506,0.52,0.457,0.672,0.0,0.644,0.662,0.45,0.562,0.676,0.457,0.663,0.459,0.758,0.669,0.452,0.455,0.51,0.997,1.0,0.454,0.519
0.483,0.485,0.409,0.717,0.471,0.472,0.456,0.685,0.478,0.724,0.471,0.697,0.482,0.716,0.704,0.475,0.479,0.464,0.472,0.457,0.446,0.469,0.454,0.49,0.495,0.501,0.47,0.712,0.515,0.485,0.673,0.462,0.0,0.458,0.452,0.662,0.454,0.486,0.682,0.475,0.682,0.469,0.474,0.707,0.702,0.477,0.455,0.454,1.0,0.521
0.588,0.522,0.453,0.534,0.515,0.526,0.528,0.527,0.588,0.535,0.518,0.53,0.546,0.543,0.548,0.533,0.525,0.533,0.527,0.529,0.517,0.543,0.531,0.549,0.528,0.522,0.539,0.525,0.855,0.563,0.513,0.52,0.0,0.542,0.506,0.536,0.525,0.537,0.525,0.543,0.516,0.506,0.547,0.519,0.515,0.646,0.521,0.519,0.521,1.0
