GCF_000163235.1_ASM16323v1_genomic.fna,GCF_000164555.1_ASM16455v1_genomic.fna,GCF_000208545.1_ASM20854v2_genomic.fna,GCF_000233875.1_ASM23387v1_genomic.fna,GCF_000249735.1_ASM24973v2_genomic.fna,GCF_000261145.1_Esch_coli_M919_V2_genomic.fna,GCF_000267705.2_ASM26770v2_genomic.fna,GCF_000350665.1_Esch_coli_KTE5_V1_genomic.fna,GCF_000351625.1_Esch_coli_KTE66_V1_genomic.fna,GCF_000352285.1_Esch_coli_KTE46_V1_genomic.fna,GCF_000358895.1_ASM35889v1_genomic.fna,GCF_000456385.1_Esch_coli_HVH_26_4-5703913_V1_genomic.fna,GCF_000458195.1_Esch_coli_HVH_147_4-5893887_V1_genomic.fna,GCF_000459755.1_Esch_coli_KOEGE_58_171a_V1_genomic.fna,GCF_000460055.1_Esch_coli_UMEA_3053-1_V1_genomic.fna,GCF_000462165.2_ASM46216v2_genomic.fna,GCF_000601135.1_ASM60113v1_genomic.fna,GCF_000614595.1_Ec2010EL1058_genomic.fna,GCF_000617745.1_Ec2010C-4529_genomic.fna,GCF_000618265.2_EcF6751_genomic.fna,GCF_000619005.2_Ec2009C-4052_genomic.fna,GCF_000619105.1_Ec2009C-4780_genomic.fna,GCF_000619765.2_Ec2009C-3279_genomic.fna,GCF_000687005.1_ASM68700v1_genomic.fna,GCF_000687025.1_ASM68702v1_genomic.fna,GCF_000700125.1_ASM70012v1_genomic.fna,GCF_000753315.1_FHI35_genomic.fna,GCF_000776375.1_ASM77637v1_genomic.fna,GCF_000779395.1_ASM77939v1_genomic.fna,GCF_000780315.1_ASM78031v1_genomic.fna,GCF_000781995.1_ASM78199v1_genomic.fna,GCF_000986765.1_ASM98676v1_genomic.fna,GCF_001041375.1_ViralProj287958_genomic.fna,GCF_001265335.1_302014_genomic.fna,GCF_001265625.1_100854_genomic.fna,GCF_001267345.1_303289_genomic.fna,GCF_001309985.1_ASM130998v1_genomic.fna,GCF_001521695.1_ASM152169v1_genomic.fna,GCF_001592595.1_ASM159259v1_genomic.fna,GCF_001614975.1_ASM161497v1_genomic.fna,GCF_001692775.1_ASM169277v1_genomic.fna,GCF_001748915.1_ASM174891v1_genomic.fna,GCF_001749235.1_ASM174923v1_genomic.fna,GCF_001881155.1_ASM188115v1_genomic.fna,GCF_001881345.1_ASM188134v1_genomic.fna,GCF_001892405.1_ASM189240v1_genomic.fna,GCF_001892585.1_ASM189258v1_genomic.fna,GCF_001893985.1_ASM189398v1_genomic.fna,GCF_002001595.1_ASM200159v1_genomic.fna,GCF_002002145.1_ASM200214v1_genomic.fna
1.0,0.907,0.896,0.887,0.902,0.903,0.909,0.894,0.919,0.884,0.881,0.882,0.889,0.89,0.888,0.915,0.902,0.908,0.907,0.91,0.904,0.893,0.898,0.894,0.899,0.895,0.902,0.888,0.906,0.914,0.884,0.902,0.018,0.897,0.881,0.897,0.91,0.909,0.891,0.9,0.883,0.903,0.9,0.892,0.901,0.894,0.907,0.907,0.889,0.906
0.907,1.0,0.889,0.879,0.922,0.95,0.917,0.891,0.897,0.885,0.893,0.886,0.912,0.881,0.882,0.917,0.934,0.919,0.921,0.916,0.917,0.913,0.919,0.942,0.944,0.926,0.917,0.883,0.896,0.898,0.881,0.925,0.017,0.916,0.92,0.883,0.916,0.927,0.882,0.908,0.879,0.928,0.914,0.89,0.898,0.886,0.93,0.931,0.879,0.893
0.896,0.889,1.0,0.875,0.892,0.891,0.897,0.88,0.9,0.866,0.866,0.875,0.878,0.876,0.881,0.896,0.891,0.889,0.891,0.896,0.892,0.882,0.883,0.873,0.884,0.878,0.89,0.872,0.883,0.883,0.876,0.892,0.017,0.887,0.863,0.88,0.898,0.889,0.881,0.876,0.874,0.891,0.888,0.881,0.882,0.882,0.897,0.898,0.872,0.882
0.887,0.879,0.875,1.0,0.884,0.874,0.876,0.931,0.873,0.948,0.88,0.948,0.893,0.949,0.955,0.878,0.883,0.88,0.878,0.875,0.87,0.878,0.881,0.891,0.884,0.892,0.872,0.949,0.897,0.886,0.942,0.871,0.021,0.871,0.884,0.914,0.876,0.885,0.929,0.887,0.952,0.877,0.886,0.938,0.931,0.872,0.88,0.88,0.936,0.899
0.902,0.922,0.892,0.884,1.0,0.927,0.917,0.896,0.899,0.881,0.932,0.891,0.931,0.892,0.892,0.92,0.929,0.93,0.931,0.917,0.925,0.928,0.93,0.921,0.926,0.92,0.932,0.888,0.908,0.905,0.889,0.927,0.018,0.929,0.909,0.899,0.917,0.94,0.891,0.929,0.89,0.922,0.94,0.897,0.895,0.894,0.931,0.931,0.892,0.902
0.903,0.95,0.891,0.874,0.927,1.0,0.919,0.894,0.901,0.874,0.892,0.88,0.91,0.883,0.882,0.92,0.933,0.915,0.923,0.918,0.917,0.914,0.917,0.935,0.938,0.92,0.915,0.885,0.901,0.894,0.882,0.924,0.017,0.917,0.923,0.885,0.92,0.931,0.887,0.912,0.881,0.934,0.915,0.894,0.899,0.889,0.932,0.933,0.883,0.9
0.909,0.917,0.897,0.876,0.917,0.919,1.0,0.894,0.911,0.873,0.89,0.885,0.903,0.882,0.885,0.986,0.919,0.925,0.926,0.994,0.927,0.923,0.927,0.906,0.908,0.906,0.913,0.885,0.897,0.898,0.879,0.916,0.016,0.915,0.892,0.889,0.996,0.91,0.888,0.906,0.877,0.917,0.915,0.895,0.898,0.896,0.917,0.918,0.879,0.903
0.894,0.891,0.88,0.931,0.896,0.894,0.894,1.0,0.887,0.926,0.868,0.936,0.884,0.93,0.935,0.894,0.895,0.894,0.888,0.895,0.882,0.888,0.887,0.892,0.89,0.888,0.884,0.97,0.893,0.893,0.933,0.886,0.022,0.883,0.877,0.915,0.895,0.896,0.931,0.889,0.929,0.891,0.889,0.972,0.966,0.882,0.892,0.892,0.927,0.891
0.919,0.897,0.9,0.873,0.899,0.901,0.911,0.887,1.0,0.876,0.873,0.881,0.888,0.884,0.89,0.911,0.898,0.9,0.899,0.909,0.9,0.896,0.9,0.886,0.889,0.892,0.895,0.882,0.893,0.92,0.878,0.901,0.015,0.892,0.868,0.893,0.91,0.9,0.89,0.9,0.882,0.899,0.896,0.888,0.889,0.9,0.905,0.906,0.881,0.891
0.884,0.885,0.866,0.948,0.881,0.874,0.873,0.926,0.876,1.0,0.882,0.938,0.893,0.938,0.939,0.873,0.879,0.88,0.881,0.873,0.868,0.878,0.884,0.893,0.879,0.892,0.874,0.932,0.894,0.882,0.941,0.874,0.021,0.871,0.882,0.91,0.874,0.885,0.923,0.882,0.947,0.879,0.883,0.924,0.923,0.868,0.877,0.877,0.937,0.894
0.881,0.893,0.866,0.88,0.932,0.892,0.89,0.868,0.873,0.882,1.0,0.88,0.934,0.878,0.877,0.893,0.9,0.909,0.909,0.89,0.903,0.916,0.917,0.916,0.903,0.922,0.914,0.874,0.891,0.888,0.875,0.907,0.018,0.915,0.916,0.882,0.89,0.914,0.87,0.924,0.88,0.903,0.919,0.869,0.863,0.865,0.905,0.905,0.876,0.894
0.882,0.886,0.875,0.948,0.891,0.88,0.885,0.936,0.881,0.938,0.88,1.0,0.898,0.941,0.963,0.885,0.893,0.884,0.883,0.884,0.88,0.888,0.894,0.9,0.886,0.901,0.884,0.942,0.908,0.89,0.932,0.879,0.02,0.887,0.884,0.911,0.885,0.891,0.928,0.888,0.943,0.883,0.893,0.941,0.932,0.88,0.883,0.883,0.935,0.901
0.889,0.912,0.878,0.893,0.931,0.91,0.903,0.884,0.888,0.893,0.934,0.898,1.0,0.895,0.894,0.906,0.912,0.929,0.935,0.902,0.926,0.939,0.938,0.926,0.917,0.93,0.933,0.891,0.897,0.902,0.889,0.921,0.017,0.935,0.925,0.883,0.902,0.937,0.881,0.939,0.897,0.918,0.947,0.887,0.879,0.872,0.922,0.922,0.894,0.899
0.89,0.881,0.876,0.949,0.892,0.883,0.882,0.93,0.884,0.938,0.878,0.941,0.895,1.0,0.952,0.881,0.888,0.883,0.887,0.88,0.874,0.887,0.889,0.894,0.889,0.895,0.885,0.939,0.906,0.886,0.941,0.88,0.019,0.88,0.884,0.918,0.881,0.898,0.931,0.893,0.947,0.882,0.899,0.934,0.928,0.882,0.89,0.89,0.935,0.903
0.888,0.882,0.881,0.955,0.892,0.882,0.885,0.935,0.89,0.939,0.877,0.963,0.894,0.952,1.0,0.886,0.892,0.884,0.886,0.884,0.882,0.89,0.894,0.89,0.892,0.893,0.885,0.944,0.904,0.895,0.944,0.88,0.02,0.881,0.878,0.92,0.885,0.895,0.934,0.899,0.945,0.886,0.895,0.941,0.933,0.885,0.89,0.89,0.938,0.904
0.915,0.917,0.896,0.878,0.92,0.92,0.986,0.894,0.911,0.873,0.893,0.885,0.906,0.881,0.886,1.0,0.921,0.924,0.926,0.985,0.923,0.921,0.923,0.907,0.912,0.909,0.914,0.887,0.9,0.903,0.878,0.917,0.016,0.914,0.895,0.888,0.986,0.915,0.888,0.909,0.879,0.917,0.915,0.895,0.897,0.898,0.919,0.919,0.879,0.905
0.902,0.934,0.891,0.883,0.929,0.933,0.919,0.895,0.898,0.879,0.9,0.893,0.912,0.888,0.892,0.921,1.0,0.922,0.924,0.917,0.912,0.923,0.923,0.932,0.937,0.93,0.925,0.889,0.894,0.899,0.884,0.931,0.018,0.92,0.91,0.902,0.918,0.926,0.892,0.921,0.887,0.93,0.919,0.899,0.9,0.892,0.939,0.939,0.878,0.894
0.908,0.919,0.889,0.88,0.93,0.915,0.925,0.894,0.9,0.88,0.909,0.884,0.929,0.883,0.884,0.924,0.922,1.0,0.946,0.924,0.94,0.947,0.946,0.914,0.913,0.914,0.941,0.884,0.889,0.905,0.886,0.923,0.017,0.937,0.901,0.897,0.925,0.929,0.891,0.931,0.884,0.923,0.932,0.894,0.893,0.887,0.92,0.92,0.881,0.894
0.907,0.921,0.891,0.878,0.931,0.923,0.926,0.888,0.899,0.881,0.909,0.883,0.935,0.887,0.886,0.926,0.924,0.946,1.0,0.922,0.947,0.949,0.947,0.912,0.919,0.914,0.936,0.88,0.89,0.909,0.88,0.933,0.018,0.939,0.906,0.888,0.924,0.934,0.888,0.933,0.879,0.928,0.934,0.89,0.891,0.884,0.927,0.927,0.876,0.893
0.91,0.916,0.896,0.875,0.917,0.918,0.994,0.895,0.909,0.873,0.89,0.884,0.902,0.88,0.884,0.985,0.917,0.924,0.922,1.0,0.924,0.92,0.924,0.904,0.909,0.906,0.913,0.886,0.896,0.897,0.88,0.918,0.016,0.914,0.89,0.889,0.998,0.911,0.886,0.905,0.877,0.917,0.913,0.895,0.898,0.897,0.917,0.918,0.88,0.903
0.904,0.917,0.892,0.87,0.925,0.917,0.927,0.882,0.9,0.868,0.903,0.88,0.926,0.874,0.882,0.923,0.912,0.94,0.947,0.924,1.0,0.944,0.95,0.905,0.91,0.903,0.928,0.873,0.883,0.898,0.874,0.93,0.017,0.944,0.895,0.89,0.926,0.924,0.886,0.924,0.87,0.917,0.923,0.882,0.884,0.888,0.915,0.916,0.876,0.892
0.893,0.913,0.882,0.878,0.928,0.914,0.923,0.888,0.896,0.878,0.916,0.888,0.939,0.887,0.89,0.921,0.923,0.947,0.949,0.92,0.944,1.0,0.98,0.918,0.924,0.914,0.94,0.883,0.886,0.901,0.879,0.927,0.018,0.965,0.906,0.894,0.921,0.937,0.889,0.94,0.879,0.915,0.94,0.891,0.884,0.876,0.922,0.922,0.882,0.894
0.898,0.919,0.883,0.881,0.93,0.917,0.927,0.887,0.9,0.884,0.917,0.894,0.938,0.889,0.894,0.923,0.923,0.946,0.947,0.924,0.95,0.98,1.0,0.923,0.93,0.92,0.937,0.884,0.892,0.904,0.883,0.929,0.018,0.962,0.908,0.903,0.925,0.935,0.894,0.942,0.885,0.917,0.941,0.892,0.884,0.877,0.92,0.92,0.886,0.896
0.894,0.942,0.873,0.891,0.921,0.935,0.906,0.892,0.886,0.893,0.916,0.9,0.926,0.894,0.89,0.907,0.932,0.914,0.912,0.904,0.905,0.918,0.923,1.0,0.947,0.949,0.915,0.893,0.896,0.897,0.891,0.915,0.016,0.91,0.944,0.883,0.905,0.923,0.887,0.921,0.896,0.922,0.921,0.892,0.89,0.872,0.924,0.924,0.893,0.895
0.899,0.944,0.884,0.884,0.926,0.938,0.908,0.89,0.889,0.879,0.903,0.886,0.917,0.889,0.892,0.912,0.937,0.913,0.919,0.909,0.91,0.924,0.93,0.947,1.0,0.935,0.919,0.889,0.9,0.896,0.886,0.923,0.016,0.92,0.93,0.89,0.909,0.927,0.886,0.92,0.889,0.928,0.926,0.899,0.893,0.882,0.933,0.933,0.892,0.897
0.895,0.926,0.878,0.892,0.92,0.92,0.906,0.888,0.892,0.892,0.922,0.901,0.93,0.895,0.893,0.909,0.93,0.914,0.914,0.906,0.903,0.914,0.92,0.949,0.935,1.0,0.912,0.895,0.902,0.9,0.881,0.908,0.017,0.906,0.925,0.89,0.905,0.92,0.884,0.92,0.896,0.92,0.916,0.893,0.887,0.877,0.925,0.925,0.887,0.9
0.902,0.917,0.89,0.872,0.932,0.915,0.913,0.884,0.895,0.874,0.914,0.884,0.933,0.885,0.885,0.914,0.925,0.941,0.936,0.913,0.928,0.94,0.937,0.915,0.919,0.912,1.0,0.875,0.893,0.898,0.882,0.928,0.016,0.935,0.898,0.894,0.913,0.952,0.881,0.937,0.879,0.915,0.955,0.884,0.883,0.888,0.923,0.923,0.882,0.894
0.888,0.883,0.872,0.949,0.888,0.885,0.885,0.97,0.882,0.932,0.874,0.942,0.891,0.939,0.944,0.887,0.889,0.884,0.88,0.886,0.873,0.883,0.884,0.893,0.889,0.895,0.875,1.0,0.896,0.885,0.932,0.877,0.021,0.877,0.884,0.91,0.886,0.889,0.924,0.892,0.94,0.884,0.888,0.986,0.973,0.882,0.885,0.885,0.936,0.897
0.906,0.896,0.883,0.897,0.908,0.901,0.897,0.893,0.893,0.894,0.891,0.908,0.897,0.906,0.904,0.9,0.894,0.889,0.89,0.896,0.883,0.886,0.892,0.896,0.9,0.902,0.893,0.896,1.0,0.902,0.891,0.889,0.018,0.89,0.885,0.9,0.897,0.904,0.894,0.897,0.894,0.89,0.898,0.894,0.89,0.889,0.897,0.897,0.9,0.955
0.914,0.898,0.883,0.886,0.905,0.894,0.898,0.893,0.92,0.882,0.888,0.89,0.902,0.886,0.895,0.903,0.899,0.905,0.909,0.897,0.898,0.901,0.904,0.897,0.896,0.9,0.898,0.885,0.902,1.0,0.883,0.894,0.018,0.892,0.878,0.898,0.897,0.904,0.893,0.908,0.883,0.898,0.903,0.891,0.884,0.893,0.897,0.897,0.881,0.9
0.884,0.881,0.876,0.942,0.889,0.882,0.879,0.933,0.878,0.941,0.875,0.932,0.889,0.941,0.944,0.878,0.884,0.886,0.88,0.88,0.874,0.879,0.883,0.891,0.886,0.881,0.882,0.932,0.891,0.883,1.0,0.884,0.022,0.875,0.873,0.916,0.88,0.891,0.927,0.889,0.965,0.883,0.889,0.933,0.929,0.878,0.886,0.886,0.932,0.895
0.902,0.925,0.892,0.871,0.927,0.924,0.916,0.886,0.901,0.874,0.907,0.879,0.921,0.88,0.88,0.917,0.931,0.923,0.933,0.918,0.93,0.927,0.929,0.915,0.923,0.908,0.928,0.877,0.889,0.894,0.884,1.0,0.017,0.931,0.897,0.887,0.917,0.937,0.884,0.927,0.879,0.921,0.927,0.884,0.889,0.896,0.926,0.926,0.878,0.891
0.018,0.017,0.017,0.021,0.018,0.017,0.016,0.022,0.015,0.021,0.018,0.02,0.017,0.019,0.02,0.016,0.018,0.017,0.018,0.016,0.017,0.018,0.018,0.016,0.016,0.017,0.016,0.021,0.018,0.018,0.022,0.017,1.0,0.018,0.017,0.022,0.016,0.015,0.021,0.018,0.02,0.015,0.016,0.021,0.02,0.02,0.017,0.017,0.017,0.018
0.897,0.916,0.887,0.871,0.929,0.917,0.915,0.883,0.892,0.871,0.915,0.887,0.935,0.88,0.881,0.914,0.92,0.937,0.939,0.914,0.944,0.965,0.962,0.91,0.92,0.906,0.935,0.877,0.89,0.892,0.875,0.931,0.018,1.0,0.9,0.896,0.915,0.936,0.89,0.931,0.875,0.913,0.932,0.884,0.882,0.878,0.92,0.92,0.878,0.896
0.881,0.92,0.863,0.884,0.909,0.923,0.892,0.877,0.868,0.882,0.916,0.884,0.925,0.884,0.878,0.895,0.91,0.901,0.906,0.89,0.895,0.906,0.908,0.944,0.93,0.925,0.898,0.884,0.885,0.878,0.873,0.897,0.017,0.9,1.0,0.87,0.891,0.907,0.871,0.91,0.881,0.905,0.92,0.879,0.875,0.853,0.904,0.904,0.883,0.893
0.897,0.883,0.88,0.914,0.899,0.885,0.889,0.915,0.893,0.91,0.882,0.911,0.883,0.918,0.92,0.888,0.902,0.897,0.888,0.889,0.89,0.894,0.903,0.883,0.89,0.89,0.894,0.91,0.9,0.898,0.916,0.887,0.022,0.896,0.87,1.0,0.889,0.895,0.929,0.899,0.907,0.893,0.896,0.916,0.913,0.889,0.893,0.893,0.913,0.902
0.91,0.916,0.898,0.876,0.917,0.92,0.996,0.895,0.91,0.874,0.89,0.885,0.902,0.881,0.885,0.986,0.918,0.925,0.924,0.998,0.926,0.921,0.925,0.905,0.909,0.905,0.913,0.886,0.897,0.897,0.88,0.917,0.016,0.915,0.891,0.889,1.0,0.91,0.888,0.905,0.878,0.918,0.914,0.896,0.899,0.897,0.917,0.918,0.88,0.903
0.909,0.927,0.889,0.885,0.94,0.931,0.91,0.896,0.9,0.885,0.914,0.891,0.937,0.898,0.895,0.915,0.926,0.929,0.934,0.911,0.924,0.937,0.935,0.923,0.927,0.92,0.952,0.889,0.904,0.904,0.891,0.937,0.015,0.936,0.907,0.895,0.91,1.0,0.887,0.936,0.89,0.929,0.957,0.894,0.893,0.891,0.932,0.932,0.892,0.897
0.891,0.882,0.881,0.929,0.891,0.887,0.888,0.931,0.89,0.923,0.87,0.928,0.881,0.931,0.934,0.888,0.892,0.891,0.888,0.886,0.886,0.889,0.894,0.887,0.886,0.884,0.881,0.924,0.894,0.893,0.927,0.884,0.021,0.89,0.871,0.929,0.888,0.887,1.0,0.89,0.923,0.885,0.888,0.931,0.93,0.882,0.885,0.885,0.918,0.889
0.9,0.908,0.876,0.887,0.929,0.912,0.906,0.889,0.9,0.882,0.924,0.888,0.939,0.893,0.899,0.909,0.921,0.931,0.933,0.905,0.924,0.94,0.942,0.921,0.92,0.92,0.937,0.892,0.897,0.908,0.889,0.927,0.018,0.931,0.91,0.899,0.905,0.936,0.89,1.0,0.887,0.911,0.939,0.893,0.885,0.885,0.919,0.919,0.887,0.9
0.883,0.879,0.874,0.952,0.89,0.881,0.877,0.929,0.882,0.947,0.88,0.943,0.897,0.947,0.945,0.879,0.887,0.884,0.879,0.877,0.87,0.879,0.885,0.896,0.889,0.896,0.879,0.94,0.894,0.883,0.965,0.879,0.02,0.875,0.881,0.907,0.878,0.89,0.923,0.887,1.0,0.885,0.891,0.934,0.927,0.877,0.889,0.889,0.942,0.895
0.903,0.928,0.891,0.877,0.922,0.934,0.917,0.891,0.899,0.879,0.903,0.883,0.918,0.882,0.886,0.917,0.93,0.923,0.928,0.917,0.917,0.915,0.917,0.922,0.928,0.92,0.915,0.884,0.89,0.898,0.883,0.921,0.015,0.913,0.905,0.893,0.918,0.929,0.885,0.911,0.885,1.0,0.923,0.893,0.893,0.884,0.941,0.941,0.883,0.894
0.9,0.914,0.888,0.886,0.94,0.915,0.915,0.889,0.896,0.883,0.919,0.893,0.947,0.899,0.895,0.915,0.919,0.932,0.934,0.913,0.923,0.94,0.941,0.921,0.926,0.916,0.955,0.888,0.898,0.903,0.889,0.927,0.016,0.932,0.92,0.896,0.914,0.957,0.888,0.939,0.891,0.923,1.0,0.896,0.889,0.88,0.918,0.918,0.895,0.9
0.892,0.89,0.881,0.938,0.897,0.894,0.895,0.972,0.888,0.924,0.869,0.941,0.887,0.934,0.941,0.895,0.899,0.894,0.89,0.895,0.882,0.891,0.892,0.892,0.899,0.893,0.884,0.986,0.894,0.891,0.933,0.884,0.021,0.884,0.879,0.916,0.896,0.894,0.931,0.893,0.934,0.893,0.896,1.0,0.984,0.89,0.891,0.891,0.931,0.896
0.901,0.898,0.882,0.931,0.895,0.899,0.898,0.966,0.889,0.923,0.863,0.932,0.879,0.928,0.933,0.897,0.9,0.893,0.891,0.898,0.884,0.884,0.884,0.89,0.893,0.887,0.883,0.973,0.89,0.884,0.929,0.889,0.02,0.882,0.875,0.913,0.899,0.893,0.93,0.885,0.927,0.893,0.889,0.984,1.0,0.891,0.894,0.894,0.926,0.89
0.894,0.886,0.882,0.872,0.894,0.889,0.896,0.882,0.9,0.868,0.865,0.88,0.872,0.882,0.885,0.898,0.892,0.887,0.884,0.897,0.888,0.876,0.877,0.872,0.882,0.877,0.888,0.882,0.889,0.893,0.878,0.896,0.02,0.878,0.853,0.889,0.897,0.891,0.882,0.885,0.877,0.884,0.88,0.89,0.891,1.0,0.896,0.897,0.873,0.9
0.907,0.93,0.897,0.88,0.931,0.932,0.917,0.892,0.905,0.877,0.905,0.883,0.922,0.89,0.89,0.919,0.939,0.92,0.927,0.917,0.915,0.922,0.92,0.924,0.933,0.925,0.923,0.885,0.897,0.897,0.886,0.926,0.017,0.92,0.904,0.893,0.917,0.932,0.885,0.919,0.889,0.941,0.918,0.891,0.894,0.896,1.0,0.999,0.881,0.904
0.907,0.931,0.898,0.88,0.931,0.933,0.918,0.892,0.906,0.877,0.905,0.883,0.922,0.89,0.89,0.919,0.939,0.92,0.927,0.918,0.916,0.922,0.92,0.924,0.933,0.925,0.923,0.885,0.897,0.897,0.886,0.926,0.017,0.92,0.904,0.893,0.918,0.932,0.885,0.919,0.889,0.941,0.918,0.891,0.894,0.897,0.999,1.0,0.881,0.904
0.889,0.879,0.872,0.936,0.892,0.883,0.879,0.927,0.881,0.937,0.876,0.935,0.894,0.935,0.938,0.879,0.878,0.881,0.876,0.88,0.876,0.882,0.886,0.893,0.892,0.887,0.882,0.936,0.9,0.881,0.932,0.878,0.017,0.878,0.883,0.913,0.88,0.892,0.918,0.887,0.942,0.883,0.895,0.931,0.926,0.873,0.881,0.881,1.0,0.898
0.906,0.893,0.882,0.899,0.902,0.9,0.903,0.891,0.891,0.894,0.894,0.901,0.899,0.903,0.904,0.905,0.894,0.894,0.893,0.903,0.892,0.894,0.896,0.895,0.897,0.9,0.894,0.897,0.955,0.9,0.895,0.891,0.018,0.896,0.893,0.902,0.903,0.897,0.889,0.9,0.895,0.894,0.9,0.896,0.89,0.9,0.904,0.904,0.898,1.0
