GCF_000163235.1_ASM16323v1_genomic.fna,GCF_000164555.1_ASM16455v1_genomic.fna,GCF_000208545.1_ASM20854v2_genomic.fna,GCF_000233875.1_ASM23387v1_genomic.fna,GCF_000249735.1_ASM24973v2_genomic.fna,GCF_000261145.1_Esch_coli_M919_V2_genomic.fna,GCF_000267705.2_ASM26770v2_genomic.fna,GCF_000350665.1_Esch_coli_KTE5_V1_genomic.fna,GCF_000351625.1_Esch_coli_KTE66_V1_genomic.fna,GCF_000352285.1_Esch_coli_KTE46_V1_genomic.fna,GCF_000358895.1_ASM35889v1_genomic.fna,GCF_000456385.1_Esch_coli_HVH_26_4-5703913_V1_genomic.fna,GCF_000458195.1_Esch_coli_HVH_147_4-5893887_V1_genomic.fna,GCF_000459755.1_Esch_coli_KOEGE_58_171a_V1_genomic.fna,GCF_000460055.1_Esch_coli_UMEA_3053-1_V1_genomic.fna,GCF_000462165.2_ASM46216v2_genomic.fna,GCF_000601135.1_ASM60113v1_genomic.fna,GCF_000614595.1_Ec2010EL1058_genomic.fna,GCF_000617745.1_Ec2010C-4529_genomic.fna,GCF_000618265.2_EcF6751_genomic.fna,GCF_000619005.2_Ec2009C-4052_genomic.fna,GCF_000619105.1_Ec2009C-4780_genomic.fna,GCF_000619765.2_Ec2009C-3279_genomic.fna,GCF_000687005.1_ASM68700v1_genomic.fna,GCF_000687025.1_ASM68702v1_genomic.fna,GCF_000700125.1_ASM70012v1_genomic.fna,GCF_000753315.1_FHI35_genomic.fna,GCF_000776375.1_ASM77637v1_genomic.fna,GCF_000779395.1_ASM77939v1_genomic.fna,GCF_000780315.1_ASM78031v1_genomic.fna,GCF_000781995.1_ASM78199v1_genomic.fna,GCF_000986765.1_ASM98676v1_genomic.fna,GCF_001041375.1_ViralProj287958_genomic.fna,GCF_001265335.1_302014_genomic.fna,GCF_001265625.1_100854_genomic.fna,GCF_001267345.1_303289_genomic.fna,GCF_001309985.1_ASM130998v1_genomic.fna,GCF_001521695.1_ASM152169v1_genomic.fna,GCF_001592595.1_ASM159259v1_genomic.fna,GCF_001614975.1_ASM161497v1_genomic.fna,GCF_001692775.1_ASM169277v1_genomic.fna,GCF_001748915.1_ASM174891v1_genomic.fna,GCF_001749235.1_ASM174923v1_genomic.fna,GCF_001881155.1_ASM188115v1_genomic.fna,GCF_001881345.1_ASM188134v1_genomic.fna,GCF_001892405.1_ASM189240v1_genomic.fna,GCF_001892585.1_ASM189258v1_genomic.fna,GCF_001893985.1_ASM189398v1_genomic.fna,GCF_002001595.1_ASM200159v1_genomic.fna,GCF_002002145.1_ASM200214v1_genomic.fna
1.0,0.898,0.882,0.887,0.902,0.907,0.893,0.887,0.923,0.894,0.892,0.899,0.904,0.89,0.884,0.901,0.896,0.893,0.896,0.891,0.885,0.902,0.899,0.917,0.913,0.908,0.901,0.889,0.904,0.92,0.878,0.885,0.017,0.895,0.903,0.886,0.892,0.895,0.887,0.912,0.884,0.895,0.902,0.883,0.89,0.873,0.902,0.902,0.885,0.909
0.898,1.0,0.881,0.884,0.925,0.932,0.904,0.891,0.901,0.89,0.889,0.895,0.909,0.883,0.89,0.904,0.93,0.916,0.912,0.901,0.915,0.914,0.919,0.943,0.941,0.929,0.914,0.888,0.905,0.895,0.891,0.923,0.019,0.917,0.922,0.886,0.902,0.919,0.886,0.911,0.888,0.928,0.915,0.897,0.903,0.896,0.927,0.928,0.905,0.886
0.882,0.881,1.0,0.864,0.88,0.878,0.878,0.871,0.888,0.859,0.863,0.866,0.883,0.865,0.874,0.88,0.886,0.874,0.876,0.878,0.875,0.886,0.881,0.886,0.877,0.876,0.881,0.869,0.882,0.884,0.873,0.879,0.019,0.878,0.865,0.875,0.878,0.878,0.875,0.881,0.875,0.89,0.886,0.873,0.872,0.866,0.889,0.89,0.88,0.878
0.887,0.884,0.864,1.0,0.887,0.889,0.882,0.933,0.898,0.933,0.88,0.939,0.894,0.952,0.957,0.888,0.888,0.882,0.879,0.88,0.87,0.881,0.887,0.895,0.892,0.888,0.888,0.946,0.895,0.894,0.931,0.882,0.018,0.881,0.886,0.919,0.88,0.876,0.92,0.892,0.944,0.885,0.883,0.935,0.937,0.868,0.894,0.894,0.92,0.888
0.902,0.925,0.88,0.887,1.0,0.933,0.913,0.892,0.917,0.888,0.922,0.888,0.931,0.883,0.888,0.917,0.935,0.934,0.931,0.911,0.924,0.938,0.937,0.934,0.932,0.92,0.936,0.892,0.902,0.907,0.9,0.934,0.02,0.933,0.914,0.882,0.912,0.929,0.893,0.933,0.888,0.933,0.937,0.895,0.901,0.889,0.932,0.933,0.897,0.885
0.907,0.932,0.878,0.889,0.933,1.0,0.903,0.899,0.908,0.893,0.902,0.892,0.921,0.891,0.897,0.91,0.935,0.922,0.92,0.9,0.91,0.925,0.926,0.945,0.941,0.931,0.925,0.895,0.907,0.905,0.894,0.916,0.019,0.923,0.929,0.889,0.901,0.921,0.902,0.926,0.888,0.931,0.926,0.899,0.905,0.884,0.934,0.935,0.899,0.895
0.893,0.904,0.878,0.882,0.913,0.903,1.0,0.89,0.894,0.88,0.885,0.881,0.9,0.873,0.882,0.984,0.91,0.932,0.922,0.997,0.926,0.918,0.923,0.906,0.904,0.895,0.906,0.885,0.886,0.895,0.889,0.925,0.018,0.917,0.888,0.893,0.998,0.91,0.894,0.903,0.885,0.91,0.913,0.887,0.889,0.889,0.905,0.906,0.898,0.878
0.887,0.891,0.871,0.933,0.892,0.899,0.89,1.0,0.896,0.928,0.884,0.943,0.892,0.943,0.938,0.89,0.892,0.887,0.885,0.888,0.884,0.892,0.89,0.898,0.892,0.888,0.893,0.98,0.9,0.894,0.93,0.893,0.018,0.888,0.889,0.926,0.888,0.888,0.929,0.896,0.941,0.892,0.892,0.972,0.966,0.869,0.898,0.898,0.929,0.888
0.923,0.901,0.888,0.898,0.917,0.908,0.894,0.896,1.0,0.894,0.886,0.894,0.904,0.897,0.902,0.898,0.906,0.894,0.904,0.892,0.885,0.903,0.899,0.912,0.908,0.898,0.907,0.9,0.906,0.927,0.901,0.893,0.018,0.896,0.895,0.898,0.893,0.9,0.901,0.907,0.899,0.912,0.907,0.899,0.898,0.889,0.912,0.913,0.896,0.902
0.894,0.89,0.859,0.933,0.888,0.893,0.88,0.928,0.894,1.0,0.892,0.936,0.892,0.936,0.926,0.881,0.886,0.88,0.877,0.878,0.874,0.885,0.883,0.895,0.894,0.891,0.884,0.935,0.896,0.884,0.932,0.881,0.018,0.876,0.893,0.922,0.878,0.88,0.919,0.891,0.936,0.887,0.884,0.924,0.932,0.865,0.898,0.898,0.918,0.894
0.892,0.889,0.863,0.88,0.922,0.902,0.885,0.884,0.886,0.892,1.0,0.885,0.928,0.879,0.878,0.892,0.899,0.909,0.909,0.884,0.897,0.916,0.915,0.914,0.909,0.906,0.914,0.883,0.885,0.895,0.876,0.908,0.021,0.912,0.915,0.881,0.885,0.907,0.873,0.932,0.88,0.907,0.921,0.876,0.878,0.861,0.907,0.907,0.876,0.886
0.899,0.895,0.866,0.939,0.888,0.892,0.881,0.943,0.894,0.936,0.885,1.0,0.893,0.946,0.95,0.887,0.888,0.88,0.873,0.879,0.884,0.885,0.884,0.903,0.899,0.896,0.888,0.945,0.903,0.891,0.916,0.888,0.02,0.882,0.892,0.919,0.879,0.879,0.919,0.891,0.93,0.885,0.884,0.934,0.941,0.87,0.893,0.893,0.925,0.902
0.904,0.909,0.883,0.894,0.931,0.921,0.9,0.892,0.904,0.892,0.928,0.893,1.0,0.887,0.892,0.906,0.914,0.922,0.928,0.898,0.919,0.938,0.937,0.939,0.925,0.922,0.942,0.896,0.904,0.914,0.89,0.926,0.02,0.933,0.917,0.895,0.899,0.92,0.887,0.951,0.891,0.926,0.936,0.889,0.893,0.88,0.922,0.922,0.888,0.898
0.89,0.883,0.865,0.952,0.883,0.891,0.873,0.943,0.897,0.936,0.879,0.946,0.887,1.0,0.949,0.876,0.886,0.881,0.877,0.871,0.869,0.88,0.875,0.898,0.89,0.889,0.887,0.955,0.895,0.892,0.934,0.879,0.018,0.876,0.892,0.923,0.871,0.876,0.922,0.892,0.947,0.884,0.881,0.943,0.941,0.864,0.893,0.893,0.926,0.889
0.884,0.89,0.874,0.957,0.888,0.897,0.882,0.938,0.902,0.926,0.878,0.95,0.892,0.949,1.0,0.89,0.891,0.89,0.889,0.88,0.884,0.89,0.896,0.892,0.885,0.883,0.892,0.943,0.897,0.893,0.935,0.89,0.018,0.889,0.881,0.919,0.88,0.886,0.924,0.89,0.942,0.889,0.886,0.942,0.943,0.876,0.892,0.893,0.925,0.885
0.901,0.904,0.88,0.888,0.917,0.91,0.984,0.89,0.898,0.881,0.892,0.887,0.906,0.876,0.89,1.0,0.912,0.929,0.924,0.981,0.915,0.921,0.928,0.911,0.91,0.897,0.912,0.886,0.891,0.904,0.888,0.92,0.018,0.915,0.893,0.898,0.982,0.907,0.896,0.904,0.885,0.914,0.916,0.888,0.891,0.889,0.909,0.91,0.901,0.883
0.896,0.93,0.886,0.888,0.935,0.935,0.91,0.892,0.906,0.886,0.899,0.888,0.914,0.886,0.891,0.912,1.0,0.916,0.92,0.908,0.908,0.928,0.927,0.937,0.933,0.932,0.922,0.889,0.896,0.901,0.888,0.93,0.019,0.925,0.915,0.885,0.908,0.921,0.897,0.917,0.886,0.939,0.925,0.893,0.9,0.878,0.933,0.933,0.907,0.882
0.893,0.916,0.874,0.882,0.934,0.922,0.932,0.887,0.894,0.88,0.909,0.88,0.922,0.881,0.89,0.929,0.916,1.0,0.948,0.93,0.939,0.942,0.949,0.916,0.911,0.908,0.929,0.882,0.898,0.893,0.887,0.936,0.02,0.943,0.9,0.894,0.931,0.932,0.895,0.926,0.89,0.923,0.928,0.886,0.894,0.892,0.911,0.912,0.894,0.881
0.896,0.912,0.876,0.879,0.931,0.92,0.922,0.885,0.904,0.877,0.909,0.873,0.928,0.877,0.889,0.924,0.92,0.948,1.0,0.919,0.934,0.941,0.948,0.92,0.917,0.913,0.932,0.881,0.896,0.903,0.889,0.931,0.019,0.935,0.902,0.889,0.92,0.92,0.891,0.929,0.885,0.927,0.932,0.886,0.887,0.887,0.918,0.919,0.892,0.886
0.891,0.901,0.878,0.88,0.911,0.9,0.997,0.888,0.892,0.878,0.884,0.879,0.898,0.871,0.88,0.981,0.908,0.93,0.919,1.0,0.928,0.916,0.921,0.903,0.902,0.894,0.905,0.883,0.885,0.895,0.888,0.924,0.018,0.916,0.885,0.89,0.999,0.911,0.892,0.901,0.883,0.909,0.912,0.885,0.887,0.89,0.902,0.903,0.897,0.877
0.885,0.915,0.875,0.87,0.924,0.91,0.926,0.884,0.885,0.874,0.897,0.884,0.919,0.869,0.884,0.915,0.908,0.939,0.934,0.928,1.0,0.938,0.946,0.912,0.903,0.908,0.924,0.88,0.89,0.896,0.884,0.933,0.02,0.944,0.894,0.886,0.927,0.925,0.889,0.923,0.881,0.918,0.925,0.884,0.886,0.892,0.91,0.91,0.887,0.877
0.902,0.914,0.886,0.881,0.938,0.925,0.918,0.892,0.903,0.885,0.916,0.885,0.938,0.88,0.89,0.921,0.928,0.942,0.941,0.916,0.938,1.0,0.976,0.93,0.92,0.916,0.943,0.887,0.901,0.899,0.892,0.937,0.02,0.958,0.912,0.895,0.917,0.929,0.897,0.939,0.886,0.929,0.943,0.891,0.895,0.879,0.921,0.922,0.894,0.882
0.899,0.919,0.881,0.887,0.937,0.926,0.923,0.89,0.899,0.883,0.915,0.884,0.937,0.875,0.896,0.928,0.927,0.949,0.948,0.921,0.946,0.976,1.0,0.923,0.92,0.912,0.944,0.885,0.899,0.901,0.889,0.943,0.021,0.963,0.909,0.89,0.922,0.935,0.897,0.939,0.884,0.929,0.941,0.889,0.895,0.886,0.921,0.922,0.896,0.882
0.917,0.943,0.886,0.895,0.934,0.945,0.906,0.898,0.912,0.895,0.914,0.903,0.939,0.898,0.892,0.911,0.937,0.916,0.92,0.903,0.912,0.93,0.923,1.0,0.954,0.944,0.93,0.9,0.903,0.909,0.887,0.923,0.02,0.921,0.948,0.892,0.904,0.912,0.894,0.941,0.895,0.932,0.932,0.892,0.897,0.88,0.937,0.937,0.896,0.9
0.913,0.941,0.877,0.892,0.932,0.941,0.904,0.892,0.908,0.894,0.909,0.899,0.925,0.89,0.885,0.91,0.933,0.911,0.917,0.902,0.903,0.92,0.92,0.954,1.0,0.943,0.926,0.892,0.902,0.906,0.891,0.915,0.018,0.913,0.938,0.89,0.903,0.916,0.888,0.928,0.89,0.927,0.927,0.89,0.894,0.883,0.938,0.938,0.895,0.897
0.908,0.929,0.876,0.888,0.92,0.931,0.895,0.888,0.898,0.891,0.906,0.896,0.922,0.889,0.883,0.897,0.932,0.908,0.913,0.894,0.908,0.916,0.912,0.944,0.943,1.0,0.922,0.892,0.895,0.905,0.884,0.909,0.019,0.909,0.93,0.878,0.894,0.908,0.882,0.928,0.887,0.926,0.912,0.892,0.893,0.873,0.932,0.932,0.891,0.894
0.901,0.914,0.881,0.888,0.936,0.925,0.906,0.893,0.907,0.884,0.914,0.888,0.942,0.887,0.892,0.912,0.922,0.929,0.932,0.905,0.924,0.943,0.944,0.93,0.926,0.922,1.0,0.894,0.898,0.903,0.893,0.933,0.019,0.934,0.908,0.892,0.906,0.942,0.894,0.939,0.893,0.928,0.95,0.897,0.896,0.885,0.926,0.927,0.893,0.886
0.889,0.888,0.869,0.946,0.892,0.895,0.885,0.98,0.9,0.935,0.883,0.945,0.896,0.955,0.943,0.886,0.889,0.882,0.881,0.883,0.88,0.887,0.885,0.9,0.892,0.892,0.894,1.0,0.902,0.896,0.934,0.889,0.018,0.884,0.889,0.919,0.883,0.883,0.923,0.897,0.947,0.889,0.887,0.986,0.979,0.869,0.895,0.895,0.927,0.89
0.904,0.905,0.882,0.895,0.902,0.907,0.886,0.9,0.906,0.896,0.885,0.903,0.904,0.895,0.897,0.891,0.896,0.898,0.896,0.885,0.89,0.901,0.899,0.903,0.902,0.895,0.898,0.902,1.0,0.9,0.896,0.893,0.019,0.894,0.893,0.893,0.885,0.892,0.894,0.902,0.902,0.9,0.896,0.897,0.902,0.892,0.9,0.901,0.902,0.95
0.92,0.895,0.884,0.894,0.907,0.905,0.895,0.894,0.927,0.884,0.895,0.891,0.914,0.892,0.893,0.904,0.901,0.893,0.903,0.895,0.896,0.899,0.901,0.909,0.906,0.905,0.903,0.896,0.9,1.0,0.891,0.896,0.018,0.897,0.897,0.894,0.894,0.892,0.89,0.918,0.893,0.906,0.908,0.889,0.891,0.885,0.911,0.911,0.885,0.904
0.878,0.891,0.873,0.931,0.9,0.894,0.889,0.93,0.901,0.932,0.876,0.916,0.89,0.934,0.935,0.888,0.888,0.887,0.889,0.888,0.884,0.892,0.889,0.887,0.891,0.884,0.893,0.934,0.896,0.891,1.0,0.887,0.018,0.887,0.879,0.921,0.888,0.889,0.922,0.888,0.959,0.897,0.894,0.934,0.934,0.873,0.895,0.896,0.927,0.883
0.885,0.923,0.879,0.882,0.934,0.916,0.925,0.893,0.893,0.881,0.908,0.888,0.926,0.879,0.89,0.92,0.93,0.936,0.931,0.924,0.933,0.937,0.943,0.923,0.915,0.909,0.933,0.889,0.893,0.896,0.887,1.0,0.021,0.94,0.899,0.887,0.925,0.937,0.894,0.933,0.884,0.927,0.938,0.894,0.895,0.888,0.918,0.919,0.898,0.876
0.017,0.019,0.019,0.018,0.02,0.019,0.018,0.018,0.018,0.018,0.021,0.02,0.02,0.018,0.018,0.018,0.019,0.02,0.019,0.018,0.02,0.02,0.021,0.02,0.018,0.019,0.019,0.018,0.019,0.018,0.018,0.021,1.0,0.02,0.019,0.018,0.018,0.019,0.018,0.019,0.018,0.018,0.02,0.018,0.018,0.02,0.019,0.019,0.018,0.018
0.895,0.917,0.878,0.881,0.933,0.923,0.917,0.888,0.896,0.876,0.912,0.882,0.933,0.876,0.889,0.915,0.925,0.943,0.935,0.916,0.944,0.958,0.963,0.921,0.913,0.909,0.934,0.884,0.894,0.897,0.887,0.94,0.02,1.0,0.901,0.893,0.917,0.93,0.894,0.932,0.883,0.926,0.941,0.888,0.895,0.881,0.913,0.913,0.891,0.875
0.903,0.922,0.865,0.886,0.914,0.929,0.888,0.889,0.895,0.893,0.915,0.892,0.917,0.892,0.881,0.893,0.915,0.9,0.902,0.885,0.894,0.912,0.909,0.948,0.938,0.93,0.908,0.889,0.893,0.897,0.879,0.899,0.019,0.901,1.0,0.877,0.886,0.895,0.877,0.92,0.882,0.914,0.91,0.88,0.883,0.858,0.925,0.925,0.879,0.892
0.886,0.886,0.875,0.919,0.882,0.889,0.893,0.926,0.898,0.922,0.881,0.919,0.895,0.923,0.919,0.898,0.885,0.894,0.889,0.89,0.886,0.895,0.89,0.892,0.89,0.878,0.892,0.919,0.893,0.894,0.921,0.887,0.018,0.893,0.877,1.0,0.891,0.878,0.93,0.889,0.924,0.893,0.893,0.918,0.92,0.871,0.892,0.893,0.926,0.886
0.892,0.902,0.878,0.88,0.912,0.901,0.998,0.888,0.893,0.878,0.885,0.879,0.899,0.871,0.88,0.982,0.908,0.931,0.92,0.999,0.927,0.917,0.922,0.904,0.903,0.894,0.906,0.883,0.885,0.894,0.888,0.925,0.018,0.917,0.886,0.891,1.0,0.912,0.892,0.902,0.883,0.909,0.913,0.885,0.887,0.89,0.903,0.904,0.897,0.877
0.895,0.919,0.878,0.876,0.929,0.921,0.91,0.888,0.9,0.88,0.907,0.879,0.92,0.876,0.886,0.907,0.921,0.932,0.92,0.911,0.925,0.929,0.935,0.912,0.916,0.908,0.942,0.883,0.892,0.892,0.889,0.937,0.019,0.93,0.895,0.878,0.912,1.0,0.891,0.933,0.884,0.924,0.948,0.885,0.888,0.893,0.913,0.914,0.892,0.878
0.887,0.886,0.875,0.92,0.893,0.902,0.894,0.929,0.901,0.919,0.873,0.919,0.887,0.922,0.924,0.896,0.897,0.895,0.891,0.892,0.889,0.897,0.897,0.894,0.888,0.882,0.894,0.923,0.894,0.89,0.922,0.894,0.018,0.894,0.877,0.93,0.892,0.891,1.0,0.886,0.918,0.895,0.896,0.923,0.925,0.872,0.893,0.894,0.931,0.886
0.912,0.911,0.881,0.892,0.933,0.926,0.903,0.896,0.907,0.891,0.932,0.891,0.951,0.892,0.89,0.904,0.917,0.926,0.929,0.901,0.923,0.939,0.939,0.941,0.928,0.928,0.939,0.897,0.902,0.918,0.888,0.933,0.019,0.932,0.92,0.889,0.902,0.933,0.886,1.0,0.892,0.926,0.949,0.889,0.892,0.876,0.928,0.928,0.886,0.9
0.884,0.888,0.875,0.944,0.888,0.888,0.885,0.941,0.899,0.936,0.88,0.93,0.891,0.947,0.942,0.885,0.886,0.89,0.885,0.883,0.881,0.886,0.884,0.895,0.89,0.887,0.893,0.947,0.902,0.893,0.959,0.884,0.018,0.883,0.882,0.924,0.883,0.884,0.918,0.892,1.0,0.888,0.891,0.94,0.939,0.874,0.894,0.894,0.924,0.886
0.895,0.928,0.89,0.885,0.933,0.931,0.91,0.892,0.912,0.887,0.907,0.885,0.926,0.884,0.889,0.914,0.939,0.923,0.927,0.909,0.918,0.929,0.929,0.932,0.927,0.926,0.928,0.889,0.9,0.906,0.897,0.927,0.018,0.926,0.914,0.893,0.909,0.924,0.895,0.926,0.888,1.0,0.928,0.893,0.898,0.888,0.941,0.942,0.899,0.888
0.902,0.915,0.886,0.883,0.937,0.926,0.913,0.892,0.907,0.884,0.921,0.884,0.936,0.881,0.886,0.916,0.925,0.928,0.932,0.912,0.925,0.943,0.941,0.932,0.927,0.912,0.95,0.887,0.896,0.908,0.894,0.938,0.02,0.941,0.91,0.893,0.913,0.948,0.896,0.949,0.891,0.928,1.0,0.89,0.891,0.884,0.921,0.922,0.894,0.887
0.883,0.897,0.873,0.935,0.895,0.899,0.887,0.972,0.899,0.924,0.876,0.934,0.889,0.943,0.942,0.888,0.893,0.886,0.886,0.885,0.884,0.891,0.889,0.892,0.89,0.892,0.897,0.986,0.897,0.889,0.934,0.894,0.018,0.888,0.88,0.918,0.885,0.885,0.923,0.889,0.94,0.893,0.89,1.0,0.985,0.875,0.892,0.893,0.933,0.879
0.89,0.903,0.872,0.937,0.901,0.905,0.889,0.966,0.898,0.932,0.878,0.941,0.893,0.941,0.943,0.891,0.9,0.894,0.887,0.887,0.886,0.895,0.895,0.897,0.894,0.893,0.896,0.979,0.902,0.891,0.934,0.895,0.018,0.895,0.883,0.92,0.887,0.888,0.925,0.892,0.939,0.898,0.891,0.985,1.0,0.881,0.897,0.898,0.932,0.883
0.873,0.896,0.866,0.868,0.889,0.884,0.889,0.869,0.889,0.865,0.861,0.87,0.88,0.864,0.876,0.889,0.878,0.892,0.887,0.89,0.892,0.879,0.886,0.88,0.883,0.873,0.885,0.869,0.892,0.885,0.873,0.888,0.02,0.881,0.858,0.871,0.89,0.893,0.872,0.876,0.874,0.888,0.884,0.875,0.881,1.0,0.884,0.885,0.88,0.898
0.902,0.927,0.889,0.894,0.932,0.934,0.905,0.898,0.912,0.898,0.907,0.893,0.922,0.893,0.892,0.909,0.933,0.911,0.918,0.902,0.91,0.921,0.921,0.937,0.938,0.932,0.926,0.895,0.9,0.911,0.895,0.918,0.019,0.913,0.925,0.892,0.903,0.913,0.893,0.928,0.894,0.941,0.921,0.892,0.897,0.884,1.0,0.999,0.892,0.897
0.902,0.928,0.89,0.894,0.933,0.935,0.906,0.898,0.913,0.898,0.907,0.893,0.922,0.893,0.893,0.91,0.933,0.912,0.919,0.903,0.91,0.922,0.922,0.937,0.938,0.932,0.927,0.895,0.901,0.911,0.896,0.919,0.019,0.913,0.925,0.893,0.904,0.914,0.894,0.928,0.894,0.942,0.922,0.893,0.898,0.885,0.999,1.0,0.893,0.897
0.885,0.905,0.88,0.92,0.897,0.899,0.898,0.929,0.896,0.918,0.876,0.925,0.888,0.926,0.925,0.901,0.907,0.894,0.892,0.897,0.887,0.894,0.896,0.896,0.895,0.891,0.893,0.927,0.902,0.885,0.927,0.898,0.018,0.891,0.879,0.926,0.897,0.892,0.931,0.886,0.924,0.899,0.894,0.933,0.932,0.88,0.892,0.893,1.0,0.886
0.909,0.886,0.878,0.888,0.885,0.895,0.878,0.888,0.902,0.894,0.886,0.902,0.898,0.889,0.885,0.883,0.882,0.881,0.886,0.877,0.877,0.882,0.882,0.9,0.897,0.894,0.886,0.89,0.95,0.904,0.883,0.876,0.018,0.875,0.892,0.886,0.877,0.878,0.886,0.9,0.886,0.888,0.887,0.879,0.883,0.898,0.897,0.897,0.886,1.0
