GCF_000163235.1_ASM16323v1_genomic.fna,GCF_000164555.1_ASM16455v1_genomic.fna,GCF_000208545.1_ASM20854v2_genomic.fna,GCF_000233875.1_ASM23387v1_genomic.fna,GCF_000249735.1_ASM24973v2_genomic.fna,GCF_000261145.1_Esch_coli_M919_V2_genomic.fna,GCF_000267705.2_ASM26770v2_genomic.fna,GCF_000350665.1_Esch_coli_KTE5_V1_genomic.fna,GCF_000351625.1_Esch_coli_KTE66_V1_genomic.fna,GCF_000352285.1_Esch_coli_KTE46_V1_genomic.fna,GCF_000358895.1_ASM35889v1_genomic.fna,GCF_000456385.1_Esch_coli_HVH_26_4-5703913_V1_genomic.fna,GCF_000458195.1_Esch_coli_HVH_147_4-5893887_V1_genomic.fna,GCF_000459755.1_Esch_coli_KOEGE_58_171a_V1_genomic.fna,GCF_000460055.1_Esch_coli_UMEA_3053-1_V1_genomic.fna,GCF_000462165.2_ASM46216v2_genomic.fna,GCF_000601135.1_ASM60113v1_genomic.fna,GCF_000614595.1_Ec2010EL1058_genomic.fna,GCF_000617745.1_Ec2010C-4529_genomic.fna,GCF_000618265.2_EcF6751_genomic.fna,GCF_000619005.2_Ec2009C-4052_genomic.fna,GCF_000619105.1_Ec2009C-4780_genomic.fna,GCF_000619765.2_Ec2009C-3279_genomic.fna,GCF_000687005.1_ASM68700v1_genomic.fna,GCF_000687025.1_ASM68702v1_genomic.fna,GCF_000700125.1_ASM70012v1_genomic.fna,GCF_000753315.1_FHI35_genomic.fna,GCF_000776375.1_ASM77637v1_genomic.fna,GCF_000779395.1_ASM77939v1_genomic.fna,GCF_000780315.1_ASM78031v1_genomic.fna,GCF_000781995.1_ASM78199v1_genomic.fna,GCF_000986765.1_ASM98676v1_genomic.fna,GCF_001041375.1_ViralProj287958_genomic.fna,GCF_001265335.1_302014_genomic.fna,GCF_001265625.1_100854_genomic.fna,GCF_001267345.1_303289_genomic.fna,GCF_001309985.1_ASM130998v1_genomic.fna,GCF_001521695.1_ASM152169v1_genomic.fna,GCF_001592595.1_ASM159259v1_genomic.fna,GCF_001614975.1_ASM161497v1_genomic.fna,GCF_001692775.1_ASM169277v1_genomic.fna,GCF_001748915.1_ASM174891v1_genomic.fna,GCF_001749235.1_ASM174923v1_genomic.fna,GCF_001881155.1_ASM188115v1_genomic.fna,GCF_001881345.1_ASM188134v1_genomic.fna,GCF_001892405.1_ASM189240v1_genomic.fna,GCF_001892585.1_ASM189258v1_genomic.fna,GCF_001893985.1_ASM189398v1_genomic.fna,GCF_002001595.1_ASM200159v1_genomic.fna,GCF_002002145.1_ASM200214v1_genomic.fna
1.0,0.496,0.397,0.454,0.475,0.471,0.468,0.445,0.592,0.451,0.454,0.449,0.48,0.429,0.432,0.465,0.459,0.466,0.47,0.467,0.447,0.462,0.468,0.47,0.464,0.454,0.47,0.451,0.521,0.562,0.425,0.474,0.0,0.458,0.44,0.43,0.467,0.489,0.429,0.475,0.433,0.457,0.471,0.449,0.46,0.467,0.459,0.46,0.431,0.534
0.496,1.0,0.341,0.453,0.617,0.772,0.531,0.427,0.477,0.455,0.587,0.446,0.629,0.426,0.43,0.54,0.721,0.607,0.597,0.529,0.564,0.594,0.583,0.801,0.805,0.72,0.603,0.441,0.476,0.491,0.418,0.604,0.0,0.572,0.755,0.423,0.533,0.623,0.405,0.612,0.422,0.679,0.614,0.442,0.442,0.42,0.682,0.68,0.433,0.468
0.397,0.341,1.0,0.329,0.321,0.326,0.345,0.336,0.387,0.318,0.319,0.316,0.342,0.313,0.309,0.346,0.333,0.339,0.337,0.345,0.335,0.341,0.343,0.327,0.335,0.321,0.35,0.333,0.381,0.374,0.309,0.343,0.0,0.349,0.301,0.329,0.343,0.344,0.334,0.35,0.322,0.328,0.357,0.349,0.344,0.334,0.342,0.342,0.335,0.384
0.454,0.453,0.329,1.0,0.429,0.435,0.419,0.707,0.438,0.737,0.415,0.725,0.43,0.774,0.764,0.421,0.418,0.421,0.433,0.417,0.402,0.422,0.418,0.43,0.438,0.412,0.422,0.761,0.492,0.434,0.734,0.434,0.0,0.402,0.409,0.652,0.419,0.434,0.664,0.425,0.741,0.421,0.424,0.736,0.736,0.448,0.426,0.423,0.677,0.492
0.475,0.617,0.321,0.429,1.0,0.603,0.525,0.427,0.456,0.433,0.766,0.415,0.721,0.42,0.415,0.53,0.627,0.652,0.65,0.525,0.65,0.666,0.658,0.619,0.609,0.61,0.666,0.433,0.461,0.48,0.42,0.662,0.0,0.655,0.583,0.419,0.528,0.694,0.404,0.683,0.426,0.628,0.691,0.426,0.429,0.396,0.626,0.625,0.41,0.444
0.471,0.772,0.326,0.435,0.603,1.0,0.542,0.425,0.474,0.431,0.57,0.422,0.613,0.414,0.418,0.548,0.704,0.626,0.606,0.541,0.567,0.599,0.597,0.771,0.798,0.687,0.599,0.424,0.474,0.477,0.419,0.601,0.0,0.598,0.751,0.435,0.543,0.616,0.432,0.606,0.419,0.68,0.611,0.416,0.416,0.415,0.697,0.697,0.426,0.467
0.468,0.531,0.345,0.419,0.525,0.542,1.0,0.42,0.467,0.416,0.508,0.411,0.542,0.406,0.414,0.956,0.525,0.57,0.566,0.989,0.566,0.564,0.574,0.528,0.53,0.512,0.542,0.428,0.441,0.458,0.401,0.542,0.0,0.54,0.512,0.421,0.988,0.531,0.41,0.541,0.406,0.516,0.542,0.422,0.42,0.398,0.529,0.53,0.397,0.451
0.445,0.427,0.336,0.707,0.427,0.425,0.42,1.0,0.434,0.717,0.403,0.709,0.431,0.71,0.7,0.417,0.404,0.418,0.423,0.419,0.407,0.411,0.418,0.418,0.419,0.402,0.426,0.908,0.478,0.412,0.708,0.44,0.0,0.422,0.397,0.628,0.419,0.451,0.686,0.431,0.717,0.401,0.437,0.907,0.901,0.458,0.41,0.411,0.672,0.483
0.592,0.477,0.387,0.438,0.456,0.474,0.467,0.434,1.0,0.433,0.443,0.421,0.479,0.412,0.416,0.463,0.458,0.471,0.467,0.467,0.448,0.463,0.466,0.471,0.468,0.46,0.475,0.435,0.5,0.599,0.411,0.475,0.0,0.464,0.436,0.433,0.466,0.472,0.409,0.481,0.42,0.453,0.482,0.436,0.436,0.455,0.464,0.465,0.43,0.516
0.451,0.455,0.318,0.737,0.433,0.431,0.416,0.717,0.433,1.0,0.415,0.717,0.445,0.756,0.728,0.421,0.425,0.41,0.414,0.416,0.394,0.411,0.409,0.428,0.435,0.423,0.423,0.749,0.49,0.43,0.744,0.418,0.0,0.402,0.407,0.646,0.417,0.434,0.68,0.427,0.74,0.412,0.426,0.729,0.735,0.429,0.419,0.416,0.661,0.472
0.454,0.587,0.319,0.415,0.766,0.57,0.508,0.403,0.443,0.415,1.0,0.392,0.737,0.41,0.395,0.515,0.614,0.65,0.654,0.507,0.643,0.669,0.661,0.636,0.577,0.615,0.674,0.411,0.447,0.461,0.401,0.652,0.0,0.642,0.619,0.413,0.51,0.678,0.385,0.686,0.405,0.603,0.688,0.402,0.405,0.394,0.587,0.585,0.391,0.442
0.449,0.446,0.316,0.725,0.415,0.422,0.411,0.709,0.421,0.717,0.392,1.0,0.414,0.735,0.863,0.409,0.407,0.405,0.406,0.41,0.393,0.404,0.407,0.41,0.411,0.399,0.408,0.731,0.474,0.42,0.693,0.424,0.0,0.397,0.387,0.617,0.41,0.431,0.678,0.414,0.72,0.394,0.42,0.722,0.731,0.438,0.418,0.419,0.656,0.473
0.48,0.629,0.342,0.43,0.721,0.613,0.542,0.431,0.479,0.445,0.737,0.414,1.0,0.422,0.417,0.549,0.629,0.689,0.719,0.541,0.712,0.775,0.772,0.63,0.611,0.612,0.779,0.433,0.47,0.483,0.415,0.72,0.0,0.743,0.601,0.422,0.544,0.762,0.404,0.766,0.419,0.623,0.772,0.425,0.422,0.404,0.626,0.624,0.413,0.463
0.429,0.426,0.313,0.774,0.42,0.414,0.406,0.71,0.412,0.756,0.41,0.735,0.422,1.0,0.763,0.409,0.414,0.397,0.402,0.406,0.376,0.4,0.396,0.413,0.415,0.407,0.404,0.76,0.488,0.418,0.72,0.414,0.0,0.378,0.395,0.642,0.407,0.416,0.668,0.4,0.726,0.402,0.406,0.735,0.735,0.427,0.404,0.401,0.676,0.473
0.432,0.43,0.309,0.764,0.415,0.418,0.414,0.7,0.416,0.728,0.395,0.863,0.417,0.763,1.0,0.414,0.409,0.41,0.405,0.414,0.386,0.411,0.407,0.408,0.413,0.406,0.415,0.745,0.47,0.418,0.725,0.417,0.0,0.387,0.388,0.638,0.415,0.43,0.676,0.414,0.733,0.395,0.42,0.724,0.725,0.432,0.418,0.419,0.666,0.488
0.465,0.54,0.346,0.421,0.53,0.548,0.956,0.417,0.463,0.421,0.515,0.409,0.549,0.409,0.414,1.0,0.532,0.564,0.568,0.958,0.553,0.569,0.569,0.533,0.535,0.52,0.542,0.427,0.446,0.464,0.401,0.535,0.0,0.536,0.514,0.422,0.959,0.537,0.412,0.544,0.402,0.523,0.542,0.416,0.42,0.395,0.537,0.534,0.397,0.448
0.459,0.721,0.333,0.418,0.627,0.704,0.525,0.404,0.458,0.425,0.614,0.407,0.629,0.414,0.409,0.532,1.0,0.595,0.597,0.522,0.56,0.596,0.582,0.753,0.715,0.755,0.597,0.413,0.461,0.473,0.393,0.609,0.0,0.577,0.696,0.41,0.527,0.6,0.395,0.608,0.396,0.679,0.62,0.406,0.413,0.388,0.681,0.681,0.404,0.455
0.466,0.607,0.339,0.421,0.652,0.626,0.57,0.418,0.471,0.41,0.65,0.405,0.689,0.397,0.41,0.564,0.595,1.0,0.751,0.566,0.716,0.734,0.732,0.61,0.597,0.596,0.705,0.424,0.442,0.469,0.412,0.687,0.0,0.68,0.58,0.429,0.569,0.682,0.408,0.686,0.412,0.615,0.695,0.417,0.416,0.4,0.625,0.629,0.404,0.458
0.47,0.597,0.337,0.433,0.65,0.606,0.566,0.423,0.467,0.414,0.654,0.406,0.719,0.402,0.405,0.568,0.597,0.751,1.0,0.567,0.736,0.732,0.738,0.599,0.585,0.588,0.729,0.427,0.45,0.465,0.414,0.708,0.0,0.688,0.585,0.422,0.566,0.698,0.413,0.702,0.419,0.604,0.71,0.424,0.423,0.411,0.606,0.61,0.406,0.467
0.467,0.529,0.345,0.417,0.525,0.541,0.989,0.419,0.467,0.416,0.507,0.41,0.541,0.406,0.414,0.958,0.522,0.566,0.567,1.0,0.566,0.564,0.573,0.525,0.529,0.51,0.54,0.427,0.441,0.458,0.401,0.543,0.0,0.54,0.509,0.419,0.991,0.53,0.41,0.539,0.405,0.514,0.539,0.42,0.418,0.398,0.528,0.529,0.397,0.45
0.447,0.564,0.335,0.402,0.65,0.567,0.566,0.407,0.448,0.394,0.643,0.393,0.712,0.376,0.386,0.553,0.56,0.716,0.736,0.566,1.0,0.727,0.741,0.564,0.555,0.561,0.722,0.413,0.428,0.442,0.388,0.707,0.0,0.717,0.549,0.404,0.564,0.695,0.387,0.699,0.399,0.563,0.709,0.413,0.411,0.392,0.592,0.594,0.385,0.441
0.462,0.594,0.341,0.422,0.666,0.599,0.564,0.411,0.463,0.411,0.669,0.404,0.775,0.4,0.411,0.569,0.596,0.734,0.732,0.564,0.727,1.0,0.941,0.59,0.594,0.578,0.745,0.422,0.455,0.463,0.404,0.722,0.0,0.859,0.561,0.416,0.568,0.731,0.405,0.738,0.406,0.593,0.749,0.413,0.41,0.406,0.603,0.604,0.399,0.469
0.468,0.583,0.343,0.418,0.658,0.597,0.574,0.418,0.466,0.409,0.661,0.407,0.772,0.396,0.407,0.569,0.582,0.732,0.738,0.573,0.741,0.941,1.0,0.587,0.587,0.57,0.758,0.423,0.453,0.456,0.403,0.729,0.0,0.856,0.559,0.422,0.571,0.724,0.415,0.728,0.411,0.586,0.739,0.419,0.419,0.405,0.593,0.595,0.406,0.468
0.47,0.801,0.327,0.43,0.619,0.771,0.528,0.418,0.471,0.428,0.636,0.41,0.63,0.413,0.408,0.533,0.753,0.61,0.599,0.525,0.564,0.59,0.587,1.0,0.786,0.727,0.598,0.421,0.466,0.481,0.403,0.592,0.0,0.576,0.8,0.421,0.529,0.606,0.404,0.61,0.407,0.694,0.611,0.414,0.418,0.411,0.69,0.688,0.417,0.451
0.464,0.805,0.335,0.438,0.609,0.798,0.53,0.419,0.468,0.435,0.577,0.411,0.611,0.415,0.413,0.535,0.715,0.597,0.585,0.529,0.555,0.594,0.587,0.786,1.0,0.716,0.595,0.426,0.465,0.478,0.411,0.605,0.0,0.568,0.765,0.418,0.533,0.607,0.415,0.599,0.412,0.68,0.608,0.434,0.426,0.41,0.684,0.681,0.437,0.45
0.454,0.72,0.321,0.412,0.61,0.687,0.512,0.402,0.46,0.423,0.615,0.399,0.612,0.407,0.406,0.52,0.755,0.596,0.588,0.51,0.561,0.578,0.57,0.727,0.716,1.0,0.584,0.41,0.447,0.461,0.397,0.569,0.0,0.551,0.69,0.408,0.513,0.59,0.387,0.593,0.398,0.676,0.582,0.414,0.404,0.396,0.684,0.682,0.411,0.441
0.47,0.603,0.35,0.422,0.666,0.599,0.542,0.426,0.475,0.423,0.674,0.408,0.779,0.404,0.415,0.542,0.597,0.705,0.729,0.54,0.722,0.745,0.758,0.598,0.595,0.584,1.0,0.434,0.459,0.467,0.412,0.731,0.0,0.718,0.567,0.421,0.542,0.824,0.406,0.746,0.419,0.6,0.842,0.432,0.425,0.403,0.601,0.603,0.41,0.467
0.451,0.441,0.333,0.761,0.433,0.424,0.428,0.908,0.435,0.749,0.411,0.731,0.433,0.76,0.745,0.427,0.413,0.424,0.427,0.427,0.413,0.422,0.423,0.421,0.426,0.41,0.434,1.0,0.495,0.425,0.733,0.445,0.0,0.416,0.397,0.656,0.43,0.454,0.683,0.431,0.742,0.411,0.438,0.961,0.947,0.455,0.42,0.42,0.686,0.494
0.521,0.476,0.381,0.492,0.461,0.474,0.441,0.478,0.5,0.49,0.447,0.474,0.47,0.488,0.47,0.446,0.461,0.442,0.45,0.441,0.428,0.455,0.453,0.466,0.465,0.447,0.459,0.495,1.0,0.491,0.469,0.465,0.0,0.44,0.431,0.472,0.442,0.466,0.466,0.456,0.467,0.448,0.452,0.483,0.482,0.557,0.462,0.458,0.474,0.82
0.562,0.491,0.374,0.434,0.48,0.477,0.458,0.412,0.599,0.43,0.461,0.42,0.483,0.418,0.418,0.464,0.473,0.469,0.465,0.458,0.442,0.463,0.456,0.481,0.478,0.461,0.467,0.425,0.491,1.0,0.405,0.463,0.0,0.452,0.463,0.42,0.46,0.467,0.393,0.481,0.411,0.47,0.472,0.417,0.415,0.435,0.476,0.473,0.413,0.487
0.425,0.418,0.309,0.734,0.42,0.419,0.401,0.708,0.411,0.744,0.401,0.693,0.415,0.72,0.725,0.401,0.393,0.412,0.414,0.401,0.388,0.404,0.403,0.403,0.411,0.397,0.412,0.733,0.469,0.405,1.0,0.413,0.0,0.397,0.382,0.641,0.403,0.42,0.65,0.412,0.89,0.392,0.411,0.716,0.714,0.417,0.404,0.405,0.662,0.46
0.474,0.604,0.343,0.434,0.662,0.601,0.542,0.44,0.475,0.418,0.652,0.424,0.72,0.414,0.417,0.535,0.609,0.687,0.708,0.543,0.707,0.722,0.729,0.592,0.605,0.569,0.731,0.445,0.465,0.463,0.413,1.0,0.0,0.709,0.555,0.418,0.542,0.74,0.417,0.731,0.419,0.597,0.747,0.447,0.45,0.402,0.609,0.611,0.419,0.468
0.0,0.0,0.0,0.0,0.0,0.0,0.0,0.0,0.0,0.0,0.0,0.0,0.0,0.0,0.0,0.0,0.0,0.0,0.0,0.0,0.0,0.0,0.0,0.0,0.0,0.0,0.0,0.0,0.0,0.0,0.0,0.0,1.0,0.0,0.0,0.0,0.0,0.0,0.0,0.0,0.0,0.0,0.0,0.0,0.0,0.0,0.0,0.0,0.0,0.0
0.458,0.572,0.349,0.402,0.655,0.598,0.54,0.422,0.464,0.402,0.642,0.397,0.743,0.378,0.387,0.536,0.577,0.68,0.688,0.54,0.717,0.859,0.856,0.576,0.568,0.551,0.718,0.416,0.44,0.452,0.397,0.709,0.0,1.0,0.542,0.42,0.539,0.704,0.413,0.712,0.406,0.574,0.732,0.419,0.42,0.403,0.587,0.589,0.394,0.453
0.44,0.755,0.301,0.409,0.583,0.751,0.512,0.397,0.436,0.407,0.619,0.387,0.601,0.395,0.388,0.514,0.696,0.58,0.585,0.509,0.549,0.561,0.559,0.8,0.765,0.69,0.567,0.397,0.431,0.463,0.382,0.555,0.0,0.542,1.0,0.399,0.512,0.568,0.385,0.579,0.382,0.648,0.573,0.389,0.392,0.382,0.64,0.637,0.39,0.423
0.43,0.423,0.329,0.652,0.419,0.435,0.421,0.628,0.433,0.646,0.413,0.617,0.422,0.642,0.638,0.422,0.41,0.429,0.422,0.419,0.404,0.416,0.422,0.421,0.418,0.408,0.421,0.656,0.472,0.42,0.641,0.418,0.0,0.42,0.399,1.0,0.421,0.422,0.62,0.423,0.644,0.403,0.424,0.639,0.638,0.424,0.414,0.415,0.636,0.462
0.467,0.533,0.343,0.419,0.528,0.543,0.988,0.419,0.466,0.417,0.51,0.41,0.544,0.407,0.415,0.959,0.527,0.569,0.566,0.991,0.564,0.568,0.571,0.529,0.533,0.513,0.542,0.43,0.442,0.46,0.403,0.542,0.0,0.539,0.512,0.421,1.0,0.533,0.408,0.543,0.404,0.516,0.543,0.421,0.419,0.397,0.531,0.532,0.396,0.449
0.489,0.623,0.344,0.434,0.694,0.616,0.531,0.451,0.472,0.434,0.678,0.431,0.762,0.416,0.43,0.537,0.6,0.682,0.698,0.53,0.695,0.731,0.724,0.606,0.607,0.59,0.824,0.454,0.466,0.467,0.42,0.74,0.0,0.704,0.568,0.422,0.533,1.0,0.419,0.746,0.425,0.609,0.853,0.447,0.441,0.409,0.626,0.627,0.42,0.463
0.429,0.405,0.334,0.664,0.404,0.432,0.41,0.686,0.409,0.68,0.385,0.678,0.404,0.668,0.676,0.412,0.395,0.408,0.413,0.41,0.387,0.405,0.415,0.404,0.415,0.387,0.406,0.683,0.466,0.393,0.65,0.417,0.0,0.413,0.385,0.62,0.408,0.419,1.0,0.404,0.66,0.395,0.41,0.684,0.696,0.453,0.408,0.409,0.638,0.47
0.475,0.612,0.35,0.425,0.683,0.606,0.541,0.431,0.481,0.427,0.686,0.414,0.766,0.4,0.414,0.544,0.608,0.686,0.702,0.539,0.699,0.738,0.728,0.61,0.599,0.593,0.746,0.431,0.456,0.481,0.412,0.731,0.0,0.712,0.579,0.423,0.543,0.746,0.404,1.0,0.415,0.615,0.76,0.426,0.421,0.419,0.631,0.631,0.406,0.475
0.433,0.422,0.322,0.741,0.426,0.419,0.406,0.717,0.42,0.74,0.405,0.72,0.419,0.726,0.733,0.402,0.396,0.412,0.419,0.405,0.399,0.406,0.411,0.407,0.412,0.398,0.419,0.742,0.467,0.411,0.89,0.419,0.0,0.406,0.382,0.644,0.404,0.425,0.66,0.415,1.0,0.404,0.418,0.735,0.73,0.427,0.403,0.404,0.674,0.467
0.457,0.679,0.328,0.421,0.628,0.68,0.516,0.401,0.453,0.412,0.603,0.394,0.623,0.402,0.395,0.523,0.679,0.615,0.604,0.514,0.563,0.593,0.586,0.694,0.68,0.676,0.6,0.411,0.448,0.47,0.392,0.597,0.0,0.574,0.648,0.403,0.516,0.609,0.395,0.615,0.404,1.0,0.633,0.404,0.399,0.392,0.719,0.718,0.402,0.446
0.471,0.614,0.357,0.424,0.691,0.611,0.542,0.437,0.482,0.426,0.688,0.42,0.772,0.406,0.42,0.542,0.62,0.695,0.71,0.539,0.709,0.749,0.739,0.611,0.608,0.582,0.842,0.438,0.452,0.472,0.411,0.747,0.0,0.732,0.573,0.424,0.543,0.853,0.41,0.76,0.418,0.633,1.0,0.434,0.431,0.405,0.622,0.625,0.411,0.465
0.449,0.442,0.349,0.736,0.426,0.416,0.422,0.907,0.436,0.729,0.402,0.722,0.425,0.735,0.724,0.416,0.406,0.417,0.424,0.42,0.413,0.413,0.419,0.414,0.434,0.414,0.432,0.961,0.483,0.417,0.716,0.447,0.0,0.419,0.389,0.639,0.421,0.447,0.684,0.426,0.735,0.404,0.434,1.0,0.959,0.458,0.41,0.41,0.699,0.488
0.46,0.442,0.344,0.736,0.429,0.416,0.42,0.901,0.436,0.735,0.405,0.731,0.422,0.735,0.725,0.42,0.413,0.416,0.423,0.418,0.411,0.41,0.419,0.418,0.426,0.404,0.425,0.947,0.482,0.415,0.714,0.45,0.0,0.42,0.392,0.638,0.419,0.441,0.696,0.421,0.73,0.399,0.431,0.959,1.0,0.463,0.415,0.416,0.685,0.488
0.467,0.42,0.334,0.448,0.396,0.415,0.398,0.458,0.455,0.429,0.394,0.438,0.404,0.427,0.432,0.395,0.388,0.4,0.411,0.398,0.392,0.406,0.405,0.411,0.41,0.396,0.403,0.455,0.557,0.435,0.417,0.402,0.0,0.403,0.382,0.424,0.397,0.409,0.453,0.419,0.427,0.392,0.405,0.458,0.463,1.0,0.435,0.436,0.441,0.613
0.459,0.682,0.342,0.426,0.626,0.697,0.529,0.41,0.464,0.419,0.587,0.418,0.626,0.404,0.418,0.537,0.681,0.625,0.606,0.528,0.592,0.603,0.593,0.69,0.684,0.684,0.601,0.42,0.462,0.476,0.404,0.609,0.0,0.587,0.64,0.414,0.531,0.626,0.408,0.631,0.403,0.719,0.622,0.41,0.415,0.435,1.0,0.994,0.407,0.476
0.46,0.68,0.342,0.423,0.625,0.697,0.53,0.411,0.465,0.416,0.585,0.419,0.624,0.401,0.419,0.534,0.681,0.629,0.61,0.529,0.594,0.604,0.595,0.688,0.681,0.682,0.603,0.42,0.458,0.473,0.405,0.611,0.0,0.589,0.637,0.415,0.532,0.627,0.409,0.631,0.404,0.718,0.625,0.41,0.416,0.436,0.994,1.0,0.408,0.477
0.431,0.433,0.335,0.677,0.41,0.426,0.397,0.672,0.43,0.661,0.391,0.656,0.413,0.676,0.666,0.397,0.404,0.404,0.406,0.397,0.385,0.399,0.406,0.417,0.437,0.411,0.41,0.686,0.474,0.413,0.662,0.419,0.0,0.394,0.39,0.636,0.396,0.42,0.638,0.406,0.674,0.402,0.411,0.699,0.685,0.441,0.407,0.408,1.0,0.476
0.534,0.468,0.384,0.492,0.444,0.467,0.451,0.483,0.516,0.472,0.442,0.473,0.463,0.473,0.488,0.448,0.455,0.458,0.467,0.45,0.441,0.469,0.468,0.451,0.45,0.441,0.467,0.494,0.82,0.487,0.46,0.468,0.0,0.453,0.423,0.462,0.449,0.463,0.47,0.475,0.467,0.446,0.465,0.488,0.488,0.613,0.476,0.477,0.476,1.0
