GCF_000163235.1_ASM16323v1_genomic.fna,GCF_000164555.1_ASM16455v1_genomic.fna,GCF_000208545.1_ASM20854v2_genomic.fna,GCF_000233875.1_ASM23387v1_genomic.fna,GCF_000249735.1_ASM24973v2_genomic.fna,GCF_000261145.1_Esch_coli_M919_V2_genomic.fna,GCF_000267705.2_ASM26770v2_genomic.fna,GCF_000350665.1_Esch_coli_KTE5_V1_genomic.fna,GCF_000351625.1_Esch_coli_KTE66_V1_genomic.fna,GCF_000352285.1_Esch_coli_KTE46_V1_genomic.fna,GCF_000358895.1_ASM35889v1_genomic.fna,GCF_000456385.1_Esch_coli_HVH_26_4-5703913_V1_genomic.fna,GCF_000458195.1_Esch_coli_HVH_147_4-5893887_V1_genomic.fna,GCF_000459755.1_Esch_coli_KOEGE_58_171a_V1_genomic.fna,GCF_000460055.1_Esch_coli_UMEA_3053-1_V1_genomic.fna,GCF_000462165.2_ASM46216v2_genomic.fna,GCF_000601135.1_ASM60113v1_genomic.fna,GCF_000614595.1_Ec2010EL1058_genomic.fna,GCF_000617745.1_Ec2010C-4529_genomic.fna,GCF_000618265.2_EcF6751_genomic.fna,GCF_000619005.2_Ec2009C-4052_genomic.fna,GCF_000619105.1_Ec2009C-4780_genomic.fna,GCF_000619765.2_Ec2009C-3279_genomic.fna,GCF_000687005.1_ASM68700v1_genomic.fna,GCF_000687025.1_ASM68702v1_genomic.fna,GCF_000700125.1_ASM70012v1_genomic.fna,GCF_000753315.1_FHI35_genomic.fna,GCF_000776375.1_ASM77637v1_genomic.fna,GCF_000779395.1_ASM77939v1_genomic.fna,GCF_000780315.1_ASM78031v1_genomic.fna,GCF_000781995.1_ASM78199v1_genomic.fna,GCF_000986765.1_ASM98676v1_genomic.fna,GCF_001041375.1_ViralProj287958_genomic.fna,GCF_001265335.1_302014_genomic.fna,GCF_001265625.1_100854_genomic.fna,GCF_001267345.1_303289_genomic.fna,GCF_001309985.1_ASM130998v1_genomic.fna,GCF_001521695.1_ASM152169v1_genomic.fna,GCF_001592595.1_ASM159259v1_genomic.fna,GCF_001614975.1_ASM161497v1_genomic.fna,GCF_001692775.1_ASM169277v1_genomic.fna,GCF_001748915.1_ASM174891v1_genomic.fna,GCF_001749235.1_ASM174923v1_genomic.fna,GCF_001881155.1_ASM188115v1_genomic.fna,GCF_001881345.1_ASM188134v1_genomic.fna,GCF_001892405.1_ASM189240v1_genomic.fna,GCF_001892585.1_ASM189258v1_genomic.fna,GCF_001893985.1_ASM189398v1_genomic.fna,GCF_002001595.1_ASM200159v1_genomic.fna,GCF_002002145.1_ASM200214v1_genomic.fna
1.0,0.479,0.405,0.429,0.471,0.457,0.469,0.426,0.583,0.425,0.454,0.449,0.463,0.426,0.419,0.47,0.45,0.452,0.448,0.469,0.452,0.467,0.485,0.464,0.456,0.444,0.467,0.413,0.5,0.555,0.412,0.474,0.0,0.466,0.435,0.418,0.468,0.476,0.418,0.464,0.416,0.459,0.469,0.421,0.43,0.489,0.436,0.438,0.419,0.505
0.479,1.0,0.363,0.41,0.637,0.777,0.53,0.418,0.473,0.416,0.591,0.434,0.61,0.408,0.409,0.54,0.691,0.601,0.596,0.526,0.606,0.626,0.609,0.788,0.805,0.695,0.612,0.412,0.454,0.459,0.392,0.606,0.0,0.604,0.74,0.394,0.527,0.633,0.406,0.613,0.399,0.685,0.627,0.427,0.433,0.423,0.661,0.662,0.42,0.437
0.405,0.363,1.0,0.316,0.353,0.345,0.358,0.334,0.398,0.313,0.353,0.337,0.352,0.325,0.331,0.363,0.362,0.34,0.341,0.355,0.351,0.352,0.356,0.352,0.352,0.338,0.353,0.326,0.395,0.397,0.321,0.362,0.0,0.357,0.315,0.326,0.355,0.355,0.321,0.366,0.336,0.364,0.37,0.337,0.33,0.374,0.351,0.351,0.328,0.39
0.429,0.41,0.316,1.0,0.412,0.402,0.391,0.7,0.422,0.743,0.415,0.732,0.412,0.765,0.769,0.396,0.403,0.377,0.395,0.388,0.371,0.389,0.395,0.411,0.403,0.418,0.401,0.743,0.45,0.416,0.707,0.4,0.0,0.384,0.384,0.638,0.388,0.413,0.668,0.399,0.721,0.405,0.407,0.725,0.728,0.419,0.386,0.386,0.661,0.447
0.471,0.637,0.353,0.412,1.0,0.633,0.54,0.419,0.482,0.414,0.768,0.431,0.721,0.428,0.431,0.545,0.627,0.665,0.661,0.539,0.681,0.703,0.688,0.639,0.647,0.623,0.701,0.408,0.448,0.468,0.404,0.674,0.0,0.693,0.599,0.417,0.537,0.711,0.424,0.703,0.413,0.643,0.712,0.414,0.416,0.426,0.65,0.651,0.419,0.434
0.457,0.777,0.345,0.402,0.633,1.0,0.536,0.412,0.459,0.399,0.604,0.414,0.625,0.412,0.407,0.548,0.699,0.606,0.607,0.534,0.596,0.611,0.598,0.792,0.808,0.691,0.606,0.4,0.443,0.462,0.37,0.595,0.0,0.609,0.759,0.409,0.533,0.649,0.426,0.608,0.381,0.696,0.628,0.405,0.408,0.417,0.688,0.689,0.411,0.432
0.469,0.53,0.358,0.391,0.54,0.536,1.0,0.386,0.458,0.391,0.518,0.4,0.532,0.399,0.391,0.955,0.525,0.563,0.535,0.984,0.566,0.569,0.579,0.539,0.542,0.515,0.546,0.375,0.43,0.458,0.389,0.552,0.0,0.554,0.508,0.406,0.988,0.54,0.407,0.543,0.389,0.535,0.551,0.379,0.382,0.427,0.519,0.52,0.39,0.444
0.426,0.418,0.334,0.7,0.419,0.412,0.386,1.0,0.407,0.711,0.394,0.708,0.403,0.703,0.696,0.391,0.408,0.384,0.398,0.382,0.377,0.39,0.386,0.417,0.409,0.394,0.401,0.894,0.458,0.423,0.7,0.393,0.0,0.383,0.375,0.598,0.381,0.437,0.666,0.403,0.705,0.413,0.41,0.901,0.889,0.419,0.388,0.389,0.643,0.433
0.583,0.473,0.398,0.422,0.482,0.459,0.458,0.407,1.0,0.412,0.484,0.424,0.493,0.425,0.429,0.466,0.464,0.47,0.466,0.457,0.47,0.492,0.484,0.469,0.46,0.462,0.479,0.397,0.489,0.607,0.41,0.47,0.0,0.484,0.439,0.43,0.458,0.476,0.42,0.49,0.414,0.483,0.49,0.4,0.402,0.482,0.465,0.467,0.42,0.494
0.425,0.416,0.313,0.743,0.414,0.399,0.391,0.711,0.412,1.0,0.415,0.705,0.417,0.738,0.713,0.397,0.405,0.384,0.395,0.389,0.367,0.386,0.377,0.405,0.398,0.41,0.408,0.744,0.451,0.417,0.721,0.388,0.0,0.385,0.381,0.619,0.39,0.416,0.672,0.405,0.724,0.401,0.407,0.723,0.732,0.413,0.394,0.393,0.662,0.427
0.454,0.591,0.353,0.415,0.768,0.604,0.518,0.394,0.484,0.415,1.0,0.404,0.753,0.422,0.41,0.527,0.6,0.677,0.675,0.517,0.67,0.701,0.679,0.642,0.607,0.635,0.685,0.408,0.422,0.465,0.383,0.653,0.0,0.679,0.642,0.419,0.517,0.685,0.403,0.712,0.387,0.63,0.695,0.397,0.398,0.411,0.622,0.621,0.412,0.424
0.449,0.434,0.337,0.732,0.431,0.414,0.4,0.708,0.424,0.705,0.404,1.0,0.402,0.728,0.852,0.405,0.415,0.394,0.397,0.396,0.381,0.398,0.396,0.416,0.415,0.41,0.404,0.702,0.473,0.424,0.685,0.399,0.0,0.393,0.382,0.613,0.398,0.425,0.697,0.403,0.696,0.408,0.413,0.711,0.719,0.429,0.396,0.397,0.641,0.447
0.463,0.61,0.352,0.412,0.721,0.625,0.532,0.403,0.493,0.417,0.753,0.402,1.0,0.422,0.41,0.54,0.621,0.708,0.744,0.531,0.726,0.784,0.761,0.655,0.622,0.628,0.751,0.409,0.439,0.49,0.381,0.71,0.0,0.76,0.612,0.426,0.531,0.738,0.408,0.773,0.383,0.64,0.748,0.399,0.402,0.412,0.64,0.639,0.418,0.434
0.426,0.408,0.325,0.765,0.428,0.412,0.399,0.703,0.425,0.738,0.422,0.728,0.422,1.0,0.755,0.405,0.413,0.385,0.401,0.396,0.373,0.394,0.393,0.41,0.409,0.415,0.407,0.737,0.465,0.422,0.712,0.395,0.0,0.387,0.385,0.634,0.397,0.426,0.685,0.407,0.726,0.41,0.409,0.723,0.724,0.435,0.396,0.395,0.663,0.45
0.419,0.409,0.331,0.769,0.431,0.407,0.391,0.696,0.429,0.713,0.41,0.852,0.41,0.755,1.0,0.393,0.415,0.387,0.401,0.389,0.378,0.396,0.395,0.4,0.402,0.4,0.405,0.705,0.455,0.418,0.707,0.398,0.0,0.388,0.378,0.621,0.389,0.425,0.693,0.405,0.716,0.407,0.411,0.707,0.71,0.441,0.41,0.412,0.66,0.464
0.47,0.54,0.363,0.396,0.545,0.548,0.955,0.391,0.466,0.397,0.527,0.405,0.54,0.405,0.393,1.0,0.535,0.558,0.541,0.955,0.551,0.574,0.573,0.543,0.544,0.523,0.552,0.38,0.437,0.467,0.395,0.544,0.0,0.557,0.514,0.409,0.955,0.545,0.409,0.547,0.396,0.543,0.554,0.385,0.388,0.431,0.529,0.53,0.397,0.443
0.45,0.691,0.362,0.403,0.627,0.699,0.525,0.408,0.464,0.405,0.6,0.415,0.621,0.413,0.415,0.535,1.0,0.603,0.603,0.521,0.59,0.627,0.608,0.729,0.714,0.728,0.616,0.402,0.436,0.464,0.385,0.621,0.0,0.618,0.666,0.409,0.522,0.617,0.415,0.618,0.391,0.683,0.632,0.411,0.414,0.413,0.684,0.685,0.412,0.435
0.452,0.601,0.34,0.377,0.665,0.606,0.563,0.384,0.47,0.384,0.677,0.394,0.708,0.385,0.387,0.558,0.603,1.0,0.738,0.556,0.733,0.743,0.716,0.618,0.602,0.598,0.705,0.374,0.423,0.462,0.37,0.663,0.0,0.693,0.576,0.401,0.557,0.679,0.403,0.706,0.37,0.616,0.699,0.378,0.382,0.407,0.613,0.615,0.376,0.429
0.448,0.596,0.341,0.395,0.661,0.607,0.535,0.398,0.466,0.395,0.675,0.397,0.744,0.401,0.401,0.541,0.603,0.738,1.0,0.532,0.702,0.738,0.72,0.622,0.602,0.604,0.705,0.393,0.426,0.465,0.373,0.653,0.0,0.691,0.587,0.409,0.532,0.692,0.405,0.704,0.378,0.618,0.702,0.396,0.397,0.407,0.62,0.621,0.398,0.427
0.469,0.526,0.355,0.388,0.539,0.534,0.984,0.382,0.457,0.389,0.517,0.396,0.531,0.396,0.389,0.955,0.521,0.556,0.532,1.0,0.56,0.566,0.575,0.533,0.538,0.515,0.545,0.372,0.428,0.457,0.387,0.551,0.0,0.552,0.504,0.404,0.988,0.537,0.403,0.539,0.387,0.533,0.549,0.376,0.381,0.427,0.517,0.518,0.389,0.443
0.452,0.606,0.351,0.371,0.681,0.596,0.566,0.377,0.47,0.367,0.67,0.381,0.726,0.373,0.378,0.551,0.59,0.733,0.702,0.56,1.0,0.751,0.751,0.608,0.603,0.597,0.72,0.367,0.424,0.457,0.363,0.714,0.0,0.738,0.572,0.396,0.559,0.705,0.386,0.728,0.368,0.61,0.71,0.369,0.373,0.412,0.615,0.616,0.383,0.434
0.467,0.626,0.352,0.389,0.703,0.611,0.569,0.39,0.492,0.386,0.701,0.398,0.784,0.394,0.396,0.574,0.627,0.743,0.738,0.566,0.751,1.0,0.914,0.629,0.621,0.616,0.754,0.383,0.441,0.474,0.383,0.712,0.0,0.872,0.592,0.404,0.565,0.736,0.398,0.767,0.387,0.647,0.76,0.385,0.386,0.413,0.626,0.63,0.395,0.448
0.485,0.609,0.356,0.395,0.688,0.598,0.579,0.386,0.484,0.377,0.679,0.396,0.761,0.393,0.395,0.573,0.608,0.716,0.72,0.575,0.751,0.914,1.0,0.612,0.614,0.601,0.741,0.373,0.441,0.458,0.383,0.734,0.0,0.857,0.576,0.398,0.573,0.725,0.39,0.74,0.394,0.633,0.737,0.378,0.38,0.416,0.604,0.607,0.39,0.455
0.464,0.788,0.352,0.411,0.639,0.792,0.539,0.417,0.469,0.405,0.642,0.416,0.655,0.41,0.4,0.543,0.729,0.618,0.622,0.533,0.608,0.629,0.612,1.0,0.817,0.725,0.623,0.405,0.439,0.473,0.377,0.603,0.0,0.62,0.79,0.415,0.535,0.623,0.403,0.625,0.381,0.702,0.636,0.402,0.406,0.417,0.697,0.696,0.409,0.426
0.456,0.805,0.352,0.403,0.647,0.808,0.542,0.409,0.46,0.398,0.607,0.415,0.622,0.409,0.402,0.544,0.714,0.602,0.602,0.538,0.603,0.621,0.614,0.817,1.0,0.721,0.611,0.397,0.433,0.462,0.373,0.623,0.0,0.604,0.775,0.402,0.539,0.627,0.406,0.615,0.383,0.7,0.626,0.414,0.407,0.409,0.679,0.68,0.414,0.417
0.444,0.695,0.338,0.418,0.623,0.691,0.515,0.394,0.462,0.41,0.635,0.41,0.628,0.415,0.4,0.523,0.728,0.598,0.604,0.515,0.597,0.616,0.601,0.725,0.721,1.0,0.621,0.407,0.426,0.464,0.373,0.591,0.0,0.595,0.697,0.411,0.512,0.617,0.4,0.623,0.375,0.677,0.613,0.411,0.411,0.411,0.678,0.677,0.425,0.427
0.467,0.612,0.353,0.401,0.701,0.606,0.546,0.401,0.479,0.408,0.685,0.404,0.751,0.407,0.405,0.552,0.616,0.705,0.705,0.545,0.72,0.754,0.741,0.623,0.611,0.621,1.0,0.392,0.443,0.48,0.389,0.709,0.0,0.73,0.575,0.41,0.544,0.817,0.408,0.765,0.397,0.627,0.832,0.402,0.398,0.42,0.619,0.621,0.418,0.441
0.413,0.412,0.326,0.743,0.408,0.4,0.375,0.894,0.397,0.744,0.408,0.702,0.409,0.737,0.705,0.38,0.402,0.374,0.393,0.372,0.367,0.383,0.373,0.405,0.397,0.407,0.392,1.0,0.447,0.414,0.698,0.381,0.0,0.373,0.383,0.616,0.373,0.421,0.66,0.394,0.708,0.402,0.397,0.953,0.936,0.414,0.386,0.385,0.659,0.421
0.5,0.454,0.395,0.45,0.448,0.443,0.43,0.458,0.489,0.451,0.422,0.473,0.439,0.465,0.455,0.437,0.436,0.423,0.426,0.428,0.424,0.441,0.441,0.439,0.433,0.426,0.443,0.447,1.0,0.474,0.457,0.442,0.0,0.437,0.396,0.447,0.428,0.455,0.448,0.444,0.463,0.444,0.446,0.447,0.447,0.584,0.421,0.422,0.455,0.828
0.555,0.459,0.397,0.416,0.468,0.462,0.458,0.423,0.607,0.417,0.465,0.424,0.49,0.422,0.418,0.467,0.464,0.462,0.465,0.457,0.457,0.474,0.458,0.473,0.462,0.464,0.48,0.414,0.474,1.0,0.4,0.446,0.0,0.46,0.43,0.42,0.458,0.481,0.413,0.483,0.411,0.483,0.48,0.417,0.421,0.472,0.457,0.459,0.419,0.477
0.412,0.392,0.321,0.707,0.404,0.37,0.389,0.7,0.41,0.721,0.383,0.685,0.381,0.712,0.707,0.395,0.385,0.37,0.373,0.387,0.363,0.383,0.383,0.377,0.373,0.373,0.389,0.698,0.457,0.4,1.0,0.384,0.0,0.376,0.348,0.59,0.388,0.394,0.656,0.389,0.898,0.386,0.391,0.702,0.703,0.43,0.373,0.374,0.636,0.444
0.474,0.606,0.362,0.4,0.674,0.595,0.552,0.393,0.47,0.388,0.653,0.399,0.71,0.395,0.398,0.544,0.621,0.663,0.653,0.551,0.714,0.712,0.734,0.603,0.623,0.591,0.709,0.381,0.442,0.446,0.384,1.0,0.0,0.706,0.567,0.388,0.548,0.719,0.401,0.718,0.385,0.612,0.719,0.39,0.392,0.408,0.594,0.597,0.391,0.436
0.0,0.0,0.0,0.0,0.0,0.0,0.0,0.0,0.0,0.0,0.0,0.0,0.0,0.0,0.0,0.0,0.0,0.0,0.0,0.0,0.0,0.0,0.0,0.0,0.0,0.0,0.0,0.0,0.0,0.0,0.0,0.0,1.0,0.0,0.0,0.0,0.0,0.0,0.0,0.0,0.0,0.0,0.0,0.0,0.0,0.0,0.0,0.0,0.0,0.0
0.466,0.604,0.357,0.384,0.693,0.609,0.554,0.383,0.484,0.385,0.679,0.393,0.76,0.387,0.388,0.557,0.618,0.693,0.691,0.552,0.738,0.872,0.857,0.62,0.604,0.595,0.73,0.373,0.437,0.46,0.376,0.706,0.0,1.0,0.575,0.405,0.55,0.722,0.396,0.729,0.378,0.625,0.748,0.377,0.382,0.416,0.616,0.62,0.384,0.444
0.435,0.74,0.315,0.384,0.599,0.759,0.508,0.375,0.439,0.381,0.642,0.382,0.612,0.385,0.378,0.514,0.666,0.576,0.587,0.504,0.572,0.592,0.576,0.79,0.775,0.697,0.575,0.383,0.396,0.43,0.348,0.567,0.0,0.575,1.0,0.392,0.503,0.59,0.377,0.578,0.348,0.658,0.594,0.378,0.379,0.379,0.656,0.653,0.381,0.391
0.418,0.394,0.326,0.638,0.417,0.409,0.406,0.598,0.43,0.619,0.419,0.613,0.426,0.634,0.621,0.409,0.409,0.401,0.409,0.404,0.396,0.404,0.398,0.415,0.402,0.411,0.41,0.616,0.447,0.42,0.59,0.388,0.0,0.405,0.392,1.0,0.403,0.411,0.625,0.413,0.602,0.41,0.418,0.606,0.611,0.429,0.404,0.403,0.609,0.448
0.468,0.527,0.355,0.388,0.537,0.533,0.988,0.381,0.458,0.39,0.517,0.398,0.531,0.397,0.389,0.955,0.522,0.557,0.532,0.988,0.559,0.565,0.573,0.535,0.539,0.512,0.544,0.373,0.428,0.458,0.388,0.548,0.0,0.55,0.503,0.403,1.0,0.537,0.402,0.54,0.388,0.532,0.548,0.376,0.379,0.425,0.517,0.518,0.388,0.44
0.476,0.633,0.355,0.413,0.711,0.649,0.54,0.437,0.476,0.416,0.685,0.425,0.738,0.426,0.425,0.545,0.617,0.679,0.692,0.537,0.705,0.736,0.725,0.623,0.627,0.617,0.817,0.421,0.455,0.481,0.394,0.719,0.0,0.722,0.59,0.411,0.537,1.0,0.429,0.754,0.404,0.638,0.857,0.425,0.412,0.413,0.638,0.639,0.422,0.435
0.418,0.406,0.321,0.668,0.424,0.426,0.407,0.666,0.42,0.672,0.403,0.697,0.408,0.685,0.693,0.409,0.415,0.403,0.405,0.403,0.386,0.398,0.39,0.403,0.406,0.4,0.408,0.66,0.448,0.413,0.656,0.401,0.0,0.396,0.377,0.625,0.402,0.429,1.0,0.417,0.663,0.407,0.418,0.663,0.672,0.408,0.396,0.397,0.628,0.43
0.464,0.613,0.366,0.399,0.703,0.608,0.543,0.403,0.49,0.405,0.712,0.403,0.773,0.407,0.405,0.547,0.618,0.706,0.704,0.539,0.728,0.767,0.74,0.625,0.615,0.623,0.765,0.394,0.444,0.483,0.389,0.718,0.0,0.729,0.578,0.413,0.54,0.754,0.417,1.0,0.393,0.636,0.767,0.396,0.401,0.423,0.639,0.64,0.402,0.453
0.416,0.399,0.336,0.721,0.413,0.381,0.389,0.705,0.414,0.724,0.387,0.696,0.383,0.726,0.716,0.396,0.391,0.37,0.378,0.387,0.368,0.387,0.394,0.381,0.383,0.375,0.397,0.708,0.463,0.411,0.898,0.385,0.0,0.378,0.348,0.602,0.388,0.404,0.663,0.393,1.0,0.395,0.397,0.714,0.712,0.434,0.374,0.375,0.643,0.45
0.459,0.685,0.364,0.405,0.643,0.696,0.535,0.413,0.483,0.401,0.63,0.408,0.64,0.41,0.407,0.543,0.683,0.616,0.618,0.533,0.61,0.647,0.633,0.702,0.7,0.677,0.627,0.402,0.444,0.483,0.386,0.612,0.0,0.625,0.658,0.41,0.532,0.638,0.407,0.636,0.395,1.0,0.66,0.406,0.411,0.411,0.728,0.732,0.404,0.439
0.469,0.627,0.37,0.407,0.712,0.628,0.551,0.41,0.49,0.407,0.695,0.413,0.748,0.409,0.411,0.554,0.632,0.699,0.702,0.549,0.71,0.76,0.737,0.636,0.626,0.613,0.832,0.397,0.446,0.48,0.391,0.719,0.0,0.748,0.594,0.418,0.548,0.857,0.418,0.767,0.397,0.66,1.0,0.399,0.401,0.417,0.635,0.637,0.412,0.443
0.421,0.427,0.337,0.725,0.414,0.405,0.379,0.901,0.4,0.723,0.397,0.711,0.399,0.723,0.707,0.385,0.411,0.378,0.396,0.376,0.369,0.385,0.378,0.402,0.414,0.411,0.402,0.953,0.447,0.417,0.702,0.39,0.0,0.377,0.378,0.606,0.376,0.425,0.663,0.396,0.714,0.406,0.399,1.0,0.959,0.42,0.388,0.39,0.665,0.427
0.43,0.433,0.33,0.728,0.416,0.408,0.382,0.889,0.402,0.732,0.398,0.719,0.402,0.724,0.71,0.388,0.414,0.382,0.397,0.381,0.373,0.386,0.38,0.406,0.407,0.411,0.398,0.936,0.447,0.421,0.703,0.392,0.0,0.382,0.379,0.611,0.379,0.412,0.672,0.401,0.712,0.411,0.401,0.959,1.0,0.419,0.392,0.393,0.659,0.427
0.489,0.423,0.374,0.419,0.426,0.417,0.427,0.419,0.482,0.413,0.411,0.429,0.412,0.435,0.441,0.431,0.413,0.407,0.407,0.427,0.412,0.413,0.416,0.417,0.409,0.411,0.42,0.414,0.584,0.472,0.43,0.408,0.0,0.416,0.379,0.429,0.425,0.413,0.408,0.423,0.434,0.411,0.417,0.42,0.419,1.0,0.421,0.421,0.423,0.646
0.436,0.661,0.351,0.386,0.65,0.688,0.519,0.388,0.465,0.394,0.622,0.396,0.64,0.396,0.41,0.529,0.684,0.613,0.62,0.517,0.615,0.626,0.604,0.697,0.679,0.678,0.619,0.386,0.421,0.457,0.373,0.594,0.0,0.616,0.656,0.404,0.517,0.638,0.396,0.639,0.374,0.728,0.635,0.388,0.392,0.421,1.0,0.993,0.4,0.436
0.438,0.662,0.351,0.386,0.651,0.689,0.52,0.389,0.467,0.393,0.621,0.397,0.639,0.395,0.412,0.53,0.685,0.615,0.621,0.518,0.616,0.63,0.607,0.696,0.68,0.677,0.621,0.385,0.422,0.459,0.374,0.597,0.0,0.62,0.653,0.403,0.518,0.639,0.397,0.64,0.375,0.732,0.637,0.39,0.393,0.421,0.993,1.0,0.398,0.437
0.419,0.42,0.328,0.661,0.419,0.411,0.39,0.643,0.42,0.662,0.412,0.641,0.418,0.663,0.66,0.397,0.412,0.376,0.398,0.389,0.383,0.395,0.39,0.409,0.414,0.425,0.418,0.659,0.455,0.419,0.636,0.391,0.0,0.384,0.381,0.609,0.388,0.422,0.628,0.402,0.643,0.404,0.412,0.665,0.659,0.423,0.4,0.398,1.0,0.441
0.505,0.437,0.39,0.447,0.434,0.432,0.444,0.433,0.494,0.427,0.424,0.447,0.434,0.45,0.464,0.443,0.435,0.429,0.427,0.443,0.434,0.448,0.455,0.426,0.417,0.427,0.441,0.421,0.828,0.477,0.444,0.436,0.0,0.444,0.391,0.448,0.44,0.435,0.43,0.453,0.45,0.439,0.443,0.427,0.427,0.646,0.436,0.437,0.441,1.0
