GCF_000163235.1_ASM16323v1_genomic.fna,GCF_000164555.1_ASM16455v1_genomic.fna,GCF_000208545.1_ASM20854v2_genomic.fna,GCF_000233875.1_ASM23387v1_genomic.fna,GCF_000249735.1_ASM24973v2_genomic.fna,GCF_000261145.1_Esch_coli_M919_V2_genomic.fna,GCF_000267705.2_ASM26770v2_genomic.fna,GCF_000350665.1_Esch_coli_KTE5_V1_genomic.fna,GCF_000351625.1_Esch_coli_KTE66_V1_genomic.fna,GCF_000352285.1_Esch_coli_KTE46_V1_genomic.fna,GCF_000358895.1_ASM35889v1_genomic.fna,GCF_000456385.1_Esch_coli_HVH_26_4-5703913_V1_genomic.fna,GCF_000458195.1_Esch_coli_HVH_147_4-5893887_V1_genomic.fna,GCF_000459755.1_Esch_coli_KOEGE_58_171a_V1_genomic.fna,GCF_000460055.1_Esch_coli_UMEA_3053-1_V1_genomic.fna,GCF_000462165.2_ASM46216v2_genomic.fna,GCF_000601135.1_ASM60113v1_genomic.fna,GCF_000614595.1_Ec2010EL1058_genomic.fna,GCF_000617745.1_Ec2010C-4529_genomic.fna,GCF_000618265.2_EcF6751_genomic.fna,GCF_000619005.2_Ec2009C-4052_genomic.fna,GCF_000619105.1_Ec2009C-4780_genomic.fna,GCF_000619765.2_Ec2009C-3279_genomic.fna,GCF_000687005.1_ASM68700v1_genomic.fna,GCF_000687025.1_ASM68702v1_genomic.fna,GCF_000700125.1_ASM70012v1_genomic.fna,GCF_000753315.1_FHI35_genomic.fna,GCF_000776375.1_ASM77637v1_genomic.fna,GCF_000779395.1_ASM77939v1_genomic.fna,GCF_000780315.1_ASM78031v1_genomic.fna,GCF_000781995.1_ASM78199v1_genomic.fna,GCF_000986765.1_ASM98676v1_genomic.fna,GCF_001041375.1_ViralProj287958_genomic.fna,GCF_001265335.1_302014_genomic.fna,GCF_001265625.1_100854_genomic.fna,GCF_001267345.1_303289_genomic.fna,GCF_001309985.1_ASM130998v1_genomic.fna,GCF_001521695.1_ASM152169v1_genomic.fna,GCF_001592595.1_ASM159259v1_genomic.fna,GCF_001614975.1_ASM161497v1_genomic.fna,GCF_001692775.1_ASM169277v1_genomic.fna,GCF_001748915.1_ASM174891v1_genomic.fna,GCF_001749235.1_ASM174923v1_genomic.fna,GCF_001881155.1_ASM188115v1_genomic.fna,GCF_001881345.1_ASM188134v1_genomic.fna,GCF_001892405.1_ASM189240v1_genomic.fna,GCF_001892585.1_ASM189258v1_genomic.fna,GCF_001893985.1_ASM189398v1_genomic.fna,GCF_002001595.1_ASM200159v1_genomic.fna,GCF_002002145.1_ASM200214v1_genomic.fna
1.0,0.513,0.385,0.429,0.48,0.489,0.454,0.43,0.598,0.441,0.475,0.443,0.475,0.419,0.413,0.462,0.466,0.466,0.453,0.448,0.472,0.475,0.487,0.49,0.481,0.478,0.471,0.423,0.516,0.592,0.43,0.481,0.0,0.481,0.456,0.425,0.453,0.491,0.424,0.477,0.437,0.479,0.479,0.431,0.442,0.472,0.46,0.46,0.4,0.516
0.513,1.0,0.352,0.42,0.635,0.784,0.526,0.429,0.468,0.414,0.596,0.44,0.617,0.416,0.408,0.543,0.692,0.601,0.599,0.519,0.603,0.614,0.619,0.795,0.807,0.703,0.607,0.419,0.467,0.47,0.422,0.63,0.0,0.617,0.743,0.391,0.523,0.636,0.409,0.611,0.425,0.694,0.619,0.437,0.44,0.42,0.695,0.696,0.407,0.47
0.385,0.352,1.0,0.302,0.348,0.346,0.334,0.319,0.378,0.303,0.331,0.32,0.345,0.31,0.314,0.332,0.331,0.331,0.335,0.334,0.342,0.343,0.352,0.343,0.345,0.327,0.339,0.312,0.37,0.385,0.311,0.354,0.0,0.353,0.309,0.311,0.333,0.352,0.313,0.343,0.314,0.332,0.35,0.321,0.315,0.357,0.331,0.331,0.307,0.38
0.429,0.42,0.302,1.0,0.401,0.401,0.38,0.687,0.427,0.713,0.4,0.695,0.406,0.746,0.71,0.39,0.397,0.408,0.412,0.378,0.396,0.407,0.419,0.411,0.404,0.398,0.409,0.748,0.454,0.404,0.699,0.409,0.0,0.406,0.38,0.613,0.379,0.404,0.664,0.414,0.721,0.393,0.412,0.728,0.722,0.422,0.388,0.387,0.655,0.457
0.48,0.635,0.348,0.401,1.0,0.647,0.535,0.42,0.472,0.411,0.765,0.436,0.706,0.413,0.425,0.553,0.616,0.654,0.664,0.533,0.678,0.696,0.695,0.636,0.637,0.629,0.696,0.405,0.468,0.469,0.42,0.712,0.0,0.7,0.594,0.414,0.537,0.719,0.42,0.71,0.431,0.64,0.718,0.408,0.41,0.403,0.645,0.646,0.395,0.446
0.489,0.784,0.346,0.401,0.647,1.0,0.54,0.427,0.464,0.397,0.6,0.408,0.62,0.408,0.403,0.559,0.69,0.612,0.615,0.533,0.606,0.628,0.636,0.78,0.806,0.687,0.603,0.408,0.464,0.456,0.408,0.64,0.0,0.638,0.751,0.409,0.536,0.631,0.432,0.62,0.417,0.698,0.629,0.413,0.412,0.408,0.701,0.702,0.392,0.456
0.454,0.526,0.334,0.38,0.535,0.54,1.0,0.392,0.446,0.383,0.515,0.393,0.537,0.381,0.379,0.944,0.513,0.551,0.546,0.988,0.588,0.572,0.589,0.524,0.536,0.523,0.537,0.38,0.42,0.457,0.384,0.553,0.0,0.553,0.5,0.391,0.99,0.53,0.393,0.54,0.385,0.516,0.543,0.387,0.393,0.392,0.512,0.512,0.372,0.43
0.43,0.429,0.319,0.687,0.42,0.427,0.392,1.0,0.431,0.685,0.388,0.683,0.401,0.673,0.661,0.405,0.396,0.399,0.402,0.388,0.397,0.41,0.413,0.424,0.412,0.407,0.402,0.886,0.472,0.408,0.689,0.424,0.0,0.409,0.376,0.599,0.39,0.43,0.657,0.405,0.692,0.402,0.415,0.897,0.884,0.419,0.379,0.379,0.624,0.459
0.598,0.468,0.378,0.427,0.472,0.464,0.446,0.431,1.0,0.432,0.461,0.438,0.46,0.427,0.432,0.46,0.46,0.455,0.439,0.445,0.451,0.464,0.466,0.475,0.471,0.459,0.461,0.429,0.51,0.608,0.432,0.462,0.0,0.468,0.435,0.426,0.448,0.462,0.431,0.469,0.436,0.473,0.475,0.431,0.431,0.461,0.451,0.451,0.412,0.508
0.441,0.414,0.303,0.713,0.411,0.397,0.383,0.685,0.432,1.0,0.416,0.672,0.426,0.707,0.676,0.397,0.382,0.415,0.399,0.381,0.385,0.406,0.4,0.411,0.398,0.393,0.412,0.724,0.465,0.409,0.713,0.401,0.0,0.403,0.389,0.605,0.383,0.414,0.69,0.421,0.725,0.396,0.408,0.698,0.706,0.403,0.382,0.381,0.673,0.451
0.475,0.596,0.331,0.4,0.765,0.6,0.515,0.388,0.461,0.416,1.0,0.404,0.747,0.402,0.396,0.533,0.585,0.682,0.666,0.512,0.663,0.692,0.679,0.646,0.599,0.61,0.701,0.397,0.446,0.461,0.398,0.683,0.0,0.681,0.633,0.419,0.516,0.681,0.401,0.731,0.403,0.621,0.702,0.387,0.388,0.391,0.618,0.617,0.392,0.442
0.443,0.44,0.32,0.695,0.436,0.408,0.393,0.683,0.438,0.672,0.404,1.0,0.418,0.704,0.843,0.402,0.401,0.401,0.401,0.39,0.416,0.426,0.432,0.412,0.407,0.402,0.41,0.679,0.472,0.424,0.678,0.433,0.0,0.432,0.372,0.597,0.39,0.429,0.667,0.415,0.699,0.398,0.424,0.688,0.694,0.422,0.389,0.389,0.626,0.467
0.475,0.617,0.345,0.406,0.706,0.62,0.537,0.401,0.46,0.426,0.747,0.418,1.0,0.413,0.408,0.551,0.604,0.71,0.723,0.532,0.719,0.782,0.772,0.666,0.614,0.633,0.753,0.407,0.455,0.466,0.406,0.723,0.0,0.769,0.634,0.406,0.536,0.722,0.41,0.761,0.411,0.654,0.743,0.398,0.397,0.399,0.628,0.627,0.397,0.444
0.419,0.416,0.31,0.746,0.413,0.408,0.381,0.673,0.427,0.707,0.402,0.704,0.413,1.0,0.73,0.392,0.397,0.421,0.403,0.378,0.396,0.413,0.416,0.413,0.407,0.395,0.415,0.734,0.468,0.404,0.7,0.413,0.0,0.412,0.388,0.598,0.381,0.41,0.678,0.416,0.726,0.401,0.413,0.708,0.705,0.418,0.39,0.389,0.652,0.453
0.413,0.408,0.314,0.71,0.425,0.403,0.379,0.661,0.432,0.676,0.396,0.843,0.408,0.73,1.0,0.39,0.394,0.401,0.388,0.377,0.402,0.422,0.424,0.392,0.396,0.392,0.409,0.685,0.469,0.407,0.7,0.42,0.0,0.424,0.367,0.601,0.379,0.423,0.676,0.411,0.718,0.39,0.418,0.688,0.687,0.428,0.391,0.391,0.636,0.475
0.462,0.543,0.332,0.39,0.553,0.559,0.944,0.405,0.46,0.397,0.533,0.402,0.551,0.392,0.39,1.0,0.525,0.554,0.556,0.944,0.569,0.582,0.587,0.538,0.552,0.534,0.548,0.395,0.435,0.466,0.393,0.555,0.0,0.563,0.512,0.402,0.946,0.546,0.402,0.554,0.399,0.532,0.555,0.399,0.404,0.393,0.525,0.525,0.386,0.432
0.466,0.692,0.331,0.397,0.616,0.69,0.513,0.396,0.46,0.382,0.585,0.401,0.604,0.397,0.394,0.525,1.0,0.6,0.595,0.507,0.583,0.616,0.605,0.73,0.711,0.736,0.588,0.392,0.429,0.44,0.388,0.635,0.0,0.617,0.679,0.4,0.513,0.584,0.415,0.613,0.399,0.683,0.605,0.391,0.395,0.379,0.685,0.684,0.384,0.424
0.466,0.601,0.331,0.408,0.654,0.612,0.551,0.399,0.455,0.415,0.682,0.401,0.71,0.421,0.401,0.554,0.6,1.0,0.73,0.548,0.717,0.719,0.706,0.636,0.603,0.619,0.707,0.41,0.442,0.459,0.404,0.674,0.0,0.684,0.606,0.42,0.55,0.662,0.417,0.706,0.408,0.624,0.685,0.402,0.399,0.381,0.622,0.621,0.391,0.436
0.453,0.599,0.335,0.412,0.664,0.615,0.546,0.402,0.439,0.399,0.666,0.401,0.723,0.403,0.388,0.556,0.595,0.73,1.0,0.542,0.711,0.718,0.709,0.624,0.607,0.615,0.699,0.405,0.433,0.446,0.392,0.683,0.0,0.688,0.598,0.415,0.544,0.673,0.401,0.708,0.396,0.631,0.696,0.396,0.395,0.374,0.608,0.607,0.389,0.431
0.448,0.519,0.334,0.378,0.533,0.533,0.988,0.388,0.445,0.381,0.512,0.39,0.532,0.378,0.377,0.944,0.507,0.548,0.542,1.0,0.583,0.567,0.585,0.518,0.529,0.516,0.532,0.377,0.417,0.454,0.382,0.548,0.0,0.547,0.494,0.387,0.99,0.526,0.39,0.536,0.383,0.51,0.537,0.384,0.39,0.392,0.507,0.507,0.369,0.426
0.472,0.603,0.342,0.396,0.678,0.606,0.588,0.397,0.451,0.385,0.663,0.416,0.719,0.396,0.402,0.569,0.583,0.717,0.711,0.583,1.0,0.739,0.751,0.606,0.591,0.595,0.701,0.389,0.442,0.461,0.407,0.718,0.0,0.717,0.576,0.418,0.584,0.695,0.41,0.707,0.413,0.604,0.706,0.394,0.395,0.405,0.606,0.607,0.38,0.447
0.475,0.614,0.343,0.407,0.696,0.628,0.572,0.41,0.464,0.406,0.692,0.426,0.782,0.413,0.422,0.582,0.616,0.719,0.718,0.567,0.739,1.0,0.913,0.625,0.622,0.603,0.74,0.408,0.455,0.466,0.415,0.732,0.0,0.872,0.601,0.423,0.569,0.715,0.42,0.736,0.418,0.632,0.734,0.41,0.406,0.398,0.618,0.619,0.398,0.453
0.487,0.619,0.352,0.419,0.695,0.636,0.589,0.413,0.466,0.4,0.679,0.432,0.772,0.416,0.424,0.587,0.605,0.706,0.709,0.585,0.751,0.913,1.0,0.617,0.615,0.6,0.731,0.407,0.454,0.471,0.428,0.745,0.0,0.856,0.585,0.424,0.586,0.708,0.421,0.72,0.432,0.623,0.718,0.413,0.411,0.409,0.611,0.612,0.392,0.458
0.49,0.795,0.343,0.411,0.636,0.78,0.524,0.424,0.475,0.411,0.646,0.412,0.666,0.413,0.392,0.538,0.73,0.636,0.624,0.518,0.606,0.625,0.617,1.0,0.81,0.727,0.623,0.413,0.455,0.464,0.401,0.623,0.0,0.625,0.806,0.395,0.522,0.61,0.416,0.639,0.412,0.724,0.627,0.407,0.412,0.399,0.705,0.704,0.398,0.45
0.481,0.807,0.345,0.404,0.637,0.806,0.536,0.412,0.471,0.398,0.599,0.407,0.614,0.407,0.396,0.552,0.711,0.603,0.607,0.529,0.591,0.622,0.615,0.81,1.0,0.73,0.609,0.407,0.456,0.451,0.4,0.638,0.0,0.619,0.769,0.386,0.535,0.62,0.418,0.614,0.407,0.716,0.627,0.419,0.411,0.408,0.695,0.695,0.408,0.444
0.478,0.703,0.327,0.398,0.629,0.687,0.523,0.407,0.459,0.393,0.61,0.402,0.633,0.395,0.392,0.534,0.736,0.619,0.615,0.516,0.595,0.603,0.6,0.727,0.73,1.0,0.605,0.401,0.445,0.449,0.393,0.611,0.0,0.604,0.678,0.388,0.521,0.603,0.407,0.63,0.399,0.693,0.61,0.408,0.401,0.394,0.687,0.686,0.402,0.439
0.471,0.607,0.339,0.409,0.696,0.603,0.537,0.402,0.461,0.412,0.701,0.41,0.753,0.415,0.409,0.548,0.588,0.707,0.699,0.532,0.701,0.74,0.731,0.623,0.609,0.605,1.0,0.408,0.45,0.462,0.407,0.727,0.0,0.725,0.59,0.412,0.535,0.805,0.414,0.758,0.414,0.633,0.831,0.404,0.4,0.403,0.616,0.615,0.407,0.443
0.423,0.419,0.312,0.748,0.405,0.408,0.38,0.886,0.429,0.724,0.397,0.679,0.407,0.734,0.685,0.395,0.392,0.41,0.405,0.377,0.389,0.408,0.407,0.413,0.407,0.401,0.408,1.0,0.466,0.402,0.694,0.414,0.0,0.404,0.38,0.606,0.38,0.421,0.677,0.409,0.718,0.402,0.41,0.95,0.93,0.415,0.388,0.387,0.663,0.453
0.516,0.467,0.37,0.454,0.468,0.464,0.42,0.472,0.51,0.465,0.446,0.472,0.455,0.468,0.469,0.435,0.429,0.442,0.433,0.417,0.442,0.455,0.454,0.455,0.456,0.445,0.45,0.466,1.0,0.498,0.465,0.466,0.0,0.458,0.421,0.459,0.419,0.459,0.478,0.454,0.468,0.45,0.448,0.468,0.47,0.569,0.432,0.432,0.45,0.82
0.592,0.47,0.385,0.404,0.469,0.456,0.457,0.408,0.608,0.409,0.461,0.424,0.466,0.404,0.407,0.466,0.44,0.459,0.446,0.454,0.461,0.466,0.471,0.464,0.451,0.449,0.462,0.402,0.498,1.0,0.421,0.464,0.0,0.462,0.43,0.418,0.457,0.468,0.413,0.469,0.426,0.468,0.472,0.406,0.404,0.47,0.455,0.456,0.4,0.515
0.43,0.422,0.311,0.699,0.42,0.408,0.384,0.689,0.432,0.713,0.398,0.678,0.406,0.7,0.7,0.393,0.388,0.404,0.392,0.382,0.407,0.415,0.428,0.401,0.4,0.393,0.407,0.694,0.465,0.421,1.0,0.425,0.0,0.418,0.374,0.612,0.384,0.411,0.657,0.407,0.893,0.396,0.407,0.695,0.697,0.42,0.39,0.39,0.643,0.455
0.481,0.63,0.354,0.409,0.712,0.64,0.553,0.424,0.462,0.401,0.683,0.433,0.723,0.413,0.42,0.555,0.635,0.674,0.683,0.548,0.718,0.732,0.745,0.623,0.638,0.611,0.727,0.414,0.466,0.464,0.425,1.0,0.0,0.73,0.584,0.425,0.553,0.731,0.419,0.74,0.42,0.638,0.733,0.417,0.42,0.403,0.629,0.63,0.398,0.458
0.0,0.0,0.0,0.0,0.0,0.0,0.0,0.0,0.0,0.0,0.0,0.0,0.0,0.0,0.0,0.0,0.0,0.0,0.0,0.0,0.0,0.0,0.0,0.0,0.0,0.0,0.0,0.0,0.0,0.0,0.0,0.0,1.0,0.0,0.0,0.0,0.0,0.0,0.0,0.0,0.0,0.0,0.0,0.0,0.0,0.0,0.0,0.0,0.0,0.0
0.481,0.617,0.353,0.406,0.7,0.638,0.553,0.409,0.468,0.403,0.681,0.432,0.769,0.412,0.424,0.563,0.617,0.684,0.688,0.547,0.717,0.872,0.856,0.625,0.619,0.604,0.725,0.404,0.458,0.462,0.418,0.73,0.0,1.0,0.591,0.436,0.551,0.71,0.435,0.718,0.421,0.624,0.727,0.41,0.412,0.396,0.616,0.617,0.394,0.447
0.456,0.743,0.309,0.38,0.594,0.751,0.5,0.376,0.435,0.389,0.633,0.372,0.634,0.388,0.367,0.512,0.679,0.606,0.598,0.494,0.576,0.601,0.585,0.806,0.769,0.678,0.59,0.38,0.421,0.43,0.374,0.584,0.0,0.591,1.0,0.375,0.496,0.575,0.391,0.615,0.387,0.677,0.598,0.375,0.38,0.38,0.661,0.659,0.372,0.42
0.425,0.391,0.311,0.613,0.414,0.409,0.391,0.599,0.426,0.605,0.419,0.597,0.406,0.598,0.601,0.402,0.4,0.42,0.415,0.387,0.418,0.423,0.424,0.395,0.386,0.388,0.412,0.606,0.459,0.418,0.612,0.425,0.0,0.436,0.375,1.0,0.389,0.41,0.629,0.419,0.617,0.39,0.419,0.609,0.611,0.411,0.386,0.386,0.577,0.453
0.453,0.523,0.333,0.379,0.537,0.536,0.99,0.39,0.448,0.383,0.516,0.39,0.536,0.381,0.379,0.946,0.513,0.55,0.544,0.99,0.584,0.569,0.586,0.522,0.535,0.521,0.535,0.38,0.419,0.457,0.384,0.553,0.0,0.551,0.496,0.389,1.0,0.53,0.39,0.541,0.385,0.515,0.543,0.387,0.391,0.392,0.512,0.512,0.372,0.43
0.491,0.636,0.352,0.404,0.719,0.631,0.53,0.43,0.462,0.414,0.681,0.429,0.722,0.41,0.423,0.546,0.584,0.662,0.673,0.526,0.695,0.715,0.708,0.61,0.62,0.603,0.805,0.421,0.459,0.468,0.411,0.731,0.0,0.71,0.575,0.41,0.53,1.0,0.424,0.731,0.422,0.631,0.846,0.424,0.412,0.416,0.629,0.63,0.4,0.454
0.424,0.409,0.313,0.664,0.42,0.432,0.393,0.657,0.431,0.69,0.401,0.667,0.41,0.678,0.676,0.402,0.415,0.417,0.401,0.39,0.41,0.42,0.421,0.416,0.418,0.407,0.414,0.677,0.478,0.413,0.657,0.419,0.0,0.435,0.391,0.629,0.39,0.424,1.0,0.416,0.672,0.405,0.425,0.664,0.67,0.416,0.402,0.401,0.639,0.462
0.477,0.611,0.343,0.414,0.71,0.62,0.54,0.405,0.469,0.421,0.731,0.415,0.761,0.416,0.411,0.554,0.613,0.706,0.708,0.536,0.707,0.736,0.72,0.639,0.614,0.63,0.758,0.409,0.454,0.469,0.407,0.74,0.0,0.718,0.615,0.419,0.541,0.731,0.416,1.0,0.412,0.633,0.755,0.401,0.404,0.408,0.641,0.64,0.402,0.457
0.437,0.425,0.314,0.721,0.431,0.417,0.385,0.692,0.436,0.725,0.403,0.699,0.411,0.726,0.718,0.399,0.399,0.408,0.396,0.383,0.413,0.418,0.432,0.412,0.407,0.399,0.414,0.718,0.468,0.426,0.893,0.42,0.0,0.421,0.387,0.617,0.385,0.422,0.672,0.412,1.0,0.405,0.415,0.718,0.72,0.424,0.395,0.395,0.653,0.46
0.479,0.694,0.332,0.393,0.64,0.698,0.516,0.402,0.473,0.396,0.621,0.398,0.654,0.401,0.39,0.532,0.683,0.624,0.631,0.51,0.604,0.632,0.623,0.724,0.716,0.693,0.633,0.402,0.45,0.468,0.396,0.638,0.0,0.624,0.677,0.39,0.515,0.631,0.405,0.633,0.405,1.0,0.653,0.4,0.398,0.394,0.734,0.733,0.386,0.441
0.479,0.619,0.35,0.412,0.718,0.629,0.543,0.415,0.475,0.408,0.702,0.424,0.743,0.413,0.418,0.555,0.605,0.685,0.696,0.537,0.706,0.734,0.718,0.627,0.627,0.61,0.831,0.41,0.448,0.472,0.407,0.733,0.0,0.727,0.598,0.419,0.543,0.846,0.425,0.755,0.415,0.653,1.0,0.413,0.412,0.41,0.628,0.629,0.401,0.453
0.431,0.437,0.321,0.728,0.408,0.413,0.387,0.897,0.431,0.698,0.387,0.688,0.398,0.708,0.688,0.399,0.391,0.402,0.396,0.384,0.394,0.41,0.413,0.407,0.419,0.408,0.404,0.95,0.468,0.406,0.695,0.417,0.0,0.41,0.375,0.609,0.387,0.424,0.664,0.401,0.718,0.4,0.413,1.0,0.956,0.424,0.385,0.385,0.655,0.455
0.442,0.44,0.315,0.722,0.41,0.412,0.393,0.884,0.431,0.706,0.388,0.694,0.397,0.705,0.687,0.404,0.395,0.399,0.395,0.39,0.395,0.406,0.411,0.412,0.411,0.401,0.4,0.93,0.47,0.404,0.697,0.42,0.0,0.412,0.38,0.611,0.391,0.412,0.67,0.404,0.72,0.398,0.412,0.956,1.0,0.422,0.391,0.391,0.647,0.452
0.472,0.42,0.357,0.422,0.403,0.408,0.392,0.419,0.461,0.403,0.391,0.422,0.399,0.418,0.428,0.393,0.379,0.381,0.374,0.392,0.405,0.398,0.409,0.399,0.408,0.394,0.403,0.415,0.569,0.47,0.42,0.403,0.0,0.396,0.38,0.411,0.392,0.416,0.416,0.408,0.424,0.394,0.41,0.424,0.422,1.0,0.419,0.419,0.412,0.619
0.46,0.695,0.331,0.388,0.645,0.701,0.512,0.379,0.451,0.382,0.618,0.389,0.628,0.39,0.391,0.525,0.685,0.622,0.608,0.507,0.606,0.618,0.611,0.705,0.695,0.687,0.616,0.388,0.432,0.455,0.39,0.629,0.0,0.616,0.661,0.386,0.512,0.629,0.402,0.641,0.395,0.734,0.628,0.385,0.391,0.419,1.0,0.998,0.371,0.443
0.46,0.696,0.331,0.387,0.646,0.702,0.512,0.379,0.451,0.381,0.617,0.389,0.627,0.389,0.391,0.525,0.684,0.621,0.607,0.507,0.607,0.619,0.612,0.704,0.695,0.686,0.615,0.387,0.432,0.456,0.39,0.63,0.0,0.617,0.659,0.386,0.512,0.63,0.401,0.64,0.395,0.733,0.629,0.385,0.391,0.419,0.998,1.0,0.37,0.443
0.4,0.407,0.307,0.655,0.395,0.392,0.372,0.624,0.412,0.673,0.392,0.626,0.397,0.652,0.636,0.386,0.384,0.391,0.389,0.369,0.38,0.398,0.392,0.398,0.408,0.402,0.407,0.663,0.45,0.4,0.643,0.398,0.0,0.394,0.372,0.577,0.372,0.4,0.639,0.402,0.653,0.386,0.401,0.655,0.647,0.412,0.371,0.37,1.0,0.443
0.516,0.47,0.38,0.457,0.446,0.456,0.43,0.459,0.508,0.451,0.442,0.467,0.444,0.453,0.475,0.432,0.424,0.436,0.431,0.426,0.447,0.453,0.458,0.45,0.444,0.439,0.443,0.453,0.82,0.515,0.455,0.458,0.0,0.447,0.42,0.453,0.43,0.454,0.462,0.457,0.46,0.441,0.453,0.455,0.452,0.619,0.443,0.443,0.443,1.0
