GCF_000163235.1_ASM16323v1_genomic.fna,GCF_000164555.1_ASM16455v1_genomic.fna,GCF_000208545.1_ASM20854v2_genomic.fna,GCF_000233875.1_ASM23387v1_genomic.fna,GCF_000249735.1_ASM24973v2_genomic.fna,GCF_000261145.1_Esch_coli_M919_V2_genomic.fna,GCF_000267705.2_ASM26770v2_genomic.fna,GCF_000350665.1_Esch_coli_KTE5_V1_genomic.fna,GCF_000351625.1_Esch_coli_KTE66_V1_genomic.fna,GCF_000352285.1_Esch_coli_KTE46_V1_genomic.fna,GCF_000358895.1_ASM35889v1_genomic.fna,GCF_000456385.1_Esch_coli_HVH_26_4-5703913_V1_genomic.fna,GCF_000458195.1_Esch_coli_HVH_147_4-5893887_V1_genomic.fna,GCF_000459755.1_Esch_coli_KOEGE_58_171a_V1_genomic.fna,GCF_000460055.1_Esch_coli_UMEA_3053-1_V1_genomic.fna,GCF_000462165.2_ASM46216v2_genomic.fna,GCF_000601135.1_ASM60113v1_genomic.fna,GCF_000614595.1_Ec2010EL1058_genomic.fna,GCF_000617745.1_Ec2010C-4529_genomic.fna,GCF_000618265.2_EcF6751_genomic.fna,GCF_000619005.2_Ec2009C-4052_genomic.fna,GCF_000619105.1_Ec2009C-4780_genomic.fna,GCF_000619765.2_Ec2009C-3279_genomic.fna,GCF_000687005.1_ASM68700v1_genomic.fna,GCF_000687025.1_ASM68702v1_genomic.fna,GCF_000700125.1_ASM70012v1_genomic.fna,GCF_000753315.1_FHI35_genomic.fna,GCF_000776375.1_ASM77637v1_genomic.fna,GCF_000779395.1_ASM77939v1_genomic.fna,GCF_000780315.1_ASM78031v1_genomic.fna,GCF_000781995.1_ASM78199v1_genomic.fna,GCF_000986765.1_ASM98676v1_genomic.fna,GCF_001041375.1_ViralProj287958_genomic.fna,GCF_001265335.1_302014_genomic.fna,GCF_001265625.1_100854_genomic.fna,GCF_001267345.1_303289_genomic.fna,GCF_001309985.1_ASM130998v1_genomic.fna,GCF_001521695.1_ASM152169v1_genomic.fna,GCF_001592595.1_ASM159259v1_genomic.fna,GCF_001614975.1_ASM161497v1_genomic.fna,GCF_001692775.1_ASM169277v1_genomic.fna,GCF_001748915.1_ASM174891v1_genomic.fna,GCF_001749235.1_ASM174923v1_genomic.fna,GCF_001881155.1_ASM188115v1_genomic.fna,GCF_001881345.1_ASM188134v1_genomic.fna,GCF_001892405.1_ASM189240v1_genomic.fna,GCF_001892585.1_ASM189258v1_genomic.fna,GCF_001893985.1_ASM189398v1_genomic.fna,GCF_002001595.1_ASM200159v1_genomic.fna,GCF_002002145.1_ASM200214v1_genomic.fna
1.0,0.908,0.892,0.89,0.895,0.902,0.901,0.895,0.909,0.885,0.879,0.891,0.892,0.877,0.89,0.905,0.899,0.9,0.897,0.905,0.893,0.904,0.909,0.902,0.9,0.891,0.905,0.886,0.905,0.918,0.888,0.91,0.024,0.898,0.891,0.895,0.905,0.911,0.888,0.894,0.892,0.905,0.9,0.889,0.891,0.891,0.899,0.899,0.886,0.911
0.908,1.0,0.884,0.881,0.917,0.94,0.906,0.892,0.888,0.875,0.885,0.88,0.903,0.877,0.884,0.903,0.925,0.907,0.909,0.905,0.913,0.912,0.919,0.94,0.942,0.92,0.913,0.884,0.887,0.894,0.887,0.92,0.026,0.916,0.924,0.887,0.905,0.926,0.88,0.907,0.895,0.924,0.914,0.896,0.898,0.885,0.922,0.922,0.882,0.89
0.892,0.884,1.0,0.866,0.873,0.878,0.883,0.866,0.878,0.865,0.851,0.867,0.867,0.862,0.867,0.882,0.879,0.874,0.865,0.884,0.871,0.882,0.883,0.87,0.876,0.863,0.876,0.869,0.881,0.881,0.869,0.876,0.027,0.886,0.852,0.872,0.882,0.879,0.866,0.862,0.878,0.879,0.875,0.876,0.878,0.891,0.874,0.875,0.865,0.889
0.89,0.881,0.866,1.0,0.871,0.886,0.878,0.931,0.874,0.935,0.867,0.939,0.88,0.947,0.938,0.879,0.898,0.883,0.884,0.876,0.865,0.886,0.887,0.882,0.872,0.885,0.882,0.939,0.897,0.889,0.924,0.878,0.026,0.882,0.879,0.916,0.879,0.884,0.921,0.878,0.929,0.885,0.875,0.931,0.926,0.875,0.872,0.872,0.937,0.894
0.895,0.917,0.873,0.871,1.0,0.925,0.906,0.881,0.892,0.871,0.91,0.873,0.916,0.876,0.882,0.907,0.914,0.912,0.917,0.905,0.925,0.918,0.925,0.909,0.911,0.9,0.921,0.872,0.89,0.894,0.88,0.917,0.024,0.926,0.903,0.883,0.909,0.935,0.879,0.919,0.885,0.918,0.931,0.879,0.882,0.88,0.919,0.919,0.878,0.892
0.902,0.94,0.878,0.886,0.925,1.0,0.917,0.892,0.895,0.874,0.892,0.884,0.911,0.881,0.892,0.916,0.935,0.92,0.92,0.915,0.917,0.918,0.929,0.94,0.947,0.927,0.919,0.883,0.895,0.891,0.882,0.931,0.027,0.927,0.929,0.899,0.918,0.932,0.889,0.913,0.888,0.941,0.922,0.89,0.888,0.882,0.929,0.928,0.885,0.899
0.901,0.906,0.883,0.878,0.906,0.917,1.0,0.886,0.889,0.878,0.878,0.88,0.892,0.874,0.883,0.988,0.906,0.912,0.908,0.994,0.918,0.909,0.918,0.901,0.906,0.898,0.91,0.88,0.892,0.892,0.878,0.915,0.026,0.917,0.893,0.892,0.995,0.912,0.881,0.893,0.889,0.91,0.913,0.887,0.891,0.885,0.907,0.907,0.876,0.897
0.895,0.892,0.866,0.931,0.881,0.892,0.886,1.0,0.885,0.928,0.863,0.923,0.877,0.926,0.922,0.888,0.89,0.882,0.885,0.885,0.875,0.884,0.887,0.894,0.885,0.883,0.889,0.969,0.893,0.888,0.931,0.888,0.025,0.885,0.876,0.913,0.888,0.898,0.922,0.884,0.932,0.894,0.885,0.963,0.956,0.883,0.882,0.882,0.924,0.889
0.909,0.888,0.878,0.874,0.892,0.895,0.889,0.885,1.0,0.871,0.868,0.872,0.877,0.87,0.883,0.89,0.899,0.884,0.887,0.891,0.887,0.889,0.898,0.889,0.894,0.878,0.891,0.876,0.885,0.907,0.876,0.893,0.024,0.892,0.873,0.883,0.893,0.901,0.88,0.887,0.884,0.901,0.894,0.882,0.88,0.884,0.886,0.887,0.866,0.9
0.885,0.875,0.865,0.935,0.871,0.874,0.878,0.928,0.871,1.0,0.874,0.919,0.885,0.935,0.919,0.879,0.892,0.884,0.883,0.879,0.869,0.884,0.884,0.885,0.872,0.884,0.886,0.934,0.891,0.888,0.936,0.876,0.028,0.875,0.869,0.913,0.882,0.882,0.919,0.881,0.928,0.887,0.876,0.924,0.922,0.871,0.874,0.875,0.934,0.879
0.879,0.885,0.851,0.867,0.91,0.892,0.878,0.863,0.868,0.874,1.0,0.854,0.94,0.877,0.863,0.882,0.907,0.916,0.915,0.878,0.9,0.924,0.915,0.905,0.887,0.895,0.92,0.864,0.871,0.876,0.858,0.906,0.023,0.904,0.913,0.867,0.881,0.915,0.858,0.924,0.86,0.901,0.919,0.857,0.855,0.856,0.884,0.885,0.878,0.88
0.891,0.88,0.867,0.939,0.873,0.884,0.88,0.923,0.872,0.919,0.854,1.0,0.865,0.936,0.955,0.883,0.882,0.885,0.873,0.88,0.868,0.881,0.889,0.877,0.873,0.876,0.878,0.928,0.887,0.892,0.925,0.875,0.025,0.883,0.855,0.918,0.882,0.885,0.932,0.867,0.932,0.883,0.871,0.932,0.928,0.879,0.874,0.874,0.915,0.882
0.892,0.903,0.867,0.88,0.916,0.911,0.892,0.877,0.877,0.885,0.94,0.865,1.0,0.888,0.875,0.896,0.924,0.934,0.934,0.892,0.915,0.947,0.938,0.918,0.902,0.911,0.936,0.877,0.883,0.885,0.867,0.925,0.024,0.928,0.922,0.872,0.894,0.934,0.869,0.938,0.869,0.916,0.93,0.871,0.871,0.866,0.902,0.903,0.887,0.892
0.877,0.877,0.862,0.947,0.876,0.881,0.874,0.926,0.87,0.935,0.877,0.936,0.888,1.0,0.939,0.877,0.898,0.887,0.881,0.873,0.864,0.882,0.882,0.887,0.874,0.883,0.881,0.934,0.886,0.88,0.919,0.874,0.024,0.876,0.878,0.911,0.875,0.882,0.922,0.881,0.924,0.88,0.874,0.929,0.926,0.868,0.876,0.877,0.93,0.881
0.89,0.884,0.867,0.938,0.882,0.892,0.883,0.922,0.883,0.919,0.863,0.955,0.875,0.939,1.0,0.884,0.891,0.887,0.884,0.881,0.873,0.885,0.892,0.88,0.885,0.884,0.883,0.927,0.89,0.892,0.925,0.882,0.024,0.886,0.867,0.918,0.885,0.897,0.929,0.88,0.934,0.889,0.879,0.928,0.924,0.882,0.884,0.884,0.923,0.888
0.905,0.903,0.882,0.879,0.907,0.916,0.988,0.888,0.89,0.879,0.882,0.883,0.896,0.877,0.884,1.0,0.906,0.912,0.911,0.985,0.915,0.913,0.92,0.903,0.906,0.899,0.913,0.883,0.894,0.894,0.878,0.916,0.026,0.916,0.893,0.894,0.987,0.914,0.885,0.894,0.889,0.912,0.916,0.89,0.889,0.881,0.908,0.909,0.88,0.9
0.899,0.925,0.879,0.898,0.914,0.935,0.906,0.89,0.899,0.892,0.907,0.882,0.924,0.898,0.891,0.906,1.0,0.92,0.919,0.905,0.9,0.927,0.921,0.936,0.931,0.948,0.925,0.891,0.9,0.891,0.88,0.924,0.026,0.916,0.927,0.897,0.907,0.926,0.888,0.918,0.884,0.929,0.928,0.887,0.885,0.881,0.92,0.921,0.897,0.906
0.9,0.907,0.874,0.883,0.912,0.92,0.912,0.882,0.884,0.884,0.916,0.885,0.934,0.887,0.887,0.912,0.92,1.0,0.948,0.91,0.929,0.948,0.953,0.917,0.907,0.912,0.938,0.879,0.89,0.89,0.875,0.932,0.024,0.929,0.906,0.89,0.911,0.93,0.887,0.931,0.881,0.927,0.937,0.878,0.879,0.878,0.912,0.912,0.887,0.898
0.897,0.909,0.865,0.884,0.917,0.92,0.908,0.885,0.887,0.883,0.915,0.873,0.934,0.881,0.884,0.911,0.919,0.948,1.0,0.91,0.929,0.947,0.947,0.919,0.91,0.912,0.929,0.883,0.897,0.888,0.874,0.929,0.022,0.924,0.913,0.885,0.909,0.932,0.881,0.934,0.88,0.933,0.93,0.877,0.877,0.873,0.914,0.915,0.883,0.904
0.905,0.905,0.884,0.876,0.905,0.915,0.994,0.885,0.891,0.879,0.878,0.88,0.892,0.873,0.881,0.985,0.905,0.91,0.91,1.0,0.917,0.912,0.916,0.902,0.907,0.894,0.909,0.88,0.892,0.893,0.878,0.916,0.026,0.915,0.891,0.889,0.995,0.91,0.878,0.891,0.889,0.911,0.912,0.886,0.89,0.886,0.905,0.906,0.875,0.899
0.893,0.913,0.871,0.865,0.925,0.917,0.918,0.875,0.887,0.869,0.9,0.868,0.915,0.864,0.873,0.915,0.9,0.929,0.929,0.917,1.0,0.931,0.94,0.904,0.905,0.893,0.925,0.87,0.884,0.887,0.873,0.926,0.024,0.926,0.892,0.879,0.917,0.927,0.878,0.915,0.883,0.915,0.921,0.876,0.88,0.897,0.909,0.909,0.871,0.891
0.904,0.912,0.882,0.886,0.918,0.918,0.909,0.884,0.889,0.884,0.924,0.881,0.947,0.882,0.885,0.913,0.927,0.948,0.947,0.912,0.931,1.0,0.974,0.923,0.914,0.917,0.944,0.883,0.89,0.891,0.872,0.941,0.022,0.956,0.914,0.887,0.911,0.94,0.883,0.944,0.881,0.929,0.943,0.877,0.877,0.877,0.908,0.909,0.888,0.904
0.909,0.919,0.883,0.887,0.925,0.929,0.918,0.887,0.898,0.884,0.915,0.889,0.938,0.882,0.892,0.92,0.921,0.953,0.947,0.916,0.94,0.974,1.0,0.918,0.921,0.913,0.942,0.884,0.893,0.893,0.881,0.947,0.023,0.962,0.912,0.893,0.919,0.945,0.897,0.938,0.886,0.934,0.936,0.888,0.888,0.882,0.914,0.914,0.886,0.902
0.902,0.94,0.87,0.882,0.909,0.94,0.901,0.894,0.889,0.885,0.905,0.877,0.918,0.887,0.88,0.903,0.936,0.917,0.919,0.902,0.904,0.923,0.918,1.0,0.942,0.93,0.921,0.892,0.888,0.892,0.878,0.925,0.026,0.911,0.937,0.883,0.902,0.925,0.879,0.922,0.885,0.928,0.921,0.886,0.883,0.877,0.916,0.917,0.882,0.896
0.9,0.942,0.876,0.872,0.911,0.947,0.906,0.885,0.894,0.872,0.887,0.873,0.902,0.874,0.885,0.906,0.931,0.907,0.91,0.907,0.905,0.914,0.921,0.942,1.0,0.932,0.916,0.882,0.889,0.891,0.876,0.921,0.027,0.915,0.93,0.883,0.908,0.928,0.879,0.909,0.885,0.936,0.913,0.893,0.889,0.878,0.923,0.923,0.88,0.891
0.891,0.92,0.863,0.885,0.9,0.927,0.898,0.883,0.878,0.884,0.895,0.876,0.911,0.883,0.884,0.899,0.948,0.912,0.912,0.894,0.893,0.917,0.913,0.93,0.932,1.0,0.917,0.88,0.893,0.89,0.872,0.913,0.027,0.903,0.928,0.885,0.896,0.916,0.877,0.919,0.876,0.925,0.916,0.878,0.876,0.873,0.921,0.921,0.895,0.898
0.905,0.913,0.876,0.882,0.921,0.919,0.91,0.889,0.891,0.886,0.92,0.878,0.936,0.881,0.883,0.913,0.925,0.938,0.929,0.909,0.925,0.944,0.942,0.921,0.916,0.917,1.0,0.882,0.905,0.902,0.88,0.94,0.025,0.933,0.914,0.893,0.911,0.951,0.882,0.94,0.886,0.928,0.957,0.879,0.882,0.878,0.911,0.912,0.891,0.903
0.886,0.884,0.869,0.939,0.872,0.883,0.88,0.969,0.876,0.934,0.864,0.928,0.877,0.934,0.927,0.883,0.891,0.879,0.883,0.88,0.87,0.883,0.884,0.892,0.882,0.88,0.882,1.0,0.894,0.883,0.928,0.885,0.022,0.88,0.874,0.911,0.883,0.893,0.929,0.88,0.935,0.885,0.879,0.984,0.977,0.876,0.875,0.876,0.932,0.887
0.905,0.887,0.881,0.897,0.89,0.895,0.892,0.893,0.885,0.891,0.871,0.887,0.883,0.886,0.89,0.894,0.9,0.89,0.897,0.892,0.884,0.89,0.893,0.888,0.889,0.893,0.905,0.894,1.0,0.897,0.885,0.895,0.023,0.892,0.882,0.901,0.895,0.903,0.885,0.896,0.893,0.902,0.898,0.89,0.892,0.889,0.886,0.885,0.9,0.953
0.918,0.894,0.881,0.889,0.894,0.891,0.892,0.888,0.907,0.888,0.876,0.892,0.885,0.88,0.892,0.894,0.891,0.89,0.888,0.893,0.887,0.891,0.893,0.892,0.891,0.89,0.902,0.883,0.897,1.0,0.884,0.892,0.028,0.886,0.88,0.89,0.895,0.895,0.882,0.894,0.891,0.905,0.898,0.883,0.882,0.885,0.896,0.896,0.882,0.895
0.888,0.887,0.869,0.924,0.88,0.882,0.878,0.931,0.876,0.936,0.858,0.925,0.867,0.919,0.925,0.878,0.88,0.875,0.874,0.878,0.873,0.872,0.881,0.878,0.876,0.872,0.88,0.928,0.885,0.884,1.0,0.876,0.026,0.881,0.861,0.91,0.881,0.881,0.924,0.874,0.967,0.887,0.874,0.934,0.934,0.882,0.88,0.881,0.919,0.877
0.91,0.92,0.876,0.878,0.917,0.931,0.915,0.888,0.893,0.876,0.906,0.875,0.925,0.874,0.882,0.916,0.924,0.932,0.929,0.916,0.926,0.941,0.947,0.925,0.921,0.913,0.94,0.885,0.895,0.892,0.876,1.0,0.025,0.936,0.908,0.883,0.917,0.951,0.88,0.93,0.883,0.928,0.939,0.887,0.886,0.877,0.92,0.921,0.883,0.898
0.024,0.026,0.027,0.026,0.024,0.027,0.026,0.025,0.024,0.028,0.023,0.025,0.024,0.024,0.024,0.026,0.026,0.024,0.022,0.026,0.024,0.022,0.023,0.026,0.027,0.027,0.025,0.022,0.023,0.028,0.026,0.025,1.0,0.024,0.025,0.023,0.026,0.025,0.025,0.026,0.023,0.025,0.023,0.022,0.022,0.027,0.028,0.028,0.025,0.024
0.898,0.916,0.886,0.882,0.926,0.927,0.917,0.885,0.892,0.875,0.904,0.883,0.928,0.876,0.886,0.916,0.916,0.929,0.924,0.915,0.926,0.956,0.962,0.911,0.915,0.903,0.933,0.88,0.892,0.886,0.881,0.936,0.024,1.0,0.905,0.894,0.917,0.938,0.886,0.928,0.89,0.92,0.932,0.885,0.888,0.879,0.909,0.91,0.88,0.899
0.891,0.924,0.852,0.879,0.903,0.929,0.893,0.876,0.873,0.869,0.913,0.855,0.922,0.878,0.867,0.893,0.927,0.906,0.913,0.891,0.892,0.914,0.912,0.937,0.93,0.928,0.914,0.874,0.882,0.88,0.861,0.908,0.025,0.905,1.0,0.877,0.893,0.913,0.864,0.907,0.868,0.919,0.915,0.868,0.866,0.861,0.904,0.904,0.884,0.885
0.895,0.887,0.872,0.916,0.883,0.899,0.892,0.913,0.883,0.913,0.867,0.918,0.872,0.911,0.918,0.894,0.897,0.89,0.885,0.889,0.879,0.887,0.893,0.883,0.883,0.885,0.893,0.911,0.901,0.89,0.91,0.883,0.023,0.894,0.877,1.0,0.894,0.893,0.919,0.883,0.915,0.896,0.885,0.911,0.91,0.883,0.888,0.887,0.912,0.895
0.905,0.905,0.882,0.879,0.909,0.918,0.995,0.888,0.893,0.882,0.881,0.882,0.894,0.875,0.885,0.987,0.907,0.911,0.909,0.995,0.917,0.911,0.919,0.902,0.908,0.896,0.911,0.883,0.895,0.895,0.881,0.917,0.026,0.917,0.893,0.894,1.0,0.915,0.882,0.894,0.889,0.913,0.916,0.889,0.891,0.886,0.906,0.906,0.878,0.898
0.911,0.926,0.879,0.884,0.935,0.932,0.912,0.898,0.901,0.882,0.915,0.885,0.934,0.882,0.897,0.914,0.926,0.93,0.932,0.91,0.927,0.94,0.945,0.925,0.928,0.916,0.951,0.893,0.903,0.895,0.881,0.951,0.025,0.938,0.913,0.893,0.915,1.0,0.893,0.94,0.893,0.933,0.954,0.895,0.893,0.887,0.923,0.923,0.896,0.907
0.888,0.88,0.866,0.921,0.879,0.889,0.881,0.922,0.88,0.919,0.858,0.932,0.869,0.922,0.929,0.885,0.888,0.887,0.881,0.878,0.878,0.883,0.897,0.879,0.879,0.877,0.882,0.929,0.885,0.882,0.924,0.88,0.025,0.886,0.864,0.919,0.882,0.893,1.0,0.879,0.924,0.891,0.878,0.933,0.932,0.874,0.885,0.885,0.919,0.882
0.894,0.907,0.862,0.878,0.919,0.913,0.893,0.884,0.887,0.881,0.924,0.867,0.938,0.881,0.88,0.894,0.918,0.931,0.934,0.891,0.915,0.944,0.938,0.922,0.909,0.919,0.94,0.88,0.896,0.894,0.874,0.93,0.026,0.928,0.907,0.883,0.894,0.94,0.879,1.0,0.875,0.926,0.934,0.875,0.876,0.875,0.914,0.914,0.889,0.903
0.892,0.895,0.878,0.929,0.885,0.888,0.889,0.932,0.884,0.928,0.86,0.932,0.869,0.924,0.934,0.889,0.884,0.881,0.88,0.889,0.883,0.881,0.886,0.885,0.885,0.876,0.886,0.935,0.893,0.891,0.967,0.883,0.023,0.89,0.868,0.915,0.889,0.893,0.924,0.875,1.0,0.889,0.879,0.943,0.944,0.895,0.89,0.891,0.923,0.89
0.905,0.924,0.879,0.885,0.918,0.941,0.91,0.894,0.901,0.887,0.901,0.883,0.916,0.88,0.889,0.912,0.929,0.927,0.933,0.911,0.915,0.929,0.934,0.928,0.936,0.925,0.928,0.885,0.902,0.905,0.887,0.928,0.025,0.92,0.919,0.896,0.913,0.933,0.891,0.926,0.889,1.0,0.928,0.887,0.888,0.886,0.939,0.939,0.891,0.904
0.9,0.914,0.875,0.875,0.931,0.922,0.913,0.885,0.894,0.876,0.919,0.871,0.93,0.874,0.879,0.916,0.928,0.937,0.93,0.912,0.921,0.943,0.936,0.921,0.913,0.916,0.957,0.879,0.898,0.898,0.874,0.939,0.023,0.932,0.915,0.885,0.916,0.954,0.878,0.934,0.879,0.928,1.0,0.877,0.875,0.876,0.918,0.918,0.886,0.9
0.889,0.896,0.876,0.931,0.879,0.89,0.887,0.963,0.882,0.924,0.857,0.932,0.871,0.929,0.928,0.89,0.887,0.878,0.877,0.886,0.876,0.877,0.888,0.886,0.893,0.878,0.879,0.984,0.89,0.883,0.934,0.887,0.022,0.885,0.868,0.911,0.889,0.895,0.933,0.875,0.943,0.887,0.877,1.0,0.987,0.882,0.884,0.885,0.926,0.884
0.891,0.898,0.878,0.926,0.882,0.888,0.891,0.956,0.88,0.922,0.855,0.928,0.871,0.926,0.924,0.889,0.885,0.879,0.877,0.89,0.88,0.877,0.888,0.883,0.889,0.876,0.882,0.977,0.892,0.882,0.934,0.886,0.022,0.888,0.866,0.91,0.891,0.893,0.932,0.876,0.944,0.888,0.875,0.987,1.0,0.882,0.886,0.887,0.922,0.884
0.891,0.885,0.891,0.875,0.88,0.882,0.885,0.883,0.884,0.871,0.856,0.879,0.866,0.868,0.882,0.881,0.881,0.878,0.873,0.886,0.897,0.877,0.882,0.877,0.878,0.873,0.878,0.876,0.889,0.885,0.882,0.877,0.027,0.879,0.861,0.883,0.886,0.887,0.874,0.875,0.895,0.886,0.876,0.882,0.882,1.0,0.892,0.891,0.881,0.908
0.899,0.922,0.874,0.872,0.919,0.929,0.907,0.882,0.886,0.874,0.884,0.874,0.902,0.876,0.884,0.908,0.92,0.912,0.914,0.905,0.909,0.908,0.914,0.916,0.923,0.921,0.911,0.875,0.886,0.896,0.88,0.92,0.028,0.909,0.904,0.888,0.906,0.923,0.885,0.914,0.89,0.939,0.918,0.884,0.886,0.892,1.0,0.999,0.877,0.898
0.899,0.922,0.875,0.872,0.919,0.928,0.907,0.882,0.887,0.875,0.885,0.874,0.903,0.877,0.884,0.909,0.921,0.912,0.915,0.906,0.909,0.909,0.914,0.917,0.923,0.921,0.912,0.876,0.885,0.896,0.881,0.921,0.028,0.91,0.904,0.887,0.906,0.923,0.885,0.914,0.891,0.939,0.918,0.885,0.887,0.891,0.999,1.0,0.878,0.899
0.886,0.882,0.865,0.937,0.878,0.885,0.876,0.924,0.866,0.934,0.878,0.915,0.887,0.93,0.923,0.88,0.897,0.887,0.883,0.875,0.871,0.888,0.886,0.882,0.88,0.895,0.891,0.932,0.9,0.882,0.919,0.883,0.025,0.88,0.884,0.912,0.878,0.896,0.919,0.889,0.923,0.891,0.886,0.926,0.922,0.881,0.877,0.878,1.0,0.894
0.911,0.89,0.889,0.894,0.892,0.899,0.897,0.889,0.9,0.879,0.88,0.882,0.892,0.881,0.888,0.9,0.906,0.898,0.904,0.899,0.891,0.904,0.902,0.896,0.891,0.898,0.903,0.887,0.953,0.895,0.877,0.898,0.024,0.899,0.885,0.895,0.898,0.907,0.882,0.903,0.89,0.904,0.9,0.884,0.884,0.908,0.898,0.899,0.894,1.0
