GCF_000163235.1_ASM16323v1_genomic.fna,GCF_000164555.1_ASM16455v1_genomic.fna,GCF_000208545.1_ASM20854v2_genomic.fna,GCF_000233875.1_ASM23387v1_genomic.fna,GCF_000249735.1_ASM24973v2_genomic.fna,GCF_000261145.1_Esch_coli_M919_V2_genomic.fna,GCF_000267705.2_ASM26770v2_genomic.fna,GCF_000350665.1_Esch_coli_KTE5_V1_genomic.fna,GCF_000351625.1_Esch_coli_KTE66_V1_genomic.fna,GCF_000352285.1_Esch_coli_KTE46_V1_genomic.fna,GCF_000358895.1_ASM35889v1_genomic.fna,GCF_000456385.1_Esch_coli_HVH_26_4-5703913_V1_genomic.fna,GCF_000458195.1_Esch_coli_HVH_147_4-5893887_V1_genomic.fna,GCF_000459755.1_Esch_coli_KOEGE_58_171a_V1_genomic.fna,GCF_000460055.1_Esch_coli_UMEA_3053-1_V1_genomic.fna,GCF_000462165.2_ASM46216v2_genomic.fna,GCF_000601135.1_ASM60113v1_genomic.fna,GCF_000614595.1_Ec2010EL1058_genomic.fna,GCF_000617745.1_Ec2010C-4529_genomic.fna,GCF_000618265.2_EcF6751_genomic.fna,GCF_000619005.2_Ec2009C-4052_genomic.fna,GCF_000619105.1_Ec2009C-4780_genomic.fna,GCF_000619765.2_Ec2009C-3279_genomic.fna,GCF_000687005.1_ASM68700v1_genomic.fna,GCF_000687025.1_ASM68702v1_genomic.fna,GCF_000700125.1_ASM70012v1_genomic.fna,GCF_000753315.1_FHI35_genomic.fna,GCF_000776375.1_ASM77637v1_genomic.fna,GCF_000779395.1_ASM77939v1_genomic.fna,GCF_000780315.1_ASM78031v1_genomic.fna,GCF_000781995.1_ASM78199v1_genomic.fna,GCF_000986765.1_ASM98676v1_genomic.fna,GCF_001041375.1_ViralProj287958_genomic.fna,GCF_001265335.1_302014_genomic.fna,GCF_001265625.1_100854_genomic.fna,GCF_001267345.1_303289_genomic.fna,GCF_001309985.1_ASM130998v1_genomic.fna,GCF_001521695.1_ASM152169v1_genomic.fna,GCF_001592595.1_ASM159259v1_genomic.fna,GCF_001614975.1_ASM161497v1_genomic.fna,GCF_001692775.1_ASM169277v1_genomic.fna,GCF_001748915.1_ASM174891v1_genomic.fna,GCF_001749235.1_ASM174923v1_genomic.fna,GCF_001881155.1_ASM188115v1_genomic.fna,GCF_001881345.1_ASM188134v1_genomic.fna,GCF_001892405.1_ASM189240v1_genomic.fna,GCF_001892585.1_ASM189258v1_genomic.fna,GCF_001893985.1_ASM189398v1_genomic.fna,GCF_002001595.1_ASM200159v1_genomic.fna,GCF_002002145.1_ASM200214v1_genomic.fna
1.0,0.562,0.495,0.508,0.568,0.556,0.542,0.514,0.642,0.529,0.538,0.521,0.556,0.498,0.499,0.544,0.558,0.549,0.549,0.539,0.538,0.549,0.566,0.56,0.556,0.546,0.557,0.522,0.591,0.619,0.479,0.559,0.0,0.559,0.537,0.504,0.539,0.561,0.492,0.567,0.482,0.548,0.55,0.501,0.508,0.538,0.539,0.541,0.493,0.592
0.562,1.0,0.472,0.512,0.676,0.786,0.591,0.521,0.532,0.509,0.623,0.533,0.648,0.489,0.502,0.591,0.734,0.667,0.659,0.591,0.651,0.649,0.663,0.799,0.809,0.719,0.65,0.512,0.532,0.543,0.488,0.672,0.0,0.65,0.763,0.485,0.589,0.671,0.503,0.659,0.495,0.715,0.658,0.521,0.518,0.501,0.706,0.708,0.516,0.525
0.495,0.472,1.0,0.424,0.463,0.453,0.441,0.426,0.466,0.42,0.449,0.419,0.461,0.417,0.412,0.443,0.468,0.444,0.455,0.44,0.447,0.45,0.461,0.459,0.457,0.451,0.452,0.424,0.47,0.462,0.397,0.465,0.0,0.463,0.437,0.415,0.439,0.444,0.411,0.464,0.404,0.462,0.456,0.417,0.412,0.439,0.459,0.459,0.419,0.479
0.508,0.512,0.424,1.0,0.508,0.501,0.486,0.747,0.499,0.769,0.475,0.778,0.494,0.808,0.829,0.489,0.498,0.489,0.496,0.486,0.482,0.491,0.515,0.498,0.502,0.497,0.488,0.798,0.554,0.499,0.761,0.517,0.0,0.491,0.483,0.687,0.487,0.492,0.709,0.485,0.773,0.506,0.486,0.773,0.762,0.516,0.498,0.497,0.732,0.56
0.568,0.676,0.463,0.508,1.0,0.698,0.589,0.514,0.535,0.506,0.772,0.517,0.738,0.494,0.499,0.594,0.689,0.693,0.714,0.587,0.712,0.716,0.721,0.684,0.693,0.674,0.721,0.517,0.541,0.54,0.485,0.733,0.0,0.715,0.672,0.496,0.588,0.727,0.495,0.754,0.494,0.699,0.734,0.5,0.503,0.499,0.706,0.707,0.515,0.528
0.556,0.786,0.453,0.501,0.698,1.0,0.594,0.511,0.539,0.508,0.654,0.5,0.678,0.495,0.488,0.602,0.739,0.675,0.686,0.591,0.655,0.681,0.683,0.807,0.823,0.729,0.673,0.509,0.542,0.535,0.479,0.678,0.0,0.674,0.797,0.505,0.592,0.675,0.504,0.681,0.49,0.727,0.68,0.5,0.496,0.486,0.721,0.719,0.506,0.521
0.542,0.591,0.441,0.486,0.589,0.594,1.0,0.486,0.54,0.473,0.562,0.482,0.598,0.47,0.478,0.958,0.592,0.632,0.619,0.989,0.63,0.617,0.644,0.595,0.593,0.574,0.6,0.483,0.51,0.526,0.466,0.593,0.0,0.604,0.588,0.488,0.99,0.585,0.482,0.593,0.466,0.588,0.594,0.472,0.472,0.473,0.572,0.573,0.483,0.519
0.514,0.521,0.426,0.747,0.514,0.511,0.486,1.0,0.501,0.739,0.469,0.742,0.492,0.738,0.723,0.484,0.494,0.497,0.497,0.488,0.482,0.488,0.5,0.521,0.502,0.496,0.493,0.92,0.555,0.505,0.732,0.512,0.0,0.487,0.483,0.662,0.486,0.516,0.706,0.492,0.736,0.509,0.496,0.906,0.886,0.507,0.491,0.493,0.715,0.536
0.642,0.532,0.466,0.499,0.535,0.539,0.54,0.501,1.0,0.511,0.522,0.5,0.537,0.489,0.49,0.541,0.54,0.536,0.532,0.539,0.518,0.527,0.54,0.543,0.534,0.526,0.552,0.502,0.557,0.646,0.473,0.551,0.0,0.535,0.519,0.495,0.541,0.534,0.485,0.543,0.471,0.549,0.547,0.487,0.483,0.515,0.54,0.541,0.497,0.579
0.529,0.509,0.42,0.769,0.506,0.508,0.473,0.739,0.511,1.0,0.493,0.747,0.515,0.771,0.751,0.48,0.498,0.484,0.502,0.472,0.475,0.497,0.487,0.516,0.494,0.515,0.497,0.761,0.552,0.498,0.772,0.499,0.0,0.485,0.494,0.703,0.473,0.505,0.712,0.503,0.771,0.503,0.496,0.734,0.739,0.504,0.494,0.493,0.726,0.538
0.538,0.623,0.449,0.475,0.772,0.654,0.562,0.469,0.522,0.493,1.0,0.469,0.767,0.473,0.46,0.574,0.641,0.687,0.707,0.559,0.677,0.718,0.686,0.674,0.64,0.681,0.709,0.479,0.517,0.509,0.448,0.693,0.0,0.679,0.689,0.489,0.56,0.71,0.47,0.748,0.45,0.658,0.724,0.462,0.467,0.468,0.644,0.644,0.476,0.511
0.521,0.533,0.419,0.778,0.517,0.5,0.482,0.742,0.5,0.747,0.469,1.0,0.491,0.766,0.868,0.483,0.502,0.49,0.486,0.483,0.486,0.487,0.504,0.508,0.503,0.499,0.481,0.752,0.556,0.503,0.724,0.506,0.0,0.491,0.489,0.656,0.481,0.494,0.712,0.484,0.745,0.505,0.488,0.751,0.75,0.524,0.499,0.502,0.707,0.548
0.556,0.648,0.461,0.494,0.738,0.678,0.598,0.492,0.537,0.515,0.767,0.491,1.0,0.49,0.482,0.608,0.668,0.713,0.75,0.597,0.732,0.796,0.767,0.709,0.655,0.701,0.771,0.494,0.552,0.542,0.471,0.749,0.0,0.754,0.691,0.5,0.598,0.759,0.483,0.792,0.473,0.679,0.772,0.478,0.477,0.497,0.67,0.668,0.499,0.537
0.498,0.489,0.417,0.808,0.494,0.495,0.47,0.738,0.489,0.771,0.473,0.766,0.49,1.0,0.804,0.477,0.482,0.476,0.493,0.469,0.467,0.487,0.484,0.49,0.484,0.486,0.482,0.789,0.537,0.486,0.745,0.497,0.0,0.473,0.475,0.672,0.471,0.495,0.709,0.482,0.755,0.498,0.484,0.759,0.755,0.508,0.489,0.488,0.721,0.533
0.499,0.502,0.412,0.829,0.499,0.488,0.478,0.723,0.49,0.751,0.46,0.868,0.482,0.804,1.0,0.479,0.499,0.48,0.477,0.48,0.475,0.479,0.501,0.487,0.489,0.481,0.472,0.76,0.547,0.495,0.754,0.497,0.0,0.477,0.477,0.669,0.477,0.481,0.71,0.47,0.768,0.494,0.477,0.746,0.739,0.523,0.498,0.5,0.72,0.559
0.544,0.591,0.443,0.489,0.594,0.602,0.958,0.484,0.541,0.48,0.574,0.483,0.608,0.477,0.479,1.0,0.605,0.621,0.625,0.957,0.611,0.622,0.631,0.602,0.599,0.58,0.598,0.487,0.517,0.525,0.465,0.585,0.0,0.607,0.594,0.495,0.96,0.591,0.478,0.599,0.468,0.587,0.598,0.468,0.472,0.475,0.578,0.577,0.485,0.523
0.558,0.734,0.468,0.498,0.689,0.739,0.592,0.494,0.54,0.498,0.641,0.502,0.668,0.482,0.499,0.605,1.0,0.649,0.665,0.589,0.656,0.662,0.674,0.749,0.744,0.761,0.657,0.498,0.527,0.536,0.468,0.701,0.0,0.673,0.713,0.509,0.589,0.65,0.49,0.675,0.469,0.706,0.663,0.492,0.497,0.482,0.716,0.715,0.492,0.534
0.549,0.667,0.444,0.489,0.693,0.675,0.632,0.497,0.536,0.484,0.687,0.49,0.713,0.476,0.48,0.621,0.649,1.0,0.761,0.631,0.746,0.737,0.752,0.662,0.656,0.654,0.729,0.495,0.522,0.543,0.472,0.719,0.0,0.707,0.65,0.49,0.628,0.7,0.504,0.728,0.472,0.672,0.716,0.491,0.489,0.492,0.67,0.671,0.487,0.529
0.549,0.659,0.455,0.496,0.714,0.686,0.619,0.497,0.532,0.502,0.707,0.486,0.75,0.493,0.477,0.625,0.665,0.761,1.0,0.616,0.755,0.757,0.744,0.687,0.672,0.671,0.736,0.498,0.533,0.537,0.47,0.726,0.0,0.709,0.682,0.511,0.617,0.724,0.497,0.76,0.473,0.68,0.733,0.483,0.481,0.488,0.662,0.66,0.494,0.522
0.539,0.591,0.44,0.486,0.587,0.591,0.989,0.488,0.539,0.472,0.559,0.483,0.597,0.469,0.48,0.957,0.589,0.631,0.616,1.0,0.629,0.614,0.64,0.593,0.593,0.573,0.599,0.483,0.509,0.527,0.468,0.589,0.0,0.601,0.584,0.487,0.99,0.584,0.482,0.589,0.468,0.587,0.593,0.472,0.471,0.475,0.57,0.571,0.483,0.518
0.538,0.651,0.447,0.482,0.712,0.655,0.63,0.482,0.518,0.475,0.677,0.486,0.732,0.467,0.475,0.611,0.656,0.746,0.755,0.629,1.0,0.746,0.775,0.654,0.647,0.639,0.749,0.482,0.509,0.526,0.462,0.741,0.0,0.74,0.645,0.487,0.626,0.726,0.494,0.741,0.465,0.661,0.73,0.476,0.475,0.488,0.667,0.668,0.483,0.511
0.549,0.649,0.45,0.491,0.716,0.681,0.617,0.488,0.527,0.497,0.718,0.487,0.796,0.487,0.479,0.622,0.662,0.737,0.757,0.614,0.746,1.0,0.904,0.686,0.666,0.683,0.753,0.494,0.533,0.533,0.461,0.74,0.0,0.858,0.675,0.502,0.616,0.748,0.492,0.776,0.465,0.663,0.761,0.479,0.478,0.491,0.653,0.652,0.491,0.53
0.566,0.663,0.461,0.515,0.721,0.683,0.644,0.5,0.54,0.487,0.686,0.504,0.767,0.484,0.501,0.631,0.674,0.752,0.744,0.64,0.775,0.904,1.0,0.666,0.668,0.657,0.756,0.503,0.544,0.545,0.477,0.759,0.0,0.861,0.651,0.497,0.64,0.733,0.502,0.757,0.486,0.672,0.746,0.496,0.492,0.504,0.659,0.66,0.5,0.538
0.56,0.799,0.459,0.498,0.684,0.807,0.595,0.521,0.543,0.516,0.674,0.508,0.709,0.49,0.487,0.602,0.749,0.662,0.687,0.593,0.654,0.686,0.666,1.0,0.817,0.782,0.669,0.506,0.541,0.544,0.483,0.677,0.0,0.66,0.837,0.497,0.592,0.68,0.488,0.689,0.484,0.726,0.678,0.493,0.497,0.493,0.716,0.715,0.494,0.519
0.556,0.809,0.457,0.502,0.693,0.823,0.593,0.502,0.534,0.494,0.64,0.503,0.655,0.484,0.489,0.599,0.744,0.656,0.672,0.593,0.647,0.666,0.668,0.817,1.0,0.755,0.664,0.508,0.527,0.532,0.471,0.692,0.0,0.659,0.807,0.481,0.593,0.666,0.492,0.662,0.479,0.736,0.667,0.507,0.494,0.494,0.715,0.715,0.508,0.526
0.546,0.719,0.451,0.497,0.674,0.729,0.574,0.496,0.526,0.515,0.681,0.499,0.701,0.486,0.481,0.58,0.761,0.654,0.671,0.573,0.639,0.683,0.657,0.782,0.755,1.0,0.649,0.492,0.517,0.522,0.471,0.671,0.0,0.652,0.753,0.494,0.574,0.664,0.486,0.69,0.466,0.717,0.655,0.49,0.486,0.478,0.721,0.719,0.501,0.512
0.557,0.65,0.452,0.488,0.721,0.673,0.6,0.493,0.552,0.497,0.709,0.481,0.771,0.482,0.472,0.598,0.657,0.729,0.736,0.599,0.749,0.753,0.756,0.669,0.664,0.649,1.0,0.496,0.543,0.528,0.468,0.751,0.0,0.738,0.646,0.49,0.6,0.816,0.482,0.775,0.472,0.673,0.835,0.486,0.478,0.487,0.654,0.655,0.492,0.532
0.522,0.512,0.424,0.798,0.517,0.509,0.483,0.92,0.502,0.761,0.479,0.752,0.494,0.789,0.76,0.487,0.498,0.495,0.498,0.483,0.482,0.494,0.503,0.506,0.508,0.492,0.496,1.0,0.557,0.494,0.735,0.509,0.0,0.49,0.481,0.673,0.483,0.516,0.702,0.49,0.756,0.505,0.495,0.955,0.931,0.507,0.492,0.492,0.732,0.544
0.591,0.532,0.47,0.554,0.541,0.542,0.51,0.555,0.557,0.552,0.517,0.556,0.552,0.537,0.547,0.517,0.527,0.522,0.533,0.509,0.509,0.533,0.544,0.541,0.527,0.517,0.543,0.557,1.0,0.525,0.528,0.542,0.0,0.532,0.511,0.54,0.509,0.536,0.533,0.538,0.524,0.53,0.535,0.537,0.534,0.606,0.514,0.513,0.544,0.834
0.619,0.543,0.462,0.499,0.54,0.535,0.526,0.505,0.646,0.498,0.509,0.503,0.542,0.486,0.495,0.525,0.536,0.543,0.537,0.527,0.526,0.533,0.545,0.544,0.532,0.522,0.528,0.494,0.525,1.0,0.491,0.536,0.0,0.533,0.524,0.487,0.527,0.526,0.505,0.552,0.499,0.548,0.529,0.497,0.495,0.54,0.539,0.541,0.495,0.547
0.479,0.488,0.397,0.761,0.485,0.479,0.466,0.732,0.473,0.772,0.448,0.724,0.471,0.745,0.754,0.465,0.468,0.472,0.47,0.468,0.462,0.461,0.477,0.483,0.471,0.471,0.468,0.735,0.528,0.491,1.0,0.472,0.0,0.466,0.458,0.656,0.467,0.465,0.697,0.465,0.894,0.489,0.462,0.74,0.735,0.503,0.477,0.478,0.696,0.514
0.559,0.672,0.465,0.517,0.733,0.678,0.593,0.512,0.551,0.499,0.693,0.506,0.749,0.497,0.497,0.585,0.701,0.719,0.726,0.589,0.741,0.74,0.759,0.677,0.692,0.671,0.751,0.509,0.542,0.536,0.472,1.0,0.0,0.74,0.645,0.497,0.592,0.751,0.51,0.769,0.474,0.685,0.75,0.499,0.498,0.493,0.689,0.689,0.512,0.534
0.0,0.0,0.0,0.0,0.0,0.0,0.0,0.0,0.0,0.0,0.0,0.0,0.0,0.0,0.0,0.0,0.0,0.0,0.0,0.0,0.0,0.0,0.0,0.0,0.0,0.0,0.0,0.0,0.0,0.0,0.0,0.0,1.0,0.0,0.0,0.0,0.0,0.0,0.0,0.0,0.0,0.0,0.0,0.0,0.0,0.0,0.0,0.0,0.0,0.0
0.559,0.65,0.463,0.491,0.715,0.674,0.604,0.487,0.535,0.485,0.679,0.491,0.754,0.473,0.477,0.607,0.673,0.707,0.709,0.601,0.74,0.858,0.861,0.66,0.659,0.652,0.738,0.49,0.532,0.533,0.466,0.74,0.0,1.0,0.648,0.511,0.604,0.717,0.507,0.752,0.465,0.664,0.742,0.478,0.48,0.494,0.655,0.656,0.49,0.535
0.537,0.763,0.437,0.483,0.672,0.797,0.588,0.483,0.519,0.494,0.689,0.489,0.691,0.475,0.477,0.594,0.713,0.65,0.682,0.584,0.645,0.675,0.651,0.837,0.807,0.753,0.646,0.481,0.511,0.524,0.458,0.645,0.0,0.648,1.0,0.484,0.587,0.654,0.479,0.674,0.461,0.703,0.664,0.466,0.469,0.476,0.694,0.694,0.483,0.505
0.504,0.485,0.415,0.687,0.496,0.505,0.488,0.662,0.495,0.703,0.489,0.656,0.5,0.672,0.669,0.495,0.509,0.49,0.511,0.487,0.487,0.502,0.497,0.497,0.481,0.494,0.49,0.673,0.54,0.487,0.656,0.497,0.0,0.511,0.484,1.0,0.488,0.486,0.679,0.51,0.661,0.503,0.493,0.65,0.648,0.487,0.481,0.48,0.664,0.523
0.539,0.589,0.439,0.487,0.588,0.592,0.99,0.486,0.541,0.473,0.56,0.481,0.598,0.471,0.477,0.96,0.589,0.628,0.617,0.99,0.626,0.616,0.64,0.592,0.593,0.574,0.6,0.483,0.509,0.527,0.467,0.592,0.0,0.604,0.587,0.488,1.0,0.586,0.482,0.592,0.466,0.586,0.593,0.471,0.47,0.474,0.573,0.574,0.484,0.52
0.561,0.671,0.444,0.492,0.727,0.675,0.585,0.516,0.534,0.505,0.71,0.494,0.759,0.495,0.481,0.591,0.65,0.7,0.724,0.584,0.726,0.748,0.733,0.68,0.666,0.664,0.816,0.516,0.536,0.526,0.465,0.751,0.0,0.717,0.654,0.486,0.586,1.0,0.479,0.772,0.472,0.655,0.859,0.504,0.492,0.497,0.67,0.673,0.504,0.528
0.492,0.503,0.411,0.709,0.495,0.504,0.482,0.706,0.485,0.712,0.47,0.712,0.483,0.709,0.71,0.478,0.49,0.504,0.497,0.482,0.494,0.492,0.502,0.488,0.492,0.486,0.482,0.702,0.533,0.505,0.697,0.51,0.0,0.507,0.479,0.679,0.482,0.479,1.0,0.487,0.701,0.496,0.486,0.712,0.716,0.515,0.491,0.493,0.683,0.533
0.567,0.659,0.464,0.485,0.754,0.681,0.593,0.492,0.543,0.503,0.748,0.484,0.792,0.482,0.47,0.599,0.675,0.728,0.76,0.589,0.741,0.776,0.757,0.689,0.662,0.69,0.775,0.49,0.538,0.552,0.465,0.769,0.0,0.752,0.674,0.51,0.592,0.772,0.487,1.0,0.467,0.688,0.782,0.477,0.478,0.502,0.69,0.691,0.489,0.533
0.482,0.495,0.404,0.773,0.494,0.49,0.466,0.736,0.471,0.771,0.45,0.745,0.473,0.755,0.768,0.468,0.469,0.472,0.473,0.468,0.465,0.465,0.486,0.484,0.479,0.466,0.472,0.756,0.524,0.499,0.894,0.474,0.0,0.465,0.461,0.661,0.466,0.472,0.701,0.467,1.0,0.5,0.462,0.763,0.755,0.504,0.478,0.479,0.697,0.516
0.548,0.715,0.462,0.506,0.699,0.727,0.588,0.509,0.549,0.503,0.658,0.505,0.679,0.498,0.494,0.587,0.706,0.672,0.68,0.587,0.661,0.663,0.672,0.726,0.736,0.717,0.673,0.505,0.53,0.548,0.489,0.685,0.0,0.664,0.703,0.503,0.586,0.655,0.496,0.688,0.5,1.0,0.687,0.494,0.486,0.489,0.746,0.746,0.508,0.527
0.55,0.658,0.456,0.486,0.734,0.68,0.594,0.496,0.547,0.496,0.724,0.488,0.772,0.484,0.477,0.598,0.663,0.716,0.733,0.593,0.73,0.761,0.746,0.678,0.667,0.655,0.835,0.495,0.535,0.529,0.462,0.75,0.0,0.742,0.664,0.493,0.593,0.859,0.486,0.782,0.462,0.687,1.0,0.485,0.481,0.496,0.666,0.669,0.494,0.532
0.501,0.521,0.417,0.773,0.5,0.5,0.472,0.906,0.487,0.734,0.462,0.751,0.478,0.759,0.746,0.468,0.492,0.491,0.483,0.472,0.476,0.479,0.496,0.493,0.507,0.49,0.486,0.955,0.537,0.497,0.74,0.499,0.0,0.478,0.466,0.65,0.471,0.504,0.712,0.477,0.763,0.494,0.485,1.0,0.958,0.518,0.482,0.484,0.728,0.528
0.508,0.518,0.412,0.762,0.503,0.496,0.472,0.886,0.483,0.739,0.467,0.75,0.477,0.755,0.739,0.472,0.497,0.489,0.481,0.471,0.475,0.478,0.492,0.497,0.494,0.486,0.478,0.931,0.534,0.495,0.735,0.498,0.0,0.48,0.469,0.648,0.47,0.492,0.716,0.478,0.755,0.486,0.481,0.958,1.0,0.513,0.485,0.487,0.718,0.524
0.538,0.501,0.439,0.516,0.499,0.486,0.473,0.507,0.515,0.504,0.468,0.524,0.497,0.508,0.523,0.475,0.482,0.492,0.488,0.475,0.488,0.491,0.504,0.493,0.494,0.478,0.487,0.507,0.606,0.54,0.503,0.493,0.0,0.494,0.476,0.487,0.474,0.497,0.515,0.502,0.504,0.489,0.496,0.518,0.513,1.0,0.516,0.519,0.516,0.66
0.539,0.706,0.459,0.498,0.706,0.721,0.572,0.491,0.54,0.494,0.644,0.499,0.67,0.489,0.498,0.578,0.716,0.67,0.662,0.57,0.667,0.653,0.659,0.716,0.715,0.721,0.654,0.492,0.514,0.539,0.477,0.689,0.0,0.655,0.694,0.481,0.573,0.67,0.491,0.69,0.478,0.746,0.666,0.482,0.485,0.516,1.0,0.995,0.499,0.529
0.541,0.708,0.459,0.497,0.707,0.719,0.573,0.493,0.541,0.493,0.644,0.502,0.668,0.488,0.5,0.577,0.715,0.671,0.66,0.571,0.668,0.652,0.66,0.715,0.715,0.719,0.655,0.492,0.513,0.541,0.478,0.689,0.0,0.656,0.694,0.48,0.574,0.673,0.493,0.691,0.479,0.746,0.669,0.484,0.487,0.519,0.995,1.0,0.501,0.532
0.493,0.516,0.419,0.732,0.515,0.506,0.483,0.715,0.497,0.726,0.476,0.707,0.499,0.721,0.72,0.485,0.492,0.487,0.494,0.483,0.483,0.491,0.5,0.494,0.508,0.501,0.492,0.732,0.544,0.495,0.696,0.512,0.0,0.49,0.483,0.664,0.484,0.504,0.683,0.489,0.697,0.508,0.494,0.728,0.718,0.516,0.499,0.501,1.0,0.541
0.592,0.525,0.479,0.56,0.528,0.521,0.519,0.536,0.579,0.538,0.511,0.548,0.537,0.533,0.559,0.523,0.534,0.529,0.522,0.518,0.511,0.53,0.538,0.519,0.526,0.512,0.532,0.544,0.834,0.547,0.514,0.534,0.0,0.535,0.505,0.523,0.52,0.528,0.533,0.533,0.516,0.527,0.532,0.528,0.524,0.66,0.529,0.532,0.541,1.0
