GCF_000163235.1_ASM16323v1_genomic.fna,GCF_000164555.1_ASM16455v1_genomic.fna,GCF_000208545.1_ASM20854v2_genomic.fna,GCF_000233875.1_ASM23387v1_genomic.fna,GCF_000249735.1_ASM24973v2_genomic.fna,GCF_000261145.1_Esch_coli_M919_V2_genomic.fna,GCF_000267705.2_ASM26770v2_genomic.fna,GCF_000350665.1_Esch_coli_KTE5_V1_genomic.fna,GCF_000351625.1_Esch_coli_KTE66_V1_genomic.fna,GCF_000352285.1_Esch_coli_KTE46_V1_genomic.fna,GCF_000358895.1_ASM35889v1_genomic.fna,GCF_000456385.1_Esch_coli_HVH_26_4-5703913_V1_genomic.fna,GCF_000458195.1_Esch_coli_HVH_147_4-5893887_V1_genomic.fna,GCF_000459755.1_Esch_coli_KOEGE_58_171a_V1_genomic.fna,GCF_000460055.1_Esch_coli_UMEA_3053-1_V1_genomic.fna,GCF_000462165.2_ASM46216v2_genomic.fna,GCF_000601135.1_ASM60113v1_genomic.fna,GCF_000614595.1_Ec2010EL1058_genomic.fna,GCF_000617745.1_Ec2010C-4529_genomic.fna,GCF_000618265.2_EcF6751_genomic.fna,GCF_000619005.2_Ec2009C-4052_genomic.fna,GCF_000619105.1_Ec2009C-4780_genomic.fna,GCF_000619765.2_Ec2009C-3279_genomic.fna,GCF_000687005.1_ASM68700v1_genomic.fna,GCF_000687025.1_ASM68702v1_genomic.fna,GCF_000700125.1_ASM70012v1_genomic.fna,GCF_000753315.1_FHI35_genomic.fna,GCF_000776375.1_ASM77637v1_genomic.fna,GCF_000779395.1_ASM77939v1_genomic.fna,GCF_000780315.1_ASM78031v1_genomic.fna,GCF_000781995.1_ASM78199v1_genomic.fna,GCF_000986765.1_ASM98676v1_genomic.fna,GCF_001041375.1_ViralProj287958_genomic.fna,GCF_001265335.1_302014_genomic.fna,GCF_001265625.1_100854_genomic.fna,GCF_001267345.1_303289_genomic.fna,GCF_001309985.1_ASM130998v1_genomic.fna,GCF_001521695.1_ASM152169v1_genomic.fna,GCF_001592595.1_ASM159259v1_genomic.fna,GCF_001614975.1_ASM161497v1_genomic.fna,GCF_001692775.1_ASM169277v1_genomic.fna,GCF_001748915.1_ASM174891v1_genomic.fna,GCF_001749235.1_ASM174923v1_genomic.fna,GCF_001881155.1_ASM188115v1_genomic.fna,GCF_001881345.1_ASM188134v1_genomic.fna,GCF_001892405.1_ASM189240v1_genomic.fna,GCF_001892585.1_ASM189258v1_genomic.fna,GCF_001893985.1_ASM189398v1_genomic.fna,GCF_002001595.1_ASM200159v1_genomic.fna,GCF_002002145.1_ASM200214v1_genomic.fna
1.0,0.906,0.894,0.894,0.897,0.898,0.895,0.894,0.914,0.888,0.881,0.892,0.9,0.889,0.878,0.894,0.89,0.904,0.897,0.894,0.893,0.89,0.897,0.891,0.903,0.893,0.899,0.894,0.908,0.915,0.877,0.895,0.018,0.903,0.87,0.883,0.896,0.901,0.888,0.898,0.885,0.893,0.902,0.891,0.889,0.866,0.894,0.895,0.891,0.898
0.906,1.0,0.89,0.887,0.921,0.936,0.906,0.902,0.887,0.886,0.893,0.889,0.904,0.891,0.888,0.906,0.923,0.911,0.919,0.902,0.903,0.905,0.913,0.934,0.946,0.916,0.915,0.895,0.905,0.899,0.883,0.917,0.018,0.912,0.913,0.883,0.904,0.913,0.893,0.909,0.887,0.922,0.924,0.898,0.894,0.872,0.918,0.919,0.89,0.892
0.894,0.89,1.0,0.864,0.886,0.868,0.889,0.878,0.878,0.856,0.866,0.879,0.87,0.865,0.873,0.887,0.871,0.879,0.877,0.891,0.888,0.87,0.883,0.866,0.874,0.866,0.877,0.867,0.89,0.886,0.875,0.885,0.021,0.88,0.842,0.87,0.89,0.874,0.873,0.884,0.882,0.873,0.887,0.877,0.872,0.868,0.868,0.87,0.88,0.89
0.894,0.887,0.864,1.0,0.887,0.891,0.886,0.925,0.887,0.927,0.876,0.935,0.891,0.949,0.943,0.883,0.887,0.891,0.892,0.881,0.878,0.892,0.894,0.885,0.891,0.876,0.893,0.939,0.889,0.878,0.917,0.885,0.018,0.891,0.865,0.909,0.883,0.889,0.928,0.889,0.931,0.89,0.891,0.929,0.93,0.867,0.881,0.883,0.915,0.882
0.897,0.921,0.886,0.887,1.0,0.913,0.904,0.904,0.885,0.885,0.919,0.897,0.923,0.895,0.895,0.906,0.903,0.917,0.925,0.903,0.925,0.909,0.921,0.903,0.913,0.906,0.923,0.9,0.903,0.894,0.892,0.924,0.016,0.913,0.886,0.885,0.904,0.921,0.896,0.931,0.891,0.91,0.932,0.901,0.9,0.875,0.906,0.907,0.897,0.896
0.898,0.936,0.868,0.891,0.913,1.0,0.896,0.895,0.888,0.888,0.897,0.883,0.913,0.895,0.875,0.896,0.921,0.913,0.91,0.892,0.894,0.908,0.909,0.943,0.945,0.924,0.911,0.893,0.893,0.889,0.873,0.904,0.017,0.914,0.926,0.887,0.894,0.916,0.902,0.903,0.875,0.921,0.912,0.883,0.886,0.862,0.919,0.92,0.874,0.882
0.895,0.906,0.889,0.886,0.904,0.896,1.0,0.895,0.891,0.873,0.878,0.895,0.895,0.885,0.887,0.988,0.893,0.904,0.903,0.993,0.907,0.896,0.909,0.889,0.903,0.896,0.894,0.891,0.896,0.896,0.877,0.901,0.018,0.897,0.874,0.878,0.996,0.893,0.881,0.903,0.886,0.892,0.903,0.891,0.889,0.876,0.893,0.894,0.885,0.894
0.894,0.902,0.878,0.925,0.904,0.895,0.895,1.0,0.887,0.923,0.878,0.932,0.893,0.934,0.925,0.892,0.889,0.9,0.906,0.89,0.894,0.89,0.901,0.889,0.883,0.881,0.894,0.975,0.904,0.89,0.923,0.901,0.019,0.897,0.867,0.913,0.892,0.896,0.933,0.905,0.927,0.891,0.905,0.967,0.965,0.877,0.883,0.884,0.924,0.892
0.914,0.887,0.878,0.887,0.885,0.888,0.891,0.887,1.0,0.884,0.877,0.872,0.892,0.885,0.868,0.889,0.891,0.889,0.887,0.889,0.878,0.891,0.887,0.889,0.89,0.885,0.894,0.889,0.907,0.911,0.873,0.884,0.019,0.889,0.865,0.875,0.889,0.888,0.885,0.88,0.877,0.889,0.888,0.882,0.879,0.87,0.889,0.891,0.882,0.896
0.888,0.886,0.856,0.927,0.885,0.888,0.873,0.923,0.884,1.0,0.888,0.917,0.893,0.931,0.911,0.872,0.881,0.885,0.878,0.87,0.874,0.892,0.881,0.887,0.881,0.879,0.883,0.926,0.887,0.87,0.918,0.873,0.019,0.884,0.875,0.907,0.871,0.889,0.932,0.884,0.923,0.89,0.881,0.911,0.917,0.853,0.882,0.883,0.905,0.87
0.881,0.893,0.866,0.876,0.919,0.897,0.878,0.878,0.877,0.888,1.0,0.868,0.924,0.887,0.865,0.875,0.896,0.908,0.905,0.874,0.898,0.917,0.909,0.907,0.897,0.908,0.913,0.88,0.875,0.873,0.862,0.889,0.019,0.899,0.908,0.872,0.875,0.912,0.883,0.906,0.86,0.911,0.907,0.869,0.866,0.843,0.907,0.908,0.865,0.867
0.892,0.889,0.879,0.935,0.897,0.883,0.895,0.932,0.872,0.917,0.868,1.0,0.878,0.937,0.95,0.891,0.872,0.896,0.89,0.893,0.897,0.88,0.894,0.877,0.88,0.872,0.883,0.933,0.895,0.886,0.919,0.89,0.021,0.891,0.85,0.913,0.895,0.881,0.927,0.894,0.933,0.87,0.892,0.931,0.936,0.871,0.873,0.875,0.916,0.887
0.9,0.904,0.87,0.891,0.923,0.913,0.895,0.893,0.892,0.893,0.924,0.878,1.0,0.897,0.871,0.896,0.913,0.921,0.927,0.892,0.913,0.944,0.935,0.912,0.913,0.911,0.941,0.891,0.893,0.888,0.869,0.909,0.017,0.932,0.905,0.874,0.894,0.933,0.891,0.924,0.873,0.915,0.923,0.882,0.879,0.856,0.914,0.916,0.875,0.885
0.889,0.891,0.865,0.949,0.895,0.895,0.885,0.934,0.885,0.931,0.887,0.937,0.897,1.0,0.938,0.883,0.886,0.898,0.895,0.881,0.886,0.898,0.896,0.889,0.892,0.884,0.9,0.947,0.896,0.88,0.917,0.888,0.018,0.891,0.872,0.902,0.882,0.897,0.938,0.897,0.931,0.894,0.895,0.934,0.937,0.869,0.89,0.892,0.917,0.884
0.878,0.888,0.873,0.943,0.895,0.875,0.887,0.925,0.868,0.911,0.865,0.95,0.871,0.938,1.0,0.884,0.868,0.887,0.881,0.884,0.881,0.873,0.883,0.867,0.872,0.862,0.885,0.931,0.895,0.881,0.922,0.884,0.019,0.877,0.851,0.9,0.886,0.881,0.917,0.892,0.934,0.869,0.892,0.932,0.934,0.876,0.869,0.871,0.915,0.892
0.894,0.906,0.887,0.883,0.906,0.896,0.988,0.892,0.889,0.872,0.875,0.891,0.896,0.883,0.884,1.0,0.893,0.904,0.902,0.983,0.901,0.898,0.909,0.888,0.901,0.895,0.892,0.887,0.896,0.897,0.877,0.899,0.019,0.896,0.875,0.876,0.986,0.892,0.883,0.902,0.885,0.893,0.902,0.886,0.886,0.873,0.893,0.894,0.883,0.893
0.89,0.923,0.871,0.887,0.903,0.921,0.893,0.889,0.891,0.881,0.896,0.872,0.913,0.886,0.868,0.893,1.0,0.905,0.906,0.89,0.892,0.914,0.908,0.928,0.927,0.932,0.911,0.887,0.891,0.884,0.862,0.911,0.017,0.908,0.907,0.876,0.892,0.91,0.886,0.901,0.867,0.915,0.909,0.877,0.878,0.858,0.926,0.927,0.867,0.882
0.904,0.911,0.879,0.891,0.917,0.913,0.904,0.9,0.889,0.885,0.908,0.896,0.921,0.898,0.887,0.904,0.905,1.0,0.939,0.901,0.925,0.932,0.942,0.909,0.913,0.902,0.934,0.898,0.892,0.886,0.876,0.915,0.017,0.929,0.885,0.892,0.903,0.924,0.89,0.929,0.88,0.911,0.933,0.89,0.888,0.862,0.901,0.902,0.886,0.887
0.897,0.919,0.877,0.892,0.925,0.91,0.903,0.906,0.887,0.878,0.905,0.89,0.927,0.895,0.881,0.902,0.906,0.939,1.0,0.898,0.934,0.93,0.941,0.905,0.91,0.899,0.932,0.9,0.894,0.892,0.879,0.924,0.018,0.932,0.891,0.887,0.9,0.922,0.888,0.934,0.879,0.908,0.932,0.892,0.892,0.866,0.898,0.899,0.894,0.886
0.894,0.902,0.891,0.881,0.903,0.892,0.993,0.89,0.889,0.87,0.874,0.893,0.892,0.881,0.884,0.983,0.89,0.901,0.898,1.0,0.911,0.892,0.906,0.886,0.9,0.891,0.889,0.887,0.892,0.892,0.878,0.904,0.019,0.894,0.87,0.873,0.997,0.89,0.878,0.9,0.887,0.888,0.899,0.891,0.889,0.878,0.889,0.89,0.883,0.897
0.893,0.903,0.888,0.878,0.925,0.894,0.907,0.894,0.878,0.874,0.898,0.897,0.913,0.886,0.881,0.901,0.892,0.925,0.934,0.911,1.0,0.928,0.945,0.894,0.898,0.89,0.922,0.891,0.889,0.888,0.885,0.919,0.02,0.924,0.877,0.873,0.909,0.913,0.881,0.921,0.887,0.89,0.921,0.899,0.896,0.88,0.889,0.891,0.891,0.897
0.89,0.905,0.87,0.892,0.909,0.908,0.896,0.89,0.891,0.892,0.917,0.88,0.944,0.898,0.873,0.898,0.914,0.932,0.93,0.892,0.928,1.0,0.966,0.914,0.905,0.907,0.929,0.892,0.884,0.884,0.868,0.904,0.018,0.948,0.896,0.883,0.894,0.926,0.889,0.917,0.875,0.914,0.924,0.882,0.878,0.859,0.912,0.914,0.882,0.88
0.897,0.913,0.883,0.894,0.921,0.909,0.909,0.901,0.887,0.881,0.909,0.894,0.935,0.896,0.883,0.909,0.908,0.942,0.941,0.906,0.945,0.966,1.0,0.905,0.91,0.899,0.938,0.901,0.898,0.893,0.882,0.918,0.017,0.955,0.89,0.888,0.908,0.923,0.891,0.924,0.887,0.902,0.934,0.894,0.891,0.871,0.9,0.902,0.892,0.89
0.891,0.934,0.866,0.885,0.903,0.943,0.889,0.889,0.889,0.887,0.907,0.877,0.912,0.889,0.867,0.888,0.928,0.909,0.905,0.886,0.894,0.914,0.905,1.0,0.941,0.925,0.907,0.886,0.883,0.88,0.868,0.9,0.016,0.91,0.936,0.876,0.887,0.91,0.89,0.894,0.873,0.93,0.908,0.875,0.875,0.854,0.925,0.925,0.87,0.874
0.903,0.946,0.874,0.891,0.913,0.945,0.903,0.883,0.89,0.881,0.897,0.88,0.913,0.892,0.872,0.901,0.927,0.913,0.91,0.9,0.898,0.905,0.91,0.941,1.0,0.933,0.915,0.884,0.894,0.89,0.874,0.908,0.016,0.911,0.929,0.876,0.902,0.917,0.896,0.906,0.878,0.922,0.917,0.881,0.876,0.861,0.92,0.921,0.873,0.886
0.893,0.916,0.866,0.876,0.906,0.924,0.896,0.881,0.885,0.879,0.908,0.872,0.911,0.884,0.862,0.895,0.932,0.902,0.899,0.891,0.89,0.907,0.899,0.925,0.933,1.0,0.909,0.877,0.891,0.883,0.861,0.893,0.017,0.901,0.905,0.87,0.894,0.906,0.881,0.903,0.857,0.923,0.903,0.873,0.867,0.859,0.927,0.927,0.873,0.878
0.899,0.915,0.877,0.893,0.923,0.911,0.894,0.894,0.894,0.883,0.913,0.883,0.941,0.9,0.885,0.892,0.911,0.934,0.932,0.889,0.922,0.929,0.938,0.907,0.915,0.909,1.0,0.894,0.9,0.888,0.876,0.925,0.017,0.93,0.894,0.879,0.891,0.948,0.889,0.924,0.879,0.907,0.945,0.889,0.885,0.867,0.906,0.908,0.88,0.887
0.894,0.895,0.867,0.939,0.9,0.893,0.891,0.975,0.889,0.926,0.88,0.933,0.891,0.947,0.931,0.887,0.887,0.898,0.9,0.887,0.891,0.892,0.901,0.886,0.884,0.877,0.894,1.0,0.897,0.887,0.924,0.898,0.017,0.893,0.869,0.912,0.889,0.892,0.932,0.9,0.934,0.888,0.899,0.983,0.977,0.871,0.881,0.882,0.923,0.887
0.908,0.905,0.89,0.889,0.903,0.893,0.896,0.904,0.907,0.887,0.875,0.895,0.893,0.896,0.895,0.896,0.891,0.892,0.894,0.892,0.889,0.884,0.898,0.883,0.894,0.891,0.9,0.897,1.0,0.901,0.886,0.895,0.018,0.893,0.862,0.884,0.894,0.896,0.894,0.901,0.887,0.891,0.902,0.895,0.894,0.896,0.885,0.886,0.894,0.955
0.915,0.899,0.886,0.878,0.894,0.889,0.896,0.89,0.911,0.87,0.873,0.886,0.888,0.88,0.881,0.897,0.884,0.886,0.892,0.892,0.888,0.884,0.893,0.88,0.89,0.883,0.888,0.887,0.901,1.0,0.87,0.886,0.019,0.892,0.865,0.875,0.894,0.891,0.88,0.895,0.877,0.885,0.897,0.888,0.882,0.878,0.882,0.883,0.878,0.897
0.877,0.883,0.875,0.917,0.892,0.873,0.877,0.923,0.873,0.918,0.862,0.919,0.869,0.917,0.922,0.877,0.862,0.876,0.879,0.878,0.885,0.868,0.882,0.868,0.874,0.861,0.876,0.924,0.886,0.87,1.0,0.882,0.02,0.874,0.846,0.891,0.877,0.869,0.911,0.884,0.962,0.868,0.878,0.928,0.928,0.876,0.859,0.861,0.912,0.885
0.895,0.917,0.885,0.885,0.924,0.904,0.901,0.901,0.884,0.873,0.889,0.89,0.909,0.888,0.884,0.899,0.911,0.915,0.924,0.904,0.919,0.904,0.918,0.9,0.908,0.893,0.925,0.898,0.895,0.886,0.882,1.0,0.018,0.913,0.88,0.875,0.903,0.923,0.882,0.931,0.888,0.898,0.931,0.901,0.898,0.875,0.902,0.903,0.885,0.892
0.018,0.018,0.021,0.018,0.016,0.017,0.018,0.019,0.019,0.019,0.019,0.021,0.017,0.018,0.019,0.019,0.017,0.017,0.018,0.019,0.02,0.018,0.017,0.016,0.016,0.017,0.017,0.017,0.018,0.019,0.02,0.018,1.0,0.016,0.017,0.019,0.019,0.017,0.02,0.018,0.019,0.016,0.017,0.017,0.017,0.022,0.018,0.018,0.019,0.019
0.903,0.912,0.88,0.891,0.913,0.914,0.897,0.897,0.889,0.884,0.899,0.891,0.932,0.891,0.877,0.896,0.908,0.929,0.932,0.894,0.924,0.948,0.955,0.91,0.911,0.901,0.93,0.893,0.893,0.892,0.874,0.913,0.016,1.0,0.892,0.888,0.895,0.925,0.897,0.922,0.877,0.906,0.924,0.886,0.886,0.86,0.903,0.905,0.882,0.887
0.87,0.913,0.842,0.865,0.886,0.926,0.874,0.867,0.865,0.875,0.908,0.85,0.905,0.872,0.851,0.875,0.907,0.885,0.891,0.87,0.877,0.896,0.89,0.936,0.929,0.905,0.894,0.869,0.862,0.865,0.846,0.88,0.017,0.892,1.0,0.855,0.873,0.897,0.873,0.88,0.847,0.91,0.89,0.858,0.859,0.832,0.905,0.905,0.849,0.853
0.883,0.883,0.87,0.909,0.885,0.887,0.878,0.913,0.875,0.907,0.872,0.913,0.874,0.902,0.9,0.876,0.876,0.892,0.887,0.873,0.873,0.883,0.888,0.876,0.876,0.87,0.879,0.912,0.884,0.875,0.891,0.875,0.019,0.888,0.855,1.0,0.875,0.877,0.917,0.881,0.897,0.881,0.879,0.898,0.905,0.865,0.878,0.88,0.903,0.878
0.896,0.904,0.89,0.883,0.904,0.894,0.996,0.892,0.889,0.871,0.875,0.895,0.894,0.882,0.886,0.986,0.892,0.903,0.9,0.997,0.909,0.894,0.908,0.887,0.902,0.894,0.891,0.889,0.894,0.894,0.877,0.903,0.019,0.895,0.873,0.875,1.0,0.891,0.879,0.902,0.886,0.89,0.9,0.891,0.889,0.876,0.892,0.893,0.883,0.896
0.901,0.913,0.874,0.889,0.921,0.916,0.893,0.896,0.888,0.889,0.912,0.881,0.933,0.897,0.881,0.892,0.91,0.924,0.922,0.89,0.913,0.926,0.923,0.91,0.917,0.906,0.948,0.892,0.896,0.891,0.869,0.923,0.017,0.925,0.897,0.877,0.891,1.0,0.894,0.928,0.873,0.91,0.951,0.885,0.88,0.865,0.914,0.915,0.878,0.887
0.888,0.893,0.873,0.928,0.896,0.902,0.881,0.933,0.885,0.932,0.883,0.927,0.891,0.938,0.917,0.883,0.886,0.89,0.888,0.878,0.881,0.889,0.891,0.89,0.896,0.881,0.889,0.932,0.894,0.88,0.911,0.882,0.02,0.897,0.873,0.917,0.879,0.894,1.0,0.891,0.916,0.895,0.891,0.92,0.924,0.864,0.888,0.89,0.909,0.88
0.898,0.909,0.884,0.889,0.931,0.903,0.903,0.905,0.88,0.884,0.906,0.894,0.924,0.897,0.892,0.902,0.901,0.929,0.934,0.9,0.921,0.917,0.924,0.894,0.906,0.903,0.924,0.9,0.901,0.895,0.884,0.931,0.018,0.922,0.88,0.881,0.902,0.928,0.891,1.0,0.886,0.902,0.935,0.9,0.897,0.874,0.902,0.903,0.89,0.89
0.885,0.887,0.882,0.931,0.891,0.875,0.886,0.927,0.877,0.923,0.86,0.933,0.873,0.931,0.934,0.885,0.867,0.88,0.879,0.887,0.887,0.875,0.887,0.873,0.878,0.857,0.879,0.934,0.887,0.877,0.962,0.888,0.019,0.877,0.847,0.897,0.886,0.873,0.916,0.886,1.0,0.871,0.88,0.935,0.937,0.875,0.861,0.863,0.912,0.886
0.893,0.922,0.873,0.89,0.91,0.921,0.892,0.891,0.889,0.89,0.911,0.87,0.915,0.894,0.869,0.893,0.915,0.911,0.908,0.888,0.89,0.914,0.902,0.93,0.922,0.923,0.907,0.888,0.891,0.885,0.868,0.898,0.016,0.906,0.91,0.881,0.89,0.91,0.895,0.902,0.871,1.0,0.923,0.878,0.876,0.862,0.933,0.933,0.876,0.878
0.902,0.924,0.887,0.891,0.932,0.912,0.903,0.905,0.888,0.881,0.907,0.892,0.923,0.895,0.892,0.902,0.909,0.933,0.932,0.899,0.921,0.924,0.934,0.908,0.917,0.903,0.945,0.899,0.902,0.897,0.878,0.931,0.017,0.924,0.89,0.879,0.9,0.951,0.891,0.935,0.88,0.923,1.0,0.896,0.892,0.873,0.909,0.91,0.889,0.89
0.891,0.898,0.877,0.929,0.901,0.883,0.891,0.967,0.882,0.911,0.869,0.931,0.882,0.934,0.932,0.886,0.877,0.89,0.892,0.891,0.899,0.882,0.894,0.875,0.881,0.873,0.889,0.983,0.895,0.888,0.928,0.901,0.017,0.886,0.858,0.898,0.891,0.885,0.92,0.9,0.935,0.878,0.896,1.0,0.985,0.885,0.872,0.873,0.928,0.895
0.889,0.894,0.872,0.93,0.9,0.886,0.889,0.965,0.879,0.917,0.866,0.936,0.879,0.937,0.934,0.886,0.878,0.888,0.892,0.889,0.896,0.878,0.891,0.875,0.876,0.867,0.885,0.977,0.894,0.882,0.928,0.898,0.017,0.886,0.859,0.905,0.889,0.88,0.924,0.897,0.937,0.876,0.892,0.985,1.0,0.879,0.872,0.873,0.92,0.893
0.866,0.872,0.868,0.867,0.875,0.862,0.876,0.877,0.87,0.853,0.843,0.871,0.856,0.869,0.876,0.873,0.858,0.862,0.866,0.878,0.88,0.859,0.871,0.854,0.861,0.859,0.867,0.871,0.896,0.878,0.876,0.875,0.022,0.86,0.832,0.865,0.876,0.865,0.864,0.874,0.875,0.862,0.873,0.885,0.879,1.0,0.862,0.864,0.875,0.912
0.894,0.918,0.868,0.881,0.906,0.919,0.893,0.883,0.889,0.882,0.907,0.873,0.914,0.89,0.869,0.893,0.926,0.901,0.898,0.889,0.889,0.912,0.9,0.925,0.92,0.927,0.906,0.881,0.885,0.882,0.859,0.902,0.018,0.903,0.905,0.878,0.892,0.914,0.888,0.902,0.861,0.933,0.909,0.872,0.872,0.862,1.0,0.998,0.87,0.887
0.895,0.919,0.87,0.883,0.907,0.92,0.894,0.884,0.891,0.883,0.908,0.875,0.916,0.892,0.871,0.894,0.927,0.902,0.899,0.89,0.891,0.914,0.902,0.925,0.921,0.927,0.908,0.882,0.886,0.883,0.861,0.903,0.018,0.905,0.905,0.88,0.893,0.915,0.89,0.903,0.863,0.933,0.91,0.873,0.873,0.864,0.998,1.0,0.872,0.889
0.891,0.89,0.88,0.915,0.897,0.874,0.885,0.924,0.882,0.905,0.865,0.916,0.875,0.917,0.915,0.883,0.867,0.886,0.894,0.883,0.891,0.882,0.892,0.87,0.873,0.873,0.88,0.923,0.894,0.878,0.912,0.885,0.019,0.882,0.849,0.903,0.883,0.878,0.909,0.89,0.912,0.876,0.889,0.928,0.92,0.875,0.87,0.872,1.0,0.89
0.898,0.892,0.89,0.882,0.896,0.882,0.894,0.892,0.896,0.87,0.867,0.887,0.885,0.884,0.892,0.893,0.882,0.887,0.886,0.897,0.897,0.88,0.89,0.874,0.886,0.878,0.887,0.887,0.955,0.897,0.885,0.892,0.019,0.887,0.853,0.878,0.896,0.887,0.88,0.89,0.886,0.878,0.89,0.895,0.893,0.912,0.887,0.889,0.89,1.0
