GCF_000163235.1_ASM16323v1_genomic.fna,GCF_000164555.1_ASM16455v1_genomic.fna,GCF_000208545.1_ASM20854v2_genomic.fna,GCF_000233875.1_ASM23387v1_genomic.fna,GCF_000249735.1_ASM24973v2_genomic.fna,GCF_000261145.1_Esch_coli_M919_V2_genomic.fna,GCF_000267705.2_ASM26770v2_genomic.fna,GCF_000350665.1_Esch_coli_KTE5_V1_genomic.fna,GCF_000351625.1_Esch_coli_KTE66_V1_genomic.fna,GCF_000352285.1_Esch_coli_KTE46_V1_genomic.fna,GCF_000358895.1_ASM35889v1_genomic.fna,GCF_000456385.1_Esch_coli_HVH_26_4-5703913_V1_genomic.fna,GCF_000458195.1_Esch_coli_HVH_147_4-5893887_V1_genomic.fna,GCF_000459755.1_Esch_coli_KOEGE_58_171a_V1_genomic.fna,GCF_000460055.1_Esch_coli_UMEA_3053-1_V1_genomic.fna,GCF_000462165.2_ASM46216v2_genomic.fna,GCF_000601135.1_ASM60113v1_genomic.fna,GCF_000614595.1_Ec2010EL1058_genomic.fna,GCF_000617745.1_Ec2010C-4529_genomic.fna,GCF_000618265.2_EcF6751_genomic.fna,GCF_000619005.2_Ec2009C-4052_genomic.fna,GCF_000619105.1_Ec2009C-4780_genomic.fna,GCF_000619765.2_Ec2009C-3279_genomic.fna,GCF_000687005.1_ASM68700v1_genomic.fna,GCF_000687025.1_ASM68702v1_genomic.fna,GCF_000700125.1_ASM70012v1_genomic.fna,GCF_000753315.1_FHI35_genomic.fna,GCF_000776375.1_ASM77637v1_genomic.fna,GCF_000779395.1_ASM77939v1_genomic.fna,GCF_000780315.1_ASM78031v1_genomic.fna,GCF_000781995.1_ASM78199v1_genomic.fna,GCF_000986765.1_ASM98676v1_genomic.fna,GCF_001041375.1_ViralProj287958_genomic.fna,GCF_001265335.1_302014_genomic.fna,GCF_001265625.1_100854_genomic.fna,GCF_001267345.1_303289_genomic.fna,GCF_001309985.1_ASM130998v1_genomic.fna,GCF_001521695.1_ASM152169v1_genomic.fna,GCF_001592595.1_ASM159259v1_genomic.fna,GCF_001614975.1_ASM161497v1_genomic.fna,GCF_001692775.1_ASM169277v1_genomic.fna,GCF_001748915.1_ASM174891v1_genomic.fna,GCF_001749235.1_ASM174923v1_genomic.fna,GCF_001881155.1_ASM188115v1_genomic.fna,GCF_001881345.1_ASM188134v1_genomic.fna,GCF_001892405.1_ASM189240v1_genomic.fna,GCF_001892585.1_ASM189258v1_genomic.fna,GCF_001893985.1_ASM189398v1_genomic.fna,GCF_002001595.1_ASM200159v1_genomic.fna,GCF_002002145.1_ASM200214v1_genomic.fna
1.0,0.898,0.878,0.879,0.896,0.901,0.9,0.89,0.918,0.884,0.879,0.876,0.89,0.886,0.878,0.902,0.889,0.901,0.892,0.901,0.881,0.901,0.904,0.898,0.895,0.895,0.902,0.881,0.901,0.912,0.875,0.885,0.021,0.896,0.878,0.882,0.9,0.9,0.881,0.9,0.88,0.899,0.899,0.878,0.882,0.879,0.897,0.896,0.885,0.905
0.898,1.0,0.884,0.877,0.918,0.944,0.902,0.888,0.891,0.871,0.888,0.875,0.899,0.882,0.881,0.898,0.931,0.92,0.913,0.903,0.905,0.906,0.916,0.936,0.939,0.926,0.914,0.884,0.9,0.885,0.879,0.919,0.02,0.913,0.912,0.877,0.902,0.919,0.88,0.902,0.881,0.924,0.917,0.883,0.885,0.873,0.922,0.922,0.885,0.892
0.878,0.884,1.0,0.869,0.864,0.881,0.87,0.872,0.873,0.855,0.841,0.885,0.858,0.865,0.879,0.866,0.877,0.882,0.868,0.873,0.883,0.87,0.879,0.866,0.88,0.866,0.868,0.878,0.875,0.865,0.876,0.884,0.018,0.877,0.846,0.86,0.871,0.888,0.88,0.861,0.876,0.878,0.883,0.885,0.882,0.873,0.87,0.87,0.878,0.877
0.879,0.877,0.869,1.0,0.88,0.878,0.871,0.94,0.865,0.925,0.852,0.928,0.854,0.954,0.939,0.869,0.877,0.877,0.875,0.873,0.864,0.869,0.879,0.864,0.872,0.863,0.874,0.947,0.884,0.856,0.922,0.88,0.02,0.87,0.851,0.905,0.871,0.876,0.921,0.859,0.94,0.877,0.878,0.938,0.939,0.856,0.874,0.875,0.93,0.882
0.896,0.918,0.864,0.88,1.0,0.916,0.898,0.882,0.897,0.878,0.922,0.867,0.924,0.884,0.878,0.9,0.909,0.923,0.924,0.899,0.907,0.927,0.931,0.915,0.916,0.915,0.927,0.876,0.891,0.894,0.87,0.922,0.016,0.922,0.899,0.875,0.899,0.922,0.873,0.926,0.876,0.922,0.927,0.873,0.874,0.863,0.923,0.924,0.884,0.893
0.901,0.944,0.881,0.878,0.916,1.0,0.905,0.893,0.898,0.871,0.887,0.881,0.896,0.883,0.885,0.904,0.932,0.917,0.916,0.907,0.906,0.905,0.917,0.939,0.943,0.924,0.916,0.883,0.9,0.887,0.88,0.918,0.02,0.914,0.927,0.883,0.906,0.921,0.886,0.907,0.878,0.933,0.922,0.879,0.882,0.883,0.931,0.931,0.89,0.896
0.9,0.902,0.87,0.871,0.898,0.905,1.0,0.88,0.898,0.868,0.866,0.868,0.882,0.878,0.87,0.986,0.894,0.91,0.912,0.996,0.898,0.901,0.91,0.891,0.892,0.889,0.893,0.874,0.892,0.881,0.865,0.894,0.018,0.902,0.886,0.881,0.998,0.895,0.877,0.886,0.864,0.905,0.896,0.869,0.875,0.855,0.899,0.899,0.88,0.898
0.89,0.888,0.872,0.94,0.882,0.893,0.88,1.0,0.873,0.93,0.856,0.929,0.862,0.94,0.925,0.878,0.884,0.888,0.879,0.88,0.869,0.868,0.883,0.868,0.877,0.879,0.88,0.973,0.896,0.867,0.928,0.883,0.019,0.877,0.863,0.9,0.881,0.888,0.924,0.873,0.937,0.894,0.89,0.965,0.959,0.864,0.88,0.88,0.928,0.887
0.918,0.891,0.873,0.865,0.897,0.898,0.898,0.873,1.0,0.875,0.88,0.869,0.894,0.874,0.869,0.899,0.888,0.896,0.89,0.901,0.883,0.901,0.902,0.895,0.896,0.887,0.902,0.87,0.897,0.911,0.867,0.884,0.02,0.898,0.878,0.881,0.899,0.894,0.871,0.892,0.867,0.897,0.898,0.866,0.871,0.864,0.901,0.9,0.876,0.895
0.884,0.871,0.855,0.925,0.878,0.871,0.868,0.93,0.875,1.0,0.865,0.916,0.87,0.933,0.919,0.868,0.867,0.87,0.867,0.868,0.859,0.875,0.876,0.877,0.876,0.879,0.873,0.924,0.877,0.877,0.915,0.866,0.018,0.868,0.865,0.904,0.869,0.869,0.915,0.875,0.922,0.873,0.868,0.914,0.917,0.847,0.874,0.873,0.927,0.88
0.879,0.888,0.841,0.852,0.922,0.887,0.866,0.856,0.88,0.865,1.0,0.839,0.931,0.857,0.845,0.869,0.88,0.902,0.902,0.868,0.881,0.914,0.907,0.908,0.885,0.907,0.914,0.849,0.866,0.891,0.844,0.892,0.017,0.904,0.905,0.867,0.867,0.897,0.848,0.926,0.846,0.898,0.904,0.841,0.846,0.841,0.905,0.904,0.858,0.871
0.876,0.875,0.885,0.928,0.867,0.881,0.868,0.929,0.869,0.916,0.839,1.0,0.845,0.93,0.959,0.863,0.876,0.877,0.869,0.87,0.878,0.861,0.869,0.859,0.873,0.866,0.865,0.94,0.882,0.857,0.931,0.885,0.019,0.865,0.845,0.884,0.869,0.877,0.923,0.852,0.937,0.869,0.881,0.944,0.946,0.879,0.868,0.868,0.918,0.877
0.89,0.899,0.858,0.854,0.924,0.896,0.882,0.862,0.894,0.87,0.931,0.845,1.0,0.859,0.854,0.882,0.897,0.922,0.926,0.882,0.902,0.936,0.932,0.919,0.896,0.916,0.935,0.855,0.876,0.908,0.846,0.91,0.017,0.928,0.905,0.875,0.882,0.92,0.855,0.944,0.851,0.906,0.92,0.847,0.848,0.854,0.913,0.912,0.867,0.884
0.886,0.882,0.865,0.954,0.884,0.883,0.878,0.94,0.874,0.933,0.857,0.93,0.859,1.0,0.943,0.874,0.881,0.885,0.877,0.879,0.868,0.872,0.882,0.87,0.877,0.875,0.879,0.948,0.892,0.865,0.919,0.884,0.02,0.873,0.858,0.9,0.878,0.877,0.919,0.862,0.939,0.884,0.88,0.94,0.943,0.869,0.878,0.879,0.925,0.891
0.878,0.881,0.879,0.939,0.878,0.885,0.87,0.925,0.869,0.919,0.845,0.959,0.854,0.943,1.0,0.863,0.882,0.883,0.873,0.872,0.878,0.867,0.873,0.865,0.878,0.871,0.871,0.94,0.879,0.862,0.929,0.897,0.02,0.872,0.85,0.896,0.871,0.887,0.923,0.862,0.942,0.875,0.88,0.939,0.942,0.875,0.877,0.878,0.926,0.882
0.902,0.898,0.866,0.869,0.9,0.904,0.986,0.878,0.899,0.868,0.869,0.863,0.882,0.874,0.863,1.0,0.894,0.906,0.906,0.985,0.893,0.903,0.906,0.894,0.897,0.891,0.894,0.871,0.892,0.884,0.862,0.891,0.017,0.901,0.889,0.882,0.986,0.892,0.874,0.886,0.861,0.902,0.891,0.865,0.871,0.852,0.904,0.904,0.879,0.9
0.889,0.931,0.877,0.877,0.909,0.932,0.894,0.884,0.888,0.867,0.88,0.876,0.897,0.881,0.882,0.894,1.0,0.916,0.914,0.895,0.897,0.908,0.915,0.923,0.933,0.931,0.913,0.877,0.894,0.884,0.876,0.918,0.02,0.919,0.909,0.878,0.895,0.909,0.868,0.902,0.872,0.921,0.915,0.873,0.877,0.864,0.93,0.93,0.881,0.887
0.901,0.92,0.882,0.877,0.923,0.917,0.91,0.888,0.896,0.87,0.902,0.877,0.922,0.885,0.883,0.906,0.916,1.0,0.943,0.91,0.931,0.94,0.944,0.908,0.906,0.905,0.934,0.884,0.899,0.891,0.872,0.928,0.019,0.935,0.895,0.878,0.91,0.932,0.884,0.93,0.874,0.922,0.936,0.88,0.881,0.874,0.918,0.918,0.888,0.897
0.892,0.913,0.868,0.875,0.924,0.916,0.912,0.879,0.89,0.867,0.902,0.869,0.926,0.877,0.873,0.906,0.914,0.943,1.0,0.912,0.926,0.938,0.942,0.906,0.897,0.903,0.935,0.876,0.888,0.882,0.864,0.93,0.018,0.935,0.894,0.879,0.912,0.927,0.876,0.924,0.865,0.915,0.927,0.867,0.873,0.866,0.914,0.914,0.877,0.887
0.901,0.903,0.873,0.873,0.899,0.907,0.996,0.88,0.901,0.868,0.868,0.87,0.882,0.879,0.872,0.985,0.895,0.91,0.912,1.0,0.902,0.901,0.909,0.892,0.893,0.891,0.894,0.876,0.893,0.884,0.867,0.897,0.018,0.903,0.886,0.88,0.997,0.896,0.878,0.887,0.867,0.906,0.898,0.87,0.876,0.858,0.9,0.9,0.883,0.899
0.881,0.905,0.883,0.864,0.907,0.906,0.898,0.869,0.883,0.859,0.881,0.878,0.902,0.868,0.878,0.893,0.897,0.931,0.926,0.902,1.0,0.92,0.919,0.891,0.89,0.9,0.914,0.877,0.884,0.876,0.873,0.927,0.019,0.915,0.884,0.866,0.899,0.918,0.883,0.902,0.869,0.899,0.913,0.882,0.883,0.88,0.903,0.903,0.873,0.884
0.901,0.906,0.87,0.869,0.927,0.905,0.901,0.868,0.901,0.875,0.914,0.861,0.936,0.872,0.867,0.903,0.908,0.94,0.938,0.901,0.92,1.0,0.971,0.91,0.91,0.907,0.944,0.863,0.884,0.896,0.856,0.916,0.017,0.958,0.892,0.886,0.901,0.925,0.867,0.937,0.859,0.913,0.935,0.858,0.86,0.862,0.922,0.921,0.871,0.897
0.904,0.916,0.879,0.879,0.931,0.917,0.91,0.883,0.902,0.876,0.907,0.869,0.932,0.882,0.873,0.906,0.915,0.944,0.942,0.909,0.919,0.971,1.0,0.906,0.907,0.903,0.936,0.877,0.896,0.894,0.866,0.929,0.018,0.958,0.89,0.883,0.91,0.937,0.878,0.93,0.869,0.919,0.941,0.87,0.873,0.871,0.921,0.922,0.882,0.9
0.898,0.936,0.866,0.864,0.915,0.939,0.891,0.868,0.895,0.877,0.908,0.859,0.919,0.87,0.865,0.894,0.923,0.908,0.906,0.892,0.891,0.91,0.906,1.0,0.942,0.936,0.917,0.861,0.881,0.907,0.862,0.905,0.021,0.907,0.944,0.885,0.893,0.903,0.862,0.922,0.861,0.922,0.91,0.857,0.863,0.856,0.924,0.923,0.87,0.884
0.895,0.939,0.88,0.872,0.916,0.943,0.892,0.877,0.896,0.876,0.885,0.873,0.896,0.877,0.878,0.897,0.933,0.906,0.897,0.893,0.89,0.91,0.907,0.942,1.0,0.94,0.919,0.869,0.897,0.883,0.869,0.912,0.02,0.909,0.925,0.882,0.892,0.908,0.882,0.906,0.871,0.928,0.916,0.869,0.869,0.861,0.924,0.923,0.881,0.895
0.895,0.926,0.866,0.863,0.915,0.924,0.889,0.879,0.887,0.879,0.907,0.866,0.916,0.875,0.871,0.891,0.931,0.905,0.903,0.891,0.9,0.907,0.903,0.936,0.94,1.0,0.917,0.871,0.886,0.893,0.864,0.9,0.021,0.906,0.926,0.88,0.89,0.903,0.866,0.92,0.869,0.92,0.904,0.869,0.867,0.855,0.928,0.927,0.879,0.89
0.902,0.914,0.868,0.874,0.927,0.916,0.893,0.88,0.902,0.873,0.914,0.865,0.935,0.879,0.871,0.894,0.913,0.934,0.935,0.894,0.914,0.944,0.936,0.917,0.919,0.917,1.0,0.875,0.893,0.891,0.864,0.924,0.019,0.931,0.9,0.884,0.894,0.939,0.867,0.934,0.873,0.926,0.956,0.87,0.87,0.869,0.927,0.926,0.876,0.897
0.881,0.884,0.878,0.947,0.876,0.883,0.874,0.973,0.87,0.924,0.849,0.94,0.855,0.948,0.94,0.871,0.877,0.884,0.876,0.876,0.877,0.863,0.877,0.861,0.869,0.871,0.875,1.0,0.891,0.861,0.926,0.883,0.019,0.868,0.853,0.892,0.874,0.89,0.921,0.862,0.945,0.879,0.881,0.988,0.983,0.866,0.873,0.874,0.925,0.887
0.901,0.9,0.875,0.884,0.891,0.9,0.892,0.896,0.897,0.877,0.866,0.882,0.876,0.892,0.879,0.892,0.894,0.899,0.888,0.893,0.884,0.884,0.896,0.881,0.897,0.886,0.893,0.891,1.0,0.892,0.877,0.891,0.021,0.891,0.868,0.88,0.891,0.898,0.883,0.876,0.882,0.888,0.895,0.887,0.885,0.892,0.887,0.887,0.89,0.945
0.912,0.885,0.865,0.856,0.894,0.887,0.881,0.867,0.911,0.877,0.891,0.857,0.908,0.865,0.862,0.884,0.884,0.891,0.882,0.884,0.876,0.896,0.894,0.907,0.883,0.893,0.891,0.861,0.892,1.0,0.855,0.882,0.021,0.883,0.887,0.872,0.883,0.888,0.859,0.903,0.858,0.894,0.887,0.856,0.857,0.864,0.894,0.894,0.871,0.898
0.875,0.879,0.876,0.922,0.87,0.88,0.865,0.928,0.867,0.915,0.844,0.931,0.846,0.919,0.929,0.862,0.876,0.872,0.864,0.867,0.873,0.856,0.866,0.862,0.869,0.864,0.864,0.926,0.877,0.855,1.0,0.881,0.02,0.862,0.847,0.881,0.866,0.882,0.915,0.851,0.954,0.876,0.873,0.93,0.924,0.87,0.872,0.873,0.916,0.871
0.885,0.919,0.884,0.88,0.922,0.918,0.894,0.883,0.884,0.866,0.892,0.885,0.91,0.884,0.897,0.891,0.918,0.928,0.93,0.897,0.927,0.916,0.929,0.905,0.912,0.9,0.924,0.883,0.891,0.882,0.881,1.0,0.017,0.924,0.882,0.873,0.895,0.932,0.886,0.912,0.881,0.91,0.929,0.885,0.891,0.879,0.916,0.917,0.879,0.887
0.021,0.02,0.018,0.02,0.016,0.02,0.018,0.019,0.02,0.018,0.017,0.019,0.017,0.02,0.02,0.017,0.02,0.019,0.018,0.018,0.019,0.017,0.018,0.021,0.02,0.021,0.019,0.019,0.021,0.021,0.02,0.017,1.0,0.017,0.02,0.021,0.018,0.02,0.018,0.019,0.018,0.018,0.019,0.018,0.018,0.018,0.018,0.018,0.02,0.021
0.896,0.913,0.877,0.87,0.922,0.914,0.902,0.877,0.898,0.868,0.904,0.865,0.928,0.873,0.872,0.901,0.919,0.935,0.935,0.903,0.915,0.958,0.958,0.907,0.909,0.906,0.931,0.868,0.891,0.883,0.862,0.924,0.017,1.0,0.889,0.883,0.902,0.927,0.872,0.923,0.866,0.915,0.932,0.862,0.867,0.872,0.922,0.922,0.88,0.9
0.878,0.912,0.846,0.851,0.899,0.927,0.886,0.863,0.878,0.865,0.905,0.845,0.905,0.858,0.85,0.889,0.909,0.895,0.894,0.886,0.884,0.892,0.89,0.944,0.925,0.926,0.9,0.853,0.868,0.887,0.847,0.882,0.02,0.889,1.0,0.875,0.887,0.887,0.862,0.907,0.846,0.914,0.9,0.849,0.852,0.837,0.91,0.909,0.859,0.876
0.882,0.877,0.86,0.905,0.875,0.883,0.881,0.9,0.881,0.904,0.867,0.884,0.875,0.9,0.896,0.882,0.878,0.878,0.879,0.88,0.866,0.886,0.883,0.885,0.882,0.88,0.884,0.892,0.88,0.872,0.881,0.873,0.021,0.883,0.875,1.0,0.881,0.869,0.897,0.875,0.891,0.877,0.877,0.885,0.891,0.851,0.879,0.878,0.904,0.893
0.9,0.902,0.871,0.871,0.899,0.906,0.998,0.881,0.899,0.869,0.867,0.869,0.882,0.878,0.871,0.986,0.895,0.91,0.912,0.997,0.899,0.901,0.91,0.893,0.892,0.89,0.894,0.874,0.891,0.883,0.866,0.895,0.018,0.902,0.887,0.881,1.0,0.895,0.877,0.887,0.865,0.906,0.897,0.869,0.875,0.856,0.9,0.9,0.882,0.898
0.9,0.919,0.888,0.876,0.922,0.921,0.895,0.888,0.894,0.869,0.897,0.877,0.92,0.877,0.887,0.892,0.909,0.932,0.927,0.896,0.918,0.925,0.937,0.903,0.908,0.903,0.939,0.89,0.898,0.888,0.882,0.932,0.02,0.927,0.887,0.869,0.895,1.0,0.884,0.92,0.893,0.918,0.949,0.885,0.882,0.877,0.917,0.918,0.881,0.891
0.881,0.88,0.88,0.921,0.873,0.886,0.877,0.924,0.871,0.915,0.848,0.923,0.855,0.919,0.923,0.874,0.868,0.884,0.876,0.878,0.883,0.867,0.878,0.862,0.882,0.866,0.867,0.921,0.883,0.859,0.915,0.886,0.018,0.872,0.862,0.897,0.877,0.884,1.0,0.863,0.921,0.882,0.878,0.925,0.923,0.871,0.872,0.872,0.918,0.882
0.9,0.902,0.861,0.859,0.926,0.907,0.886,0.873,0.892,0.875,0.926,0.852,0.944,0.862,0.862,0.886,0.902,0.93,0.924,0.887,0.902,0.937,0.93,0.922,0.906,0.92,0.934,0.862,0.876,0.903,0.851,0.912,0.019,0.923,0.907,0.875,0.887,0.92,0.863,1.0,0.858,0.914,0.931,0.854,0.857,0.861,0.922,0.921,0.863,0.889
0.88,0.881,0.876,0.94,0.876,0.878,0.864,0.937,0.867,0.922,0.846,0.937,0.851,0.939,0.942,0.861,0.872,0.874,0.865,0.867,0.869,0.859,0.869,0.861,0.871,0.869,0.873,0.945,0.882,0.858,0.954,0.881,0.018,0.866,0.846,0.891,0.865,0.893,0.921,0.858,1.0,0.881,0.88,0.946,0.942,0.868,0.871,0.872,0.922,0.879
0.899,0.924,0.878,0.877,0.922,0.933,0.905,0.894,0.897,0.873,0.898,0.869,0.906,0.884,0.875,0.902,0.921,0.922,0.915,0.906,0.899,0.913,0.919,0.922,0.928,0.92,0.926,0.879,0.888,0.894,0.876,0.91,0.018,0.915,0.914,0.877,0.906,0.918,0.882,0.914,0.881,1.0,0.928,0.875,0.877,0.871,0.932,0.932,0.88,0.898
0.899,0.917,0.883,0.878,0.927,0.922,0.896,0.89,0.898,0.868,0.904,0.881,0.92,0.88,0.88,0.891,0.915,0.936,0.927,0.898,0.913,0.935,0.941,0.91,0.916,0.904,0.956,0.881,0.895,0.887,0.873,0.929,0.019,0.932,0.9,0.877,0.897,0.949,0.878,0.931,0.88,0.928,1.0,0.876,0.878,0.874,0.925,0.925,0.879,0.895
0.878,0.883,0.885,0.938,0.873,0.879,0.869,0.965,0.866,0.914,0.841,0.944,0.847,0.94,0.939,0.865,0.873,0.88,0.867,0.87,0.882,0.858,0.87,0.857,0.869,0.869,0.87,0.988,0.887,0.856,0.93,0.885,0.018,0.862,0.849,0.885,0.869,0.885,0.925,0.854,0.946,0.875,0.876,1.0,0.986,0.873,0.869,0.87,0.922,0.88
0.882,0.885,0.882,0.939,0.874,0.882,0.875,0.959,0.871,0.917,0.846,0.946,0.848,0.943,0.942,0.871,0.877,0.881,0.873,0.876,0.883,0.86,0.873,0.863,0.869,0.867,0.87,0.983,0.885,0.857,0.924,0.891,0.018,0.867,0.852,0.891,0.875,0.882,0.923,0.857,0.942,0.877,0.878,0.986,1.0,0.874,0.874,0.875,0.918,0.883
0.879,0.873,0.873,0.856,0.863,0.883,0.855,0.864,0.864,0.847,0.841,0.879,0.854,0.869,0.875,0.852,0.864,0.874,0.866,0.858,0.88,0.862,0.871,0.856,0.861,0.855,0.869,0.866,0.892,0.864,0.87,0.879,0.018,0.872,0.837,0.851,0.856,0.877,0.871,0.861,0.868,0.871,0.874,0.873,0.874,1.0,0.87,0.87,0.865,0.897
0.897,0.922,0.87,0.874,0.923,0.931,0.899,0.88,0.901,0.874,0.905,0.868,0.913,0.878,0.877,0.904,0.93,0.918,0.914,0.9,0.903,0.922,0.921,0.924,0.924,0.928,0.927,0.873,0.887,0.894,0.872,0.916,0.018,0.922,0.91,0.879,0.9,0.917,0.872,0.922,0.871,0.932,0.925,0.869,0.874,0.87,1.0,0.999,0.873,0.9
0.896,0.922,0.87,0.875,0.924,0.931,0.899,0.88,0.9,0.873,0.904,0.868,0.912,0.879,0.878,0.904,0.93,0.918,0.914,0.9,0.903,0.921,0.922,0.923,0.923,0.927,0.926,0.874,0.887,0.894,0.873,0.917,0.018,0.922,0.909,0.878,0.9,0.918,0.872,0.921,0.872,0.932,0.925,0.87,0.875,0.87,0.999,1.0,0.873,0.9
0.885,0.885,0.878,0.93,0.884,0.89,0.88,0.928,0.876,0.927,0.858,0.918,0.867,0.925,0.926,0.879,0.881,0.888,0.877,0.883,0.873,0.871,0.882,0.87,0.881,0.879,0.876,0.925,0.89,0.871,0.916,0.879,0.02,0.88,0.859,0.904,0.882,0.881,0.918,0.863,0.922,0.88,0.879,0.922,0.918,0.865,0.873,0.873,1.0,0.892
0.905,0.892,0.877,0.882,0.893,0.896,0.898,0.887,0.895,0.88,0.871,0.877,0.884,0.891,0.882,0.9,0.887,0.897,0.887,0.899,0.884,0.897,0.9,0.884,0.895,0.89,0.897,0.887,0.945,0.898,0.871,0.887,0.021,0.9,0.876,0.893,0.898,0.891,0.882,0.889,0.879,0.898,0.895,0.88,0.883,0.897,0.9,0.9,0.892,1.0
