GCF_000163235.1_ASM16323v1_genomic.fna,GCF_000164555.1_ASM16455v1_genomic.fna,GCF_000208545.1_ASM20854v2_genomic.fna,GCF_000233875.1_ASM23387v1_genomic.fna,GCF_000249735.1_ASM24973v2_genomic.fna,GCF_000261145.1_Esch_coli_M919_V2_genomic.fna,GCF_000267705.2_ASM26770v2_genomic.fna,GCF_000350665.1_Esch_coli_KTE5_V1_genomic.fna,GCF_000351625.1_Esch_coli_KTE66_V1_genomic.fna,GCF_000352285.1_Esch_coli_KTE46_V1_genomic.fna,GCF_000358895.1_ASM35889v1_genomic.fna,GCF_000456385.1_Esch_coli_HVH_26_4-5703913_V1_genomic.fna,GCF_000458195.1_Esch_coli_HVH_147_4-5893887_V1_genomic.fna,GCF_000459755.1_Esch_coli_KOEGE_58_171a_V1_genomic.fna,GCF_000460055.1_Esch_coli_UMEA_3053-1_V1_genomic.fna,GCF_000462165.2_ASM46216v2_genomic.fna,GCF_000601135.1_ASM60113v1_genomic.fna,GCF_000614595.1_Ec2010EL1058_genomic.fna,GCF_000617745.1_Ec2010C-4529_genomic.fna,GCF_000618265.2_EcF6751_genomic.fna,GCF_000619005.2_Ec2009C-4052_genomic.fna,GCF_000619105.1_Ec2009C-4780_genomic.fna,GCF_000619765.2_Ec2009C-3279_genomic.fna,GCF_000687005.1_ASM68700v1_genomic.fna,GCF_000687025.1_ASM68702v1_genomic.fna,GCF_000700125.1_ASM70012v1_genomic.fna,GCF_000753315.1_FHI35_genomic.fna,GCF_000776375.1_ASM77637v1_genomic.fna,GCF_000779395.1_ASM77939v1_genomic.fna,GCF_000780315.1_ASM78031v1_genomic.fna,GCF_000781995.1_ASM78199v1_genomic.fna,GCF_000986765.1_ASM98676v1_genomic.fna,GCF_001041375.1_ViralProj287958_genomic.fna,GCF_001265335.1_302014_genomic.fna,GCF_001265625.1_100854_genomic.fna,GCF_001267345.1_303289_genomic.fna,GCF_001309985.1_ASM130998v1_genomic.fna,GCF_001521695.1_ASM152169v1_genomic.fna,GCF_001592595.1_ASM159259v1_genomic.fna,GCF_001614975.1_ASM161497v1_genomic.fna,GCF_001692775.1_ASM169277v1_genomic.fna,GCF_001748915.1_ASM174891v1_genomic.fna,GCF_001749235.1_ASM174923v1_genomic.fna,GCF_001881155.1_ASM188115v1_genomic.fna,GCF_001881345.1_ASM188134v1_genomic.fna,GCF_001892405.1_ASM189240v1_genomic.fna,GCF_001892585.1_ASM189258v1_genomic.fna,GCF_001893985.1_ASM189398v1_genomic.fna,GCF_002001595.1_ASM200159v1_genomic.fna,GCF_002002145.1_ASM200214v1_genomic.fna
1.0,0.494,0.388,0.447,0.484,0.484,0.476,0.437,0.599,0.455,0.489,0.444,0.504,0.431,0.415,0.488,0.485,0.492,0.483,0.474,0.466,0.476,0.482,0.497,0.482,0.479,0.479,0.453,0.549,0.594,0.41,0.467,0.0,0.482,0.469,0.452,0.477,0.487,0.419,0.486,0.417,0.464,0.487,0.434,0.441,0.469,0.46,0.46,0.415,0.538
0.494,1.0,0.359,0.422,0.633,0.788,0.536,0.446,0.485,0.437,0.595,0.445,0.608,0.431,0.423,0.546,0.711,0.619,0.611,0.534,0.594,0.598,0.601,0.788,0.802,0.721,0.607,0.439,0.483,0.454,0.408,0.616,0.0,0.594,0.751,0.438,0.537,0.627,0.423,0.618,0.415,0.684,0.62,0.46,0.448,0.436,0.684,0.685,0.454,0.477
0.388,0.359,1.0,0.308,0.344,0.348,0.32,0.323,0.369,0.321,0.332,0.323,0.347,0.325,0.318,0.332,0.341,0.344,0.335,0.32,0.329,0.339,0.336,0.346,0.35,0.346,0.34,0.324,0.368,0.368,0.304,0.337,0.0,0.347,0.317,0.331,0.321,0.336,0.322,0.343,0.314,0.344,0.352,0.327,0.319,0.333,0.338,0.338,0.324,0.38
0.447,0.422,0.308,1.0,0.415,0.404,0.403,0.697,0.44,0.718,0.415,0.733,0.422,0.758,0.757,0.41,0.424,0.405,0.416,0.401,0.397,0.403,0.403,0.417,0.412,0.41,0.409,0.754,0.453,0.437,0.719,0.41,0.0,0.4,0.398,0.63,0.403,0.42,0.685,0.417,0.731,0.403,0.409,0.731,0.724,0.432,0.402,0.402,0.641,0.45
0.484,0.633,0.344,0.415,1.0,0.638,0.524,0.431,0.485,0.433,0.774,0.432,0.71,0.428,0.423,0.538,0.645,0.665,0.673,0.524,0.665,0.676,0.673,0.629,0.64,0.653,0.693,0.428,0.465,0.462,0.41,0.676,0.0,0.681,0.607,0.43,0.523,0.707,0.419,0.705,0.416,0.635,0.714,0.42,0.426,0.407,0.651,0.654,0.429,0.456
0.484,0.788,0.348,0.404,0.638,1.0,0.559,0.441,0.487,0.413,0.605,0.413,0.609,0.421,0.409,0.562,0.71,0.631,0.617,0.556,0.598,0.611,0.62,0.775,0.803,0.703,0.611,0.428,0.48,0.446,0.391,0.631,0.0,0.612,0.756,0.444,0.558,0.623,0.433,0.626,0.398,0.687,0.627,0.432,0.431,0.424,0.697,0.698,0.423,0.48
0.476,0.536,0.32,0.403,0.524,0.559,1.0,0.418,0.48,0.401,0.516,0.401,0.528,0.409,0.407,0.959,0.529,0.557,0.56,0.985,0.548,0.553,0.569,0.536,0.544,0.532,0.517,0.409,0.452,0.451,0.393,0.538,0.0,0.529,0.526,0.431,0.988,0.514,0.42,0.519,0.39,0.532,0.526,0.416,0.415,0.427,0.519,0.52,0.413,0.457
0.437,0.446,0.323,0.697,0.431,0.441,0.418,1.0,0.443,0.692,0.404,0.699,0.434,0.709,0.7,0.425,0.432,0.419,0.426,0.417,0.409,0.417,0.423,0.432,0.43,0.424,0.416,0.881,0.454,0.424,0.694,0.429,0.0,0.42,0.401,0.632,0.418,0.443,0.664,0.432,0.701,0.415,0.429,0.895,0.882,0.445,0.419,0.419,0.656,0.459
0.599,0.485,0.369,0.44,0.485,0.487,0.48,0.443,1.0,0.447,0.485,0.451,0.496,0.448,0.441,0.489,0.486,0.479,0.47,0.479,0.461,0.472,0.472,0.485,0.483,0.479,0.474,0.445,0.526,0.599,0.42,0.473,0.0,0.472,0.46,0.455,0.481,0.471,0.426,0.501,0.419,0.472,0.495,0.441,0.436,0.472,0.465,0.466,0.431,0.531
0.455,0.437,0.321,0.718,0.433,0.413,0.401,0.692,0.447,1.0,0.446,0.708,0.436,0.717,0.694,0.41,0.429,0.4,0.404,0.398,0.387,0.402,0.402,0.435,0.417,0.423,0.412,0.724,0.458,0.439,0.727,0.409,0.0,0.412,0.416,0.622,0.401,0.429,0.683,0.417,0.723,0.401,0.419,0.698,0.7,0.428,0.411,0.411,0.648,0.447
0.489,0.595,0.332,0.415,0.774,0.605,0.516,0.404,0.485,0.446,1.0,0.41,0.74,0.411,0.397,0.529,0.623,0.671,0.674,0.514,0.665,0.688,0.678,0.649,0.602,0.625,0.705,0.421,0.467,0.474,0.39,0.666,0.0,0.678,0.647,0.428,0.516,0.694,0.419,0.715,0.389,0.618,0.708,0.403,0.404,0.394,0.61,0.611,0.404,0.451
0.444,0.445,0.323,0.733,0.432,0.413,0.401,0.699,0.451,0.708,0.41,1.0,0.431,0.754,0.86,0.411,0.422,0.405,0.412,0.4,0.406,0.407,0.405,0.417,0.423,0.417,0.414,0.727,0.459,0.436,0.691,0.415,0.0,0.412,0.398,0.627,0.402,0.434,0.695,0.431,0.708,0.404,0.433,0.72,0.714,0.445,0.416,0.415,0.651,0.463
0.504,0.608,0.347,0.422,0.71,0.609,0.528,0.434,0.496,0.436,0.74,0.431,1.0,0.418,0.412,0.537,0.633,0.712,0.728,0.526,0.725,0.779,0.772,0.621,0.605,0.631,0.766,0.441,0.479,0.49,0.416,0.715,0.0,0.771,0.6,0.43,0.528,0.755,0.429,0.762,0.417,0.621,0.762,0.422,0.421,0.411,0.616,0.616,0.422,0.463
0.431,0.431,0.325,0.758,0.428,0.421,0.409,0.709,0.448,0.717,0.411,0.754,0.418,1.0,0.77,0.419,0.417,0.415,0.421,0.409,0.405,0.41,0.41,0.407,0.419,0.419,0.403,0.738,0.452,0.434,0.716,0.416,0.0,0.41,0.393,0.639,0.41,0.422,0.689,0.412,0.739,0.414,0.411,0.739,0.733,0.442,0.409,0.41,0.675,0.465
0.415,0.423,0.318,0.757,0.423,0.409,0.407,0.7,0.441,0.694,0.397,0.86,0.412,0.77,1.0,0.413,0.414,0.403,0.405,0.406,0.4,0.403,0.41,0.401,0.402,0.409,0.403,0.715,0.442,0.418,0.71,0.416,0.0,0.401,0.383,0.625,0.406,0.413,0.691,0.408,0.73,0.403,0.408,0.721,0.72,0.437,0.411,0.411,0.667,0.463
0.488,0.546,0.332,0.41,0.538,0.562,0.959,0.425,0.489,0.41,0.529,0.411,0.537,0.419,0.413,1.0,0.537,0.557,0.563,0.958,0.543,0.561,0.566,0.543,0.546,0.539,0.521,0.416,0.461,0.463,0.404,0.533,0.0,0.532,0.531,0.438,0.957,0.522,0.427,0.523,0.402,0.54,0.532,0.422,0.426,0.425,0.529,0.53,0.424,0.465
0.485,0.711,0.341,0.424,0.645,0.71,0.529,0.432,0.486,0.429,0.623,0.422,0.633,0.417,0.414,0.537,1.0,0.616,0.615,0.525,0.596,0.617,0.611,0.737,0.735,0.743,0.613,0.437,0.485,0.461,0.397,0.639,0.0,0.62,0.696,0.441,0.525,0.616,0.428,0.628,0.401,0.657,0.626,0.429,0.433,0.4,0.667,0.67,0.413,0.46
0.492,0.619,0.344,0.405,0.665,0.631,0.557,0.419,0.479,0.4,0.671,0.405,0.712,0.415,0.403,0.557,0.616,1.0,0.759,0.552,0.721,0.738,0.732,0.607,0.607,0.626,0.712,0.417,0.46,0.478,0.395,0.695,0.0,0.687,0.589,0.431,0.554,0.684,0.413,0.712,0.397,0.631,0.703,0.417,0.42,0.422,0.618,0.619,0.4,0.461
0.483,0.611,0.335,0.416,0.673,0.617,0.56,0.426,0.47,0.404,0.674,0.412,0.728,0.421,0.405,0.563,0.615,0.759,1.0,0.557,0.735,0.762,0.745,0.597,0.608,0.62,0.719,0.417,0.455,0.467,0.395,0.708,0.0,0.715,0.587,0.425,0.559,0.699,0.418,0.729,0.397,0.617,0.718,0.421,0.417,0.413,0.598,0.599,0.405,0.462
0.474,0.534,0.32,0.401,0.524,0.556,0.985,0.417,0.479,0.398,0.514,0.4,0.526,0.409,0.406,0.958,0.525,0.552,0.557,1.0,0.545,0.548,0.564,0.533,0.542,0.529,0.515,0.409,0.451,0.45,0.393,0.537,0.0,0.525,0.52,0.43,0.986,0.512,0.415,0.518,0.39,0.532,0.525,0.413,0.414,0.426,0.519,0.52,0.413,0.457
0.466,0.594,0.329,0.397,0.665,0.598,0.548,0.409,0.461,0.387,0.665,0.406,0.725,0.405,0.4,0.543,0.596,0.721,0.735,0.545,1.0,0.738,0.754,0.583,0.583,0.612,0.71,0.407,0.439,0.452,0.382,0.72,0.0,0.721,0.56,0.423,0.545,0.688,0.406,0.718,0.389,0.602,0.7,0.415,0.417,0.417,0.604,0.605,0.398,0.45
0.476,0.598,0.339,0.403,0.676,0.611,0.553,0.417,0.472,0.402,0.688,0.407,0.779,0.41,0.403,0.561,0.617,0.738,0.762,0.548,0.738,1.0,0.917,0.594,0.602,0.616,0.737,0.416,0.452,0.46,0.394,0.714,0.0,0.871,0.573,0.421,0.553,0.71,0.41,0.745,0.396,0.611,0.728,0.417,0.415,0.405,0.603,0.604,0.402,0.453
0.482,0.601,0.336,0.403,0.673,0.62,0.569,0.423,0.472,0.402,0.678,0.405,0.772,0.41,0.41,0.566,0.611,0.732,0.745,0.564,0.754,0.917,1.0,0.59,0.603,0.615,0.732,0.414,0.459,0.456,0.394,0.728,0.0,0.856,0.568,0.429,0.566,0.7,0.409,0.731,0.4,0.608,0.719,0.421,0.423,0.407,0.597,0.598,0.405,0.453
0.497,0.788,0.346,0.417,0.629,0.775,0.536,0.432,0.485,0.435,0.649,0.417,0.621,0.407,0.401,0.543,0.737,0.607,0.597,0.533,0.583,0.594,0.59,1.0,0.804,0.723,0.61,0.428,0.49,0.471,0.393,0.603,0.0,0.593,0.813,0.434,0.535,0.611,0.417,0.613,0.397,0.671,0.622,0.416,0.417,0.412,0.671,0.673,0.41,0.47
0.482,0.802,0.35,0.412,0.64,0.803,0.544,0.43,0.483,0.417,0.602,0.423,0.605,0.419,0.402,0.546,0.735,0.607,0.608,0.542,0.583,0.602,0.603,0.804,1.0,0.75,0.615,0.431,0.473,0.452,0.395,0.617,0.0,0.598,0.776,0.437,0.542,0.623,0.429,0.62,0.398,0.676,0.627,0.442,0.429,0.422,0.691,0.692,0.433,0.458
0.479,0.721,0.346,0.41,0.653,0.703,0.532,0.424,0.479,0.423,0.625,0.417,0.631,0.419,0.409,0.539,0.743,0.626,0.62,0.529,0.612,0.616,0.615,0.723,0.75,1.0,0.618,0.429,0.473,0.453,0.404,0.617,0.0,0.619,0.694,0.44,0.528,0.623,0.422,0.641,0.405,0.675,0.629,0.438,0.429,0.411,0.697,0.7,0.436,0.462
0.479,0.607,0.34,0.409,0.693,0.611,0.517,0.416,0.474,0.412,0.705,0.414,0.766,0.403,0.403,0.521,0.613,0.712,0.719,0.515,0.71,0.737,0.732,0.61,0.615,0.618,1.0,0.423,0.46,0.47,0.394,0.716,0.0,0.722,0.589,0.423,0.517,0.812,0.417,0.773,0.394,0.616,0.822,0.419,0.413,0.41,0.603,0.604,0.407,0.444
0.453,0.439,0.324,0.754,0.428,0.428,0.409,0.881,0.445,0.724,0.421,0.727,0.441,0.738,0.715,0.416,0.437,0.417,0.417,0.409,0.407,0.416,0.414,0.428,0.431,0.429,0.423,1.0,0.468,0.438,0.71,0.42,0.0,0.421,0.408,0.64,0.41,0.449,0.681,0.433,0.725,0.413,0.428,0.945,0.929,0.437,0.422,0.422,0.659,0.455
0.549,0.483,0.368,0.453,0.465,0.48,0.452,0.454,0.526,0.458,0.467,0.459,0.479,0.452,0.442,0.461,0.485,0.46,0.455,0.451,0.439,0.452,0.459,0.49,0.473,0.473,0.46,0.468,1.0,0.505,0.43,0.455,0.0,0.454,0.467,0.451,0.452,0.463,0.446,0.469,0.431,0.455,0.465,0.45,0.453,0.553,0.452,0.451,0.43,0.824
0.594,0.454,0.368,0.437,0.462,0.446,0.451,0.424,0.599,0.439,0.474,0.436,0.49,0.434,0.418,0.463,0.461,0.478,0.467,0.45,0.452,0.46,0.456,0.471,0.452,0.453,0.47,0.438,0.505,1.0,0.414,0.447,0.0,0.453,0.448,0.438,0.451,0.464,0.421,0.491,0.415,0.452,0.478,0.419,0.416,0.468,0.44,0.441,0.405,0.511
0.41,0.408,0.304,0.719,0.41,0.391,0.393,0.694,0.42,0.727,0.39,0.691,0.416,0.716,0.71,0.404,0.397,0.395,0.395,0.393,0.382,0.394,0.394,0.393,0.395,0.404,0.394,0.71,0.43,0.414,1.0,0.397,0.0,0.393,0.374,0.623,0.393,0.411,0.666,0.402,0.896,0.396,0.402,0.697,0.694,0.421,0.391,0.391,0.636,0.432
0.467,0.616,0.337,0.41,0.676,0.631,0.538,0.429,0.473,0.409,0.666,0.415,0.715,0.416,0.416,0.533,0.639,0.695,0.708,0.537,0.72,0.714,0.728,0.603,0.617,0.617,0.716,0.42,0.455,0.447,0.397,1.0,0.0,0.699,0.578,0.421,0.534,0.714,0.418,0.727,0.399,0.617,0.722,0.429,0.429,0.415,0.61,0.611,0.413,0.453
0.0,0.0,0.0,0.0,0.0,0.0,0.0,0.0,0.0,0.0,0.0,0.0,0.0,0.0,0.0,0.0,0.0,0.0,0.0,0.0,0.0,0.0,0.0,0.0,0.0,0.0,0.0,0.0,0.0,0.0,0.0,0.0,1.0,0.0,0.0,0.0,0.0,0.0,0.0,0.0,0.0,0.0,0.0,0.0,0.0,0.0,0.0,0.0,0.0,0.0
0.482,0.594,0.347,0.4,0.681,0.612,0.529,0.42,0.472,0.412,0.678,0.412,0.771,0.41,0.401,0.532,0.62,0.687,0.715,0.525,0.721,0.871,0.856,0.593,0.598,0.619,0.722,0.421,0.454,0.453,0.393,0.699,0.0,1.0,0.577,0.441,0.526,0.714,0.424,0.732,0.397,0.608,0.73,0.417,0.418,0.401,0.603,0.603,0.405,0.45
0.469,0.751,0.317,0.398,0.607,0.756,0.526,0.401,0.46,0.416,0.647,0.398,0.6,0.393,0.383,0.531,0.696,0.589,0.587,0.52,0.56,0.573,0.568,0.813,0.776,0.694,0.589,0.408,0.467,0.448,0.374,0.578,0.0,0.577,1.0,0.417,0.522,0.596,0.404,0.6,0.377,0.645,0.602,0.392,0.393,0.394,0.658,0.657,0.393,0.442
0.452,0.438,0.331,0.63,0.43,0.444,0.431,0.632,0.455,0.622,0.428,0.627,0.43,0.639,0.625,0.438,0.441,0.431,0.425,0.43,0.423,0.421,0.429,0.434,0.437,0.44,0.423,0.64,0.451,0.438,0.623,0.421,0.0,0.441,0.417,1.0,0.431,0.422,0.655,0.431,0.624,0.422,0.433,0.636,0.639,0.442,0.429,0.429,0.605,0.456
0.477,0.537,0.321,0.403,0.523,0.558,0.988,0.418,0.481,0.401,0.516,0.402,0.528,0.41,0.406,0.957,0.525,0.554,0.559,0.986,0.545,0.553,0.566,0.535,0.542,0.528,0.517,0.41,0.452,0.451,0.393,0.534,0.0,0.526,0.522,0.431,1.0,0.512,0.418,0.52,0.391,0.531,0.524,0.415,0.415,0.426,0.519,0.52,0.413,0.456
0.487,0.627,0.336,0.42,0.707,0.623,0.514,0.443,0.471,0.429,0.694,0.434,0.755,0.422,0.413,0.522,0.616,0.684,0.699,0.512,0.688,0.71,0.7,0.611,0.623,0.623,0.812,0.449,0.463,0.464,0.411,0.714,0.0,0.714,0.596,0.422,0.512,1.0,0.422,0.75,0.412,0.622,0.854,0.436,0.426,0.41,0.631,0.63,0.417,0.447
0.419,0.423,0.322,0.685,0.419,0.433,0.42,0.664,0.426,0.683,0.419,0.695,0.429,0.689,0.691,0.427,0.428,0.413,0.418,0.415,0.406,0.41,0.409,0.417,0.429,0.422,0.417,0.681,0.446,0.421,0.666,0.418,0.0,0.424,0.404,0.655,0.418,0.422,1.0,0.42,0.658,0.416,0.428,0.668,0.67,0.427,0.411,0.41,0.632,0.441
0.486,0.618,0.343,0.417,0.705,0.626,0.519,0.432,0.501,0.417,0.715,0.431,0.762,0.412,0.408,0.523,0.628,0.712,0.729,0.518,0.718,0.745,0.731,0.613,0.62,0.641,0.773,0.433,0.469,0.491,0.402,0.727,0.0,0.732,0.6,0.431,0.52,0.75,0.42,1.0,0.395,0.633,0.774,0.42,0.42,0.429,0.641,0.639,0.407,0.473
0.417,0.415,0.314,0.731,0.416,0.398,0.39,0.701,0.419,0.723,0.389,0.708,0.417,0.739,0.73,0.402,0.401,0.397,0.397,0.39,0.389,0.396,0.4,0.397,0.398,0.405,0.394,0.725,0.431,0.415,0.896,0.399,0.0,0.397,0.377,0.624,0.391,0.412,0.658,0.395,1.0,0.401,0.403,0.718,0.715,0.427,0.393,0.393,0.64,0.437
0.464,0.684,0.344,0.403,0.635,0.687,0.532,0.415,0.472,0.401,0.618,0.404,0.621,0.414,0.403,0.54,0.657,0.631,0.617,0.532,0.602,0.611,0.608,0.671,0.676,0.675,0.616,0.413,0.455,0.452,0.396,0.617,0.0,0.608,0.645,0.422,0.531,0.622,0.416,0.633,0.401,1.0,0.647,0.414,0.414,0.414,0.701,0.703,0.41,0.458
0.487,0.62,0.352,0.409,0.714,0.627,0.526,0.429,0.495,0.419,0.708,0.433,0.762,0.411,0.408,0.532,0.626,0.703,0.718,0.525,0.7,0.728,0.719,0.622,0.627,0.629,0.822,0.428,0.465,0.478,0.402,0.722,0.0,0.73,0.602,0.433,0.524,0.854,0.428,0.774,0.403,0.647,1.0,0.419,0.415,0.417,0.627,0.628,0.41,0.456
0.434,0.46,0.327,0.731,0.42,0.432,0.416,0.895,0.441,0.698,0.403,0.72,0.422,0.739,0.721,0.422,0.429,0.417,0.421,0.413,0.415,0.417,0.421,0.416,0.442,0.438,0.419,0.945,0.45,0.419,0.697,0.429,0.0,0.417,0.392,0.636,0.415,0.436,0.668,0.42,0.718,0.414,0.419,1.0,0.958,0.452,0.424,0.425,0.683,0.455
0.441,0.448,0.319,0.724,0.426,0.431,0.415,0.882,0.436,0.7,0.404,0.714,0.421,0.733,0.72,0.426,0.433,0.42,0.417,0.414,0.417,0.415,0.423,0.417,0.429,0.429,0.413,0.929,0.453,0.416,0.694,0.429,0.0,0.418,0.393,0.639,0.415,0.426,0.67,0.42,0.715,0.414,0.415,0.958,1.0,0.443,0.422,0.423,0.672,0.45
0.469,0.436,0.333,0.432,0.407,0.424,0.427,0.445,0.472,0.428,0.394,0.445,0.411,0.442,0.437,0.425,0.4,0.422,0.413,0.426,0.417,0.405,0.407,0.412,0.422,0.411,0.41,0.437,0.553,0.468,0.421,0.415,0.0,0.401,0.394,0.442,0.426,0.41,0.427,0.429,0.427,0.414,0.417,0.452,0.443,1.0,0.438,0.438,0.424,0.62
0.46,0.684,0.338,0.402,0.651,0.697,0.519,0.419,0.465,0.411,0.61,0.416,0.616,0.409,0.411,0.529,0.667,0.618,0.598,0.519,0.604,0.603,0.597,0.671,0.691,0.697,0.603,0.422,0.452,0.44,0.391,0.61,0.0,0.603,0.658,0.429,0.519,0.631,0.411,0.641,0.393,0.701,0.627,0.424,0.422,0.438,1.0,0.995,0.409,0.468
0.46,0.685,0.338,0.402,0.654,0.698,0.52,0.419,0.466,0.411,0.611,0.415,0.616,0.41,0.411,0.53,0.67,0.619,0.599,0.52,0.605,0.604,0.598,0.673,0.692,0.7,0.604,0.422,0.451,0.441,0.391,0.611,0.0,0.603,0.657,0.429,0.52,0.63,0.41,0.639,0.393,0.703,0.628,0.425,0.423,0.438,0.995,1.0,0.411,0.468
0.415,0.454,0.324,0.641,0.429,0.423,0.413,0.656,0.431,0.648,0.404,0.651,0.422,0.675,0.667,0.424,0.413,0.4,0.405,0.413,0.398,0.402,0.405,0.41,0.433,0.436,0.407,0.659,0.43,0.405,0.636,0.413,0.0,0.405,0.393,0.605,0.413,0.417,0.632,0.407,0.64,0.41,0.41,0.683,0.672,0.424,0.409,0.411,1.0,0.442
0.538,0.477,0.38,0.45,0.456,0.48,0.457,0.459,0.531,0.447,0.451,0.463,0.463,0.465,0.463,0.465,0.46,0.461,0.462,0.457,0.45,0.453,0.453,0.47,0.458,0.462,0.444,0.455,0.824,0.511,0.432,0.453,0.0,0.45,0.442,0.456,0.456,0.447,0.441,0.473,0.437,0.458,0.456,0.455,0.45,0.62,0.468,0.468,0.442,1.0
