GCF_000163235.1_ASM16323v1_genomic.fna,GCF_000164555.1_ASM16455v1_genomic.fna,GCF_000208545.1_ASM20854v2_genomic.fna,GCF_000233875.1_ASM23387v1_genomic.fna,GCF_000249735.1_ASM24973v2_genomic.fna,GCF_000261145.1_Esch_coli_M919_V2_genomic.fna,GCF_000267705.2_ASM26770v2_genomic.fna,GCF_000350665.1_Esch_coli_KTE5_V1_genomic.fna,GCF_000351625.1_Esch_coli_KTE66_V1_genomic.fna,GCF_000352285.1_Esch_coli_KTE46_V1_genomic.fna,GCF_000358895.1_ASM35889v1_genomic.fna,GCF_000456385.1_Esch_coli_HVH_26_4-5703913_V1_genomic.fna,GCF_000458195.1_Esch_coli_HVH_147_4-5893887_V1_genomic.fna,GCF_000459755.1_Esch_coli_KOEGE_58_171a_V1_genomic.fna,GCF_000460055.1_Esch_coli_UMEA_3053-1_V1_genomic.fna,GCF_000462165.2_ASM46216v2_genomic.fna,GCF_000601135.1_ASM60113v1_genomic.fna,GCF_000614595.1_Ec2010EL1058_genomic.fna,GCF_000617745.1_Ec2010C-4529_genomic.fna,GCF_000618265.2_EcF6751_genomic.fna,GCF_000619005.2_Ec2009C-4052_genomic.fna,GCF_000619105.1_Ec2009C-4780_genomic.fna,GCF_000619765.2_Ec2009C-3279_genomic.fna,GCF_000687005.1_ASM68700v1_genomic.fna,GCF_000687025.1_ASM68702v1_genomic.fna,GCF_000700125.1_ASM70012v1_genomic.fna,GCF_000753315.1_FHI35_genomic.fna,GCF_000776375.1_ASM77637v1_genomic.fna,GCF_000779395.1_ASM77939v1_genomic.fna,GCF_000780315.1_ASM78031v1_genomic.fna,GCF_000781995.1_ASM78199v1_genomic.fna,GCF_000986765.1_ASM98676v1_genomic.fna,GCF_001041375.1_ViralProj287958_genomic.fna,GCF_001265335.1_302014_genomic.fna,GCF_001265625.1_100854_genomic.fna,GCF_001267345.1_303289_genomic.fna,GCF_001309985.1_ASM130998v1_genomic.fna,GCF_001521695.1_ASM152169v1_genomic.fna,GCF_001592595.1_ASM159259v1_genomic.fna,GCF_001614975.1_ASM161497v1_genomic.fna,GCF_001692775.1_ASM169277v1_genomic.fna,GCF_001748915.1_ASM174891v1_genomic.fna,GCF_001749235.1_ASM174923v1_genomic.fna,GCF_001881155.1_ASM188115v1_genomic.fna,GCF_001881345.1_ASM188134v1_genomic.fna,GCF_001892405.1_ASM189240v1_genomic.fna,GCF_001892585.1_ASM189258v1_genomic.fna,GCF_001893985.1_ASM189398v1_genomic.fna,GCF_002001595.1_ASM200159v1_genomic.fna,GCF_002002145.1_ASM200214v1_genomic.fna
1.0,0.48,0.395,0.429,0.481,0.475,0.454,0.455,0.606,0.454,0.464,0.442,0.485,0.447,0.426,0.46,0.462,0.457,0.465,0.451,0.438,0.47,0.476,0.479,0.46,0.462,0.462,0.453,0.517,0.584,0.416,0.461,0.0,0.468,0.439,0.426,0.453,0.481,0.422,0.476,0.423,0.45,0.47,0.441,0.449,0.437,0.45,0.449,0.427,0.507
0.48,1.0,0.364,0.436,0.624,0.78,0.533,0.442,0.469,0.442,0.562,0.461,0.594,0.423,0.428,0.53,0.688,0.584,0.576,0.532,0.577,0.581,0.593,0.777,0.786,0.689,0.582,0.431,0.475,0.455,0.427,0.607,0.0,0.589,0.727,0.413,0.531,0.618,0.423,0.603,0.425,0.664,0.576,0.443,0.446,0.408,0.679,0.68,0.437,0.464
0.395,0.364,1.0,0.338,0.347,0.349,0.34,0.342,0.374,0.331,0.324,0.342,0.349,0.331,0.339,0.34,0.332,0.33,0.333,0.34,0.336,0.324,0.336,0.351,0.341,0.344,0.338,0.329,0.394,0.384,0.328,0.341,0.0,0.338,0.323,0.336,0.339,0.353,0.332,0.347,0.33,0.337,0.348,0.341,0.334,0.357,0.351,0.351,0.349,0.394
0.429,0.436,0.338,1.0,0.44,0.44,0.409,0.729,0.435,0.719,0.407,0.729,0.431,0.781,0.761,0.41,0.419,0.407,0.409,0.406,0.401,0.42,0.434,0.423,0.437,0.425,0.42,0.76,0.483,0.434,0.722,0.431,0.0,0.416,0.388,0.614,0.407,0.431,0.692,0.421,0.751,0.427,0.414,0.752,0.746,0.419,0.414,0.413,0.687,0.482
0.481,0.624,0.347,0.44,1.0,0.649,0.542,0.452,0.476,0.445,0.743,0.451,0.717,0.447,0.447,0.546,0.626,0.654,0.657,0.541,0.658,0.671,0.691,0.623,0.616,0.619,0.69,0.44,0.474,0.466,0.427,0.679,0.0,0.685,0.589,0.411,0.541,0.714,0.437,0.706,0.429,0.635,0.705,0.437,0.439,0.41,0.638,0.638,0.43,0.462
0.475,0.78,0.349,0.44,0.649,1.0,0.553,0.456,0.482,0.451,0.605,0.438,0.631,0.446,0.434,0.558,0.717,0.631,0.621,0.549,0.586,0.618,0.616,0.803,0.824,0.695,0.606,0.453,0.488,0.485,0.422,0.611,0.0,0.616,0.765,0.418,0.551,0.62,0.442,0.639,0.425,0.681,0.616,0.44,0.443,0.415,0.685,0.685,0.443,0.479
0.454,0.533,0.34,0.409,0.542,0.553,1.0,0.408,0.47,0.403,0.512,0.406,0.532,0.414,0.401,0.956,0.53,0.549,0.531,0.984,0.545,0.551,0.572,0.536,0.527,0.52,0.527,0.401,0.439,0.458,0.394,0.534,0.0,0.543,0.516,0.417,0.986,0.512,0.408,0.534,0.398,0.526,0.518,0.404,0.405,0.399,0.516,0.515,0.401,0.449
0.455,0.442,0.342,0.729,0.452,0.456,0.408,1.0,0.444,0.713,0.411,0.712,0.454,0.718,0.706,0.408,0.436,0.423,0.425,0.405,0.404,0.435,0.45,0.452,0.438,0.436,0.438,0.905,0.503,0.452,0.704,0.443,0.0,0.444,0.405,0.599,0.405,0.469,0.684,0.443,0.711,0.44,0.433,0.904,0.888,0.438,0.432,0.431,0.673,0.488
0.606,0.469,0.374,0.435,0.476,0.482,0.47,0.444,1.0,0.437,0.45,0.433,0.472,0.444,0.435,0.467,0.453,0.449,0.456,0.468,0.444,0.466,0.474,0.466,0.454,0.45,0.47,0.431,0.506,0.613,0.424,0.453,0.0,0.472,0.444,0.438,0.469,0.466,0.428,0.478,0.427,0.464,0.473,0.435,0.434,0.438,0.465,0.464,0.423,0.522
0.454,0.442,0.331,0.719,0.445,0.451,0.403,0.713,0.437,1.0,0.436,0.673,0.446,0.731,0.684,0.41,0.428,0.422,0.411,0.4,0.387,0.433,0.424,0.432,0.437,0.438,0.43,0.731,0.502,0.444,0.729,0.414,0.0,0.416,0.408,0.622,0.401,0.433,0.686,0.435,0.738,0.422,0.426,0.713,0.715,0.426,0.416,0.415,0.672,0.477
0.464,0.562,0.324,0.407,0.743,0.605,0.512,0.411,0.45,0.436,1.0,0.407,0.715,0.417,0.407,0.523,0.592,0.661,0.665,0.509,0.627,0.682,0.653,0.61,0.579,0.604,0.665,0.412,0.437,0.46,0.393,0.626,0.0,0.636,0.615,0.397,0.509,0.649,0.409,0.691,0.397,0.6,0.672,0.398,0.397,0.381,0.577,0.577,0.405,0.432
0.442,0.461,0.342,0.729,0.451,0.438,0.406,0.712,0.433,0.673,0.407,1.0,0.431,0.727,0.859,0.406,0.423,0.4,0.402,0.404,0.403,0.416,0.433,0.428,0.426,0.43,0.416,0.721,0.497,0.434,0.675,0.434,0.0,0.423,0.394,0.613,0.402,0.45,0.68,0.428,0.703,0.423,0.42,0.724,0.727,0.431,0.425,0.424,0.642,0.471
0.485,0.594,0.349,0.431,0.717,0.631,0.532,0.454,0.472,0.446,0.715,0.431,1.0,0.429,0.427,0.539,0.627,0.725,0.722,0.53,0.716,0.8,0.791,0.635,0.604,0.624,0.766,0.447,0.472,0.483,0.415,0.725,0.0,0.773,0.595,0.41,0.53,0.737,0.437,0.779,0.423,0.638,0.752,0.435,0.434,0.411,0.628,0.628,0.428,0.465
0.447,0.423,0.331,0.781,0.447,0.446,0.414,0.718,0.444,0.731,0.417,0.727,0.429,1.0,0.774,0.417,0.428,0.417,0.416,0.411,0.394,0.422,0.429,0.422,0.433,0.433,0.428,0.762,0.501,0.445,0.713,0.427,0.0,0.413,0.39,0.621,0.412,0.44,0.695,0.43,0.738,0.427,0.422,0.745,0.745,0.433,0.418,0.417,0.683,0.486
0.426,0.428,0.339,0.761,0.447,0.434,0.401,0.706,0.435,0.684,0.407,0.859,0.427,0.774,1.0,0.401,0.424,0.406,0.4,0.398,0.404,0.417,0.435,0.417,0.421,0.424,0.418,0.732,0.483,0.428,0.697,0.43,0.0,0.417,0.394,0.632,0.399,0.437,0.692,0.424,0.726,0.427,0.419,0.734,0.737,0.437,0.436,0.435,0.663,0.493
0.46,0.53,0.34,0.41,0.546,0.558,0.956,0.408,0.467,0.41,0.523,0.406,0.539,0.417,0.401,1.0,0.535,0.548,0.528,0.953,0.53,0.551,0.564,0.538,0.53,0.528,0.527,0.403,0.439,0.466,0.393,0.526,0.0,0.539,0.517,0.418,0.951,0.517,0.412,0.54,0.397,0.525,0.521,0.402,0.405,0.401,0.512,0.511,0.407,0.446
0.462,0.688,0.332,0.419,0.626,0.717,0.53,0.436,0.453,0.428,0.592,0.423,0.627,0.428,0.424,0.535,1.0,0.616,0.602,0.526,0.583,0.621,0.612,0.739,0.729,0.744,0.6,0.429,0.473,0.452,0.402,0.631,0.0,0.613,0.679,0.402,0.526,0.601,0.414,0.626,0.402,0.671,0.618,0.422,0.431,0.39,0.683,0.683,0.423,0.448
0.457,0.584,0.33,0.407,0.654,0.631,0.549,0.423,0.449,0.422,0.661,0.4,0.725,0.417,0.406,0.548,0.616,1.0,0.737,0.548,0.678,0.722,0.712,0.622,0.605,0.614,0.707,0.424,0.46,0.463,0.396,0.668,0.0,0.677,0.583,0.407,0.547,0.661,0.415,0.704,0.4,0.629,0.688,0.409,0.409,0.393,0.609,0.609,0.406,0.448
0.465,0.576,0.333,0.409,0.657,0.621,0.531,0.425,0.456,0.411,0.665,0.402,0.722,0.416,0.4,0.528,0.602,0.737,1.0,0.526,0.691,0.719,0.706,0.608,0.596,0.599,0.711,0.424,0.447,0.463,0.397,0.67,0.0,0.673,0.584,0.399,0.526,0.671,0.424,0.712,0.401,0.605,0.691,0.41,0.409,0.382,0.586,0.585,0.409,0.44
0.451,0.532,0.34,0.406,0.541,0.549,0.984,0.405,0.468,0.4,0.509,0.404,0.53,0.411,0.398,0.953,0.526,0.548,0.526,1.0,0.546,0.545,0.566,0.535,0.528,0.518,0.526,0.398,0.437,0.456,0.394,0.531,0.0,0.538,0.513,0.414,0.991,0.511,0.405,0.532,0.397,0.524,0.515,0.401,0.402,0.399,0.515,0.514,0.398,0.447
0.438,0.577,0.336,0.401,0.658,0.586,0.545,0.404,0.444,0.387,0.627,0.403,0.716,0.394,0.404,0.53,0.583,0.678,0.691,0.546,1.0,0.698,0.725,0.581,0.571,0.592,0.698,0.398,0.423,0.444,0.39,0.706,0.0,0.702,0.556,0.397,0.542,0.671,0.401,0.706,0.395,0.591,0.678,0.397,0.402,0.395,0.608,0.609,0.387,0.431
0.47,0.581,0.324,0.42,0.671,0.618,0.551,0.435,0.466,0.433,0.682,0.416,0.8,0.422,0.417,0.551,0.621,0.722,0.719,0.545,0.698,1.0,0.905,0.621,0.598,0.613,0.738,0.435,0.46,0.467,0.406,0.712,0.0,0.865,0.587,0.413,0.547,0.712,0.426,0.752,0.408,0.614,0.735,0.423,0.422,0.389,0.598,0.598,0.42,0.458
0.476,0.593,0.336,0.434,0.691,0.616,0.572,0.45,0.474,0.424,0.653,0.433,0.791,0.429,0.435,0.564,0.612,0.712,0.706,0.566,0.725,0.905,1.0,0.608,0.596,0.602,0.741,0.441,0.463,0.472,0.415,0.738,0.0,0.868,0.574,0.428,0.568,0.725,0.439,0.746,0.42,0.623,0.726,0.437,0.436,0.399,0.611,0.611,0.426,0.466
0.479,0.777,0.351,0.423,0.623,0.803,0.536,0.452,0.466,0.432,0.61,0.428,0.635,0.422,0.417,0.538,0.739,0.622,0.608,0.535,0.581,0.621,0.608,1.0,0.812,0.723,0.608,0.433,0.477,0.474,0.409,0.605,0.0,0.608,0.778,0.409,0.532,0.591,0.415,0.628,0.415,0.687,0.607,0.418,0.422,0.395,0.678,0.678,0.417,0.465
0.46,0.786,0.341,0.437,0.616,0.824,0.527,0.438,0.454,0.437,0.579,0.426,0.604,0.433,0.421,0.53,0.729,0.605,0.596,0.528,0.571,0.598,0.596,0.812,1.0,0.732,0.594,0.444,0.465,0.463,0.41,0.607,0.0,0.585,0.77,0.403,0.529,0.592,0.425,0.608,0.409,0.665,0.592,0.443,0.432,0.389,0.671,0.67,0.438,0.456
0.462,0.689,0.344,0.425,0.619,0.695,0.52,0.436,0.45,0.438,0.604,0.43,0.624,0.433,0.424,0.528,0.744,0.614,0.599,0.518,0.592,0.613,0.602,0.723,0.732,1.0,0.61,0.441,0.468,0.463,0.41,0.596,0.0,0.589,0.674,0.41,0.52,0.605,0.422,0.634,0.415,0.69,0.602,0.441,0.433,0.401,0.673,0.673,0.445,0.451
0.462,0.582,0.338,0.42,0.69,0.606,0.527,0.438,0.47,0.43,0.665,0.416,0.766,0.428,0.418,0.527,0.6,0.707,0.711,0.526,0.698,0.738,0.741,0.608,0.594,0.61,1.0,0.434,0.458,0.469,0.413,0.722,0.0,0.718,0.571,0.412,0.524,0.818,0.416,0.757,0.415,0.614,0.833,0.431,0.425,0.401,0.604,0.604,0.423,0.453
0.453,0.431,0.329,0.76,0.44,0.453,0.401,0.905,0.431,0.731,0.412,0.721,0.447,0.762,0.732,0.403,0.429,0.424,0.424,0.398,0.398,0.435,0.441,0.433,0.444,0.441,0.434,1.0,0.505,0.446,0.704,0.442,0.0,0.432,0.399,0.594,0.398,0.452,0.677,0.435,0.734,0.427,0.426,0.958,0.941,0.435,0.417,0.416,0.685,0.478
0.517,0.475,0.394,0.483,0.474,0.488,0.439,0.503,0.506,0.502,0.437,0.497,0.472,0.501,0.483,0.439,0.473,0.46,0.447,0.437,0.423,0.46,0.463,0.477,0.465,0.468,0.458,0.505,1.0,0.497,0.463,0.458,0.0,0.461,0.443,0.464,0.436,0.467,0.476,0.462,0.468,0.446,0.46,0.492,0.495,0.545,0.449,0.448,0.476,0.815
0.584,0.455,0.384,0.434,0.466,0.485,0.458,0.452,0.613,0.444,0.46,0.434,0.483,0.445,0.428,0.466,0.452,0.463,0.463,0.456,0.444,0.467,0.472,0.474,0.463,0.463,0.469,0.446,0.497,1.0,0.417,0.443,0.0,0.465,0.441,0.429,0.456,0.463,0.435,0.486,0.428,0.457,0.471,0.438,0.434,0.46,0.462,0.462,0.424,0.51
0.416,0.427,0.328,0.722,0.427,0.422,0.394,0.704,0.424,0.729,0.393,0.675,0.415,0.713,0.697,0.393,0.402,0.396,0.397,0.394,0.39,0.406,0.415,0.409,0.41,0.41,0.413,0.704,0.463,0.417,1.0,0.414,0.0,0.406,0.378,0.618,0.393,0.414,0.671,0.413,0.897,0.42,0.395,0.708,0.71,0.423,0.41,0.41,0.642,0.458
0.461,0.607,0.341,0.431,0.679,0.611,0.534,0.443,0.453,0.414,0.626,0.434,0.725,0.427,0.43,0.526,0.631,0.668,0.67,0.531,0.706,0.712,0.738,0.605,0.607,0.596,0.722,0.442,0.458,0.443,0.414,1.0,0.0,0.707,0.566,0.406,0.53,0.732,0.428,0.721,0.415,0.617,0.724,0.441,0.445,0.389,0.621,0.621,0.416,0.444
0.0,0.0,0.0,0.0,0.0,0.0,0.0,0.0,0.0,0.0,0.0,0.0,0.0,0.0,0.0,0.0,0.0,0.0,0.0,0.0,0.0,0.0,0.0,0.0,0.0,0.0,0.0,0.0,0.0,0.0,0.0,0.0,1.0,0.0,0.0,0.0,0.0,0.0,0.0,0.0,0.0,0.0,0.0,0.0,0.0,0.0,0.0,0.0,0.0,0.0
0.468,0.589,0.338,0.416,0.685,0.616,0.543,0.444,0.472,0.416,0.636,0.423,0.773,0.413,0.417,0.539,0.613,0.677,0.673,0.538,0.702,0.865,0.868,0.608,0.585,0.589,0.718,0.432,0.461,0.465,0.406,0.707,0.0,1.0,0.571,0.424,0.54,0.713,0.435,0.733,0.408,0.617,0.723,0.428,0.433,0.39,0.607,0.607,0.416,0.459
0.439,0.727,0.323,0.388,0.589,0.765,0.516,0.405,0.444,0.408,0.615,0.394,0.595,0.39,0.394,0.517,0.679,0.583,0.584,0.513,0.556,0.587,0.574,0.778,0.77,0.674,0.571,0.399,0.443,0.441,0.378,0.566,0.0,0.571,1.0,0.379,0.513,0.562,0.389,0.59,0.381,0.649,0.578,0.387,0.392,0.374,0.64,0.639,0.391,0.431
0.426,0.413,0.336,0.614,0.411,0.418,0.417,0.599,0.438,0.622,0.397,0.613,0.41,0.621,0.632,0.418,0.402,0.407,0.399,0.414,0.397,0.413,0.428,0.409,0.403,0.41,0.412,0.594,0.464,0.429,0.618,0.406,0.0,0.424,0.379,1.0,0.414,0.402,0.633,0.412,0.624,0.414,0.4,0.6,0.604,0.427,0.408,0.407,0.613,0.48
0.453,0.531,0.339,0.407,0.541,0.551,0.986,0.405,0.469,0.401,0.509,0.402,0.53,0.412,0.399,0.951,0.526,0.547,0.526,0.991,0.542,0.547,0.568,0.532,0.529,0.52,0.524,0.398,0.436,0.456,0.393,0.53,0.0,0.54,0.513,0.414,1.0,0.51,0.405,0.532,0.397,0.525,0.516,0.4,0.401,0.398,0.515,0.514,0.399,0.448
0.481,0.618,0.353,0.431,0.714,0.62,0.512,0.469,0.466,0.433,0.649,0.45,0.737,0.44,0.437,0.517,0.601,0.661,0.671,0.511,0.671,0.712,0.725,0.591,0.592,0.605,0.818,0.452,0.467,0.463,0.414,0.732,0.0,0.713,0.562,0.402,0.51,1.0,0.435,0.741,0.418,0.621,0.844,0.45,0.439,0.406,0.621,0.621,0.44,0.46
0.422,0.423,0.332,0.692,0.437,0.442,0.408,0.684,0.428,0.686,0.409,0.68,0.437,0.695,0.692,0.412,0.414,0.415,0.424,0.405,0.401,0.426,0.439,0.415,0.425,0.422,0.416,0.677,0.476,0.435,0.671,0.428,0.0,0.435,0.389,0.633,0.405,0.435,1.0,0.424,0.68,0.427,0.418,0.679,0.679,0.426,0.418,0.417,0.652,0.471
0.476,0.603,0.347,0.421,0.706,0.639,0.534,0.443,0.478,0.435,0.691,0.428,0.779,0.43,0.424,0.54,0.626,0.704,0.712,0.532,0.706,0.752,0.746,0.628,0.608,0.634,0.757,0.435,0.462,0.486,0.413,0.721,0.0,0.733,0.59,0.412,0.532,0.741,0.424,1.0,0.415,0.637,0.746,0.427,0.432,0.408,0.641,0.641,0.423,0.465
0.423,0.425,0.33,0.751,0.429,0.425,0.398,0.711,0.427,0.738,0.397,0.703,0.423,0.738,0.726,0.397,0.402,0.4,0.401,0.397,0.395,0.408,0.42,0.415,0.409,0.415,0.415,0.734,0.468,0.428,0.897,0.415,0.0,0.408,0.381,0.624,0.397,0.418,0.68,0.415,1.0,0.423,0.397,0.738,0.735,0.419,0.411,0.41,0.655,0.462
0.45,0.664,0.337,0.427,0.635,0.681,0.526,0.44,0.464,0.422,0.6,0.423,0.638,0.427,0.427,0.525,0.671,0.629,0.605,0.524,0.591,0.614,0.623,0.687,0.665,0.69,0.614,0.427,0.446,0.457,0.42,0.617,0.0,0.617,0.649,0.414,0.525,0.621,0.427,0.637,0.423,1.0,0.633,0.426,0.426,0.391,0.725,0.725,0.423,0.453
0.47,0.576,0.348,0.414,0.705,0.616,0.518,0.433,0.473,0.426,0.672,0.42,0.752,0.422,0.419,0.521,0.618,0.688,0.691,0.515,0.678,0.735,0.726,0.607,0.592,0.602,0.833,0.426,0.46,0.471,0.395,0.724,0.0,0.723,0.578,0.4,0.516,0.844,0.418,0.746,0.397,0.633,1.0,0.416,0.415,0.396,0.618,0.618,0.412,0.451
0.441,0.443,0.341,0.752,0.437,0.44,0.404,0.904,0.435,0.713,0.398,0.724,0.435,0.745,0.734,0.402,0.422,0.409,0.41,0.401,0.397,0.423,0.437,0.418,0.443,0.441,0.431,0.958,0.492,0.438,0.708,0.441,0.0,0.428,0.387,0.6,0.4,0.45,0.679,0.427,0.738,0.426,0.416,1.0,0.956,0.442,0.42,0.419,0.693,0.479
0.449,0.446,0.334,0.746,0.439,0.443,0.405,0.888,0.434,0.715,0.397,0.727,0.434,0.745,0.737,0.405,0.431,0.409,0.409,0.402,0.402,0.422,0.436,0.422,0.432,0.433,0.425,0.941,0.495,0.434,0.71,0.445,0.0,0.433,0.392,0.604,0.401,0.439,0.679,0.432,0.735,0.426,0.415,0.956,1.0,0.441,0.429,0.428,0.676,0.478
0.437,0.408,0.357,0.419,0.41,0.415,0.399,0.438,0.438,0.426,0.381,0.431,0.411,0.433,0.437,0.401,0.39,0.393,0.382,0.399,0.395,0.389,0.399,0.395,0.389,0.401,0.401,0.435,0.545,0.46,0.423,0.389,0.0,0.39,0.374,0.427,0.398,0.406,0.426,0.408,0.419,0.391,0.396,0.442,0.441,1.0,0.432,0.432,0.426,0.605
0.45,0.679,0.351,0.414,0.638,0.685,0.516,0.432,0.465,0.416,0.577,0.425,0.628,0.418,0.436,0.512,0.683,0.609,0.586,0.515,0.608,0.598,0.611,0.678,0.671,0.673,0.604,0.417,0.449,0.462,0.41,0.621,0.0,0.607,0.64,0.408,0.515,0.621,0.418,0.641,0.411,0.725,0.618,0.42,0.429,0.432,1.0,0.999,0.414,0.468
0.449,0.68,0.351,0.413,0.638,0.685,0.515,0.431,0.464,0.415,0.577,0.424,0.628,0.417,0.435,0.511,0.683,0.609,0.585,0.514,0.609,0.598,0.611,0.678,0.67,0.673,0.604,0.416,0.448,0.462,0.41,0.621,0.0,0.607,0.639,0.407,0.514,0.621,0.417,0.641,0.41,0.725,0.618,0.419,0.428,0.432,0.999,1.0,0.413,0.467
0.427,0.437,0.349,0.687,0.43,0.443,0.401,0.673,0.423,0.672,0.405,0.642,0.428,0.683,0.663,0.407,0.423,0.406,0.409,0.398,0.387,0.42,0.426,0.417,0.438,0.445,0.423,0.685,0.476,0.424,0.642,0.416,0.0,0.416,0.391,0.613,0.399,0.44,0.652,0.423,0.655,0.423,0.412,0.693,0.676,0.426,0.414,0.413,1.0,0.463
0.507,0.464,0.394,0.482,0.462,0.479,0.449,0.488,0.522,0.477,0.432,0.471,0.465,0.486,0.493,0.446,0.448,0.448,0.44,0.447,0.431,0.458,0.466,0.465,0.456,0.451,0.453,0.478,0.815,0.51,0.458,0.444,0.0,0.459,0.431,0.48,0.448,0.46,0.471,0.465,0.462,0.453,0.451,0.479,0.478,0.605,0.468,0.467,0.463,1.0
