GCF_000163235.1_ASM16323v1_genomic.fna,GCF_000164555.1_ASM16455v1_genomic.fna,GCF_000208545.1_ASM20854v2_genomic.fna,GCF_000233875.1_ASM23387v1_genomic.fna,GCF_000249735.1_ASM24973v2_genomic.fna,GCF_000261145.1_Esch_coli_M919_V2_genomic.fna,GCF_000267705.2_ASM26770v2_genomic.fna,GCF_000350665.1_Esch_coli_KTE5_V1_genomic.fna,GCF_000351625.1_Esch_coli_KTE66_V1_genomic.fna,GCF_000352285.1_Esch_coli_KTE46_V1_genomic.fna,GCF_000358895.1_ASM35889v1_genomic.fna,GCF_000456385.1_Esch_coli_HVH_26_4-5703913_V1_genomic.fna,GCF_000458195.1_Esch_coli_HVH_147_4-5893887_V1_genomic.fna,GCF_000459755.1_Esch_coli_KOEGE_58_171a_V1_genomic.fna,GCF_000460055.1_Esch_coli_UMEA_3053-1_V1_genomic.fna,GCF_000462165.2_ASM46216v2_genomic.fna,GCF_000601135.1_ASM60113v1_genomic.fna,GCF_000614595.1_Ec2010EL1058_genomic.fna,GCF_000617745.1_Ec2010C-4529_genomic.fna,GCF_000618265.2_EcF6751_genomic.fna,GCF_000619005.2_Ec2009C-4052_genomic.fna,GCF_000619105.1_Ec2009C-4780_genomic.fna,GCF_000619765.2_Ec2009C-3279_genomic.fna,GCF_000687005.1_ASM68700v1_genomic.fna,GCF_000687025.1_ASM68702v1_genomic.fna,GCF_000700125.1_ASM70012v1_genomic.fna,GCF_000753315.1_FHI35_genomic.fna,GCF_000776375.1_ASM77637v1_genomic.fna,GCF_000779395.1_ASM77939v1_genomic.fna,GCF_000780315.1_ASM78031v1_genomic.fna,GCF_000781995.1_ASM78199v1_genomic.fna,GCF_000986765.1_ASM98676v1_genomic.fna,GCF_001041375.1_ViralProj287958_genomic.fna,GCF_001265335.1_302014_genomic.fna,GCF_001265625.1_100854_genomic.fna,GCF_001267345.1_303289_genomic.fna,GCF_001309985.1_ASM130998v1_genomic.fna,GCF_001521695.1_ASM152169v1_genomic.fna,GCF_001592595.1_ASM159259v1_genomic.fna,GCF_001614975.1_ASM161497v1_genomic.fna,GCF_001692775.1_ASM169277v1_genomic.fna,GCF_001748915.1_ASM174891v1_genomic.fna,GCF_001749235.1_ASM174923v1_genomic.fna,GCF_001881155.1_ASM188115v1_genomic.fna,GCF_001881345.1_ASM188134v1_genomic.fna,GCF_001892405.1_ASM189240v1_genomic.fna,GCF_001892585.1_ASM189258v1_genomic.fna,GCF_001893985.1_ASM189398v1_genomic.fna,GCF_002001595.1_ASM200159v1_genomic.fna,GCF_002002145.1_ASM200214v1_genomic.fna
1.0,0.476,0.404,0.395,0.48,0.468,0.44,0.42,0.572,0.419,0.469,0.426,0.484,0.399,0.396,0.445,0.461,0.465,0.449,0.437,0.427,0.458,0.439,0.497,0.473,0.469,0.468,0.411,0.493,0.555,0.382,0.458,0.0,0.442,0.454,0.397,0.439,0.485,0.391,0.472,0.384,0.452,0.47,0.414,0.422,0.42,0.449,0.449,0.382,0.488
0.476,1.0,0.352,0.38,0.639,0.801,0.517,0.412,0.446,0.381,0.583,0.4,0.612,0.381,0.379,0.527,0.714,0.607,0.599,0.514,0.57,0.602,0.59,0.794,0.82,0.702,0.603,0.397,0.461,0.454,0.368,0.638,0.0,0.595,0.735,0.372,0.515,0.624,0.384,0.613,0.367,0.681,0.616,0.41,0.412,0.431,0.685,0.683,0.378,0.444
0.404,0.352,1.0,0.286,0.346,0.34,0.321,0.31,0.367,0.298,0.331,0.301,0.348,0.304,0.297,0.328,0.333,0.346,0.331,0.321,0.327,0.341,0.328,0.343,0.348,0.334,0.342,0.301,0.362,0.371,0.284,0.351,0.0,0.336,0.306,0.3,0.321,0.342,0.308,0.348,0.285,0.342,0.348,0.309,0.304,0.322,0.348,0.349,0.303,0.352
0.395,0.38,0.286,1.0,0.389,0.378,0.347,0.673,0.374,0.716,0.38,0.7,0.376,0.757,0.759,0.351,0.37,0.367,0.359,0.345,0.353,0.369,0.355,0.382,0.375,0.384,0.371,0.732,0.441,0.4,0.708,0.375,0.0,0.354,0.367,0.6,0.346,0.376,0.653,0.37,0.732,0.367,0.364,0.714,0.714,0.387,0.365,0.363,0.65,0.439
0.48,0.639,0.346,0.389,1.0,0.649,0.547,0.417,0.454,0.396,0.742,0.405,0.714,0.399,0.402,0.555,0.635,0.671,0.676,0.544,0.68,0.678,0.67,0.635,0.635,0.624,0.693,0.403,0.467,0.463,0.386,0.71,0.0,0.677,0.591,0.376,0.545,0.7,0.407,0.703,0.389,0.664,0.708,0.406,0.405,0.432,0.647,0.648,0.388,0.452
0.468,0.801,0.34,0.378,0.649,1.0,0.539,0.413,0.448,0.381,0.595,0.39,0.625,0.386,0.378,0.549,0.697,0.633,0.604,0.54,0.582,0.609,0.605,0.798,0.818,0.698,0.597,0.397,0.468,0.447,0.371,0.621,0.0,0.619,0.75,0.383,0.538,0.623,0.409,0.614,0.374,0.676,0.621,0.4,0.401,0.422,0.683,0.683,0.377,0.45
0.44,0.517,0.321,0.347,0.547,0.539,1.0,0.354,0.428,0.346,0.514,0.351,0.549,0.346,0.347,0.951,0.524,0.554,0.552,0.981,0.583,0.562,0.59,0.535,0.531,0.521,0.541,0.343,0.406,0.429,0.333,0.547,0.0,0.551,0.505,0.364,0.988,0.523,0.361,0.535,0.334,0.526,0.537,0.347,0.344,0.39,0.513,0.512,0.335,0.418
0.42,0.412,0.31,0.673,0.417,0.413,0.354,1.0,0.383,0.674,0.377,0.702,0.404,0.685,0.687,0.357,0.397,0.394,0.381,0.351,0.357,0.395,0.374,0.417,0.405,0.404,0.389,0.889,0.471,0.387,0.681,0.393,0.0,0.376,0.376,0.575,0.352,0.413,0.669,0.398,0.682,0.392,0.394,0.892,0.886,0.392,0.386,0.384,0.638,0.445
0.572,0.446,0.367,0.374,0.454,0.448,0.428,0.383,1.0,0.391,0.466,0.377,0.46,0.39,0.373,0.434,0.435,0.448,0.431,0.426,0.419,0.438,0.419,0.472,0.451,0.456,0.452,0.394,0.469,0.574,0.365,0.441,0.0,0.424,0.449,0.395,0.427,0.452,0.375,0.451,0.366,0.444,0.456,0.393,0.389,0.428,0.439,0.438,0.375,0.472
0.419,0.381,0.298,0.716,0.396,0.381,0.346,0.674,0.391,1.0,0.396,0.68,0.387,0.699,0.693,0.348,0.362,0.375,0.355,0.343,0.347,0.368,0.343,0.387,0.374,0.388,0.371,0.708,0.444,0.405,0.725,0.363,0.0,0.351,0.379,0.607,0.344,0.375,0.654,0.375,0.719,0.363,0.357,0.693,0.696,0.376,0.361,0.359,0.65,0.423
0.469,0.583,0.331,0.38,0.742,0.595,0.514,0.377,0.466,0.396,1.0,0.371,0.713,0.388,0.37,0.527,0.585,0.686,0.661,0.511,0.653,0.674,0.639,0.635,0.599,0.621,0.689,0.383,0.456,0.472,0.368,0.671,0.0,0.638,0.613,0.389,0.514,0.683,0.379,0.721,0.367,0.612,0.698,0.376,0.375,0.396,0.595,0.595,0.377,0.452
0.426,0.4,0.301,0.7,0.405,0.39,0.351,0.702,0.377,0.68,0.371,1.0,0.392,0.726,0.865,0.351,0.375,0.385,0.365,0.346,0.361,0.387,0.369,0.398,0.382,0.388,0.375,0.712,0.469,0.392,0.666,0.379,0.0,0.38,0.372,0.582,0.349,0.392,0.677,0.378,0.689,0.377,0.38,0.716,0.72,0.4,0.375,0.374,0.628,0.441
0.484,0.612,0.348,0.376,0.714,0.625,0.549,0.404,0.46,0.387,0.713,0.392,1.0,0.382,0.384,0.559,0.61,0.721,0.705,0.546,0.702,0.789,0.758,0.641,0.624,0.61,0.755,0.394,0.459,0.464,0.376,0.725,0.0,0.75,0.593,0.382,0.547,0.736,0.398,0.775,0.377,0.627,0.751,0.397,0.395,0.415,0.609,0.609,0.38,0.463
0.399,0.381,0.304,0.757,0.399,0.386,0.346,0.685,0.39,0.699,0.388,0.726,0.382,1.0,0.763,0.352,0.372,0.373,0.363,0.343,0.348,0.378,0.36,0.392,0.375,0.391,0.373,0.741,0.463,0.396,0.713,0.38,0.0,0.358,0.367,0.608,0.345,0.383,0.664,0.376,0.731,0.37,0.365,0.723,0.723,0.407,0.375,0.374,0.653,0.448
0.396,0.379,0.297,0.759,0.402,0.378,0.347,0.687,0.373,0.693,0.37,0.865,0.384,0.763,1.0,0.35,0.375,0.377,0.359,0.344,0.351,0.383,0.365,0.383,0.374,0.387,0.372,0.718,0.451,0.38,0.715,0.372,0.0,0.362,0.36,0.59,0.346,0.387,0.679,0.379,0.733,0.37,0.366,0.718,0.719,0.407,0.375,0.373,0.643,0.453
0.445,0.527,0.328,0.351,0.555,0.549,0.951,0.357,0.434,0.348,0.527,0.351,0.559,0.352,0.35,1.0,0.534,0.563,0.561,0.952,0.567,0.573,0.579,0.543,0.534,0.527,0.548,0.348,0.413,0.441,0.335,0.548,0.0,0.556,0.514,0.37,0.956,0.535,0.37,0.544,0.336,0.536,0.548,0.351,0.349,0.39,0.52,0.519,0.34,0.425
0.461,0.714,0.333,0.37,0.635,0.697,0.524,0.397,0.435,0.362,0.585,0.375,0.61,0.372,0.375,0.534,1.0,0.597,0.598,0.523,0.587,0.611,0.602,0.721,0.723,0.713,0.595,0.379,0.441,0.429,0.359,0.656,0.0,0.616,0.648,0.374,0.523,0.596,0.385,0.605,0.355,0.655,0.612,0.386,0.393,0.406,0.674,0.674,0.359,0.434
0.465,0.607,0.346,0.367,0.671,0.633,0.554,0.394,0.448,0.375,0.686,0.385,0.721,0.373,0.377,0.563,0.597,1.0,0.747,0.551,0.694,0.736,0.703,0.639,0.622,0.607,0.714,0.383,0.451,0.443,0.371,0.684,0.0,0.669,0.61,0.397,0.552,0.686,0.394,0.721,0.371,0.623,0.698,0.388,0.387,0.4,0.607,0.606,0.368,0.448
0.449,0.599,0.331,0.359,0.676,0.604,0.552,0.381,0.431,0.355,0.661,0.365,0.705,0.363,0.359,0.561,0.598,0.747,1.0,0.55,0.707,0.71,0.691,0.616,0.605,0.584,0.7,0.37,0.429,0.43,0.355,0.686,0.0,0.662,0.592,0.371,0.55,0.668,0.375,0.712,0.354,0.606,0.688,0.375,0.376,0.404,0.59,0.59,0.356,0.434
0.437,0.514,0.321,0.345,0.544,0.54,0.981,0.351,0.426,0.343,0.511,0.346,0.546,0.343,0.344,0.952,0.523,0.551,0.55,1.0,0.584,0.56,0.593,0.531,0.534,0.521,0.54,0.34,0.403,0.427,0.329,0.545,0.0,0.553,0.503,0.364,0.985,0.522,0.36,0.534,0.331,0.525,0.536,0.343,0.34,0.39,0.512,0.511,0.331,0.416
0.427,0.57,0.327,0.353,0.68,0.582,0.583,0.357,0.419,0.347,0.653,0.361,0.702,0.348,0.351,0.567,0.587,0.694,0.707,0.584,1.0,0.717,0.746,0.589,0.585,0.582,0.686,0.352,0.401,0.422,0.335,0.706,0.0,0.696,0.565,0.366,0.579,0.666,0.366,0.707,0.342,0.591,0.683,0.356,0.356,0.418,0.598,0.599,0.342,0.412
0.458,0.602,0.341,0.369,0.678,0.609,0.562,0.395,0.438,0.368,0.674,0.387,0.789,0.378,0.383,0.573,0.611,0.736,0.71,0.56,0.717,1.0,0.902,0.628,0.619,0.6,0.737,0.386,0.444,0.441,0.371,0.717,0.0,0.849,0.582,0.384,0.562,0.713,0.386,0.753,0.37,0.617,0.735,0.392,0.39,0.413,0.6,0.599,0.375,0.445
0.439,0.59,0.328,0.355,0.67,0.605,0.59,0.374,0.419,0.343,0.639,0.369,0.758,0.36,0.365,0.579,0.602,0.703,0.691,0.593,0.746,0.902,1.0,0.596,0.602,0.576,0.71,0.365,0.422,0.42,0.349,0.722,0.0,0.843,0.554,0.374,0.587,0.683,0.372,0.72,0.352,0.608,0.703,0.368,0.366,0.417,0.59,0.59,0.356,0.425
0.497,0.794,0.343,0.382,0.635,0.798,0.535,0.417,0.472,0.387,0.635,0.398,0.641,0.392,0.383,0.543,0.721,0.639,0.616,0.531,0.589,0.628,0.596,1.0,0.829,0.742,0.624,0.4,0.47,0.468,0.373,0.631,0.0,0.607,0.805,0.393,0.533,0.625,0.384,0.638,0.374,0.681,0.632,0.403,0.408,0.416,0.68,0.68,0.377,0.459
0.473,0.82,0.348,0.375,0.635,0.818,0.531,0.405,0.451,0.374,0.599,0.382,0.624,0.375,0.374,0.534,0.723,0.622,0.605,0.534,0.585,0.619,0.602,0.829,1.0,0.734,0.62,0.391,0.457,0.448,0.362,0.646,0.0,0.595,0.769,0.378,0.53,0.631,0.39,0.625,0.362,0.68,0.631,0.407,0.399,0.416,0.685,0.683,0.379,0.445
0.469,0.702,0.334,0.384,0.624,0.698,0.521,0.404,0.456,0.388,0.621,0.388,0.61,0.391,0.387,0.527,0.713,0.607,0.584,0.521,0.582,0.6,0.576,0.742,0.734,1.0,0.607,0.402,0.454,0.445,0.378,0.608,0.0,0.575,0.689,0.385,0.521,0.612,0.39,0.611,0.377,0.658,0.607,0.415,0.404,0.395,0.674,0.674,0.388,0.443
0.468,0.603,0.342,0.371,0.693,0.597,0.541,0.389,0.452,0.371,0.689,0.375,0.755,0.373,0.372,0.548,0.595,0.714,0.7,0.54,0.686,0.737,0.71,0.624,0.62,0.607,1.0,0.376,0.454,0.453,0.367,0.734,0.0,0.69,0.591,0.377,0.537,0.809,0.373,0.759,0.367,0.606,0.821,0.386,0.38,0.418,0.605,0.604,0.362,0.455
0.411,0.397,0.301,0.732,0.403,0.397,0.343,0.889,0.394,0.708,0.383,0.712,0.394,0.741,0.718,0.348,0.379,0.383,0.37,0.34,0.352,0.386,0.365,0.4,0.391,0.402,0.376,1.0,0.454,0.399,0.706,0.385,0.0,0.363,0.375,0.606,0.341,0.392,0.661,0.378,0.727,0.38,0.372,0.962,0.949,0.379,0.375,0.373,0.668,0.439
0.493,0.461,0.362,0.441,0.467,0.468,0.406,0.471,0.469,0.444,0.456,0.469,0.459,0.463,0.451,0.413,0.441,0.451,0.429,0.403,0.401,0.444,0.422,0.47,0.457,0.454,0.454,0.454,1.0,0.47,0.437,0.451,0.0,0.421,0.432,0.439,0.404,0.471,0.442,0.449,0.427,0.424,0.452,0.453,0.459,0.538,0.425,0.424,0.437,0.82
0.555,0.454,0.371,0.4,0.463,0.447,0.429,0.387,0.574,0.405,0.472,0.392,0.464,0.396,0.38,0.441,0.429,0.443,0.43,0.427,0.422,0.441,0.42,0.468,0.448,0.445,0.453,0.399,0.47,1.0,0.372,0.435,0.0,0.425,0.449,0.397,0.43,0.453,0.371,0.46,0.376,0.452,0.452,0.393,0.387,0.449,0.426,0.425,0.396,0.48
0.382,0.368,0.284,0.708,0.386,0.371,0.333,0.681,0.365,0.725,0.368,0.666,0.376,0.713,0.715,0.335,0.359,0.371,0.355,0.329,0.335,0.371,0.349,0.373,0.362,0.378,0.367,0.706,0.437,0.372,1.0,0.364,0.0,0.35,0.346,0.6,0.332,0.368,0.654,0.366,0.908,0.359,0.347,0.703,0.701,0.377,0.355,0.353,0.62,0.423
0.458,0.638,0.351,0.375,0.71,0.621,0.547,0.393,0.441,0.363,0.671,0.379,0.725,0.38,0.372,0.548,0.656,0.684,0.686,0.545,0.706,0.717,0.722,0.631,0.646,0.608,0.734,0.385,0.451,0.435,0.364,1.0,0.0,0.71,0.577,0.377,0.544,0.729,0.391,0.74,0.36,0.629,0.741,0.388,0.391,0.408,0.631,0.633,0.369,0.429
0.0,0.0,0.0,0.0,0.0,0.0,0.0,0.0,0.0,0.0,0.0,0.0,0.0,0.0,0.0,0.0,0.0,0.0,0.0,0.0,0.0,0.0,0.0,0.0,0.0,0.0,0.0,0.0,0.0,0.0,0.0,0.0,1.0,0.0,0.0,0.0,0.0,0.0,0.0,0.0,0.0,0.0,0.0,0.0,0.0,0.0,0.0,0.0,0.0,0.0
0.442,0.595,0.336,0.354,0.677,0.619,0.551,0.376,0.424,0.351,0.638,0.38,0.75,0.358,0.362,0.556,0.616,0.669,0.662,0.553,0.696,0.849,0.843,0.607,0.595,0.575,0.69,0.363,0.421,0.425,0.35,0.71,0.0,1.0,0.561,0.388,0.55,0.686,0.392,0.712,0.352,0.618,0.708,0.367,0.369,0.415,0.603,0.605,0.353,0.429
0.454,0.735,0.306,0.367,0.591,0.75,0.505,0.376,0.449,0.379,0.613,0.372,0.593,0.367,0.36,0.514,0.648,0.61,0.592,0.503,0.565,0.582,0.554,0.805,0.769,0.689,0.591,0.375,0.432,0.449,0.346,0.577,0.0,0.561,1.0,0.375,0.503,0.588,0.361,0.593,0.35,0.63,0.592,0.37,0.373,0.386,0.631,0.629,0.357,0.427
0.397,0.372,0.3,0.6,0.376,0.383,0.364,0.575,0.395,0.607,0.389,0.582,0.382,0.608,0.59,0.37,0.374,0.397,0.371,0.364,0.366,0.384,0.374,0.393,0.378,0.385,0.377,0.606,0.439,0.397,0.6,0.377,0.0,0.388,0.375,1.0,0.363,0.368,0.618,0.384,0.606,0.384,0.372,0.59,0.589,0.382,0.368,0.366,0.581,0.433
0.439,0.515,0.321,0.346,0.545,0.538,0.988,0.352,0.427,0.344,0.514,0.349,0.547,0.345,0.346,0.956,0.523,0.552,0.55,0.985,0.579,0.562,0.587,0.533,0.53,0.521,0.537,0.341,0.404,0.43,0.332,0.544,0.0,0.55,0.503,0.363,1.0,0.523,0.358,0.534,0.332,0.525,0.536,0.345,0.342,0.389,0.513,0.512,0.335,0.416
0.485,0.624,0.342,0.376,0.7,0.623,0.523,0.413,0.452,0.375,0.683,0.392,0.736,0.383,0.387,0.535,0.596,0.686,0.668,0.522,0.666,0.713,0.683,0.625,0.631,0.612,0.809,0.392,0.471,0.453,0.368,0.729,0.0,0.686,0.588,0.368,0.523,1.0,0.391,0.758,0.369,0.603,0.846,0.396,0.386,0.417,0.623,0.62,0.379,0.461
0.391,0.384,0.308,0.653,0.407,0.409,0.361,0.669,0.375,0.654,0.379,0.677,0.398,0.664,0.679,0.37,0.385,0.394,0.375,0.36,0.366,0.386,0.372,0.384,0.39,0.39,0.373,0.661,0.442,0.371,0.654,0.391,0.0,0.392,0.361,0.618,0.358,0.391,1.0,0.387,0.653,0.391,0.391,0.664,0.665,0.392,0.377,0.376,0.609,0.428
0.472,0.613,0.348,0.37,0.703,0.614,0.535,0.398,0.451,0.375,0.721,0.378,0.775,0.376,0.379,0.544,0.605,0.721,0.712,0.534,0.707,0.753,0.72,0.638,0.625,0.611,0.759,0.378,0.449,0.46,0.366,0.74,0.0,0.712,0.593,0.384,0.534,0.758,0.387,1.0,0.37,0.615,0.761,0.382,0.385,0.416,0.632,0.631,0.365,0.456
0.384,0.367,0.285,0.732,0.389,0.374,0.334,0.682,0.366,0.719,0.367,0.689,0.377,0.731,0.733,0.336,0.355,0.371,0.354,0.331,0.342,0.37,0.352,0.374,0.362,0.377,0.367,0.727,0.427,0.376,0.908,0.36,0.0,0.352,0.35,0.606,0.332,0.369,0.653,0.37,1.0,0.363,0.348,0.724,0.718,0.38,0.354,0.352,0.621,0.425
0.452,0.681,0.342,0.367,0.664,0.676,0.526,0.392,0.444,0.363,0.612,0.377,0.627,0.37,0.37,0.536,0.655,0.623,0.606,0.525,0.591,0.617,0.608,0.681,0.68,0.658,0.606,0.38,0.424,0.452,0.359,0.629,0.0,0.618,0.63,0.384,0.525,0.603,0.391,0.615,0.363,1.0,0.636,0.387,0.383,0.405,0.694,0.694,0.364,0.427
0.47,0.616,0.348,0.364,0.708,0.621,0.537,0.394,0.456,0.357,0.698,0.38,0.751,0.365,0.366,0.548,0.612,0.698,0.688,0.536,0.683,0.735,0.703,0.632,0.631,0.607,0.821,0.372,0.452,0.452,0.347,0.741,0.0,0.708,0.592,0.372,0.536,0.846,0.391,0.761,0.348,0.636,1.0,0.376,0.376,0.416,0.623,0.623,0.358,0.453
0.414,0.41,0.309,0.714,0.406,0.4,0.347,0.892,0.393,0.693,0.376,0.716,0.397,0.723,0.718,0.351,0.386,0.388,0.375,0.343,0.356,0.392,0.368,0.403,0.407,0.415,0.386,0.962,0.453,0.393,0.703,0.388,0.0,0.367,0.37,0.59,0.345,0.396,0.664,0.382,0.724,0.387,0.376,1.0,0.966,0.387,0.378,0.376,0.666,0.442
0.422,0.412,0.304,0.714,0.405,0.401,0.344,0.886,0.389,0.696,0.375,0.72,0.395,0.723,0.719,0.349,0.393,0.387,0.376,0.34,0.356,0.39,0.366,0.408,0.399,0.404,0.38,0.949,0.459,0.387,0.701,0.391,0.0,0.369,0.373,0.589,0.342,0.386,0.665,0.385,0.718,0.383,0.376,0.966,1.0,0.386,0.381,0.379,0.651,0.444
0.42,0.431,0.322,0.387,0.432,0.422,0.39,0.392,0.428,0.376,0.396,0.4,0.415,0.407,0.407,0.39,0.406,0.4,0.404,0.39,0.418,0.413,0.417,0.416,0.416,0.395,0.418,0.379,0.538,0.449,0.377,0.408,0.0,0.415,0.386,0.382,0.389,0.417,0.392,0.416,0.38,0.405,0.416,0.387,0.386,1.0,0.433,0.432,0.387,0.603
0.449,0.685,0.348,0.365,0.647,0.683,0.513,0.386,0.439,0.361,0.595,0.375,0.609,0.375,0.375,0.52,0.674,0.607,0.59,0.512,0.598,0.6,0.59,0.68,0.685,0.674,0.605,0.375,0.425,0.426,0.355,0.631,0.0,0.603,0.631,0.368,0.513,0.623,0.377,0.632,0.354,0.694,0.623,0.378,0.381,0.433,1.0,0.994,0.358,0.434
0.449,0.683,0.349,0.363,0.648,0.683,0.512,0.384,0.438,0.359,0.595,0.374,0.609,0.374,0.373,0.519,0.674,0.606,0.59,0.511,0.599,0.599,0.59,0.68,0.683,0.674,0.604,0.373,0.424,0.425,0.353,0.633,0.0,0.605,0.629,0.366,0.512,0.62,0.376,0.631,0.352,0.694,0.623,0.376,0.379,0.432,0.994,1.0,0.356,0.433
0.382,0.378,0.303,0.65,0.388,0.377,0.335,0.638,0.375,0.65,0.377,0.628,0.38,0.653,0.643,0.34,0.359,0.368,0.356,0.331,0.342,0.375,0.356,0.377,0.379,0.388,0.362,0.668,0.437,0.396,0.62,0.369,0.0,0.353,0.357,0.581,0.335,0.379,0.609,0.365,0.621,0.364,0.358,0.666,0.651,0.387,0.358,0.356,1.0,0.431
0.488,0.444,0.352,0.439,0.452,0.45,0.418,0.445,0.472,0.423,0.452,0.441,0.463,0.448,0.453,0.425,0.434,0.448,0.434,0.416,0.412,0.445,0.425,0.459,0.445,0.443,0.455,0.439,0.82,0.48,0.423,0.429,0.0,0.429,0.427,0.433,0.416,0.461,0.428,0.456,0.425,0.427,0.453,0.442,0.444,0.603,0.434,0.433,0.431,1.0
