GCF_000163235.1_ASM16323v1_genomic.fna,GCF_000164555.1_ASM16455v1_genomic.fna,GCF_000208545.1_ASM20854v2_genomic.fna,GCF_000233875.1_ASM23387v1_genomic.fna,GCF_000249735.1_ASM24973v2_genomic.fna,GCF_000261145.1_Esch_coli_M919_V2_genomic.fna,GCF_000267705.2_ASM26770v2_genomic.fna,GCF_000350665.1_Esch_coli_KTE5_V1_genomic.fna,GCF_000351625.1_Esch_coli_KTE66_V1_genomic.fna,GCF_000352285.1_Esch_coli_KTE46_V1_genomic.fna,GCF_000358895.1_ASM35889v1_genomic.fna,GCF_000456385.1_Esch_coli_HVH_26_4-5703913_V1_genomic.fna,GCF_000458195.1_Esch_coli_HVH_147_4-5893887_V1_genomic.fna,GCF_000459755.1_Esch_coli_KOEGE_58_171a_V1_genomic.fna,GCF_000460055.1_Esch_coli_UMEA_3053-1_V1_genomic.fna,GCF_000462165.2_ASM46216v2_genomic.fna,GCF_000601135.1_ASM60113v1_genomic.fna,GCF_000614595.1_Ec2010EL1058_genomic.fna,GCF_000617745.1_Ec2010C-4529_genomic.fna,GCF_000618265.2_EcF6751_genomic.fna,GCF_000619005.2_Ec2009C-4052_genomic.fna,GCF_000619105.1_Ec2009C-4780_genomic.fna,GCF_000619765.2_Ec2009C-3279_genomic.fna,GCF_000687005.1_ASM68700v1_genomic.fna,GCF_000687025.1_ASM68702v1_genomic.fna,GCF_000700125.1_ASM70012v1_genomic.fna,GCF_000753315.1_FHI35_genomic.fna,GCF_000776375.1_ASM77637v1_genomic.fna,GCF_000779395.1_ASM77939v1_genomic.fna,GCF_000780315.1_ASM78031v1_genomic.fna,GCF_000781995.1_ASM78199v1_genomic.fna,GCF_000986765.1_ASM98676v1_genomic.fna,GCF_001041375.1_ViralProj287958_genomic.fna,GCF_001265335.1_302014_genomic.fna,GCF_001265625.1_100854_genomic.fna,GCF_001267345.1_303289_genomic.fna,GCF_001309985.1_ASM130998v1_genomic.fna,GCF_001521695.1_ASM152169v1_genomic.fna,GCF_001592595.1_ASM159259v1_genomic.fna,GCF_001614975.1_ASM161497v1_genomic.fna,GCF_001692775.1_ASM169277v1_genomic.fna,GCF_001748915.1_ASM174891v1_genomic.fna,GCF_001749235.1_ASM174923v1_genomic.fna,GCF_001881155.1_ASM188115v1_genomic.fna,GCF_001881345.1_ASM188134v1_genomic.fna,GCF_001892405.1_ASM189240v1_genomic.fna,GCF_001892585.1_ASM189258v1_genomic.fna,GCF_001893985.1_ASM189398v1_genomic.fna,GCF_002001595.1_ASM200159v1_genomic.fna,GCF_002002145.1_ASM200214v1_genomic.fna
1.0,0.909,0.896,0.89,0.907,0.895,0.899,0.889,0.914,0.887,0.879,0.892,0.883,0.874,0.888,0.906,0.89,0.896,0.895,0.896,0.9,0.896,0.905,0.893,0.886,0.884,0.889,0.888,0.916,0.91,0.895,0.899,0.019,0.897,0.875,0.885,0.897,0.893,0.902,0.91,0.894,0.895,0.891,0.894,0.901,0.881,0.897,0.896,0.903,0.919
0.909,1.0,0.891,0.884,0.92,0.937,0.896,0.881,0.895,0.87,0.897,0.888,0.897,0.869,0.885,0.901,0.929,0.911,0.912,0.894,0.913,0.912,0.921,0.938,0.944,0.923,0.911,0.877,0.897,0.894,0.883,0.911,0.021,0.917,0.923,0.884,0.894,0.919,0.886,0.924,0.891,0.917,0.913,0.887,0.893,0.874,0.929,0.929,0.897,0.895
0.896,0.891,1.0,0.87,0.878,0.884,0.884,0.877,0.886,0.854,0.856,0.872,0.864,0.858,0.867,0.887,0.879,0.876,0.881,0.883,0.884,0.877,0.882,0.879,0.877,0.858,0.874,0.868,0.889,0.885,0.866,0.886,0.02,0.875,0.86,0.874,0.883,0.875,0.881,0.88,0.87,0.892,0.872,0.878,0.876,0.865,0.891,0.891,0.882,0.888
0.89,0.884,0.87,1.0,0.886,0.873,0.875,0.931,0.896,0.923,0.878,0.935,0.887,0.951,0.95,0.876,0.892,0.877,0.88,0.87,0.879,0.889,0.887,0.884,0.885,0.882,0.886,0.939,0.89,0.879,0.938,0.875,0.021,0.875,0.875,0.919,0.872,0.877,0.915,0.881,0.942,0.877,0.877,0.936,0.933,0.859,0.879,0.878,0.92,0.89
0.907,0.92,0.878,0.886,1.0,0.915,0.9,0.888,0.9,0.871,0.925,0.889,0.918,0.875,0.888,0.902,0.91,0.922,0.925,0.899,0.927,0.935,0.932,0.917,0.919,0.903,0.931,0.884,0.905,0.894,0.881,0.926,0.022,0.932,0.896,0.885,0.898,0.941,0.894,0.936,0.887,0.914,0.941,0.89,0.894,0.873,0.921,0.921,0.891,0.896
0.895,0.937,0.884,0.873,0.915,1.0,0.907,0.876,0.887,0.858,0.883,0.876,0.892,0.861,0.872,0.906,0.919,0.908,0.905,0.906,0.912,0.911,0.917,0.93,0.934,0.903,0.905,0.867,0.897,0.884,0.87,0.922,0.021,0.912,0.911,0.867,0.908,0.908,0.884,0.913,0.88,0.92,0.903,0.873,0.878,0.89,0.931,0.932,0.884,0.903
0.899,0.896,0.884,0.875,0.9,0.907,1.0,0.884,0.897,0.866,0.881,0.881,0.876,0.871,0.879,0.986,0.892,0.912,0.907,0.994,0.917,0.909,0.913,0.895,0.891,0.877,0.886,0.871,0.893,0.895,0.883,0.906,0.018,0.901,0.869,0.878,0.995,0.887,0.897,0.898,0.887,0.904,0.894,0.881,0.886,0.879,0.902,0.903,0.887,0.894
0.889,0.881,0.877,0.931,0.888,0.876,0.884,1.0,0.897,0.917,0.869,0.938,0.88,0.931,0.929,0.886,0.892,0.878,0.882,0.881,0.878,0.882,0.881,0.892,0.888,0.876,0.881,0.968,0.892,0.891,0.928,0.877,0.02,0.884,0.869,0.919,0.883,0.884,0.926,0.881,0.93,0.879,0.885,0.964,0.954,0.869,0.891,0.89,0.923,0.894
0.914,0.895,0.886,0.896,0.9,0.887,0.897,0.897,1.0,0.893,0.885,0.897,0.889,0.889,0.899,0.897,0.904,0.897,0.895,0.893,0.893,0.904,0.898,0.89,0.892,0.881,0.893,0.896,0.914,0.906,0.893,0.893,0.02,0.894,0.874,0.892,0.895,0.902,0.905,0.897,0.899,0.892,0.899,0.9,0.898,0.878,0.893,0.893,0.908,0.908
0.887,0.87,0.854,0.923,0.871,0.858,0.866,0.917,0.893,1.0,0.888,0.922,0.889,0.934,0.924,0.871,0.874,0.868,0.862,0.864,0.862,0.879,0.872,0.871,0.878,0.893,0.877,0.922,0.879,0.875,0.937,0.865,0.021,0.867,0.878,0.91,0.865,0.867,0.912,0.873,0.926,0.869,0.867,0.909,0.918,0.85,0.87,0.869,0.91,0.882
0.879,0.897,0.856,0.878,0.925,0.883,0.881,0.869,0.885,0.888,1.0,0.88,0.93,0.887,0.882,0.885,0.894,0.907,0.908,0.878,0.899,0.914,0.905,0.903,0.906,0.926,0.922,0.87,0.879,0.877,0.878,0.894,0.021,0.909,0.912,0.885,0.878,0.915,0.88,0.91,0.873,0.885,0.912,0.862,0.867,0.848,0.889,0.888,0.874,0.874
0.892,0.888,0.872,0.935,0.889,0.876,0.881,0.938,0.897,0.922,0.88,1.0,0.885,0.93,0.956,0.887,0.891,0.882,0.879,0.879,0.879,0.89,0.883,0.893,0.891,0.888,0.888,0.938,0.896,0.882,0.929,0.88,0.019,0.883,0.879,0.922,0.88,0.884,0.92,0.889,0.931,0.882,0.889,0.929,0.934,0.871,0.889,0.888,0.916,0.898
0.883,0.897,0.864,0.887,0.918,0.892,0.876,0.88,0.889,0.889,0.93,0.885,1.0,0.888,0.89,0.88,0.897,0.909,0.917,0.874,0.916,0.932,0.927,0.91,0.911,0.92,0.938,0.879,0.885,0.882,0.883,0.912,0.022,0.926,0.914,0.886,0.876,0.921,0.889,0.924,0.879,0.89,0.922,0.873,0.872,0.857,0.896,0.895,0.88,0.881
0.874,0.869,0.858,0.951,0.875,0.861,0.871,0.931,0.889,0.934,0.887,0.93,0.888,1.0,0.945,0.872,0.885,0.869,0.872,0.868,0.873,0.877,0.871,0.875,0.877,0.885,0.876,0.94,0.879,0.876,0.927,0.87,0.021,0.864,0.882,0.922,0.869,0.871,0.91,0.871,0.938,0.868,0.871,0.929,0.929,0.857,0.874,0.874,0.915,0.881
0.888,0.885,0.867,0.95,0.888,0.872,0.879,0.929,0.899,0.924,0.882,0.956,0.89,0.945,1.0,0.883,0.891,0.879,0.881,0.877,0.879,0.889,0.885,0.89,0.886,0.89,0.889,0.932,0.894,0.884,0.935,0.883,0.021,0.881,0.881,0.916,0.878,0.887,0.915,0.884,0.94,0.879,0.887,0.922,0.921,0.865,0.886,0.886,0.914,0.896
0.906,0.901,0.887,0.876,0.902,0.906,0.986,0.886,0.897,0.871,0.885,0.887,0.88,0.872,0.883,1.0,0.892,0.906,0.907,0.986,0.912,0.908,0.911,0.897,0.894,0.881,0.886,0.873,0.898,0.899,0.885,0.899,0.019,0.899,0.873,0.881,0.984,0.892,0.896,0.904,0.891,0.906,0.898,0.882,0.888,0.877,0.904,0.904,0.891,0.896
0.89,0.929,0.879,0.892,0.91,0.919,0.892,0.892,0.904,0.874,0.894,0.891,0.897,0.885,0.891,0.892,1.0,0.905,0.903,0.889,0.911,0.911,0.91,0.929,0.933,0.921,0.908,0.886,0.898,0.89,0.887,0.912,0.02,0.901,0.911,0.888,0.89,0.903,0.896,0.907,0.895,0.911,0.904,0.89,0.894,0.874,0.925,0.925,0.895,0.887
0.896,0.911,0.876,0.877,0.922,0.908,0.912,0.878,0.897,0.868,0.907,0.882,0.909,0.869,0.879,0.906,0.905,1.0,0.947,0.909,0.937,0.945,0.944,0.909,0.908,0.899,0.921,0.878,0.896,0.883,0.876,0.916,0.019,0.93,0.89,0.883,0.909,0.916,0.898,0.926,0.883,0.901,0.924,0.887,0.89,0.871,0.913,0.913,0.891,0.894
0.895,0.912,0.881,0.88,0.925,0.905,0.907,0.882,0.895,0.862,0.908,0.879,0.917,0.872,0.881,0.907,0.903,0.947,1.0,0.906,0.937,0.94,0.935,0.91,0.908,0.901,0.927,0.879,0.898,0.895,0.879,0.925,0.019,0.925,0.889,0.883,0.906,0.924,0.903,0.93,0.883,0.912,0.93,0.89,0.89,0.872,0.911,0.91,0.889,0.901
0.896,0.894,0.883,0.87,0.899,0.906,0.994,0.881,0.893,0.864,0.878,0.879,0.874,0.868,0.877,0.986,0.889,0.909,0.906,1.0,0.915,0.906,0.909,0.893,0.889,0.874,0.881,0.868,0.89,0.893,0.878,0.905,0.018,0.897,0.867,0.875,0.996,0.886,0.895,0.897,0.885,0.905,0.893,0.878,0.883,0.879,0.9,0.901,0.886,0.891
0.9,0.913,0.884,0.879,0.927,0.912,0.917,0.878,0.893,0.862,0.899,0.879,0.916,0.873,0.879,0.912,0.911,0.937,0.937,0.915,1.0,0.942,0.951,0.91,0.906,0.897,0.924,0.873,0.901,0.888,0.878,0.932,0.02,0.934,0.89,0.881,0.914,0.916,0.901,0.928,0.884,0.904,0.923,0.883,0.885,0.879,0.918,0.917,0.893,0.901
0.896,0.912,0.877,0.889,0.935,0.911,0.909,0.882,0.904,0.879,0.914,0.89,0.932,0.877,0.889,0.908,0.911,0.945,0.94,0.906,0.942,1.0,0.974,0.91,0.916,0.9,0.934,0.875,0.903,0.89,0.888,0.934,0.02,0.957,0.893,0.883,0.908,0.932,0.9,0.939,0.893,0.905,0.938,0.885,0.89,0.878,0.912,0.911,0.896,0.899
0.905,0.921,0.882,0.887,0.932,0.917,0.913,0.881,0.898,0.872,0.905,0.883,0.927,0.871,0.885,0.911,0.91,0.944,0.935,0.909,0.951,0.974,1.0,0.911,0.911,0.895,0.93,0.875,0.903,0.892,0.885,0.938,0.02,0.955,0.891,0.88,0.911,0.924,0.898,0.94,0.892,0.91,0.926,0.885,0.889,0.879,0.911,0.911,0.894,0.903
0.893,0.938,0.879,0.884,0.917,0.93,0.895,0.892,0.89,0.871,0.903,0.893,0.91,0.875,0.89,0.897,0.929,0.909,0.91,0.893,0.91,0.91,0.911,1.0,0.952,0.923,0.918,0.885,0.896,0.883,0.884,0.906,0.023,0.912,0.931,0.883,0.892,0.916,0.895,0.91,0.892,0.913,0.914,0.886,0.889,0.864,0.92,0.919,0.892,0.889
0.886,0.944,0.877,0.885,0.919,0.934,0.891,0.888,0.892,0.878,0.906,0.891,0.911,0.877,0.886,0.894,0.933,0.908,0.908,0.889,0.906,0.916,0.911,0.952,1.0,0.925,0.92,0.881,0.896,0.886,0.891,0.906,0.023,0.911,0.94,0.888,0.89,0.916,0.886,0.912,0.892,0.912,0.913,0.882,0.883,0.873,0.915,0.915,0.896,0.891
0.884,0.923,0.858,0.882,0.903,0.903,0.877,0.876,0.881,0.893,0.926,0.888,0.92,0.885,0.89,0.881,0.921,0.899,0.901,0.874,0.897,0.9,0.895,0.923,0.925,1.0,0.909,0.877,0.875,0.872,0.88,0.888,0.022,0.897,0.933,0.893,0.874,0.901,0.88,0.903,0.88,0.897,0.901,0.871,0.879,0.851,0.904,0.903,0.879,0.873
0.889,0.911,0.874,0.886,0.931,0.905,0.886,0.881,0.893,0.877,0.922,0.888,0.938,0.876,0.889,0.886,0.908,0.921,0.927,0.881,0.924,0.934,0.93,0.918,0.92,0.909,1.0,0.881,0.891,0.878,0.889,0.92,0.022,0.93,0.908,0.889,0.882,0.946,0.888,0.93,0.885,0.892,0.947,0.876,0.876,0.861,0.905,0.904,0.887,0.887
0.888,0.877,0.868,0.939,0.884,0.867,0.871,0.968,0.896,0.922,0.87,0.938,0.879,0.94,0.932,0.873,0.886,0.878,0.879,0.868,0.873,0.875,0.875,0.885,0.881,0.877,0.881,1.0,0.889,0.882,0.925,0.87,0.02,0.871,0.867,0.915,0.87,0.879,0.913,0.874,0.928,0.877,0.875,0.981,0.968,0.861,0.88,0.879,0.923,0.887
0.916,0.897,0.889,0.89,0.905,0.897,0.893,0.892,0.914,0.879,0.879,0.896,0.885,0.879,0.894,0.898,0.898,0.896,0.898,0.89,0.901,0.903,0.903,0.896,0.896,0.875,0.891,0.889,1.0,0.895,0.891,0.901,0.02,0.897,0.876,0.894,0.891,0.895,0.902,0.894,0.893,0.895,0.891,0.898,0.9,0.895,0.9,0.899,0.895,0.952
0.91,0.894,0.885,0.879,0.894,0.884,0.895,0.891,0.906,0.875,0.877,0.882,0.882,0.876,0.884,0.899,0.89,0.883,0.895,0.893,0.888,0.89,0.892,0.883,0.886,0.872,0.878,0.882,0.895,1.0,0.88,0.887,0.019,0.888,0.868,0.88,0.894,0.884,0.895,0.894,0.883,0.894,0.883,0.887,0.888,0.884,0.89,0.891,0.897,0.905
0.895,0.883,0.866,0.938,0.881,0.87,0.883,0.928,0.893,0.937,0.878,0.929,0.883,0.927,0.935,0.885,0.887,0.876,0.879,0.878,0.878,0.888,0.885,0.884,0.891,0.88,0.889,0.925,0.891,0.88,1.0,0.875,0.019,0.881,0.873,0.915,0.879,0.882,0.914,0.881,0.96,0.878,0.88,0.921,0.92,0.862,0.882,0.881,0.921,0.893
0.899,0.911,0.886,0.875,0.926,0.922,0.906,0.877,0.893,0.865,0.894,0.88,0.912,0.87,0.883,0.899,0.912,0.916,0.925,0.905,0.932,0.934,0.938,0.906,0.906,0.888,0.92,0.87,0.901,0.887,0.875,1.0,0.018,0.928,0.882,0.877,0.908,0.924,0.894,0.925,0.883,0.92,0.922,0.879,0.883,0.89,0.921,0.921,0.89,0.894
0.019,0.021,0.02,0.021,0.022,0.021,0.018,0.02,0.02,0.021,0.021,0.019,0.022,0.021,0.021,0.019,0.02,0.019,0.019,0.018,0.02,0.02,0.02,0.023,0.023,0.022,0.022,0.02,0.02,0.019,0.019,0.018,1.0,0.021,0.023,0.023,0.018,0.023,0.019,0.023,0.019,0.02,0.022,0.02,0.02,0.02,0.02,0.02,0.021,0.021
0.897,0.917,0.875,0.875,0.932,0.912,0.901,0.884,0.894,0.867,0.909,0.883,0.926,0.864,0.881,0.899,0.901,0.93,0.925,0.897,0.934,0.957,0.955,0.912,0.911,0.897,0.93,0.871,0.897,0.888,0.881,0.928,0.021,1.0,0.892,0.882,0.899,0.93,0.893,0.931,0.882,0.896,0.932,0.879,0.886,0.872,0.907,0.906,0.891,0.896
0.875,0.923,0.86,0.875,0.896,0.911,0.869,0.869,0.874,0.878,0.912,0.879,0.914,0.882,0.881,0.873,0.911,0.89,0.889,0.867,0.89,0.893,0.891,0.931,0.94,0.933,0.908,0.867,0.876,0.868,0.873,0.882,0.023,0.892,1.0,0.879,0.866,0.898,0.87,0.889,0.876,0.895,0.896,0.862,0.866,0.85,0.897,0.897,0.876,0.87
0.885,0.884,0.874,0.919,0.885,0.867,0.878,0.919,0.892,0.91,0.885,0.922,0.886,0.922,0.916,0.881,0.888,0.883,0.883,0.875,0.881,0.883,0.88,0.883,0.888,0.893,0.889,0.915,0.894,0.88,0.915,0.877,0.023,0.882,0.879,1.0,0.876,0.881,0.918,0.88,0.914,0.872,0.881,0.907,0.912,0.862,0.879,0.878,0.92,0.894
0.897,0.894,0.883,0.872,0.898,0.908,0.995,0.883,0.895,0.865,0.878,0.88,0.876,0.869,0.878,0.984,0.89,0.909,0.906,0.996,0.914,0.908,0.911,0.892,0.89,0.874,0.882,0.87,0.891,0.894,0.879,0.908,0.018,0.899,0.866,0.876,1.0,0.885,0.896,0.897,0.886,0.904,0.892,0.88,0.884,0.88,0.9,0.901,0.886,0.892
0.893,0.919,0.875,0.877,0.941,0.908,0.887,0.884,0.902,0.867,0.915,0.884,0.921,0.871,0.887,0.892,0.903,0.916,0.924,0.886,0.916,0.932,0.924,0.916,0.916,0.901,0.946,0.879,0.895,0.884,0.882,0.924,0.023,0.93,0.898,0.881,0.885,1.0,0.89,0.935,0.887,0.902,0.955,0.888,0.885,0.872,0.914,0.914,0.888,0.889
0.902,0.886,0.881,0.915,0.894,0.884,0.897,0.926,0.905,0.912,0.88,0.92,0.889,0.91,0.915,0.896,0.896,0.898,0.903,0.895,0.901,0.9,0.898,0.895,0.886,0.88,0.888,0.913,0.902,0.895,0.914,0.894,0.019,0.893,0.87,0.918,0.896,0.89,1.0,0.902,0.919,0.887,0.897,0.919,0.92,0.864,0.9,0.899,0.921,0.904
0.91,0.924,0.88,0.881,0.936,0.913,0.898,0.881,0.897,0.873,0.91,0.889,0.924,0.871,0.884,0.904,0.907,0.926,0.93,0.897,0.928,0.939,0.94,0.91,0.912,0.903,0.93,0.874,0.894,0.894,0.881,0.925,0.023,0.931,0.889,0.88,0.897,0.935,0.902,1.0,0.885,0.906,0.931,0.881,0.891,0.878,0.921,0.92,0.892,0.898
0.894,0.891,0.87,0.942,0.887,0.88,0.887,0.93,0.899,0.926,0.873,0.931,0.879,0.938,0.94,0.891,0.895,0.883,0.883,0.885,0.884,0.893,0.892,0.892,0.892,0.88,0.885,0.928,0.893,0.883,0.96,0.883,0.019,0.882,0.876,0.914,0.886,0.887,0.919,0.885,1.0,0.889,0.888,0.932,0.934,0.865,0.886,0.886,0.92,0.891
0.895,0.917,0.892,0.877,0.914,0.92,0.904,0.879,0.892,0.869,0.885,0.882,0.89,0.868,0.879,0.906,0.911,0.901,0.912,0.905,0.904,0.905,0.91,0.913,0.912,0.897,0.892,0.877,0.895,0.894,0.878,0.92,0.02,0.896,0.895,0.872,0.904,0.902,0.887,0.906,0.889,1.0,0.907,0.883,0.886,0.88,0.926,0.927,0.894,0.894
0.891,0.913,0.872,0.877,0.941,0.903,0.894,0.885,0.899,0.867,0.912,0.889,0.922,0.871,0.887,0.898,0.904,0.924,0.93,0.893,0.923,0.938,0.926,0.914,0.913,0.901,0.947,0.875,0.891,0.883,0.88,0.922,0.022,0.932,0.896,0.881,0.892,0.955,0.897,0.931,0.888,0.907,1.0,0.884,0.883,0.862,0.909,0.909,0.89,0.889
0.894,0.887,0.878,0.936,0.89,0.873,0.881,0.964,0.9,0.909,0.862,0.929,0.873,0.929,0.922,0.882,0.89,0.887,0.89,0.878,0.883,0.885,0.885,0.886,0.882,0.871,0.876,0.981,0.898,0.887,0.921,0.879,0.02,0.879,0.862,0.907,0.88,0.888,0.919,0.881,0.932,0.883,0.884,1.0,0.979,0.87,0.885,0.884,0.929,0.893
0.901,0.893,0.876,0.933,0.894,0.878,0.886,0.954,0.898,0.918,0.867,0.934,0.872,0.929,0.921,0.888,0.894,0.89,0.89,0.883,0.885,0.89,0.889,0.889,0.883,0.879,0.876,0.968,0.9,0.888,0.92,0.883,0.02,0.886,0.866,0.912,0.884,0.885,0.92,0.891,0.934,0.886,0.883,0.979,1.0,0.875,0.89,0.889,0.924,0.896
0.881,0.874,0.865,0.859,0.873,0.89,0.879,0.869,0.878,0.85,0.848,0.871,0.857,0.857,0.865,0.877,0.874,0.871,0.872,0.879,0.879,0.878,0.879,0.864,0.873,0.851,0.861,0.861,0.895,0.884,0.862,0.89,0.02,0.872,0.85,0.862,0.88,0.872,0.864,0.878,0.865,0.88,0.862,0.87,0.875,1.0,0.889,0.89,0.87,0.905
0.897,0.929,0.891,0.879,0.921,0.931,0.902,0.891,0.893,0.87,0.889,0.889,0.896,0.874,0.886,0.904,0.925,0.913,0.911,0.9,0.918,0.912,0.911,0.92,0.915,0.904,0.905,0.88,0.9,0.89,0.882,0.921,0.02,0.907,0.897,0.879,0.9,0.914,0.9,0.921,0.886,0.926,0.909,0.885,0.89,0.889,1.0,0.999,0.893,0.896
0.896,0.929,0.891,0.878,0.921,0.932,0.903,0.89,0.893,0.869,0.888,0.888,0.895,0.874,0.886,0.904,0.925,0.913,0.91,0.901,0.917,0.911,0.911,0.919,0.915,0.903,0.904,0.879,0.899,0.891,0.881,0.921,0.02,0.906,0.897,0.878,0.901,0.914,0.899,0.92,0.886,0.927,0.909,0.884,0.889,0.89,0.999,1.0,0.892,0.896
0.903,0.897,0.882,0.92,0.891,0.884,0.887,0.923,0.908,0.91,0.874,0.916,0.88,0.915,0.914,0.891,0.895,0.891,0.889,0.886,0.893,0.896,0.894,0.892,0.896,0.879,0.887,0.923,0.895,0.897,0.921,0.89,0.021,0.891,0.876,0.92,0.886,0.888,0.921,0.892,0.92,0.894,0.89,0.929,0.924,0.87,0.893,0.892,1.0,0.903
0.919,0.895,0.888,0.89,0.896,0.903,0.894,0.894,0.908,0.882,0.874,0.898,0.881,0.881,0.896,0.896,0.887,0.894,0.901,0.891,0.901,0.899,0.903,0.889,0.891,0.873,0.887,0.887,0.952,0.905,0.893,0.894,0.021,0.896,0.87,0.894,0.892,0.889,0.904,0.898,0.891,0.894,0.889,0.893,0.896,0.905,0.896,0.896,0.903,1.0
