GCF_000163235.1_ASM16323v1_genomic.fna,GCF_000164555.1_ASM16455v1_genomic.fna,GCF_000208545.1_ASM20854v2_genomic.fna,GCF_000233875.1_ASM23387v1_genomic.fna,GCF_000249735.1_ASM24973v2_genomic.fna,GCF_000261145.1_Esch_coli_M919_V2_genomic.fna,GCF_000267705.2_ASM26770v2_genomic.fna,GCF_000350665.1_Esch_coli_KTE5_V1_genomic.fna,GCF_000351625.1_Esch_coli_KTE66_V1_genomic.fna,GCF_000352285.1_Esch_coli_KTE46_V1_genomic.fna,GCF_000358895.1_ASM35889v1_genomic.fna,GCF_000456385.1_Esch_coli_HVH_26_4-5703913_V1_genomic.fna,GCF_000458195.1_Esch_coli_HVH_147_4-5893887_V1_genomic.fna,GCF_000459755.1_Esch_coli_KOEGE_58_171a_V1_genomic.fna,GCF_000460055.1_Esch_coli_UMEA_3053-1_V1_genomic.fna,GCF_000462165.2_ASM46216v2_genomic.fna,GCF_000601135.1_ASM60113v1_genomic.fna,GCF_000614595.1_Ec2010EL1058_genomic.fna,GCF_000617745.1_Ec2010C-4529_genomic.fna,GCF_000618265.2_EcF6751_genomic.fna,GCF_000619005.2_Ec2009C-4052_genomic.fna,GCF_000619105.1_Ec2009C-4780_genomic.fna,GCF_000619765.2_Ec2009C-3279_genomic.fna,GCF_000687005.1_ASM68700v1_genomic.fna,GCF_000687025.1_ASM68702v1_genomic.fna,GCF_000700125.1_ASM70012v1_genomic.fna,GCF_000753315.1_FHI35_genomic.fna,GCF_000776375.1_ASM77637v1_genomic.fna,GCF_000779395.1_ASM77939v1_genomic.fna,GCF_000780315.1_ASM78031v1_genomic.fna,GCF_000781995.1_ASM78199v1_genomic.fna,GCF_000986765.1_ASM98676v1_genomic.fna,GCF_001041375.1_ViralProj287958_genomic.fna,GCF_001265335.1_302014_genomic.fna,GCF_001265625.1_100854_genomic.fna,GCF_001267345.1_303289_genomic.fna,GCF_001309985.1_ASM130998v1_genomic.fna,GCF_001521695.1_ASM152169v1_genomic.fna,GCF_001592595.1_ASM159259v1_genomic.fna,GCF_001614975.1_ASM161497v1_genomic.fna,GCF_001692775.1_ASM169277v1_genomic.fna,GCF_001748915.1_ASM174891v1_genomic.fna,GCF_001749235.1_ASM174923v1_genomic.fna,GCF_001881155.1_ASM188115v1_genomic.fna,GCF_001881345.1_ASM188134v1_genomic.fna,GCF_001892405.1_ASM189240v1_genomic.fna,GCF_001892585.1_ASM189258v1_genomic.fna,GCF_001893985.1_ASM189398v1_genomic.fna,GCF_002001595.1_ASM200159v1_genomic.fna,GCF_002002145.1_ASM200214v1_genomic.fna
1.0,0.572,0.493,0.483,0.565,0.571,0.53,0.501,0.626,0.503,0.555,0.511,0.551,0.489,0.483,0.531,0.553,0.55,0.545,0.529,0.527,0.54,0.56,0.565,0.551,0.554,0.536,0.494,0.59,0.635,0.485,0.537,0.0,0.547,0.527,0.495,0.53,0.549,0.498,0.543,0.493,0.555,0.543,0.5,0.509,0.518,0.544,0.544,0.485,0.585
0.572,1.0,0.44,0.497,0.687,0.796,0.569,0.495,0.525,0.498,0.642,0.522,0.647,0.486,0.492,0.574,0.731,0.659,0.651,0.566,0.637,0.639,0.653,0.803,0.811,0.74,0.644,0.492,0.549,0.531,0.492,0.674,0.0,0.647,0.744,0.49,0.568,0.668,0.514,0.655,0.499,0.722,0.659,0.506,0.505,0.514,0.728,0.727,0.499,0.541
0.493,0.44,1.0,0.399,0.449,0.441,0.414,0.415,0.472,0.405,0.431,0.42,0.427,0.399,0.408,0.417,0.435,0.44,0.427,0.415,0.42,0.413,0.431,0.442,0.432,0.421,0.414,0.413,0.462,0.483,0.397,0.417,0.0,0.429,0.406,0.41,0.415,0.432,0.413,0.428,0.406,0.427,0.428,0.418,0.412,0.436,0.426,0.426,0.401,0.456
0.483,0.497,0.399,1.0,0.48,0.493,0.452,0.749,0.511,0.77,0.504,0.746,0.496,0.797,0.785,0.456,0.492,0.475,0.475,0.443,0.458,0.474,0.476,0.516,0.497,0.491,0.473,0.799,0.53,0.49,0.75,0.472,0.0,0.468,0.483,0.671,0.446,0.481,0.684,0.487,0.77,0.483,0.468,0.773,0.778,0.497,0.47,0.472,0.697,0.518
0.565,0.687,0.449,0.48,1.0,0.697,0.572,0.49,0.533,0.495,0.777,0.501,0.736,0.496,0.5,0.575,0.695,0.719,0.719,0.57,0.707,0.715,0.737,0.687,0.691,0.683,0.725,0.485,0.565,0.54,0.493,0.715,0.0,0.73,0.643,0.479,0.572,0.744,0.496,0.735,0.504,0.703,0.752,0.485,0.487,0.504,0.709,0.71,0.478,0.548
0.571,0.796,0.441,0.493,0.697,1.0,0.589,0.503,0.536,0.503,0.651,0.51,0.653,0.496,0.5,0.59,0.724,0.674,0.651,0.586,0.641,0.65,0.674,0.801,0.814,0.725,0.647,0.496,0.559,0.531,0.496,0.653,0.0,0.668,0.754,0.507,0.586,0.66,0.53,0.665,0.508,0.735,0.66,0.501,0.501,0.501,0.717,0.72,0.501,0.549
0.53,0.569,0.414,0.452,0.572,0.589,1.0,0.451,0.519,0.439,0.575,0.461,0.569,0.451,0.453,0.954,0.582,0.618,0.611,0.978,0.603,0.589,0.608,0.596,0.58,0.581,0.58,0.44,0.509,0.521,0.455,0.552,0.0,0.577,0.56,0.471,0.983,0.571,0.466,0.585,0.45,0.59,0.576,0.448,0.449,0.438,0.553,0.554,0.439,0.508
0.501,0.495,0.415,0.749,0.49,0.503,0.451,1.0,0.493,0.753,0.49,0.734,0.502,0.753,0.737,0.459,0.506,0.484,0.485,0.442,0.452,0.49,0.493,0.518,0.497,0.484,0.482,0.904,0.551,0.501,0.751,0.472,0.0,0.484,0.467,0.677,0.445,0.506,0.706,0.502,0.753,0.491,0.481,0.893,0.881,0.512,0.473,0.474,0.705,0.534
0.626,0.525,0.472,0.511,0.533,0.536,0.519,0.493,1.0,0.517,0.574,0.476,0.564,0.496,0.489,0.525,0.538,0.523,0.515,0.511,0.505,0.546,0.546,0.568,0.535,0.541,0.544,0.505,0.571,0.651,0.491,0.515,0.0,0.536,0.53,0.504,0.517,0.53,0.482,0.551,0.488,0.54,0.536,0.49,0.491,0.517,0.52,0.52,0.493,0.573
0.503,0.498,0.405,0.77,0.495,0.503,0.439,0.753,0.517,1.0,0.524,0.726,0.515,0.756,0.735,0.454,0.499,0.474,0.476,0.431,0.455,0.484,0.478,0.52,0.501,0.503,0.481,0.777,0.53,0.505,0.762,0.464,0.0,0.472,0.474,0.671,0.435,0.488,0.7,0.501,0.766,0.495,0.473,0.755,0.762,0.505,0.482,0.482,0.729,0.522
0.555,0.642,0.431,0.504,0.777,0.651,0.575,0.49,0.574,0.524,1.0,0.487,0.789,0.502,0.493,0.586,0.669,0.712,0.714,0.565,0.69,0.741,0.734,0.701,0.664,0.69,0.736,0.498,0.552,0.544,0.484,0.678,0.0,0.71,0.693,0.498,0.571,0.731,0.485,0.76,0.489,0.692,0.729,0.482,0.484,0.494,0.66,0.659,0.487,0.551
0.511,0.522,0.42,0.746,0.501,0.51,0.461,0.734,0.476,0.726,0.487,1.0,0.486,0.754,0.859,0.464,0.508,0.484,0.486,0.453,0.473,0.479,0.489,0.519,0.509,0.496,0.472,0.747,0.54,0.498,0.724,0.481,0.0,0.483,0.471,0.664,0.456,0.5,0.7,0.489,0.756,0.498,0.493,0.752,0.756,0.521,0.495,0.496,0.694,0.539
0.551,0.647,0.427,0.496,0.736,0.653,0.569,0.502,0.564,0.515,0.789,0.486,1.0,0.49,0.495,0.578,0.667,0.74,0.751,0.559,0.734,0.8,0.797,0.694,0.652,0.67,0.79,0.502,0.554,0.552,0.48,0.716,0.0,0.777,0.656,0.491,0.564,0.776,0.481,0.796,0.484,0.687,0.761,0.485,0.488,0.486,0.664,0.664,0.492,0.551
0.489,0.486,0.399,0.797,0.496,0.496,0.451,0.753,0.496,0.756,0.502,0.754,0.49,1.0,0.799,0.457,0.498,0.485,0.485,0.441,0.457,0.488,0.49,0.511,0.495,0.492,0.486,0.787,0.544,0.495,0.754,0.477,0.0,0.477,0.465,0.672,0.445,0.495,0.7,0.503,0.777,0.493,0.479,0.776,0.778,0.512,0.47,0.473,0.715,0.532
0.483,0.492,0.408,0.785,0.5,0.5,0.453,0.737,0.489,0.735,0.493,0.859,0.495,0.799,1.0,0.46,0.511,0.482,0.478,0.444,0.457,0.487,0.496,0.505,0.495,0.483,0.482,0.763,0.55,0.495,0.746,0.476,0.0,0.477,0.465,0.666,0.448,0.495,0.7,0.494,0.767,0.493,0.484,0.751,0.756,0.521,0.494,0.496,0.708,0.559
0.531,0.574,0.417,0.456,0.575,0.59,0.954,0.459,0.525,0.454,0.586,0.464,0.578,0.457,0.46,1.0,0.577,0.605,0.61,0.943,0.588,0.601,0.6,0.601,0.581,0.588,0.583,0.451,0.517,0.53,0.454,0.542,0.0,0.573,0.561,0.481,0.948,0.581,0.466,0.593,0.455,0.591,0.573,0.45,0.454,0.441,0.553,0.554,0.452,0.506
0.553,0.731,0.435,0.492,0.695,0.724,0.582,0.506,0.538,0.499,0.669,0.508,0.667,0.498,0.511,0.577,1.0,0.676,0.664,0.572,0.634,0.675,0.685,0.762,0.755,0.766,0.661,0.496,0.561,0.531,0.495,0.679,0.0,0.695,0.703,0.507,0.579,0.662,0.508,0.665,0.496,0.719,0.662,0.501,0.505,0.488,0.705,0.705,0.487,0.558
0.55,0.659,0.44,0.475,0.719,0.674,0.618,0.484,0.523,0.474,0.712,0.484,0.74,0.485,0.482,0.605,0.676,1.0,0.792,0.619,0.766,0.772,0.779,0.672,0.652,0.667,0.741,0.474,0.534,0.536,0.479,0.705,0.0,0.737,0.628,0.494,0.615,0.729,0.505,0.736,0.478,0.694,0.748,0.48,0.48,0.487,0.669,0.671,0.469,0.545
0.545,0.651,0.427,0.475,0.719,0.651,0.611,0.485,0.515,0.476,0.714,0.486,0.751,0.485,0.478,0.61,0.664,0.792,1.0,0.61,0.772,0.763,0.767,0.661,0.645,0.653,0.744,0.476,0.524,0.532,0.476,0.715,0.0,0.733,0.622,0.492,0.608,0.732,0.494,0.746,0.48,0.691,0.743,0.478,0.478,0.488,0.659,0.659,0.472,0.533
0.529,0.566,0.415,0.443,0.57,0.586,0.978,0.442,0.511,0.431,0.565,0.453,0.559,0.441,0.444,0.943,0.572,0.619,0.61,1.0,0.605,0.582,0.606,0.584,0.576,0.575,0.571,0.431,0.503,0.516,0.446,0.552,0.0,0.573,0.549,0.464,0.986,0.561,0.463,0.578,0.44,0.586,0.574,0.439,0.44,0.439,0.551,0.552,0.43,0.502
0.527,0.637,0.42,0.458,0.707,0.641,0.603,0.452,0.505,0.455,0.69,0.473,0.734,0.457,0.457,0.588,0.634,0.766,0.772,0.605,1.0,0.76,0.779,0.644,0.626,0.639,0.737,0.452,0.505,0.517,0.459,0.72,0.0,0.742,0.601,0.471,0.6,0.728,0.473,0.745,0.467,0.657,0.736,0.458,0.459,0.487,0.665,0.665,0.441,0.521
0.54,0.639,0.413,0.474,0.715,0.65,0.589,0.49,0.546,0.484,0.741,0.479,0.8,0.488,0.487,0.601,0.675,0.772,0.763,0.582,0.76,1.0,0.925,0.677,0.656,0.659,0.771,0.489,0.535,0.542,0.471,0.716,0.0,0.86,0.628,0.492,0.584,0.751,0.481,0.766,0.475,0.676,0.745,0.484,0.484,0.484,0.651,0.651,0.479,0.542
0.56,0.653,0.431,0.476,0.737,0.674,0.608,0.493,0.546,0.478,0.734,0.489,0.797,0.49,0.496,0.6,0.685,0.779,0.767,0.606,0.779,0.925,1.0,0.671,0.653,0.651,0.769,0.489,0.547,0.546,0.48,0.736,0.0,0.864,0.637,0.492,0.605,0.751,0.5,0.755,0.485,0.684,0.758,0.492,0.491,0.49,0.667,0.667,0.476,0.552
0.565,0.803,0.442,0.516,0.687,0.801,0.596,0.518,0.568,0.52,0.701,0.519,0.694,0.511,0.505,0.601,0.762,0.672,0.661,0.584,0.644,0.677,0.671,1.0,0.837,0.779,0.674,0.511,0.561,0.558,0.504,0.662,0.0,0.679,0.816,0.514,0.592,0.669,0.504,0.691,0.508,0.744,0.667,0.497,0.504,0.506,0.714,0.713,0.501,0.557
0.551,0.811,0.432,0.497,0.691,0.814,0.58,0.497,0.535,0.501,0.664,0.509,0.652,0.495,0.495,0.581,0.755,0.652,0.645,0.576,0.626,0.656,0.653,0.837,1.0,0.78,0.657,0.488,0.542,0.539,0.5,0.665,0.0,0.654,0.777,0.497,0.581,0.662,0.503,0.667,0.503,0.731,0.655,0.504,0.505,0.495,0.697,0.698,0.502,0.54
0.554,0.74,0.421,0.491,0.683,0.725,0.581,0.484,0.541,0.503,0.69,0.496,0.67,0.492,0.483,0.588,0.766,0.667,0.653,0.575,0.639,0.659,0.651,0.779,0.78,1.0,0.662,0.486,0.541,0.53,0.481,0.639,0.0,0.653,0.727,0.494,0.578,0.653,0.485,0.683,0.482,0.732,0.647,0.489,0.489,0.492,0.707,0.708,0.497,0.54
0.536,0.644,0.414,0.473,0.725,0.647,0.58,0.482,0.544,0.481,0.736,0.472,0.79,0.486,0.482,0.583,0.661,0.741,0.744,0.571,0.737,0.771,0.769,0.674,0.657,0.662,1.0,0.476,0.542,0.532,0.474,0.734,0.0,0.745,0.634,0.482,0.577,0.833,0.467,0.793,0.48,0.677,0.831,0.476,0.472,0.485,0.648,0.648,0.478,0.535
0.494,0.492,0.413,0.799,0.485,0.496,0.44,0.904,0.505,0.777,0.498,0.747,0.502,0.787,0.763,0.451,0.496,0.474,0.476,0.431,0.452,0.489,0.489,0.511,0.488,0.486,0.476,1.0,0.535,0.498,0.755,0.47,0.0,0.475,0.462,0.675,0.435,0.502,0.694,0.494,0.777,0.485,0.465,0.957,0.942,0.503,0.469,0.469,0.715,0.521
0.59,0.549,0.462,0.53,0.565,0.559,0.509,0.551,0.571,0.53,0.552,0.54,0.554,0.544,0.55,0.517,0.561,0.534,0.524,0.503,0.505,0.535,0.547,0.561,0.542,0.541,0.542,0.535,1.0,0.572,0.526,0.539,0.0,0.54,0.522,0.537,0.507,0.549,0.519,0.554,0.525,0.541,0.532,0.528,0.535,0.622,0.525,0.525,0.517,0.833
0.635,0.531,0.483,0.49,0.54,0.531,0.521,0.501,0.651,0.505,0.544,0.498,0.552,0.495,0.495,0.53,0.531,0.536,0.532,0.516,0.517,0.542,0.546,0.558,0.539,0.53,0.532,0.498,0.572,1.0,0.499,0.506,0.0,0.526,0.508,0.508,0.521,0.539,0.484,0.561,0.509,0.544,0.537,0.501,0.502,0.55,0.527,0.527,0.498,0.588
0.485,0.492,0.397,0.75,0.493,0.496,0.455,0.751,0.491,0.762,0.484,0.724,0.48,0.754,0.746,0.454,0.495,0.479,0.476,0.446,0.459,0.471,0.48,0.504,0.5,0.481,0.474,0.755,0.526,0.499,1.0,0.469,0.0,0.466,0.458,0.676,0.45,0.484,0.7,0.489,0.901,0.49,0.476,0.756,0.758,0.51,0.482,0.483,0.701,0.524
0.537,0.674,0.417,0.472,0.715,0.653,0.552,0.472,0.515,0.464,0.678,0.481,0.716,0.477,0.476,0.542,0.679,0.705,0.715,0.552,0.72,0.716,0.736,0.662,0.665,0.639,0.734,0.47,0.539,0.506,0.469,1.0,0.0,0.719,0.609,0.463,0.55,0.756,0.501,0.739,0.467,0.663,0.764,0.473,0.475,0.494,0.693,0.693,0.46,0.516
0.0,0.0,0.0,0.0,0.0,0.0,0.0,0.0,0.0,0.0,0.0,0.0,0.0,0.0,0.0,0.0,0.0,0.0,0.0,0.0,0.0,0.0,0.0,0.0,0.0,0.0,0.0,0.0,0.0,0.0,0.0,0.0,1.0,0.0,0.0,0.0,0.0,0.0,0.0,0.0,0.0,0.0,0.0,0.0,0.0,0.0,0.0,0.0,0.0,0.0
0.547,0.647,0.429,0.468,0.73,0.668,0.577,0.484,0.536,0.472,0.71,0.483,0.777,0.477,0.477,0.573,0.695,0.737,0.733,0.573,0.742,0.86,0.864,0.679,0.654,0.653,0.745,0.475,0.54,0.526,0.466,0.719,0.0,1.0,0.633,0.499,0.576,0.74,0.503,0.741,0.464,0.679,0.759,0.482,0.485,0.485,0.665,0.666,0.468,0.54
0.527,0.744,0.406,0.483,0.643,0.754,0.56,0.467,0.53,0.474,0.693,0.471,0.656,0.465,0.465,0.561,0.703,0.628,0.622,0.549,0.601,0.628,0.637,0.816,0.777,0.727,0.634,0.462,0.522,0.508,0.458,0.609,0.0,0.633,1.0,0.465,0.557,0.626,0.462,0.645,0.46,0.697,0.623,0.449,0.456,0.461,0.667,0.667,0.451,0.514
0.495,0.49,0.41,0.671,0.479,0.507,0.471,0.677,0.504,0.671,0.498,0.664,0.491,0.672,0.666,0.481,0.507,0.494,0.492,0.464,0.471,0.492,0.492,0.514,0.497,0.494,0.482,0.675,0.537,0.508,0.676,0.463,0.0,0.499,0.465,1.0,0.466,0.478,0.691,0.506,0.683,0.498,0.471,0.674,0.68,0.502,0.474,0.475,0.657,0.538
0.53,0.568,0.415,0.446,0.572,0.586,0.983,0.445,0.517,0.435,0.571,0.456,0.564,0.445,0.448,0.948,0.579,0.615,0.608,0.986,0.6,0.584,0.605,0.592,0.581,0.578,0.577,0.435,0.507,0.521,0.45,0.55,0.0,0.576,0.557,0.466,1.0,0.567,0.463,0.581,0.444,0.589,0.575,0.442,0.442,0.439,0.552,0.553,0.433,0.505
0.549,0.668,0.432,0.481,0.744,0.66,0.571,0.506,0.53,0.488,0.731,0.5,0.776,0.495,0.495,0.581,0.662,0.729,0.732,0.561,0.728,0.751,0.751,0.669,0.662,0.653,0.833,0.502,0.549,0.539,0.484,0.756,0.0,0.74,0.626,0.478,0.567,1.0,0.484,0.783,0.493,0.689,0.86,0.502,0.495,0.487,0.679,0.678,0.483,0.544
0.498,0.514,0.413,0.684,0.496,0.53,0.466,0.706,0.482,0.7,0.485,0.7,0.481,0.7,0.7,0.466,0.508,0.505,0.494,0.463,0.473,0.481,0.5,0.504,0.503,0.485,0.467,0.694,0.519,0.484,0.7,0.501,0.0,0.503,0.462,0.691,0.463,0.484,1.0,0.487,0.704,0.507,0.497,0.698,0.702,0.507,0.498,0.499,0.665,0.519
0.543,0.655,0.428,0.487,0.735,0.665,0.585,0.502,0.551,0.501,0.76,0.489,0.796,0.503,0.494,0.593,0.665,0.736,0.746,0.578,0.745,0.766,0.755,0.691,0.667,0.683,0.793,0.494,0.554,0.561,0.489,0.739,0.0,0.741,0.645,0.506,0.581,0.783,0.487,1.0,0.491,0.696,0.782,0.49,0.499,0.502,0.686,0.686,0.487,0.555
0.493,0.499,0.406,0.77,0.504,0.508,0.45,0.753,0.488,0.766,0.489,0.756,0.484,0.777,0.767,0.455,0.496,0.478,0.48,0.44,0.467,0.475,0.485,0.508,0.503,0.482,0.48,0.777,0.525,0.509,0.901,0.467,0.0,0.464,0.46,0.683,0.444,0.493,0.704,0.491,1.0,0.498,0.474,0.779,0.778,0.516,0.485,0.486,0.708,0.53
0.555,0.722,0.427,0.483,0.703,0.735,0.59,0.491,0.54,0.495,0.692,0.498,0.687,0.493,0.493,0.591,0.719,0.694,0.691,0.586,0.657,0.676,0.684,0.744,0.731,0.732,0.677,0.485,0.541,0.544,0.49,0.663,0.0,0.679,0.697,0.498,0.589,0.689,0.507,0.696,0.498,1.0,0.705,0.49,0.488,0.493,0.745,0.747,0.482,0.546
0.543,0.659,0.428,0.468,0.752,0.66,0.576,0.481,0.536,0.473,0.729,0.493,0.761,0.479,0.484,0.573,0.662,0.748,0.743,0.574,0.736,0.745,0.758,0.667,0.655,0.647,0.831,0.465,0.532,0.537,0.476,0.764,0.0,0.759,0.623,0.471,0.575,0.86,0.497,0.782,0.474,0.705,1.0,0.472,0.471,0.493,0.678,0.679,0.467,0.531
0.5,0.506,0.418,0.773,0.485,0.501,0.448,0.893,0.49,0.755,0.482,0.752,0.485,0.776,0.751,0.45,0.501,0.48,0.478,0.439,0.458,0.484,0.492,0.497,0.504,0.489,0.476,0.957,0.528,0.501,0.756,0.473,0.0,0.482,0.449,0.674,0.442,0.502,0.698,0.49,0.779,0.49,0.472,1.0,0.958,0.509,0.472,0.473,0.712,0.522
0.509,0.505,0.412,0.778,0.487,0.501,0.449,0.881,0.491,0.762,0.484,0.756,0.488,0.778,0.756,0.454,0.505,0.48,0.478,0.44,0.459,0.484,0.491,0.504,0.505,0.489,0.472,0.942,0.535,0.502,0.758,0.475,0.0,0.485,0.456,0.68,0.442,0.495,0.702,0.499,0.778,0.488,0.471,0.958,1.0,0.504,0.479,0.48,0.71,0.526
0.518,0.514,0.436,0.497,0.504,0.501,0.438,0.512,0.517,0.505,0.494,0.521,0.486,0.512,0.521,0.441,0.488,0.487,0.488,0.439,0.487,0.484,0.49,0.506,0.495,0.492,0.485,0.503,0.622,0.55,0.51,0.494,0.0,0.485,0.461,0.502,0.439,0.487,0.507,0.502,0.516,0.493,0.493,0.509,0.504,1.0,0.527,0.528,0.493,0.675
0.544,0.728,0.426,0.47,0.709,0.717,0.553,0.473,0.52,0.482,0.66,0.495,0.664,0.47,0.494,0.553,0.705,0.669,0.659,0.551,0.665,0.651,0.667,0.714,0.697,0.707,0.648,0.469,0.525,0.527,0.482,0.693,0.0,0.665,0.667,0.474,0.552,0.679,0.498,0.686,0.485,0.745,0.678,0.472,0.479,0.527,1.0,0.997,0.471,0.537
0.544,0.727,0.426,0.472,0.71,0.72,0.554,0.474,0.52,0.482,0.659,0.496,0.664,0.473,0.496,0.554,0.705,0.671,0.659,0.552,0.665,0.651,0.667,0.713,0.698,0.708,0.648,0.469,0.525,0.527,0.483,0.693,0.0,0.666,0.667,0.475,0.553,0.678,0.499,0.686,0.486,0.747,0.679,0.473,0.48,0.528,0.997,1.0,0.473,0.539
0.485,0.499,0.401,0.697,0.478,0.501,0.439,0.705,0.493,0.729,0.487,0.694,0.492,0.715,0.708,0.452,0.487,0.469,0.472,0.43,0.441,0.479,0.476,0.501,0.502,0.497,0.478,0.715,0.517,0.498,0.701,0.46,0.0,0.468,0.451,0.657,0.433,0.483,0.665,0.487,0.708,0.482,0.467,0.712,0.71,0.493,0.471,0.473,1.0,0.513
0.585,0.541,0.456,0.518,0.548,0.549,0.508,0.534,0.573,0.522,0.551,0.539,0.551,0.532,0.559,0.506,0.558,0.545,0.533,0.502,0.521,0.542,0.552,0.557,0.54,0.54,0.535,0.521,0.833,0.588,0.524,0.516,0.0,0.54,0.514,0.538,0.505,0.544,0.519,0.555,0.53,0.546,0.531,0.522,0.526,0.675,0.537,0.539,0.513,1.0
