GCF_000163235.1_ASM16323v1_genomic.fna,GCF_000164555.1_ASM16455v1_genomic.fna,GCF_000208545.1_ASM20854v2_genomic.fna,GCF_000233875.1_ASM23387v1_genomic.fna,GCF_000249735.1_ASM24973v2_genomic.fna,GCF_000261145.1_Esch_coli_M919_V2_genomic.fna,GCF_000267705.2_ASM26770v2_genomic.fna,GCF_000350665.1_Esch_coli_KTE5_V1_genomic.fna,GCF_000351625.1_Esch_coli_KTE66_V1_genomic.fna,GCF_000352285.1_Esch_coli_KTE46_V1_genomic.fna,GCF_000358895.1_ASM35889v1_genomic.fna,GCF_000456385.1_Esch_coli_HVH_26_4-5703913_V1_genomic.fna,GCF_000458195.1_Esch_coli_HVH_147_4-5893887_V1_genomic.fna,GCF_000459755.1_Esch_coli_KOEGE_58_171a_V1_genomic.fna,GCF_000460055.1_Esch_coli_UMEA_3053-1_V1_genomic.fna,GCF_000462165.2_ASM46216v2_genomic.fna,GCF_000601135.1_ASM60113v1_genomic.fna,GCF_000614595.1_Ec2010EL1058_genomic.fna,GCF_000617745.1_Ec2010C-4529_genomic.fna,GCF_000618265.2_EcF6751_genomic.fna,GCF_000619005.2_Ec2009C-4052_genomic.fna,GCF_000619105.1_Ec2009C-4780_genomic.fna,GCF_000619765.2_Ec2009C-3279_genomic.fna,GCF_000687005.1_ASM68700v1_genomic.fna,GCF_000687025.1_ASM68702v1_genomic.fna,GCF_000700125.1_ASM70012v1_genomic.fna,GCF_000753315.1_FHI35_genomic.fna,GCF_000776375.1_ASM77637v1_genomic.fna,GCF_000779395.1_ASM77939v1_genomic.fna,GCF_000780315.1_ASM78031v1_genomic.fna,GCF_000781995.1_ASM78199v1_genomic.fna,GCF_000986765.1_ASM98676v1_genomic.fna,GCF_001041375.1_ViralProj287958_genomic.fna,GCF_001265335.1_302014_genomic.fna,GCF_001265625.1_100854_genomic.fna,GCF_001267345.1_303289_genomic.fna,GCF_001309985.1_ASM130998v1_genomic.fna,GCF_001521695.1_ASM152169v1_genomic.fna,GCF_001592595.1_ASM159259v1_genomic.fna,GCF_001614975.1_ASM161497v1_genomic.fna,GCF_001692775.1_ASM169277v1_genomic.fna,GCF_001748915.1_ASM174891v1_genomic.fna,GCF_001749235.1_ASM174923v1_genomic.fna,GCF_001881155.1_ASM188115v1_genomic.fna,GCF_001881345.1_ASM188134v1_genomic.fna,GCF_001892405.1_ASM189240v1_genomic.fna,GCF_001892585.1_ASM189258v1_genomic.fna,GCF_001893985.1_ASM189398v1_genomic.fna,GCF_002001595.1_ASM200159v1_genomic.fna,GCF_002002145.1_ASM200214v1_genomic.fna
1.0,0.506,0.406,0.438,0.491,0.492,0.469,0.458,0.608,0.451,0.473,0.458,0.476,0.427,0.421,0.472,0.484,0.477,0.47,0.467,0.468,0.476,0.476,0.49,0.488,0.474,0.477,0.447,0.527,0.574,0.424,0.468,0.0,0.476,0.454,0.443,0.467,0.495,0.438,0.48,0.437,0.47,0.483,0.454,0.472,0.485,0.448,0.449,0.416,0.543
0.506,1.0,0.345,0.436,0.628,0.783,0.537,0.462,0.47,0.442,0.601,0.466,0.604,0.425,0.431,0.539,0.702,0.596,0.582,0.531,0.589,0.597,0.601,0.798,0.811,0.711,0.604,0.453,0.472,0.48,0.425,0.612,0.0,0.595,0.74,0.418,0.533,0.635,0.431,0.604,0.436,0.681,0.618,0.472,0.478,0.439,0.668,0.669,0.439,0.473
0.406,0.345,1.0,0.324,0.348,0.341,0.323,0.334,0.376,0.322,0.346,0.326,0.344,0.321,0.318,0.33,0.352,0.34,0.336,0.318,0.328,0.346,0.351,0.344,0.348,0.345,0.34,0.331,0.377,0.388,0.305,0.347,0.0,0.351,0.312,0.335,0.322,0.349,0.32,0.355,0.315,0.328,0.345,0.334,0.332,0.346,0.341,0.341,0.322,0.378
0.438,0.436,0.324,1.0,0.414,0.424,0.411,0.718,0.423,0.736,0.415,0.722,0.417,0.773,0.77,0.416,0.414,0.418,0.404,0.405,0.394,0.414,0.42,0.436,0.432,0.427,0.415,0.751,0.469,0.44,0.722,0.411,0.0,0.411,0.401,0.635,0.408,0.427,0.645,0.407,0.743,0.405,0.415,0.732,0.729,0.433,0.407,0.407,0.673,0.474
0.491,0.628,0.348,0.414,1.0,0.646,0.531,0.442,0.454,0.418,0.776,0.427,0.712,0.415,0.418,0.543,0.631,0.658,0.664,0.523,0.684,0.67,0.679,0.634,0.639,0.618,0.701,0.425,0.47,0.466,0.407,0.699,0.0,0.675,0.598,0.4,0.527,0.722,0.41,0.716,0.419,0.622,0.721,0.424,0.429,0.4,0.621,0.623,0.413,0.451
0.492,0.783,0.341,0.424,0.646,1.0,0.555,0.457,0.468,0.427,0.614,0.431,0.621,0.423,0.422,0.562,0.708,0.627,0.603,0.548,0.599,0.615,0.625,0.798,0.816,0.692,0.613,0.445,0.489,0.466,0.412,0.629,0.0,0.633,0.761,0.426,0.548,0.637,0.442,0.622,0.423,0.686,0.631,0.445,0.45,0.426,0.682,0.684,0.417,0.471
0.469,0.537,0.323,0.411,0.531,0.555,1.0,0.437,0.478,0.394,0.52,0.416,0.52,0.405,0.408,0.951,0.535,0.562,0.553,0.986,0.568,0.545,0.566,0.55,0.538,0.529,0.54,0.426,0.446,0.465,0.401,0.531,0.0,0.534,0.513,0.427,0.985,0.526,0.419,0.54,0.406,0.529,0.539,0.431,0.434,0.413,0.503,0.503,0.391,0.461
0.458,0.462,0.334,0.718,0.442,0.457,0.437,1.0,0.444,0.711,0.426,0.7,0.433,0.709,0.699,0.443,0.441,0.428,0.428,0.432,0.415,0.423,0.428,0.46,0.455,0.448,0.435,0.913,0.506,0.456,0.705,0.423,0.0,0.429,0.418,0.625,0.435,0.458,0.664,0.44,0.716,0.43,0.433,0.912,0.899,0.455,0.419,0.42,0.66,0.487
0.608,0.47,0.376,0.423,0.454,0.468,0.478,0.444,1.0,0.429,0.451,0.432,0.459,0.419,0.426,0.479,0.463,0.45,0.445,0.474,0.448,0.459,0.466,0.47,0.461,0.449,0.457,0.433,0.507,0.597,0.427,0.45,0.0,0.46,0.43,0.44,0.477,0.451,0.424,0.46,0.435,0.459,0.47,0.437,0.44,0.472,0.434,0.434,0.406,0.522
0.451,0.442,0.322,0.736,0.418,0.427,0.394,0.711,0.429,1.0,0.421,0.691,0.429,0.72,0.704,0.403,0.408,0.422,0.398,0.388,0.391,0.412,0.41,0.439,0.434,0.442,0.421,0.726,0.473,0.435,0.722,0.395,0.0,0.405,0.4,0.636,0.393,0.438,0.65,0.412,0.734,0.396,0.414,0.708,0.719,0.43,0.396,0.396,0.66,0.461
0.473,0.601,0.346,0.415,0.776,0.614,0.52,0.426,0.451,0.421,1.0,0.408,0.748,0.416,0.408,0.531,0.605,0.688,0.668,0.512,0.659,0.703,0.684,0.652,0.612,0.633,0.693,0.423,0.448,0.46,0.396,0.677,0.0,0.664,0.646,0.403,0.516,0.699,0.399,0.714,0.406,0.6,0.709,0.419,0.418,0.397,0.601,0.602,0.397,0.447
0.458,0.466,0.326,0.722,0.427,0.431,0.416,0.7,0.432,0.691,0.408,1.0,0.41,0.724,0.854,0.417,0.423,0.403,0.398,0.412,0.404,0.401,0.403,0.443,0.441,0.429,0.41,0.696,0.476,0.442,0.683,0.405,0.0,0.405,0.402,0.608,0.415,0.426,0.658,0.412,0.709,0.421,0.418,0.704,0.714,0.451,0.401,0.402,0.642,0.478
0.476,0.604,0.344,0.417,0.712,0.621,0.52,0.433,0.459,0.429,0.748,0.41,1.0,0.413,0.411,0.528,0.601,0.715,0.702,0.511,0.703,0.778,0.767,0.647,0.612,0.625,0.752,0.426,0.458,0.472,0.399,0.703,0.0,0.745,0.631,0.409,0.515,0.734,0.406,0.751,0.409,0.604,0.739,0.418,0.415,0.399,0.612,0.613,0.398,0.446
0.427,0.425,0.321,0.773,0.415,0.423,0.405,0.709,0.419,0.72,0.416,0.724,0.413,1.0,0.765,0.412,0.409,0.421,0.401,0.4,0.396,0.419,0.419,0.433,0.426,0.429,0.421,0.743,0.49,0.432,0.712,0.411,0.0,0.415,0.402,0.629,0.404,0.432,0.657,0.41,0.728,0.404,0.419,0.723,0.721,0.436,0.404,0.405,0.674,0.475
0.421,0.431,0.318,0.77,0.418,0.422,0.408,0.699,0.426,0.704,0.408,0.854,0.411,0.765,1.0,0.414,0.415,0.406,0.39,0.403,0.393,0.405,0.411,0.426,0.423,0.424,0.41,0.713,0.483,0.442,0.713,0.41,0.0,0.407,0.396,0.624,0.407,0.426,0.664,0.418,0.734,0.403,0.414,0.702,0.701,0.443,0.403,0.403,0.662,0.483
0.472,0.539,0.33,0.416,0.543,0.562,0.951,0.443,0.479,0.403,0.531,0.417,0.528,0.412,0.414,1.0,0.538,0.555,0.558,0.945,0.556,0.551,0.566,0.55,0.55,0.537,0.539,0.433,0.45,0.476,0.402,0.528,0.0,0.534,0.52,0.427,0.949,0.534,0.416,0.544,0.41,0.528,0.543,0.432,0.433,0.413,0.512,0.512,0.404,0.459
0.484,0.702,0.352,0.414,0.631,0.708,0.535,0.441,0.463,0.408,0.605,0.423,0.601,0.409,0.415,0.538,1.0,0.595,0.578,0.525,0.596,0.608,0.616,0.725,0.72,0.74,0.607,0.432,0.463,0.466,0.398,0.655,0.0,0.618,0.669,0.432,0.527,0.605,0.423,0.607,0.409,0.668,0.617,0.438,0.44,0.4,0.663,0.664,0.403,0.444
0.477,0.596,0.34,0.418,0.658,0.627,0.562,0.428,0.45,0.422,0.688,0.403,0.715,0.421,0.406,0.555,0.595,1.0,0.736,0.553,0.702,0.737,0.744,0.648,0.61,0.61,0.701,0.432,0.447,0.464,0.401,0.675,0.0,0.694,0.598,0.433,0.554,0.682,0.409,0.701,0.407,0.596,0.693,0.424,0.424,0.394,0.602,0.603,0.398,0.441
0.47,0.582,0.336,0.404,0.664,0.603,0.553,0.428,0.445,0.398,0.668,0.398,0.702,0.401,0.39,0.558,0.578,0.736,1.0,0.546,0.72,0.73,0.733,0.623,0.595,0.582,0.706,0.422,0.441,0.462,0.385,0.674,0.0,0.697,0.596,0.41,0.548,0.687,0.393,0.699,0.394,0.58,0.69,0.416,0.414,0.383,0.58,0.581,0.392,0.435
0.467,0.531,0.318,0.405,0.523,0.548,0.986,0.432,0.474,0.388,0.512,0.412,0.511,0.4,0.403,0.945,0.525,0.553,0.546,1.0,0.561,0.538,0.558,0.543,0.533,0.522,0.531,0.421,0.439,0.457,0.401,0.522,0.0,0.525,0.505,0.42,0.986,0.519,0.419,0.532,0.402,0.529,0.531,0.425,0.429,0.413,0.494,0.494,0.388,0.456
0.468,0.589,0.328,0.394,0.684,0.599,0.568,0.415,0.448,0.391,0.659,0.404,0.703,0.396,0.393,0.556,0.596,0.702,0.72,0.561,1.0,0.714,0.734,0.603,0.589,0.591,0.716,0.415,0.432,0.458,0.383,0.694,0.0,0.704,0.573,0.407,0.562,0.706,0.396,0.711,0.394,0.588,0.723,0.416,0.413,0.405,0.569,0.569,0.386,0.44
0.476,0.597,0.346,0.414,0.67,0.615,0.545,0.423,0.459,0.412,0.703,0.401,0.778,0.419,0.405,0.551,0.608,0.737,0.73,0.538,0.714,1.0,0.925,0.646,0.613,0.617,0.732,0.423,0.447,0.469,0.398,0.709,0.0,0.865,0.61,0.422,0.54,0.723,0.408,0.737,0.404,0.592,0.733,0.417,0.415,0.399,0.602,0.602,0.399,0.442
0.476,0.601,0.351,0.42,0.679,0.625,0.566,0.428,0.466,0.41,0.684,0.403,0.767,0.419,0.411,0.566,0.616,0.744,0.733,0.558,0.734,0.925,1.0,0.639,0.622,0.611,0.747,0.431,0.453,0.471,0.405,0.721,0.0,0.86,0.599,0.428,0.561,0.731,0.411,0.742,0.412,0.598,0.734,0.424,0.424,0.4,0.612,0.612,0.401,0.446
0.49,0.798,0.344,0.436,0.634,0.798,0.55,0.46,0.47,0.439,0.652,0.443,0.647,0.433,0.426,0.55,0.725,0.648,0.623,0.543,0.603,0.646,0.639,1.0,0.83,0.745,0.63,0.449,0.469,0.48,0.414,0.636,0.0,0.631,0.802,0.433,0.543,0.635,0.43,0.628,0.423,0.686,0.631,0.444,0.45,0.422,0.688,0.689,0.413,0.456
0.488,0.811,0.348,0.432,0.639,0.816,0.538,0.455,0.461,0.434,0.612,0.441,0.612,0.426,0.423,0.55,0.72,0.61,0.595,0.533,0.589,0.613,0.622,0.83,1.0,0.735,0.614,0.447,0.47,0.469,0.415,0.633,0.0,0.618,0.779,0.423,0.536,0.626,0.435,0.613,0.422,0.684,0.628,0.456,0.452,0.424,0.68,0.681,0.434,0.456
0.474,0.711,0.345,0.427,0.618,0.692,0.529,0.448,0.449,0.442,0.633,0.429,0.625,0.429,0.424,0.537,0.74,0.61,0.582,0.522,0.591,0.617,0.611,0.745,0.735,1.0,0.599,0.445,0.443,0.468,0.405,0.607,0.0,0.596,0.694,0.43,0.524,0.61,0.418,0.618,0.417,0.656,0.606,0.451,0.443,0.406,0.672,0.673,0.428,0.445
0.477,0.604,0.34,0.415,0.701,0.613,0.54,0.435,0.457,0.421,0.693,0.41,0.752,0.421,0.41,0.539,0.607,0.701,0.706,0.531,0.716,0.732,0.747,0.63,0.614,0.599,1.0,0.426,0.466,0.459,0.409,0.72,0.0,0.728,0.586,0.409,0.534,0.828,0.401,0.738,0.416,0.599,0.839,0.428,0.421,0.402,0.593,0.594,0.405,0.454
0.447,0.453,0.331,0.751,0.425,0.445,0.426,0.913,0.433,0.726,0.423,0.696,0.426,0.743,0.713,0.433,0.432,0.432,0.422,0.421,0.415,0.423,0.431,0.449,0.447,0.445,0.426,1.0,0.492,0.453,0.7,0.42,0.0,0.424,0.413,0.637,0.424,0.441,0.653,0.427,0.72,0.426,0.425,0.96,0.941,0.445,0.419,0.42,0.665,0.475
0.527,0.472,0.377,0.469,0.47,0.489,0.446,0.506,0.507,0.473,0.448,0.476,0.458,0.49,0.483,0.45,0.463,0.447,0.441,0.439,0.432,0.447,0.453,0.469,0.47,0.443,0.466,0.492,1.0,0.512,0.469,0.462,0.0,0.455,0.439,0.469,0.442,0.47,0.461,0.461,0.473,0.436,0.464,0.486,0.485,0.564,0.428,0.429,0.463,0.834
0.574,0.48,0.388,0.44,0.466,0.466,0.465,0.456,0.597,0.435,0.46,0.442,0.472,0.432,0.442,0.476,0.466,0.464,0.462,0.457,0.458,0.469,0.471,0.48,0.469,0.468,0.459,0.453,0.512,1.0,0.426,0.453,0.0,0.465,0.441,0.454,0.461,0.469,0.43,0.481,0.438,0.453,0.477,0.449,0.447,0.48,0.463,0.463,0.422,0.519
0.424,0.425,0.305,0.722,0.407,0.412,0.401,0.705,0.427,0.722,0.396,0.683,0.399,0.712,0.713,0.402,0.398,0.401,0.385,0.401,0.383,0.398,0.405,0.414,0.415,0.405,0.409,0.7,0.469,0.426,1.0,0.392,0.0,0.4,0.38,0.61,0.399,0.413,0.647,0.401,0.908,0.408,0.405,0.703,0.705,0.435,0.381,0.381,0.634,0.469
0.468,0.612,0.347,0.411,0.699,0.629,0.531,0.423,0.45,0.395,0.677,0.405,0.703,0.411,0.41,0.528,0.655,0.675,0.674,0.522,0.694,0.709,0.721,0.636,0.633,0.607,0.72,0.42,0.462,0.453,0.392,1.0,0.0,0.709,0.586,0.399,0.524,0.729,0.404,0.727,0.398,0.611,0.738,0.417,0.418,0.39,0.602,0.603,0.396,0.438
0.0,0.0,0.0,0.0,0.0,0.0,0.0,0.0,0.0,0.0,0.0,0.0,0.0,0.0,0.0,0.0,0.0,0.0,0.0,0.0,0.0,0.0,0.0,0.0,0.0,0.0,0.0,0.0,0.0,0.0,0.0,0.0,1.0,0.0,0.0,0.0,0.0,0.0,0.0,0.0,0.0,0.0,0.0,0.0,0.0,0.0,0.0,0.0,0.0,0.0
0.476,0.595,0.351,0.411,0.675,0.633,0.534,0.429,0.46,0.405,0.664,0.405,0.745,0.415,0.407,0.534,0.618,0.694,0.697,0.525,0.704,0.865,0.86,0.631,0.618,0.596,0.728,0.424,0.455,0.465,0.4,0.709,0.0,1.0,0.591,0.441,0.527,0.721,0.424,0.722,0.402,0.591,0.737,0.419,0.421,0.403,0.599,0.6,0.4,0.452
0.454,0.74,0.312,0.401,0.598,0.761,0.513,0.418,0.43,0.4,0.646,0.402,0.631,0.402,0.396,0.52,0.669,0.598,0.596,0.505,0.573,0.61,0.599,0.802,0.779,0.694,0.586,0.413,0.439,0.441,0.38,0.586,0.0,0.591,1.0,0.389,0.508,0.592,0.39,0.594,0.384,0.647,0.602,0.407,0.411,0.387,0.646,0.648,0.378,0.426
0.443,0.418,0.335,0.635,0.4,0.426,0.427,0.625,0.44,0.636,0.403,0.608,0.409,0.629,0.624,0.427,0.432,0.433,0.41,0.42,0.407,0.422,0.428,0.433,0.423,0.43,0.409,0.637,0.469,0.454,0.61,0.399,0.0,0.441,0.389,1.0,0.423,0.413,0.617,0.408,0.624,0.402,0.413,0.626,0.628,0.429,0.395,0.395,0.604,0.465
0.467,0.533,0.322,0.408,0.527,0.548,0.985,0.435,0.477,0.393,0.516,0.415,0.515,0.404,0.407,0.949,0.527,0.554,0.548,0.986,0.562,0.54,0.561,0.543,0.536,0.524,0.534,0.424,0.442,0.461,0.399,0.524,0.0,0.527,0.508,0.423,1.0,0.522,0.414,0.534,0.404,0.525,0.534,0.429,0.432,0.411,0.499,0.499,0.39,0.458
0.495,0.635,0.349,0.427,0.722,0.637,0.526,0.458,0.451,0.438,0.699,0.426,0.734,0.432,0.426,0.534,0.605,0.682,0.687,0.519,0.706,0.723,0.731,0.635,0.626,0.61,0.828,0.441,0.47,0.469,0.413,0.729,0.0,0.721,0.592,0.413,0.522,1.0,0.421,0.74,0.42,0.612,0.867,0.439,0.433,0.407,0.619,0.621,0.43,0.458
0.438,0.431,0.32,0.645,0.41,0.442,0.419,0.664,0.424,0.65,0.399,0.658,0.406,0.657,0.664,0.416,0.423,0.409,0.393,0.419,0.396,0.408,0.411,0.43,0.435,0.418,0.401,0.653,0.461,0.43,0.647,0.404,0.0,0.424,0.39,0.617,0.414,0.421,1.0,0.406,0.65,0.417,0.413,0.661,0.673,0.446,0.393,0.393,0.609,0.463
0.48,0.604,0.355,0.407,0.716,0.622,0.54,0.44,0.46,0.412,0.714,0.412,0.751,0.41,0.418,0.544,0.607,0.701,0.699,0.532,0.711,0.737,0.742,0.628,0.613,0.618,0.738,0.427,0.461,0.481,0.401,0.727,0.0,0.722,0.594,0.408,0.534,0.74,0.406,1.0,0.41,0.604,0.746,0.419,0.419,0.405,0.62,0.622,0.397,0.463
0.437,0.436,0.315,0.743,0.419,0.423,0.406,0.716,0.435,0.734,0.406,0.709,0.409,0.728,0.734,0.41,0.409,0.407,0.394,0.402,0.394,0.404,0.412,0.423,0.422,0.417,0.416,0.72,0.473,0.438,0.908,0.398,0.0,0.402,0.384,0.624,0.404,0.42,0.65,0.41,1.0,0.417,0.409,0.723,0.725,0.431,0.387,0.387,0.648,0.473
0.47,0.681,0.328,0.405,0.622,0.686,0.529,0.43,0.459,0.396,0.6,0.421,0.604,0.404,0.403,0.528,0.668,0.596,0.58,0.529,0.588,0.592,0.598,0.686,0.684,0.656,0.599,0.426,0.436,0.453,0.408,0.611,0.0,0.591,0.647,0.402,0.525,0.612,0.417,0.604,0.417,1.0,0.639,0.431,0.435,0.408,0.692,0.693,0.397,0.437
0.483,0.618,0.345,0.415,0.721,0.631,0.539,0.433,0.47,0.414,0.709,0.418,0.739,0.419,0.414,0.543,0.617,0.693,0.69,0.531,0.723,0.733,0.734,0.631,0.628,0.606,0.839,0.425,0.464,0.477,0.405,0.738,0.0,0.737,0.602,0.413,0.534,0.867,0.413,0.746,0.409,0.639,1.0,0.424,0.423,0.41,0.61,0.611,0.41,0.459
0.454,0.472,0.334,0.732,0.424,0.445,0.431,0.912,0.437,0.708,0.419,0.704,0.418,0.723,0.702,0.432,0.438,0.424,0.416,0.425,0.416,0.417,0.424,0.444,0.456,0.451,0.428,0.96,0.486,0.449,0.703,0.417,0.0,0.419,0.407,0.626,0.429,0.439,0.661,0.419,0.723,0.431,0.424,1.0,0.958,0.456,0.416,0.417,0.668,0.48
0.472,0.478,0.332,0.729,0.429,0.45,0.434,0.899,0.44,0.719,0.418,0.714,0.415,0.721,0.701,0.433,0.44,0.424,0.414,0.429,0.413,0.415,0.424,0.45,0.452,0.443,0.421,0.941,0.485,0.447,0.705,0.418,0.0,0.421,0.411,0.628,0.432,0.433,0.673,0.419,0.725,0.435,0.423,0.958,1.0,0.454,0.414,0.415,0.66,0.479
0.485,0.439,0.346,0.433,0.4,0.426,0.413,0.455,0.472,0.43,0.397,0.451,0.399,0.436,0.443,0.413,0.4,0.394,0.383,0.413,0.405,0.399,0.4,0.422,0.424,0.406,0.402,0.445,0.564,0.48,0.435,0.39,0.0,0.403,0.387,0.429,0.411,0.407,0.446,0.405,0.431,0.408,0.41,0.456,0.454,1.0,0.411,0.411,0.427,0.62
0.448,0.668,0.341,0.407,0.621,0.682,0.503,0.419,0.434,0.396,0.601,0.401,0.612,0.404,0.403,0.512,0.663,0.602,0.58,0.494,0.569,0.602,0.612,0.688,0.68,0.672,0.593,0.419,0.428,0.463,0.381,0.602,0.0,0.599,0.646,0.395,0.499,0.619,0.393,0.62,0.387,0.692,0.61,0.416,0.414,0.411,1.0,0.997,0.391,0.433
0.449,0.669,0.341,0.407,0.623,0.684,0.503,0.42,0.434,0.396,0.602,0.402,0.613,0.405,0.403,0.512,0.664,0.603,0.581,0.494,0.569,0.602,0.612,0.689,0.681,0.673,0.594,0.42,0.429,0.463,0.381,0.603,0.0,0.6,0.648,0.395,0.499,0.621,0.393,0.622,0.387,0.693,0.611,0.417,0.415,0.411,0.997,1.0,0.391,0.433
0.416,0.439,0.322,0.673,0.413,0.417,0.391,0.66,0.406,0.66,0.397,0.642,0.398,0.674,0.662,0.404,0.403,0.398,0.392,0.388,0.386,0.399,0.401,0.413,0.434,0.428,0.405,0.665,0.463,0.422,0.634,0.396,0.0,0.4,0.378,0.604,0.39,0.43,0.609,0.397,0.648,0.397,0.41,0.668,0.66,0.427,0.391,0.391,1.0,0.457
0.543,0.473,0.378,0.474,0.451,0.471,0.461,0.487,0.522,0.461,0.447,0.478,0.446,0.475,0.483,0.459,0.444,0.441,0.435,0.456,0.44,0.442,0.446,0.456,0.456,0.445,0.454,0.475,0.834,0.519,0.469,0.438,0.0,0.452,0.426,0.465,0.458,0.458,0.463,0.463,0.473,0.437,0.459,0.48,0.479,0.62,0.433,0.433,0.457,1.0
