GCF_000163235.1_ASM16323v1_genomic.fna,GCF_000164555.1_ASM16455v1_genomic.fna,GCF_000208545.1_ASM20854v2_genomic.fna,GCF_000233875.1_ASM23387v1_genomic.fna,GCF_000249735.1_ASM24973v2_genomic.fna,GCF_000261145.1_Esch_coli_M919_V2_genomic.fna,GCF_000267705.2_ASM26770v2_genomic.fna,GCF_000350665.1_Esch_coli_KTE5_V1_genomic.fna,GCF_000351625.1_Esch_coli_KTE66_V1_genomic.fna,GCF_000352285.1_Esch_coli_KTE46_V1_genomic.fna,GCF_000358895.1_ASM35889v1_genomic.fna,GCF_000456385.1_Esch_coli_HVH_26_4-5703913_V1_genomic.fna,GCF_000458195.1_Esch_coli_HVH_147_4-5893887_V1_genomic.fna,GCF_000459755.1_Esch_coli_KOEGE_58_171a_V1_genomic.fna,GCF_000460055.1_Esch_coli_UMEA_3053-1_V1_genomic.fna,GCF_000462165.2_ASM46216v2_genomic.fna,GCF_000601135.1_ASM60113v1_genomic.fna,GCF_000614595.1_Ec2010EL1058_genomic.fna,GCF_000617745.1_Ec2010C-4529_genomic.fna,GCF_000618265.2_EcF6751_genomic.fna,GCF_000619005.2_Ec2009C-4052_genomic.fna,GCF_000619105.1_Ec2009C-4780_genomic.fna,GCF_000619765.2_Ec2009C-3279_genomic.fna,GCF_000687005.1_ASM68700v1_genomic.fna,GCF_000687025.1_ASM68702v1_genomic.fna,GCF_000700125.1_ASM70012v1_genomic.fna,GCF_000753315.1_FHI35_genomic.fna,GCF_000776375.1_ASM77637v1_genomic.fna,GCF_000779395.1_ASM77939v1_genomic.fna,GCF_000780315.1_ASM78031v1_genomic.fna,GCF_000781995.1_ASM78199v1_genomic.fna,GCF_000986765.1_ASM98676v1_genomic.fna,GCF_001041375.1_ViralProj287958_genomic.fna,GCF_001265335.1_302014_genomic.fna,GCF_001265625.1_100854_genomic.fna,GCF_001267345.1_303289_genomic.fna,GCF_001309985.1_ASM130998v1_genomic.fna,GCF_001521695.1_ASM152169v1_genomic.fna,GCF_001592595.1_ASM159259v1_genomic.fna,GCF_001614975.1_ASM161497v1_genomic.fna,GCF_001692775.1_ASM169277v1_genomic.fna,GCF_001748915.1_ASM174891v1_genomic.fna,GCF_001749235.1_ASM174923v1_genomic.fna,GCF_001881155.1_ASM188115v1_genomic.fna,GCF_001881345.1_ASM188134v1_genomic.fna,GCF_001892405.1_ASM189240v1_genomic.fna,GCF_001892585.1_ASM189258v1_genomic.fna,GCF_001893985.1_ASM189398v1_genomic.fna,GCF_002001595.1_ASM200159v1_genomic.fna,GCF_002002145.1_ASM200214v1_genomic.fna
1.0,0.907,0.898,0.874,0.902,0.89,0.906,0.887,0.906,0.884,0.876,0.884,0.892,0.883,0.891,0.908,0.895,0.894,0.895,0.903,0.904,0.895,0.902,0.887,0.889,0.885,0.898,0.884,0.906,0.92,0.889,0.892,0.024,0.901,0.867,0.893,0.903,0.899,0.883,0.883,0.876,0.889,0.891,0.89,0.894,0.89,0.889,0.889,0.873,0.904
0.907,1.0,0.896,0.891,0.922,0.941,0.91,0.9,0.906,0.887,0.896,0.904,0.914,0.894,0.9,0.914,0.936,0.922,0.928,0.908,0.919,0.921,0.924,0.94,0.942,0.927,0.916,0.898,0.902,0.912,0.896,0.925,0.027,0.918,0.905,0.895,0.908,0.931,0.894,0.912,0.889,0.931,0.914,0.903,0.904,0.888,0.927,0.927,0.888,0.906
0.898,0.896,1.0,0.873,0.887,0.878,0.889,0.885,0.894,0.868,0.861,0.874,0.879,0.872,0.882,0.886,0.89,0.884,0.884,0.888,0.881,0.886,0.885,0.874,0.877,0.872,0.877,0.879,0.89,0.896,0.878,0.882,0.027,0.888,0.855,0.875,0.887,0.879,0.877,0.875,0.873,0.884,0.881,0.885,0.882,0.881,0.884,0.884,0.865,0.899
0.874,0.891,0.873,1.0,0.882,0.891,0.877,0.915,0.874,0.932,0.871,0.936,0.884,0.947,0.937,0.877,0.883,0.878,0.875,0.877,0.88,0.876,0.881,0.879,0.888,0.88,0.888,0.935,0.884,0.879,0.937,0.884,0.027,0.88,0.859,0.916,0.874,0.874,0.924,0.883,0.946,0.875,0.877,0.925,0.925,0.869,0.879,0.88,0.933,0.883
0.902,0.922,0.887,0.882,1.0,0.922,0.908,0.891,0.897,0.885,0.928,0.894,0.935,0.89,0.894,0.909,0.921,0.925,0.923,0.906,0.933,0.919,0.921,0.912,0.927,0.916,0.924,0.894,0.899,0.901,0.899,0.925,0.023,0.916,0.893,0.891,0.906,0.933,0.885,0.931,0.894,0.919,0.938,0.894,0.896,0.879,0.93,0.93,0.886,0.893
0.89,0.941,0.878,0.891,0.922,1.0,0.911,0.882,0.896,0.892,0.91,0.891,0.928,0.894,0.887,0.913,0.935,0.927,0.925,0.907,0.917,0.919,0.918,0.951,0.953,0.938,0.925,0.888,0.896,0.901,0.894,0.919,0.025,0.918,0.925,0.899,0.907,0.92,0.892,0.927,0.894,0.927,0.92,0.883,0.886,0.869,0.929,0.929,0.891,0.892
0.906,0.91,0.889,0.877,0.908,0.911,1.0,0.891,0.898,0.877,0.89,0.884,0.9,0.887,0.895,0.99,0.91,0.927,0.921,0.994,0.926,0.916,0.919,0.901,0.903,0.908,0.906,0.887,0.902,0.908,0.893,0.908,0.025,0.917,0.885,0.901,0.996,0.902,0.898,0.895,0.88,0.916,0.902,0.895,0.896,0.889,0.9,0.9,0.879,0.905
0.887,0.9,0.885,0.915,0.891,0.882,0.891,1.0,0.884,0.919,0.862,0.921,0.88,0.921,0.928,0.892,0.89,0.887,0.889,0.891,0.883,0.89,0.891,0.872,0.888,0.881,0.886,0.966,0.89,0.884,0.923,0.888,0.022,0.891,0.851,0.911,0.891,0.897,0.922,0.873,0.919,0.888,0.882,0.969,0.964,0.879,0.877,0.877,0.92,0.889
0.906,0.906,0.894,0.874,0.897,0.896,0.898,0.884,1.0,0.88,0.875,0.885,0.886,0.881,0.885,0.903,0.896,0.895,0.89,0.895,0.897,0.9,0.902,0.887,0.89,0.891,0.891,0.88,0.897,0.924,0.887,0.892,0.028,0.896,0.867,0.891,0.897,0.893,0.891,0.889,0.877,0.9,0.893,0.879,0.88,0.881,0.893,0.893,0.878,0.897
0.884,0.887,0.868,0.932,0.885,0.892,0.877,0.919,0.88,1.0,0.89,0.921,0.891,0.925,0.917,0.877,0.876,0.871,0.874,0.876,0.872,0.87,0.873,0.889,0.885,0.882,0.891,0.925,0.891,0.879,0.938,0.875,0.022,0.872,0.871,0.913,0.875,0.881,0.918,0.885,0.944,0.873,0.881,0.916,0.918,0.864,0.875,0.876,0.932,0.88
0.876,0.896,0.861,0.871,0.928,0.91,0.89,0.862,0.875,0.89,1.0,0.87,0.932,0.872,0.864,0.893,0.9,0.909,0.906,0.888,0.909,0.91,0.907,0.921,0.903,0.904,0.917,0.867,0.873,0.884,0.877,0.899,0.022,0.905,0.911,0.875,0.888,0.909,0.861,0.93,0.877,0.894,0.922,0.863,0.865,0.856,0.909,0.91,0.874,0.872
0.884,0.904,0.874,0.936,0.894,0.891,0.884,0.921,0.885,0.921,0.87,1.0,0.882,0.939,0.953,0.883,0.891,0.882,0.885,0.883,0.885,0.885,0.89,0.883,0.892,0.886,0.894,0.929,0.89,0.884,0.925,0.889,0.023,0.883,0.854,0.919,0.881,0.885,0.929,0.877,0.927,0.88,0.881,0.923,0.922,0.875,0.882,0.882,0.921,0.89
0.892,0.914,0.879,0.884,0.935,0.928,0.9,0.88,0.886,0.891,0.932,0.882,1.0,0.882,0.88,0.903,0.917,0.927,0.926,0.897,0.928,0.927,0.929,0.928,0.915,0.921,0.945,0.883,0.886,0.9,0.892,0.917,0.023,0.926,0.901,0.883,0.898,0.931,0.874,0.947,0.889,0.911,0.933,0.881,0.882,0.873,0.926,0.927,0.89,0.89
0.883,0.894,0.872,0.947,0.89,0.894,0.887,0.921,0.881,0.925,0.872,0.939,0.882,1.0,0.943,0.888,0.883,0.884,0.883,0.887,0.881,0.88,0.884,0.879,0.887,0.888,0.894,0.935,0.895,0.88,0.931,0.887,0.024,0.878,0.856,0.922,0.884,0.884,0.919,0.881,0.934,0.878,0.878,0.927,0.927,0.866,0.881,0.882,0.936,0.891
0.891,0.9,0.882,0.937,0.894,0.887,0.895,0.928,0.885,0.917,0.864,0.953,0.88,0.943,1.0,0.895,0.891,0.886,0.887,0.895,0.888,0.887,0.889,0.872,0.884,0.884,0.884,0.926,0.893,0.89,0.928,0.89,0.024,0.892,0.849,0.913,0.892,0.887,0.931,0.875,0.928,0.883,0.883,0.928,0.923,0.878,0.889,0.889,0.921,0.903
0.908,0.914,0.886,0.877,0.909,0.913,0.99,0.892,0.903,0.877,0.893,0.883,0.903,0.888,0.895,1.0,0.912,0.93,0.926,0.985,0.928,0.922,0.927,0.902,0.903,0.909,0.909,0.89,0.904,0.911,0.892,0.908,0.025,0.917,0.887,0.905,0.986,0.906,0.897,0.898,0.878,0.916,0.904,0.896,0.895,0.885,0.903,0.903,0.882,0.908
0.895,0.936,0.89,0.883,0.921,0.935,0.91,0.89,0.896,0.876,0.9,0.891,0.917,0.883,0.891,0.912,1.0,0.925,0.924,0.905,0.919,0.921,0.92,0.932,0.933,0.932,0.916,0.889,0.897,0.903,0.888,0.928,0.026,0.919,0.904,0.888,0.907,0.916,0.888,0.915,0.882,0.923,0.924,0.891,0.892,0.879,0.925,0.925,0.879,0.899
0.894,0.922,0.884,0.878,0.925,0.927,0.927,0.887,0.895,0.871,0.909,0.882,0.927,0.884,0.886,0.93,0.925,1.0,0.95,0.921,0.942,0.938,0.938,0.919,0.922,0.916,0.93,0.885,0.891,0.906,0.889,0.927,0.022,0.923,0.896,0.901,0.923,0.918,0.893,0.92,0.88,0.925,0.927,0.888,0.888,0.875,0.924,0.924,0.873,0.897
0.895,0.928,0.884,0.875,0.923,0.925,0.921,0.889,0.89,0.874,0.906,0.885,0.926,0.883,0.887,0.926,0.924,0.95,1.0,0.918,0.941,0.942,0.943,0.917,0.924,0.913,0.933,0.885,0.888,0.902,0.888,0.932,0.022,0.93,0.899,0.895,0.919,0.929,0.889,0.927,0.882,0.928,0.928,0.888,0.892,0.882,0.923,0.923,0.873,0.896
0.903,0.908,0.888,0.877,0.906,0.907,0.994,0.891,0.895,0.876,0.888,0.883,0.897,0.887,0.895,0.985,0.905,0.921,0.918,1.0,0.923,0.912,0.916,0.897,0.902,0.906,0.904,0.885,0.899,0.904,0.89,0.906,0.025,0.913,0.882,0.899,0.996,0.901,0.899,0.893,0.879,0.913,0.9,0.893,0.894,0.891,0.899,0.899,0.876,0.903
0.904,0.919,0.881,0.88,0.933,0.917,0.926,0.883,0.897,0.872,0.909,0.885,0.928,0.881,0.888,0.928,0.919,0.942,0.941,0.923,1.0,0.942,0.944,0.911,0.913,0.909,0.931,0.885,0.893,0.905,0.891,0.936,0.023,0.934,0.888,0.895,0.924,0.928,0.894,0.926,0.879,0.919,0.934,0.888,0.892,0.881,0.928,0.928,0.872,0.897
0.895,0.921,0.886,0.876,0.919,0.919,0.916,0.89,0.9,0.87,0.91,0.885,0.927,0.88,0.887,0.922,0.921,0.938,0.942,0.912,0.942,1.0,0.981,0.91,0.912,0.902,0.938,0.883,0.881,0.902,0.884,0.931,0.024,0.956,0.89,0.886,0.914,0.931,0.89,0.921,0.877,0.915,0.941,0.887,0.889,0.879,0.915,0.915,0.871,0.891
0.902,0.924,0.885,0.881,0.921,0.918,0.919,0.891,0.902,0.873,0.907,0.89,0.929,0.884,0.889,0.927,0.92,0.938,0.943,0.916,0.944,0.981,1.0,0.909,0.918,0.908,0.937,0.887,0.89,0.905,0.886,0.93,0.024,0.956,0.892,0.889,0.917,0.932,0.894,0.922,0.877,0.913,0.93,0.891,0.892,0.884,0.915,0.915,0.875,0.897
0.887,0.94,0.874,0.879,0.912,0.951,0.901,0.872,0.887,0.889,0.921,0.883,0.928,0.879,0.872,0.902,0.932,0.919,0.917,0.897,0.911,0.91,0.909,1.0,0.948,0.938,0.919,0.873,0.882,0.899,0.883,0.913,0.026,0.908,0.938,0.885,0.897,0.91,0.875,0.932,0.885,0.92,0.913,0.871,0.875,0.863,0.923,0.923,0.887,0.889
0.889,0.942,0.877,0.888,0.927,0.953,0.903,0.888,0.89,0.885,0.903,0.892,0.915,0.887,0.884,0.903,0.933,0.922,0.924,0.902,0.913,0.912,0.918,0.948,1.0,0.936,0.915,0.894,0.891,0.901,0.894,0.92,0.027,0.91,0.919,0.894,0.901,0.918,0.886,0.922,0.891,0.921,0.916,0.89,0.894,0.872,0.922,0.923,0.89,0.892
0.885,0.927,0.872,0.88,0.916,0.938,0.908,0.881,0.891,0.882,0.904,0.886,0.921,0.888,0.884,0.909,0.932,0.916,0.913,0.906,0.909,0.902,0.908,0.938,0.936,1.0,0.917,0.882,0.893,0.895,0.886,0.915,0.025,0.902,0.907,0.891,0.906,0.916,0.884,0.928,0.886,0.92,0.909,0.882,0.879,0.869,0.928,0.929,0.89,0.895
0.898,0.916,0.877,0.888,0.924,0.925,0.906,0.886,0.891,0.891,0.917,0.894,0.945,0.894,0.884,0.909,0.916,0.93,0.933,0.904,0.931,0.938,0.937,0.919,0.915,0.917,1.0,0.888,0.886,0.894,0.89,0.932,0.021,0.923,0.896,0.894,0.905,0.937,0.881,0.938,0.891,0.908,0.943,0.885,0.886,0.876,0.914,0.915,0.888,0.887
0.884,0.898,0.879,0.935,0.894,0.888,0.887,0.966,0.88,0.925,0.867,0.929,0.883,0.935,0.926,0.89,0.889,0.885,0.885,0.885,0.885,0.883,0.887,0.873,0.894,0.882,0.888,1.0,0.894,0.884,0.934,0.893,0.025,0.884,0.854,0.922,0.884,0.892,0.923,0.875,0.933,0.881,0.88,0.986,0.98,0.871,0.884,0.884,0.932,0.884
0.906,0.902,0.89,0.884,0.899,0.896,0.902,0.89,0.897,0.891,0.873,0.89,0.886,0.895,0.893,0.904,0.897,0.891,0.888,0.899,0.893,0.881,0.89,0.882,0.891,0.893,0.886,0.894,1.0,0.898,0.903,0.888,0.024,0.89,0.863,0.9,0.9,0.893,0.896,0.877,0.891,0.887,0.887,0.892,0.894,0.892,0.888,0.888,0.884,0.946
0.92,0.912,0.896,0.879,0.901,0.901,0.908,0.884,0.924,0.879,0.884,0.884,0.9,0.88,0.89,0.911,0.903,0.906,0.902,0.904,0.905,0.902,0.905,0.899,0.901,0.895,0.894,0.884,0.898,1.0,0.891,0.901,0.024,0.901,0.874,0.888,0.906,0.896,0.885,0.894,0.878,0.896,0.893,0.884,0.885,0.899,0.899,0.899,0.885,0.908
0.889,0.896,0.878,0.937,0.899,0.894,0.893,0.923,0.887,0.938,0.877,0.925,0.892,0.931,0.928,0.892,0.888,0.889,0.888,0.89,0.891,0.884,0.886,0.883,0.894,0.886,0.89,0.934,0.903,0.891,1.0,0.895,0.024,0.889,0.865,0.929,0.89,0.892,0.925,0.886,0.961,0.89,0.889,0.927,0.928,0.877,0.897,0.898,0.93,0.896
0.892,0.925,0.882,0.884,0.925,0.919,0.908,0.888,0.892,0.875,0.899,0.889,0.917,0.887,0.89,0.908,0.928,0.927,0.932,0.906,0.936,0.931,0.93,0.913,0.92,0.915,0.932,0.893,0.888,0.901,0.895,1.0,0.024,0.922,0.888,0.902,0.905,0.936,0.894,0.925,0.88,0.922,0.935,0.894,0.898,0.876,0.921,0.921,0.876,0.893
0.024,0.027,0.027,0.027,0.023,0.025,0.025,0.022,0.028,0.022,0.022,0.023,0.023,0.024,0.024,0.025,0.026,0.022,0.022,0.025,0.023,0.024,0.024,0.026,0.027,0.025,0.021,0.025,0.024,0.024,0.024,0.024,1.0,0.025,0.025,0.02,0.025,0.02,0.022,0.025,0.023,0.026,0.024,0.025,0.025,0.026,0.023,0.023,0.024,0.023
0.901,0.918,0.888,0.88,0.916,0.918,0.917,0.891,0.896,0.872,0.905,0.883,0.926,0.878,0.892,0.917,0.919,0.923,0.93,0.913,0.934,0.956,0.956,0.908,0.91,0.902,0.923,0.884,0.89,0.901,0.889,0.922,0.025,1.0,0.887,0.897,0.914,0.927,0.897,0.923,0.877,0.916,0.926,0.892,0.896,0.881,0.911,0.911,0.87,0.892
0.867,0.905,0.855,0.859,0.893,0.925,0.885,0.851,0.867,0.871,0.911,0.854,0.901,0.856,0.849,0.887,0.904,0.896,0.899,0.882,0.888,0.89,0.892,0.938,0.919,0.907,0.896,0.854,0.863,0.874,0.865,0.888,0.025,0.887,1.0,0.867,0.882,0.887,0.855,0.904,0.863,0.893,0.89,0.849,0.853,0.842,0.902,0.902,0.866,0.871
0.893,0.895,0.875,0.916,0.891,0.899,0.901,0.911,0.891,0.913,0.875,0.919,0.883,0.922,0.913,0.905,0.888,0.901,0.895,0.899,0.895,0.886,0.889,0.885,0.894,0.891,0.894,0.922,0.9,0.888,0.929,0.902,0.02,0.897,0.867,1.0,0.898,0.894,0.924,0.891,0.918,0.883,0.889,0.918,0.919,0.865,0.895,0.895,0.917,0.887
0.903,0.908,0.887,0.874,0.906,0.907,0.996,0.891,0.897,0.875,0.888,0.881,0.898,0.884,0.892,0.986,0.907,0.923,0.919,0.996,0.924,0.914,0.917,0.897,0.901,0.906,0.905,0.884,0.9,0.906,0.89,0.905,0.025,0.914,0.882,0.898,1.0,0.901,0.897,0.893,0.877,0.914,0.901,0.892,0.893,0.89,0.899,0.899,0.876,0.903
0.899,0.931,0.879,0.874,0.933,0.92,0.902,0.897,0.893,0.881,0.909,0.885,0.931,0.884,0.887,0.906,0.916,0.918,0.929,0.901,0.928,0.931,0.932,0.91,0.918,0.916,0.937,0.892,0.893,0.896,0.892,0.936,0.02,0.927,0.887,0.894,0.901,1.0,0.887,0.925,0.88,0.917,0.948,0.898,0.894,0.88,0.92,0.92,0.882,0.895
0.883,0.894,0.877,0.924,0.885,0.892,0.898,0.922,0.891,0.918,0.861,0.929,0.874,0.919,0.931,0.897,0.888,0.893,0.889,0.899,0.894,0.89,0.894,0.875,0.886,0.884,0.881,0.923,0.896,0.885,0.925,0.894,0.022,0.897,0.855,0.924,0.897,0.887,1.0,0.869,0.919,0.89,0.885,0.924,0.928,0.876,0.882,0.882,0.916,0.894
0.883,0.912,0.875,0.883,0.931,0.927,0.895,0.873,0.889,0.885,0.93,0.877,0.947,0.881,0.875,0.898,0.915,0.92,0.927,0.893,0.926,0.921,0.922,0.932,0.922,0.928,0.938,0.875,0.877,0.894,0.886,0.925,0.025,0.923,0.904,0.891,0.893,0.925,0.869,1.0,0.887,0.915,0.933,0.872,0.875,0.871,0.926,0.927,0.882,0.882
0.876,0.889,0.873,0.946,0.894,0.894,0.88,0.919,0.877,0.944,0.877,0.927,0.889,0.934,0.928,0.878,0.882,0.88,0.882,0.879,0.879,0.877,0.877,0.885,0.891,0.886,0.891,0.933,0.891,0.878,0.961,0.88,0.023,0.877,0.863,0.918,0.877,0.88,0.919,0.887,1.0,0.881,0.88,0.927,0.927,0.866,0.886,0.887,0.935,0.89
0.889,0.931,0.884,0.875,0.919,0.927,0.916,0.888,0.9,0.873,0.894,0.88,0.911,0.878,0.883,0.916,0.923,0.925,0.928,0.913,0.919,0.915,0.913,0.92,0.921,0.92,0.908,0.881,0.887,0.896,0.89,0.922,0.026,0.916,0.893,0.883,0.914,0.917,0.89,0.915,0.881,1.0,0.92,0.886,0.89,0.878,0.928,0.928,0.872,0.898
0.891,0.914,0.881,0.877,0.938,0.92,0.902,0.882,0.893,0.881,0.922,0.881,0.933,0.878,0.883,0.904,0.924,0.927,0.928,0.9,0.934,0.941,0.93,0.913,0.916,0.909,0.943,0.88,0.887,0.893,0.889,0.935,0.024,0.926,0.89,0.889,0.901,0.948,0.885,0.933,0.88,0.92,1.0,0.878,0.879,0.876,0.919,0.919,0.875,0.892
0.89,0.903,0.885,0.925,0.894,0.883,0.895,0.969,0.879,0.916,0.863,0.923,0.881,0.927,0.928,0.896,0.891,0.888,0.888,0.893,0.888,0.887,0.891,0.871,0.89,0.882,0.885,0.986,0.892,0.884,0.927,0.894,0.025,0.892,0.849,0.918,0.892,0.898,0.924,0.872,0.927,0.886,0.878,1.0,0.989,0.876,0.88,0.88,0.923,0.885
0.894,0.904,0.882,0.925,0.896,0.886,0.896,0.964,0.88,0.918,0.865,0.922,0.882,0.927,0.923,0.895,0.892,0.888,0.892,0.894,0.892,0.889,0.892,0.875,0.894,0.879,0.886,0.98,0.894,0.885,0.928,0.898,0.025,0.896,0.853,0.919,0.893,0.894,0.928,0.875,0.927,0.89,0.879,0.989,1.0,0.874,0.881,0.881,0.921,0.886
0.89,0.888,0.881,0.869,0.879,0.869,0.889,0.879,0.881,0.864,0.856,0.875,0.873,0.866,0.878,0.885,0.879,0.875,0.882,0.891,0.881,0.879,0.884,0.863,0.872,0.869,0.876,0.871,0.892,0.899,0.877,0.876,0.026,0.881,0.842,0.865,0.89,0.88,0.876,0.871,0.866,0.878,0.876,0.876,0.874,1.0,0.874,0.874,0.864,0.911
0.889,0.927,0.884,0.879,0.93,0.929,0.9,0.877,0.893,0.875,0.909,0.882,0.926,0.881,0.889,0.903,0.925,0.924,0.923,0.899,0.928,0.915,0.915,0.923,0.922,0.928,0.914,0.884,0.888,0.899,0.897,0.921,0.023,0.911,0.902,0.895,0.899,0.92,0.882,0.926,0.886,0.928,0.919,0.88,0.881,0.874,1.0,0.999,0.875,0.891
0.889,0.927,0.884,0.88,0.93,0.929,0.9,0.877,0.893,0.876,0.91,0.882,0.927,0.882,0.889,0.903,0.925,0.924,0.923,0.899,0.928,0.915,0.915,0.923,0.923,0.929,0.915,0.884,0.888,0.899,0.898,0.921,0.023,0.911,0.902,0.895,0.899,0.92,0.882,0.927,0.887,0.928,0.919,0.88,0.881,0.874,0.999,1.0,0.876,0.891
0.873,0.888,0.865,0.933,0.886,0.891,0.879,0.92,0.878,0.932,0.874,0.921,0.89,0.936,0.921,0.882,0.879,0.873,0.873,0.876,0.872,0.871,0.875,0.887,0.89,0.89,0.888,0.932,0.884,0.885,0.93,0.876,0.024,0.87,0.866,0.917,0.876,0.882,0.916,0.882,0.935,0.872,0.875,0.923,0.921,0.864,0.875,0.876,1.0,0.882
0.904,0.906,0.899,0.883,0.893,0.892,0.905,0.889,0.897,0.88,0.872,0.89,0.89,0.891,0.903,0.908,0.899,0.897,0.896,0.903,0.897,0.891,0.897,0.889,0.892,0.895,0.887,0.884,0.946,0.908,0.896,0.893,0.023,0.892,0.871,0.887,0.903,0.895,0.894,0.882,0.89,0.898,0.892,0.885,0.886,0.911,0.891,0.891,0.882,1.0
