GCF_000163235.1_ASM16323v1_genomic.fna,GCF_000164555.1_ASM16455v1_genomic.fna,GCF_000208545.1_ASM20854v2_genomic.fna,GCF_000233875.1_ASM23387v1_genomic.fna,GCF_000249735.1_ASM24973v2_genomic.fna,GCF_000261145.1_Esch_coli_M919_V2_genomic.fna,GCF_000267705.2_ASM26770v2_genomic.fna,GCF_000350665.1_Esch_coli_KTE5_V1_genomic.fna,GCF_000351625.1_Esch_coli_KTE66_V1_genomic.fna,GCF_000352285.1_Esch_coli_KTE46_V1_genomic.fna,GCF_000358895.1_ASM35889v1_genomic.fna,GCF_000456385.1_Esch_coli_HVH_26_4-5703913_V1_genomic.fna,GCF_000458195.1_Esch_coli_HVH_147_4-5893887_V1_genomic.fna,GCF_000459755.1_Esch_coli_KOEGE_58_171a_V1_genomic.fna,GCF_000460055.1_Esch_coli_UMEA_3053-1_V1_genomic.fna,GCF_000462165.2_ASM46216v2_genomic.fna,GCF_000601135.1_ASM60113v1_genomic.fna,GCF_000614595.1_Ec2010EL1058_genomic.fna,GCF_000617745.1_Ec2010C-4529_genomic.fna,GCF_000618265.2_EcF6751_genomic.fna,GCF_000619005.2_Ec2009C-4052_genomic.fna,GCF_000619105.1_Ec2009C-4780_genomic.fna,GCF_000619765.2_Ec2009C-3279_genomic.fna,GCF_000687005.1_ASM68700v1_genomic.fna,GCF_000687025.1_ASM68702v1_genomic.fna,GCF_000700125.1_ASM70012v1_genomic.fna,GCF_000753315.1_FHI35_genomic.fna,GCF_000776375.1_ASM77637v1_genomic.fna,GCF_000779395.1_ASM77939v1_genomic.fna,GCF_000780315.1_ASM78031v1_genomic.fna,GCF_000781995.1_ASM78199v1_genomic.fna,GCF_000986765.1_ASM98676v1_genomic.fna,GCF_001041375.1_ViralProj287958_genomic.fna,GCF_001265335.1_302014_genomic.fna,GCF_001265625.1_100854_genomic.fna,GCF_001267345.1_303289_genomic.fna,GCF_001309985.1_ASM130998v1_genomic.fna,GCF_001521695.1_ASM152169v1_genomic.fna,GCF_001592595.1_ASM159259v1_genomic.fna,GCF_001614975.1_ASM161497v1_genomic.fna,GCF_001692775.1_ASM169277v1_genomic.fna,GCF_001748915.1_ASM174891v1_genomic.fna,GCF_001749235.1_ASM174923v1_genomic.fna,GCF_001881155.1_ASM188115v1_genomic.fna,GCF_001881345.1_ASM188134v1_genomic.fna,GCF_001892405.1_ASM189240v1_genomic.fna,GCF_001892585.1_ASM189258v1_genomic.fna,GCF_001893985.1_ASM189398v1_genomic.fna,GCF_002001595.1_ASM200159v1_genomic.fna,GCF_002002145.1_ASM200214v1_genomic.fna
1.0,0.896,0.893,0.902,0.916,0.902,0.902,0.898,0.915,0.889,0.88,0.905,0.895,0.892,0.906,0.905,0.898,0.902,0.906,0.901,0.904,0.902,0.91,0.885,0.894,0.896,0.893,0.895,0.909,0.913,0.89,0.898,0.015,0.904,0.874,0.897,0.901,0.904,0.892,0.896,0.897,0.897,0.903,0.893,0.897,0.889,0.899,0.898,0.896,0.906
0.896,1.0,0.889,0.891,0.919,0.936,0.896,0.889,0.892,0.881,0.904,0.892,0.91,0.885,0.891,0.904,0.938,0.912,0.907,0.896,0.906,0.911,0.918,0.939,0.95,0.93,0.912,0.891,0.895,0.891,0.884,0.91,0.016,0.912,0.918,0.881,0.897,0.92,0.884,0.915,0.889,0.913,0.91,0.887,0.889,0.87,0.918,0.916,0.884,0.892
0.893,0.889,1.0,0.875,0.892,0.888,0.887,0.887,0.9,0.876,0.87,0.885,0.887,0.881,0.888,0.895,0.893,0.882,0.88,0.886,0.874,0.883,0.886,0.876,0.888,0.891,0.883,0.882,0.892,0.9,0.872,0.878,0.015,0.883,0.858,0.892,0.887,0.883,0.881,0.886,0.884,0.887,0.881,0.878,0.875,0.871,0.881,0.879,0.873,0.88
0.902,0.891,0.875,1.0,0.903,0.902,0.898,0.942,0.893,0.928,0.875,0.942,0.886,0.949,0.955,0.899,0.889,0.898,0.9,0.897,0.893,0.895,0.902,0.877,0.882,0.888,0.891,0.953,0.899,0.893,0.939,0.894,0.016,0.904,0.858,0.919,0.897,0.898,0.93,0.891,0.945,0.89,0.905,0.953,0.947,0.891,0.89,0.888,0.932,0.905
0.916,0.919,0.892,0.903,1.0,0.914,0.91,0.903,0.899,0.889,0.922,0.907,0.929,0.894,0.907,0.908,0.915,0.92,0.925,0.91,0.928,0.921,0.927,0.903,0.909,0.911,0.923,0.9,0.898,0.896,0.901,0.944,0.015,0.927,0.888,0.895,0.909,0.936,0.891,0.925,0.903,0.924,0.944,0.902,0.904,0.89,0.922,0.921,0.901,0.902
0.902,0.936,0.888,0.902,0.914,1.0,0.903,0.902,0.9,0.885,0.895,0.901,0.909,0.9,0.904,0.91,0.934,0.916,0.914,0.902,0.905,0.918,0.924,0.931,0.936,0.925,0.911,0.903,0.9,0.898,0.888,0.91,0.017,0.919,0.918,0.898,0.902,0.917,0.906,0.911,0.906,0.917,0.918,0.895,0.896,0.877,0.922,0.921,0.895,0.898
0.902,0.896,0.887,0.898,0.91,0.903,1.0,0.896,0.898,0.879,0.881,0.899,0.896,0.888,0.895,0.984,0.895,0.904,0.909,0.997,0.917,0.913,0.917,0.887,0.895,0.898,0.899,0.886,0.896,0.891,0.893,0.911,0.014,0.906,0.873,0.896,0.997,0.903,0.883,0.895,0.89,0.899,0.903,0.889,0.891,0.886,0.901,0.903,0.895,0.901
0.898,0.889,0.887,0.942,0.903,0.902,0.896,1.0,0.886,0.923,0.866,0.933,0.886,0.93,0.94,0.898,0.892,0.896,0.9,0.896,0.886,0.901,0.903,0.878,0.881,0.888,0.889,0.97,0.898,0.888,0.93,0.888,0.017,0.899,0.856,0.92,0.895,0.897,0.924,0.887,0.935,0.887,0.903,0.969,0.96,0.887,0.885,0.884,0.923,0.899
0.915,0.892,0.9,0.893,0.899,0.9,0.898,0.886,1.0,0.896,0.903,0.888,0.903,0.892,0.893,0.903,0.903,0.903,0.894,0.897,0.884,0.897,0.901,0.897,0.904,0.9,0.91,0.891,0.909,0.921,0.881,0.884,0.012,0.894,0.884,0.894,0.898,0.892,0.889,0.904,0.892,0.89,0.893,0.885,0.884,0.874,0.897,0.895,0.89,0.895
0.889,0.881,0.876,0.928,0.889,0.885,0.879,0.923,0.896,1.0,0.881,0.92,0.887,0.933,0.926,0.881,0.893,0.889,0.88,0.878,0.87,0.884,0.886,0.885,0.881,0.888,0.894,0.931,0.894,0.891,0.93,0.878,0.017,0.884,0.868,0.917,0.878,0.885,0.929,0.9,0.941,0.878,0.884,0.925,0.925,0.869,0.872,0.871,0.921,0.887
0.88,0.904,0.87,0.875,0.922,0.895,0.881,0.866,0.903,0.881,1.0,0.867,0.93,0.87,0.869,0.885,0.904,0.919,0.909,0.88,0.894,0.911,0.912,0.924,0.9,0.899,0.924,0.869,0.88,0.884,0.862,0.901,0.016,0.901,0.916,0.871,0.882,0.91,0.869,0.933,0.873,0.896,0.909,0.864,0.865,0.858,0.899,0.897,0.868,0.876
0.905,0.892,0.885,0.942,0.907,0.901,0.899,0.933,0.888,0.92,0.867,1.0,0.885,0.933,0.957,0.895,0.892,0.889,0.9,0.899,0.896,0.894,0.898,0.878,0.886,0.891,0.89,0.933,0.892,0.883,0.931,0.902,0.016,0.896,0.862,0.918,0.899,0.899,0.923,0.892,0.93,0.895,0.902,0.938,0.94,0.892,0.895,0.895,0.928,0.9
0.895,0.91,0.887,0.886,0.929,0.909,0.896,0.886,0.903,0.887,0.93,0.885,1.0,0.881,0.89,0.903,0.918,0.932,0.926,0.896,0.918,0.933,0.936,0.913,0.909,0.91,0.949,0.885,0.895,0.896,0.878,0.923,0.016,0.927,0.898,0.888,0.896,0.931,0.886,0.949,0.891,0.912,0.937,0.878,0.879,0.871,0.909,0.908,0.881,0.891
0.892,0.885,0.881,0.949,0.894,0.9,0.888,0.93,0.892,0.933,0.87,0.933,0.881,1.0,0.953,0.893,0.895,0.892,0.89,0.888,0.878,0.887,0.891,0.875,0.887,0.887,0.888,0.947,0.908,0.892,0.931,0.883,0.018,0.893,0.862,0.919,0.888,0.89,0.933,0.885,0.948,0.88,0.894,0.943,0.936,0.882,0.881,0.88,0.931,0.896
0.906,0.891,0.888,0.955,0.907,0.904,0.895,0.94,0.893,0.926,0.869,0.957,0.89,0.953,1.0,0.9,0.898,0.898,0.904,0.895,0.89,0.899,0.905,0.874,0.886,0.893,0.891,0.95,0.904,0.894,0.939,0.898,0.015,0.902,0.86,0.924,0.895,0.898,0.936,0.891,0.949,0.89,0.905,0.946,0.94,0.887,0.889,0.888,0.934,0.905
0.905,0.904,0.895,0.899,0.908,0.91,0.984,0.898,0.903,0.881,0.885,0.895,0.903,0.893,0.9,1.0,0.899,0.905,0.915,0.984,0.909,0.919,0.922,0.894,0.904,0.904,0.906,0.889,0.903,0.896,0.888,0.905,0.014,0.909,0.882,0.9,0.985,0.91,0.89,0.901,0.893,0.899,0.909,0.886,0.883,0.883,0.9,0.899,0.893,0.905
0.898,0.938,0.893,0.889,0.915,0.934,0.895,0.892,0.903,0.893,0.904,0.892,0.918,0.895,0.898,0.899,1.0,0.913,0.911,0.894,0.903,0.918,0.923,0.94,0.946,0.945,0.917,0.893,0.892,0.898,0.891,0.919,0.013,0.918,0.914,0.891,0.895,0.913,0.899,0.919,0.895,0.911,0.913,0.887,0.889,0.866,0.922,0.922,0.889,0.888
0.902,0.912,0.882,0.898,0.92,0.916,0.904,0.896,0.903,0.889,0.919,0.889,0.932,0.892,0.898,0.905,0.913,1.0,0.945,0.903,0.928,0.944,0.944,0.909,0.909,0.909,0.941,0.893,0.9,0.896,0.892,0.912,0.015,0.923,0.897,0.891,0.904,0.921,0.889,0.941,0.899,0.912,0.926,0.89,0.888,0.879,0.903,0.901,0.892,0.897
0.906,0.907,0.88,0.9,0.925,0.914,0.909,0.9,0.894,0.88,0.909,0.9,0.926,0.89,0.904,0.915,0.911,0.945,1.0,0.909,0.938,0.944,0.943,0.905,0.901,0.901,0.926,0.892,0.889,0.887,0.889,0.92,0.015,0.922,0.888,0.902,0.909,0.916,0.894,0.931,0.901,0.918,0.931,0.892,0.891,0.879,0.913,0.911,0.898,0.896
0.901,0.896,0.886,0.897,0.91,0.902,0.997,0.896,0.897,0.878,0.88,0.899,0.896,0.888,0.895,0.984,0.894,0.903,0.909,1.0,0.918,0.912,0.916,0.886,0.895,0.898,0.898,0.885,0.895,0.89,0.892,0.911,0.014,0.906,0.873,0.895,0.997,0.902,0.882,0.894,0.889,0.898,0.902,0.888,0.89,0.886,0.901,0.903,0.894,0.9
0.904,0.906,0.874,0.893,0.928,0.905,0.917,0.886,0.884,0.87,0.894,0.896,0.918,0.878,0.89,0.909,0.903,0.928,0.938,0.918,1.0,0.935,0.938,0.892,0.898,0.9,0.918,0.883,0.881,0.878,0.887,0.922,0.015,0.93,0.879,0.888,0.916,0.918,0.878,0.921,0.885,0.906,0.922,0.887,0.892,0.884,0.908,0.908,0.888,0.89
0.902,0.911,0.883,0.895,0.921,0.918,0.913,0.901,0.897,0.884,0.911,0.894,0.933,0.887,0.899,0.919,0.918,0.944,0.944,0.912,0.935,1.0,0.979,0.906,0.909,0.907,0.935,0.896,0.893,0.892,0.889,0.922,0.015,0.952,0.889,0.899,0.91,0.929,0.896,0.931,0.898,0.912,0.933,0.892,0.891,0.879,0.913,0.911,0.891,0.896
0.91,0.918,0.886,0.902,0.927,0.924,0.917,0.903,0.901,0.886,0.912,0.898,0.936,0.891,0.905,0.922,0.923,0.944,0.943,0.916,0.938,0.979,1.0,0.912,0.912,0.912,0.938,0.901,0.896,0.896,0.893,0.928,0.015,0.955,0.897,0.9,0.914,0.932,0.898,0.931,0.901,0.915,0.937,0.896,0.894,0.878,0.916,0.914,0.892,0.896
0.885,0.939,0.876,0.877,0.903,0.931,0.887,0.878,0.897,0.885,0.924,0.878,0.913,0.875,0.874,0.894,0.94,0.909,0.905,0.886,0.892,0.906,0.912,1.0,0.939,0.922,0.919,0.877,0.879,0.889,0.867,0.898,0.015,0.9,0.939,0.879,0.887,0.908,0.881,0.92,0.878,0.909,0.906,0.87,0.873,0.853,0.911,0.911,0.875,0.877
0.894,0.95,0.888,0.882,0.909,0.936,0.895,0.881,0.904,0.881,0.9,0.886,0.909,0.887,0.886,0.904,0.946,0.909,0.901,0.895,0.898,0.909,0.912,0.939,1.0,0.933,0.914,0.883,0.89,0.888,0.88,0.906,0.014,0.906,0.922,0.88,0.896,0.908,0.887,0.914,0.89,0.905,0.905,0.88,0.883,0.868,0.912,0.912,0.885,0.884
0.896,0.93,0.891,0.888,0.911,0.925,0.898,0.888,0.9,0.888,0.899,0.891,0.91,0.887,0.893,0.904,0.945,0.909,0.901,0.898,0.9,0.907,0.912,0.922,0.933,1.0,0.91,0.884,0.895,0.9,0.884,0.909,0.014,0.906,0.905,0.892,0.899,0.906,0.891,0.913,0.888,0.907,0.903,0.88,0.881,0.87,0.913,0.912,0.891,0.894
0.893,0.912,0.883,0.891,0.923,0.911,0.899,0.889,0.91,0.894,0.924,0.89,0.949,0.888,0.891,0.906,0.917,0.941,0.926,0.898,0.918,0.935,0.938,0.919,0.914,0.91,1.0,0.885,0.895,0.895,0.88,0.927,0.015,0.922,0.902,0.893,0.897,0.935,0.881,0.945,0.891,0.912,0.946,0.881,0.881,0.869,0.908,0.906,0.884,0.896
0.895,0.891,0.882,0.953,0.9,0.903,0.886,0.97,0.891,0.931,0.869,0.933,0.885,0.947,0.95,0.889,0.893,0.893,0.892,0.885,0.883,0.896,0.901,0.877,0.883,0.884,0.885,1.0,0.901,0.891,0.936,0.885,0.018,0.896,0.858,0.921,0.885,0.898,0.929,0.884,0.951,0.883,0.9,0.99,0.981,0.882,0.885,0.883,0.926,0.896
0.909,0.895,0.892,0.899,0.898,0.9,0.896,0.898,0.909,0.894,0.88,0.892,0.895,0.908,0.904,0.903,0.892,0.9,0.889,0.895,0.881,0.893,0.896,0.879,0.89,0.895,0.895,0.901,1.0,0.902,0.893,0.885,0.018,0.891,0.866,0.9,0.895,0.898,0.897,0.894,0.903,0.89,0.89,0.894,0.892,0.899,0.889,0.887,0.888,0.944
0.913,0.891,0.9,0.893,0.896,0.898,0.891,0.888,0.921,0.891,0.884,0.883,0.896,0.892,0.894,0.896,0.898,0.896,0.887,0.89,0.878,0.892,0.896,0.889,0.888,0.9,0.895,0.891,0.902,1.0,0.886,0.884,0.015,0.892,0.871,0.893,0.892,0.892,0.887,0.894,0.898,0.883,0.893,0.884,0.885,0.887,0.89,0.89,0.89,0.898
0.89,0.884,0.872,0.939,0.901,0.888,0.893,0.93,0.881,0.93,0.862,0.931,0.878,0.931,0.939,0.888,0.891,0.892,0.889,0.892,0.887,0.889,0.893,0.867,0.88,0.884,0.88,0.936,0.893,0.886,1.0,0.89,0.017,0.894,0.85,0.911,0.892,0.888,0.925,0.877,0.958,0.888,0.89,0.941,0.938,0.89,0.891,0.889,0.93,0.897
0.898,0.91,0.878,0.894,0.944,0.91,0.911,0.888,0.884,0.878,0.901,0.902,0.923,0.883,0.898,0.905,0.919,0.912,0.92,0.911,0.922,0.922,0.928,0.898,0.906,0.909,0.927,0.885,0.885,0.884,0.89,1.0,0.015,0.927,0.882,0.889,0.91,0.936,0.881,0.92,0.891,0.924,0.944,0.888,0.895,0.888,0.919,0.921,0.894,0.898
0.015,0.016,0.015,0.016,0.015,0.017,0.014,0.017,0.012,0.017,0.016,0.016,0.016,0.018,0.015,0.014,0.013,0.015,0.015,0.014,0.015,0.015,0.015,0.015,0.014,0.014,0.015,0.018,0.018,0.015,0.017,0.015,1.0,0.014,0.014,0.016,0.014,0.016,0.016,0.016,0.019,0.015,0.015,0.017,0.017,0.016,0.014,0.014,0.017,0.018
0.904,0.912,0.883,0.904,0.927,0.919,0.906,0.899,0.894,0.884,0.901,0.896,0.927,0.893,0.902,0.909,0.918,0.923,0.922,0.906,0.93,0.952,0.955,0.9,0.906,0.906,0.922,0.896,0.891,0.892,0.894,0.927,0.014,1.0,0.894,0.899,0.905,0.924,0.889,0.915,0.897,0.911,0.934,0.894,0.896,0.879,0.907,0.907,0.89,0.893
0.874,0.918,0.858,0.858,0.888,0.918,0.873,0.856,0.884,0.868,0.916,0.862,0.898,0.862,0.86,0.882,0.914,0.897,0.888,0.873,0.879,0.889,0.897,0.939,0.922,0.905,0.902,0.858,0.866,0.871,0.85,0.882,0.014,0.894,1.0,0.863,0.874,0.882,0.861,0.905,0.861,0.885,0.893,0.852,0.854,0.842,0.889,0.889,0.855,0.864
0.897,0.881,0.892,0.919,0.895,0.898,0.896,0.92,0.894,0.917,0.871,0.918,0.888,0.919,0.924,0.9,0.891,0.891,0.902,0.895,0.888,0.899,0.9,0.879,0.88,0.892,0.893,0.921,0.9,0.893,0.911,0.889,0.016,0.899,0.863,1.0,0.895,0.889,0.921,0.887,0.928,0.889,0.89,0.914,0.913,0.886,0.883,0.883,0.92,0.892
0.901,0.897,0.887,0.897,0.909,0.902,0.997,0.895,0.898,0.878,0.882,0.899,0.896,0.888,0.895,0.985,0.895,0.904,0.909,0.997,0.916,0.91,0.914,0.887,0.896,0.899,0.897,0.885,0.895,0.892,0.892,0.91,0.014,0.905,0.874,0.895,1.0,0.902,0.882,0.894,0.889,0.898,0.902,0.888,0.89,0.886,0.901,0.903,0.894,0.9
0.904,0.92,0.883,0.898,0.936,0.917,0.903,0.897,0.892,0.885,0.91,0.899,0.931,0.89,0.898,0.91,0.913,0.921,0.916,0.902,0.918,0.929,0.932,0.908,0.908,0.906,0.935,0.898,0.898,0.892,0.888,0.936,0.016,0.924,0.882,0.889,0.902,1.0,0.888,0.93,0.898,0.917,0.949,0.892,0.891,0.871,0.918,0.917,0.888,0.895
0.892,0.884,0.881,0.93,0.891,0.906,0.883,0.924,0.889,0.929,0.869,0.923,0.886,0.933,0.936,0.89,0.899,0.889,0.894,0.882,0.878,0.896,0.898,0.881,0.887,0.891,0.881,0.929,0.897,0.887,0.925,0.881,0.016,0.889,0.861,0.921,0.882,0.888,1.0,0.886,0.938,0.888,0.889,0.923,0.921,0.879,0.894,0.892,0.923,0.897
0.896,0.915,0.886,0.891,0.925,0.911,0.895,0.887,0.904,0.9,0.933,0.892,0.949,0.885,0.891,0.901,0.919,0.941,0.931,0.894,0.921,0.931,0.931,0.92,0.914,0.913,0.945,0.884,0.894,0.894,0.877,0.92,0.016,0.915,0.905,0.887,0.894,0.93,0.886,1.0,0.891,0.915,0.929,0.878,0.879,0.871,0.915,0.913,0.882,0.894
0.897,0.889,0.884,0.945,0.903,0.906,0.89,0.935,0.892,0.941,0.873,0.93,0.891,0.948,0.949,0.893,0.895,0.899,0.901,0.889,0.885,0.898,0.901,0.878,0.89,0.888,0.891,0.951,0.903,0.898,0.958,0.891,0.019,0.897,0.861,0.928,0.889,0.898,0.938,0.891,1.0,0.891,0.901,0.944,0.941,0.881,0.888,0.886,0.931,0.896
0.897,0.913,0.887,0.89,0.924,0.917,0.899,0.887,0.89,0.878,0.896,0.895,0.912,0.88,0.89,0.899,0.911,0.912,0.918,0.898,0.906,0.912,0.915,0.909,0.905,0.907,0.912,0.883,0.89,0.883,0.888,0.924,0.015,0.911,0.885,0.889,0.898,0.917,0.888,0.915,0.891,1.0,0.932,0.884,0.884,0.878,0.929,0.927,0.89,0.894
0.903,0.91,0.881,0.905,0.944,0.918,0.903,0.903,0.893,0.884,0.909,0.902,0.937,0.894,0.905,0.909,0.913,0.926,0.931,0.902,0.922,0.933,0.937,0.906,0.905,0.903,0.946,0.9,0.89,0.893,0.89,0.944,0.015,0.934,0.893,0.89,0.902,0.949,0.889,0.929,0.901,0.932,1.0,0.899,0.898,0.88,0.915,0.914,0.894,0.903
0.893,0.887,0.878,0.953,0.902,0.895,0.889,0.969,0.885,0.925,0.864,0.938,0.878,0.943,0.946,0.886,0.887,0.89,0.892,0.888,0.887,0.892,0.896,0.87,0.88,0.88,0.881,0.99,0.894,0.884,0.941,0.888,0.017,0.894,0.852,0.914,0.888,0.892,0.923,0.878,0.944,0.884,0.899,1.0,0.987,0.887,0.884,0.882,0.931,0.896
0.897,0.889,0.875,0.947,0.904,0.896,0.891,0.96,0.884,0.925,0.865,0.94,0.879,0.936,0.94,0.883,0.889,0.888,0.891,0.89,0.892,0.891,0.894,0.873,0.883,0.881,0.881,0.981,0.892,0.885,0.938,0.895,0.017,0.896,0.854,0.913,0.89,0.891,0.921,0.879,0.941,0.884,0.898,0.987,1.0,0.889,0.888,0.89,0.926,0.894
0.889,0.87,0.871,0.891,0.89,0.877,0.886,0.887,0.874,0.869,0.858,0.892,0.871,0.882,0.887,0.883,0.866,0.879,0.879,0.886,0.884,0.879,0.878,0.853,0.868,0.87,0.869,0.882,0.899,0.887,0.89,0.888,0.016,0.879,0.842,0.886,0.886,0.871,0.879,0.871,0.881,0.878,0.88,0.887,0.889,1.0,0.881,0.882,0.885,0.921
0.899,0.918,0.881,0.89,0.922,0.922,0.901,0.885,0.897,0.872,0.899,0.895,0.909,0.881,0.889,0.9,0.922,0.903,0.913,0.901,0.908,0.913,0.916,0.911,0.912,0.913,0.908,0.885,0.889,0.89,0.891,0.919,0.014,0.907,0.889,0.883,0.901,0.918,0.894,0.915,0.888,0.929,0.915,0.884,0.888,0.881,1.0,0.997,0.891,0.894
0.898,0.916,0.879,0.888,0.921,0.921,0.903,0.884,0.895,0.871,0.897,0.895,0.908,0.88,0.888,0.899,0.922,0.901,0.911,0.903,0.908,0.911,0.914,0.911,0.912,0.912,0.906,0.883,0.887,0.89,0.889,0.921,0.014,0.907,0.889,0.883,0.903,0.917,0.892,0.913,0.886,0.927,0.914,0.882,0.89,0.882,0.997,1.0,0.89,0.894
0.896,0.884,0.873,0.932,0.901,0.895,0.895,0.923,0.89,0.921,0.868,0.928,0.881,0.931,0.934,0.893,0.889,0.892,0.898,0.894,0.888,0.891,0.892,0.875,0.885,0.891,0.884,0.926,0.888,0.89,0.93,0.894,0.017,0.89,0.855,0.92,0.894,0.888,0.923,0.882,0.931,0.89,0.894,0.931,0.926,0.885,0.891,0.89,1.0,0.9
0.906,0.892,0.88,0.905,0.902,0.898,0.901,0.899,0.895,0.887,0.876,0.9,0.891,0.896,0.905,0.905,0.888,0.897,0.896,0.9,0.89,0.896,0.896,0.877,0.884,0.894,0.896,0.896,0.944,0.898,0.897,0.898,0.018,0.893,0.864,0.892,0.9,0.895,0.897,0.894,0.896,0.894,0.903,0.896,0.894,0.921,0.894,0.894,0.9,1.0
