GCF_000163235.1_ASM16323v1_genomic.fna,GCF_000164555.1_ASM16455v1_genomic.fna,GCF_000208545.1_ASM20854v2_genomic.fna,GCF_000233875.1_ASM23387v1_genomic.fna,GCF_000249735.1_ASM24973v2_genomic.fna,GCF_000261145.1_Esch_coli_M919_V2_genomic.fna,GCF_000267705.2_ASM26770v2_genomic.fna,GCF_000350665.1_Esch_coli_KTE5_V1_genomic.fna,GCF_000351625.1_Esch_coli_KTE66_V1_genomic.fna,GCF_000352285.1_Esch_coli_KTE46_V1_genomic.fna,GCF_000358895.1_ASM35889v1_genomic.fna,GCF_000456385.1_Esch_coli_HVH_26_4-5703913_V1_genomic.fna,GCF_000458195.1_Esch_coli_HVH_147_4-5893887_V1_genomic.fna,GCF_000459755.1_Esch_coli_KOEGE_58_171a_V1_genomic.fna,GCF_000460055.1_Esch_coli_UMEA_3053-1_V1_genomic.fna,GCF_000462165.2_ASM46216v2_genomic.fna,GCF_000601135.1_ASM60113v1_genomic.fna,GCF_000614595.1_Ec2010EL1058_genomic.fna,GCF_000617745.1_Ec2010C-4529_genomic.fna,GCF_000618265.2_EcF6751_genomic.fna,GCF_000619005.2_Ec2009C-4052_genomic.fna,GCF_000619105.1_Ec2009C-4780_genomic.fna,GCF_000619765.2_Ec2009C-3279_genomic.fna,GCF_000687005.1_ASM68700v1_genomic.fna,GCF_000687025.1_ASM68702v1_genomic.fna,GCF_000700125.1_ASM70012v1_genomic.fna,GCF_000753315.1_FHI35_genomic.fna,GCF_000776375.1_ASM77637v1_genomic.fna,GCF_000779395.1_ASM77939v1_genomic.fna,GCF_000780315.1_ASM78031v1_genomic.fna,GCF_000781995.1_ASM78199v1_genomic.fna,GCF_000986765.1_ASM98676v1_genomic.fna,GCF_001041375.1_ViralProj287958_genomic.fna,GCF_001265335.1_302014_genomic.fna,GCF_001265625.1_100854_genomic.fna,GCF_001267345.1_303289_genomic.fna,GCF_001309985.1_ASM130998v1_genomic.fna,GCF_001521695.1_ASM152169v1_genomic.fna,GCF_001592595.1_ASM159259v1_genomic.fna,GCF_001614975.1_ASM161497v1_genomic.fna,GCF_001692775.1_ASM169277v1_genomic.fna,GCF_001748915.1_ASM174891v1_genomic.fna,GCF_001749235.1_ASM174923v1_genomic.fna,GCF_001881155.1_ASM188115v1_genomic.fna,GCF_001881345.1_ASM188134v1_genomic.fna,GCF_001892405.1_ASM189240v1_genomic.fna,GCF_001892585.1_ASM189258v1_genomic.fna,GCF_001893985.1_ASM189398v1_genomic.fna,GCF_002001595.1_ASM200159v1_genomic.fna,GCF_002002145.1_ASM200214v1_genomic.fna
1.0,0.482,0.392,0.413,0.474,0.479,0.445,0.419,0.593,0.417,0.454,0.417,0.46,0.42,0.391,0.455,0.453,0.474,0.457,0.439,0.455,0.463,0.478,0.469,0.46,0.445,0.474,0.412,0.511,0.578,0.403,0.474,0.0,0.462,0.424,0.415,0.443,0.482,0.4,0.476,0.406,0.466,0.484,0.398,0.416,0.465,0.452,0.455,0.399,0.52
0.482,1.0,0.357,0.411,0.621,0.777,0.519,0.409,0.468,0.403,0.575,0.419,0.58,0.393,0.386,0.532,0.677,0.591,0.574,0.511,0.575,0.58,0.595,0.775,0.776,0.68,0.603,0.406,0.452,0.467,0.389,0.615,0.0,0.573,0.724,0.392,0.517,0.619,0.373,0.583,0.395,0.668,0.6,0.407,0.404,0.407,0.671,0.672,0.382,0.456
0.392,0.357,1.0,0.315,0.358,0.363,0.352,0.322,0.387,0.304,0.337,0.315,0.352,0.32,0.31,0.361,0.35,0.357,0.345,0.349,0.35,0.349,0.356,0.351,0.349,0.332,0.356,0.322,0.384,0.382,0.307,0.362,0.0,0.357,0.317,0.322,0.352,0.356,0.316,0.358,0.317,0.348,0.371,0.317,0.311,0.336,0.344,0.345,0.318,0.389
0.413,0.411,0.315,1.0,0.435,0.409,0.401,0.697,0.425,0.713,0.421,0.733,0.423,0.767,0.771,0.405,0.413,0.412,0.415,0.395,0.399,0.424,0.427,0.409,0.417,0.399,0.42,0.739,0.462,0.414,0.721,0.421,0.0,0.405,0.371,0.629,0.398,0.42,0.65,0.416,0.723,0.401,0.41,0.715,0.72,0.426,0.39,0.392,0.65,0.462
0.474,0.621,0.358,0.435,1.0,0.649,0.539,0.432,0.466,0.422,0.753,0.434,0.68,0.427,0.417,0.547,0.625,0.658,0.655,0.533,0.65,0.652,0.669,0.618,0.619,0.613,0.671,0.427,0.47,0.475,0.42,0.688,0.0,0.662,0.576,0.413,0.539,0.688,0.408,0.681,0.425,0.636,0.69,0.413,0.421,0.413,0.638,0.641,0.406,0.466
0.479,0.777,0.363,0.409,0.649,1.0,0.527,0.412,0.475,0.406,0.602,0.408,0.609,0.404,0.39,0.537,0.697,0.614,0.605,0.523,0.586,0.611,0.625,0.786,0.801,0.689,0.625,0.406,0.464,0.47,0.392,0.624,0.0,0.61,0.741,0.408,0.526,0.636,0.394,0.61,0.395,0.691,0.638,0.4,0.403,0.412,0.694,0.696,0.394,0.46
0.445,0.519,0.352,0.401,0.539,0.527,1.0,0.408,0.464,0.385,0.51,0.4,0.525,0.393,0.388,0.955,0.518,0.569,0.553,0.977,0.562,0.556,0.576,0.534,0.529,0.518,0.538,0.397,0.435,0.46,0.389,0.554,0.0,0.539,0.493,0.402,0.988,0.534,0.389,0.529,0.392,0.537,0.551,0.394,0.4,0.417,0.523,0.525,0.363,0.453
0.419,0.409,0.322,0.697,0.432,0.412,0.408,1.0,0.404,0.68,0.397,0.698,0.396,0.693,0.691,0.412,0.406,0.405,0.398,0.404,0.396,0.401,0.411,0.403,0.398,0.388,0.403,0.907,0.461,0.419,0.686,0.418,0.0,0.4,0.353,0.589,0.404,0.437,0.662,0.401,0.691,0.402,0.408,0.889,0.88,0.441,0.393,0.397,0.631,0.464
0.593,0.468,0.387,0.425,0.466,0.475,0.464,0.404,1.0,0.412,0.461,0.397,0.467,0.421,0.398,0.469,0.445,0.47,0.452,0.459,0.446,0.475,0.476,0.466,0.462,0.451,0.491,0.406,0.518,0.613,0.41,0.454,0.0,0.46,0.421,0.437,0.462,0.477,0.4,0.487,0.401,0.468,0.487,0.387,0.39,0.459,0.455,0.457,0.406,0.52
0.417,0.403,0.304,0.713,0.422,0.406,0.385,0.68,0.412,1.0,0.427,0.681,0.421,0.703,0.69,0.392,0.401,0.396,0.394,0.383,0.386,0.403,0.4,0.408,0.407,0.399,0.409,0.696,0.454,0.402,0.733,0.398,0.0,0.39,0.367,0.621,0.383,0.409,0.65,0.414,0.718,0.389,0.403,0.671,0.681,0.418,0.389,0.39,0.643,0.437
0.454,0.575,0.337,0.421,0.753,0.602,0.51,0.397,0.461,0.427,1.0,0.396,0.724,0.408,0.394,0.516,0.587,0.655,0.658,0.503,0.636,0.671,0.657,0.64,0.596,0.632,0.688,0.402,0.439,0.452,0.395,0.644,0.0,0.632,0.608,0.41,0.508,0.655,0.371,0.701,0.392,0.617,0.671,0.384,0.386,0.401,0.592,0.593,0.385,0.45
0.417,0.419,0.315,0.733,0.434,0.408,0.4,0.698,0.397,0.681,0.396,1.0,0.397,0.733,0.84,0.409,0.4,0.402,0.393,0.394,0.403,0.403,0.416,0.402,0.401,0.391,0.395,0.723,0.472,0.415,0.69,0.415,0.0,0.403,0.363,0.596,0.398,0.417,0.67,0.401,0.703,0.398,0.412,0.701,0.701,0.426,0.393,0.396,0.638,0.454
0.46,0.58,0.352,0.423,0.68,0.609,0.525,0.396,0.467,0.421,0.724,0.397,1.0,0.407,0.396,0.533,0.601,0.693,0.7,0.519,0.691,0.773,0.759,0.637,0.594,0.619,0.746,0.401,0.452,0.472,0.394,0.696,0.0,0.731,0.59,0.407,0.525,0.707,0.383,0.766,0.389,0.607,0.725,0.384,0.383,0.398,0.6,0.6,0.386,0.457
0.42,0.393,0.32,0.767,0.427,0.404,0.393,0.693,0.421,0.703,0.408,0.733,0.407,1.0,0.774,0.396,0.394,0.408,0.399,0.389,0.391,0.408,0.421,0.385,0.391,0.377,0.404,0.736,0.467,0.416,0.734,0.414,0.0,0.398,0.35,0.607,0.39,0.409,0.66,0.402,0.735,0.393,0.402,0.711,0.715,0.429,0.384,0.385,0.671,0.46
0.391,0.386,0.31,0.771,0.417,0.39,0.388,0.691,0.398,0.69,0.394,0.84,0.396,0.774,1.0,0.394,0.394,0.399,0.391,0.383,0.386,0.399,0.408,0.377,0.381,0.368,0.399,0.729,0.454,0.403,0.719,0.403,0.0,0.387,0.348,0.602,0.387,0.411,0.673,0.393,0.717,0.382,0.4,0.7,0.707,0.425,0.39,0.391,0.647,0.459
0.455,0.532,0.361,0.405,0.547,0.537,0.955,0.412,0.469,0.392,0.516,0.409,0.533,0.396,0.394,1.0,0.528,0.564,0.552,0.942,0.553,0.56,0.575,0.54,0.535,0.526,0.544,0.405,0.44,0.471,0.394,0.553,0.0,0.54,0.496,0.413,0.952,0.541,0.392,0.538,0.4,0.542,0.557,0.397,0.404,0.417,0.533,0.535,0.376,0.456
0.453,0.677,0.35,0.413,0.625,0.697,0.518,0.406,0.445,0.401,0.587,0.4,0.601,0.394,0.394,0.528,1.0,0.6,0.586,0.511,0.587,0.61,0.606,0.72,0.717,0.729,0.608,0.408,0.451,0.446,0.384,0.618,0.0,0.595,0.659,0.411,0.517,0.582,0.375,0.604,0.381,0.652,0.6,0.394,0.399,0.383,0.673,0.674,0.384,0.448
0.474,0.591,0.357,0.412,0.658,0.614,0.569,0.405,0.47,0.396,0.655,0.402,0.693,0.408,0.399,0.564,0.6,1.0,0.752,0.564,0.718,0.708,0.716,0.614,0.592,0.587,0.692,0.404,0.454,0.482,0.403,0.681,0.0,0.672,0.554,0.415,0.566,0.666,0.385,0.695,0.396,0.619,0.69,0.387,0.392,0.4,0.607,0.607,0.387,0.469
0.457,0.574,0.345,0.415,0.655,0.605,0.553,0.398,0.452,0.394,0.658,0.393,0.7,0.399,0.391,0.552,0.586,0.752,1.0,0.547,0.713,0.725,0.732,0.603,0.589,0.578,0.708,0.399,0.444,0.46,0.395,0.685,0.0,0.675,0.552,0.417,0.55,0.671,0.376,0.704,0.39,0.613,0.691,0.386,0.386,0.395,0.587,0.588,0.385,0.45
0.439,0.511,0.349,0.395,0.533,0.523,0.977,0.404,0.459,0.383,0.503,0.394,0.519,0.389,0.383,0.942,0.511,0.564,0.547,1.0,0.558,0.551,0.567,0.529,0.525,0.511,0.531,0.393,0.432,0.454,0.385,0.548,0.0,0.531,0.485,0.399,0.984,0.528,0.381,0.523,0.388,0.53,0.546,0.396,0.401,0.416,0.516,0.518,0.36,0.449
0.455,0.575,0.35,0.399,0.65,0.586,0.562,0.396,0.446,0.386,0.636,0.403,0.691,0.391,0.386,0.553,0.587,0.718,0.713,0.558,1.0,0.701,0.718,0.591,0.581,0.591,0.701,0.397,0.439,0.452,0.387,0.704,0.0,0.687,0.55,0.405,0.56,0.678,0.378,0.694,0.388,0.596,0.697,0.384,0.386,0.402,0.596,0.596,0.375,0.448
0.463,0.58,0.349,0.424,0.652,0.611,0.556,0.401,0.475,0.403,0.671,0.403,0.773,0.408,0.399,0.56,0.61,0.708,0.725,0.551,0.701,1.0,0.919,0.62,0.604,0.608,0.723,0.403,0.441,0.465,0.397,0.7,0.0,0.837,0.566,0.404,0.555,0.685,0.385,0.732,0.395,0.607,0.714,0.391,0.389,0.406,0.601,0.602,0.387,0.464
0.478,0.595,0.356,0.427,0.669,0.625,0.576,0.411,0.476,0.4,0.657,0.416,0.759,0.421,0.408,0.575,0.606,0.716,0.732,0.567,0.718,0.919,1.0,0.616,0.607,0.602,0.725,0.417,0.462,0.469,0.406,0.72,0.0,0.846,0.563,0.414,0.572,0.691,0.39,0.727,0.404,0.618,0.719,0.4,0.402,0.414,0.611,0.612,0.394,0.468
0.469,0.775,0.351,0.409,0.618,0.786,0.534,0.403,0.466,0.408,0.64,0.402,0.637,0.385,0.377,0.54,0.72,0.614,0.603,0.529,0.591,0.62,0.616,1.0,0.813,0.735,0.633,0.389,0.438,0.449,0.377,0.612,0.0,0.598,0.8,0.404,0.532,0.607,0.364,0.618,0.374,0.685,0.624,0.38,0.384,0.39,0.677,0.679,0.364,0.44
0.46,0.776,0.349,0.417,0.619,0.801,0.529,0.398,0.462,0.407,0.596,0.401,0.594,0.391,0.381,0.535,0.717,0.592,0.589,0.525,0.581,0.604,0.607,0.813,1.0,0.721,0.615,0.397,0.449,0.443,0.383,0.61,0.0,0.579,0.758,0.406,0.529,0.613,0.376,0.596,0.381,0.674,0.612,0.394,0.393,0.405,0.668,0.67,0.385,0.436
0.445,0.68,0.332,0.399,0.613,0.689,0.518,0.388,0.451,0.399,0.632,0.391,0.619,0.377,0.368,0.526,0.729,0.587,0.578,0.511,0.591,0.608,0.602,0.735,0.721,1.0,0.619,0.382,0.428,0.431,0.377,0.587,0.0,0.574,0.677,0.401,0.518,0.595,0.363,0.616,0.376,0.668,0.602,0.381,0.373,0.373,0.658,0.659,0.377,0.425
0.474,0.603,0.356,0.42,0.671,0.625,0.538,0.403,0.491,0.409,0.688,0.395,0.746,0.404,0.399,0.544,0.608,0.692,0.708,0.531,0.701,0.723,0.725,0.633,0.615,0.619,1.0,0.402,0.456,0.473,0.394,0.717,0.0,0.688,0.585,0.417,0.538,0.794,0.39,0.751,0.394,0.624,0.825,0.396,0.393,0.409,0.61,0.61,0.39,0.461
0.412,0.406,0.322,0.739,0.427,0.406,0.397,0.907,0.406,0.696,0.402,0.723,0.401,0.736,0.729,0.405,0.408,0.404,0.399,0.393,0.397,0.403,0.417,0.389,0.397,0.382,0.402,1.0,0.461,0.417,0.705,0.415,0.0,0.398,0.354,0.603,0.394,0.424,0.666,0.407,0.718,0.4,0.404,0.948,0.932,0.434,0.391,0.392,0.657,0.454
0.511,0.452,0.384,0.462,0.47,0.464,0.435,0.461,0.518,0.454,0.439,0.472,0.452,0.467,0.454,0.44,0.451,0.454,0.444,0.432,0.439,0.441,0.462,0.438,0.449,0.428,0.456,0.461,1.0,0.501,0.45,0.453,0.0,0.45,0.41,0.451,0.435,0.456,0.447,0.454,0.443,0.443,0.456,0.445,0.453,0.555,0.431,0.432,0.457,0.822
0.578,0.467,0.382,0.414,0.475,0.47,0.46,0.419,0.613,0.402,0.452,0.415,0.472,0.416,0.403,0.471,0.446,0.482,0.46,0.454,0.452,0.465,0.469,0.449,0.443,0.431,0.473,0.417,0.501,1.0,0.408,0.462,0.0,0.465,0.413,0.415,0.459,0.462,0.407,0.485,0.414,0.467,0.475,0.405,0.408,0.468,0.453,0.456,0.389,0.521
0.403,0.389,0.307,0.721,0.42,0.392,0.389,0.686,0.41,0.733,0.395,0.69,0.394,0.734,0.719,0.394,0.384,0.403,0.395,0.385,0.387,0.397,0.406,0.377,0.383,0.377,0.394,0.705,0.45,0.408,1.0,0.4,0.0,0.399,0.345,0.615,0.388,0.403,0.649,0.405,0.899,0.394,0.397,0.679,0.684,0.417,0.389,0.39,0.647,0.441
0.474,0.615,0.362,0.421,0.688,0.624,0.554,0.418,0.454,0.398,0.644,0.415,0.696,0.414,0.403,0.553,0.618,0.681,0.685,0.548,0.704,0.7,0.72,0.612,0.61,0.587,0.717,0.415,0.453,0.462,0.4,1.0,0.0,0.691,0.56,0.395,0.552,0.723,0.408,0.712,0.401,0.623,0.738,0.412,0.414,0.415,0.619,0.622,0.384,0.465
0.0,0.0,0.0,0.0,0.0,0.0,0.0,0.0,0.0,0.0,0.0,0.0,0.0,0.0,0.0,0.0,0.0,0.0,0.0,0.0,0.0,0.0,0.0,0.0,0.0,0.0,0.0,0.0,0.0,0.0,0.0,0.0,1.0,0.0,0.0,0.0,0.0,0.0,0.0,0.0,0.0,0.0,0.0,0.0,0.0,0.0,0.0,0.0,0.0,0.0
0.462,0.573,0.357,0.405,0.662,0.61,0.539,0.4,0.46,0.39,0.632,0.403,0.731,0.398,0.387,0.54,0.595,0.672,0.675,0.531,0.687,0.837,0.846,0.598,0.579,0.574,0.688,0.398,0.45,0.465,0.399,0.691,0.0,1.0,0.546,0.413,0.538,0.664,0.395,0.704,0.393,0.607,0.699,0.385,0.396,0.403,0.606,0.608,0.378,0.463
0.424,0.724,0.317,0.371,0.576,0.741,0.493,0.353,0.421,0.367,0.608,0.363,0.59,0.35,0.348,0.496,0.659,0.554,0.552,0.485,0.55,0.566,0.563,0.8,0.758,0.677,0.585,0.354,0.41,0.413,0.345,0.56,0.0,0.546,1.0,0.362,0.493,0.566,0.329,0.562,0.339,0.637,0.575,0.343,0.35,0.369,0.63,0.632,0.335,0.411
0.415,0.392,0.322,0.629,0.413,0.408,0.402,0.589,0.437,0.621,0.41,0.596,0.407,0.607,0.602,0.413,0.411,0.415,0.417,0.399,0.405,0.404,0.414,0.404,0.406,0.401,0.417,0.603,0.451,0.415,0.615,0.395,0.0,0.413,0.362,1.0,0.401,0.396,0.606,0.418,0.614,0.398,0.407,0.579,0.584,0.412,0.39,0.391,0.586,0.45
0.443,0.517,0.352,0.398,0.539,0.526,0.988,0.404,0.462,0.383,0.508,0.398,0.525,0.39,0.387,0.952,0.517,0.566,0.55,0.984,0.56,0.555,0.572,0.532,0.529,0.518,0.538,0.394,0.435,0.459,0.388,0.552,0.0,0.538,0.493,0.401,1.0,0.533,0.386,0.529,0.39,0.536,0.551,0.393,0.399,0.417,0.523,0.525,0.361,0.453
0.482,0.619,0.356,0.42,0.688,0.636,0.534,0.437,0.477,0.409,0.655,0.417,0.707,0.409,0.411,0.541,0.582,0.666,0.671,0.528,0.678,0.685,0.691,0.607,0.613,0.595,0.794,0.424,0.456,0.462,0.403,0.723,0.0,0.664,0.566,0.396,0.533,1.0,0.413,0.713,0.404,0.629,0.849,0.413,0.397,0.416,0.636,0.638,0.403,0.469
0.4,0.373,0.316,0.65,0.408,0.394,0.389,0.662,0.4,0.65,0.371,0.67,0.383,0.66,0.673,0.392,0.375,0.385,0.376,0.381,0.378,0.385,0.39,0.364,0.376,0.363,0.39,0.666,0.447,0.407,0.649,0.408,0.0,0.395,0.329,0.606,0.386,0.413,1.0,0.392,0.658,0.387,0.402,0.654,0.661,0.427,0.386,0.389,0.619,0.45
0.476,0.583,0.358,0.416,0.681,0.61,0.529,0.401,0.487,0.414,0.701,0.401,0.766,0.402,0.393,0.538,0.604,0.695,0.704,0.523,0.694,0.732,0.727,0.618,0.596,0.616,0.751,0.407,0.454,0.485,0.405,0.712,0.0,0.704,0.562,0.418,0.529,0.713,0.392,1.0,0.4,0.617,0.735,0.392,0.397,0.415,0.617,0.618,0.39,0.467
0.406,0.395,0.317,0.723,0.425,0.395,0.392,0.691,0.401,0.718,0.392,0.703,0.389,0.735,0.717,0.4,0.381,0.396,0.39,0.388,0.388,0.395,0.404,0.374,0.381,0.376,0.394,0.718,0.443,0.414,0.899,0.401,0.0,0.393,0.339,0.614,0.39,0.404,0.658,0.4,1.0,0.393,0.394,0.701,0.701,0.42,0.39,0.391,0.637,0.442
0.466,0.668,0.348,0.401,0.636,0.691,0.537,0.402,0.468,0.389,0.617,0.398,0.607,0.393,0.382,0.542,0.652,0.619,0.613,0.53,0.596,0.607,0.618,0.685,0.674,0.668,0.624,0.4,0.443,0.467,0.394,0.623,0.0,0.607,0.637,0.398,0.536,0.629,0.387,0.617,0.393,1.0,0.653,0.39,0.388,0.393,0.713,0.713,0.38,0.438
0.484,0.6,0.371,0.41,0.69,0.638,0.551,0.408,0.487,0.403,0.671,0.412,0.725,0.402,0.4,0.557,0.6,0.69,0.691,0.546,0.697,0.714,0.719,0.624,0.612,0.602,0.825,0.404,0.456,0.475,0.397,0.738,0.0,0.699,0.575,0.407,0.551,0.849,0.402,0.735,0.394,0.653,1.0,0.396,0.397,0.417,0.628,0.629,0.394,0.467
0.398,0.407,0.317,0.715,0.413,0.4,0.394,0.889,0.387,0.671,0.384,0.701,0.384,0.711,0.7,0.397,0.394,0.387,0.386,0.396,0.384,0.391,0.4,0.38,0.394,0.381,0.396,0.948,0.445,0.405,0.679,0.412,0.0,0.385,0.343,0.579,0.393,0.413,0.654,0.392,0.701,0.39,0.396,1.0,0.947,0.438,0.382,0.385,0.64,0.442
0.416,0.404,0.311,0.72,0.421,0.403,0.4,0.88,0.39,0.681,0.386,0.701,0.383,0.715,0.707,0.404,0.399,0.392,0.386,0.401,0.386,0.389,0.402,0.384,0.393,0.373,0.393,0.932,0.453,0.408,0.684,0.414,0.0,0.396,0.35,0.584,0.399,0.397,0.661,0.397,0.701,0.388,0.397,0.947,1.0,0.442,0.394,0.397,0.632,0.444
0.465,0.407,0.336,0.426,0.413,0.412,0.417,0.441,0.459,0.418,0.401,0.426,0.398,0.429,0.425,0.417,0.383,0.4,0.395,0.416,0.402,0.406,0.414,0.39,0.405,0.373,0.409,0.434,0.555,0.468,0.417,0.415,0.0,0.403,0.369,0.412,0.417,0.416,0.427,0.415,0.42,0.393,0.417,0.438,0.442,1.0,0.42,0.421,0.42,0.62
0.452,0.671,0.344,0.39,0.638,0.694,0.523,0.393,0.455,0.389,0.592,0.393,0.6,0.384,0.39,0.533,0.673,0.607,0.587,0.516,0.596,0.601,0.611,0.677,0.668,0.658,0.61,0.391,0.431,0.453,0.389,0.619,0.0,0.606,0.63,0.39,0.523,0.636,0.386,0.617,0.39,0.713,0.628,0.382,0.394,0.42,1.0,0.994,0.368,0.451
0.455,0.672,0.345,0.392,0.641,0.696,0.525,0.397,0.457,0.39,0.593,0.396,0.6,0.385,0.391,0.535,0.674,0.607,0.588,0.518,0.596,0.602,0.612,0.679,0.67,0.659,0.61,0.392,0.432,0.456,0.39,0.622,0.0,0.608,0.632,0.391,0.525,0.638,0.389,0.618,0.391,0.713,0.629,0.385,0.397,0.421,0.994,1.0,0.369,0.454
0.399,0.382,0.318,0.65,0.406,0.394,0.363,0.631,0.406,0.643,0.385,0.638,0.386,0.671,0.647,0.376,0.384,0.387,0.385,0.36,0.375,0.387,0.394,0.364,0.385,0.377,0.39,0.657,0.457,0.389,0.647,0.384,0.0,0.378,0.335,0.586,0.361,0.403,0.619,0.39,0.637,0.38,0.394,0.64,0.632,0.42,0.368,0.369,1.0,0.446
0.52,0.456,0.389,0.462,0.466,0.46,0.453,0.464,0.52,0.437,0.45,0.454,0.457,0.46,0.459,0.456,0.448,0.469,0.45,0.449,0.448,0.464,0.468,0.44,0.436,0.425,0.461,0.454,0.822,0.521,0.441,0.465,0.0,0.463,0.411,0.45,0.453,0.469,0.45,0.467,0.442,0.438,0.467,0.442,0.444,0.62,0.451,0.454,0.446,1.0
