GCF_000163235.1_ASM16323v1_genomic.fna,GCF_000164555.1_ASM16455v1_genomic.fna,GCF_000208545.1_ASM20854v2_genomic.fna,GCF_000233875.1_ASM23387v1_genomic.fna,GCF_000249735.1_ASM24973v2_genomic.fna,GCF_000261145.1_Esch_coli_M919_V2_genomic.fna,GCF_000267705.2_ASM26770v2_genomic.fna,GCF_000350665.1_Esch_coli_KTE5_V1_genomic.fna,GCF_000351625.1_Esch_coli_KTE66_V1_genomic.fna,GCF_000352285.1_Esch_coli_KTE46_V1_genomic.fna,GCF_000358895.1_ASM35889v1_genomic.fna,GCF_000456385.1_Esch_coli_HVH_26_4-5703913_V1_genomic.fna,GCF_000458195.1_Esch_coli_HVH_147_4-5893887_V1_genomic.fna,GCF_000459755.1_Esch_coli_KOEGE_58_171a_V1_genomic.fna,GCF_000460055.1_Esch_coli_UMEA_3053-1_V1_genomic.fna,GCF_000462165.2_ASM46216v2_genomic.fna,GCF_000601135.1_ASM60113v1_genomic.fna,GCF_000614595.1_Ec2010EL1058_genomic.fna,GCF_000617745.1_Ec2010C-4529_genomic.fna,GCF_000618265.2_EcF6751_genomic.fna,GCF_000619005.2_Ec2009C-4052_genomic.fna,GCF_000619105.1_Ec2009C-4780_genomic.fna,GCF_000619765.2_Ec2009C-3279_genomic.fna,GCF_000687005.1_ASM68700v1_genomic.fna,GCF_000687025.1_ASM68702v1_genomic.fna,GCF_000700125.1_ASM70012v1_genomic.fna,GCF_000753315.1_FHI35_genomic.fna,GCF_000776375.1_ASM77637v1_genomic.fna,GCF_000779395.1_ASM77939v1_genomic.fna,GCF_000780315.1_ASM78031v1_genomic.fna,GCF_000781995.1_ASM78199v1_genomic.fna,GCF_000986765.1_ASM98676v1_genomic.fna,GCF_001041375.1_ViralProj287958_genomic.fna,GCF_001265335.1_302014_genomic.fna,GCF_001265625.1_100854_genomic.fna,GCF_001267345.1_303289_genomic.fna,GCF_001309985.1_ASM130998v1_genomic.fna,GCF_001521695.1_ASM152169v1_genomic.fna,GCF_001592595.1_ASM159259v1_genomic.fna,GCF_001614975.1_ASM161497v1_genomic.fna,GCF_001692775.1_ASM169277v1_genomic.fna,GCF_001748915.1_ASM174891v1_genomic.fna,GCF_001749235.1_ASM174923v1_genomic.fna,GCF_001881155.1_ASM188115v1_genomic.fna,GCF_001881345.1_ASM188134v1_genomic.fna,GCF_001892405.1_ASM189240v1_genomic.fna,GCF_001892585.1_ASM189258v1_genomic.fna,GCF_001893985.1_ASM189398v1_genomic.fna,GCF_002001595.1_ASM200159v1_genomic.fna,GCF_002002145.1_ASM200214v1_genomic.fna
1.0,0.911,0.876,0.895,0.888,0.894,0.897,0.892,0.9,0.893,0.877,0.887,0.881,0.888,0.883,0.89,0.887,0.901,0.898,0.896,0.89,0.886,0.898,0.906,0.884,0.881,0.889,0.883,0.902,0.898,0.87,0.9,0.023,0.896,0.862,0.884,0.896,0.9,0.885,0.891,0.877,0.882,0.892,0.878,0.882,0.871,0.891,0.89,0.885,0.904
0.911,1.0,0.874,0.895,0.914,0.933,0.896,0.895,0.882,0.903,0.898,0.892,0.899,0.887,0.89,0.894,0.919,0.915,0.916,0.896,0.91,0.9,0.911,0.934,0.927,0.913,0.909,0.887,0.886,0.89,0.867,0.917,0.023,0.906,0.901,0.884,0.895,0.924,0.891,0.912,0.878,0.916,0.914,0.884,0.889,0.87,0.922,0.921,0.89,0.888
0.876,0.874,1.0,0.866,0.863,0.858,0.862,0.88,0.87,0.871,0.848,0.876,0.859,0.879,0.874,0.859,0.866,0.868,0.864,0.863,0.867,0.858,0.864,0.866,0.855,0.849,0.863,0.874,0.869,0.871,0.869,0.863,0.021,0.869,0.828,0.882,0.862,0.87,0.865,0.86,0.872,0.855,0.865,0.869,0.871,0.866,0.866,0.865,0.881,0.871
0.895,0.895,0.866,1.0,0.884,0.889,0.884,0.938,0.876,0.944,0.867,0.926,0.88,0.946,0.93,0.875,0.882,0.887,0.887,0.884,0.881,0.872,0.891,0.892,0.876,0.868,0.885,0.943,0.887,0.878,0.916,0.892,0.022,0.89,0.854,0.916,0.883,0.89,0.918,0.868,0.93,0.881,0.882,0.929,0.93,0.869,0.887,0.886,0.92,0.883
0.888,0.914,0.863,0.884,1.0,0.925,0.901,0.889,0.894,0.888,0.932,0.876,0.922,0.879,0.877,0.904,0.927,0.917,0.917,0.905,0.913,0.925,0.913,0.923,0.921,0.914,0.928,0.885,0.891,0.895,0.855,0.918,0.022,0.915,0.895,0.878,0.905,0.923,0.884,0.931,0.867,0.926,0.934,0.878,0.876,0.861,0.925,0.925,0.882,0.891
0.894,0.933,0.858,0.889,0.925,1.0,0.913,0.886,0.898,0.894,0.911,0.878,0.908,0.88,0.876,0.906,0.921,0.918,0.909,0.912,0.905,0.912,0.912,0.936,0.938,0.917,0.914,0.878,0.896,0.896,0.86,0.915,0.02,0.916,0.916,0.885,0.911,0.914,0.887,0.916,0.867,0.921,0.916,0.873,0.872,0.861,0.924,0.924,0.878,0.892
0.897,0.896,0.862,0.884,0.901,0.913,1.0,0.883,0.896,0.889,0.888,0.873,0.899,0.87,0.874,0.978,0.901,0.914,0.904,0.994,0.898,0.905,0.907,0.911,0.894,0.889,0.909,0.879,0.9,0.896,0.86,0.903,0.022,0.901,0.884,0.888,0.993,0.907,0.878,0.903,0.866,0.904,0.91,0.875,0.872,0.867,0.898,0.898,0.88,0.902
0.892,0.895,0.88,0.938,0.889,0.886,0.883,1.0,0.88,0.939,0.869,0.93,0.877,0.937,0.927,0.875,0.876,0.886,0.88,0.883,0.888,0.876,0.886,0.898,0.87,0.865,0.885,0.975,0.898,0.876,0.922,0.887,0.022,0.887,0.85,0.925,0.882,0.893,0.927,0.88,0.931,0.881,0.887,0.963,0.953,0.892,0.889,0.888,0.928,0.891
0.9,0.882,0.87,0.876,0.894,0.898,0.896,0.88,1.0,0.886,0.889,0.868,0.884,0.873,0.865,0.899,0.892,0.889,0.884,0.899,0.885,0.89,0.887,0.898,0.884,0.878,0.891,0.873,0.897,0.914,0.86,0.889,0.021,0.889,0.867,0.878,0.9,0.893,0.881,0.898,0.862,0.891,0.897,0.868,0.866,0.864,0.893,0.893,0.871,0.897
0.893,0.903,0.871,0.944,0.888,0.894,0.889,0.939,0.886,1.0,0.875,0.925,0.885,0.935,0.925,0.885,0.884,0.886,0.891,0.892,0.893,0.879,0.889,0.89,0.879,0.875,0.891,0.939,0.89,0.881,0.924,0.898,0.022,0.892,0.853,0.919,0.891,0.893,0.929,0.882,0.934,0.887,0.887,0.932,0.933,0.878,0.892,0.891,0.93,0.888
0.877,0.898,0.848,0.867,0.932,0.911,0.888,0.869,0.889,0.875,1.0,0.856,0.933,0.864,0.859,0.893,0.91,0.908,0.901,0.892,0.904,0.917,0.902,0.918,0.915,0.91,0.921,0.863,0.87,0.881,0.843,0.906,0.021,0.9,0.904,0.865,0.892,0.911,0.869,0.926,0.848,0.916,0.914,0.855,0.857,0.845,0.905,0.905,0.863,0.874
0.887,0.892,0.876,0.926,0.876,0.878,0.873,0.93,0.868,0.925,0.856,1.0,0.862,0.929,0.948,0.867,0.869,0.875,0.874,0.874,0.885,0.865,0.88,0.88,0.867,0.86,0.877,0.928,0.878,0.864,0.918,0.879,0.021,0.876,0.849,0.914,0.874,0.876,0.916,0.866,0.927,0.869,0.875,0.935,0.935,0.887,0.88,0.879,0.909,0.875
0.881,0.899,0.859,0.88,0.922,0.908,0.899,0.877,0.884,0.885,0.933,0.862,1.0,0.875,0.869,0.898,0.909,0.914,0.919,0.902,0.922,0.936,0.922,0.915,0.913,0.911,0.941,0.868,0.875,0.884,0.856,0.918,0.021,0.928,0.893,0.866,0.903,0.926,0.871,0.94,0.86,0.92,0.928,0.862,0.862,0.847,0.908,0.908,0.87,0.874
0.888,0.887,0.879,0.946,0.879,0.88,0.87,0.937,0.873,0.935,0.864,0.929,0.875,1.0,0.938,0.863,0.876,0.882,0.883,0.872,0.881,0.868,0.882,0.879,0.867,0.858,0.879,0.939,0.886,0.87,0.925,0.884,0.021,0.884,0.841,0.913,0.87,0.887,0.923,0.863,0.934,0.876,0.876,0.935,0.932,0.882,0.877,0.876,0.923,0.881
0.883,0.89,0.874,0.93,0.877,0.876,0.874,0.927,0.865,0.925,0.859,0.948,0.869,0.938,1.0,0.868,0.869,0.881,0.878,0.875,0.884,0.871,0.886,0.879,0.863,0.862,0.877,0.929,0.88,0.868,0.925,0.883,0.02,0.881,0.849,0.916,0.875,0.884,0.916,0.877,0.942,0.872,0.876,0.936,0.934,0.892,0.882,0.881,0.915,0.881
0.89,0.894,0.859,0.875,0.904,0.906,0.978,0.875,0.899,0.885,0.893,0.867,0.898,0.863,0.868,1.0,0.902,0.905,0.9,0.98,0.889,0.909,0.899,0.91,0.898,0.891,0.904,0.874,0.893,0.895,0.854,0.895,0.021,0.898,0.88,0.884,0.982,0.903,0.874,0.903,0.86,0.906,0.907,0.87,0.868,0.862,0.895,0.895,0.876,0.898
0.887,0.919,0.866,0.882,0.927,0.921,0.901,0.876,0.892,0.884,0.91,0.869,0.909,0.876,0.869,0.902,1.0,0.908,0.903,0.902,0.899,0.911,0.9,0.934,0.935,0.927,0.917,0.876,0.883,0.892,0.856,0.913,0.021,0.902,0.897,0.874,0.902,0.917,0.874,0.911,0.865,0.919,0.917,0.87,0.873,0.858,0.923,0.923,0.876,0.876
0.901,0.915,0.868,0.887,0.917,0.918,0.914,0.886,0.889,0.886,0.908,0.875,0.914,0.882,0.881,0.905,0.908,1.0,0.941,0.912,0.926,0.927,0.936,0.915,0.899,0.897,0.922,0.878,0.883,0.895,0.862,0.927,0.021,0.927,0.886,0.882,0.909,0.92,0.888,0.922,0.867,0.915,0.922,0.872,0.872,0.866,0.91,0.909,0.884,0.891
0.898,0.916,0.864,0.887,0.917,0.909,0.904,0.88,0.884,0.891,0.901,0.874,0.919,0.883,0.878,0.9,0.903,0.941,1.0,0.904,0.929,0.93,0.934,0.906,0.896,0.892,0.922,0.877,0.877,0.886,0.861,0.928,0.022,0.925,0.884,0.882,0.903,0.918,0.881,0.925,0.866,0.907,0.917,0.872,0.873,0.867,0.905,0.904,0.881,0.884
0.896,0.896,0.863,0.884,0.905,0.912,0.994,0.883,0.899,0.892,0.892,0.874,0.902,0.872,0.875,0.98,0.902,0.912,0.904,1.0,0.898,0.907,0.905,0.911,0.896,0.89,0.912,0.879,0.899,0.897,0.86,0.905,0.022,0.9,0.883,0.888,0.997,0.911,0.877,0.907,0.866,0.906,0.911,0.876,0.873,0.868,0.901,0.901,0.881,0.903
0.89,0.91,0.867,0.881,0.913,0.905,0.898,0.888,0.885,0.893,0.904,0.885,0.922,0.881,0.884,0.889,0.899,0.926,0.929,0.898,1.0,0.924,0.934,0.902,0.894,0.893,0.922,0.881,0.879,0.89,0.87,0.927,0.021,0.934,0.883,0.887,0.895,0.919,0.885,0.927,0.874,0.898,0.917,0.878,0.875,0.862,0.908,0.907,0.887,0.882
0.886,0.9,0.858,0.872,0.925,0.912,0.905,0.876,0.89,0.879,0.917,0.865,0.936,0.868,0.871,0.909,0.911,0.927,0.93,0.907,0.924,1.0,0.971,0.918,0.906,0.897,0.93,0.868,0.882,0.889,0.854,0.925,0.02,0.946,0.885,0.872,0.907,0.924,0.869,0.947,0.858,0.913,0.932,0.863,0.863,0.855,0.906,0.906,0.878,0.88
0.898,0.911,0.864,0.891,0.913,0.912,0.907,0.886,0.887,0.889,0.902,0.88,0.922,0.882,0.886,0.899,0.9,0.936,0.934,0.905,0.934,0.971,1.0,0.91,0.896,0.887,0.919,0.882,0.885,0.885,0.867,0.931,0.021,0.952,0.876,0.883,0.903,0.919,0.883,0.931,0.873,0.903,0.921,0.878,0.88,0.863,0.901,0.9,0.887,0.882
0.906,0.934,0.866,0.892,0.923,0.936,0.911,0.898,0.898,0.89,0.918,0.88,0.915,0.879,0.879,0.91,0.934,0.915,0.906,0.911,0.902,0.918,0.91,1.0,0.94,0.925,0.926,0.887,0.889,0.899,0.863,0.911,0.022,0.903,0.922,0.88,0.912,0.918,0.886,0.921,0.874,0.934,0.924,0.882,0.882,0.859,0.923,0.923,0.876,0.883
0.884,0.927,0.855,0.876,0.921,0.938,0.894,0.87,0.884,0.879,0.915,0.867,0.913,0.867,0.863,0.898,0.935,0.899,0.896,0.896,0.894,0.906,0.896,0.94,1.0,0.936,0.913,0.866,0.879,0.887,0.851,0.905,0.02,0.894,0.915,0.87,0.897,0.911,0.869,0.915,0.858,0.921,0.908,0.862,0.858,0.847,0.917,0.917,0.87,0.873
0.881,0.913,0.849,0.868,0.914,0.917,0.889,0.865,0.878,0.875,0.91,0.86,0.911,0.858,0.862,0.891,0.927,0.897,0.892,0.89,0.893,0.897,0.887,0.925,0.936,1.0,0.91,0.859,0.873,0.878,0.846,0.896,0.02,0.892,0.903,0.864,0.891,0.906,0.865,0.912,0.857,0.913,0.904,0.859,0.855,0.839,0.917,0.918,0.864,0.87
0.889,0.909,0.863,0.885,0.928,0.914,0.909,0.885,0.891,0.891,0.921,0.877,0.941,0.879,0.877,0.904,0.917,0.922,0.922,0.912,0.922,0.93,0.919,0.926,0.913,0.91,1.0,0.878,0.889,0.896,0.862,0.932,0.022,0.921,0.894,0.878,0.912,0.939,0.881,0.938,0.871,0.929,0.952,0.873,0.871,0.863,0.914,0.914,0.88,0.895
0.883,0.887,0.874,0.943,0.885,0.878,0.879,0.975,0.873,0.939,0.863,0.928,0.868,0.939,0.929,0.874,0.876,0.878,0.877,0.879,0.881,0.868,0.882,0.887,0.866,0.859,0.878,1.0,0.888,0.875,0.923,0.885,0.023,0.88,0.842,0.92,0.878,0.882,0.926,0.869,0.936,0.875,0.88,0.979,0.97,0.883,0.882,0.881,0.926,0.88
0.902,0.886,0.869,0.887,0.891,0.896,0.9,0.898,0.897,0.89,0.87,0.878,0.875,0.886,0.88,0.893,0.883,0.883,0.877,0.899,0.879,0.882,0.885,0.889,0.879,0.873,0.889,0.888,1.0,0.889,0.868,0.892,0.021,0.88,0.855,0.895,0.898,0.892,0.896,0.882,0.877,0.881,0.885,0.885,0.878,0.88,0.882,0.881,0.885,0.947
0.898,0.89,0.871,0.878,0.895,0.896,0.896,0.876,0.914,0.881,0.881,0.864,0.884,0.87,0.868,0.895,0.892,0.895,0.886,0.897,0.89,0.889,0.885,0.899,0.887,0.878,0.896,0.875,0.889,1.0,0.858,0.889,0.023,0.888,0.87,0.874,0.897,0.899,0.874,0.896,0.867,0.895,0.893,0.867,0.865,0.866,0.895,0.895,0.872,0.891
0.87,0.867,0.869,0.916,0.855,0.86,0.86,0.922,0.86,0.924,0.843,0.918,0.856,0.925,0.925,0.854,0.856,0.862,0.861,0.86,0.87,0.854,0.867,0.863,0.851,0.846,0.862,0.923,0.868,0.858,1.0,0.866,0.02,0.865,0.822,0.899,0.859,0.873,0.901,0.854,0.96,0.862,0.861,0.931,0.932,0.896,0.859,0.858,0.91,0.865
0.9,0.917,0.863,0.892,0.918,0.915,0.903,0.887,0.889,0.898,0.906,0.879,0.918,0.884,0.883,0.895,0.913,0.927,0.928,0.905,0.927,0.925,0.931,0.911,0.905,0.896,0.932,0.885,0.892,0.889,0.866,1.0,0.021,0.928,0.885,0.878,0.903,0.93,0.88,0.936,0.869,0.916,0.928,0.879,0.877,0.864,0.923,0.922,0.887,0.891
0.023,0.023,0.021,0.022,0.022,0.02,0.022,0.022,0.021,0.022,0.021,0.021,0.021,0.021,0.02,0.021,0.021,0.021,0.022,0.022,0.021,0.02,0.021,0.022,0.02,0.02,0.022,0.023,0.021,0.023,0.02,0.021,1.0,0.021,0.022,0.023,0.022,0.024,0.022,0.02,0.021,0.021,0.022,0.022,0.022,0.022,0.022,0.022,0.022,0.022
0.896,0.906,0.869,0.89,0.915,0.916,0.901,0.887,0.889,0.892,0.9,0.876,0.928,0.884,0.881,0.898,0.902,0.927,0.925,0.9,0.934,0.946,0.952,0.903,0.894,0.892,0.921,0.88,0.88,0.888,0.865,0.928,0.021,1.0,0.884,0.886,0.898,0.924,0.886,0.927,0.866,0.902,0.922,0.874,0.871,0.859,0.906,0.905,0.882,0.882
0.862,0.901,0.828,0.854,0.895,0.916,0.884,0.85,0.867,0.853,0.904,0.849,0.893,0.841,0.849,0.88,0.897,0.886,0.884,0.883,0.883,0.885,0.876,0.922,0.915,0.903,0.894,0.842,0.855,0.87,0.822,0.885,0.022,0.884,1.0,0.856,0.883,0.886,0.851,0.892,0.829,0.903,0.887,0.836,0.832,0.826,0.895,0.895,0.845,0.858
0.884,0.884,0.882,0.916,0.878,0.885,0.888,0.925,0.878,0.919,0.865,0.914,0.866,0.913,0.916,0.884,0.874,0.882,0.882,0.888,0.887,0.872,0.883,0.88,0.87,0.864,0.878,0.92,0.895,0.874,0.899,0.878,0.023,0.886,0.856,1.0,0.887,0.879,0.919,0.865,0.911,0.872,0.871,0.915,0.909,0.882,0.88,0.879,0.912,0.894
0.896,0.895,0.862,0.883,0.905,0.911,0.993,0.882,0.9,0.891,0.892,0.874,0.903,0.87,0.875,0.982,0.902,0.909,0.903,0.997,0.895,0.907,0.903,0.912,0.897,0.891,0.912,0.878,0.898,0.897,0.859,0.903,0.022,0.898,0.883,0.887,1.0,0.91,0.875,0.907,0.866,0.907,0.911,0.875,0.872,0.866,0.899,0.899,0.882,0.901
0.9,0.924,0.87,0.89,0.923,0.914,0.907,0.893,0.893,0.893,0.911,0.876,0.926,0.887,0.884,0.903,0.917,0.92,0.918,0.911,0.919,0.924,0.919,0.918,0.911,0.906,0.939,0.882,0.892,0.899,0.873,0.93,0.024,0.924,0.886,0.879,0.91,1.0,0.889,0.934,0.875,0.919,0.947,0.877,0.875,0.868,0.928,0.927,0.892,0.891
0.885,0.891,0.865,0.918,0.884,0.887,0.878,0.927,0.881,0.929,0.869,0.916,0.871,0.923,0.916,0.874,0.874,0.888,0.881,0.877,0.885,0.869,0.883,0.886,0.869,0.865,0.881,0.926,0.896,0.874,0.901,0.88,0.022,0.886,0.851,0.919,0.875,0.889,1.0,0.866,0.912,0.881,0.882,0.923,0.918,0.878,0.88,0.879,0.906,0.883
0.891,0.912,0.86,0.868,0.931,0.916,0.903,0.88,0.898,0.882,0.926,0.866,0.94,0.863,0.877,0.903,0.911,0.922,0.925,0.907,0.927,0.947,0.931,0.921,0.915,0.912,0.938,0.869,0.882,0.896,0.854,0.936,0.02,0.927,0.892,0.865,0.907,0.934,0.866,1.0,0.856,0.922,0.942,0.866,0.866,0.858,0.925,0.925,0.877,0.891
0.877,0.878,0.872,0.93,0.867,0.867,0.866,0.931,0.862,0.934,0.848,0.927,0.86,0.934,0.942,0.86,0.865,0.867,0.866,0.866,0.874,0.858,0.873,0.874,0.858,0.857,0.871,0.936,0.877,0.867,0.96,0.869,0.021,0.866,0.829,0.911,0.866,0.875,0.912,0.856,1.0,0.867,0.862,0.942,0.944,0.892,0.869,0.868,0.919,0.871
0.882,0.916,0.855,0.881,0.926,0.921,0.904,0.881,0.891,0.887,0.916,0.869,0.92,0.876,0.872,0.906,0.919,0.915,0.907,0.906,0.898,0.913,0.903,0.934,0.921,0.913,0.929,0.875,0.881,0.895,0.862,0.916,0.021,0.902,0.903,0.872,0.907,0.919,0.881,0.922,0.867,1.0,0.931,0.87,0.868,0.853,0.928,0.928,0.875,0.88
0.892,0.914,0.865,0.882,0.934,0.916,0.91,0.887,0.897,0.887,0.914,0.875,0.928,0.876,0.876,0.907,0.917,0.922,0.917,0.911,0.917,0.932,0.921,0.924,0.908,0.904,0.952,0.88,0.885,0.893,0.861,0.928,0.022,0.922,0.887,0.871,0.911,0.947,0.882,0.942,0.862,0.931,1.0,0.872,0.871,0.865,0.924,0.924,0.884,0.89
0.878,0.884,0.869,0.929,0.878,0.873,0.875,0.963,0.868,0.932,0.855,0.935,0.862,0.935,0.936,0.87,0.87,0.872,0.872,0.876,0.878,0.863,0.878,0.882,0.862,0.859,0.873,0.979,0.885,0.867,0.931,0.879,0.022,0.874,0.836,0.915,0.875,0.877,0.923,0.866,0.942,0.87,0.872,1.0,0.981,0.895,0.881,0.88,0.924,0.872
0.882,0.889,0.871,0.93,0.876,0.872,0.872,0.953,0.866,0.933,0.857,0.935,0.862,0.932,0.934,0.868,0.873,0.872,0.873,0.873,0.875,0.863,0.88,0.882,0.858,0.855,0.871,0.97,0.878,0.865,0.932,0.877,0.022,0.871,0.832,0.909,0.872,0.875,0.918,0.866,0.944,0.868,0.871,0.981,1.0,0.899,0.878,0.877,0.917,0.867
0.871,0.87,0.866,0.869,0.861,0.861,0.867,0.892,0.864,0.878,0.845,0.887,0.847,0.882,0.892,0.862,0.858,0.866,0.867,0.868,0.862,0.855,0.863,0.859,0.847,0.839,0.863,0.883,0.88,0.866,0.896,0.864,0.022,0.859,0.826,0.882,0.866,0.868,0.878,0.858,0.892,0.853,0.865,0.895,0.899,1.0,0.874,0.873,0.869,0.89
0.891,0.922,0.866,0.887,0.925,0.924,0.898,0.889,0.893,0.892,0.905,0.88,0.908,0.877,0.882,0.895,0.923,0.91,0.905,0.901,0.908,0.906,0.901,0.923,0.917,0.917,0.914,0.882,0.882,0.895,0.859,0.923,0.022,0.906,0.895,0.88,0.899,0.928,0.88,0.925,0.869,0.928,0.924,0.881,0.878,0.874,1.0,0.999,0.885,0.89
0.89,0.921,0.865,0.886,0.925,0.924,0.898,0.888,0.893,0.891,0.905,0.879,0.908,0.876,0.881,0.895,0.923,0.909,0.904,0.901,0.907,0.906,0.9,0.923,0.917,0.918,0.914,0.881,0.881,0.895,0.858,0.922,0.022,0.905,0.895,0.879,0.899,0.927,0.879,0.925,0.868,0.928,0.924,0.88,0.877,0.873,0.999,1.0,0.884,0.889
0.885,0.89,0.881,0.92,0.882,0.878,0.88,0.928,0.871,0.93,0.863,0.909,0.87,0.923,0.915,0.876,0.876,0.884,0.881,0.881,0.887,0.878,0.887,0.876,0.87,0.864,0.88,0.926,0.885,0.872,0.91,0.887,0.022,0.882,0.845,0.912,0.882,0.892,0.906,0.877,0.919,0.875,0.884,0.924,0.917,0.869,0.885,0.884,1.0,0.884
0.904,0.888,0.871,0.883,0.891,0.892,0.902,0.891,0.897,0.888,0.874,0.875,0.874,0.881,0.881,0.898,0.876,0.891,0.884,0.903,0.882,0.88,0.882,0.883,0.873,0.87,0.895,0.88,0.947,0.891,0.865,0.891,0.022,0.882,0.858,0.894,0.901,0.891,0.883,0.891,0.871,0.88,0.89,0.872,0.867,0.89,0.89,0.889,0.884,1.0
