GCF_000163235.1_ASM16323v1_genomic.fna,GCF_000164555.1_ASM16455v1_genomic.fna,GCF_000208545.1_ASM20854v2_genomic.fna,GCF_000233875.1_ASM23387v1_genomic.fna,GCF_000249735.1_ASM24973v2_genomic.fna,GCF_000261145.1_Esch_coli_M919_V2_genomic.fna,GCF_000267705.2_ASM26770v2_genomic.fna,GCF_000350665.1_Esch_coli_KTE5_V1_genomic.fna,GCF_000351625.1_Esch_coli_KTE66_V1_genomic.fna,GCF_000352285.1_Esch_coli_KTE46_V1_genomic.fna,GCF_000358895.1_ASM35889v1_genomic.fna,GCF_000456385.1_Esch_coli_HVH_26_4-5703913_V1_genomic.fna,GCF_000458195.1_Esch_coli_HVH_147_4-5893887_V1_genomic.fna,GCF_000459755.1_Esch_coli_KOEGE_58_171a_V1_genomic.fna,GCF_000460055.1_Esch_coli_UMEA_3053-1_V1_genomic.fna,GCF_000462165.2_ASM46216v2_genomic.fna,GCF_000601135.1_ASM60113v1_genomic.fna,GCF_000614595.1_Ec2010EL1058_genomic.fna,GCF_000617745.1_Ec2010C-4529_genomic.fna,GCF_000618265.2_EcF6751_genomic.fna,GCF_000619005.2_Ec2009C-4052_genomic.fna,GCF_000619105.1_Ec2009C-4780_genomic.fna,GCF_000619765.2_Ec2009C-3279_genomic.fna,GCF_000687005.1_ASM68700v1_genomic.fna,GCF_000687025.1_ASM68702v1_genomic.fna,GCF_000700125.1_ASM70012v1_genomic.fna,GCF_000753315.1_FHI35_genomic.fna,GCF_000776375.1_ASM77637v1_genomic.fna,GCF_000779395.1_ASM77939v1_genomic.fna,GCF_000780315.1_ASM78031v1_genomic.fna,GCF_000781995.1_ASM78199v1_genomic.fna,GCF_000986765.1_ASM98676v1_genomic.fna,GCF_001041375.1_ViralProj287958_genomic.fna,GCF_001265335.1_302014_genomic.fna,GCF_001265625.1_100854_genomic.fna,GCF_001267345.1_303289_genomic.fna,GCF_001309985.1_ASM130998v1_genomic.fna,GCF_001521695.1_ASM152169v1_genomic.fna,GCF_001592595.1_ASM159259v1_genomic.fna,GCF_001614975.1_ASM161497v1_genomic.fna,GCF_001692775.1_ASM169277v1_genomic.fna,GCF_001748915.1_ASM174891v1_genomic.fna,GCF_001749235.1_ASM174923v1_genomic.fna,GCF_001881155.1_ASM188115v1_genomic.fna,GCF_001881345.1_ASM188134v1_genomic.fna,GCF_001892405.1_ASM189240v1_genomic.fna,GCF_001892585.1_ASM189258v1_genomic.fna,GCF_001893985.1_ASM189398v1_genomic.fna,GCF_002001595.1_ASM200159v1_genomic.fna,GCF_002002145.1_ASM200214v1_genomic.fna
1.0,0.579,0.485,0.504,0.568,0.568,0.548,0.538,0.661,0.498,0.537,0.549,0.546,0.502,0.505,0.557,0.548,0.554,0.55,0.543,0.536,0.532,0.549,0.571,0.55,0.541,0.54,0.522,0.573,0.64,0.505,0.54,0.0,0.537,0.524,0.505,0.543,0.562,0.516,0.549,0.505,0.547,0.553,0.526,0.538,0.535,0.543,0.541,0.505,0.576
0.579,1.0,0.454,0.503,0.704,0.815,0.595,0.526,0.543,0.509,0.641,0.53,0.663,0.498,0.494,0.61,0.746,0.657,0.66,0.588,0.647,0.644,0.653,0.815,0.819,0.744,0.653,0.517,0.533,0.54,0.504,0.669,0.0,0.651,0.764,0.507,0.59,0.682,0.517,0.671,0.502,0.725,0.662,0.534,0.538,0.5,0.74,0.74,0.511,0.525
0.485,0.454,1.0,0.407,0.445,0.447,0.429,0.425,0.445,0.392,0.42,0.418,0.424,0.403,0.404,0.438,0.44,0.428,0.425,0.424,0.414,0.408,0.418,0.442,0.444,0.424,0.418,0.413,0.447,0.473,0.403,0.433,0.0,0.418,0.409,0.403,0.426,0.43,0.413,0.434,0.409,0.431,0.429,0.424,0.415,0.409,0.448,0.446,0.407,0.454
0.504,0.503,0.407,1.0,0.5,0.503,0.472,0.756,0.497,0.769,0.501,0.758,0.508,0.788,0.804,0.472,0.49,0.486,0.499,0.466,0.477,0.507,0.505,0.523,0.502,0.488,0.488,0.798,0.547,0.484,0.757,0.48,0.0,0.491,0.484,0.688,0.467,0.499,0.715,0.492,0.777,0.487,0.504,0.778,0.769,0.489,0.47,0.471,0.715,0.55
0.568,0.704,0.445,0.5,1.0,0.732,0.604,0.53,0.554,0.497,0.781,0.528,0.758,0.503,0.515,0.616,0.702,0.719,0.732,0.598,0.72,0.718,0.733,0.694,0.694,0.686,0.721,0.511,0.542,0.548,0.505,0.725,0.0,0.728,0.659,0.506,0.598,0.734,0.525,0.759,0.506,0.695,0.749,0.514,0.521,0.516,0.721,0.72,0.506,0.537
0.568,0.815,0.447,0.503,0.732,1.0,0.612,0.529,0.548,0.499,0.669,0.518,0.698,0.51,0.504,0.62,0.745,0.688,0.688,0.606,0.672,0.668,0.688,0.81,0.84,0.735,0.671,0.513,0.549,0.538,0.506,0.678,0.0,0.674,0.779,0.518,0.607,0.688,0.538,0.693,0.509,0.746,0.684,0.516,0.516,0.503,0.748,0.748,0.505,0.545
0.548,0.595,0.429,0.472,0.604,0.612,1.0,0.496,0.542,0.462,0.568,0.486,0.588,0.472,0.473,0.954,0.596,0.619,0.618,0.984,0.635,0.605,0.622,0.603,0.603,0.577,0.587,0.479,0.507,0.541,0.475,0.605,0.0,0.595,0.573,0.488,0.988,0.571,0.499,0.58,0.47,0.589,0.586,0.484,0.486,0.491,0.575,0.576,0.468,0.508
0.538,0.526,0.425,0.756,0.53,0.529,0.496,1.0,0.52,0.744,0.503,0.772,0.525,0.773,0.753,0.503,0.517,0.507,0.513,0.488,0.492,0.517,0.525,0.54,0.517,0.501,0.513,0.912,0.559,0.514,0.761,0.497,0.0,0.517,0.492,0.681,0.491,0.533,0.736,0.512,0.762,0.509,0.523,0.912,0.901,0.5,0.498,0.498,0.721,0.555
0.661,0.543,0.445,0.497,0.554,0.548,0.542,0.52,1.0,0.493,0.54,0.504,0.549,0.502,0.494,0.545,0.538,0.544,0.544,0.537,0.516,0.533,0.539,0.557,0.542,0.526,0.543,0.51,0.564,0.64,0.496,0.521,0.0,0.524,0.514,0.514,0.537,0.548,0.496,0.543,0.499,0.544,0.548,0.506,0.504,0.509,0.526,0.525,0.489,0.582
0.498,0.509,0.392,0.769,0.497,0.499,0.462,0.744,0.493,1.0,0.512,0.733,0.507,0.749,0.75,0.47,0.487,0.476,0.482,0.455,0.46,0.494,0.486,0.519,0.494,0.491,0.48,0.771,0.533,0.468,0.759,0.466,0.0,0.483,0.484,0.666,0.457,0.495,0.707,0.494,0.774,0.483,0.495,0.746,0.753,0.467,0.465,0.464,0.705,0.528
0.537,0.641,0.42,0.501,0.781,0.669,0.568,0.503,0.54,0.512,1.0,0.497,0.767,0.488,0.505,0.577,0.651,0.692,0.722,0.559,0.685,0.722,0.711,0.695,0.651,0.672,0.716,0.507,0.535,0.517,0.481,0.677,0.0,0.697,0.698,0.5,0.561,0.724,0.503,0.762,0.492,0.664,0.733,0.494,0.494,0.476,0.647,0.645,0.483,0.529
0.549,0.53,0.418,0.758,0.528,0.518,0.486,0.772,0.504,0.733,0.497,1.0,0.512,0.77,0.869,0.499,0.509,0.501,0.502,0.48,0.493,0.506,0.518,0.525,0.505,0.497,0.506,0.77,0.545,0.506,0.742,0.5,0.0,0.505,0.48,0.675,0.484,0.516,0.727,0.505,0.765,0.504,0.511,0.773,0.777,0.503,0.493,0.493,0.702,0.547
0.546,0.663,0.424,0.508,0.758,0.698,0.588,0.525,0.549,0.507,0.767,0.512,1.0,0.493,0.515,0.599,0.683,0.761,0.777,0.58,0.744,0.807,0.798,0.706,0.681,0.683,0.779,0.518,0.546,0.54,0.494,0.739,0.0,0.791,0.663,0.501,0.582,0.772,0.519,0.811,0.506,0.693,0.791,0.503,0.501,0.484,0.686,0.684,0.493,0.542
0.502,0.498,0.403,0.788,0.503,0.51,0.472,0.773,0.502,0.749,0.488,0.77,0.493,1.0,0.798,0.475,0.494,0.49,0.495,0.465,0.47,0.496,0.499,0.504,0.502,0.48,0.491,0.8,0.533,0.478,0.762,0.478,0.0,0.491,0.469,0.676,0.466,0.498,0.712,0.484,0.782,0.494,0.498,0.789,0.783,0.487,0.476,0.477,0.711,0.544
0.505,0.494,0.404,0.804,0.515,0.504,0.473,0.753,0.494,0.75,0.505,0.869,0.515,0.798,1.0,0.477,0.499,0.492,0.496,0.467,0.478,0.509,0.509,0.515,0.498,0.491,0.499,0.781,0.546,0.49,0.767,0.481,0.0,0.495,0.479,0.674,0.469,0.508,0.725,0.503,0.787,0.492,0.51,0.76,0.754,0.494,0.483,0.483,0.702,0.567
0.557,0.61,0.438,0.472,0.616,0.62,0.954,0.503,0.545,0.47,0.577,0.499,0.599,0.475,0.477,1.0,0.607,0.617,0.622,0.946,0.616,0.609,0.618,0.61,0.608,0.588,0.588,0.485,0.511,0.544,0.476,0.596,0.0,0.599,0.579,0.498,0.95,0.578,0.507,0.593,0.479,0.597,0.589,0.487,0.499,0.493,0.589,0.59,0.481,0.518
0.548,0.746,0.44,0.49,0.702,0.745,0.596,0.517,0.538,0.487,0.651,0.509,0.683,0.494,0.499,0.607,1.0,0.667,0.667,0.587,0.637,0.67,0.673,0.775,0.767,0.767,0.666,0.505,0.53,0.521,0.487,0.684,0.0,0.686,0.721,0.513,0.591,0.657,0.52,0.674,0.49,0.735,0.676,0.508,0.514,0.477,0.739,0.738,0.491,0.531
0.554,0.657,0.428,0.486,0.719,0.688,0.619,0.507,0.544,0.476,0.692,0.501,0.761,0.49,0.492,0.617,0.667,1.0,0.785,0.614,0.739,0.762,0.772,0.684,0.667,0.657,0.745,0.493,0.531,0.537,0.494,0.721,0.0,0.733,0.64,0.504,0.615,0.72,0.513,0.732,0.489,0.675,0.731,0.498,0.497,0.492,0.666,0.664,0.479,0.534
0.55,0.66,0.425,0.499,0.732,0.688,0.618,0.513,0.544,0.482,0.722,0.502,0.777,0.495,0.496,0.622,0.667,0.785,1.0,0.608,0.751,0.774,0.765,0.683,0.681,0.659,0.759,0.504,0.524,0.535,0.489,0.723,0.0,0.737,0.653,0.516,0.611,0.732,0.525,0.76,0.495,0.673,0.742,0.499,0.5,0.483,0.666,0.664,0.483,0.53
0.543,0.588,0.424,0.466,0.598,0.606,0.984,0.488,0.537,0.455,0.559,0.48,0.58,0.465,0.467,0.946,0.587,0.614,0.608,1.0,0.631,0.597,0.613,0.596,0.596,0.571,0.578,0.471,0.5,0.536,0.466,0.598,0.0,0.586,0.566,0.481,0.991,0.563,0.493,0.572,0.463,0.582,0.577,0.476,0.478,0.492,0.569,0.57,0.461,0.502
0.536,0.647,0.414,0.477,0.72,0.672,0.635,0.492,0.516,0.46,0.685,0.493,0.744,0.47,0.478,0.616,0.637,0.739,0.751,0.631,1.0,0.745,0.765,0.657,0.65,0.63,0.728,0.486,0.497,0.534,0.469,0.742,0.0,0.734,0.626,0.487,0.632,0.718,0.497,0.733,0.473,0.641,0.724,0.492,0.49,0.488,0.66,0.661,0.47,0.5
0.532,0.644,0.408,0.507,0.718,0.668,0.605,0.517,0.533,0.494,0.722,0.506,0.807,0.496,0.509,0.609,0.67,0.762,0.774,0.597,0.745,1.0,0.93,0.684,0.673,0.664,0.768,0.517,0.524,0.526,0.482,0.726,0.0,0.877,0.646,0.5,0.6,0.756,0.507,0.777,0.491,0.656,0.778,0.503,0.499,0.478,0.652,0.65,0.482,0.532
0.549,0.653,0.418,0.505,0.733,0.688,0.622,0.525,0.539,0.486,0.711,0.518,0.798,0.499,0.509,0.618,0.673,0.772,0.765,0.613,0.765,0.93,1.0,0.673,0.671,0.654,0.771,0.509,0.522,0.531,0.496,0.745,0.0,0.88,0.64,0.504,0.617,0.755,0.515,0.772,0.497,0.668,0.765,0.514,0.51,0.489,0.658,0.657,0.486,0.526
0.571,0.815,0.442,0.523,0.694,0.81,0.603,0.54,0.557,0.519,0.695,0.525,0.706,0.504,0.515,0.61,0.775,0.684,0.683,0.596,0.657,0.684,0.673,1.0,0.833,0.784,0.683,0.529,0.563,0.536,0.499,0.671,0.0,0.675,0.817,0.516,0.597,0.682,0.518,0.705,0.51,0.75,0.685,0.519,0.521,0.483,0.731,0.729,0.499,0.555
0.55,0.819,0.444,0.502,0.694,0.84,0.603,0.517,0.542,0.494,0.651,0.505,0.681,0.502,0.498,0.608,0.767,0.667,0.681,0.596,0.65,0.673,0.671,0.833,1.0,0.769,0.667,0.512,0.533,0.519,0.491,0.672,0.0,0.67,0.793,0.498,0.597,0.672,0.514,0.678,0.497,0.735,0.677,0.521,0.513,0.485,0.725,0.725,0.506,0.541
0.541,0.744,0.424,0.488,0.686,0.735,0.577,0.501,0.526,0.491,0.672,0.497,0.683,0.48,0.491,0.588,0.767,0.657,0.659,0.571,0.63,0.664,0.654,0.784,0.769,1.0,0.659,0.499,0.531,0.508,0.47,0.639,0.0,0.655,0.739,0.494,0.574,0.663,0.491,0.696,0.479,0.731,0.66,0.505,0.504,0.465,0.733,0.731,0.496,0.533
0.54,0.653,0.418,0.488,0.721,0.671,0.587,0.513,0.543,0.48,0.716,0.506,0.779,0.491,0.499,0.588,0.666,0.745,0.759,0.578,0.728,0.768,0.771,0.683,0.667,0.659,1.0,0.499,0.526,0.523,0.485,0.737,0.0,0.748,0.642,0.494,0.582,0.814,0.501,0.778,0.494,0.676,0.843,0.5,0.493,0.487,0.653,0.653,0.477,0.533
0.522,0.517,0.413,0.798,0.511,0.513,0.479,0.912,0.51,0.771,0.507,0.77,0.518,0.8,0.781,0.485,0.505,0.493,0.504,0.471,0.486,0.517,0.509,0.529,0.512,0.499,0.499,1.0,0.557,0.499,0.761,0.49,0.0,0.503,0.485,0.684,0.474,0.527,0.726,0.503,0.783,0.496,0.517,0.962,0.95,0.492,0.482,0.482,0.727,0.558
0.573,0.533,0.447,0.547,0.542,0.549,0.507,0.559,0.564,0.533,0.535,0.545,0.546,0.533,0.546,0.511,0.53,0.531,0.524,0.5,0.497,0.524,0.522,0.563,0.533,0.531,0.526,0.557,1.0,0.539,0.52,0.523,0.0,0.521,0.532,0.535,0.502,0.55,0.524,0.537,0.524,0.526,0.54,0.541,0.54,0.574,0.514,0.512,0.521,0.853
0.64,0.54,0.473,0.484,0.548,0.538,0.541,0.514,0.64,0.468,0.517,0.506,0.54,0.478,0.49,0.544,0.521,0.537,0.535,0.536,0.534,0.526,0.531,0.536,0.519,0.508,0.523,0.499,0.539,1.0,0.489,0.526,0.0,0.519,0.5,0.496,0.539,0.526,0.506,0.54,0.494,0.529,0.532,0.502,0.502,0.541,0.526,0.526,0.488,0.565
0.505,0.504,0.403,0.757,0.505,0.506,0.475,0.761,0.496,0.759,0.481,0.742,0.494,0.762,0.767,0.476,0.487,0.494,0.489,0.466,0.469,0.482,0.496,0.499,0.491,0.47,0.485,0.761,0.52,0.489,1.0,0.48,0.0,0.49,0.461,0.664,0.468,0.497,0.714,0.48,0.896,0.492,0.491,0.765,0.765,0.478,0.477,0.476,0.701,0.524
0.54,0.669,0.433,0.48,0.725,0.678,0.605,0.497,0.521,0.466,0.677,0.5,0.739,0.478,0.481,0.596,0.684,0.721,0.723,0.598,0.742,0.726,0.745,0.671,0.672,0.639,0.737,0.49,0.523,0.526,0.48,1.0,0.0,0.729,0.63,0.485,0.599,0.742,0.506,0.745,0.476,0.667,0.749,0.492,0.498,0.5,0.683,0.685,0.472,0.507
0.0,0.0,0.0,0.0,0.0,0.0,0.0,0.0,0.0,0.0,0.0,0.0,0.0,0.0,0.0,0.0,0.0,0.0,0.0,0.0,0.0,0.0,0.0,0.0,0.0,0.0,0.0,0.0,0.0,0.0,0.0,0.0,1.0,0.0,0.0,0.0,0.0,0.0,0.0,0.0,0.0,0.0,0.0,0.0,0.0,0.0,0.0,0.0,0.0,0.0
0.537,0.651,0.418,0.491,0.728,0.674,0.595,0.517,0.524,0.483,0.697,0.505,0.791,0.491,0.495,0.599,0.686,0.733,0.737,0.586,0.734,0.877,0.88,0.675,0.67,0.655,0.748,0.503,0.521,0.519,0.49,0.729,0.0,1.0,0.635,0.508,0.589,0.741,0.515,0.76,0.488,0.666,0.766,0.503,0.503,0.473,0.658,0.656,0.475,0.516
0.524,0.764,0.409,0.484,0.659,0.779,0.573,0.492,0.514,0.484,0.698,0.48,0.663,0.469,0.479,0.579,0.721,0.64,0.653,0.566,0.626,0.646,0.64,0.817,0.793,0.739,0.642,0.485,0.532,0.5,0.461,0.63,0.0,0.635,1.0,0.477,0.567,0.639,0.487,0.67,0.465,0.7,0.663,0.475,0.476,0.455,0.693,0.691,0.462,0.52
0.505,0.507,0.403,0.688,0.506,0.518,0.488,0.681,0.514,0.666,0.5,0.675,0.501,0.676,0.674,0.498,0.513,0.504,0.516,0.481,0.487,0.5,0.504,0.516,0.498,0.494,0.494,0.684,0.535,0.496,0.664,0.485,0.0,0.508,0.477,1.0,0.484,0.501,0.699,0.49,0.678,0.492,0.496,0.682,0.681,0.477,0.485,0.484,0.664,0.542
0.543,0.59,0.426,0.467,0.598,0.607,0.988,0.491,0.537,0.457,0.561,0.484,0.582,0.466,0.469,0.95,0.591,0.615,0.611,0.991,0.632,0.6,0.617,0.597,0.597,0.574,0.582,0.474,0.502,0.539,0.468,0.599,0.0,0.589,0.567,0.484,1.0,0.565,0.494,0.575,0.463,0.584,0.58,0.48,0.482,0.492,0.571,0.572,0.464,0.505
0.562,0.682,0.43,0.499,0.734,0.688,0.571,0.533,0.548,0.495,0.724,0.516,0.772,0.498,0.508,0.578,0.657,0.72,0.732,0.563,0.718,0.756,0.755,0.682,0.672,0.663,0.814,0.527,0.55,0.526,0.497,0.742,0.0,0.741,0.639,0.501,0.565,1.0,0.516,0.778,0.504,0.673,0.855,0.525,0.516,0.484,0.672,0.67,0.49,0.539
0.516,0.517,0.413,0.715,0.525,0.538,0.499,0.736,0.496,0.707,0.503,0.727,0.519,0.712,0.725,0.507,0.52,0.513,0.525,0.493,0.497,0.507,0.515,0.518,0.514,0.491,0.501,0.726,0.524,0.506,0.714,0.506,0.0,0.515,0.487,0.699,0.494,0.516,1.0,0.505,0.716,0.509,0.515,0.731,0.737,0.492,0.499,0.498,0.692,0.534
0.549,0.671,0.434,0.492,0.759,0.693,0.58,0.512,0.543,0.494,0.762,0.505,0.811,0.484,0.503,0.593,0.674,0.732,0.76,0.572,0.733,0.777,0.772,0.705,0.678,0.696,0.778,0.503,0.537,0.54,0.48,0.745,0.0,0.76,0.67,0.49,0.575,0.778,0.505,1.0,0.49,0.676,0.796,0.488,0.493,0.493,0.688,0.686,0.475,0.552
0.505,0.502,0.409,0.777,0.506,0.509,0.47,0.762,0.499,0.774,0.492,0.765,0.506,0.782,0.787,0.479,0.49,0.489,0.495,0.463,0.473,0.491,0.497,0.51,0.497,0.479,0.494,0.783,0.524,0.494,0.896,0.476,0.0,0.488,0.465,0.678,0.463,0.504,0.716,0.49,1.0,0.501,0.494,0.775,0.773,0.48,0.475,0.474,0.71,0.529
0.547,0.725,0.431,0.487,0.695,0.746,0.589,0.509,0.544,0.483,0.664,0.504,0.693,0.494,0.492,0.597,0.735,0.675,0.673,0.582,0.641,0.656,0.668,0.75,0.735,0.731,0.676,0.496,0.526,0.529,0.492,0.667,0.0,0.666,0.7,0.492,0.584,0.673,0.509,0.676,0.501,1.0,0.69,0.502,0.498,0.486,0.753,0.752,0.491,0.528
0.553,0.662,0.429,0.504,0.749,0.684,0.586,0.523,0.548,0.495,0.733,0.511,0.791,0.498,0.51,0.589,0.676,0.731,0.742,0.577,0.724,0.778,0.765,0.685,0.677,0.66,0.843,0.517,0.54,0.532,0.491,0.749,0.0,0.766,0.663,0.496,0.58,0.855,0.515,0.796,0.494,0.69,1.0,0.505,0.502,0.492,0.666,0.665,0.487,0.54
0.526,0.534,0.424,0.778,0.514,0.516,0.484,0.912,0.506,0.746,0.494,0.773,0.503,0.789,0.76,0.487,0.508,0.498,0.499,0.476,0.492,0.503,0.514,0.519,0.521,0.505,0.5,0.962,0.541,0.502,0.765,0.492,0.0,0.503,0.475,0.682,0.48,0.525,0.731,0.488,0.775,0.502,0.505,1.0,0.962,0.498,0.488,0.488,0.743,0.543
0.538,0.538,0.415,0.769,0.521,0.516,0.486,0.901,0.504,0.753,0.494,0.777,0.501,0.783,0.754,0.499,0.514,0.497,0.5,0.478,0.49,0.499,0.51,0.521,0.513,0.504,0.493,0.95,0.54,0.502,0.765,0.498,0.0,0.503,0.476,0.681,0.482,0.516,0.737,0.493,0.773,0.498,0.502,0.962,1.0,0.497,0.489,0.489,0.735,0.542
0.535,0.5,0.409,0.489,0.516,0.503,0.491,0.5,0.509,0.467,0.476,0.503,0.484,0.487,0.494,0.493,0.477,0.492,0.483,0.492,0.488,0.478,0.489,0.483,0.485,0.465,0.487,0.492,0.574,0.541,0.478,0.5,0.0,0.473,0.455,0.477,0.492,0.484,0.492,0.493,0.48,0.486,0.492,0.498,0.497,1.0,0.515,0.517,0.501,0.623
0.543,0.74,0.448,0.47,0.721,0.748,0.575,0.498,0.526,0.465,0.647,0.493,0.686,0.476,0.483,0.589,0.739,0.666,0.666,0.569,0.66,0.652,0.658,0.731,0.725,0.733,0.653,0.482,0.514,0.526,0.477,0.683,0.0,0.658,0.693,0.485,0.571,0.672,0.499,0.688,0.475,0.753,0.666,0.488,0.489,0.515,1.0,0.996,0.48,0.525
0.541,0.74,0.446,0.471,0.72,0.748,0.576,0.498,0.525,0.464,0.645,0.493,0.684,0.477,0.483,0.59,0.738,0.664,0.664,0.57,0.661,0.65,0.657,0.729,0.725,0.731,0.653,0.482,0.512,0.526,0.476,0.685,0.0,0.656,0.691,0.484,0.572,0.67,0.498,0.686,0.474,0.752,0.665,0.488,0.489,0.517,0.996,1.0,0.479,0.524
0.505,0.511,0.407,0.715,0.506,0.505,0.468,0.721,0.489,0.705,0.483,0.702,0.493,0.711,0.702,0.481,0.491,0.479,0.483,0.461,0.47,0.482,0.486,0.499,0.506,0.496,0.477,0.727,0.521,0.488,0.701,0.472,0.0,0.475,0.462,0.664,0.464,0.49,0.692,0.475,0.71,0.491,0.487,0.743,0.735,0.501,0.48,0.479,1.0,0.535
0.576,0.525,0.454,0.55,0.537,0.545,0.508,0.555,0.582,0.528,0.529,0.547,0.542,0.544,0.567,0.518,0.531,0.534,0.53,0.502,0.5,0.532,0.526,0.555,0.541,0.533,0.533,0.558,0.853,0.565,0.524,0.507,0.0,0.516,0.52,0.542,0.505,0.539,0.534,0.552,0.529,0.528,0.54,0.543,0.542,0.623,0.525,0.524,0.535,1.0
