GCF_000163235.1_ASM16323v1_genomic.fna,GCF_000164555.1_ASM16455v1_genomic.fna,GCF_000208545.1_ASM20854v2_genomic.fna,GCF_000233875.1_ASM23387v1_genomic.fna,GCF_000249735.1_ASM24973v2_genomic.fna,GCF_000261145.1_Esch_coli_M919_V2_genomic.fna,GCF_000267705.2_ASM26770v2_genomic.fna,GCF_000350665.1_Esch_coli_KTE5_V1_genomic.fna,GCF_000351625.1_Esch_coli_KTE66_V1_genomic.fna,GCF_000352285.1_Esch_coli_KTE46_V1_genomic.fna,GCF_000358895.1_ASM35889v1_genomic.fna,GCF_000456385.1_Esch_coli_HVH_26_4-5703913_V1_genomic.fna,GCF_000458195.1_Esch_coli_HVH_147_4-5893887_V1_genomic.fna,GCF_000459755.1_Esch_coli_KOEGE_58_171a_V1_genomic.fna,GCF_000460055.1_Esch_coli_UMEA_3053-1_V1_genomic.fna,GCF_000462165.2_ASM46216v2_genomic.fna,GCF_000601135.1_ASM60113v1_genomic.fna,GCF_000614595.1_Ec2010EL1058_genomic.fna,GCF_000617745.1_Ec2010C-4529_genomic.fna,GCF_000618265.2_EcF6751_genomic.fna,GCF_000619005.2_Ec2009C-4052_genomic.fna,GCF_000619105.1_Ec2009C-4780_genomic.fna,GCF_000619765.2_Ec2009C-3279_genomic.fna,GCF_000687005.1_ASM68700v1_genomic.fna,GCF_000687025.1_ASM68702v1_genomic.fna,GCF_000700125.1_ASM70012v1_genomic.fna,GCF_000753315.1_FHI35_genomic.fna,GCF_000776375.1_ASM77637v1_genomic.fna,GCF_000779395.1_ASM77939v1_genomic.fna,GCF_000780315.1_ASM78031v1_genomic.fna,GCF_000781995.1_ASM78199v1_genomic.fna,GCF_000986765.1_ASM98676v1_genomic.fna,GCF_001041375.1_ViralProj287958_genomic.fna,GCF_001265335.1_302014_genomic.fna,GCF_001265625.1_100854_genomic.fna,GCF_001267345.1_303289_genomic.fna,GCF_001309985.1_ASM130998v1_genomic.fna,GCF_001521695.1_ASM152169v1_genomic.fna,GCF_001592595.1_ASM159259v1_genomic.fna,GCF_001614975.1_ASM161497v1_genomic.fna,GCF_001692775.1_ASM169277v1_genomic.fna,GCF_001748915.1_ASM174891v1_genomic.fna,GCF_001749235.1_ASM174923v1_genomic.fna,GCF_001881155.1_ASM188115v1_genomic.fna,GCF_001881345.1_ASM188134v1_genomic.fna,GCF_001892405.1_ASM189240v1_genomic.fna,GCF_001892585.1_ASM189258v1_genomic.fna,GCF_001893985.1_ASM189398v1_genomic.fna,GCF_002001595.1_ASM200159v1_genomic.fna,GCF_002002145.1_ASM200214v1_genomic.fna
1.0,0.578,0.486,0.515,0.58,0.569,0.561,0.52,0.679,0.509,0.549,0.517,0.589,0.503,0.491,0.562,0.561,0.566,0.567,0.555,0.557,0.57,0.58,0.565,0.568,0.547,0.568,0.513,0.599,0.653,0.495,0.553,0.0,0.571,0.549,0.515,0.56,0.577,0.505,0.576,0.504,0.559,0.574,0.517,0.528,0.543,0.543,0.543,0.496,0.609
0.578,1.0,0.459,0.485,0.691,0.812,0.599,0.485,0.552,0.469,0.652,0.491,0.691,0.485,0.464,0.597,0.729,0.676,0.672,0.599,0.664,0.662,0.676,0.795,0.806,0.729,0.654,0.481,0.549,0.553,0.48,0.675,0.0,0.666,0.762,0.482,0.598,0.68,0.475,0.679,0.48,0.734,0.657,0.494,0.5,0.498,0.71,0.71,0.487,0.546
0.486,0.459,1.0,0.39,0.444,0.441,0.443,0.4,0.47,0.372,0.428,0.39,0.449,0.382,0.376,0.444,0.441,0.439,0.436,0.443,0.428,0.433,0.444,0.436,0.436,0.435,0.441,0.396,0.457,0.465,0.389,0.451,0.0,0.442,0.41,0.412,0.443,0.436,0.398,0.442,0.397,0.439,0.442,0.405,0.398,0.435,0.438,0.438,0.389,0.466
0.515,0.485,0.39,1.0,0.494,0.474,0.48,0.752,0.506,0.76,0.494,0.77,0.491,0.813,0.805,0.484,0.489,0.483,0.481,0.472,0.46,0.49,0.49,0.501,0.506,0.481,0.486,0.794,0.551,0.495,0.761,0.476,0.0,0.469,0.473,0.68,0.48,0.481,0.728,0.48,0.771,0.477,0.48,0.776,0.765,0.487,0.474,0.474,0.732,0.537
0.58,0.691,0.444,0.494,1.0,0.703,0.611,0.502,0.556,0.486,0.776,0.497,0.778,0.501,0.486,0.611,0.704,0.723,0.731,0.604,0.743,0.743,0.741,0.692,0.698,0.686,0.745,0.494,0.564,0.564,0.498,0.737,0.0,0.724,0.665,0.499,0.61,0.759,0.493,0.759,0.512,0.705,0.76,0.494,0.499,0.506,0.711,0.711,0.49,0.556
0.569,0.812,0.441,0.474,0.703,1.0,0.619,0.489,0.54,0.462,0.651,0.47,0.701,0.484,0.463,0.618,0.733,0.687,0.683,0.616,0.662,0.675,0.691,0.803,0.822,0.726,0.661,0.478,0.56,0.543,0.474,0.675,0.0,0.679,0.786,0.5,0.618,0.687,0.498,0.686,0.482,0.748,0.673,0.48,0.481,0.495,0.727,0.727,0.475,0.551
0.561,0.599,0.443,0.48,0.611,0.619,1.0,0.482,0.55,0.467,0.578,0.465,0.62,0.484,0.461,0.958,0.6,0.649,0.629,0.988,0.646,0.631,0.642,0.605,0.601,0.588,0.609,0.476,0.535,0.544,0.481,0.594,0.0,0.612,0.591,0.498,0.993,0.6,0.477,0.609,0.481,0.594,0.609,0.48,0.484,0.49,0.588,0.588,0.46,0.544
0.52,0.485,0.4,0.752,0.502,0.489,0.482,1.0,0.503,0.75,0.493,0.736,0.504,0.745,0.73,0.488,0.498,0.498,0.49,0.476,0.466,0.498,0.494,0.505,0.505,0.492,0.495,0.906,0.56,0.507,0.743,0.479,0.0,0.479,0.47,0.673,0.482,0.506,0.71,0.499,0.744,0.476,0.493,0.905,0.886,0.486,0.487,0.487,0.717,0.544
0.679,0.552,0.47,0.506,0.556,0.54,0.55,0.503,1.0,0.496,0.541,0.498,0.561,0.51,0.484,0.547,0.548,0.55,0.547,0.543,0.534,0.548,0.551,0.54,0.541,0.534,0.546,0.498,0.59,0.68,0.497,0.537,0.0,0.548,0.517,0.533,0.549,0.539,0.499,0.559,0.499,0.553,0.55,0.5,0.5,0.535,0.542,0.542,0.484,0.612
0.509,0.469,0.372,0.76,0.486,0.462,0.467,0.75,0.496,1.0,0.523,0.736,0.487,0.757,0.737,0.474,0.477,0.472,0.468,0.459,0.45,0.471,0.464,0.486,0.486,0.476,0.47,0.772,0.538,0.495,0.763,0.454,0.0,0.456,0.476,0.666,0.467,0.475,0.711,0.484,0.759,0.461,0.471,0.75,0.748,0.476,0.472,0.472,0.714,0.527
0.549,0.652,0.428,0.494,0.776,0.651,0.578,0.493,0.541,0.523,1.0,0.482,0.763,0.495,0.476,0.586,0.67,0.707,0.699,0.571,0.697,0.732,0.711,0.702,0.679,0.68,0.729,0.504,0.546,0.543,0.489,0.692,0.0,0.697,0.675,0.513,0.578,0.723,0.497,0.742,0.489,0.668,0.731,0.492,0.486,0.473,0.687,0.687,0.48,0.548
0.517,0.491,0.39,0.77,0.497,0.47,0.465,0.736,0.498,0.736,0.482,1.0,0.499,0.777,0.866,0.47,0.488,0.475,0.471,0.459,0.455,0.484,0.482,0.491,0.49,0.474,0.482,0.745,0.559,0.495,0.733,0.47,0.0,0.467,0.459,0.652,0.464,0.488,0.71,0.478,0.751,0.473,0.478,0.751,0.749,0.489,0.477,0.477,0.697,0.543
0.589,0.691,0.449,0.491,0.778,0.701,0.62,0.504,0.561,0.487,0.763,0.499,1.0,0.503,0.476,0.628,0.694,0.768,0.769,0.613,0.776,0.83,0.812,0.7,0.687,0.683,0.8,0.498,0.567,0.575,0.503,0.745,0.0,0.802,0.67,0.512,0.62,0.788,0.498,0.812,0.508,0.701,0.796,0.496,0.497,0.5,0.698,0.698,0.487,0.569
0.503,0.485,0.382,0.813,0.501,0.484,0.484,0.745,0.51,0.757,0.495,0.777,0.503,1.0,0.803,0.487,0.49,0.488,0.478,0.477,0.46,0.501,0.496,0.495,0.507,0.487,0.486,0.778,0.563,0.503,0.765,0.474,0.0,0.477,0.477,0.667,0.484,0.486,0.729,0.481,0.778,0.483,0.482,0.765,0.756,0.481,0.476,0.476,0.718,0.543
0.491,0.464,0.376,0.805,0.486,0.463,0.461,0.73,0.484,0.737,0.476,0.866,0.476,0.803,1.0,0.462,0.478,0.464,0.462,0.455,0.443,0.468,0.472,0.472,0.484,0.472,0.465,0.75,0.544,0.486,0.748,0.459,0.0,0.447,0.457,0.662,0.461,0.466,0.727,0.463,0.76,0.458,0.463,0.743,0.734,0.476,0.471,0.471,0.708,0.545
0.562,0.597,0.444,0.484,0.611,0.618,0.958,0.488,0.547,0.474,0.586,0.47,0.628,0.487,0.462,1.0,0.605,0.643,0.629,0.951,0.625,0.634,0.636,0.612,0.606,0.591,0.612,0.482,0.537,0.548,0.483,0.583,0.0,0.61,0.596,0.509,0.956,0.602,0.485,0.606,0.487,0.598,0.609,0.486,0.487,0.489,0.593,0.593,0.465,0.542
0.561,0.729,0.441,0.489,0.704,0.733,0.6,0.498,0.548,0.477,0.67,0.488,0.694,0.49,0.478,0.605,1.0,0.677,0.666,0.593,0.669,0.699,0.684,0.765,0.754,0.777,0.682,0.491,0.562,0.549,0.489,0.688,0.0,0.674,0.717,0.509,0.599,0.665,0.486,0.684,0.49,0.727,0.679,0.5,0.503,0.477,0.74,0.74,0.476,0.557
0.566,0.676,0.439,0.483,0.723,0.687,0.649,0.498,0.55,0.472,0.707,0.475,0.768,0.488,0.464,0.643,0.677,1.0,0.787,0.642,0.773,0.781,0.779,0.691,0.667,0.661,0.761,0.486,0.543,0.549,0.484,0.723,0.0,0.747,0.661,0.521,0.647,0.74,0.494,0.758,0.487,0.688,0.749,0.488,0.494,0.482,0.676,0.676,0.466,0.549
0.567,0.672,0.436,0.481,0.731,0.683,0.629,0.49,0.547,0.468,0.699,0.471,0.769,0.478,0.462,0.629,0.666,0.787,1.0,0.622,0.78,0.785,0.787,0.669,0.662,0.657,0.756,0.48,0.544,0.556,0.476,0.722,0.0,0.752,0.657,0.495,0.629,0.739,0.491,0.772,0.483,0.678,0.745,0.48,0.485,0.493,0.668,0.668,0.463,0.552
0.555,0.599,0.443,0.472,0.604,0.616,0.988,0.476,0.543,0.459,0.571,0.459,0.613,0.477,0.455,0.951,0.593,0.642,0.622,1.0,0.644,0.623,0.644,0.599,0.596,0.582,0.602,0.47,0.528,0.537,0.474,0.594,0.0,0.61,0.584,0.492,0.988,0.593,0.469,0.603,0.474,0.586,0.603,0.474,0.478,0.49,0.581,0.581,0.455,0.537
0.557,0.664,0.428,0.46,0.743,0.662,0.646,0.466,0.534,0.45,0.697,0.455,0.776,0.46,0.443,0.625,0.669,0.773,0.78,0.644,1.0,0.774,0.798,0.659,0.636,0.654,0.746,0.464,0.531,0.545,0.464,0.746,0.0,0.773,0.631,0.491,0.644,0.739,0.469,0.765,0.469,0.658,0.741,0.466,0.463,0.499,0.667,0.667,0.446,0.537
0.57,0.662,0.433,0.49,0.743,0.675,0.631,0.498,0.548,0.471,0.732,0.484,0.83,0.501,0.468,0.634,0.699,0.781,0.785,0.623,0.774,1.0,0.919,0.684,0.678,0.671,0.783,0.495,0.556,0.561,0.492,0.74,0.0,0.869,0.656,0.507,0.631,0.766,0.502,0.784,0.499,0.68,0.782,0.496,0.495,0.491,0.677,0.677,0.479,0.564
0.58,0.676,0.444,0.49,0.741,0.691,0.642,0.494,0.551,0.464,0.711,0.482,0.812,0.496,0.472,0.636,0.684,0.779,0.787,0.644,0.798,0.919,1.0,0.667,0.659,0.66,0.763,0.492,0.55,0.554,0.486,0.76,0.0,0.871,0.637,0.507,0.642,0.752,0.5,0.782,0.496,0.676,0.759,0.495,0.494,0.496,0.662,0.662,0.468,0.552
0.565,0.795,0.436,0.501,0.692,0.803,0.605,0.505,0.54,0.486,0.702,0.491,0.7,0.495,0.472,0.612,0.765,0.691,0.669,0.599,0.659,0.684,0.667,1.0,0.847,0.778,0.674,0.505,0.556,0.547,0.481,0.657,0.0,0.659,0.837,0.511,0.603,0.663,0.496,0.672,0.484,0.74,0.671,0.493,0.493,0.474,0.736,0.736,0.479,0.548
0.568,0.806,0.436,0.506,0.698,0.822,0.601,0.505,0.541,0.486,0.679,0.49,0.687,0.507,0.484,0.606,0.754,0.667,0.662,0.596,0.636,0.678,0.659,0.847,1.0,0.792,0.668,0.503,0.56,0.537,0.484,0.656,0.0,0.653,0.827,0.5,0.603,0.671,0.501,0.666,0.487,0.733,0.672,0.508,0.498,0.473,0.738,0.738,0.506,0.55
0.547,0.729,0.435,0.481,0.686,0.726,0.588,0.492,0.534,0.476,0.68,0.474,0.683,0.487,0.472,0.591,0.777,0.661,0.657,0.582,0.654,0.671,0.66,0.778,0.792,1.0,0.663,0.494,0.551,0.535,0.48,0.644,0.0,0.652,0.737,0.496,0.588,0.657,0.488,0.673,0.48,0.725,0.654,0.501,0.489,0.472,0.739,0.739,0.49,0.545
0.568,0.654,0.441,0.486,0.745,0.661,0.609,0.495,0.546,0.47,0.729,0.482,0.8,0.486,0.465,0.612,0.682,0.761,0.756,0.602,0.746,0.783,0.763,0.674,0.668,0.663,1.0,0.483,0.549,0.55,0.49,0.736,0.0,0.744,0.644,0.498,0.608,0.841,0.478,0.785,0.496,0.675,0.856,0.49,0.487,0.489,0.679,0.679,0.466,0.554
0.513,0.481,0.396,0.794,0.494,0.478,0.476,0.906,0.498,0.772,0.504,0.745,0.498,0.778,0.75,0.482,0.491,0.486,0.48,0.47,0.464,0.495,0.492,0.505,0.503,0.494,0.483,1.0,0.552,0.503,0.75,0.478,0.0,0.472,0.473,0.673,0.476,0.498,0.721,0.493,0.765,0.472,0.482,0.96,0.934,0.484,0.485,0.485,0.724,0.536
0.599,0.549,0.457,0.551,0.564,0.56,0.535,0.56,0.59,0.538,0.546,0.559,0.567,0.563,0.544,0.537,0.562,0.543,0.544,0.528,0.531,0.556,0.55,0.556,0.56,0.551,0.549,0.552,1.0,0.581,0.549,0.533,0.0,0.545,0.53,0.557,0.534,0.543,0.546,0.542,0.546,0.529,0.544,0.552,0.552,0.607,0.548,0.548,0.533,0.849
0.653,0.553,0.465,0.495,0.564,0.543,0.544,0.507,0.68,0.495,0.543,0.495,0.575,0.503,0.486,0.548,0.549,0.549,0.556,0.537,0.545,0.561,0.554,0.547,0.537,0.535,0.55,0.503,0.581,1.0,0.498,0.532,0.0,0.545,0.522,0.525,0.542,0.55,0.498,0.574,0.506,0.545,0.56,0.507,0.504,0.555,0.543,0.543,0.482,0.601
0.495,0.48,0.389,0.761,0.498,0.474,0.481,0.743,0.497,0.763,0.489,0.733,0.503,0.765,0.748,0.483,0.489,0.484,0.476,0.474,0.464,0.492,0.486,0.481,0.484,0.48,0.49,0.75,0.549,0.498,1.0,0.461,0.0,0.474,0.463,0.657,0.481,0.485,0.703,0.489,0.897,0.469,0.483,0.753,0.749,0.485,0.472,0.472,0.702,0.543
0.553,0.675,0.451,0.476,0.737,0.675,0.594,0.479,0.537,0.454,0.692,0.47,0.745,0.474,0.459,0.583,0.688,0.723,0.722,0.594,0.746,0.74,0.76,0.657,0.656,0.644,0.736,0.478,0.533,0.532,0.461,1.0,0.0,0.741,0.628,0.472,0.594,0.748,0.479,0.764,0.461,0.671,0.744,0.479,0.49,0.497,0.662,0.662,0.453,0.529
0.0,0.0,0.0,0.0,0.0,0.0,0.0,0.0,0.0,0.0,0.0,0.0,0.0,0.0,0.0,0.0,0.0,0.0,0.0,0.0,0.0,0.0,0.0,0.0,0.0,0.0,0.0,0.0,0.0,0.0,0.0,0.0,1.0,0.0,0.0,0.0,0.0,0.0,0.0,0.0,0.0,0.0,0.0,0.0,0.0,0.0,0.0,0.0,0.0,0.0
0.571,0.666,0.442,0.469,0.724,0.679,0.612,0.479,0.548,0.456,0.697,0.467,0.802,0.477,0.447,0.61,0.674,0.747,0.752,0.61,0.773,0.869,0.871,0.659,0.653,0.652,0.744,0.472,0.545,0.545,0.474,0.741,0.0,1.0,0.627,0.506,0.612,0.743,0.499,0.77,0.473,0.667,0.762,0.471,0.48,0.48,0.664,0.664,0.457,0.544
0.549,0.762,0.41,0.473,0.665,0.786,0.591,0.47,0.517,0.476,0.675,0.459,0.67,0.477,0.457,0.596,0.717,0.661,0.657,0.584,0.631,0.656,0.637,0.837,0.827,0.737,0.644,0.473,0.53,0.522,0.463,0.628,0.0,0.627,1.0,0.493,0.591,0.637,0.485,0.648,0.462,0.709,0.646,0.461,0.463,0.456,0.696,0.696,0.462,0.523
0.515,0.482,0.412,0.68,0.499,0.5,0.498,0.673,0.533,0.666,0.513,0.652,0.512,0.667,0.662,0.509,0.509,0.521,0.495,0.492,0.491,0.507,0.507,0.511,0.5,0.496,0.498,0.673,0.557,0.525,0.657,0.472,0.0,0.506,0.493,1.0,0.496,0.492,0.699,0.506,0.663,0.495,0.498,0.671,0.662,0.493,0.491,0.491,0.661,0.548
0.56,0.598,0.443,0.48,0.61,0.618,0.993,0.482,0.549,0.467,0.578,0.464,0.62,0.484,0.461,0.956,0.599,0.647,0.629,0.988,0.644,0.631,0.642,0.603,0.603,0.588,0.608,0.476,0.534,0.542,0.481,0.594,0.0,0.612,0.591,0.496,1.0,0.6,0.476,0.609,0.481,0.594,0.609,0.479,0.483,0.489,0.588,0.588,0.46,0.544
0.577,0.68,0.436,0.481,0.759,0.687,0.6,0.506,0.539,0.475,0.723,0.488,0.788,0.486,0.466,0.602,0.665,0.74,0.739,0.593,0.739,0.766,0.752,0.663,0.671,0.657,0.841,0.498,0.543,0.55,0.485,0.748,0.0,0.743,0.637,0.492,0.6,1.0,0.491,0.785,0.489,0.688,0.863,0.501,0.491,0.488,0.689,0.689,0.475,0.549
0.505,0.475,0.398,0.728,0.493,0.498,0.477,0.71,0.499,0.711,0.497,0.71,0.498,0.729,0.727,0.485,0.486,0.494,0.491,0.469,0.469,0.502,0.5,0.496,0.501,0.488,0.478,0.721,0.546,0.498,0.703,0.479,0.0,0.499,0.485,0.699,0.476,0.491,1.0,0.49,0.701,0.487,0.486,0.708,0.703,0.469,0.49,0.489,0.685,0.537
0.576,0.679,0.442,0.48,0.759,0.686,0.609,0.499,0.559,0.484,0.742,0.478,0.812,0.481,0.463,0.606,0.684,0.758,0.772,0.603,0.765,0.784,0.782,0.672,0.666,0.673,0.785,0.493,0.542,0.574,0.489,0.764,0.0,0.77,0.648,0.506,0.609,0.785,0.49,1.0,0.496,0.69,0.791,0.49,0.496,0.503,0.698,0.698,0.476,0.553
0.504,0.48,0.397,0.771,0.512,0.482,0.481,0.744,0.499,0.759,0.489,0.751,0.508,0.778,0.76,0.487,0.49,0.487,0.483,0.474,0.469,0.499,0.496,0.484,0.487,0.48,0.496,0.765,0.546,0.506,0.897,0.461,0.0,0.473,0.462,0.663,0.481,0.489,0.701,0.496,1.0,0.481,0.484,0.769,0.766,0.49,0.474,0.474,0.704,0.546
0.559,0.734,0.439,0.477,0.705,0.748,0.594,0.476,0.553,0.461,0.668,0.473,0.701,0.483,0.458,0.598,0.727,0.688,0.678,0.586,0.658,0.68,0.676,0.74,0.733,0.725,0.675,0.472,0.529,0.545,0.469,0.671,0.0,0.667,0.709,0.495,0.594,0.688,0.487,0.69,0.481,1.0,0.694,0.474,0.473,0.471,0.75,0.75,0.464,0.53
0.574,0.657,0.442,0.48,0.76,0.673,0.609,0.493,0.55,0.471,0.731,0.478,0.796,0.482,0.463,0.609,0.679,0.749,0.745,0.603,0.741,0.782,0.759,0.671,0.672,0.654,0.856,0.482,0.544,0.56,0.483,0.744,0.0,0.762,0.646,0.498,0.609,0.863,0.486,0.791,0.484,0.694,1.0,0.485,0.488,0.492,0.68,0.68,0.465,0.551
0.517,0.494,0.405,0.776,0.494,0.48,0.48,0.905,0.5,0.75,0.492,0.751,0.496,0.765,0.743,0.486,0.5,0.488,0.48,0.474,0.466,0.496,0.495,0.493,0.508,0.501,0.49,0.96,0.552,0.507,0.753,0.479,0.0,0.471,0.461,0.671,0.479,0.501,0.708,0.49,0.769,0.474,0.485,1.0,0.955,0.487,0.484,0.484,0.728,0.539
0.528,0.5,0.398,0.765,0.499,0.481,0.484,0.886,0.5,0.748,0.486,0.749,0.497,0.756,0.734,0.487,0.503,0.494,0.485,0.478,0.463,0.495,0.494,0.493,0.498,0.489,0.487,0.934,0.552,0.504,0.749,0.49,0.0,0.48,0.463,0.662,0.483,0.491,0.703,0.496,0.766,0.473,0.488,0.955,1.0,0.489,0.481,0.481,0.712,0.542
0.543,0.498,0.435,0.487,0.506,0.495,0.49,0.486,0.535,0.476,0.473,0.489,0.5,0.481,0.476,0.489,0.477,0.482,0.493,0.49,0.499,0.491,0.496,0.474,0.473,0.472,0.489,0.484,0.607,0.555,0.485,0.497,0.0,0.48,0.456,0.493,0.489,0.488,0.469,0.503,0.49,0.471,0.492,0.487,0.489,1.0,0.502,0.502,0.473,0.669
0.543,0.71,0.438,0.474,0.711,0.727,0.588,0.487,0.542,0.472,0.687,0.477,0.698,0.476,0.471,0.593,0.74,0.676,0.668,0.581,0.667,0.677,0.662,0.736,0.738,0.739,0.679,0.485,0.548,0.543,0.472,0.662,0.0,0.664,0.696,0.491,0.588,0.689,0.49,0.698,0.474,0.75,0.68,0.484,0.481,0.502,1.0,0.999,0.471,0.552
0.543,0.71,0.438,0.474,0.711,0.727,0.588,0.487,0.542,0.472,0.687,0.477,0.698,0.476,0.471,0.593,0.74,0.676,0.668,0.581,0.667,0.677,0.662,0.736,0.738,0.739,0.679,0.485,0.548,0.543,0.472,0.662,0.0,0.664,0.696,0.491,0.588,0.689,0.489,0.698,0.474,0.75,0.68,0.484,0.481,0.502,0.999,1.0,0.471,0.552
0.496,0.487,0.389,0.732,0.49,0.475,0.46,0.717,0.484,0.714,0.48,0.697,0.487,0.718,0.708,0.465,0.476,0.466,0.463,0.455,0.446,0.479,0.468,0.479,0.506,0.49,0.466,0.724,0.533,0.482,0.702,0.453,0.0,0.457,0.462,0.661,0.46,0.475,0.685,0.476,0.704,0.464,0.465,0.728,0.712,0.473,0.471,0.471,1.0,0.528
0.609,0.546,0.466,0.537,0.556,0.551,0.544,0.544,0.612,0.527,0.548,0.543,0.569,0.543,0.545,0.542,0.557,0.549,0.552,0.537,0.537,0.564,0.552,0.548,0.55,0.545,0.554,0.536,0.849,0.601,0.543,0.529,0.0,0.544,0.523,0.548,0.544,0.549,0.537,0.553,0.546,0.53,0.551,0.539,0.542,0.669,0.552,0.552,0.528,1.0
