GCF_000163235.1_ASM16323v1_genomic.fna,GCF_000164555.1_ASM16455v1_genomic.fna,GCF_000208545.1_ASM20854v2_genomic.fna,GCF_000233875.1_ASM23387v1_genomic.fna,GCF_000249735.1_ASM24973v2_genomic.fna,GCF_000261145.1_Esch_coli_M919_V2_genomic.fna,GCF_000267705.2_ASM26770v2_genomic.fna,GCF_000350665.1_Esch_coli_KTE5_V1_genomic.fna,GCF_000351625.1_Esch_coli_KTE66_V1_genomic.fna,GCF_000352285.1_Esch_coli_KTE46_V1_genomic.fna,GCF_000358895.1_ASM35889v1_genomic.fna,GCF_000456385.1_Esch_coli_HVH_26_4-5703913_V1_genomic.fna,GCF_000458195.1_Esch_coli_HVH_147_4-5893887_V1_genomic.fna,GCF_000459755.1_Esch_coli_KOEGE_58_171a_V1_genomic.fna,GCF_000460055.1_Esch_coli_UMEA_3053-1_V1_genomic.fna,GCF_000462165.2_ASM46216v2_genomic.fna,GCF_000601135.1_ASM60113v1_genomic.fna,GCF_000614595.1_Ec2010EL1058_genomic.fna,GCF_000617745.1_Ec2010C-4529_genomic.fna,GCF_000618265.2_EcF6751_genomic.fna,GCF_000619005.2_Ec2009C-4052_genomic.fna,GCF_000619105.1_Ec2009C-4780_genomic.fna,GCF_000619765.2_Ec2009C-3279_genomic.fna,GCF_000687005.1_ASM68700v1_genomic.fna,GCF_000687025.1_ASM68702v1_genomic.fna,GCF_000700125.1_ASM70012v1_genomic.fna,GCF_000753315.1_FHI35_genomic.fna,GCF_000776375.1_ASM77637v1_genomic.fna,GCF_000779395.1_ASM77939v1_genomic.fna,GCF_000780315.1_ASM78031v1_genomic.fna,GCF_000781995.1_ASM78199v1_genomic.fna,GCF_000986765.1_ASM98676v1_genomic.fna,GCF_001041375.1_ViralProj287958_genomic.fna,GCF_001265335.1_302014_genomic.fna,GCF_001265625.1_100854_genomic.fna,GCF_001267345.1_303289_genomic.fna,GCF_001309985.1_ASM130998v1_genomic.fna,GCF_001521695.1_ASM152169v1_genomic.fna,GCF_001592595.1_ASM159259v1_genomic.fna,GCF_001614975.1_ASM161497v1_genomic.fna,GCF_001692775.1_ASM169277v1_genomic.fna,GCF_001748915.1_ASM174891v1_genomic.fna,GCF_001749235.1_ASM174923v1_genomic.fna,GCF_001881155.1_ASM188115v1_genomic.fna,GCF_001881345.1_ASM188134v1_genomic.fna,GCF_001892405.1_ASM189240v1_genomic.fna,GCF_001892585.1_ASM189258v1_genomic.fna,GCF_001893985.1_ASM189398v1_genomic.fna,GCF_002001595.1_ASM200159v1_genomic.fna,GCF_002002145.1_ASM200214v1_genomic.fna
1.0,0.577,0.485,0.499,0.58,0.56,0.557,0.509,0.648,0.521,0.557,0.536,0.57,0.52,0.498,0.56,0.553,0.561,0.573,0.557,0.543,0.56,0.564,0.566,0.554,0.554,0.566,0.488,0.59,0.636,0.489,0.561,0.0,0.555,0.529,0.498,0.558,0.589,0.506,0.562,0.503,0.545,0.567,0.495,0.51,0.551,0.554,0.554,0.499,0.591
0.577,1.0,0.46,0.465,0.674,0.797,0.605,0.492,0.527,0.497,0.632,0.496,0.655,0.474,0.461,0.603,0.724,0.645,0.653,0.601,0.63,0.642,0.654,0.795,0.795,0.725,0.653,0.474,0.547,0.526,0.461,0.667,0.0,0.656,0.739,0.46,0.605,0.675,0.463,0.647,0.468,0.707,0.661,0.493,0.494,0.508,0.713,0.716,0.492,0.538
0.485,0.46,1.0,0.411,0.456,0.449,0.433,0.418,0.445,0.409,0.433,0.421,0.45,0.427,0.415,0.432,0.434,0.435,0.454,0.43,0.442,0.436,0.446,0.437,0.439,0.423,0.448,0.408,0.453,0.48,0.409,0.448,0.0,0.443,0.402,0.419,0.433,0.452,0.42,0.443,0.418,0.441,0.467,0.423,0.414,0.434,0.445,0.445,0.428,0.458
0.499,0.465,0.411,1.0,0.471,0.465,0.46,0.717,0.465,0.767,0.486,0.76,0.475,0.792,0.796,0.463,0.464,0.479,0.468,0.462,0.451,0.466,0.461,0.49,0.465,0.483,0.479,0.77,0.502,0.484,0.737,0.462,0.0,0.451,0.454,0.663,0.461,0.465,0.694,0.456,0.767,0.456,0.461,0.75,0.75,0.478,0.46,0.458,0.683,0.501
0.58,0.674,0.456,0.471,1.0,0.684,0.613,0.499,0.551,0.482,0.775,0.498,0.757,0.492,0.484,0.609,0.677,0.72,0.733,0.611,0.734,0.73,0.74,0.671,0.664,0.655,0.734,0.478,0.553,0.544,0.47,0.748,0.0,0.736,0.64,0.471,0.612,0.739,0.486,0.74,0.481,0.69,0.753,0.481,0.489,0.512,0.713,0.713,0.485,0.544
0.56,0.797,0.449,0.465,0.684,1.0,0.63,0.504,0.546,0.483,0.652,0.476,0.671,0.492,0.466,0.622,0.732,0.686,0.681,0.622,0.659,0.674,0.676,0.799,0.814,0.72,0.669,0.481,0.551,0.534,0.465,0.677,0.0,0.666,0.768,0.483,0.628,0.687,0.508,0.667,0.475,0.718,0.676,0.486,0.484,0.508,0.729,0.728,0.481,0.547
0.557,0.605,0.433,0.46,0.613,0.63,1.0,0.473,0.537,0.473,0.587,0.464,0.609,0.485,0.458,0.953,0.606,0.638,0.633,0.985,0.627,0.624,0.635,0.607,0.608,0.603,0.609,0.459,0.529,0.526,0.448,0.618,0.0,0.607,0.59,0.475,0.99,0.593,0.487,0.596,0.452,0.608,0.607,0.47,0.473,0.506,0.598,0.597,0.46,0.534
0.509,0.492,0.418,0.717,0.499,0.504,0.473,1.0,0.484,0.731,0.491,0.729,0.502,0.743,0.724,0.472,0.495,0.498,0.494,0.473,0.463,0.485,0.482,0.501,0.49,0.492,0.501,0.899,0.523,0.496,0.719,0.48,0.0,0.479,0.463,0.638,0.474,0.507,0.707,0.49,0.727,0.481,0.495,0.905,0.891,0.487,0.479,0.479,0.686,0.512
0.648,0.527,0.445,0.465,0.551,0.546,0.537,0.484,1.0,0.491,0.53,0.479,0.54,0.488,0.477,0.537,0.533,0.533,0.544,0.537,0.522,0.543,0.54,0.529,0.521,0.52,0.553,0.472,0.59,0.65,0.467,0.538,0.0,0.537,0.493,0.485,0.538,0.554,0.496,0.544,0.469,0.534,0.559,0.476,0.475,0.516,0.528,0.527,0.472,0.58
0.521,0.497,0.409,0.767,0.482,0.483,0.473,0.731,0.491,1.0,0.51,0.716,0.488,0.748,0.732,0.478,0.482,0.492,0.48,0.475,0.458,0.477,0.465,0.501,0.482,0.499,0.491,0.754,0.517,0.505,0.747,0.468,0.0,0.459,0.471,0.689,0.474,0.483,0.718,0.47,0.752,0.469,0.475,0.736,0.752,0.495,0.47,0.468,0.703,0.506
0.557,0.632,0.433,0.486,0.775,0.652,0.587,0.491,0.53,0.51,1.0,0.478,0.757,0.501,0.486,0.596,0.656,0.732,0.72,0.586,0.703,0.722,0.704,0.685,0.652,0.677,0.739,0.488,0.531,0.542,0.464,0.704,0.0,0.695,0.664,0.503,0.587,0.717,0.49,0.739,0.47,0.662,0.718,0.476,0.484,0.495,0.653,0.653,0.476,0.531
0.536,0.496,0.421,0.76,0.498,0.476,0.464,0.729,0.479,0.716,0.478,1.0,0.497,0.767,0.864,0.469,0.485,0.48,0.482,0.465,0.472,0.481,0.478,0.492,0.473,0.478,0.478,0.732,0.529,0.502,0.709,0.474,0.0,0.471,0.45,0.634,0.463,0.483,0.713,0.468,0.745,0.465,0.477,0.74,0.749,0.504,0.475,0.474,0.677,0.513
0.57,0.655,0.45,0.475,0.757,0.671,0.609,0.502,0.54,0.488,0.757,0.497,1.0,0.488,0.494,0.606,0.66,0.761,0.787,0.61,0.774,0.825,0.815,0.67,0.658,0.657,0.796,0.482,0.537,0.55,0.465,0.765,0.0,0.801,0.638,0.477,0.61,0.78,0.497,0.799,0.471,0.672,0.783,0.484,0.487,0.496,0.689,0.689,0.482,0.54
0.52,0.474,0.427,0.792,0.492,0.492,0.485,0.743,0.488,0.748,0.501,0.767,0.488,1.0,0.803,0.489,0.484,0.494,0.485,0.488,0.468,0.478,0.475,0.484,0.48,0.492,0.499,0.77,0.529,0.504,0.751,0.486,0.0,0.463,0.455,0.66,0.485,0.491,0.716,0.479,0.777,0.475,0.481,0.773,0.774,0.506,0.478,0.476,0.701,0.521
0.498,0.461,0.415,0.796,0.484,0.466,0.458,0.724,0.477,0.732,0.486,0.864,0.494,0.803,1.0,0.462,0.477,0.484,0.477,0.461,0.458,0.475,0.475,0.475,0.459,0.472,0.482,0.752,0.516,0.5,0.736,0.468,0.0,0.46,0.446,0.649,0.458,0.476,0.713,0.464,0.764,0.455,0.474,0.749,0.751,0.495,0.464,0.462,0.691,0.515
0.56,0.603,0.432,0.463,0.609,0.622,0.953,0.472,0.537,0.478,0.596,0.469,0.606,0.489,0.462,1.0,0.615,0.637,0.627,0.957,0.609,0.627,0.627,0.615,0.614,0.61,0.611,0.461,0.53,0.531,0.448,0.61,0.0,0.599,0.587,0.478,0.955,0.591,0.483,0.603,0.456,0.606,0.602,0.47,0.473,0.507,0.597,0.596,0.466,0.53
0.553,0.724,0.434,0.464,0.677,0.732,0.606,0.495,0.533,0.482,0.656,0.485,0.66,0.484,0.477,0.615,1.0,0.661,0.657,0.604,0.637,0.666,0.654,0.76,0.744,0.776,0.66,0.482,0.544,0.536,0.463,0.681,0.0,0.653,0.703,0.486,0.603,0.643,0.491,0.66,0.466,0.703,0.655,0.491,0.493,0.488,0.714,0.714,0.478,0.524
0.561,0.645,0.435,0.479,0.72,0.686,0.638,0.498,0.533,0.492,0.732,0.48,0.761,0.494,0.484,0.637,0.661,1.0,0.798,0.636,0.763,0.778,0.758,0.67,0.667,0.659,0.768,0.485,0.543,0.549,0.465,0.729,0.0,0.731,0.637,0.511,0.636,0.718,0.506,0.752,0.467,0.667,0.73,0.486,0.493,0.497,0.669,0.668,0.473,0.54
0.573,0.653,0.454,0.468,0.733,0.681,0.633,0.494,0.544,0.48,0.72,0.482,0.787,0.485,0.477,0.627,0.657,0.798,1.0,0.631,0.785,0.788,0.781,0.66,0.653,0.645,0.762,0.479,0.544,0.542,0.463,0.741,0.0,0.742,0.637,0.492,0.634,0.738,0.507,0.757,0.469,0.666,0.748,0.48,0.484,0.5,0.669,0.669,0.477,0.543
0.557,0.601,0.43,0.462,0.611,0.622,0.985,0.473,0.537,0.475,0.586,0.465,0.61,0.488,0.461,0.957,0.604,0.636,0.631,1.0,0.622,0.622,0.63,0.606,0.605,0.602,0.608,0.46,0.529,0.526,0.448,0.614,0.0,0.603,0.584,0.477,0.989,0.592,0.482,0.596,0.455,0.605,0.605,0.469,0.472,0.506,0.597,0.596,0.462,0.531
0.543,0.63,0.442,0.451,0.734,0.659,0.627,0.463,0.522,0.458,0.703,0.472,0.774,0.468,0.458,0.609,0.637,0.763,0.785,0.622,1.0,0.777,0.793,0.649,0.632,0.629,0.759,0.459,0.514,0.521,0.446,0.757,0.0,0.757,0.617,0.471,0.624,0.741,0.483,0.765,0.454,0.638,0.748,0.464,0.469,0.484,0.667,0.667,0.456,0.528
0.56,0.642,0.436,0.466,0.73,0.674,0.624,0.485,0.543,0.477,0.722,0.481,0.825,0.478,0.475,0.627,0.666,0.778,0.788,0.622,0.777,1.0,0.928,0.665,0.664,0.656,0.794,0.471,0.528,0.531,0.458,0.767,0.0,0.883,0.636,0.476,0.624,0.76,0.496,0.794,0.46,0.655,0.772,0.475,0.48,0.481,0.661,0.661,0.471,0.525
0.564,0.654,0.446,0.461,0.74,0.676,0.635,0.482,0.54,0.465,0.704,0.478,0.815,0.475,0.475,0.627,0.654,0.758,0.781,0.63,0.793,0.928,1.0,0.661,0.652,0.642,0.782,0.47,0.525,0.527,0.461,0.776,0.0,0.883,0.628,0.47,0.634,0.766,0.485,0.781,0.459,0.664,0.776,0.475,0.476,0.489,0.67,0.672,0.465,0.53
0.566,0.795,0.437,0.49,0.671,0.799,0.607,0.501,0.529,0.501,0.685,0.492,0.67,0.484,0.475,0.615,0.76,0.67,0.66,0.606,0.649,0.665,0.661,1.0,0.831,0.759,0.682,0.488,0.543,0.545,0.456,0.66,0.0,0.653,0.812,0.495,0.603,0.658,0.473,0.661,0.464,0.702,0.659,0.478,0.483,0.495,0.71,0.711,0.47,0.533
0.554,0.795,0.439,0.465,0.664,0.814,0.608,0.49,0.521,0.482,0.652,0.473,0.658,0.48,0.459,0.614,0.744,0.667,0.653,0.605,0.632,0.664,0.652,0.831,1.0,0.756,0.673,0.474,0.534,0.529,0.453,0.665,0.0,0.636,0.784,0.472,0.609,0.659,0.475,0.651,0.457,0.688,0.647,0.489,0.488,0.493,0.703,0.701,0.485,0.522
0.554,0.725,0.423,0.483,0.655,0.72,0.603,0.492,0.52,0.499,0.677,0.478,0.657,0.492,0.472,0.61,0.776,0.659,0.645,0.602,0.629,0.656,0.642,0.759,0.756,1.0,0.662,0.486,0.533,0.541,0.457,0.638,0.0,0.633,0.707,0.489,0.6,0.639,0.483,0.657,0.46,0.688,0.635,0.494,0.49,0.492,0.713,0.713,0.495,0.527
0.566,0.653,0.448,0.479,0.734,0.669,0.609,0.501,0.553,0.491,0.739,0.478,0.796,0.499,0.482,0.611,0.66,0.768,0.762,0.608,0.759,0.794,0.782,0.682,0.673,0.662,1.0,0.483,0.544,0.545,0.467,0.765,0.0,0.755,0.637,0.488,0.607,0.832,0.485,0.807,0.475,0.663,0.839,0.491,0.49,0.493,0.668,0.668,0.478,0.543
0.488,0.474,0.408,0.77,0.478,0.481,0.459,0.899,0.472,0.754,0.488,0.732,0.482,0.77,0.752,0.461,0.482,0.485,0.479,0.46,0.459,0.471,0.47,0.488,0.474,0.486,0.483,1.0,0.511,0.496,0.722,0.469,0.0,0.459,0.457,0.653,0.46,0.486,0.703,0.472,0.75,0.461,0.471,0.955,0.936,0.475,0.466,0.465,0.694,0.5
0.59,0.547,0.453,0.502,0.553,0.551,0.529,0.523,0.59,0.517,0.531,0.529,0.537,0.529,0.516,0.53,0.544,0.543,0.544,0.529,0.514,0.528,0.525,0.543,0.534,0.533,0.544,0.511,1.0,0.565,0.499,0.533,0.0,0.522,0.509,0.525,0.528,0.547,0.516,0.532,0.506,0.536,0.542,0.514,0.518,0.615,0.537,0.537,0.523,0.838
0.636,0.526,0.48,0.484,0.544,0.534,0.526,0.496,0.65,0.505,0.542,0.502,0.55,0.504,0.5,0.531,0.536,0.549,0.542,0.526,0.521,0.531,0.527,0.545,0.529,0.541,0.545,0.496,0.565,1.0,0.466,0.516,0.0,0.512,0.506,0.495,0.526,0.523,0.499,0.542,0.478,0.524,0.534,0.493,0.493,0.548,0.54,0.54,0.485,0.578
0.489,0.461,0.409,0.737,0.47,0.465,0.448,0.719,0.467,0.747,0.464,0.709,0.465,0.751,0.736,0.448,0.463,0.465,0.463,0.448,0.446,0.458,0.461,0.456,0.453,0.457,0.467,0.722,0.499,0.466,1.0,0.461,0.0,0.446,0.429,0.631,0.449,0.472,0.695,0.452,0.899,0.454,0.467,0.727,0.726,0.49,0.458,0.457,0.686,0.492
0.561,0.667,0.448,0.462,0.748,0.677,0.618,0.48,0.538,0.468,0.704,0.474,0.765,0.486,0.468,0.61,0.681,0.729,0.741,0.614,0.757,0.767,0.776,0.66,0.665,0.638,0.765,0.469,0.533,0.516,0.461,1.0,0.0,0.762,0.618,0.47,0.617,0.779,0.481,0.761,0.459,0.681,0.782,0.473,0.478,0.491,0.685,0.686,0.462,0.527
0.0,0.0,0.0,0.0,0.0,0.0,0.0,0.0,0.0,0.0,0.0,0.0,0.0,0.0,0.0,0.0,0.0,0.0,0.0,0.0,0.0,0.0,0.0,0.0,0.0,0.0,0.0,0.0,0.0,0.0,0.0,0.0,1.0,0.0,0.0,0.0,0.0,0.0,0.0,0.0,0.0,0.0,0.0,0.0,0.0,0.0,0.0,0.0,0.0,0.0
0.555,0.656,0.443,0.451,0.736,0.666,0.607,0.479,0.537,0.459,0.695,0.471,0.801,0.463,0.46,0.599,0.653,0.731,0.742,0.603,0.757,0.883,0.883,0.653,0.636,0.633,0.755,0.459,0.522,0.512,0.446,0.762,0.0,1.0,0.62,0.478,0.608,0.756,0.484,0.763,0.445,0.661,0.771,0.462,0.464,0.482,0.671,0.674,0.455,0.524
0.529,0.739,0.402,0.454,0.64,0.768,0.59,0.463,0.493,0.471,0.664,0.45,0.638,0.455,0.446,0.587,0.703,0.637,0.637,0.584,0.617,0.636,0.628,0.812,0.784,0.707,0.637,0.457,0.509,0.506,0.429,0.618,0.0,0.62,1.0,0.461,0.588,0.622,0.455,0.625,0.433,0.66,0.621,0.451,0.458,0.466,0.671,0.668,0.446,0.497
0.498,0.46,0.419,0.663,0.471,0.483,0.475,0.638,0.485,0.689,0.503,0.634,0.477,0.66,0.649,0.478,0.486,0.511,0.492,0.477,0.471,0.476,0.47,0.495,0.472,0.489,0.488,0.653,0.525,0.495,0.631,0.47,0.0,0.478,0.461,1.0,0.472,0.472,0.669,0.473,0.641,0.471,0.48,0.637,0.64,0.489,0.462,0.46,0.635,0.522
0.558,0.605,0.433,0.461,0.612,0.628,0.99,0.474,0.538,0.474,0.587,0.463,0.61,0.485,0.458,0.955,0.603,0.636,0.634,0.989,0.624,0.624,0.634,0.603,0.609,0.6,0.607,0.46,0.528,0.526,0.449,0.617,0.0,0.608,0.588,0.472,1.0,0.594,0.486,0.596,0.452,0.609,0.607,0.47,0.472,0.507,0.599,0.598,0.461,0.535
0.589,0.675,0.452,0.465,0.739,0.687,0.593,0.507,0.554,0.483,0.717,0.483,0.78,0.491,0.476,0.591,0.643,0.718,0.738,0.592,0.741,0.76,0.766,0.658,0.659,0.639,0.832,0.486,0.547,0.523,0.472,0.779,0.0,0.756,0.622,0.472,0.594,1.0,0.491,0.782,0.476,0.679,0.87,0.493,0.487,0.502,0.694,0.695,0.486,0.549
0.506,0.463,0.42,0.694,0.486,0.508,0.487,0.707,0.496,0.718,0.49,0.713,0.497,0.716,0.713,0.483,0.491,0.506,0.507,0.482,0.483,0.496,0.485,0.473,0.475,0.483,0.485,0.703,0.516,0.499,0.695,0.481,0.0,0.484,0.455,0.669,0.486,0.491,1.0,0.487,0.705,0.481,0.494,0.711,0.713,0.484,0.483,0.481,0.681,0.504
0.562,0.647,0.443,0.456,0.74,0.667,0.596,0.49,0.544,0.47,0.739,0.468,0.799,0.479,0.464,0.603,0.66,0.752,0.757,0.596,0.765,0.794,0.781,0.661,0.651,0.657,0.807,0.472,0.532,0.542,0.452,0.761,0.0,0.763,0.625,0.473,0.596,0.782,0.487,1.0,0.456,0.657,0.781,0.474,0.474,0.499,0.685,0.685,0.465,0.542
0.503,0.468,0.418,0.767,0.481,0.475,0.452,0.727,0.469,0.752,0.47,0.745,0.471,0.777,0.764,0.456,0.466,0.467,0.469,0.455,0.454,0.46,0.459,0.464,0.457,0.46,0.475,0.75,0.506,0.478,0.899,0.459,0.0,0.445,0.433,0.641,0.452,0.476,0.705,0.456,1.0,0.464,0.467,0.755,0.752,0.49,0.457,0.455,0.703,0.5
0.545,0.707,0.441,0.456,0.69,0.718,0.608,0.481,0.534,0.469,0.662,0.465,0.672,0.475,0.455,0.606,0.703,0.667,0.666,0.605,0.638,0.655,0.664,0.702,0.688,0.688,0.663,0.461,0.536,0.524,0.454,0.681,0.0,0.661,0.66,0.471,0.609,0.679,0.481,0.657,0.464,1.0,0.7,0.468,0.467,0.496,0.741,0.743,0.473,0.534
0.567,0.661,0.467,0.461,0.753,0.676,0.607,0.495,0.559,0.475,0.718,0.477,0.783,0.481,0.474,0.602,0.655,0.73,0.748,0.605,0.748,0.772,0.776,0.659,0.647,0.635,0.839,0.471,0.542,0.534,0.467,0.782,0.0,0.771,0.621,0.48,0.607,0.87,0.494,0.781,0.467,0.7,1.0,0.477,0.481,0.507,0.692,0.692,0.47,0.543
0.495,0.493,0.423,0.75,0.481,0.486,0.47,0.905,0.476,0.736,0.476,0.74,0.484,0.773,0.749,0.47,0.491,0.486,0.48,0.469,0.464,0.475,0.475,0.478,0.489,0.494,0.491,0.955,0.514,0.493,0.727,0.473,0.0,0.462,0.451,0.637,0.47,0.493,0.711,0.474,0.755,0.468,0.477,1.0,0.952,0.483,0.472,0.471,0.715,0.504
0.51,0.494,0.414,0.75,0.489,0.484,0.473,0.891,0.475,0.752,0.484,0.749,0.487,0.774,0.751,0.473,0.493,0.493,0.484,0.472,0.469,0.48,0.476,0.483,0.488,0.49,0.49,0.936,0.518,0.493,0.726,0.478,0.0,0.464,0.458,0.64,0.472,0.487,0.713,0.474,0.752,0.467,0.481,0.952,1.0,0.481,0.474,0.473,0.703,0.504
0.551,0.508,0.434,0.478,0.512,0.508,0.506,0.487,0.516,0.495,0.495,0.504,0.496,0.506,0.495,0.507,0.488,0.497,0.5,0.506,0.484,0.481,0.489,0.495,0.493,0.492,0.493,0.475,0.615,0.548,0.49,0.491,0.0,0.482,0.466,0.489,0.507,0.502,0.484,0.499,0.49,0.496,0.507,0.483,0.481,1.0,0.522,0.521,0.504,0.67
0.554,0.713,0.445,0.46,0.713,0.729,0.598,0.479,0.528,0.47,0.653,0.475,0.689,0.478,0.464,0.597,0.714,0.669,0.669,0.597,0.667,0.661,0.67,0.71,0.703,0.713,0.668,0.466,0.537,0.54,0.458,0.685,0.0,0.671,0.671,0.462,0.599,0.694,0.483,0.685,0.457,0.741,0.692,0.472,0.474,0.522,1.0,0.995,0.477,0.552
0.554,0.716,0.445,0.458,0.713,0.728,0.597,0.479,0.527,0.468,0.653,0.474,0.689,0.476,0.462,0.596,0.714,0.668,0.669,0.596,0.667,0.661,0.672,0.711,0.701,0.713,0.668,0.465,0.537,0.54,0.457,0.686,0.0,0.674,0.668,0.46,0.598,0.695,0.481,0.685,0.455,0.743,0.692,0.471,0.473,0.521,0.995,1.0,0.475,0.551
0.499,0.492,0.428,0.683,0.485,0.481,0.46,0.686,0.472,0.703,0.476,0.677,0.482,0.701,0.691,0.466,0.478,0.473,0.477,0.462,0.456,0.471,0.465,0.47,0.485,0.495,0.478,0.694,0.523,0.485,0.686,0.462,0.0,0.455,0.446,0.635,0.461,0.486,0.681,0.465,0.703,0.473,0.47,0.715,0.703,0.504,0.477,0.475,1.0,0.517
0.591,0.538,0.458,0.501,0.544,0.547,0.534,0.512,0.58,0.506,0.531,0.513,0.54,0.521,0.515,0.53,0.524,0.54,0.543,0.531,0.528,0.525,0.53,0.533,0.522,0.527,0.543,0.5,0.838,0.578,0.492,0.527,0.0,0.524,0.497,0.522,0.535,0.549,0.504,0.542,0.5,0.534,0.543,0.504,0.504,0.67,0.552,0.551,0.517,1.0
