GCF_000163235.1_ASM16323v1_genomic.fna,GCF_000164555.1_ASM16455v1_genomic.fna,GCF_000208545.1_ASM20854v2_genomic.fna,GCF_000233875.1_ASM23387v1_genomic.fna,GCF_000249735.1_ASM24973v2_genomic.fna,GCF_000261145.1_Esch_coli_M919_V2_genomic.fna,GCF_000267705.2_ASM26770v2_genomic.fna,GCF_000350665.1_Esch_coli_KTE5_V1_genomic.fna,GCF_000351625.1_Esch_coli_KTE66_V1_genomic.fna,GCF_000352285.1_Esch_coli_KTE46_V1_genomic.fna,GCF_000358895.1_ASM35889v1_genomic.fna,GCF_000456385.1_Esch_coli_HVH_26_4-5703913_V1_genomic.fna,GCF_000458195.1_Esch_coli_HVH_147_4-5893887_V1_genomic.fna,GCF_000459755.1_Esch_coli_KOEGE_58_171a_V1_genomic.fna,GCF_000460055.1_Esch_coli_UMEA_3053-1_V1_genomic.fna,GCF_000462165.2_ASM46216v2_genomic.fna,GCF_000601135.1_ASM60113v1_genomic.fna,GCF_000614595.1_Ec2010EL1058_genomic.fna,GCF_000617745.1_Ec2010C-4529_genomic.fna,GCF_000618265.2_EcF6751_genomic.fna,GCF_000619005.2_Ec2009C-4052_genomic.fna,GCF_000619105.1_Ec2009C-4780_genomic.fna,GCF_000619765.2_Ec2009C-3279_genomic.fna,GCF_000687005.1_ASM68700v1_genomic.fna,GCF_000687025.1_ASM68702v1_genomic.fna,GCF_000700125.1_ASM70012v1_genomic.fna,GCF_000753315.1_FHI35_genomic.fna,GCF_000776375.1_ASM77637v1_genomic.fna,GCF_000779395.1_ASM77939v1_genomic.fna,GCF_000780315.1_ASM78031v1_genomic.fna,GCF_000781995.1_ASM78199v1_genomic.fna,GCF_000986765.1_ASM98676v1_genomic.fna,GCF_001041375.1_ViralProj287958_genomic.fna,GCF_001265335.1_302014_genomic.fna,GCF_001265625.1_100854_genomic.fna,GCF_001267345.1_303289_genomic.fna,GCF_001309985.1_ASM130998v1_genomic.fna,GCF_001521695.1_ASM152169v1_genomic.fna,GCF_001592595.1_ASM159259v1_genomic.fna,GCF_001614975.1_ASM161497v1_genomic.fna,GCF_001692775.1_ASM169277v1_genomic.fna,GCF_001748915.1_ASM174891v1_genomic.fna,GCF_001749235.1_ASM174923v1_genomic.fna,GCF_001881155.1_ASM188115v1_genomic.fna,GCF_001881345.1_ASM188134v1_genomic.fna,GCF_001892405.1_ASM189240v1_genomic.fna,GCF_001892585.1_ASM189258v1_genomic.fna,GCF_001893985.1_ASM189398v1_genomic.fna,GCF_002001595.1_ASM200159v1_genomic.fna,GCF_002002145.1_ASM200214v1_genomic.fna
1.0,0.483,0.406,0.413,0.478,0.469,0.453,0.441,0.604,0.421,0.479,0.428,0.464,0.407,0.407,0.458,0.469,0.476,0.469,0.442,0.444,0.461,0.459,0.471,0.465,0.463,0.468,0.426,0.523,0.593,0.411,0.477,0.0,0.452,0.437,0.414,0.446,0.485,0.393,0.482,0.42,0.474,0.471,0.433,0.441,0.449,0.465,0.465,0.394,0.538
0.483,1.0,0.36,0.407,0.63,0.792,0.515,0.415,0.468,0.414,0.608,0.425,0.605,0.392,0.411,0.523,0.713,0.607,0.598,0.505,0.574,0.603,0.6,0.81,0.823,0.725,0.604,0.408,0.47,0.473,0.405,0.605,0.0,0.593,0.762,0.395,0.51,0.629,0.389,0.608,0.407,0.689,0.621,0.418,0.416,0.418,0.703,0.703,0.408,0.471
0.406,0.36,1.0,0.322,0.356,0.362,0.345,0.339,0.389,0.32,0.353,0.339,0.35,0.323,0.333,0.353,0.356,0.357,0.35,0.338,0.35,0.348,0.345,0.354,0.362,0.353,0.344,0.334,0.389,0.4,0.318,0.367,0.0,0.356,0.341,0.337,0.341,0.364,0.321,0.366,0.324,0.353,0.365,0.342,0.335,0.348,0.364,0.364,0.324,0.398
0.413,0.407,0.322,1.0,0.394,0.388,0.387,0.688,0.434,0.706,0.403,0.716,0.384,0.74,0.775,0.392,0.399,0.386,0.392,0.377,0.363,0.388,0.389,0.389,0.393,0.391,0.387,0.734,0.451,0.408,0.732,0.397,0.0,0.372,0.381,0.608,0.382,0.391,0.653,0.396,0.746,0.395,0.391,0.724,0.72,0.442,0.393,0.393,0.647,0.458
0.478,0.63,0.356,0.394,1.0,0.625,0.545,0.422,0.471,0.408,0.765,0.416,0.683,0.405,0.404,0.553,0.618,0.669,0.661,0.534,0.675,0.675,0.692,0.618,0.62,0.615,0.683,0.407,0.478,0.463,0.402,0.693,0.0,0.671,0.586,0.408,0.537,0.7,0.398,0.707,0.414,0.637,0.696,0.411,0.416,0.429,0.64,0.64,0.402,0.472
0.469,0.792,0.362,0.388,0.625,1.0,0.524,0.424,0.466,0.399,0.604,0.406,0.597,0.39,0.404,0.535,0.701,0.616,0.586,0.514,0.586,0.596,0.598,0.794,0.813,0.694,0.603,0.401,0.482,0.465,0.396,0.607,0.0,0.608,0.765,0.411,0.518,0.634,0.406,0.615,0.402,0.692,0.617,0.408,0.408,0.418,0.699,0.699,0.393,0.477
0.453,0.515,0.345,0.387,0.545,0.524,1.0,0.413,0.462,0.382,0.517,0.393,0.504,0.381,0.383,0.961,0.518,0.581,0.532,0.978,0.562,0.537,0.554,0.527,0.516,0.53,0.53,0.396,0.448,0.456,0.385,0.549,0.0,0.52,0.496,0.402,0.985,0.514,0.379,0.524,0.386,0.529,0.517,0.4,0.402,0.433,0.509,0.509,0.373,0.458
0.441,0.415,0.339,0.688,0.422,0.424,0.413,1.0,0.446,0.691,0.414,0.69,0.403,0.681,0.682,0.419,0.407,0.417,0.421,0.406,0.396,0.414,0.409,0.419,0.406,0.41,0.412,0.893,0.479,0.445,0.692,0.419,0.0,0.407,0.386,0.599,0.408,0.439,0.655,0.426,0.691,0.411,0.417,0.902,0.889,0.448,0.409,0.409,0.631,0.478
0.604,0.468,0.389,0.434,0.471,0.466,0.462,0.446,1.0,0.439,0.489,0.43,0.47,0.438,0.441,0.469,0.468,0.465,0.473,0.452,0.445,0.46,0.454,0.475,0.467,0.466,0.471,0.453,0.513,0.609,0.438,0.471,0.0,0.446,0.448,0.447,0.458,0.477,0.423,0.474,0.441,0.482,0.486,0.447,0.446,0.454,0.484,0.484,0.415,0.52
0.421,0.414,0.32,0.706,0.408,0.399,0.382,0.691,0.439,1.0,0.432,0.675,0.411,0.719,0.698,0.389,0.413,0.392,0.397,0.377,0.369,0.392,0.386,0.413,0.404,0.408,0.39,0.714,0.452,0.421,0.739,0.399,0.0,0.382,0.408,0.622,0.38,0.399,0.686,0.401,0.738,0.401,0.399,0.695,0.701,0.439,0.399,0.399,0.688,0.455
0.479,0.608,0.353,0.403,0.765,0.604,0.517,0.414,0.489,0.432,1.0,0.411,0.755,0.427,0.415,0.525,0.615,0.675,0.695,0.505,0.655,0.69,0.679,0.639,0.612,0.638,0.683,0.421,0.47,0.472,0.407,0.683,0.0,0.672,0.634,0.423,0.51,0.693,0.411,0.73,0.41,0.619,0.705,0.406,0.407,0.418,0.623,0.623,0.427,0.479
0.428,0.425,0.339,0.716,0.416,0.406,0.393,0.69,0.43,0.675,0.411,1.0,0.392,0.692,0.828,0.393,0.409,0.403,0.401,0.382,0.386,0.399,0.399,0.407,0.408,0.405,0.405,0.698,0.491,0.426,0.678,0.41,0.0,0.397,0.382,0.607,0.387,0.411,0.655,0.407,0.697,0.406,0.407,0.708,0.712,0.447,0.403,0.403,0.614,0.479
0.464,0.605,0.35,0.384,0.683,0.597,0.504,0.403,0.47,0.411,0.755,0.392,1.0,0.4,0.4,0.512,0.594,0.689,0.727,0.493,0.703,0.762,0.752,0.632,0.605,0.621,0.725,0.412,0.452,0.461,0.393,0.709,0.0,0.736,0.602,0.396,0.498,0.73,0.397,0.754,0.395,0.608,0.736,0.395,0.393,0.39,0.621,0.621,0.411,0.461
0.407,0.392,0.323,0.74,0.405,0.39,0.381,0.681,0.438,0.719,0.427,0.692,0.4,1.0,0.747,0.387,0.396,0.395,0.39,0.375,0.365,0.387,0.389,0.393,0.392,0.4,0.39,0.727,0.46,0.414,0.71,0.395,0.0,0.377,0.39,0.605,0.378,0.398,0.669,0.394,0.72,0.395,0.389,0.706,0.703,0.43,0.393,0.393,0.661,0.447
0.407,0.411,0.333,0.775,0.404,0.404,0.383,0.682,0.441,0.698,0.415,0.828,0.4,0.747,1.0,0.391,0.411,0.397,0.401,0.373,0.367,0.399,0.399,0.401,0.404,0.401,0.399,0.721,0.466,0.423,0.73,0.402,0.0,0.387,0.387,0.622,0.381,0.402,0.676,0.409,0.738,0.4,0.402,0.706,0.704,0.439,0.411,0.411,0.646,0.483
0.458,0.523,0.353,0.392,0.553,0.535,0.961,0.419,0.469,0.389,0.525,0.393,0.512,0.387,0.391,1.0,0.525,0.58,0.541,0.951,0.543,0.544,0.558,0.529,0.527,0.532,0.531,0.404,0.454,0.469,0.39,0.55,0.0,0.525,0.502,0.402,0.958,0.521,0.383,0.531,0.393,0.539,0.523,0.408,0.41,0.433,0.52,0.52,0.382,0.463
0.469,0.713,0.356,0.399,0.618,0.701,0.518,0.407,0.468,0.413,0.615,0.409,0.594,0.396,0.411,0.525,1.0,0.61,0.597,0.506,0.584,0.606,0.605,0.744,0.733,0.761,0.599,0.409,0.457,0.456,0.398,0.63,0.0,0.603,0.681,0.431,0.51,0.594,0.405,0.608,0.403,0.682,0.616,0.406,0.413,0.4,0.703,0.703,0.396,0.457
0.476,0.607,0.357,0.386,0.669,0.616,0.581,0.417,0.465,0.392,0.675,0.403,0.689,0.395,0.397,0.58,0.61,1.0,0.738,0.569,0.704,0.729,0.74,0.617,0.603,0.62,0.703,0.399,0.473,0.467,0.386,0.694,0.0,0.699,0.573,0.422,0.574,0.682,0.402,0.69,0.385,0.635,0.689,0.404,0.406,0.423,0.615,0.615,0.382,0.479
0.469,0.598,0.35,0.392,0.661,0.586,0.532,0.421,0.473,0.397,0.695,0.401,0.727,0.39,0.401,0.541,0.597,0.738,1.0,0.522,0.709,0.735,0.719,0.602,0.593,0.605,0.696,0.411,0.45,0.465,0.395,0.695,0.0,0.685,0.581,0.413,0.526,0.687,0.401,0.716,0.395,0.6,0.7,0.405,0.407,0.4,0.595,0.595,0.384,0.458
0.442,0.505,0.338,0.377,0.534,0.514,0.978,0.406,0.452,0.377,0.505,0.382,0.493,0.375,0.373,0.951,0.506,0.569,0.522,1.0,0.554,0.527,0.544,0.517,0.509,0.518,0.517,0.39,0.436,0.446,0.377,0.534,0.0,0.509,0.483,0.394,0.984,0.504,0.373,0.511,0.378,0.518,0.506,0.394,0.395,0.433,0.501,0.501,0.367,0.448
0.444,0.574,0.35,0.363,0.675,0.586,0.562,0.396,0.445,0.369,0.655,0.386,0.703,0.365,0.367,0.543,0.584,0.704,0.709,0.554,1.0,0.713,0.738,0.599,0.58,0.597,0.696,0.384,0.439,0.447,0.364,0.7,0.0,0.703,0.562,0.404,0.555,0.679,0.373,0.694,0.37,0.578,0.681,0.388,0.391,0.41,0.59,0.59,0.366,0.446
0.461,0.603,0.348,0.388,0.675,0.596,0.537,0.414,0.46,0.392,0.69,0.399,0.762,0.387,0.399,0.544,0.606,0.729,0.735,0.527,0.713,1.0,0.921,0.605,0.595,0.596,0.723,0.406,0.45,0.455,0.391,0.711,0.0,0.863,0.573,0.403,0.532,0.713,0.386,0.741,0.392,0.606,0.726,0.408,0.408,0.405,0.603,0.603,0.392,0.467
0.459,0.6,0.345,0.389,0.692,0.598,0.554,0.409,0.454,0.386,0.679,0.399,0.752,0.389,0.399,0.558,0.605,0.74,0.719,0.544,0.738,0.921,1.0,0.608,0.603,0.594,0.735,0.399,0.453,0.449,0.39,0.735,0.0,0.853,0.565,0.404,0.546,0.707,0.387,0.722,0.396,0.615,0.711,0.402,0.403,0.405,0.598,0.598,0.386,0.46
0.471,0.81,0.354,0.389,0.618,0.794,0.527,0.419,0.475,0.413,0.639,0.407,0.632,0.393,0.401,0.529,0.744,0.617,0.602,0.517,0.599,0.605,0.608,1.0,0.83,0.753,0.611,0.41,0.463,0.478,0.396,0.613,0.0,0.597,0.799,0.411,0.521,0.611,0.399,0.621,0.405,0.702,0.614,0.398,0.399,0.418,0.707,0.707,0.397,0.472
0.465,0.823,0.362,0.393,0.62,0.813,0.516,0.406,0.467,0.404,0.612,0.408,0.605,0.392,0.404,0.527,0.733,0.603,0.593,0.509,0.58,0.595,0.603,0.83,1.0,0.749,0.6,0.406,0.466,0.46,0.394,0.619,0.0,0.591,0.795,0.401,0.515,0.61,0.401,0.606,0.403,0.698,0.617,0.407,0.401,0.407,0.705,0.705,0.401,0.458
0.463,0.725,0.353,0.391,0.615,0.694,0.53,0.41,0.466,0.408,0.638,0.405,0.621,0.4,0.401,0.532,0.761,0.62,0.605,0.518,0.597,0.596,0.594,0.753,0.749,1.0,0.598,0.411,0.454,0.463,0.395,0.605,0.0,0.59,0.704,0.41,0.519,0.61,0.398,0.629,0.397,0.697,0.611,0.408,0.407,0.404,0.715,0.715,0.406,0.462
0.468,0.604,0.344,0.387,0.683,0.603,0.53,0.412,0.471,0.39,0.683,0.405,0.725,0.39,0.399,0.531,0.599,0.703,0.696,0.517,0.696,0.723,0.735,0.611,0.6,0.598,1.0,0.396,0.463,0.456,0.389,0.722,0.0,0.704,0.575,0.411,0.525,0.813,0.379,0.733,0.395,0.613,0.817,0.402,0.402,0.414,0.598,0.598,0.383,0.463
0.426,0.408,0.334,0.734,0.407,0.401,0.396,0.893,0.453,0.714,0.421,0.698,0.412,0.727,0.721,0.404,0.409,0.399,0.411,0.39,0.384,0.406,0.399,0.41,0.406,0.411,0.396,1.0,0.467,0.441,0.712,0.412,0.0,0.399,0.393,0.603,0.393,0.422,0.667,0.41,0.725,0.398,0.41,0.96,0.939,0.442,0.41,0.41,0.657,0.464
0.523,0.47,0.389,0.451,0.478,0.482,0.448,0.479,0.513,0.452,0.47,0.491,0.452,0.46,0.466,0.454,0.457,0.473,0.45,0.436,0.439,0.45,0.453,0.463,0.466,0.454,0.463,0.467,1.0,0.508,0.455,0.478,0.0,0.448,0.438,0.47,0.443,0.466,0.455,0.472,0.454,0.463,0.466,0.469,0.474,0.562,0.45,0.45,0.441,0.852
0.593,0.473,0.4,0.408,0.463,0.465,0.456,0.445,0.609,0.421,0.472,0.426,0.461,0.414,0.423,0.469,0.456,0.467,0.465,0.446,0.447,0.455,0.449,0.478,0.46,0.463,0.456,0.441,0.508,1.0,0.425,0.46,0.0,0.443,0.443,0.423,0.453,0.469,0.408,0.485,0.432,0.466,0.473,0.441,0.437,0.465,0.473,0.473,0.41,0.521
0.411,0.405,0.318,0.732,0.402,0.396,0.385,0.692,0.438,0.739,0.407,0.678,0.393,0.71,0.73,0.39,0.398,0.386,0.395,0.377,0.364,0.391,0.39,0.396,0.394,0.395,0.389,0.712,0.455,0.425,1.0,0.397,0.0,0.38,0.378,0.613,0.382,0.394,0.651,0.4,0.9,0.398,0.395,0.7,0.697,0.441,0.397,0.397,0.636,0.452
0.477,0.605,0.367,0.397,0.693,0.607,0.549,0.419,0.471,0.399,0.683,0.41,0.709,0.395,0.402,0.55,0.63,0.694,0.695,0.534,0.7,0.711,0.735,0.613,0.619,0.605,0.722,0.412,0.478,0.46,0.397,1.0,0.0,0.707,0.57,0.406,0.541,0.723,0.392,0.737,0.396,0.62,0.73,0.414,0.417,0.417,0.614,0.614,0.39,0.466
0.0,0.0,0.0,0.0,0.0,0.0,0.0,0.0,0.0,0.0,0.0,0.0,0.0,0.0,0.0,0.0,0.0,0.0,0.0,0.0,0.0,0.0,0.0,0.0,0.0,0.0,0.0,0.0,0.0,0.0,0.0,0.0,1.0,0.0,0.0,0.0,0.0,0.0,0.0,0.0,0.0,0.0,0.0,0.0,0.0,0.0,0.0,0.0,0.0,0.0
0.452,0.593,0.356,0.372,0.671,0.608,0.52,0.407,0.446,0.382,0.672,0.397,0.736,0.377,0.387,0.525,0.603,0.699,0.685,0.509,0.703,0.863,0.853,0.597,0.591,0.59,0.704,0.399,0.448,0.443,0.38,0.707,0.0,1.0,0.566,0.412,0.512,0.696,0.394,0.709,0.38,0.608,0.71,0.401,0.407,0.392,0.6,0.6,0.382,0.458
0.437,0.762,0.341,0.381,0.586,0.765,0.496,0.386,0.448,0.408,0.634,0.382,0.602,0.39,0.387,0.502,0.681,0.573,0.581,0.483,0.562,0.573,0.565,0.799,0.795,0.704,0.575,0.393,0.438,0.443,0.378,0.57,0.0,0.566,1.0,0.39,0.488,0.581,0.392,0.59,0.382,0.661,0.59,0.379,0.382,0.387,0.673,0.673,0.401,0.445
0.414,0.395,0.337,0.608,0.408,0.411,0.402,0.599,0.447,0.622,0.423,0.607,0.396,0.605,0.622,0.402,0.431,0.422,0.413,0.394,0.404,0.403,0.404,0.411,0.401,0.41,0.411,0.603,0.47,0.423,0.613,0.406,0.0,0.412,0.39,1.0,0.396,0.402,0.636,0.417,0.618,0.413,0.407,0.6,0.602,0.428,0.404,0.404,0.594,0.463
0.446,0.51,0.341,0.382,0.537,0.518,0.985,0.408,0.458,0.38,0.51,0.387,0.498,0.378,0.381,0.958,0.51,0.574,0.526,0.984,0.555,0.532,0.546,0.521,0.515,0.519,0.525,0.393,0.443,0.453,0.382,0.541,0.0,0.512,0.488,0.396,1.0,0.508,0.375,0.517,0.383,0.523,0.512,0.396,0.396,0.433,0.504,0.504,0.371,0.454
0.485,0.629,0.364,0.391,0.7,0.634,0.514,0.439,0.477,0.399,0.693,0.411,0.73,0.398,0.402,0.521,0.594,0.682,0.687,0.504,0.679,0.713,0.707,0.611,0.61,0.61,0.813,0.422,0.466,0.469,0.394,0.723,0.0,0.696,0.581,0.402,0.508,1.0,0.393,0.741,0.402,0.615,0.854,0.428,0.413,0.418,0.627,0.627,0.398,0.472
0.393,0.389,0.321,0.653,0.398,0.406,0.379,0.655,0.423,0.686,0.411,0.655,0.397,0.669,0.676,0.383,0.405,0.402,0.401,0.373,0.373,0.386,0.387,0.399,0.401,0.398,0.379,0.667,0.455,0.408,0.651,0.392,0.0,0.394,0.392,0.636,0.375,0.393,1.0,0.397,0.651,0.392,0.406,0.651,0.65,0.422,0.401,0.401,0.633,0.45
0.482,0.608,0.366,0.396,0.707,0.615,0.524,0.426,0.474,0.401,0.73,0.407,0.754,0.394,0.409,0.531,0.608,0.69,0.716,0.511,0.694,0.741,0.722,0.621,0.606,0.629,0.733,0.41,0.472,0.485,0.4,0.737,0.0,0.709,0.59,0.417,0.517,0.741,0.397,1.0,0.402,0.615,0.752,0.414,0.415,0.418,0.639,0.639,0.401,0.484
0.42,0.407,0.324,0.746,0.414,0.402,0.386,0.691,0.441,0.738,0.41,0.697,0.395,0.72,0.738,0.393,0.403,0.385,0.395,0.378,0.37,0.392,0.396,0.405,0.403,0.397,0.395,0.725,0.454,0.432,0.9,0.396,0.0,0.38,0.382,0.618,0.383,0.402,0.651,0.402,1.0,0.406,0.397,0.715,0.709,0.439,0.4,0.4,0.638,0.452
0.474,0.689,0.353,0.395,0.637,0.692,0.529,0.411,0.482,0.401,0.619,0.406,0.608,0.395,0.4,0.539,0.682,0.635,0.6,0.518,0.578,0.606,0.615,0.702,0.698,0.697,0.613,0.398,0.463,0.466,0.398,0.62,0.0,0.608,0.661,0.413,0.523,0.615,0.392,0.615,0.406,1.0,0.633,0.404,0.402,0.407,0.721,0.722,0.393,0.466
0.471,0.621,0.365,0.391,0.696,0.617,0.517,0.417,0.486,0.399,0.705,0.407,0.736,0.389,0.402,0.523,0.616,0.689,0.7,0.506,0.681,0.726,0.711,0.614,0.617,0.611,0.817,0.41,0.466,0.473,0.395,0.73,0.0,0.71,0.59,0.407,0.512,0.854,0.406,0.752,0.397,0.633,1.0,0.411,0.409,0.411,0.635,0.635,0.392,0.473
0.433,0.418,0.342,0.724,0.411,0.408,0.4,0.902,0.447,0.695,0.406,0.708,0.395,0.706,0.706,0.408,0.406,0.404,0.405,0.394,0.388,0.408,0.402,0.398,0.407,0.408,0.402,0.96,0.469,0.441,0.7,0.414,0.0,0.401,0.379,0.6,0.396,0.428,0.651,0.414,0.715,0.404,0.411,1.0,0.964,0.45,0.411,0.411,0.649,0.466
0.441,0.416,0.335,0.72,0.416,0.408,0.402,0.889,0.446,0.701,0.407,0.712,0.393,0.703,0.704,0.41,0.413,0.406,0.407,0.395,0.391,0.408,0.403,0.399,0.401,0.407,0.402,0.939,0.474,0.437,0.697,0.417,0.0,0.407,0.382,0.602,0.396,0.413,0.65,0.415,0.709,0.402,0.409,0.964,1.0,0.444,0.412,0.412,0.633,0.468
0.449,0.418,0.348,0.442,0.429,0.418,0.433,0.448,0.454,0.439,0.418,0.447,0.39,0.43,0.439,0.433,0.4,0.423,0.4,0.433,0.41,0.405,0.405,0.418,0.407,0.404,0.414,0.442,0.562,0.465,0.441,0.417,0.0,0.392,0.387,0.428,0.433,0.418,0.422,0.418,0.439,0.407,0.411,0.45,0.444,1.0,0.426,0.426,0.434,0.616
0.465,0.703,0.364,0.393,0.64,0.699,0.509,0.409,0.484,0.399,0.623,0.403,0.621,0.393,0.411,0.52,0.703,0.615,0.595,0.501,0.59,0.603,0.598,0.707,0.705,0.715,0.598,0.41,0.45,0.473,0.397,0.614,0.0,0.6,0.673,0.404,0.504,0.627,0.401,0.639,0.4,0.721,0.635,0.411,0.412,0.426,1.0,0.998,0.391,0.465
0.465,0.703,0.364,0.393,0.64,0.699,0.509,0.409,0.484,0.399,0.623,0.403,0.621,0.393,0.411,0.52,0.703,0.615,0.595,0.501,0.59,0.603,0.598,0.707,0.705,0.715,0.598,0.41,0.45,0.473,0.397,0.614,0.0,0.6,0.673,0.404,0.504,0.627,0.401,0.639,0.4,0.722,0.635,0.411,0.412,0.426,0.998,1.0,0.391,0.465
0.394,0.408,0.324,0.647,0.402,0.393,0.373,0.631,0.415,0.688,0.427,0.614,0.411,0.661,0.646,0.382,0.396,0.382,0.384,0.367,0.366,0.392,0.386,0.397,0.401,0.406,0.383,0.657,0.441,0.41,0.636,0.39,0.0,0.382,0.401,0.594,0.371,0.398,0.633,0.401,0.638,0.393,0.392,0.649,0.633,0.434,0.391,0.391,1.0,0.445
0.538,0.471,0.398,0.458,0.472,0.477,0.458,0.478,0.52,0.455,0.479,0.479,0.461,0.447,0.483,0.463,0.457,0.479,0.458,0.448,0.446,0.467,0.46,0.472,0.458,0.462,0.463,0.464,0.852,0.521,0.452,0.466,0.0,0.458,0.445,0.463,0.454,0.472,0.45,0.484,0.452,0.466,0.473,0.466,0.468,0.616,0.465,0.465,0.445,1.0
