GCF_000163235.1_ASM16323v1_genomic.fna,GCF_000164555.1_ASM16455v1_genomic.fna,GCF_000208545.1_ASM20854v2_genomic.fna,GCF_000233875.1_ASM23387v1_genomic.fna,GCF_000249735.1_ASM24973v2_genomic.fna,GCF_000261145.1_Esch_coli_M919_V2_genomic.fna,GCF_000267705.2_ASM26770v2_genomic.fna,GCF_000350665.1_Esch_coli_KTE5_V1_genomic.fna,GCF_000351625.1_Esch_coli_KTE66_V1_genomic.fna,GCF_000352285.1_Esch_coli_KTE46_V1_genomic.fna,GCF_000358895.1_ASM35889v1_genomic.fna,GCF_000456385.1_Esch_coli_HVH_26_4-5703913_V1_genomic.fna,GCF_000458195.1_Esch_coli_HVH_147_4-5893887_V1_genomic.fna,GCF_000459755.1_Esch_coli_KOEGE_58_171a_V1_genomic.fna,GCF_000460055.1_Esch_coli_UMEA_3053-1_V1_genomic.fna,GCF_000462165.2_ASM46216v2_genomic.fna,GCF_000601135.1_ASM60113v1_genomic.fna,GCF_000614595.1_Ec2010EL1058_genomic.fna,GCF_000617745.1_Ec2010C-4529_genomic.fna,GCF_000618265.2_EcF6751_genomic.fna,GCF_000619005.2_Ec2009C-4052_genomic.fna,GCF_000619105.1_Ec2009C-4780_genomic.fna,GCF_000619765.2_Ec2009C-3279_genomic.fna,GCF_000687005.1_ASM68700v1_genomic.fna,GCF_000687025.1_ASM68702v1_genomic.fna,GCF_000700125.1_ASM70012v1_genomic.fna,GCF_000753315.1_FHI35_genomic.fna,GCF_000776375.1_ASM77637v1_genomic.fna,GCF_000779395.1_ASM77939v1_genomic.fna,GCF_000780315.1_ASM78031v1_genomic.fna,GCF_000781995.1_ASM78199v1_genomic.fna,GCF_000986765.1_ASM98676v1_genomic.fna,GCF_001041375.1_ViralProj287958_genomic.fna,GCF_001265335.1_302014_genomic.fna,GCF_001265625.1_100854_genomic.fna,GCF_001267345.1_303289_genomic.fna,GCF_001309985.1_ASM130998v1_genomic.fna,GCF_001521695.1_ASM152169v1_genomic.fna,GCF_001592595.1_ASM159259v1_genomic.fna,GCF_001614975.1_ASM161497v1_genomic.fna,GCF_001692775.1_ASM169277v1_genomic.fna,GCF_001748915.1_ASM174891v1_genomic.fna,GCF_001749235.1_ASM174923v1_genomic.fna,GCF_001881155.1_ASM188115v1_genomic.fna,GCF_001881345.1_ASM188134v1_genomic.fna,GCF_001892405.1_ASM189240v1_genomic.fna,GCF_001892585.1_ASM189258v1_genomic.fna,GCF_001893985.1_ASM189398v1_genomic.fna,GCF_002001595.1_ASM200159v1_genomic.fna,GCF_002002145.1_ASM200214v1_genomic.fna
1.0,0.475,0.391,0.419,0.454,0.455,0.44,0.432,0.587,0.425,0.45,0.441,0.469,0.42,0.414,0.447,0.462,0.451,0.467,0.435,0.447,0.452,0.452,0.456,0.449,0.444,0.454,0.425,0.503,0.582,0.408,0.454,0.0,0.448,0.437,0.42,0.437,0.477,0.42,0.455,0.416,0.464,0.46,0.426,0.439,0.426,0.447,0.445,0.411,0.505
0.475,1.0,0.35,0.43,0.629,0.794,0.511,0.431,0.473,0.428,0.605,0.442,0.624,0.419,0.417,0.516,0.717,0.604,0.607,0.507,0.586,0.606,0.604,0.806,0.799,0.71,0.621,0.427,0.46,0.468,0.411,0.616,0.0,0.604,0.767,0.417,0.508,0.646,0.412,0.612,0.412,0.691,0.623,0.44,0.44,0.397,0.669,0.667,0.438,0.445
0.391,0.35,1.0,0.322,0.343,0.338,0.324,0.324,0.385,0.318,0.342,0.334,0.357,0.331,0.331,0.332,0.348,0.329,0.344,0.32,0.346,0.349,0.356,0.338,0.341,0.345,0.335,0.324,0.377,0.382,0.315,0.355,0.0,0.357,0.317,0.331,0.321,0.338,0.341,0.347,0.321,0.341,0.336,0.331,0.325,0.309,0.339,0.339,0.335,0.375
0.419,0.43,0.322,1.0,0.393,0.409,0.368,0.695,0.426,0.72,0.397,0.704,0.406,0.75,0.749,0.37,0.397,0.379,0.395,0.363,0.375,0.391,0.392,0.411,0.404,0.405,0.398,0.746,0.453,0.418,0.714,0.401,0.0,0.386,0.391,0.629,0.364,0.412,0.64,0.397,0.735,0.395,0.396,0.72,0.727,0.408,0.391,0.389,0.659,0.457
0.454,0.629,0.343,0.393,1.0,0.625,0.501,0.402,0.459,0.395,0.758,0.403,0.695,0.403,0.401,0.507,0.614,0.645,0.651,0.497,0.663,0.661,0.665,0.611,0.596,0.598,0.68,0.397,0.437,0.449,0.396,0.676,0.0,0.669,0.594,0.389,0.499,0.694,0.408,0.681,0.401,0.636,0.69,0.4,0.406,0.387,0.627,0.627,0.404,0.425
0.455,0.794,0.338,0.409,0.625,1.0,0.518,0.422,0.461,0.403,0.606,0.406,0.62,0.409,0.406,0.52,0.7,0.614,0.605,0.512,0.586,0.616,0.604,0.793,0.798,0.691,0.6,0.415,0.444,0.45,0.401,0.617,0.0,0.612,0.768,0.408,0.513,0.646,0.414,0.621,0.406,0.687,0.626,0.413,0.423,0.394,0.673,0.671,0.411,0.443
0.44,0.511,0.324,0.368,0.501,0.518,1.0,0.383,0.448,0.364,0.488,0.372,0.506,0.372,0.364,0.949,0.511,0.534,0.542,0.987,0.548,0.525,0.555,0.508,0.499,0.507,0.507,0.375,0.419,0.426,0.365,0.527,0.0,0.517,0.495,0.395,0.989,0.501,0.396,0.493,0.365,0.52,0.502,0.379,0.384,0.39,0.484,0.484,0.364,0.433
0.432,0.431,0.324,0.695,0.402,0.422,0.383,1.0,0.44,0.665,0.39,0.688,0.41,0.683,0.666,0.388,0.406,0.398,0.412,0.379,0.392,0.394,0.398,0.422,0.403,0.408,0.404,0.904,0.474,0.426,0.69,0.411,0.0,0.395,0.387,0.605,0.38,0.438,0.633,0.4,0.688,0.407,0.414,0.91,0.896,0.418,0.394,0.392,0.647,0.471
0.587,0.473,0.385,0.426,0.459,0.461,0.448,0.44,1.0,0.435,0.459,0.439,0.463,0.436,0.43,0.45,0.457,0.44,0.461,0.444,0.447,0.462,0.466,0.464,0.452,0.446,0.465,0.43,0.505,0.606,0.434,0.457,0.0,0.458,0.435,0.446,0.445,0.472,0.433,0.463,0.434,0.461,0.464,0.431,0.432,0.449,0.444,0.444,0.426,0.516
0.425,0.428,0.318,0.72,0.395,0.403,0.364,0.665,0.435,1.0,0.419,0.676,0.409,0.709,0.69,0.376,0.402,0.378,0.393,0.36,0.374,0.39,0.38,0.43,0.417,0.414,0.392,0.696,0.459,0.421,0.712,0.394,0.0,0.38,0.408,0.616,0.361,0.412,0.649,0.404,0.724,0.394,0.394,0.671,0.685,0.4,0.383,0.381,0.653,0.454
0.45,0.605,0.342,0.397,0.758,0.606,0.488,0.39,0.459,0.419,1.0,0.392,0.74,0.406,0.397,0.497,0.606,0.669,0.674,0.484,0.65,0.703,0.674,0.651,0.623,0.626,0.698,0.401,0.42,0.454,0.39,0.658,0.0,0.666,0.632,0.402,0.486,0.707,0.395,0.743,0.398,0.625,0.711,0.389,0.392,0.379,0.61,0.608,0.396,0.424
0.441,0.442,0.334,0.704,0.403,0.406,0.372,0.688,0.439,0.676,0.392,1.0,0.41,0.704,0.854,0.377,0.409,0.384,0.405,0.368,0.383,0.399,0.397,0.414,0.397,0.4,0.408,0.694,0.477,0.42,0.669,0.398,0.0,0.394,0.393,0.613,0.369,0.43,0.651,0.403,0.689,0.398,0.417,0.691,0.697,0.414,0.39,0.388,0.646,0.462
0.469,0.624,0.357,0.406,0.695,0.62,0.506,0.41,0.463,0.409,0.74,0.41,1.0,0.41,0.406,0.517,0.613,0.703,0.713,0.502,0.701,0.794,0.768,0.635,0.619,0.617,0.749,0.418,0.439,0.468,0.399,0.708,0.0,0.76,0.612,0.405,0.504,0.749,0.403,0.77,0.407,0.619,0.749,0.405,0.408,0.384,0.613,0.611,0.408,0.442
0.42,0.419,0.331,0.75,0.403,0.409,0.372,0.683,0.436,0.709,0.406,0.704,0.41,1.0,0.74,0.375,0.4,0.387,0.401,0.369,0.385,0.395,0.394,0.413,0.408,0.402,0.408,0.727,0.475,0.421,0.716,0.404,0.0,0.387,0.39,0.616,0.37,0.427,0.646,0.405,0.731,0.401,0.41,0.702,0.707,0.425,0.388,0.386,0.661,0.469
0.414,0.417,0.331,0.749,0.401,0.406,0.364,0.666,0.43,0.69,0.397,0.854,0.406,0.74,1.0,0.367,0.408,0.372,0.385,0.361,0.377,0.391,0.387,0.409,0.397,0.402,0.404,0.713,0.459,0.411,0.692,0.399,0.0,0.385,0.388,0.622,0.361,0.425,0.649,0.405,0.706,0.391,0.408,0.688,0.696,0.41,0.401,0.399,0.658,0.47
0.447,0.516,0.332,0.37,0.507,0.52,0.949,0.388,0.45,0.376,0.497,0.377,0.517,0.375,0.367,1.0,0.511,0.535,0.539,0.948,0.533,0.533,0.546,0.508,0.501,0.509,0.513,0.384,0.428,0.431,0.37,0.52,0.0,0.52,0.493,0.397,0.947,0.505,0.396,0.498,0.373,0.525,0.504,0.386,0.391,0.389,0.489,0.489,0.373,0.438
0.462,0.717,0.348,0.397,0.614,0.7,0.511,0.406,0.457,0.402,0.606,0.409,0.613,0.4,0.408,0.511,1.0,0.592,0.581,0.506,0.575,0.612,0.596,0.715,0.711,0.745,0.598,0.409,0.43,0.46,0.388,0.624,0.0,0.596,0.681,0.416,0.507,0.615,0.411,0.609,0.395,0.681,0.618,0.41,0.417,0.382,0.659,0.656,0.404,0.429
0.451,0.604,0.329,0.379,0.645,0.614,0.534,0.398,0.44,0.378,0.669,0.384,0.703,0.387,0.372,0.535,0.592,1.0,0.741,0.53,0.708,0.73,0.723,0.604,0.59,0.591,0.707,0.387,0.417,0.447,0.381,0.68,0.0,0.689,0.589,0.409,0.53,0.689,0.398,0.687,0.378,0.627,0.697,0.388,0.394,0.371,0.604,0.602,0.379,0.422
0.467,0.607,0.344,0.395,0.651,0.605,0.542,0.412,0.461,0.393,0.674,0.405,0.713,0.401,0.385,0.539,0.581,0.741,1.0,0.535,0.718,0.725,0.713,0.599,0.588,0.581,0.713,0.398,0.432,0.46,0.393,0.682,0.0,0.677,0.595,0.411,0.537,0.705,0.408,0.69,0.392,0.61,0.703,0.402,0.407,0.378,0.581,0.581,0.393,0.428
0.435,0.507,0.32,0.363,0.497,0.512,0.987,0.379,0.444,0.36,0.484,0.368,0.502,0.369,0.361,0.948,0.506,0.53,0.535,1.0,0.542,0.519,0.547,0.502,0.497,0.503,0.504,0.371,0.414,0.422,0.362,0.522,0.0,0.511,0.488,0.391,0.99,0.497,0.39,0.489,0.362,0.516,0.498,0.376,0.38,0.39,0.48,0.48,0.362,0.429
0.447,0.586,0.346,0.375,0.663,0.586,0.548,0.392,0.447,0.374,0.65,0.383,0.701,0.385,0.377,0.533,0.575,0.708,0.718,0.542,1.0,0.735,0.759,0.582,0.569,0.582,0.703,0.388,0.422,0.438,0.377,0.7,0.0,0.719,0.575,0.399,0.542,0.688,0.407,0.685,0.376,0.599,0.69,0.394,0.4,0.392,0.594,0.595,0.382,0.423
0.452,0.606,0.349,0.391,0.661,0.616,0.525,0.394,0.462,0.39,0.703,0.399,0.794,0.395,0.391,0.533,0.612,0.73,0.725,0.519,0.735,1.0,0.918,0.613,0.602,0.595,0.746,0.394,0.423,0.451,0.388,0.71,0.0,0.861,0.595,0.406,0.523,0.736,0.398,0.739,0.389,0.617,0.751,0.39,0.394,0.373,0.599,0.596,0.389,0.424
0.452,0.604,0.356,0.392,0.665,0.604,0.555,0.398,0.466,0.38,0.674,0.397,0.768,0.394,0.387,0.546,0.596,0.723,0.713,0.547,0.759,0.918,1.0,0.595,0.59,0.581,0.742,0.388,0.435,0.442,0.387,0.724,0.0,0.861,0.584,0.406,0.55,0.717,0.414,0.713,0.384,0.614,0.727,0.392,0.395,0.379,0.589,0.589,0.388,0.425
0.456,0.806,0.338,0.411,0.611,0.793,0.508,0.422,0.464,0.43,0.651,0.414,0.635,0.413,0.409,0.508,0.715,0.604,0.599,0.502,0.582,0.613,0.595,1.0,0.837,0.729,0.611,0.421,0.433,0.458,0.393,0.603,0.0,0.594,0.828,0.414,0.503,0.629,0.392,0.638,0.398,0.696,0.625,0.407,0.413,0.383,0.662,0.66,0.406,0.431
0.449,0.799,0.341,0.404,0.596,0.798,0.499,0.403,0.452,0.417,0.623,0.397,0.619,0.408,0.397,0.501,0.711,0.59,0.588,0.497,0.569,0.602,0.59,0.837,1.0,0.74,0.595,0.411,0.435,0.453,0.385,0.606,0.0,0.584,0.8,0.395,0.499,0.618,0.39,0.618,0.39,0.666,0.607,0.414,0.409,0.386,0.652,0.649,0.411,0.423
0.444,0.71,0.345,0.405,0.598,0.691,0.507,0.408,0.446,0.414,0.626,0.4,0.617,0.402,0.402,0.509,0.745,0.591,0.581,0.503,0.582,0.595,0.581,0.729,0.74,1.0,0.593,0.41,0.418,0.447,0.391,0.592,0.0,0.578,0.692,0.404,0.503,0.611,0.394,0.622,0.396,0.682,0.602,0.411,0.408,0.373,0.664,0.662,0.412,0.423
0.454,0.621,0.335,0.398,0.68,0.6,0.507,0.404,0.465,0.392,0.698,0.408,0.749,0.408,0.404,0.513,0.598,0.707,0.713,0.504,0.703,0.746,0.742,0.611,0.595,0.593,1.0,0.399,0.427,0.455,0.395,0.723,0.0,0.725,0.591,0.401,0.505,0.815,0.391,0.739,0.394,0.621,0.819,0.404,0.403,0.388,0.599,0.6,0.404,0.425
0.425,0.427,0.324,0.746,0.397,0.415,0.375,0.904,0.43,0.696,0.401,0.694,0.418,0.727,0.713,0.384,0.409,0.387,0.398,0.371,0.388,0.394,0.388,0.421,0.411,0.41,0.399,1.0,0.467,0.418,0.697,0.408,0.0,0.389,0.391,0.616,0.373,0.431,0.633,0.402,0.715,0.4,0.401,0.958,0.948,0.411,0.394,0.392,0.668,0.46
0.503,0.46,0.377,0.453,0.437,0.444,0.419,0.474,0.505,0.459,0.42,0.477,0.439,0.475,0.459,0.428,0.43,0.417,0.432,0.414,0.422,0.423,0.435,0.433,0.435,0.418,0.427,0.467,1.0,0.474,0.46,0.435,0.0,0.429,0.417,0.456,0.416,0.448,0.46,0.423,0.455,0.432,0.427,0.469,0.469,0.548,0.419,0.419,0.452,0.833
0.582,0.468,0.382,0.418,0.449,0.45,0.426,0.426,0.606,0.421,0.454,0.42,0.468,0.421,0.411,0.431,0.46,0.447,0.46,0.422,0.438,0.451,0.442,0.458,0.453,0.447,0.455,0.418,0.474,1.0,0.416,0.443,0.0,0.44,0.436,0.431,0.424,0.459,0.412,0.46,0.42,0.46,0.459,0.421,0.421,0.445,0.45,0.451,0.417,0.491
0.408,0.411,0.315,0.714,0.396,0.401,0.365,0.69,0.434,0.712,0.39,0.669,0.399,0.716,0.692,0.37,0.388,0.381,0.393,0.362,0.377,0.388,0.387,0.393,0.385,0.391,0.395,0.697,0.46,0.416,1.0,0.394,0.0,0.383,0.369,0.604,0.363,0.413,0.635,0.39,0.895,0.397,0.392,0.7,0.702,0.406,0.386,0.384,0.653,0.457
0.454,0.616,0.355,0.401,0.676,0.617,0.527,0.411,0.457,0.394,0.658,0.398,0.708,0.404,0.399,0.52,0.624,0.68,0.682,0.522,0.7,0.71,0.724,0.603,0.606,0.592,0.723,0.408,0.435,0.443,0.394,1.0,0.0,0.705,0.575,0.39,0.523,0.734,0.407,0.717,0.391,0.625,0.719,0.411,0.416,0.377,0.605,0.606,0.4,0.415
0.0,0.0,0.0,0.0,0.0,0.0,0.0,0.0,0.0,0.0,0.0,0.0,0.0,0.0,0.0,0.0,0.0,0.0,0.0,0.0,0.0,0.0,0.0,0.0,0.0,0.0,0.0,0.0,0.0,0.0,0.0,0.0,1.0,0.0,0.0,0.0,0.0,0.0,0.0,0.0,0.0,0.0,0.0,0.0,0.0,0.0,0.0,0.0,0.0,0.0
0.448,0.604,0.357,0.386,0.669,0.612,0.517,0.395,0.458,0.38,0.666,0.394,0.76,0.387,0.385,0.52,0.596,0.689,0.677,0.511,0.719,0.861,0.861,0.594,0.584,0.578,0.725,0.389,0.429,0.44,0.383,0.705,0.0,1.0,0.574,0.412,0.514,0.719,0.419,0.706,0.382,0.607,0.724,0.391,0.399,0.376,0.589,0.589,0.383,0.429
0.437,0.767,0.317,0.391,0.594,0.768,0.495,0.387,0.435,0.408,0.632,0.393,0.612,0.39,0.388,0.493,0.681,0.589,0.595,0.488,0.575,0.595,0.584,0.828,0.8,0.692,0.591,0.391,0.417,0.436,0.369,0.575,0.0,0.574,1.0,0.392,0.491,0.596,0.385,0.622,0.374,0.666,0.604,0.381,0.391,0.366,0.639,0.636,0.383,0.411
0.42,0.417,0.331,0.629,0.389,0.408,0.395,0.605,0.446,0.616,0.402,0.613,0.405,0.616,0.622,0.397,0.416,0.409,0.411,0.391,0.399,0.406,0.406,0.414,0.395,0.404,0.401,0.616,0.456,0.431,0.604,0.39,0.0,0.412,0.392,1.0,0.391,0.4,0.629,0.405,0.615,0.408,0.405,0.607,0.614,0.399,0.392,0.391,0.594,0.466
0.437,0.508,0.321,0.364,0.499,0.513,0.989,0.38,0.445,0.361,0.486,0.369,0.504,0.37,0.361,0.947,0.507,0.53,0.537,0.99,0.542,0.523,0.55,0.503,0.499,0.503,0.505,0.373,0.416,0.424,0.363,0.523,0.0,0.514,0.491,0.391,1.0,0.498,0.392,0.491,0.363,0.517,0.499,0.377,0.38,0.389,0.482,0.482,0.362,0.429
0.477,0.646,0.338,0.412,0.694,0.646,0.501,0.438,0.472,0.412,0.707,0.43,0.749,0.427,0.425,0.505,0.615,0.689,0.705,0.497,0.688,0.736,0.717,0.629,0.618,0.611,0.815,0.431,0.448,0.459,0.413,0.734,0.0,0.719,0.596,0.4,0.498,1.0,0.407,0.751,0.419,0.64,0.848,0.433,0.427,0.394,0.631,0.63,0.414,0.435
0.42,0.412,0.341,0.64,0.408,0.414,0.396,0.633,0.433,0.649,0.395,0.651,0.403,0.646,0.649,0.396,0.411,0.398,0.408,0.39,0.407,0.398,0.414,0.392,0.39,0.394,0.391,0.633,0.46,0.412,0.635,0.407,0.0,0.419,0.385,0.629,0.392,0.407,1.0,0.4,0.636,0.399,0.398,0.642,0.65,0.405,0.388,0.388,0.612,0.454
0.455,0.612,0.347,0.397,0.681,0.621,0.493,0.4,0.463,0.404,0.743,0.403,0.77,0.405,0.405,0.498,0.609,0.687,0.69,0.489,0.685,0.739,0.713,0.638,0.618,0.622,0.739,0.402,0.423,0.46,0.39,0.717,0.0,0.706,0.622,0.405,0.491,0.751,0.4,1.0,0.395,0.616,0.746,0.394,0.399,0.392,0.623,0.622,0.394,0.435
0.416,0.412,0.321,0.735,0.401,0.406,0.365,0.688,0.434,0.724,0.398,0.689,0.407,0.731,0.706,0.373,0.395,0.378,0.392,0.362,0.376,0.389,0.384,0.398,0.39,0.396,0.394,0.715,0.455,0.42,0.895,0.391,0.0,0.382,0.374,0.615,0.363,0.419,0.636,0.395,1.0,0.395,0.395,0.706,0.71,0.405,0.385,0.383,0.666,0.459
0.464,0.691,0.341,0.395,0.636,0.687,0.52,0.407,0.461,0.394,0.625,0.398,0.619,0.401,0.391,0.525,0.681,0.627,0.61,0.516,0.599,0.617,0.614,0.696,0.666,0.682,0.621,0.4,0.432,0.46,0.397,0.625,0.0,0.607,0.666,0.408,0.517,0.64,0.399,0.616,0.395,1.0,0.652,0.404,0.41,0.383,0.713,0.714,0.39,0.427
0.46,0.623,0.336,0.396,0.69,0.626,0.502,0.414,0.464,0.394,0.711,0.417,0.749,0.41,0.408,0.504,0.618,0.697,0.703,0.498,0.69,0.751,0.727,0.625,0.607,0.602,0.819,0.401,0.427,0.459,0.392,0.719,0.0,0.724,0.604,0.405,0.499,0.848,0.398,0.746,0.395,0.652,1.0,0.4,0.407,0.387,0.613,0.611,0.396,0.424
0.426,0.44,0.331,0.72,0.4,0.413,0.379,0.91,0.431,0.671,0.389,0.691,0.405,0.702,0.688,0.386,0.41,0.388,0.402,0.376,0.394,0.39,0.392,0.407,0.414,0.411,0.404,0.958,0.469,0.421,0.7,0.411,0.0,0.391,0.381,0.607,0.377,0.433,0.642,0.394,0.706,0.404,0.4,1.0,0.965,0.419,0.398,0.397,0.67,0.462
0.439,0.44,0.325,0.727,0.406,0.423,0.384,0.896,0.432,0.685,0.392,0.697,0.408,0.707,0.696,0.391,0.417,0.394,0.407,0.38,0.4,0.394,0.395,0.413,0.409,0.408,0.403,0.948,0.469,0.421,0.702,0.416,0.0,0.399,0.391,0.614,0.38,0.427,0.65,0.399,0.71,0.41,0.407,0.965,1.0,0.415,0.405,0.403,0.665,0.461
0.426,0.397,0.309,0.408,0.387,0.394,0.39,0.418,0.449,0.4,0.379,0.414,0.384,0.425,0.41,0.389,0.382,0.371,0.378,0.39,0.392,0.373,0.379,0.383,0.386,0.373,0.388,0.411,0.548,0.445,0.406,0.377,0.0,0.376,0.366,0.399,0.389,0.394,0.405,0.392,0.405,0.383,0.387,0.419,0.415,1.0,0.406,0.406,0.406,0.605
0.447,0.669,0.339,0.391,0.627,0.673,0.484,0.394,0.444,0.383,0.61,0.39,0.613,0.388,0.401,0.489,0.659,0.604,0.581,0.48,0.594,0.599,0.589,0.662,0.652,0.664,0.599,0.394,0.419,0.45,0.386,0.605,0.0,0.589,0.639,0.392,0.482,0.631,0.388,0.623,0.385,0.713,0.613,0.398,0.405,0.406,1.0,0.995,0.385,0.436
0.445,0.667,0.339,0.389,0.627,0.671,0.484,0.392,0.444,0.381,0.608,0.388,0.611,0.386,0.399,0.489,0.656,0.602,0.581,0.48,0.595,0.596,0.589,0.66,0.649,0.662,0.6,0.392,0.419,0.451,0.384,0.606,0.0,0.589,0.636,0.391,0.482,0.63,0.388,0.622,0.383,0.714,0.611,0.397,0.403,0.406,0.995,1.0,0.383,0.436
0.411,0.438,0.335,0.659,0.404,0.411,0.364,0.647,0.426,0.653,0.396,0.646,0.408,0.661,0.658,0.373,0.404,0.379,0.393,0.362,0.382,0.389,0.388,0.406,0.411,0.412,0.404,0.668,0.452,0.417,0.653,0.4,0.0,0.383,0.383,0.594,0.362,0.414,0.612,0.394,0.666,0.39,0.396,0.67,0.665,0.406,0.385,0.383,1.0,0.451
0.505,0.445,0.375,0.457,0.425,0.443,0.433,0.471,0.516,0.454,0.424,0.462,0.442,0.469,0.47,0.438,0.429,0.422,0.428,0.429,0.423,0.424,0.425,0.431,0.423,0.423,0.425,0.46,0.833,0.491,0.457,0.415,0.0,0.429,0.411,0.466,0.429,0.435,0.454,0.435,0.459,0.427,0.424,0.462,0.461,0.605,0.436,0.436,0.451,1.0
