GCF_000163235.1_ASM16323v1_genomic.fna,GCF_000164555.1_ASM16455v1_genomic.fna,GCF_000208545.1_ASM20854v2_genomic.fna,GCF_000233875.1_ASM23387v1_genomic.fna,GCF_000249735.1_ASM24973v2_genomic.fna,GCF_000261145.1_Esch_coli_M919_V2_genomic.fna,GCF_000267705.2_ASM26770v2_genomic.fna,GCF_000350665.1_Esch_coli_KTE5_V1_genomic.fna,GCF_000351625.1_Esch_coli_KTE66_V1_genomic.fna,GCF_000352285.1_Esch_coli_KTE46_V1_genomic.fna,GCF_000358895.1_ASM35889v1_genomic.fna,GCF_000456385.1_Esch_coli_HVH_26_4-5703913_V1_genomic.fna,GCF_000458195.1_Esch_coli_HVH_147_4-5893887_V1_genomic.fna,GCF_000459755.1_Esch_coli_KOEGE_58_171a_V1_genomic.fna,GCF_000460055.1_Esch_coli_UMEA_3053-1_V1_genomic.fna,GCF_000462165.2_ASM46216v2_genomic.fna,GCF_000601135.1_ASM60113v1_genomic.fna,GCF_000614595.1_Ec2010EL1058_genomic.fna,GCF_000617745.1_Ec2010C-4529_genomic.fna,GCF_000618265.2_EcF6751_genomic.fna,GCF_000619005.2_Ec2009C-4052_genomic.fna,GCF_000619105.1_Ec2009C-4780_genomic.fna,GCF_000619765.2_Ec2009C-3279_genomic.fna,GCF_000687005.1_ASM68700v1_genomic.fna,GCF_000687025.1_ASM68702v1_genomic.fna,GCF_000700125.1_ASM70012v1_genomic.fna,GCF_000753315.1_FHI35_genomic.fna,GCF_000776375.1_ASM77637v1_genomic.fna,GCF_000779395.1_ASM77939v1_genomic.fna,GCF_000780315.1_ASM78031v1_genomic.fna,GCF_000781995.1_ASM78199v1_genomic.fna,GCF_000986765.1_ASM98676v1_genomic.fna,GCF_001041375.1_ViralProj287958_genomic.fna,GCF_001265335.1_302014_genomic.fna,GCF_001265625.1_100854_genomic.fna,GCF_001267345.1_303289_genomic.fna,GCF_001309985.1_ASM130998v1_genomic.fna,GCF_001521695.1_ASM152169v1_genomic.fna,GCF_001592595.1_ASM159259v1_genomic.fna,GCF_001614975.1_ASM161497v1_genomic.fna,GCF_001692775.1_ASM169277v1_genomic.fna,GCF_001748915.1_ASM174891v1_genomic.fna,GCF_001749235.1_ASM174923v1_genomic.fna,GCF_001881155.1_ASM188115v1_genomic.fna,GCF_001881345.1_ASM188134v1_genomic.fna,GCF_001892405.1_ASM189240v1_genomic.fna,GCF_001892585.1_ASM189258v1_genomic.fna,GCF_001893985.1_ASM189398v1_genomic.fna,GCF_002001595.1_ASM200159v1_genomic.fna,GCF_002002145.1_ASM200214v1_genomic.fna
1.0,0.898,0.894,0.899,0.903,0.894,0.892,0.895,0.919,0.894,0.878,0.9,0.9,0.895,0.895,0.895,0.9,0.903,0.898,0.89,0.884,0.899,0.895,0.884,0.891,0.886,0.9,0.899,0.908,0.909,0.879,0.906,0.018,0.888,0.877,0.893,0.89,0.901,0.882,0.892,0.893,0.887,0.889,0.902,0.901,0.882,0.899,0.898,0.898,0.908
0.898,1.0,0.877,0.9,0.923,0.939,0.886,0.894,0.894,0.9,0.91,0.897,0.919,0.896,0.892,0.892,0.927,0.91,0.902,0.885,0.884,0.912,0.912,0.94,0.953,0.936,0.919,0.894,0.89,0.903,0.877,0.912,0.018,0.9,0.936,0.883,0.887,0.929,0.875,0.926,0.886,0.931,0.922,0.893,0.891,0.872,0.936,0.938,0.9,0.889
0.894,0.877,1.0,0.88,0.877,0.875,0.891,0.888,0.888,0.879,0.856,0.886,0.875,0.88,0.889,0.892,0.875,0.88,0.877,0.889,0.879,0.88,0.886,0.861,0.87,0.865,0.876,0.883,0.897,0.88,0.879,0.888,0.017,0.887,0.851,0.884,0.888,0.879,0.886,0.872,0.881,0.87,0.864,0.888,0.892,0.883,0.878,0.878,0.882,0.9
0.899,0.9,0.88,1.0,0.895,0.898,0.875,0.947,0.903,0.944,0.865,0.943,0.891,0.95,0.954,0.879,0.897,0.898,0.893,0.873,0.878,0.898,0.892,0.879,0.892,0.885,0.895,0.951,0.899,0.899,0.925,0.895,0.018,0.879,0.878,0.915,0.873,0.898,0.922,0.888,0.949,0.889,0.888,0.952,0.946,0.876,0.902,0.902,0.936,0.894
0.903,0.923,0.877,0.895,1.0,0.925,0.897,0.902,0.899,0.892,0.915,0.896,0.934,0.893,0.896,0.902,0.922,0.922,0.926,0.894,0.911,0.927,0.921,0.908,0.913,0.913,0.93,0.895,0.895,0.894,0.887,0.929,0.017,0.916,0.909,0.893,0.896,0.94,0.886,0.927,0.894,0.92,0.934,0.898,0.894,0.881,0.934,0.933,0.9,0.891
0.894,0.939,0.875,0.898,0.925,1.0,0.894,0.906,0.897,0.892,0.895,0.897,0.918,0.896,0.899,0.894,0.924,0.919,0.909,0.892,0.891,0.92,0.916,0.931,0.943,0.918,0.919,0.904,0.896,0.892,0.88,0.917,0.018,0.915,0.931,0.895,0.893,0.924,0.888,0.911,0.888,0.921,0.913,0.902,0.896,0.874,0.93,0.929,0.904,0.881
0.892,0.886,0.891,0.875,0.897,0.894,1.0,0.884,0.891,0.871,0.87,0.884,0.891,0.869,0.884,0.983,0.886,0.909,0.905,0.997,0.915,0.909,0.921,0.873,0.88,0.876,0.897,0.876,0.892,0.886,0.88,0.899,0.018,0.915,0.878,0.887,0.996,0.888,0.882,0.883,0.876,0.89,0.886,0.88,0.882,0.896,0.892,0.89,0.875,0.91
0.895,0.894,0.888,0.947,0.902,0.906,0.884,1.0,0.9,0.936,0.865,0.944,0.891,0.934,0.945,0.887,0.891,0.898,0.892,0.882,0.88,0.903,0.901,0.881,0.891,0.882,0.895,0.973,0.905,0.894,0.924,0.904,0.02,0.89,0.878,0.918,0.883,0.907,0.923,0.888,0.937,0.889,0.891,0.973,0.966,0.883,0.9,0.899,0.93,0.888
0.919,0.894,0.888,0.903,0.899,0.897,0.891,0.9,1.0,0.896,0.873,0.901,0.894,0.894,0.899,0.894,0.902,0.904,0.893,0.889,0.883,0.897,0.893,0.888,0.89,0.889,0.892,0.901,0.91,0.919,0.882,0.898,0.018,0.891,0.874,0.89,0.89,0.902,0.884,0.894,0.891,0.895,0.893,0.902,0.898,0.88,0.907,0.906,0.893,0.908
0.894,0.9,0.879,0.944,0.892,0.892,0.871,0.936,0.896,1.0,0.872,0.94,0.895,0.944,0.944,0.877,0.893,0.893,0.88,0.869,0.87,0.889,0.883,0.878,0.89,0.883,0.886,0.935,0.896,0.901,0.928,0.881,0.018,0.873,0.874,0.914,0.87,0.894,0.92,0.892,0.942,0.89,0.891,0.932,0.932,0.87,0.898,0.9,0.928,0.889
0.878,0.91,0.856,0.865,0.915,0.895,0.87,0.865,0.873,0.872,1.0,0.867,0.92,0.873,0.865,0.876,0.897,0.902,0.891,0.867,0.882,0.908,0.896,0.93,0.902,0.905,0.907,0.868,0.863,0.877,0.852,0.9,0.018,0.89,0.909,0.867,0.868,0.903,0.852,0.921,0.859,0.902,0.923,0.865,0.862,0.845,0.901,0.902,0.87,0.863
0.9,0.897,0.886,0.943,0.896,0.897,0.884,0.944,0.901,0.94,0.867,1.0,0.896,0.934,0.956,0.89,0.899,0.895,0.895,0.882,0.886,0.903,0.9,0.883,0.896,0.886,0.886,0.937,0.906,0.902,0.924,0.9,0.018,0.891,0.877,0.924,0.883,0.897,0.933,0.889,0.937,0.894,0.887,0.939,0.939,0.879,0.905,0.905,0.925,0.897
0.9,0.919,0.875,0.891,0.934,0.918,0.891,0.891,0.894,0.895,0.92,0.896,1.0,0.902,0.893,0.896,0.92,0.925,0.923,0.889,0.907,0.938,0.927,0.912,0.912,0.914,0.935,0.895,0.888,0.899,0.88,0.92,0.016,0.917,0.905,0.889,0.891,0.934,0.887,0.942,0.885,0.921,0.939,0.894,0.889,0.868,0.923,0.924,0.902,0.882
0.895,0.896,0.88,0.95,0.893,0.896,0.869,0.934,0.894,0.944,0.873,0.934,0.902,1.0,0.945,0.873,0.899,0.887,0.884,0.866,0.87,0.894,0.884,0.879,0.896,0.89,0.889,0.942,0.898,0.899,0.919,0.888,0.019,0.881,0.884,0.912,0.866,0.897,0.919,0.891,0.938,0.898,0.894,0.94,0.938,0.872,0.897,0.898,0.938,0.887
0.895,0.892,0.889,0.954,0.896,0.899,0.884,0.945,0.899,0.944,0.865,0.956,0.893,0.945,1.0,0.887,0.893,0.896,0.886,0.882,0.88,0.9,0.897,0.876,0.89,0.883,0.885,0.941,0.907,0.894,0.932,0.895,0.018,0.888,0.875,0.93,0.883,0.897,0.937,0.881,0.95,0.886,0.886,0.943,0.942,0.88,0.893,0.893,0.933,0.898
0.895,0.892,0.892,0.879,0.902,0.894,0.983,0.887,0.894,0.877,0.876,0.89,0.896,0.873,0.887,1.0,0.893,0.912,0.91,0.981,0.91,0.91,0.921,0.879,0.883,0.884,0.899,0.88,0.895,0.89,0.882,0.903,0.018,0.913,0.878,0.893,0.984,0.897,0.886,0.887,0.882,0.894,0.892,0.884,0.888,0.886,0.896,0.894,0.878,0.901
0.9,0.927,0.875,0.897,0.922,0.924,0.886,0.891,0.902,0.893,0.897,0.899,0.92,0.899,0.893,0.893,1.0,0.915,0.909,0.885,0.896,0.919,0.912,0.921,0.927,0.926,0.912,0.893,0.891,0.893,0.877,0.923,0.018,0.914,0.911,0.896,0.888,0.912,0.889,0.917,0.888,0.923,0.914,0.893,0.891,0.874,0.927,0.927,0.898,0.891
0.903,0.91,0.88,0.898,0.922,0.919,0.909,0.898,0.904,0.893,0.902,0.895,0.925,0.887,0.896,0.912,0.915,1.0,0.942,0.908,0.922,0.942,0.939,0.904,0.904,0.906,0.931,0.898,0.892,0.895,0.876,0.924,0.018,0.923,0.901,0.898,0.909,0.924,0.886,0.922,0.886,0.915,0.921,0.897,0.892,0.875,0.919,0.919,0.903,0.895
0.898,0.902,0.877,0.893,0.926,0.909,0.905,0.892,0.893,0.88,0.891,0.895,0.923,0.884,0.886,0.91,0.909,0.942,1.0,0.903,0.923,0.941,0.936,0.892,0.897,0.9,0.924,0.888,0.889,0.896,0.876,0.918,0.018,0.919,0.898,0.896,0.905,0.921,0.889,0.916,0.885,0.909,0.919,0.891,0.889,0.866,0.91,0.909,0.893,0.884
0.89,0.885,0.889,0.873,0.894,0.892,0.997,0.882,0.889,0.869,0.867,0.882,0.889,0.866,0.882,0.981,0.885,0.908,0.903,1.0,0.914,0.907,0.919,0.871,0.878,0.875,0.895,0.875,0.889,0.883,0.879,0.897,0.018,0.913,0.875,0.886,0.996,0.886,0.88,0.88,0.875,0.887,0.884,0.879,0.881,0.897,0.889,0.887,0.873,0.907
0.884,0.884,0.879,0.878,0.911,0.891,0.915,0.88,0.883,0.87,0.882,0.886,0.907,0.87,0.88,0.91,0.896,0.922,0.923,0.914,1.0,0.924,0.934,0.876,0.88,0.883,0.907,0.878,0.886,0.886,0.887,0.915,0.017,0.929,0.879,0.893,0.916,0.903,0.886,0.904,0.876,0.882,0.903,0.881,0.883,0.892,0.895,0.895,0.878,0.905
0.899,0.912,0.88,0.898,0.927,0.92,0.909,0.903,0.897,0.889,0.908,0.903,0.938,0.894,0.9,0.91,0.919,0.942,0.941,0.907,0.924,1.0,0.974,0.902,0.905,0.906,0.933,0.897,0.89,0.895,0.885,0.927,0.017,0.944,0.901,0.9,0.908,0.929,0.891,0.924,0.892,0.91,0.929,0.903,0.898,0.873,0.917,0.917,0.9,0.889
0.895,0.912,0.886,0.892,0.921,0.916,0.921,0.901,0.893,0.883,0.896,0.9,0.927,0.884,0.897,0.921,0.912,0.939,0.936,0.919,0.934,0.974,1.0,0.9,0.904,0.899,0.935,0.893,0.897,0.888,0.891,0.927,0.017,0.953,0.9,0.904,0.92,0.926,0.898,0.92,0.896,0.903,0.924,0.899,0.902,0.882,0.913,0.913,0.892,0.895
0.884,0.94,0.861,0.879,0.908,0.931,0.873,0.881,0.888,0.878,0.93,0.883,0.912,0.879,0.876,0.879,0.921,0.904,0.892,0.871,0.876,0.902,0.9,1.0,0.936,0.925,0.906,0.884,0.878,0.886,0.854,0.903,0.019,0.893,0.947,0.874,0.872,0.906,0.866,0.908,0.87,0.924,0.918,0.881,0.875,0.861,0.914,0.915,0.884,0.874
0.891,0.953,0.87,0.892,0.913,0.943,0.88,0.891,0.89,0.89,0.902,0.896,0.912,0.896,0.89,0.883,0.927,0.904,0.897,0.878,0.88,0.905,0.904,0.936,1.0,0.939,0.908,0.89,0.881,0.895,0.87,0.913,0.019,0.902,0.935,0.885,0.878,0.915,0.877,0.916,0.885,0.924,0.918,0.89,0.885,0.873,0.926,0.927,0.894,0.878
0.886,0.936,0.865,0.885,0.913,0.918,0.876,0.882,0.889,0.883,0.905,0.886,0.914,0.89,0.883,0.884,0.926,0.906,0.9,0.875,0.883,0.906,0.899,0.925,0.939,1.0,0.905,0.885,0.879,0.896,0.872,0.906,0.019,0.899,0.915,0.876,0.877,0.913,0.871,0.919,0.881,0.934,0.919,0.887,0.881,0.862,0.916,0.918,0.889,0.87
0.9,0.919,0.876,0.895,0.93,0.919,0.897,0.895,0.892,0.886,0.907,0.886,0.935,0.889,0.885,0.899,0.912,0.931,0.924,0.895,0.907,0.933,0.935,0.906,0.908,0.905,1.0,0.894,0.888,0.893,0.873,0.928,0.018,0.914,0.901,0.884,0.897,0.944,0.876,0.932,0.88,0.914,0.941,0.894,0.889,0.867,0.916,0.917,0.889,0.883
0.899,0.894,0.883,0.951,0.895,0.904,0.876,0.973,0.901,0.935,0.868,0.937,0.895,0.942,0.941,0.88,0.893,0.898,0.888,0.875,0.878,0.897,0.893,0.884,0.89,0.885,0.894,1.0,0.899,0.896,0.921,0.903,0.019,0.881,0.876,0.915,0.875,0.902,0.92,0.885,0.933,0.89,0.891,0.991,0.981,0.88,0.899,0.899,0.937,0.885
0.908,0.89,0.897,0.899,0.895,0.896,0.892,0.905,0.91,0.896,0.863,0.906,0.888,0.898,0.907,0.895,0.891,0.892,0.889,0.889,0.886,0.89,0.897,0.878,0.881,0.879,0.888,0.899,1.0,0.893,0.902,0.895,0.017,0.889,0.865,0.901,0.891,0.897,0.903,0.885,0.904,0.883,0.882,0.905,0.908,0.901,0.888,0.887,0.896,0.952
0.909,0.903,0.88,0.899,0.894,0.892,0.886,0.894,0.919,0.901,0.877,0.902,0.899,0.899,0.894,0.89,0.893,0.895,0.896,0.883,0.886,0.895,0.888,0.886,0.895,0.896,0.893,0.896,0.893,1.0,0.877,0.891,0.017,0.88,0.881,0.885,0.885,0.892,0.89,0.901,0.887,0.898,0.897,0.896,0.892,0.872,0.891,0.893,0.892,0.888
0.879,0.877,0.879,0.925,0.887,0.88,0.88,0.924,0.882,0.928,0.852,0.924,0.88,0.919,0.932,0.882,0.877,0.876,0.876,0.879,0.887,0.885,0.891,0.854,0.87,0.872,0.873,0.921,0.902,0.877,1.0,0.881,0.015,0.891,0.852,0.908,0.881,0.889,0.918,0.874,0.959,0.875,0.873,0.924,0.926,0.885,0.877,0.877,0.914,0.898
0.906,0.912,0.888,0.895,0.929,0.917,0.899,0.904,0.898,0.881,0.9,0.9,0.92,0.888,0.895,0.903,0.923,0.924,0.918,0.897,0.915,0.927,0.927,0.903,0.913,0.906,0.928,0.903,0.895,0.891,0.881,1.0,0.018,0.927,0.896,0.897,0.899,0.931,0.894,0.925,0.886,0.906,0.927,0.906,0.908,0.885,0.918,0.918,0.892,0.896
0.018,0.018,0.017,0.018,0.017,0.018,0.018,0.02,0.018,0.018,0.018,0.018,0.016,0.019,0.018,0.018,0.018,0.018,0.018,0.018,0.017,0.017,0.017,0.019,0.019,0.019,0.018,0.019,0.017,0.017,0.015,0.018,1.0,0.016,0.018,0.021,0.018,0.019,0.017,0.018,0.018,0.019,0.017,0.019,0.019,0.015,0.019,0.019,0.019,0.016
0.888,0.9,0.887,0.879,0.916,0.915,0.915,0.89,0.891,0.873,0.89,0.891,0.917,0.881,0.888,0.913,0.914,0.923,0.919,0.913,0.929,0.944,0.953,0.893,0.902,0.899,0.914,0.881,0.889,0.88,0.891,0.927,0.016,1.0,0.897,0.898,0.915,0.917,0.889,0.911,0.882,0.896,0.912,0.883,0.888,0.887,0.909,0.908,0.878,0.896
0.877,0.936,0.851,0.878,0.909,0.931,0.878,0.878,0.874,0.874,0.909,0.877,0.905,0.884,0.875,0.878,0.911,0.901,0.898,0.875,0.879,0.901,0.9,0.947,0.935,0.915,0.901,0.876,0.865,0.881,0.852,0.896,0.018,0.897,1.0,0.873,0.876,0.901,0.872,0.905,0.864,0.923,0.913,0.873,0.869,0.858,0.913,0.914,0.88,0.862
0.893,0.883,0.884,0.915,0.893,0.895,0.887,0.918,0.89,0.914,0.867,0.924,0.889,0.912,0.93,0.893,0.896,0.898,0.896,0.886,0.893,0.9,0.904,0.874,0.885,0.876,0.884,0.915,0.901,0.885,0.908,0.897,0.021,0.898,0.873,1.0,0.888,0.885,0.931,0.881,0.919,0.885,0.88,0.916,0.921,0.884,0.895,0.894,0.916,0.894
0.89,0.887,0.888,0.873,0.896,0.893,0.996,0.883,0.89,0.87,0.868,0.883,0.891,0.866,0.883,0.984,0.888,0.909,0.905,0.996,0.916,0.908,0.92,0.872,0.878,0.877,0.897,0.875,0.891,0.885,0.881,0.899,0.018,0.915,0.876,0.888,1.0,0.889,0.882,0.884,0.876,0.888,0.887,0.879,0.881,0.895,0.891,0.889,0.874,0.908
0.901,0.929,0.879,0.898,0.94,0.924,0.888,0.907,0.902,0.894,0.903,0.897,0.934,0.897,0.897,0.897,0.912,0.924,0.921,0.886,0.903,0.929,0.926,0.906,0.915,0.913,0.944,0.902,0.897,0.892,0.889,0.931,0.019,0.917,0.901,0.885,0.889,1.0,0.882,0.934,0.894,0.918,0.945,0.903,0.897,0.879,0.928,0.927,0.897,0.891
0.882,0.875,0.886,0.922,0.886,0.888,0.882,0.923,0.884,0.92,0.852,0.933,0.887,0.919,0.937,0.886,0.889,0.886,0.889,0.88,0.886,0.891,0.898,0.866,0.877,0.871,0.876,0.92,0.903,0.89,0.918,0.894,0.017,0.889,0.872,0.931,0.882,0.882,1.0,0.877,0.921,0.88,0.877,0.924,0.928,0.878,0.885,0.884,0.923,0.89
0.892,0.926,0.872,0.888,0.927,0.911,0.883,0.888,0.894,0.892,0.921,0.889,0.942,0.891,0.881,0.887,0.917,0.922,0.916,0.88,0.904,0.924,0.92,0.908,0.916,0.919,0.932,0.885,0.885,0.901,0.874,0.925,0.018,0.911,0.905,0.881,0.884,0.934,0.877,1.0,0.876,0.923,0.943,0.882,0.88,0.869,0.92,0.922,0.89,0.881
0.893,0.886,0.881,0.949,0.894,0.888,0.876,0.937,0.891,0.942,0.859,0.937,0.885,0.938,0.95,0.882,0.888,0.886,0.885,0.875,0.876,0.892,0.896,0.87,0.885,0.881,0.88,0.933,0.904,0.887,0.959,0.886,0.018,0.882,0.864,0.919,0.876,0.894,0.921,0.876,1.0,0.879,0.88,0.938,0.939,0.879,0.887,0.886,0.926,0.896
0.887,0.931,0.87,0.889,0.92,0.921,0.89,0.889,0.895,0.89,0.902,0.894,0.921,0.898,0.886,0.894,0.923,0.915,0.909,0.887,0.882,0.91,0.903,0.924,0.924,0.934,0.914,0.89,0.883,0.898,0.875,0.906,0.019,0.896,0.923,0.885,0.888,0.918,0.88,0.923,0.879,1.0,0.931,0.888,0.886,0.866,0.928,0.93,0.893,0.878
0.889,0.922,0.864,0.888,0.934,0.913,0.886,0.891,0.893,0.891,0.923,0.887,0.939,0.894,0.886,0.892,0.914,0.921,0.919,0.884,0.903,0.929,0.924,0.918,0.918,0.919,0.941,0.891,0.882,0.897,0.873,0.927,0.017,0.912,0.913,0.88,0.887,0.945,0.877,0.943,0.88,0.931,1.0,0.888,0.884,0.862,0.92,0.921,0.889,0.878
0.902,0.893,0.888,0.952,0.898,0.902,0.88,0.973,0.902,0.932,0.865,0.939,0.894,0.94,0.943,0.884,0.893,0.897,0.891,0.879,0.881,0.903,0.899,0.881,0.89,0.887,0.894,0.991,0.905,0.896,0.924,0.906,0.019,0.883,0.873,0.916,0.879,0.903,0.924,0.882,0.938,0.888,0.888,1.0,0.986,0.884,0.898,0.898,0.938,0.889
0.901,0.891,0.892,0.946,0.894,0.896,0.882,0.966,0.898,0.932,0.862,0.939,0.889,0.938,0.942,0.888,0.891,0.892,0.889,0.881,0.883,0.898,0.902,0.875,0.885,0.881,0.889,0.981,0.908,0.892,0.926,0.908,0.019,0.888,0.869,0.921,0.881,0.897,0.928,0.88,0.939,0.886,0.884,0.986,1.0,0.886,0.895,0.895,0.929,0.893
0.882,0.872,0.883,0.876,0.881,0.874,0.896,0.883,0.88,0.87,0.845,0.879,0.868,0.872,0.88,0.886,0.874,0.875,0.866,0.897,0.892,0.873,0.882,0.861,0.873,0.862,0.867,0.88,0.901,0.872,0.885,0.885,0.015,0.887,0.858,0.884,0.895,0.879,0.878,0.869,0.879,0.866,0.862,0.884,0.886,1.0,0.89,0.89,0.882,0.928
0.899,0.936,0.878,0.902,0.934,0.93,0.892,0.9,0.907,0.898,0.901,0.905,0.923,0.897,0.893,0.896,0.927,0.919,0.91,0.889,0.895,0.917,0.913,0.914,0.926,0.916,0.916,0.899,0.888,0.891,0.877,0.918,0.019,0.909,0.913,0.895,0.891,0.928,0.885,0.92,0.887,0.928,0.92,0.898,0.895,0.89,1.0,0.998,0.908,0.892
0.898,0.938,0.878,0.902,0.933,0.929,0.89,0.899,0.906,0.9,0.902,0.905,0.924,0.898,0.893,0.894,0.927,0.919,0.909,0.887,0.895,0.917,0.913,0.915,0.927,0.918,0.917,0.899,0.887,0.893,0.877,0.918,0.019,0.908,0.914,0.894,0.889,0.927,0.884,0.922,0.886,0.93,0.921,0.898,0.895,0.89,0.998,1.0,0.908,0.891
0.898,0.9,0.882,0.936,0.9,0.904,0.875,0.93,0.893,0.928,0.87,0.925,0.902,0.938,0.933,0.878,0.898,0.903,0.893,0.873,0.878,0.9,0.892,0.884,0.894,0.889,0.889,0.937,0.896,0.892,0.914,0.892,0.019,0.878,0.88,0.916,0.874,0.897,0.923,0.89,0.926,0.893,0.889,0.938,0.929,0.882,0.908,0.908,1.0,0.888
0.908,0.889,0.9,0.894,0.891,0.881,0.91,0.888,0.908,0.889,0.863,0.897,0.882,0.887,0.898,0.901,0.891,0.895,0.884,0.907,0.905,0.889,0.895,0.874,0.878,0.87,0.883,0.885,0.952,0.888,0.898,0.896,0.016,0.896,0.862,0.894,0.908,0.891,0.89,0.881,0.896,0.878,0.878,0.889,0.893,0.928,0.892,0.891,0.888,1.0
