GCF_000163235.1_ASM16323v1_genomic.fna,GCF_000164555.1_ASM16455v1_genomic.fna,GCF_000208545.1_ASM20854v2_genomic.fna,GCF_000233875.1_ASM23387v1_genomic.fna,GCF_000249735.1_ASM24973v2_genomic.fna,GCF_000261145.1_Esch_coli_M919_V2_genomic.fna,GCF_000267705.2_ASM26770v2_genomic.fna,GCF_000350665.1_Esch_coli_KTE5_V1_genomic.fna,GCF_000351625.1_Esch_coli_KTE66_V1_genomic.fna,GCF_000352285.1_Esch_coli_KTE46_V1_genomic.fna,GCF_000358895.1_ASM35889v1_genomic.fna,GCF_000456385.1_Esch_coli_HVH_26_4-5703913_V1_genomic.fna,GCF_000458195.1_Esch_coli_HVH_147_4-5893887_V1_genomic.fna,GCF_000459755.1_Esch_coli_KOEGE_58_171a_V1_genomic.fna,GCF_000460055.1_Esch_coli_UMEA_3053-1_V1_genomic.fna,GCF_000462165.2_ASM46216v2_genomic.fna,GCF_000601135.1_ASM60113v1_genomic.fna,GCF_000614595.1_Ec2010EL1058_genomic.fna,GCF_000617745.1_Ec2010C-4529_genomic.fna,GCF_000618265.2_EcF6751_genomic.fna,GCF_000619005.2_Ec2009C-4052_genomic.fna,GCF_000619105.1_Ec2009C-4780_genomic.fna,GCF_000619765.2_Ec2009C-3279_genomic.fna,GCF_000687005.1_ASM68700v1_genomic.fna,GCF_000687025.1_ASM68702v1_genomic.fna,GCF_000700125.1_ASM70012v1_genomic.fna,GCF_000753315.1_FHI35_genomic.fna,GCF_000776375.1_ASM77637v1_genomic.fna,GCF_000779395.1_ASM77939v1_genomic.fna,GCF_000780315.1_ASM78031v1_genomic.fna,GCF_000781995.1_ASM78199v1_genomic.fna,GCF_000986765.1_ASM98676v1_genomic.fna,GCF_001041375.1_ViralProj287958_genomic.fna,GCF_001265335.1_302014_genomic.fna,GCF_001265625.1_100854_genomic.fna,GCF_001267345.1_303289_genomic.fna,GCF_001309985.1_ASM130998v1_genomic.fna,GCF_001521695.1_ASM152169v1_genomic.fna,GCF_001592595.1_ASM159259v1_genomic.fna,GCF_001614975.1_ASM161497v1_genomic.fna,GCF_001692775.1_ASM169277v1_genomic.fna,GCF_001748915.1_ASM174891v1_genomic.fna,GCF_001749235.1_ASM174923v1_genomic.fna,GCF_001881155.1_ASM188115v1_genomic.fna,GCF_001881345.1_ASM188134v1_genomic.fna,GCF_001892405.1_ASM189240v1_genomic.fna,GCF_001892585.1_ASM189258v1_genomic.fna,GCF_001893985.1_ASM189398v1_genomic.fna,GCF_002001595.1_ASM200159v1_genomic.fna,GCF_002002145.1_ASM200214v1_genomic.fna
1.0,0.9,0.899,0.881,0.906,0.899,0.9,0.886,0.914,0.87,0.874,0.883,0.892,0.874,0.872,0.899,0.902,0.906,0.899,0.896,0.9,0.899,0.906,0.88,0.893,0.898,0.896,0.879,0.895,0.917,0.875,0.905,0.019,0.894,0.874,0.891,0.897,0.908,0.884,0.896,0.871,0.902,0.895,0.881,0.886,0.884,0.9,0.9,0.886,0.905
0.9,1.0,0.891,0.875,0.93,0.943,0.913,0.885,0.894,0.86,0.897,0.881,0.916,0.873,0.874,0.913,0.935,0.921,0.923,0.907,0.913,0.92,0.928,0.935,0.942,0.931,0.913,0.874,0.891,0.903,0.873,0.923,0.018,0.923,0.925,0.879,0.909,0.926,0.881,0.918,0.877,0.93,0.92,0.882,0.885,0.882,0.931,0.931,0.884,0.898
0.899,0.891,1.0,0.853,0.891,0.884,0.9,0.869,0.88,0.84,0.862,0.864,0.885,0.851,0.855,0.895,0.878,0.889,0.885,0.895,0.887,0.888,0.893,0.868,0.873,0.873,0.874,0.858,0.879,0.893,0.851,0.88,0.017,0.884,0.857,0.864,0.897,0.888,0.859,0.876,0.852,0.883,0.879,0.862,0.865,0.881,0.889,0.889,0.878,0.888
0.881,0.875,0.853,1.0,0.894,0.88,0.869,0.924,0.888,0.925,0.876,0.938,0.885,0.953,0.951,0.873,0.884,0.885,0.879,0.868,0.877,0.877,0.874,0.879,0.882,0.886,0.886,0.944,0.887,0.88,0.936,0.882,0.02,0.881,0.878,0.921,0.868,0.884,0.935,0.884,0.938,0.878,0.887,0.939,0.937,0.87,0.884,0.884,0.928,0.89
0.906,0.93,0.891,0.894,1.0,0.935,0.913,0.907,0.909,0.877,0.925,0.896,0.941,0.887,0.889,0.915,0.936,0.938,0.929,0.908,0.921,0.932,0.93,0.928,0.933,0.927,0.935,0.89,0.904,0.911,0.898,0.936,0.019,0.941,0.919,0.892,0.908,0.934,0.894,0.94,0.897,0.928,0.951,0.897,0.898,0.885,0.936,0.936,0.896,0.904
0.899,0.943,0.884,0.88,0.935,1.0,0.914,0.89,0.903,0.862,0.903,0.883,0.92,0.877,0.875,0.917,0.931,0.927,0.92,0.908,0.913,0.925,0.921,0.932,0.945,0.932,0.917,0.879,0.899,0.905,0.887,0.926,0.019,0.928,0.925,0.889,0.91,0.924,0.891,0.924,0.884,0.932,0.922,0.884,0.889,0.88,0.934,0.934,0.889,0.905
0.9,0.913,0.9,0.869,0.913,0.914,1.0,0.885,0.895,0.855,0.883,0.875,0.895,0.866,0.868,0.985,0.904,0.919,0.912,0.992,0.915,0.914,0.923,0.894,0.903,0.902,0.899,0.868,0.883,0.894,0.869,0.908,0.019,0.909,0.884,0.877,0.994,0.898,0.875,0.899,0.867,0.902,0.903,0.875,0.878,0.892,0.907,0.907,0.875,0.896
0.886,0.885,0.869,0.924,0.907,0.89,0.885,1.0,0.896,0.921,0.869,0.918,0.89,0.922,0.919,0.887,0.884,0.894,0.889,0.88,0.88,0.89,0.891,0.879,0.889,0.884,0.885,0.965,0.892,0.894,0.918,0.889,0.021,0.886,0.871,0.919,0.882,0.89,0.92,0.889,0.922,0.881,0.893,0.966,0.966,0.878,0.888,0.888,0.917,0.9
0.914,0.894,0.88,0.888,0.909,0.903,0.895,0.896,1.0,0.875,0.883,0.893,0.898,0.892,0.884,0.898,0.898,0.903,0.896,0.89,0.889,0.893,0.891,0.885,0.895,0.893,0.896,0.891,0.901,0.925,0.884,0.892,0.021,0.897,0.883,0.898,0.893,0.898,0.892,0.897,0.886,0.897,0.902,0.897,0.898,0.884,0.889,0.889,0.893,0.906
0.87,0.86,0.84,0.925,0.877,0.862,0.855,0.921,0.875,1.0,0.89,0.92,0.871,0.929,0.919,0.859,0.86,0.869,0.862,0.852,0.858,0.859,0.858,0.873,0.859,0.871,0.871,0.93,0.88,0.868,0.933,0.864,0.018,0.855,0.875,0.91,0.854,0.865,0.916,0.872,0.936,0.858,0.868,0.926,0.921,0.855,0.863,0.863,0.909,0.878
0.874,0.897,0.862,0.876,0.925,0.903,0.883,0.869,0.883,0.89,1.0,0.879,0.938,0.885,0.874,0.885,0.904,0.918,0.91,0.878,0.899,0.912,0.905,0.925,0.901,0.913,0.926,0.874,0.883,0.873,0.886,0.907,0.018,0.912,0.921,0.875,0.879,0.914,0.88,0.928,0.883,0.903,0.929,0.872,0.868,0.847,0.902,0.902,0.879,0.878
0.883,0.881,0.864,0.938,0.896,0.883,0.875,0.918,0.893,0.92,0.879,1.0,0.885,0.933,0.954,0.878,0.885,0.879,0.88,0.872,0.876,0.88,0.877,0.887,0.885,0.892,0.888,0.925,0.899,0.885,0.916,0.884,0.02,0.883,0.888,0.912,0.873,0.885,0.925,0.886,0.921,0.88,0.888,0.923,0.922,0.87,0.887,0.887,0.915,0.892
0.892,0.916,0.885,0.885,0.941,0.92,0.895,0.89,0.898,0.871,0.938,0.885,1.0,0.887,0.881,0.897,0.924,0.933,0.925,0.891,0.916,0.937,0.931,0.928,0.921,0.921,0.94,0.887,0.905,0.896,0.887,0.925,0.02,0.939,0.92,0.885,0.892,0.927,0.891,0.943,0.885,0.924,0.942,0.888,0.882,0.864,0.92,0.92,0.893,0.904
0.874,0.873,0.851,0.953,0.887,0.877,0.866,0.922,0.892,0.929,0.885,0.933,0.887,1.0,0.95,0.87,0.879,0.882,0.873,0.864,0.868,0.875,0.873,0.876,0.874,0.878,0.885,0.944,0.89,0.882,0.936,0.876,0.02,0.87,0.883,0.907,0.865,0.879,0.929,0.884,0.943,0.871,0.885,0.939,0.932,0.859,0.875,0.875,0.926,0.89
0.872,0.874,0.855,0.951,0.889,0.875,0.868,0.919,0.884,0.919,0.874,0.954,0.881,0.95,1.0,0.869,0.878,0.877,0.872,0.866,0.868,0.871,0.87,0.878,0.875,0.882,0.879,0.93,0.894,0.878,0.93,0.876,0.021,0.876,0.875,0.911,0.866,0.877,0.927,0.878,0.934,0.875,0.879,0.926,0.923,0.869,0.879,0.879,0.918,0.89
0.899,0.913,0.895,0.873,0.915,0.917,0.985,0.887,0.898,0.859,0.885,0.878,0.897,0.87,0.869,1.0,0.903,0.917,0.917,0.981,0.912,0.916,0.92,0.893,0.904,0.902,0.901,0.872,0.89,0.9,0.872,0.907,0.018,0.909,0.886,0.879,0.982,0.902,0.881,0.901,0.869,0.903,0.904,0.878,0.883,0.892,0.907,0.907,0.881,0.899
0.902,0.935,0.878,0.884,0.936,0.931,0.904,0.884,0.898,0.86,0.904,0.885,0.924,0.879,0.878,0.903,1.0,0.929,0.924,0.901,0.913,0.929,0.925,0.929,0.934,0.937,0.929,0.877,0.89,0.902,0.88,0.935,0.017,0.931,0.916,0.894,0.9,0.923,0.887,0.929,0.881,0.926,0.928,0.882,0.885,0.869,0.926,0.926,0.889,0.898
0.906,0.921,0.889,0.885,0.938,0.927,0.919,0.894,0.903,0.869,0.918,0.879,0.933,0.882,0.877,0.917,0.929,1.0,0.948,0.914,0.947,0.955,0.944,0.915,0.919,0.919,0.939,0.882,0.893,0.903,0.893,0.938,0.017,0.95,0.904,0.896,0.915,0.935,0.89,0.936,0.885,0.919,0.939,0.888,0.888,0.878,0.926,0.926,0.891,0.906
0.899,0.923,0.885,0.879,0.929,0.92,0.912,0.889,0.896,0.862,0.91,0.88,0.925,0.873,0.872,0.917,0.924,0.948,1.0,0.909,0.937,0.953,0.945,0.908,0.921,0.913,0.931,0.88,0.89,0.9,0.882,0.937,0.017,0.946,0.906,0.889,0.909,0.934,0.89,0.929,0.878,0.921,0.935,0.885,0.888,0.879,0.924,0.924,0.885,0.899
0.896,0.907,0.895,0.868,0.908,0.908,0.992,0.88,0.89,0.852,0.878,0.872,0.891,0.864,0.866,0.981,0.901,0.914,0.909,1.0,0.911,0.911,0.919,0.889,0.899,0.897,0.894,0.864,0.88,0.891,0.866,0.904,0.019,0.906,0.879,0.875,0.996,0.894,0.873,0.894,0.865,0.896,0.901,0.871,0.874,0.895,0.902,0.902,0.872,0.893
0.9,0.913,0.887,0.877,0.921,0.913,0.915,0.88,0.889,0.858,0.899,0.876,0.916,0.868,0.868,0.912,0.913,0.947,0.937,0.911,1.0,0.937,0.937,0.898,0.903,0.903,0.923,0.873,0.874,0.896,0.874,0.928,0.022,0.932,0.891,0.887,0.912,0.922,0.881,0.925,0.874,0.912,0.92,0.878,0.878,0.881,0.922,0.922,0.876,0.89
0.899,0.92,0.888,0.877,0.932,0.925,0.914,0.89,0.893,0.859,0.912,0.88,0.937,0.875,0.871,0.916,0.929,0.955,0.953,0.911,0.937,1.0,0.971,0.911,0.924,0.919,0.939,0.877,0.891,0.9,0.879,0.938,0.018,0.967,0.907,0.885,0.911,0.942,0.886,0.935,0.875,0.919,0.938,0.883,0.884,0.879,0.924,0.924,0.884,0.904
0.906,0.928,0.893,0.874,0.93,0.921,0.923,0.891,0.891,0.858,0.905,0.877,0.931,0.873,0.87,0.92,0.925,0.944,0.945,0.919,0.937,0.971,1.0,0.91,0.921,0.916,0.935,0.874,0.889,0.897,0.875,0.936,0.018,0.958,0.901,0.882,0.919,0.94,0.88,0.929,0.873,0.919,0.94,0.879,0.878,0.886,0.922,0.922,0.883,0.897
0.88,0.935,0.868,0.879,0.928,0.932,0.894,0.879,0.885,0.873,0.925,0.887,0.928,0.876,0.878,0.893,0.929,0.915,0.908,0.889,0.898,0.911,0.91,1.0,0.939,0.928,0.916,0.873,0.894,0.882,0.882,0.918,0.02,0.919,0.948,0.882,0.889,0.902,0.875,0.92,0.876,0.916,0.917,0.871,0.868,0.858,0.915,0.915,0.88,0.892
0.893,0.942,0.873,0.882,0.933,0.945,0.903,0.889,0.895,0.859,0.901,0.885,0.921,0.874,0.875,0.904,0.934,0.919,0.921,0.899,0.903,0.924,0.921,0.939,1.0,0.934,0.914,0.876,0.894,0.899,0.88,0.927,0.018,0.922,0.932,0.887,0.899,0.923,0.885,0.925,0.877,0.926,0.926,0.884,0.888,0.876,0.921,0.921,0.892,0.903
0.898,0.931,0.873,0.886,0.927,0.932,0.902,0.884,0.893,0.871,0.913,0.892,0.921,0.878,0.882,0.902,0.937,0.919,0.913,0.897,0.903,0.919,0.916,0.928,0.934,1.0,0.925,0.881,0.901,0.893,0.883,0.917,0.018,0.922,0.927,0.89,0.899,0.92,0.895,0.928,0.883,0.932,0.93,0.887,0.886,0.874,0.927,0.927,0.894,0.903
0.896,0.913,0.874,0.886,0.935,0.917,0.899,0.885,0.896,0.871,0.926,0.888,0.94,0.885,0.879,0.901,0.929,0.939,0.931,0.894,0.923,0.939,0.935,0.916,0.914,0.925,1.0,0.879,0.896,0.892,0.894,0.932,0.017,0.935,0.908,0.893,0.896,0.948,0.893,0.945,0.889,0.916,0.961,0.886,0.88,0.868,0.915,0.915,0.896,0.895
0.879,0.874,0.858,0.944,0.89,0.879,0.868,0.965,0.891,0.93,0.874,0.925,0.887,0.944,0.93,0.872,0.877,0.882,0.88,0.864,0.873,0.877,0.874,0.873,0.876,0.881,0.879,1.0,0.89,0.883,0.927,0.881,0.021,0.87,0.874,0.917,0.866,0.881,0.928,0.884,0.934,0.869,0.882,0.989,0.982,0.864,0.876,0.876,0.925,0.887
0.895,0.891,0.879,0.887,0.904,0.899,0.883,0.892,0.901,0.88,0.883,0.899,0.905,0.89,0.894,0.89,0.89,0.893,0.89,0.88,0.874,0.891,0.889,0.894,0.894,0.901,0.896,0.89,1.0,0.9,0.888,0.893,0.018,0.899,0.888,0.893,0.881,0.893,0.895,0.895,0.889,0.893,0.901,0.893,0.888,0.882,0.887,0.887,0.899,0.947
0.917,0.903,0.893,0.88,0.911,0.905,0.894,0.894,0.925,0.868,0.873,0.885,0.896,0.882,0.878,0.9,0.902,0.903,0.9,0.891,0.896,0.9,0.897,0.882,0.899,0.893,0.892,0.883,0.9,1.0,0.878,0.897,0.021,0.895,0.884,0.894,0.893,0.907,0.891,0.902,0.877,0.903,0.9,0.888,0.893,0.883,0.905,0.905,0.888,0.91
0.875,0.873,0.851,0.936,0.898,0.887,0.869,0.918,0.884,0.933,0.886,0.916,0.887,0.936,0.93,0.872,0.88,0.893,0.882,0.866,0.874,0.879,0.875,0.882,0.88,0.883,0.894,0.927,0.888,0.878,1.0,0.883,0.017,0.879,0.878,0.909,0.868,0.882,0.923,0.891,0.968,0.877,0.886,0.925,0.921,0.864,0.88,0.88,0.923,0.889
0.905,0.923,0.88,0.882,0.936,0.926,0.908,0.889,0.892,0.864,0.907,0.884,0.925,0.876,0.876,0.907,0.935,0.938,0.937,0.904,0.928,0.938,0.936,0.918,0.927,0.917,0.932,0.881,0.893,0.897,0.883,1.0,0.018,0.938,0.904,0.884,0.903,0.941,0.883,0.931,0.88,0.923,0.934,0.887,0.887,0.879,0.922,0.922,0.884,0.901
0.019,0.018,0.017,0.02,0.019,0.019,0.019,0.021,0.021,0.018,0.018,0.02,0.02,0.02,0.021,0.018,0.017,0.017,0.017,0.019,0.022,0.018,0.018,0.02,0.018,0.018,0.017,0.021,0.018,0.021,0.017,0.018,1.0,0.017,0.017,0.017,0.019,0.018,0.021,0.017,0.018,0.018,0.018,0.021,0.021,0.018,0.018,0.018,0.018,0.018
0.894,0.923,0.884,0.881,0.941,0.928,0.909,0.886,0.897,0.855,0.912,0.883,0.939,0.87,0.876,0.909,0.931,0.95,0.946,0.906,0.932,0.967,0.958,0.919,0.922,0.922,0.935,0.87,0.899,0.895,0.879,0.938,0.017,1.0,0.909,0.89,0.905,0.938,0.887,0.934,0.876,0.924,0.943,0.876,0.878,0.872,0.925,0.925,0.885,0.905
0.874,0.925,0.857,0.878,0.919,0.925,0.884,0.871,0.883,0.875,0.921,0.888,0.92,0.883,0.875,0.886,0.916,0.904,0.906,0.879,0.891,0.907,0.901,0.948,0.932,0.927,0.908,0.874,0.888,0.884,0.878,0.904,0.017,0.909,1.0,0.878,0.88,0.902,0.883,0.918,0.877,0.907,0.911,0.872,0.873,0.853,0.91,0.91,0.885,0.884
0.891,0.879,0.864,0.921,0.892,0.889,0.877,0.919,0.898,0.91,0.875,0.912,0.885,0.907,0.911,0.879,0.894,0.896,0.889,0.875,0.887,0.885,0.882,0.882,0.887,0.89,0.893,0.917,0.893,0.894,0.909,0.884,0.017,0.89,0.878,1.0,0.875,0.886,0.926,0.891,0.91,0.885,0.889,0.919,0.916,0.872,0.89,0.89,0.913,0.887
0.897,0.909,0.897,0.868,0.908,0.91,0.994,0.882,0.893,0.854,0.879,0.873,0.892,0.865,0.866,0.982,0.9,0.915,0.909,0.996,0.912,0.911,0.919,0.889,0.899,0.899,0.896,0.866,0.881,0.893,0.868,0.903,0.019,0.905,0.88,0.875,1.0,0.895,0.875,0.895,0.867,0.898,0.901,0.873,0.876,0.894,0.903,0.903,0.874,0.895
0.908,0.926,0.888,0.884,0.934,0.924,0.898,0.89,0.898,0.865,0.914,0.885,0.927,0.879,0.877,0.902,0.923,0.935,0.934,0.894,0.922,0.942,0.94,0.902,0.923,0.92,0.948,0.881,0.893,0.907,0.882,0.941,0.018,0.938,0.902,0.886,0.895,1.0,0.891,0.936,0.881,0.929,0.953,0.887,0.888,0.875,0.925,0.925,0.892,0.901
0.884,0.881,0.859,0.935,0.894,0.891,0.875,0.92,0.892,0.916,0.88,0.925,0.891,0.929,0.927,0.881,0.887,0.89,0.89,0.873,0.881,0.886,0.88,0.875,0.885,0.895,0.893,0.928,0.895,0.891,0.923,0.883,0.021,0.887,0.883,0.926,0.875,0.891,1.0,0.892,0.921,0.883,0.892,0.925,0.923,0.867,0.881,0.881,0.925,0.891
0.896,0.918,0.876,0.884,0.94,0.924,0.899,0.889,0.897,0.872,0.928,0.886,0.943,0.884,0.878,0.901,0.929,0.936,0.929,0.894,0.925,0.935,0.929,0.92,0.925,0.928,0.945,0.884,0.895,0.902,0.891,0.931,0.017,0.934,0.918,0.891,0.895,0.936,0.892,1.0,0.885,0.922,0.949,0.89,0.886,0.87,0.924,0.924,0.89,0.899
0.871,0.877,0.852,0.938,0.897,0.884,0.867,0.922,0.886,0.936,0.883,0.921,0.885,0.943,0.934,0.869,0.881,0.885,0.878,0.865,0.874,0.875,0.873,0.876,0.877,0.883,0.889,0.934,0.889,0.877,0.968,0.88,0.018,0.876,0.877,0.91,0.867,0.881,0.921,0.885,1.0,0.88,0.886,0.932,0.928,0.865,0.884,0.884,0.917,0.889
0.902,0.93,0.883,0.878,0.928,0.932,0.902,0.881,0.897,0.858,0.903,0.88,0.924,0.871,0.875,0.903,0.926,0.919,0.921,0.896,0.912,0.919,0.919,0.916,0.926,0.932,0.916,0.869,0.893,0.903,0.877,0.923,0.018,0.924,0.907,0.885,0.898,0.929,0.883,0.922,0.88,1.0,0.925,0.876,0.88,0.875,0.933,0.933,0.873,0.906
0.895,0.92,0.879,0.887,0.951,0.922,0.903,0.893,0.902,0.868,0.929,0.888,0.942,0.885,0.879,0.904,0.928,0.939,0.935,0.901,0.92,0.938,0.94,0.917,0.926,0.93,0.961,0.882,0.901,0.9,0.886,0.934,0.018,0.943,0.911,0.889,0.901,0.953,0.892,0.949,0.886,0.925,1.0,0.891,0.885,0.871,0.925,0.925,0.899,0.901
0.881,0.882,0.862,0.939,0.897,0.884,0.875,0.966,0.897,0.926,0.872,0.923,0.888,0.939,0.926,0.878,0.882,0.888,0.885,0.871,0.878,0.883,0.879,0.871,0.884,0.887,0.886,0.989,0.893,0.888,0.925,0.887,0.021,0.876,0.872,0.919,0.873,0.887,0.925,0.89,0.932,0.876,0.891,1.0,0.985,0.872,0.882,0.882,0.927,0.893
0.886,0.885,0.865,0.937,0.898,0.889,0.878,0.966,0.898,0.921,0.868,0.922,0.882,0.932,0.923,0.883,0.885,0.888,0.888,0.874,0.878,0.884,0.878,0.868,0.888,0.886,0.88,0.982,0.888,0.893,0.921,0.887,0.021,0.878,0.873,0.916,0.876,0.888,0.923,0.886,0.928,0.88,0.885,0.985,1.0,0.872,0.885,0.885,0.927,0.894
0.884,0.882,0.881,0.87,0.885,0.88,0.892,0.878,0.884,0.855,0.847,0.87,0.864,0.859,0.869,0.892,0.869,0.878,0.879,0.895,0.881,0.879,0.886,0.858,0.876,0.874,0.868,0.864,0.882,0.883,0.864,0.879,0.018,0.872,0.853,0.872,0.894,0.875,0.867,0.87,0.865,0.875,0.871,0.872,0.872,1.0,0.89,0.89,0.869,0.904
0.9,0.931,0.889,0.884,0.936,0.934,0.907,0.888,0.889,0.863,0.902,0.887,0.92,0.875,0.879,0.907,0.926,0.926,0.924,0.902,0.922,0.924,0.922,0.915,0.921,0.927,0.915,0.876,0.887,0.905,0.88,0.922,0.018,0.925,0.91,0.89,0.903,0.925,0.881,0.924,0.884,0.933,0.925,0.882,0.885,0.89,1.0,1.0,0.885,0.9
0.9,0.931,0.889,0.884,0.936,0.934,0.907,0.888,0.889,0.863,0.902,0.887,0.92,0.875,0.879,0.907,0.926,0.926,0.924,0.902,0.922,0.924,0.922,0.915,0.921,0.927,0.915,0.876,0.887,0.905,0.88,0.922,0.018,0.925,0.91,0.89,0.903,0.925,0.881,0.924,0.884,0.933,0.925,0.882,0.885,0.89,1.0,1.0,0.885,0.9
0.886,0.884,0.878,0.928,0.896,0.889,0.875,0.917,0.893,0.909,0.879,0.915,0.893,0.926,0.918,0.881,0.889,0.891,0.885,0.872,0.876,0.884,0.883,0.88,0.892,0.894,0.896,0.925,0.899,0.888,0.923,0.884,0.018,0.885,0.885,0.913,0.874,0.892,0.925,0.89,0.917,0.873,0.899,0.927,0.927,0.869,0.885,0.885,1.0,0.892
0.905,0.898,0.888,0.89,0.904,0.905,0.896,0.9,0.906,0.878,0.878,0.892,0.904,0.89,0.89,0.899,0.898,0.906,0.899,0.893,0.89,0.904,0.897,0.892,0.903,0.903,0.895,0.887,0.947,0.91,0.889,0.901,0.018,0.905,0.884,0.887,0.895,0.901,0.891,0.899,0.889,0.906,0.901,0.893,0.894,0.904,0.9,0.9,0.892,1.0
