GCF_000163235.1_ASM16323v1_genomic.fna,GCF_000164555.1_ASM16455v1_genomic.fna,GCF_000208545.1_ASM20854v2_genomic.fna,GCF_000233875.1_ASM23387v1_genomic.fna,GCF_000249735.1_ASM24973v2_genomic.fna,GCF_000261145.1_Esch_coli_M919_V2_genomic.fna,GCF_000267705.2_ASM26770v2_genomic.fna,GCF_000350665.1_Esch_coli_KTE5_V1_genomic.fna,GCF_000351625.1_Esch_coli_KTE66_V1_genomic.fna,GCF_000352285.1_Esch_coli_KTE46_V1_genomic.fna,GCF_000358895.1_ASM35889v1_genomic.fna,GCF_000456385.1_Esch_coli_HVH_26_4-5703913_V1_genomic.fna,GCF_000458195.1_Esch_coli_HVH_147_4-5893887_V1_genomic.fna,GCF_000459755.1_Esch_coli_KOEGE_58_171a_V1_genomic.fna,GCF_000460055.1_Esch_coli_UMEA_3053-1_V1_genomic.fna,GCF_000462165.2_ASM46216v2_genomic.fna,GCF_000601135.1_ASM60113v1_genomic.fna,GCF_000614595.1_Ec2010EL1058_genomic.fna,GCF_000617745.1_Ec2010C-4529_genomic.fna,GCF_000618265.2_EcF6751_genomic.fna,GCF_000619005.2_Ec2009C-4052_genomic.fna,GCF_000619105.1_Ec2009C-4780_genomic.fna,GCF_000619765.2_Ec2009C-3279_genomic.fna,GCF_000687005.1_ASM68700v1_genomic.fna,GCF_000687025.1_ASM68702v1_genomic.fna,GCF_000700125.1_ASM70012v1_genomic.fna,GCF_000753315.1_FHI35_genomic.fna,GCF_000776375.1_ASM77637v1_genomic.fna,GCF_000779395.1_ASM77939v1_genomic.fna,GCF_000780315.1_ASM78031v1_genomic.fna,GCF_000781995.1_ASM78199v1_genomic.fna,GCF_000986765.1_ASM98676v1_genomic.fna,GCF_001041375.1_ViralProj287958_genomic.fna,GCF_001265335.1_302014_genomic.fna,GCF_001265625.1_100854_genomic.fna,GCF_001267345.1_303289_genomic.fna,GCF_001309985.1_ASM130998v1_genomic.fna,GCF_001521695.1_ASM152169v1_genomic.fna,GCF_001592595.1_ASM159259v1_genomic.fna,GCF_001614975.1_ASM161497v1_genomic.fna,GCF_001692775.1_ASM169277v1_genomic.fna,GCF_001748915.1_ASM174891v1_genomic.fna,GCF_001749235.1_ASM174923v1_genomic.fna,GCF_001881155.1_ASM188115v1_genomic.fna,GCF_001881345.1_ASM188134v1_genomic.fna,GCF_001892405.1_ASM189240v1_genomic.fna,GCF_001892585.1_ASM189258v1_genomic.fna,GCF_001893985.1_ASM189398v1_genomic.fna,GCF_002001595.1_ASM200159v1_genomic.fna,GCF_002002145.1_ASM200214v1_genomic.fna
1.0,0.462,0.394,0.408,0.463,0.458,0.436,0.419,0.583,0.42,0.451,0.417,0.459,0.417,0.396,0.445,0.463,0.462,0.455,0.434,0.432,0.448,0.469,0.478,0.468,0.459,0.454,0.407,0.506,0.55,0.399,0.448,0.0,0.444,0.447,0.41,0.434,0.467,0.406,0.446,0.4,0.46,0.46,0.407,0.419,0.464,0.456,0.455,0.399,0.526
0.462,1.0,0.363,0.392,0.604,0.772,0.519,0.41,0.432,0.402,0.568,0.41,0.595,0.39,0.388,0.523,0.684,0.584,0.583,0.518,0.576,0.572,0.586,0.773,0.787,0.684,0.585,0.398,0.418,0.417,0.398,0.621,0.0,0.585,0.721,0.376,0.518,0.611,0.408,0.566,0.396,0.68,0.588,0.415,0.418,0.421,0.666,0.664,0.414,0.425
0.394,0.363,1.0,0.327,0.346,0.352,0.349,0.329,0.377,0.327,0.338,0.331,0.352,0.328,0.318,0.356,0.351,0.35,0.333,0.349,0.347,0.343,0.355,0.352,0.347,0.34,0.349,0.322,0.385,0.37,0.324,0.357,0.0,0.35,0.32,0.329,0.349,0.357,0.329,0.34,0.332,0.348,0.354,0.331,0.33,0.356,0.35,0.351,0.337,0.385
0.408,0.392,0.327,1.0,0.4,0.384,0.369,0.682,0.412,0.722,0.407,0.708,0.413,0.767,0.744,0.375,0.404,0.399,0.384,0.367,0.369,0.388,0.395,0.403,0.399,0.395,0.392,0.748,0.46,0.393,0.692,0.389,0.0,0.378,0.4,0.592,0.368,0.395,0.637,0.396,0.717,0.391,0.388,0.723,0.716,0.437,0.396,0.394,0.654,0.456
0.463,0.604,0.346,0.4,1.0,0.627,0.532,0.422,0.445,0.415,0.754,0.414,0.714,0.406,0.409,0.544,0.614,0.671,0.668,0.532,0.662,0.666,0.687,0.628,0.623,0.606,0.698,0.405,0.44,0.437,0.41,0.673,0.0,0.674,0.589,0.401,0.53,0.715,0.435,0.683,0.416,0.629,0.715,0.409,0.415,0.416,0.645,0.645,0.418,0.444
0.458,0.772,0.352,0.384,0.627,1.0,0.542,0.424,0.437,0.391,0.584,0.399,0.617,0.389,0.391,0.54,0.693,0.623,0.612,0.541,0.584,0.596,0.614,0.777,0.809,0.688,0.602,0.396,0.433,0.421,0.391,0.638,0.0,0.613,0.745,0.394,0.54,0.623,0.438,0.59,0.391,0.706,0.623,0.405,0.406,0.422,0.688,0.688,0.407,0.434
0.436,0.519,0.349,0.369,0.532,0.542,1.0,0.387,0.425,0.375,0.514,0.377,0.523,0.37,0.371,0.954,0.525,0.565,0.558,0.988,0.558,0.538,0.561,0.536,0.523,0.515,0.528,0.367,0.405,0.405,0.375,0.527,0.0,0.542,0.511,0.402,0.99,0.525,0.41,0.513,0.372,0.538,0.523,0.372,0.38,0.384,0.519,0.52,0.376,0.417
0.419,0.41,0.329,0.682,0.422,0.424,0.387,1.0,0.425,0.685,0.397,0.685,0.406,0.686,0.68,0.394,0.417,0.408,0.397,0.387,0.38,0.39,0.406,0.432,0.424,0.407,0.406,0.892,0.471,0.404,0.696,0.406,0.0,0.401,0.392,0.59,0.385,0.428,0.652,0.394,0.695,0.422,0.401,0.895,0.878,0.446,0.406,0.407,0.635,0.46
0.583,0.432,0.377,0.412,0.445,0.437,0.425,0.425,1.0,0.424,0.444,0.41,0.451,0.423,0.417,0.431,0.444,0.435,0.44,0.426,0.423,0.446,0.45,0.455,0.437,0.436,0.448,0.422,0.493,0.585,0.428,0.423,0.0,0.427,0.425,0.433,0.424,0.442,0.417,0.431,0.426,0.451,0.453,0.42,0.421,0.466,0.445,0.444,0.41,0.521
0.42,0.402,0.327,0.722,0.415,0.391,0.375,0.685,0.424,1.0,0.436,0.673,0.419,0.715,0.677,0.384,0.4,0.395,0.383,0.376,0.37,0.384,0.385,0.41,0.401,0.405,0.391,0.715,0.464,0.411,0.706,0.387,0.0,0.376,0.411,0.594,0.376,0.399,0.646,0.424,0.709,0.396,0.391,0.695,0.702,0.431,0.403,0.403,0.653,0.458
0.451,0.568,0.338,0.407,0.754,0.584,0.514,0.397,0.444,0.436,1.0,0.384,0.747,0.41,0.379,0.53,0.592,0.663,0.669,0.514,0.652,0.683,0.674,0.614,0.583,0.615,0.685,0.397,0.435,0.44,0.385,0.647,0.0,0.644,0.609,0.414,0.514,0.672,0.411,0.735,0.39,0.6,0.689,0.387,0.388,0.404,0.622,0.621,0.41,0.444
0.417,0.41,0.331,0.708,0.414,0.399,0.377,0.685,0.41,0.673,0.384,1.0,0.4,0.717,0.856,0.385,0.414,0.399,0.381,0.376,0.379,0.387,0.402,0.416,0.409,0.407,0.396,0.707,0.462,0.391,0.682,0.396,0.0,0.394,0.381,0.581,0.376,0.404,0.67,0.384,0.71,0.406,0.404,0.707,0.71,0.442,0.414,0.414,0.631,0.455
0.459,0.595,0.352,0.413,0.714,0.617,0.523,0.406,0.451,0.419,0.747,0.4,1.0,0.412,0.395,0.53,0.615,0.693,0.73,0.522,0.708,0.769,0.759,0.641,0.606,0.614,0.749,0.406,0.439,0.452,0.395,0.702,0.0,0.732,0.628,0.407,0.521,0.728,0.41,0.766,0.395,0.625,0.738,0.392,0.393,0.404,0.648,0.648,0.411,0.438
0.417,0.39,0.328,0.767,0.406,0.389,0.37,0.686,0.423,0.715,0.41,0.717,0.412,1.0,0.764,0.377,0.393,0.398,0.389,0.371,0.362,0.386,0.39,0.401,0.387,0.393,0.385,0.742,0.474,0.41,0.714,0.387,0.0,0.376,0.389,0.606,0.371,0.395,0.647,0.396,0.735,0.386,0.386,0.72,0.717,0.442,0.392,0.392,0.658,0.468
0.396,0.388,0.318,0.744,0.409,0.391,0.371,0.68,0.417,0.677,0.379,0.856,0.395,0.764,1.0,0.376,0.405,0.394,0.383,0.37,0.371,0.377,0.397,0.395,0.391,0.394,0.39,0.719,0.46,0.399,0.721,0.391,0.0,0.38,0.376,0.596,0.371,0.402,0.67,0.38,0.747,0.395,0.392,0.714,0.71,0.451,0.408,0.409,0.638,0.472
0.445,0.523,0.356,0.375,0.544,0.54,0.954,0.394,0.431,0.384,0.53,0.385,0.53,0.377,0.376,1.0,0.536,0.564,0.561,0.955,0.544,0.541,0.559,0.549,0.535,0.526,0.53,0.377,0.408,0.413,0.379,0.53,0.0,0.543,0.516,0.407,0.955,0.532,0.411,0.515,0.382,0.538,0.527,0.379,0.389,0.384,0.53,0.531,0.388,0.422
0.463,0.684,0.351,0.404,0.614,0.693,0.525,0.417,0.444,0.4,0.592,0.414,0.615,0.393,0.405,0.536,1.0,0.607,0.613,0.524,0.588,0.611,0.624,0.75,0.733,0.75,0.607,0.413,0.438,0.418,0.389,0.635,0.0,0.607,0.695,0.407,0.524,0.61,0.424,0.601,0.39,0.676,0.616,0.415,0.419,0.388,0.695,0.694,0.411,0.436
0.462,0.584,0.35,0.399,0.671,0.623,0.565,0.408,0.435,0.395,0.663,0.399,0.693,0.398,0.394,0.564,0.607,1.0,0.743,0.564,0.728,0.721,0.742,0.619,0.613,0.605,0.706,0.4,0.42,0.435,0.403,0.694,0.0,0.7,0.589,0.42,0.562,0.687,0.433,0.688,0.401,0.634,0.701,0.403,0.407,0.416,0.629,0.63,0.396,0.436
0.455,0.583,0.333,0.384,0.668,0.612,0.558,0.397,0.44,0.383,0.669,0.381,0.73,0.389,0.383,0.561,0.613,0.743,1.0,0.559,0.73,0.737,0.741,0.63,0.607,0.608,0.72,0.387,0.415,0.423,0.383,0.698,0.0,0.698,0.605,0.407,0.557,0.691,0.424,0.704,0.384,0.616,0.706,0.383,0.386,0.4,0.632,0.632,0.388,0.433
0.434,0.518,0.349,0.367,0.532,0.541,0.988,0.387,0.426,0.376,0.514,0.376,0.522,0.371,0.37,0.955,0.524,0.564,0.559,1.0,0.557,0.537,0.561,0.534,0.522,0.516,0.527,0.369,0.403,0.406,0.374,0.526,0.0,0.538,0.508,0.402,0.991,0.524,0.405,0.513,0.372,0.537,0.522,0.372,0.38,0.385,0.52,0.521,0.374,0.418
0.432,0.576,0.347,0.369,0.662,0.584,0.558,0.38,0.423,0.37,0.652,0.379,0.708,0.362,0.371,0.544,0.588,0.728,0.73,0.557,1.0,0.717,0.735,0.588,0.58,0.58,0.712,0.375,0.396,0.42,0.375,0.698,0.0,0.704,0.566,0.395,0.556,0.696,0.404,0.697,0.381,0.6,0.697,0.382,0.383,0.403,0.603,0.602,0.368,0.412
0.448,0.572,0.343,0.388,0.666,0.596,0.538,0.39,0.446,0.384,0.683,0.387,0.769,0.386,0.377,0.541,0.611,0.721,0.737,0.537,0.717,1.0,0.919,0.624,0.598,0.608,0.726,0.395,0.426,0.44,0.378,0.699,0.0,0.845,0.596,0.41,0.538,0.712,0.409,0.733,0.375,0.605,0.722,0.381,0.378,0.395,0.625,0.624,0.391,0.434
0.469,0.586,0.355,0.395,0.687,0.614,0.561,0.406,0.45,0.385,0.674,0.402,0.759,0.39,0.397,0.559,0.624,0.742,0.741,0.561,0.735,0.919,1.0,0.63,0.614,0.612,0.74,0.398,0.428,0.435,0.392,0.724,0.0,0.856,0.599,0.416,0.56,0.728,0.432,0.723,0.388,0.617,0.734,0.399,0.4,0.403,0.631,0.632,0.393,0.441
0.478,0.773,0.352,0.403,0.628,0.777,0.536,0.432,0.455,0.41,0.614,0.416,0.641,0.401,0.395,0.549,0.75,0.619,0.63,0.534,0.588,0.624,0.63,1.0,0.826,0.747,0.622,0.416,0.441,0.44,0.395,0.64,0.0,0.619,0.798,0.408,0.535,0.619,0.433,0.617,0.399,0.713,0.623,0.413,0.42,0.408,0.711,0.71,0.414,0.442
0.468,0.787,0.347,0.399,0.623,0.809,0.523,0.424,0.437,0.401,0.583,0.409,0.606,0.387,0.391,0.535,0.733,0.613,0.607,0.522,0.58,0.598,0.614,0.826,1.0,0.735,0.602,0.41,0.433,0.425,0.391,0.637,0.0,0.602,0.777,0.391,0.523,0.611,0.423,0.584,0.395,0.703,0.609,0.425,0.422,0.412,0.697,0.696,0.414,0.438
0.459,0.684,0.34,0.395,0.606,0.688,0.515,0.407,0.436,0.405,0.615,0.407,0.614,0.393,0.394,0.526,0.75,0.605,0.608,0.516,0.58,0.608,0.612,0.747,0.735,1.0,0.614,0.409,0.435,0.428,0.392,0.599,0.0,0.582,0.695,0.402,0.515,0.606,0.418,0.615,0.392,0.669,0.6,0.411,0.407,0.401,0.686,0.686,0.422,0.445
0.454,0.585,0.349,0.392,0.698,0.602,0.528,0.406,0.448,0.391,0.685,0.396,0.749,0.385,0.39,0.53,0.607,0.706,0.72,0.527,0.712,0.726,0.74,0.622,0.602,0.614,1.0,0.394,0.426,0.441,0.397,0.716,0.0,0.703,0.59,0.388,0.525,0.826,0.406,0.744,0.398,0.628,0.843,0.402,0.394,0.418,0.631,0.632,0.4,0.441
0.407,0.398,0.322,0.748,0.405,0.396,0.367,0.892,0.422,0.715,0.397,0.707,0.406,0.742,0.719,0.377,0.413,0.4,0.387,0.369,0.375,0.395,0.398,0.416,0.41,0.409,0.394,1.0,0.48,0.412,0.702,0.398,0.0,0.383,0.389,0.608,0.368,0.408,0.646,0.392,0.728,0.403,0.391,0.957,0.934,0.441,0.405,0.404,0.67,0.462
0.506,0.418,0.385,0.46,0.44,0.433,0.405,0.471,0.493,0.464,0.435,0.462,0.439,0.474,0.46,0.408,0.438,0.42,0.415,0.403,0.396,0.426,0.428,0.441,0.433,0.435,0.426,0.48,1.0,0.479,0.448,0.42,0.0,0.413,0.421,0.465,0.404,0.429,0.469,0.426,0.442,0.415,0.423,0.459,0.46,0.563,0.436,0.436,0.458,0.817
0.55,0.417,0.37,0.393,0.437,0.421,0.405,0.404,0.585,0.411,0.44,0.391,0.452,0.41,0.399,0.413,0.418,0.435,0.423,0.406,0.42,0.44,0.435,0.44,0.425,0.428,0.441,0.412,0.479,1.0,0.404,0.41,0.0,0.418,0.417,0.404,0.406,0.434,0.4,0.445,0.409,0.422,0.446,0.401,0.398,0.466,0.434,0.432,0.405,0.498
0.399,0.398,0.324,0.692,0.41,0.391,0.375,0.696,0.428,0.706,0.385,0.682,0.395,0.714,0.721,0.379,0.389,0.403,0.383,0.374,0.375,0.378,0.392,0.395,0.391,0.392,0.397,0.702,0.448,0.404,1.0,0.393,0.0,0.385,0.371,0.594,0.374,0.407,0.643,0.38,0.893,0.394,0.391,0.707,0.699,0.442,0.391,0.391,0.637,0.449
0.448,0.621,0.357,0.389,0.673,0.638,0.527,0.406,0.423,0.387,0.647,0.396,0.702,0.387,0.391,0.53,0.635,0.694,0.698,0.526,0.698,0.699,0.724,0.64,0.637,0.599,0.716,0.398,0.42,0.41,0.393,1.0,0.0,0.694,0.586,0.383,0.526,0.734,0.417,0.697,0.389,0.636,0.736,0.402,0.403,0.398,0.621,0.622,0.389,0.419
0.0,0.0,0.0,0.0,0.0,0.0,0.0,0.0,0.0,0.0,0.0,0.0,0.0,0.0,0.0,0.0,0.0,0.0,0.0,0.0,0.0,0.0,0.0,0.0,0.0,0.0,0.0,0.0,0.0,0.0,0.0,0.0,1.0,0.0,0.0,0.0,0.0,0.0,0.0,0.0,0.0,0.0,0.0,0.0,0.0,0.0,0.0,0.0,0.0,0.0
0.444,0.585,0.35,0.378,0.674,0.613,0.542,0.401,0.427,0.376,0.644,0.394,0.732,0.376,0.38,0.543,0.607,0.7,0.698,0.538,0.704,0.845,0.856,0.619,0.602,0.582,0.703,0.383,0.413,0.418,0.385,0.694,0.0,1.0,0.584,0.421,0.541,0.708,0.436,0.695,0.381,0.608,0.711,0.388,0.395,0.393,0.613,0.614,0.379,0.419
0.447,0.721,0.32,0.4,0.589,0.745,0.511,0.392,0.425,0.411,0.609,0.381,0.628,0.389,0.376,0.516,0.695,0.589,0.605,0.508,0.566,0.596,0.599,0.798,0.777,0.695,0.59,0.389,0.421,0.417,0.371,0.586,0.0,0.584,1.0,0.393,0.508,0.586,0.403,0.619,0.37,0.667,0.593,0.381,0.385,0.383,0.672,0.671,0.393,0.42
0.41,0.376,0.329,0.592,0.401,0.394,0.402,0.59,0.433,0.594,0.414,0.581,0.407,0.606,0.596,0.407,0.407,0.42,0.407,0.402,0.395,0.41,0.416,0.408,0.391,0.402,0.388,0.608,0.465,0.404,0.594,0.383,0.0,0.421,0.393,1.0,0.402,0.383,0.628,0.406,0.596,0.404,0.389,0.595,0.593,0.43,0.396,0.394,0.583,0.465
0.434,0.518,0.349,0.368,0.53,0.54,0.99,0.385,0.424,0.376,0.514,0.376,0.521,0.371,0.371,0.955,0.524,0.562,0.557,0.991,0.556,0.538,0.56,0.535,0.523,0.515,0.525,0.368,0.404,0.406,0.374,0.526,0.0,0.541,0.508,0.402,1.0,0.523,0.405,0.512,0.372,0.535,0.521,0.371,0.378,0.384,0.519,0.52,0.374,0.417
0.467,0.611,0.357,0.395,0.715,0.623,0.525,0.428,0.442,0.399,0.672,0.404,0.728,0.395,0.402,0.532,0.61,0.687,0.691,0.524,0.696,0.712,0.728,0.619,0.611,0.606,0.826,0.408,0.429,0.434,0.407,0.734,0.0,0.708,0.586,0.383,0.523,1.0,0.418,0.727,0.408,0.63,0.863,0.415,0.405,0.405,0.63,0.631,0.405,0.434
0.406,0.408,0.329,0.637,0.435,0.438,0.41,0.652,0.417,0.646,0.411,0.67,0.41,0.647,0.67,0.411,0.424,0.433,0.424,0.405,0.404,0.409,0.432,0.433,0.423,0.418,0.406,0.646,0.469,0.4,0.643,0.417,0.0,0.436,0.403,0.628,0.405,0.418,1.0,0.405,0.652,0.423,0.421,0.647,0.647,0.432,0.415,0.416,0.61,0.467
0.446,0.566,0.34,0.396,0.683,0.59,0.513,0.394,0.431,0.424,0.735,0.384,0.766,0.396,0.38,0.515,0.601,0.688,0.704,0.513,0.697,0.733,0.723,0.617,0.584,0.615,0.744,0.392,0.426,0.445,0.38,0.697,0.0,0.695,0.619,0.406,0.512,0.727,0.405,1.0,0.38,0.607,0.741,0.378,0.384,0.395,0.635,0.635,0.397,0.438
0.4,0.396,0.332,0.717,0.416,0.391,0.372,0.695,0.426,0.709,0.39,0.71,0.395,0.735,0.747,0.382,0.39,0.401,0.384,0.372,0.381,0.375,0.388,0.399,0.395,0.392,0.398,0.728,0.442,0.409,0.893,0.389,0.0,0.381,0.37,0.596,0.372,0.408,0.652,0.38,1.0,0.395,0.392,0.737,0.725,0.439,0.392,0.392,0.645,0.444
0.46,0.68,0.348,0.391,0.629,0.706,0.538,0.422,0.451,0.396,0.6,0.406,0.625,0.386,0.395,0.538,0.676,0.634,0.616,0.537,0.6,0.605,0.617,0.713,0.703,0.669,0.628,0.403,0.415,0.422,0.394,0.636,0.0,0.608,0.667,0.404,0.535,0.63,0.423,0.607,0.395,1.0,0.645,0.412,0.412,0.408,0.714,0.715,0.408,0.427
0.46,0.588,0.354,0.388,0.715,0.623,0.523,0.401,0.453,0.391,0.689,0.404,0.738,0.386,0.392,0.527,0.616,0.701,0.706,0.522,0.697,0.722,0.734,0.623,0.609,0.6,0.843,0.391,0.423,0.446,0.391,0.736,0.0,0.711,0.593,0.389,0.521,0.863,0.421,0.741,0.392,0.645,1.0,0.396,0.393,0.405,0.638,0.639,0.395,0.436
0.407,0.415,0.331,0.723,0.409,0.405,0.372,0.895,0.42,0.695,0.387,0.707,0.392,0.72,0.714,0.379,0.415,0.403,0.383,0.372,0.382,0.381,0.399,0.413,0.425,0.411,0.402,0.957,0.459,0.401,0.707,0.402,0.0,0.388,0.381,0.595,0.371,0.415,0.647,0.378,0.737,0.412,0.396,1.0,0.959,0.448,0.404,0.404,0.659,0.454
0.419,0.418,0.33,0.716,0.415,0.406,0.38,0.878,0.421,0.702,0.388,0.71,0.393,0.717,0.71,0.389,0.419,0.407,0.386,0.38,0.383,0.378,0.4,0.42,0.422,0.407,0.394,0.934,0.46,0.398,0.699,0.403,0.0,0.395,0.385,0.593,0.378,0.405,0.647,0.384,0.725,0.412,0.393,0.959,1.0,0.446,0.408,0.408,0.649,0.454
0.464,0.421,0.356,0.437,0.416,0.422,0.384,0.446,0.466,0.431,0.404,0.442,0.404,0.442,0.451,0.384,0.388,0.416,0.4,0.385,0.403,0.395,0.403,0.408,0.412,0.401,0.418,0.441,0.563,0.466,0.442,0.398,0.0,0.393,0.383,0.43,0.384,0.405,0.432,0.395,0.439,0.408,0.405,0.448,0.446,1.0,0.43,0.429,0.434,0.623
0.456,0.666,0.35,0.396,0.645,0.688,0.519,0.406,0.445,0.403,0.622,0.414,0.648,0.392,0.408,0.53,0.695,0.629,0.632,0.52,0.603,0.625,0.631,0.711,0.697,0.686,0.631,0.405,0.436,0.434,0.391,0.621,0.0,0.613,0.672,0.396,0.519,0.63,0.415,0.635,0.392,0.714,0.638,0.404,0.408,0.43,1.0,0.997,0.405,0.459
0.455,0.664,0.351,0.394,0.645,0.688,0.52,0.407,0.444,0.403,0.621,0.414,0.648,0.392,0.409,0.531,0.694,0.63,0.632,0.521,0.602,0.624,0.632,0.71,0.696,0.686,0.632,0.404,0.436,0.432,0.391,0.622,0.0,0.614,0.671,0.394,0.52,0.631,0.416,0.635,0.392,0.715,0.639,0.404,0.408,0.429,0.997,1.0,0.403,0.459
0.399,0.414,0.337,0.654,0.418,0.407,0.376,0.635,0.41,0.653,0.41,0.631,0.411,0.658,0.638,0.388,0.411,0.396,0.388,0.374,0.368,0.391,0.393,0.414,0.414,0.422,0.4,0.67,0.458,0.405,0.637,0.389,0.0,0.379,0.393,0.583,0.374,0.405,0.61,0.397,0.645,0.408,0.395,0.659,0.649,0.434,0.405,0.403,1.0,0.451
0.526,0.425,0.385,0.456,0.444,0.434,0.417,0.46,0.521,0.458,0.444,0.455,0.438,0.468,0.472,0.422,0.436,0.436,0.433,0.418,0.412,0.434,0.441,0.442,0.438,0.445,0.441,0.462,0.817,0.498,0.449,0.419,0.0,0.419,0.42,0.465,0.417,0.434,0.467,0.438,0.444,0.427,0.436,0.454,0.454,0.623,0.459,0.459,0.451,1.0
