GCF_000163235.1_ASM16323v1_genomic.fna,GCF_000164555.1_ASM16455v1_genomic.fna,GCF_000208545.1_ASM20854v2_genomic.fna,GCF_000233875.1_ASM23387v1_genomic.fna,GCF_000249735.1_ASM24973v2_genomic.fna,GCF_000261145.1_Esch_coli_M919_V2_genomic.fna,GCF_000267705.2_ASM26770v2_genomic.fna,GCF_000350665.1_Esch_coli_KTE5_V1_genomic.fna,GCF_000351625.1_Esch_coli_KTE66_V1_genomic.fna,GCF_000352285.1_Esch_coli_KTE46_V1_genomic.fna,GCF_000358895.1_ASM35889v1_genomic.fna,GCF_000456385.1_Esch_coli_HVH_26_4-5703913_V1_genomic.fna,GCF_000458195.1_Esch_coli_HVH_147_4-5893887_V1_genomic.fna,GCF_000459755.1_Esch_coli_KOEGE_58_171a_V1_genomic.fna,GCF_000460055.1_Esch_coli_UMEA_3053-1_V1_genomic.fna,GCF_000462165.2_ASM46216v2_genomic.fna,GCF_000601135.1_ASM60113v1_genomic.fna,GCF_000614595.1_Ec2010EL1058_genomic.fna,GCF_000617745.1_Ec2010C-4529_genomic.fna,GCF_000618265.2_EcF6751_genomic.fna,GCF_000619005.2_Ec2009C-4052_genomic.fna,GCF_000619105.1_Ec2009C-4780_genomic.fna,GCF_000619765.2_Ec2009C-3279_genomic.fna,GCF_000687005.1_ASM68700v1_genomic.fna,GCF_000687025.1_ASM68702v1_genomic.fna,GCF_000700125.1_ASM70012v1_genomic.fna,GCF_000753315.1_FHI35_genomic.fna,GCF_000776375.1_ASM77637v1_genomic.fna,GCF_000779395.1_ASM77939v1_genomic.fna,GCF_000780315.1_ASM78031v1_genomic.fna,GCF_000781995.1_ASM78199v1_genomic.fna,GCF_000986765.1_ASM98676v1_genomic.fna,GCF_001041375.1_ViralProj287958_genomic.fna,GCF_001265335.1_302014_genomic.fna,GCF_001265625.1_100854_genomic.fna,GCF_001267345.1_303289_genomic.fna,GCF_001309985.1_ASM130998v1_genomic.fna,GCF_001521695.1_ASM152169v1_genomic.fna,GCF_001592595.1_ASM159259v1_genomic.fna,GCF_001614975.1_ASM161497v1_genomic.fna,GCF_001692775.1_ASM169277v1_genomic.fna,GCF_001748915.1_ASM174891v1_genomic.fna,GCF_001749235.1_ASM174923v1_genomic.fna,GCF_001881155.1_ASM188115v1_genomic.fna,GCF_001881345.1_ASM188134v1_genomic.fna,GCF_001892405.1_ASM189240v1_genomic.fna,GCF_001892585.1_ASM189258v1_genomic.fna,GCF_001893985.1_ASM189398v1_genomic.fna,GCF_002001595.1_ASM200159v1_genomic.fna,GCF_002002145.1_ASM200214v1_genomic.fna
1.0,0.91,0.896,0.89,0.897,0.897,0.888,0.893,0.905,0.897,0.905,0.897,0.909,0.903,0.887,0.891,0.898,0.88,0.89,0.889,0.884,0.893,0.888,0.91,0.895,0.909,0.905,0.891,0.906,0.921,0.88,0.896,0.024,0.888,0.895,0.897,0.885,0.899,0.895,0.903,0.895,0.897,0.893,0.888,0.886,0.881,0.888,0.888,0.891,0.908
0.91,1.0,0.897,0.888,0.922,0.944,0.899,0.889,0.892,0.887,0.919,0.894,0.929,0.888,0.881,0.901,0.941,0.909,0.909,0.898,0.9,0.914,0.907,0.96,0.951,0.939,0.931,0.886,0.902,0.909,0.88,0.93,0.023,0.914,0.936,0.894,0.896,0.925,0.891,0.923,0.892,0.924,0.921,0.886,0.883,0.879,0.925,0.926,0.891,0.899
0.896,0.897,1.0,0.882,0.888,0.891,0.885,0.883,0.884,0.878,0.884,0.886,0.895,0.884,0.877,0.883,0.893,0.874,0.879,0.884,0.877,0.881,0.881,0.891,0.892,0.894,0.891,0.883,0.894,0.894,0.88,0.893,0.023,0.877,0.877,0.878,0.883,0.89,0.891,0.89,0.89,0.891,0.893,0.885,0.882,0.878,0.886,0.886,0.884,0.89
0.89,0.888,0.882,1.0,0.894,0.888,0.884,0.933,0.899,0.92,0.878,0.946,0.889,0.952,0.955,0.881,0.893,0.885,0.887,0.885,0.881,0.89,0.88,0.89,0.892,0.888,0.896,0.943,0.888,0.888,0.932,0.895,0.023,0.892,0.874,0.91,0.884,0.897,0.941,0.893,0.951,0.892,0.892,0.942,0.94,0.886,0.889,0.889,0.931,0.9
0.897,0.922,0.888,0.894,1.0,0.925,0.922,0.892,0.906,0.877,0.931,0.899,0.94,0.891,0.895,0.917,0.925,0.932,0.922,0.92,0.931,0.943,0.933,0.925,0.915,0.92,0.94,0.888,0.913,0.903,0.891,0.939,0.024,0.939,0.899,0.884,0.919,0.94,0.897,0.95,0.894,0.933,0.944,0.898,0.896,0.895,0.925,0.927,0.891,0.906
0.897,0.944,0.891,0.888,0.925,1.0,0.904,0.893,0.894,0.876,0.915,0.893,0.931,0.892,0.878,0.903,0.936,0.922,0.921,0.903,0.905,0.923,0.915,0.955,0.95,0.937,0.924,0.889,0.905,0.901,0.877,0.923,0.024,0.918,0.937,0.889,0.902,0.929,0.895,0.923,0.892,0.924,0.919,0.885,0.883,0.884,0.928,0.929,0.893,0.907
0.888,0.899,0.885,0.884,0.922,0.904,1.0,0.886,0.898,0.864,0.903,0.888,0.925,0.88,0.885,0.987,0.906,0.922,0.923,0.996,0.915,0.921,0.927,0.905,0.9,0.897,0.918,0.886,0.897,0.886,0.878,0.918,0.023,0.917,0.889,0.875,0.994,0.913,0.89,0.921,0.885,0.914,0.917,0.891,0.893,0.883,0.906,0.906,0.878,0.898
0.893,0.889,0.883,0.933,0.892,0.893,0.886,1.0,0.897,0.926,0.881,0.932,0.891,0.941,0.924,0.889,0.897,0.884,0.886,0.886,0.877,0.885,0.877,0.898,0.895,0.892,0.9,0.972,0.897,0.894,0.922,0.893,0.023,0.887,0.881,0.91,0.884,0.893,0.926,0.894,0.932,0.883,0.889,0.966,0.962,0.889,0.887,0.887,0.926,0.898
0.905,0.892,0.884,0.899,0.906,0.894,0.898,0.897,1.0,0.886,0.883,0.901,0.905,0.903,0.906,0.894,0.895,0.902,0.896,0.897,0.899,0.9,0.902,0.901,0.898,0.884,0.904,0.902,0.902,0.92,0.901,0.907,0.025,0.905,0.878,0.897,0.9,0.908,0.909,0.904,0.905,0.906,0.913,0.912,0.907,0.905,0.894,0.895,0.895,0.916
0.897,0.887,0.878,0.92,0.877,0.876,0.864,0.926,0.886,1.0,0.892,0.925,0.877,0.928,0.92,0.866,0.876,0.868,0.865,0.865,0.865,0.866,0.858,0.879,0.878,0.89,0.884,0.925,0.89,0.886,0.92,0.879,0.025,0.865,0.886,0.915,0.863,0.88,0.918,0.874,0.929,0.871,0.878,0.921,0.916,0.876,0.876,0.876,0.921,0.891
0.905,0.919,0.884,0.878,0.931,0.915,0.903,0.881,0.883,0.892,1.0,0.881,0.943,0.881,0.87,0.907,0.911,0.92,0.914,0.903,0.907,0.926,0.919,0.922,0.912,0.927,0.933,0.876,0.887,0.892,0.87,0.926,0.024,0.919,0.923,0.886,0.901,0.931,0.882,0.929,0.883,0.914,0.922,0.876,0.874,0.864,0.908,0.909,0.88,0.889
0.897,0.894,0.886,0.946,0.899,0.893,0.888,0.932,0.901,0.925,0.881,1.0,0.896,0.95,0.963,0.889,0.894,0.884,0.888,0.89,0.885,0.89,0.879,0.898,0.894,0.891,0.905,0.94,0.896,0.896,0.929,0.897,0.023,0.889,0.874,0.907,0.888,0.902,0.936,0.895,0.947,0.897,0.901,0.941,0.934,0.888,0.889,0.889,0.925,0.904
0.909,0.929,0.895,0.889,0.94,0.931,0.925,0.891,0.905,0.877,0.943,0.896,1.0,0.89,0.884,0.924,0.928,0.939,0.94,0.923,0.924,0.95,0.941,0.936,0.927,0.934,0.951,0.889,0.91,0.907,0.884,0.943,0.023,0.944,0.913,0.891,0.922,0.949,0.897,0.949,0.895,0.933,0.947,0.89,0.887,0.885,0.922,0.922,0.891,0.906
0.903,0.888,0.884,0.952,0.891,0.892,0.88,0.941,0.903,0.928,0.881,0.95,0.89,1.0,0.955,0.883,0.897,0.884,0.883,0.883,0.88,0.884,0.877,0.891,0.894,0.889,0.899,0.951,0.898,0.896,0.938,0.895,0.024,0.882,0.873,0.913,0.881,0.896,0.936,0.89,0.957,0.886,0.888,0.946,0.942,0.885,0.889,0.888,0.931,0.904
0.887,0.881,0.877,0.955,0.895,0.878,0.885,0.924,0.906,0.92,0.87,0.963,0.884,0.955,1.0,0.879,0.886,0.881,0.882,0.886,0.885,0.885,0.883,0.881,0.886,0.876,0.893,0.937,0.888,0.891,0.939,0.893,0.024,0.889,0.861,0.903,0.887,0.892,0.93,0.89,0.947,0.889,0.895,0.944,0.94,0.892,0.88,0.88,0.918,0.899
0.891,0.901,0.883,0.881,0.917,0.903,0.987,0.889,0.894,0.866,0.907,0.889,0.924,0.883,0.879,1.0,0.911,0.918,0.922,0.989,0.91,0.918,0.923,0.905,0.905,0.902,0.919,0.887,0.897,0.889,0.873,0.918,0.023,0.913,0.889,0.879,0.985,0.913,0.887,0.916,0.885,0.91,0.912,0.888,0.888,0.879,0.905,0.904,0.882,0.899
0.898,0.941,0.893,0.893,0.925,0.936,0.906,0.897,0.895,0.876,0.911,0.894,0.928,0.897,0.886,0.911,1.0,0.914,0.919,0.906,0.906,0.923,0.913,0.94,0.941,0.939,0.931,0.895,0.898,0.903,0.885,0.933,0.024,0.92,0.92,0.895,0.906,0.92,0.896,0.918,0.896,0.928,0.917,0.894,0.892,0.883,0.934,0.935,0.892,0.9
0.88,0.909,0.874,0.885,0.932,0.922,0.922,0.884,0.902,0.868,0.92,0.884,0.939,0.884,0.881,0.918,0.914,1.0,0.951,0.92,0.93,0.946,0.941,0.918,0.915,0.912,0.935,0.882,0.9,0.886,0.881,0.932,0.025,0.934,0.9,0.881,0.921,0.934,0.889,0.933,0.882,0.92,0.936,0.887,0.889,0.886,0.917,0.918,0.884,0.899
0.89,0.909,0.879,0.887,0.922,0.921,0.923,0.886,0.896,0.865,0.914,0.888,0.94,0.883,0.882,0.922,0.919,0.951,1.0,0.92,0.929,0.941,0.939,0.923,0.919,0.917,0.935,0.89,0.895,0.891,0.878,0.927,0.023,0.931,0.904,0.881,0.918,0.925,0.892,0.933,0.889,0.92,0.929,0.888,0.889,0.886,0.917,0.918,0.88,0.901
0.889,0.898,0.884,0.885,0.92,0.903,0.996,0.886,0.897,0.865,0.903,0.89,0.923,0.883,0.886,0.989,0.906,0.92,0.92,1.0,0.914,0.918,0.925,0.904,0.901,0.897,0.916,0.887,0.896,0.885,0.879,0.917,0.023,0.914,0.887,0.875,0.995,0.911,0.889,0.92,0.886,0.913,0.915,0.892,0.893,0.881,0.905,0.905,0.879,0.897
0.884,0.9,0.877,0.881,0.931,0.905,0.915,0.877,0.899,0.865,0.907,0.885,0.924,0.88,0.885,0.91,0.906,0.93,0.929,0.914,1.0,0.932,0.94,0.902,0.901,0.906,0.924,0.88,0.887,0.882,0.884,0.926,0.023,0.932,0.882,0.871,0.916,0.929,0.88,0.926,0.881,0.909,0.924,0.887,0.89,0.898,0.914,0.914,0.872,0.888
0.893,0.914,0.881,0.89,0.943,0.923,0.921,0.885,0.9,0.866,0.926,0.89,0.95,0.884,0.885,0.918,0.923,0.946,0.941,0.918,0.932,1.0,0.968,0.924,0.916,0.92,0.945,0.885,0.902,0.893,0.877,0.938,0.023,0.96,0.898,0.884,0.916,0.943,0.893,0.944,0.888,0.926,0.943,0.889,0.889,0.892,0.914,0.915,0.883,0.902
0.888,0.907,0.881,0.88,0.933,0.915,0.927,0.877,0.902,0.858,0.919,0.879,0.941,0.877,0.883,0.923,0.913,0.941,0.939,0.925,0.94,0.968,1.0,0.916,0.908,0.91,0.935,0.878,0.892,0.882,0.876,0.934,0.023,0.962,0.892,0.872,0.926,0.931,0.881,0.938,0.881,0.919,0.93,0.884,0.891,0.899,0.906,0.907,0.873,0.894
0.91,0.96,0.891,0.89,0.925,0.955,0.905,0.898,0.901,0.879,0.922,0.898,0.936,0.891,0.881,0.905,0.94,0.918,0.923,0.904,0.902,0.924,0.916,1.0,0.956,0.937,0.935,0.892,0.902,0.907,0.877,0.929,0.025,0.921,0.941,0.893,0.902,0.927,0.897,0.929,0.893,0.928,0.927,0.888,0.885,0.886,0.929,0.93,0.897,0.906
0.895,0.951,0.892,0.892,0.915,0.95,0.9,0.895,0.898,0.878,0.912,0.894,0.927,0.894,0.886,0.905,0.941,0.915,0.919,0.901,0.901,0.916,0.908,0.956,1.0,0.936,0.926,0.894,0.894,0.897,0.884,0.932,0.023,0.91,0.93,0.888,0.899,0.923,0.892,0.919,0.892,0.927,0.924,0.893,0.888,0.879,0.928,0.928,0.898,0.899
0.909,0.939,0.894,0.888,0.92,0.937,0.897,0.892,0.884,0.89,0.927,0.891,0.934,0.889,0.876,0.902,0.939,0.912,0.917,0.897,0.906,0.92,0.91,0.937,0.936,1.0,0.927,0.893,0.902,0.897,0.878,0.927,0.025,0.91,0.921,0.903,0.895,0.927,0.894,0.918,0.89,0.923,0.922,0.891,0.887,0.876,0.927,0.928,0.893,0.894
0.905,0.931,0.891,0.896,0.94,0.924,0.918,0.9,0.904,0.884,0.933,0.905,0.951,0.899,0.893,0.919,0.931,0.935,0.935,0.916,0.924,0.945,0.935,0.935,0.926,0.927,1.0,0.896,0.903,0.906,0.888,0.949,0.024,0.935,0.911,0.889,0.914,0.958,0.896,0.942,0.901,0.935,0.96,0.896,0.891,0.891,0.926,0.927,0.896,0.908
0.891,0.886,0.883,0.943,0.888,0.889,0.886,0.972,0.902,0.925,0.876,0.94,0.889,0.951,0.937,0.887,0.895,0.882,0.89,0.887,0.88,0.885,0.878,0.892,0.894,0.893,0.896,1.0,0.895,0.888,0.929,0.895,0.023,0.883,0.874,0.911,0.884,0.891,0.931,0.892,0.942,0.882,0.887,0.984,0.978,0.887,0.887,0.886,0.927,0.898
0.906,0.902,0.894,0.888,0.913,0.905,0.897,0.897,0.902,0.89,0.887,0.896,0.91,0.898,0.888,0.897,0.898,0.9,0.895,0.896,0.887,0.902,0.892,0.902,0.894,0.902,0.903,0.895,1.0,0.906,0.886,0.905,0.025,0.895,0.886,0.898,0.892,0.902,0.9,0.905,0.893,0.894,0.9,0.893,0.892,0.9,0.896,0.896,0.894,0.952
0.921,0.909,0.894,0.888,0.903,0.901,0.886,0.894,0.92,0.886,0.892,0.896,0.907,0.896,0.891,0.889,0.903,0.886,0.891,0.885,0.882,0.893,0.882,0.907,0.897,0.897,0.906,0.888,0.906,1.0,0.884,0.898,0.024,0.89,0.886,0.894,0.883,0.903,0.899,0.905,0.896,0.9,0.901,0.887,0.88,0.899,0.9,0.901,0.895,0.911
0.88,0.88,0.88,0.932,0.891,0.877,0.878,0.922,0.901,0.92,0.87,0.929,0.884,0.938,0.939,0.873,0.885,0.881,0.878,0.879,0.884,0.877,0.876,0.877,0.884,0.878,0.888,0.929,0.886,0.884,1.0,0.889,0.023,0.883,0.856,0.898,0.883,0.886,0.929,0.888,0.96,0.888,0.888,0.939,0.939,0.893,0.881,0.882,0.924,0.891
0.896,0.93,0.893,0.895,0.939,0.923,0.918,0.893,0.907,0.879,0.926,0.897,0.943,0.895,0.893,0.918,0.933,0.932,0.927,0.917,0.926,0.938,0.934,0.929,0.932,0.927,0.949,0.895,0.905,0.898,0.889,1.0,0.023,0.929,0.905,0.887,0.915,0.943,0.897,0.936,0.9,0.93,0.943,0.893,0.894,0.886,0.927,0.928,0.89,0.906
0.024,0.023,0.023,0.023,0.024,0.024,0.023,0.023,0.025,0.025,0.024,0.023,0.023,0.024,0.024,0.023,0.024,0.025,0.023,0.023,0.023,0.023,0.023,0.025,0.023,0.025,0.024,0.023,0.025,0.024,0.023,0.023,1.0,0.023,0.024,0.025,0.023,0.023,0.023,0.025,0.023,0.024,0.025,0.023,0.023,0.023,0.025,0.025,0.024,0.026
0.888,0.914,0.877,0.892,0.939,0.918,0.917,0.887,0.905,0.865,0.919,0.889,0.944,0.882,0.889,0.913,0.92,0.934,0.931,0.914,0.932,0.96,0.962,0.921,0.91,0.91,0.935,0.883,0.895,0.89,0.883,0.929,0.023,1.0,0.897,0.883,0.916,0.941,0.89,0.939,0.889,0.923,0.933,0.893,0.895,0.893,0.908,0.909,0.882,0.897
0.895,0.936,0.877,0.874,0.899,0.937,0.889,0.881,0.878,0.886,0.923,0.874,0.913,0.873,0.861,0.889,0.92,0.9,0.904,0.887,0.882,0.898,0.892,0.941,0.93,0.921,0.911,0.874,0.886,0.886,0.856,0.905,0.024,0.897,1.0,0.886,0.886,0.903,0.878,0.906,0.873,0.908,0.899,0.87,0.866,0.861,0.912,0.911,0.876,0.885
0.897,0.894,0.878,0.91,0.884,0.889,0.875,0.91,0.897,0.915,0.886,0.907,0.891,0.913,0.903,0.879,0.895,0.881,0.881,0.875,0.871,0.884,0.872,0.893,0.888,0.903,0.889,0.911,0.898,0.894,0.898,0.887,0.025,0.883,0.886,1.0,0.874,0.888,0.917,0.883,0.909,0.88,0.885,0.91,0.908,0.877,0.887,0.886,0.918,0.891
0.885,0.896,0.883,0.884,0.919,0.902,0.994,0.884,0.9,0.863,0.901,0.888,0.922,0.881,0.887,0.985,0.906,0.921,0.918,0.995,0.916,0.916,0.926,0.902,0.899,0.895,0.914,0.884,0.892,0.883,0.883,0.915,0.023,0.916,0.886,0.874,1.0,0.908,0.889,0.916,0.886,0.912,0.913,0.892,0.895,0.885,0.903,0.903,0.877,0.894
0.899,0.925,0.89,0.897,0.94,0.929,0.913,0.893,0.908,0.88,0.931,0.902,0.949,0.896,0.892,0.913,0.92,0.934,0.925,0.911,0.929,0.943,0.931,0.927,0.923,0.927,0.958,0.891,0.902,0.903,0.886,0.943,0.023,0.941,0.903,0.888,0.908,1.0,0.902,0.939,0.899,0.928,0.957,0.896,0.891,0.887,0.919,0.921,0.895,0.906
0.895,0.891,0.891,0.941,0.897,0.895,0.89,0.926,0.909,0.918,0.882,0.936,0.897,0.936,0.93,0.887,0.896,0.889,0.892,0.889,0.88,0.893,0.881,0.897,0.892,0.894,0.896,0.931,0.9,0.899,0.929,0.897,0.023,0.89,0.878,0.917,0.889,0.902,1.0,0.901,0.942,0.898,0.897,0.933,0.929,0.887,0.889,0.89,0.931,0.904
0.903,0.923,0.89,0.893,0.95,0.923,0.921,0.894,0.904,0.874,0.929,0.895,0.949,0.89,0.89,0.916,0.918,0.933,0.933,0.92,0.926,0.944,0.938,0.929,0.919,0.918,0.942,0.892,0.905,0.905,0.888,0.936,0.025,0.939,0.906,0.883,0.916,0.939,0.901,1.0,0.899,0.931,0.944,0.897,0.895,0.897,0.926,0.928,0.889,0.913
0.895,0.892,0.89,0.951,0.894,0.892,0.885,0.932,0.905,0.929,0.883,0.947,0.895,0.957,0.947,0.885,0.896,0.882,0.889,0.886,0.881,0.888,0.881,0.893,0.892,0.89,0.901,0.942,0.893,0.896,0.96,0.9,0.023,0.889,0.873,0.909,0.886,0.899,0.942,0.899,1.0,0.896,0.892,0.945,0.941,0.894,0.891,0.891,0.923,0.906
0.897,0.924,0.891,0.892,0.933,0.924,0.914,0.883,0.906,0.871,0.914,0.897,0.933,0.886,0.889,0.91,0.928,0.92,0.92,0.913,0.909,0.926,0.919,0.928,0.927,0.923,0.935,0.882,0.894,0.9,0.888,0.93,0.024,0.923,0.908,0.88,0.912,0.928,0.898,0.931,0.896,1.0,0.938,0.889,0.884,0.886,0.934,0.936,0.893,0.901
0.893,0.921,0.893,0.892,0.944,0.919,0.917,0.889,0.913,0.878,0.922,0.901,0.947,0.888,0.895,0.912,0.917,0.936,0.929,0.915,0.924,0.943,0.93,0.927,0.924,0.922,0.96,0.887,0.9,0.901,0.888,0.943,0.025,0.933,0.899,0.885,0.913,0.957,0.897,0.944,0.892,0.938,1.0,0.895,0.891,0.891,0.923,0.925,0.892,0.906
0.888,0.886,0.885,0.942,0.898,0.885,0.891,0.966,0.912,0.921,0.876,0.941,0.89,0.946,0.944,0.888,0.894,0.887,0.888,0.892,0.887,0.889,0.884,0.888,0.893,0.891,0.896,0.984,0.893,0.887,0.939,0.893,0.023,0.893,0.87,0.91,0.892,0.896,0.933,0.897,0.945,0.889,0.895,1.0,0.987,0.897,0.883,0.883,0.925,0.895
0.886,0.883,0.882,0.94,0.896,0.883,0.893,0.962,0.907,0.916,0.874,0.934,0.887,0.942,0.94,0.888,0.892,0.889,0.889,0.893,0.89,0.889,0.891,0.885,0.888,0.887,0.891,0.978,0.892,0.88,0.939,0.894,0.023,0.895,0.866,0.908,0.895,0.891,0.929,0.895,0.941,0.884,0.891,0.987,1.0,0.894,0.881,0.881,0.918,0.894
0.881,0.879,0.878,0.886,0.895,0.884,0.883,0.889,0.905,0.876,0.864,0.888,0.885,0.885,0.892,0.879,0.883,0.886,0.886,0.881,0.898,0.892,0.899,0.886,0.879,0.876,0.891,0.887,0.9,0.899,0.893,0.886,0.023,0.893,0.861,0.877,0.885,0.887,0.887,0.897,0.894,0.886,0.891,0.897,0.894,1.0,0.883,0.885,0.889,0.908
0.888,0.925,0.886,0.889,0.925,0.928,0.906,0.887,0.894,0.876,0.908,0.889,0.922,0.889,0.88,0.905,0.934,0.917,0.917,0.905,0.914,0.914,0.906,0.929,0.928,0.927,0.926,0.887,0.896,0.9,0.881,0.927,0.025,0.908,0.912,0.887,0.903,0.919,0.889,0.926,0.891,0.934,0.923,0.883,0.881,0.883,1.0,0.998,0.888,0.905
0.888,0.926,0.886,0.889,0.927,0.929,0.906,0.887,0.895,0.876,0.909,0.889,0.922,0.888,0.88,0.904,0.935,0.918,0.918,0.905,0.914,0.915,0.907,0.93,0.928,0.928,0.927,0.886,0.896,0.901,0.882,0.928,0.025,0.909,0.911,0.886,0.903,0.921,0.89,0.928,0.891,0.936,0.925,0.883,0.881,0.885,0.998,1.0,0.888,0.906
0.891,0.891,0.884,0.931,0.891,0.893,0.878,0.926,0.895,0.921,0.88,0.925,0.891,0.931,0.918,0.882,0.892,0.884,0.88,0.879,0.872,0.883,0.873,0.897,0.898,0.893,0.896,0.927,0.894,0.895,0.924,0.89,0.024,0.882,0.876,0.918,0.877,0.895,0.931,0.889,0.923,0.893,0.892,0.925,0.918,0.889,0.888,0.888,1.0,0.895
0.908,0.899,0.89,0.9,0.906,0.907,0.898,0.898,0.916,0.891,0.889,0.904,0.906,0.904,0.899,0.899,0.9,0.899,0.901,0.897,0.888,0.902,0.894,0.906,0.899,0.894,0.908,0.898,0.952,0.911,0.891,0.906,0.026,0.897,0.885,0.891,0.894,0.906,0.904,0.913,0.906,0.901,0.906,0.895,0.894,0.908,0.905,0.906,0.895,1.0
