GCF_000163235.1_ASM16323v1_genomic.fna,GCF_000164555.1_ASM16455v1_genomic.fna,GCF_000208545.1_ASM20854v2_genomic.fna,GCF_000233875.1_ASM23387v1_genomic.fna,GCF_000249735.1_ASM24973v2_genomic.fna,GCF_000261145.1_Esch_coli_M919_V2_genomic.fna,GCF_000267705.2_ASM26770v2_genomic.fna,GCF_000350665.1_Esch_coli_KTE5_V1_genomic.fna,GCF_000351625.1_Esch_coli_KTE66_V1_genomic.fna,GCF_000352285.1_Esch_coli_KTE46_V1_genomic.fna,GCF_000358895.1_ASM35889v1_genomic.fna,GCF_000456385.1_Esch_coli_HVH_26_4-5703913_V1_genomic.fna,GCF_000458195.1_Esch_coli_HVH_147_4-5893887_V1_genomic.fna,GCF_000459755.1_Esch_coli_KOEGE_58_171a_V1_genomic.fna,GCF_000460055.1_Esch_coli_UMEA_3053-1_V1_genomic.fna,GCF_000462165.2_ASM46216v2_genomic.fna,GCF_000601135.1_ASM60113v1_genomic.fna,GCF_000614595.1_Ec2010EL1058_genomic.fna,GCF_000617745.1_Ec2010C-4529_genomic.fna,GCF_000618265.2_EcF6751_genomic.fna,GCF_000619005.2_Ec2009C-4052_genomic.fna,GCF_000619105.1_Ec2009C-4780_genomic.fna,GCF_000619765.2_Ec2009C-3279_genomic.fna,GCF_000687005.1_ASM68700v1_genomic.fna,GCF_000687025.1_ASM68702v1_genomic.fna,GCF_000700125.1_ASM70012v1_genomic.fna,GCF_000753315.1_FHI35_genomic.fna,GCF_000776375.1_ASM77637v1_genomic.fna,GCF_000779395.1_ASM77939v1_genomic.fna,GCF_000780315.1_ASM78031v1_genomic.fna,GCF_000781995.1_ASM78199v1_genomic.fna,GCF_000986765.1_ASM98676v1_genomic.fna,GCF_001041375.1_ViralProj287958_genomic.fna,GCF_001265335.1_302014_genomic.fna,GCF_001265625.1_100854_genomic.fna,GCF_001267345.1_303289_genomic.fna,GCF_001309985.1_ASM130998v1_genomic.fna,GCF_001521695.1_ASM152169v1_genomic.fna,GCF_001592595.1_ASM159259v1_genomic.fna,GCF_001614975.1_ASM161497v1_genomic.fna,GCF_001692775.1_ASM169277v1_genomic.fna,GCF_001748915.1_ASM174891v1_genomic.fna,GCF_001749235.1_ASM174923v1_genomic.fna,GCF_001881155.1_ASM188115v1_genomic.fna,GCF_001881345.1_ASM188134v1_genomic.fna,GCF_001892405.1_ASM189240v1_genomic.fna,GCF_001892585.1_ASM189258v1_genomic.fna,GCF_001893985.1_ASM189398v1_genomic.fna,GCF_002001595.1_ASM200159v1_genomic.fna,GCF_002002145.1_ASM200214v1_genomic.fna
1.0,0.538,0.489,0.51,0.554,0.538,0.515,0.515,0.64,0.513,0.541,0.517,0.54,0.519,0.504,0.522,0.533,0.542,0.529,0.512,0.508,0.53,0.548,0.546,0.542,0.536,0.536,0.516,0.572,0.632,0.495,0.53,0.0,0.534,0.502,0.51,0.513,0.542,0.502,0.53,0.499,0.51,0.535,0.508,0.522,0.504,0.512,0.514,0.502,0.578
0.538,1.0,0.435,0.488,0.67,0.804,0.576,0.505,0.514,0.496,0.637,0.517,0.638,0.498,0.486,0.577,0.742,0.643,0.639,0.571,0.629,0.64,0.654,0.804,0.818,0.744,0.628,0.495,0.526,0.516,0.485,0.673,0.0,0.641,0.738,0.466,0.572,0.654,0.489,0.643,0.493,0.724,0.634,0.515,0.515,0.483,0.715,0.717,0.495,0.512
0.489,0.435,1.0,0.403,0.439,0.433,0.412,0.408,0.468,0.406,0.426,0.416,0.428,0.417,0.41,0.42,0.445,0.437,0.424,0.409,0.417,0.432,0.446,0.431,0.443,0.433,0.427,0.411,0.456,0.479,0.399,0.437,0.0,0.439,0.396,0.429,0.411,0.435,0.416,0.437,0.409,0.421,0.439,0.412,0.414,0.394,0.43,0.432,0.421,0.456
0.51,0.488,0.403,1.0,0.499,0.478,0.473,0.727,0.497,0.769,0.501,0.741,0.502,0.797,0.796,0.475,0.47,0.49,0.49,0.469,0.456,0.499,0.496,0.491,0.494,0.494,0.488,0.786,0.541,0.5,0.739,0.5,0.0,0.49,0.476,0.67,0.471,0.492,0.697,0.492,0.756,0.469,0.495,0.757,0.764,0.47,0.463,0.463,0.706,0.528
0.554,0.67,0.439,0.499,1.0,0.698,0.576,0.509,0.532,0.493,0.771,0.511,0.732,0.52,0.506,0.584,0.676,0.712,0.707,0.57,0.694,0.713,0.726,0.678,0.689,0.681,0.72,0.505,0.542,0.545,0.496,0.717,0.0,0.715,0.648,0.493,0.572,0.727,0.505,0.737,0.499,0.67,0.733,0.5,0.511,0.48,0.688,0.691,0.49,0.526
0.538,0.804,0.433,0.478,0.698,1.0,0.6,0.515,0.517,0.476,0.65,0.498,0.658,0.492,0.481,0.605,0.744,0.665,0.653,0.597,0.646,0.648,0.677,0.79,0.819,0.729,0.639,0.491,0.535,0.522,0.472,0.685,0.0,0.674,0.744,0.492,0.595,0.668,0.522,0.659,0.48,0.721,0.659,0.498,0.5,0.485,0.727,0.73,0.475,0.53
0.515,0.576,0.412,0.473,0.576,0.6,1.0,0.489,0.53,0.47,0.567,0.476,0.561,0.493,0.478,0.953,0.589,0.632,0.608,0.988,0.619,0.598,0.625,0.593,0.592,0.58,0.566,0.47,0.512,0.526,0.466,0.6,0.0,0.585,0.552,0.486,0.99,0.564,0.499,0.569,0.468,0.577,0.573,0.478,0.485,0.475,0.581,0.583,0.462,0.526
0.515,0.505,0.408,0.727,0.509,0.515,0.489,1.0,0.5,0.722,0.486,0.745,0.495,0.743,0.724,0.501,0.497,0.495,0.495,0.487,0.47,0.486,0.504,0.498,0.505,0.494,0.494,0.896,0.552,0.509,0.738,0.5,0.0,0.487,0.455,0.666,0.487,0.521,0.727,0.489,0.746,0.477,0.502,0.903,0.891,0.488,0.472,0.475,0.696,0.539
0.64,0.514,0.468,0.497,0.532,0.517,0.53,0.5,1.0,0.511,0.53,0.504,0.526,0.522,0.509,0.538,0.525,0.53,0.515,0.528,0.507,0.527,0.546,0.525,0.524,0.515,0.526,0.494,0.554,0.646,0.5,0.523,0.0,0.524,0.487,0.502,0.527,0.518,0.509,0.532,0.498,0.521,0.54,0.495,0.503,0.501,0.508,0.511,0.495,0.572
0.513,0.496,0.406,0.769,0.493,0.476,0.47,0.722,0.511,1.0,0.502,0.715,0.505,0.753,0.74,0.482,0.474,0.487,0.474,0.469,0.447,0.491,0.48,0.496,0.488,0.493,0.492,0.751,0.535,0.507,0.768,0.478,0.0,0.479,0.456,0.676,0.468,0.493,0.705,0.498,0.759,0.469,0.493,0.727,0.738,0.459,0.454,0.455,0.718,0.523
0.541,0.637,0.426,0.501,0.771,0.65,0.567,0.486,0.53,0.502,1.0,0.486,0.777,0.51,0.5,0.582,0.647,0.723,0.706,0.565,0.666,0.739,0.709,0.682,0.65,0.679,0.712,0.492,0.504,0.537,0.483,0.685,0.0,0.705,0.684,0.501,0.564,0.709,0.486,0.764,0.482,0.651,0.715,0.476,0.484,0.458,0.644,0.647,0.486,0.513
0.517,0.517,0.416,0.741,0.511,0.498,0.476,0.745,0.504,0.715,0.486,1.0,0.483,0.746,0.839,0.484,0.491,0.487,0.48,0.47,0.466,0.478,0.492,0.489,0.499,0.488,0.48,0.747,0.553,0.522,0.711,0.496,0.0,0.483,0.455,0.658,0.473,0.494,0.713,0.483,0.75,0.471,0.488,0.755,0.754,0.489,0.48,0.482,0.672,0.53
0.54,0.638,0.428,0.502,0.732,0.658,0.561,0.495,0.526,0.505,0.777,0.483,1.0,0.499,0.492,0.573,0.637,0.727,0.742,0.558,0.708,0.805,0.781,0.687,0.655,0.676,0.77,0.497,0.523,0.541,0.486,0.711,0.0,0.776,0.663,0.489,0.558,0.75,0.49,0.797,0.483,0.647,0.753,0.481,0.486,0.466,0.65,0.653,0.491,0.527
0.519,0.498,0.417,0.797,0.52,0.492,0.493,0.743,0.522,0.753,0.51,0.746,0.499,1.0,0.79,0.5,0.485,0.504,0.501,0.492,0.468,0.502,0.506,0.501,0.506,0.501,0.499,0.787,0.554,0.519,0.757,0.505,0.0,0.498,0.47,0.681,0.49,0.511,0.713,0.502,0.776,0.478,0.505,0.765,0.772,0.481,0.475,0.476,0.723,0.541
0.504,0.486,0.41,0.796,0.506,0.481,0.478,0.724,0.509,0.74,0.5,0.839,0.492,0.79,1.0,0.485,0.484,0.492,0.489,0.476,0.459,0.492,0.493,0.5,0.501,0.499,0.491,0.77,0.544,0.507,0.746,0.492,0.0,0.483,0.468,0.674,0.475,0.492,0.7,0.494,0.761,0.465,0.497,0.739,0.746,0.482,0.472,0.474,0.698,0.551
0.522,0.577,0.42,0.475,0.584,0.605,0.953,0.501,0.538,0.482,0.582,0.484,0.573,0.5,0.485,1.0,0.601,0.624,0.613,0.955,0.597,0.607,0.624,0.6,0.599,0.591,0.572,0.483,0.513,0.54,0.474,0.585,0.0,0.584,0.553,0.497,0.95,0.573,0.508,0.578,0.48,0.577,0.576,0.489,0.492,0.475,0.578,0.581,0.476,0.53
0.533,0.742,0.445,0.47,0.676,0.744,0.589,0.497,0.525,0.474,0.647,0.491,0.637,0.485,0.484,0.601,1.0,0.653,0.65,0.584,0.638,0.66,0.68,0.768,0.767,0.77,0.647,0.484,0.524,0.528,0.471,0.694,0.0,0.67,0.694,0.49,0.586,0.641,0.5,0.659,0.482,0.72,0.653,0.495,0.508,0.465,0.73,0.732,0.467,0.519
0.542,0.643,0.437,0.49,0.712,0.665,0.632,0.495,0.53,0.487,0.723,0.487,0.727,0.504,0.492,0.624,0.653,1.0,0.774,0.627,0.728,0.758,0.764,0.669,0.659,0.671,0.73,0.489,0.534,0.54,0.487,0.705,0.0,0.737,0.644,0.521,0.628,0.71,0.515,0.744,0.484,0.655,0.732,0.482,0.493,0.471,0.656,0.659,0.473,0.547
0.529,0.639,0.424,0.49,0.707,0.653,0.608,0.495,0.515,0.474,0.706,0.48,0.742,0.501,0.489,0.613,0.65,0.774,1.0,0.603,0.722,0.764,0.76,0.675,0.66,0.672,0.732,0.481,0.515,0.529,0.475,0.701,0.0,0.729,0.638,0.504,0.605,0.706,0.5,0.747,0.472,0.646,0.725,0.468,0.479,0.459,0.64,0.643,0.474,0.531
0.512,0.571,0.409,0.469,0.57,0.597,0.988,0.487,0.528,0.469,0.565,0.47,0.558,0.492,0.476,0.955,0.584,0.627,0.603,1.0,0.62,0.595,0.618,0.589,0.587,0.577,0.565,0.468,0.508,0.525,0.464,0.597,0.0,0.58,0.548,0.483,0.99,0.56,0.496,0.568,0.467,0.572,0.57,0.475,0.483,0.476,0.576,0.578,0.461,0.527
0.508,0.629,0.417,0.456,0.694,0.646,0.619,0.47,0.507,0.447,0.666,0.466,0.708,0.468,0.459,0.597,0.638,0.728,0.722,0.62,1.0,0.739,0.766,0.64,0.639,0.653,0.691,0.462,0.486,0.522,0.452,0.718,0.0,0.732,0.606,0.481,0.617,0.688,0.49,0.718,0.464,0.638,0.697,0.47,0.474,0.477,0.668,0.67,0.443,0.51
0.53,0.64,0.432,0.499,0.713,0.648,0.598,0.486,0.527,0.491,0.739,0.478,0.805,0.502,0.492,0.607,0.66,0.758,0.764,0.595,0.739,1.0,0.903,0.686,0.663,0.677,0.766,0.493,0.508,0.526,0.475,0.725,0.0,0.862,0.644,0.502,0.596,0.749,0.493,0.793,0.472,0.647,0.768,0.48,0.487,0.464,0.649,0.652,0.49,0.523
0.548,0.654,0.446,0.496,0.726,0.677,0.625,0.504,0.546,0.48,0.709,0.492,0.781,0.506,0.493,0.624,0.68,0.764,0.76,0.618,0.766,0.903,1.0,0.676,0.679,0.673,0.765,0.499,0.527,0.531,0.487,0.753,0.0,0.856,0.637,0.51,0.62,0.743,0.514,0.761,0.489,0.662,0.75,0.502,0.511,0.474,0.661,0.664,0.483,0.527
0.546,0.804,0.431,0.491,0.678,0.79,0.593,0.498,0.525,0.496,0.682,0.489,0.687,0.501,0.5,0.6,0.768,0.669,0.675,0.589,0.64,0.686,0.676,1.0,0.833,0.779,0.675,0.497,0.512,0.54,0.477,0.672,0.0,0.674,0.796,0.497,0.589,0.652,0.482,0.682,0.476,0.729,0.664,0.483,0.498,0.471,0.71,0.712,0.488,0.529
0.542,0.818,0.443,0.494,0.689,0.819,0.592,0.505,0.524,0.488,0.65,0.499,0.655,0.506,0.501,0.599,0.767,0.659,0.66,0.587,0.639,0.663,0.679,0.833,1.0,0.775,0.651,0.501,0.524,0.53,0.474,0.697,0.0,0.659,0.78,0.484,0.589,0.667,0.488,0.66,0.485,0.713,0.663,0.508,0.507,0.478,0.718,0.72,0.496,0.523
0.536,0.744,0.433,0.494,0.681,0.729,0.58,0.494,0.515,0.493,0.679,0.488,0.676,0.501,0.499,0.591,0.77,0.671,0.672,0.577,0.653,0.677,0.673,0.779,0.775,1.0,0.667,0.498,0.52,0.534,0.476,0.659,0.0,0.664,0.723,0.493,0.576,0.672,0.485,0.692,0.479,0.713,0.669,0.499,0.498,0.469,0.709,0.712,0.498,0.529
0.536,0.628,0.427,0.488,0.72,0.639,0.566,0.494,0.526,0.492,0.712,0.48,0.77,0.499,0.491,0.572,0.647,0.73,0.732,0.565,0.691,0.766,0.765,0.675,0.651,0.667,1.0,0.493,0.517,0.523,0.479,0.721,0.0,0.745,0.634,0.502,0.564,0.813,0.483,0.781,0.477,0.637,0.832,0.478,0.487,0.464,0.634,0.637,0.491,0.525
0.516,0.495,0.411,0.786,0.505,0.491,0.47,0.896,0.494,0.751,0.492,0.747,0.497,0.787,0.77,0.483,0.484,0.489,0.481,0.468,0.462,0.493,0.499,0.497,0.501,0.498,0.493,1.0,0.547,0.505,0.743,0.49,0.0,0.496,0.457,0.68,0.468,0.519,0.698,0.487,0.762,0.468,0.496,0.951,0.941,0.47,0.463,0.465,0.721,0.529
0.572,0.526,0.456,0.541,0.542,0.535,0.512,0.552,0.554,0.535,0.504,0.553,0.523,0.554,0.544,0.513,0.524,0.534,0.515,0.508,0.486,0.508,0.527,0.512,0.524,0.52,0.517,0.547,1.0,0.551,0.532,0.532,0.0,0.516,0.477,0.533,0.51,0.526,0.536,0.517,0.524,0.503,0.522,0.539,0.548,0.595,0.507,0.509,0.531,0.834
0.632,0.516,0.479,0.5,0.545,0.522,0.526,0.509,0.646,0.507,0.537,0.522,0.541,0.519,0.507,0.54,0.528,0.54,0.529,0.525,0.522,0.526,0.531,0.54,0.53,0.534,0.523,0.505,0.551,1.0,0.491,0.517,0.0,0.527,0.501,0.507,0.523,0.521,0.504,0.549,0.498,0.518,0.536,0.498,0.503,0.525,0.528,0.529,0.487,0.573
0.495,0.485,0.399,0.739,0.496,0.472,0.466,0.738,0.5,0.768,0.483,0.711,0.486,0.757,0.746,0.474,0.471,0.487,0.475,0.464,0.452,0.475,0.487,0.477,0.474,0.476,0.479,0.743,0.532,0.491,1.0,0.486,0.0,0.477,0.438,0.66,0.463,0.486,0.701,0.479,0.887,0.467,0.478,0.739,0.745,0.474,0.46,0.461,0.694,0.523
0.53,0.673,0.437,0.5,0.717,0.685,0.6,0.5,0.523,0.478,0.685,0.496,0.711,0.505,0.492,0.585,0.694,0.705,0.701,0.597,0.718,0.725,0.753,0.672,0.697,0.659,0.721,0.49,0.532,0.517,0.486,1.0,0.0,0.725,0.625,0.479,0.597,0.742,0.51,0.725,0.488,0.678,0.742,0.496,0.5,0.483,0.683,0.685,0.475,0.514
0.0,0.0,0.0,0.0,0.0,0.0,0.0,0.0,0.0,0.0,0.0,0.0,0.0,0.0,0.0,0.0,0.0,0.0,0.0,0.0,0.0,0.0,0.0,0.0,0.0,0.0,0.0,0.0,0.0,0.0,0.0,0.0,1.0,0.0,0.0,0.0,0.0,0.0,0.0,0.0,0.0,0.0,0.0,0.0,0.0,0.0,0.0,0.0,0.0,0.0
0.534,0.641,0.439,0.49,0.715,0.674,0.585,0.487,0.524,0.479,0.705,0.483,0.776,0.498,0.483,0.584,0.67,0.737,0.729,0.58,0.732,0.862,0.856,0.674,0.659,0.664,0.745,0.496,0.516,0.527,0.477,0.725,0.0,1.0,0.634,0.523,0.581,0.74,0.508,0.757,0.47,0.642,0.758,0.484,0.498,0.461,0.656,0.658,0.479,0.519
0.502,0.738,0.396,0.476,0.648,0.744,0.552,0.455,0.487,0.456,0.684,0.455,0.663,0.47,0.468,0.553,0.694,0.644,0.638,0.548,0.606,0.644,0.637,0.796,0.78,0.723,0.634,0.457,0.477,0.501,0.438,0.625,0.0,0.634,1.0,0.457,0.548,0.62,0.448,0.649,0.438,0.669,0.642,0.443,0.455,0.443,0.66,0.661,0.449,0.482
0.51,0.466,0.429,0.67,0.493,0.492,0.486,0.666,0.502,0.676,0.501,0.658,0.489,0.681,0.674,0.497,0.49,0.521,0.504,0.483,0.481,0.502,0.51,0.497,0.484,0.493,0.502,0.68,0.533,0.507,0.66,0.479,0.0,0.523,0.457,1.0,0.483,0.482,0.698,0.498,0.661,0.459,0.502,0.658,0.671,0.469,0.461,0.463,0.67,0.528
0.513,0.572,0.411,0.471,0.572,0.595,0.99,0.487,0.527,0.468,0.564,0.473,0.558,0.49,0.475,0.95,0.586,0.628,0.605,0.99,0.617,0.596,0.62,0.589,0.589,0.576,0.564,0.468,0.51,0.523,0.463,0.597,0.0,0.581,0.548,0.483,1.0,0.561,0.497,0.567,0.466,0.575,0.571,0.476,0.483,0.475,0.578,0.58,0.46,0.525
0.542,0.654,0.435,0.492,0.727,0.668,0.564,0.521,0.518,0.493,0.709,0.494,0.75,0.511,0.492,0.573,0.641,0.71,0.706,0.56,0.688,0.749,0.743,0.652,0.667,0.672,0.813,0.519,0.526,0.521,0.486,0.742,0.0,0.74,0.62,0.482,0.561,1.0,0.505,0.773,0.493,0.654,0.858,0.511,0.502,0.463,0.664,0.667,0.496,0.521
0.502,0.489,0.416,0.697,0.505,0.522,0.499,0.727,0.509,0.705,0.486,0.713,0.49,0.713,0.7,0.508,0.5,0.515,0.5,0.496,0.49,0.493,0.514,0.482,0.488,0.485,0.483,0.698,0.536,0.504,0.701,0.51,0.0,0.508,0.448,0.698,0.497,0.505,1.0,0.491,0.709,0.486,0.508,0.708,0.71,0.48,0.49,0.491,0.68,0.524
0.53,0.643,0.437,0.492,0.737,0.659,0.569,0.489,0.532,0.498,0.764,0.483,0.797,0.502,0.494,0.578,0.659,0.744,0.747,0.568,0.718,0.793,0.761,0.682,0.66,0.692,0.781,0.487,0.517,0.549,0.479,0.725,0.0,0.757,0.649,0.498,0.567,0.773,0.491,1.0,0.477,0.655,0.786,0.472,0.483,0.479,0.681,0.684,0.486,0.538
0.499,0.493,0.409,0.756,0.499,0.48,0.468,0.746,0.498,0.759,0.482,0.75,0.483,0.776,0.761,0.48,0.482,0.484,0.472,0.467,0.464,0.472,0.489,0.476,0.485,0.479,0.477,0.762,0.524,0.498,0.887,0.488,0.0,0.47,0.438,0.661,0.466,0.493,0.709,0.477,1.0,0.473,0.48,0.769,0.767,0.477,0.467,0.468,0.697,0.52
0.51,0.724,0.421,0.469,0.67,0.721,0.577,0.477,0.521,0.469,0.651,0.471,0.647,0.478,0.465,0.577,0.72,0.655,0.646,0.572,0.638,0.647,0.662,0.729,0.713,0.713,0.637,0.468,0.503,0.518,0.467,0.678,0.0,0.642,0.669,0.459,0.575,0.654,0.486,0.655,0.473,1.0,0.672,0.471,0.474,0.459,0.749,0.75,0.449,0.505
0.535,0.634,0.439,0.495,0.733,0.659,0.573,0.502,0.54,0.493,0.715,0.488,0.753,0.505,0.497,0.576,0.653,0.732,0.725,0.57,0.697,0.768,0.75,0.664,0.663,0.669,0.832,0.496,0.522,0.536,0.478,0.742,0.0,0.758,0.642,0.502,0.571,0.858,0.508,0.786,0.48,0.672,1.0,0.486,0.493,0.471,0.665,0.668,0.489,0.535
0.508,0.515,0.412,0.757,0.5,0.498,0.478,0.903,0.495,0.727,0.476,0.755,0.481,0.765,0.739,0.489,0.495,0.482,0.468,0.475,0.47,0.48,0.502,0.483,0.508,0.499,0.478,0.951,0.539,0.498,0.739,0.496,0.0,0.484,0.443,0.658,0.476,0.511,0.708,0.472,0.769,0.471,0.486,1.0,0.957,0.481,0.47,0.472,0.707,0.52
0.522,0.515,0.414,0.764,0.511,0.5,0.485,0.891,0.503,0.738,0.484,0.754,0.486,0.772,0.746,0.492,0.508,0.493,0.479,0.483,0.474,0.487,0.511,0.498,0.507,0.498,0.487,0.941,0.548,0.503,0.745,0.5,0.0,0.498,0.455,0.671,0.483,0.502,0.71,0.483,0.767,0.474,0.493,0.957,1.0,0.48,0.481,0.483,0.701,0.529
0.504,0.483,0.394,0.47,0.48,0.485,0.475,0.488,0.501,0.459,0.458,0.489,0.466,0.481,0.482,0.475,0.465,0.471,0.459,0.476,0.477,0.464,0.474,0.471,0.478,0.469,0.464,0.47,0.595,0.525,0.474,0.483,0.0,0.461,0.443,0.469,0.475,0.463,0.48,0.479,0.477,0.459,0.471,0.481,0.48,1.0,0.516,0.517,0.476,0.636
0.512,0.715,0.43,0.463,0.688,0.727,0.581,0.472,0.508,0.454,0.644,0.48,0.65,0.475,0.472,0.578,0.73,0.656,0.64,0.576,0.668,0.649,0.661,0.71,0.718,0.709,0.634,0.463,0.507,0.528,0.46,0.683,0.0,0.656,0.66,0.461,0.578,0.664,0.49,0.681,0.467,0.749,0.665,0.47,0.481,0.516,1.0,0.997,0.454,0.525
0.514,0.717,0.432,0.463,0.691,0.73,0.583,0.475,0.511,0.455,0.647,0.482,0.653,0.476,0.474,0.581,0.732,0.659,0.643,0.578,0.67,0.652,0.664,0.712,0.72,0.712,0.637,0.465,0.509,0.529,0.461,0.685,0.0,0.658,0.661,0.463,0.58,0.667,0.491,0.684,0.468,0.75,0.668,0.472,0.483,0.517,0.997,1.0,0.457,0.527
0.502,0.495,0.421,0.706,0.49,0.475,0.462,0.696,0.495,0.718,0.486,0.672,0.491,0.723,0.698,0.476,0.467,0.473,0.474,0.461,0.443,0.49,0.483,0.488,0.496,0.498,0.491,0.721,0.531,0.487,0.694,0.475,0.0,0.479,0.449,0.67,0.46,0.496,0.68,0.486,0.697,0.449,0.489,0.707,0.701,0.476,0.454,0.457,1.0,0.523
0.578,0.512,0.456,0.528,0.526,0.53,0.526,0.539,0.572,0.523,0.513,0.53,0.527,0.541,0.551,0.53,0.519,0.547,0.531,0.527,0.51,0.523,0.527,0.529,0.523,0.529,0.525,0.529,0.834,0.573,0.523,0.514,0.0,0.519,0.482,0.528,0.525,0.521,0.524,0.538,0.52,0.505,0.535,0.52,0.529,0.636,0.525,0.527,0.523,1.0
