GCF_000163235.1_ASM16323v1_genomic.fna,GCF_000164555.1_ASM16455v1_genomic.fna,GCF_000208545.1_ASM20854v2_genomic.fna,GCF_000233875.1_ASM23387v1_genomic.fna,GCF_000249735.1_ASM24973v2_genomic.fna,GCF_000261145.1_Esch_coli_M919_V2_genomic.fna,GCF_000267705.2_ASM26770v2_genomic.fna,GCF_000350665.1_Esch_coli_KTE5_V1_genomic.fna,GCF_000351625.1_Esch_coli_KTE66_V1_genomic.fna,GCF_000352285.1_Esch_coli_KTE46_V1_genomic.fna,GCF_000358895.1_ASM35889v1_genomic.fna,GCF_000456385.1_Esch_coli_HVH_26_4-5703913_V1_genomic.fna,GCF_000458195.1_Esch_coli_HVH_147_4-5893887_V1_genomic.fna,GCF_000459755.1_Esch_coli_KOEGE_58_171a_V1_genomic.fna,GCF_000460055.1_Esch_coli_UMEA_3053-1_V1_genomic.fna,GCF_000462165.2_ASM46216v2_genomic.fna,GCF_000601135.1_ASM60113v1_genomic.fna,GCF_000614595.1_Ec2010EL1058_genomic.fna,GCF_000617745.1_Ec2010C-4529_genomic.fna,GCF_000618265.2_EcF6751_genomic.fna,GCF_000619005.2_Ec2009C-4052_genomic.fna,GCF_000619105.1_Ec2009C-4780_genomic.fna,GCF_000619765.2_Ec2009C-3279_genomic.fna,GCF_000687005.1_ASM68700v1_genomic.fna,GCF_000687025.1_ASM68702v1_genomic.fna,GCF_000700125.1_ASM70012v1_genomic.fna,GCF_000753315.1_FHI35_genomic.fna,GCF_000776375.1_ASM77637v1_genomic.fna,GCF_000779395.1_ASM77939v1_genomic.fna,GCF_000780315.1_ASM78031v1_genomic.fna,GCF_000781995.1_ASM78199v1_genomic.fna,GCF_000986765.1_ASM98676v1_genomic.fna,GCF_001041375.1_ViralProj287958_genomic.fna,GCF_001265335.1_302014_genomic.fna,GCF_001265625.1_100854_genomic.fna,GCF_001267345.1_303289_genomic.fna,GCF_001309985.1_ASM130998v1_genomic.fna,GCF_001521695.1_ASM152169v1_genomic.fna,GCF_001592595.1_ASM159259v1_genomic.fna,GCF_001614975.1_ASM161497v1_genomic.fna,GCF_001692775.1_ASM169277v1_genomic.fna,GCF_001748915.1_ASM174891v1_genomic.fna,GCF_001749235.1_ASM174923v1_genomic.fna,GCF_001881155.1_ASM188115v1_genomic.fna,GCF_001881345.1_ASM188134v1_genomic.fna,GCF_001892405.1_ASM189240v1_genomic.fna,GCF_001892585.1_ASM189258v1_genomic.fna,GCF_001893985.1_ASM189398v1_genomic.fna,GCF_002001595.1_ASM200159v1_genomic.fna,GCF_002002145.1_ASM200214v1_genomic.fna
1.0,0.582,0.509,0.51,0.588,0.563,0.558,0.519,0.665,0.523,0.554,0.534,0.577,0.506,0.513,0.555,0.571,0.561,0.568,0.556,0.562,0.56,0.576,0.574,0.557,0.549,0.563,0.501,0.587,0.649,0.513,0.583,0.0,0.57,0.53,0.514,0.558,0.573,0.525,0.564,0.516,0.562,0.572,0.508,0.519,0.527,0.553,0.552,0.501,0.593
0.582,1.0,0.445,0.492,0.691,0.812,0.592,0.504,0.543,0.502,0.65,0.52,0.667,0.486,0.494,0.591,0.75,0.662,0.652,0.591,0.648,0.653,0.661,0.814,0.813,0.728,0.654,0.493,0.559,0.547,0.493,0.688,0.0,0.662,0.762,0.49,0.592,0.684,0.496,0.652,0.494,0.738,0.679,0.506,0.512,0.467,0.734,0.734,0.487,0.547
0.509,0.445,1.0,0.406,0.437,0.428,0.44,0.41,0.478,0.41,0.418,0.41,0.442,0.413,0.418,0.438,0.446,0.438,0.433,0.439,0.433,0.432,0.438,0.435,0.424,0.418,0.433,0.404,0.472,0.491,0.414,0.453,0.0,0.44,0.407,0.412,0.439,0.438,0.408,0.437,0.416,0.44,0.445,0.408,0.407,0.419,0.438,0.438,0.408,0.476
0.51,0.492,0.406,1.0,0.496,0.493,0.476,0.758,0.496,0.771,0.494,0.766,0.496,0.812,0.789,0.481,0.491,0.502,0.503,0.47,0.471,0.503,0.504,0.509,0.496,0.5,0.484,0.795,0.534,0.506,0.765,0.497,0.0,0.487,0.481,0.698,0.467,0.503,0.7,0.497,0.792,0.478,0.487,0.786,0.774,0.482,0.472,0.471,0.723,0.538
0.588,0.691,0.437,0.496,1.0,0.712,0.625,0.522,0.559,0.498,0.781,0.504,0.739,0.5,0.504,0.618,0.707,0.712,0.714,0.621,0.724,0.714,0.726,0.708,0.693,0.692,0.733,0.502,0.566,0.57,0.491,0.724,0.0,0.728,0.673,0.508,0.618,0.746,0.508,0.721,0.506,0.694,0.754,0.508,0.513,0.478,0.708,0.708,0.495,0.549
0.563,0.812,0.428,0.493,0.712,1.0,0.621,0.518,0.55,0.496,0.665,0.501,0.673,0.496,0.495,0.613,0.76,0.687,0.675,0.62,0.663,0.671,0.68,0.825,0.834,0.736,0.67,0.497,0.571,0.551,0.498,0.682,0.0,0.683,0.785,0.511,0.618,0.688,0.515,0.672,0.506,0.743,0.681,0.506,0.503,0.475,0.742,0.742,0.491,0.561
0.558,0.592,0.44,0.476,0.625,0.621,1.0,0.484,0.55,0.477,0.603,0.475,0.617,0.478,0.47,0.946,0.613,0.65,0.645,0.981,0.656,0.645,0.662,0.617,0.61,0.604,0.625,0.472,0.552,0.553,0.472,0.616,0.0,0.633,0.591,0.517,0.983,0.614,0.493,0.62,0.477,0.602,0.626,0.479,0.481,0.461,0.587,0.586,0.471,0.552
0.519,0.504,0.41,0.758,0.522,0.518,0.484,1.0,0.497,0.743,0.494,0.749,0.507,0.754,0.731,0.49,0.51,0.513,0.513,0.477,0.48,0.504,0.508,0.532,0.514,0.51,0.496,0.911,0.557,0.512,0.726,0.503,0.0,0.502,0.487,0.69,0.475,0.528,0.696,0.512,0.735,0.492,0.509,0.916,0.888,0.485,0.494,0.492,0.707,0.543
0.665,0.543,0.478,0.496,0.559,0.55,0.55,0.497,1.0,0.506,0.534,0.499,0.546,0.495,0.498,0.542,0.547,0.536,0.537,0.549,0.538,0.551,0.558,0.544,0.531,0.523,0.542,0.495,0.584,0.667,0.502,0.558,0.0,0.547,0.513,0.51,0.549,0.542,0.509,0.543,0.504,0.544,0.564,0.498,0.497,0.523,0.536,0.535,0.489,0.598
0.523,0.502,0.41,0.771,0.498,0.496,0.477,0.743,0.506,1.0,0.515,0.743,0.519,0.759,0.743,0.485,0.494,0.5,0.503,0.471,0.467,0.497,0.493,0.508,0.49,0.509,0.49,0.77,0.551,0.519,0.762,0.481,0.0,0.486,0.485,0.684,0.468,0.494,0.704,0.498,0.769,0.479,0.485,0.756,0.752,0.483,0.467,0.465,0.724,0.54
0.554,0.65,0.418,0.494,0.781,0.665,0.603,0.494,0.534,0.515,1.0,0.476,0.772,0.5,0.473,0.616,0.661,0.732,0.719,0.596,0.7,0.729,0.712,0.697,0.665,0.709,0.73,0.503,0.533,0.554,0.472,0.687,0.0,0.708,0.687,0.498,0.593,0.732,0.487,0.753,0.48,0.677,0.728,0.488,0.483,0.456,0.657,0.657,0.487,0.534
0.534,0.52,0.41,0.766,0.504,0.501,0.475,0.749,0.499,0.743,0.476,1.0,0.495,0.758,0.87,0.473,0.501,0.493,0.494,0.468,0.478,0.491,0.507,0.511,0.497,0.49,0.486,0.748,0.547,0.514,0.736,0.495,0.0,0.497,0.474,0.684,0.466,0.502,0.712,0.488,0.758,0.48,0.501,0.755,0.762,0.484,0.483,0.481,0.699,0.535
0.577,0.667,0.442,0.496,0.739,0.673,0.617,0.507,0.546,0.519,0.772,0.495,1.0,0.497,0.488,0.625,0.667,0.759,0.776,0.61,0.76,0.808,0.8,0.702,0.671,0.691,0.787,0.508,0.558,0.567,0.478,0.745,0.0,0.787,0.679,0.503,0.607,0.775,0.49,0.798,0.485,0.677,0.77,0.496,0.489,0.455,0.678,0.677,0.492,0.55
0.506,0.486,0.413,0.812,0.5,0.496,0.478,0.754,0.495,0.759,0.5,0.758,0.497,1.0,0.784,0.483,0.484,0.504,0.496,0.473,0.463,0.495,0.492,0.505,0.487,0.497,0.489,0.788,0.551,0.498,0.76,0.486,0.0,0.479,0.48,0.683,0.471,0.503,0.689,0.497,0.781,0.477,0.488,0.774,0.759,0.488,0.468,0.467,0.728,0.546
0.513,0.494,0.418,0.789,0.504,0.495,0.47,0.731,0.498,0.743,0.473,0.87,0.488,0.784,1.0,0.466,0.501,0.487,0.484,0.468,0.473,0.488,0.499,0.49,0.484,0.481,0.481,0.747,0.535,0.508,0.774,0.489,0.0,0.487,0.466,0.684,0.465,0.496,0.718,0.481,0.794,0.482,0.493,0.753,0.753,0.501,0.492,0.491,0.714,0.557
0.555,0.591,0.438,0.481,0.618,0.613,0.946,0.49,0.542,0.485,0.616,0.473,0.625,0.483,0.466,1.0,0.612,0.651,0.648,0.947,0.626,0.648,0.651,0.619,0.606,0.614,0.624,0.479,0.553,0.554,0.465,0.598,0.0,0.631,0.591,0.521,0.943,0.621,0.489,0.624,0.474,0.598,0.614,0.482,0.475,0.461,0.583,0.582,0.479,0.548
0.571,0.75,0.446,0.491,0.707,0.76,0.613,0.51,0.547,0.494,0.661,0.501,0.667,0.484,0.501,0.612,1.0,0.669,0.662,0.61,0.662,0.675,0.688,0.782,0.771,0.771,0.666,0.496,0.566,0.559,0.489,0.723,0.0,0.688,0.73,0.51,0.608,0.675,0.504,0.671,0.496,0.73,0.692,0.504,0.513,0.464,0.747,0.746,0.479,0.554
0.561,0.662,0.438,0.502,0.712,0.687,0.65,0.513,0.536,0.5,0.732,0.493,0.759,0.504,0.487,0.651,0.669,1.0,0.805,0.642,0.769,0.789,0.779,0.702,0.68,0.683,0.77,0.501,0.555,0.553,0.479,0.723,0.0,0.744,0.676,0.524,0.64,0.747,0.503,0.765,0.488,0.672,0.741,0.501,0.494,0.455,0.664,0.663,0.489,0.55
0.568,0.652,0.433,0.503,0.714,0.675,0.645,0.513,0.537,0.503,0.719,0.494,0.776,0.496,0.484,0.648,0.662,0.805,1.0,0.638,0.777,0.801,0.794,0.693,0.67,0.67,0.769,0.5,0.547,0.553,0.482,0.729,0.0,0.757,0.667,0.527,0.638,0.752,0.507,0.773,0.49,0.67,0.746,0.498,0.492,0.457,0.659,0.657,0.496,0.543
0.556,0.591,0.439,0.47,0.621,0.62,0.981,0.477,0.549,0.471,0.596,0.468,0.61,0.473,0.468,0.947,0.61,0.642,0.638,1.0,0.654,0.638,0.651,0.609,0.608,0.599,0.616,0.466,0.547,0.552,0.47,0.615,0.0,0.627,0.586,0.51,0.992,0.608,0.491,0.612,0.476,0.6,0.621,0.47,0.472,0.462,0.587,0.586,0.465,0.549
0.562,0.648,0.433,0.471,0.724,0.663,0.656,0.48,0.538,0.467,0.7,0.478,0.76,0.463,0.473,0.626,0.662,0.769,0.777,0.654,1.0,0.778,0.789,0.668,0.652,0.648,0.758,0.473,0.523,0.561,0.467,0.758,0.0,0.777,0.647,0.502,0.653,0.742,0.493,0.758,0.473,0.664,0.752,0.48,0.48,0.465,0.68,0.68,0.459,0.54
0.56,0.653,0.432,0.503,0.714,0.671,0.645,0.504,0.551,0.497,0.729,0.491,0.808,0.495,0.488,0.648,0.675,0.789,0.801,0.638,0.778,1.0,0.925,0.694,0.672,0.672,0.769,0.502,0.537,0.557,0.479,0.739,0.0,0.872,0.662,0.508,0.637,0.749,0.494,0.794,0.484,0.671,0.756,0.498,0.49,0.461,0.669,0.668,0.489,0.547
0.576,0.661,0.438,0.504,0.726,0.68,0.662,0.508,0.558,0.493,0.712,0.507,0.8,0.492,0.499,0.651,0.688,0.779,0.794,0.651,0.789,0.925,1.0,0.695,0.684,0.668,0.781,0.496,0.555,0.56,0.49,0.758,0.0,0.874,0.663,0.515,0.651,0.748,0.511,0.78,0.493,0.68,0.759,0.502,0.5,0.465,0.675,0.674,0.484,0.548
0.574,0.814,0.435,0.509,0.708,0.825,0.617,0.532,0.544,0.508,0.697,0.511,0.702,0.505,0.49,0.619,0.782,0.702,0.693,0.609,0.668,0.694,0.695,1.0,0.852,0.777,0.698,0.511,0.567,0.55,0.49,0.693,0.0,0.69,0.824,0.513,0.607,0.697,0.498,0.702,0.498,0.752,0.685,0.512,0.507,0.461,0.738,0.737,0.5,0.55
0.557,0.813,0.424,0.496,0.693,0.834,0.61,0.514,0.531,0.49,0.665,0.497,0.671,0.487,0.484,0.606,0.771,0.68,0.67,0.608,0.652,0.672,0.684,0.852,1.0,0.773,0.672,0.496,0.553,0.536,0.484,0.687,0.0,0.677,0.8,0.5,0.606,0.686,0.493,0.676,0.489,0.735,0.68,0.507,0.506,0.461,0.732,0.732,0.495,0.542
0.549,0.728,0.418,0.5,0.692,0.736,0.604,0.51,0.523,0.509,0.709,0.49,0.691,0.497,0.481,0.614,0.771,0.683,0.67,0.599,0.648,0.672,0.668,0.777,0.773,1.0,0.663,0.51,0.538,0.54,0.471,0.657,0.0,0.658,0.756,0.498,0.596,0.678,0.488,0.685,0.478,0.715,0.657,0.506,0.502,0.444,0.721,0.72,0.497,0.538
0.563,0.654,0.433,0.484,0.733,0.67,0.625,0.496,0.542,0.49,0.73,0.486,0.787,0.489,0.481,0.624,0.666,0.77,0.769,0.616,0.758,0.769,0.781,0.698,0.672,0.663,1.0,0.482,0.552,0.562,0.476,0.755,0.0,0.754,0.661,0.505,0.614,0.831,0.477,0.793,0.486,0.672,0.829,0.489,0.482,0.456,0.659,0.659,0.479,0.539
0.501,0.493,0.404,0.795,0.502,0.497,0.472,0.911,0.495,0.77,0.503,0.748,0.508,0.788,0.747,0.479,0.496,0.501,0.5,0.466,0.473,0.502,0.496,0.511,0.496,0.51,0.482,1.0,0.543,0.507,0.735,0.487,0.0,0.484,0.481,0.68,0.463,0.515,0.69,0.503,0.759,0.477,0.49,0.967,0.935,0.477,0.481,0.479,0.725,0.535
0.587,0.559,0.472,0.534,0.566,0.571,0.552,0.557,0.584,0.551,0.533,0.547,0.558,0.551,0.535,0.553,0.566,0.555,0.547,0.547,0.523,0.537,0.555,0.567,0.553,0.538,0.552,0.543,1.0,0.57,0.538,0.559,0.0,0.546,0.535,0.554,0.545,0.556,0.538,0.552,0.547,0.536,0.556,0.547,0.548,0.597,0.535,0.533,0.534,0.839
0.649,0.547,0.491,0.506,0.57,0.551,0.553,0.512,0.667,0.519,0.554,0.514,0.567,0.498,0.508,0.554,0.559,0.553,0.553,0.552,0.561,0.557,0.56,0.55,0.536,0.54,0.562,0.507,0.57,1.0,0.507,0.561,0.0,0.551,0.517,0.516,0.552,0.557,0.51,0.577,0.515,0.555,0.573,0.509,0.509,0.537,0.556,0.556,0.497,0.583
0.513,0.493,0.414,0.765,0.491,0.498,0.472,0.726,0.502,0.762,0.472,0.736,0.478,0.76,0.774,0.465,0.489,0.479,0.482,0.47,0.467,0.479,0.49,0.49,0.484,0.471,0.476,0.735,0.538,0.507,1.0,0.491,0.0,0.48,0.461,0.68,0.471,0.484,0.701,0.478,0.906,0.487,0.476,0.736,0.737,0.488,0.471,0.47,0.707,0.538
0.583,0.688,0.453,0.497,0.724,0.682,0.616,0.503,0.558,0.481,0.687,0.495,0.745,0.486,0.489,0.598,0.723,0.723,0.729,0.615,0.758,0.739,0.758,0.693,0.687,0.657,0.755,0.487,0.559,0.561,0.491,1.0,0.0,0.743,0.649,0.493,0.615,0.768,0.501,0.756,0.483,0.691,0.78,0.49,0.499,0.471,0.702,0.702,0.47,0.543
0.0,0.0,0.0,0.0,0.0,0.0,0.0,0.0,0.0,0.0,0.0,0.0,0.0,0.0,0.0,0.0,0.0,0.0,0.0,0.0,0.0,0.0,0.0,0.0,0.0,0.0,0.0,0.0,0.0,0.0,0.0,0.0,1.0,0.0,0.0,0.0,0.0,0.0,0.0,0.0,0.0,0.0,0.0,0.0,0.0,0.0,0.0,0.0,0.0,0.0
0.57,0.662,0.44,0.487,0.728,0.683,0.633,0.502,0.547,0.486,0.708,0.497,0.787,0.479,0.487,0.631,0.688,0.744,0.757,0.627,0.777,0.872,0.874,0.69,0.677,0.658,0.754,0.484,0.546,0.551,0.48,0.743,0.0,1.0,0.653,0.525,0.623,0.746,0.507,0.769,0.485,0.668,0.76,0.49,0.497,0.46,0.674,0.674,0.477,0.542
0.53,0.762,0.407,0.481,0.673,0.785,0.591,0.487,0.513,0.485,0.687,0.474,0.679,0.48,0.466,0.591,0.73,0.676,0.667,0.586,0.647,0.662,0.663,0.824,0.8,0.756,0.661,0.481,0.535,0.517,0.461,0.649,0.0,0.653,1.0,0.489,0.584,0.652,0.469,0.669,0.466,0.706,0.656,0.47,0.47,0.429,0.697,0.695,0.467,0.522
0.514,0.49,0.412,0.698,0.508,0.511,0.517,0.69,0.51,0.684,0.498,0.684,0.503,0.683,0.684,0.521,0.51,0.524,0.527,0.51,0.502,0.508,0.515,0.513,0.5,0.498,0.505,0.68,0.554,0.516,0.68,0.493,0.0,0.525,0.489,1.0,0.508,0.498,0.7,0.505,0.691,0.479,0.5,0.685,0.684,0.489,0.468,0.467,0.672,0.547
0.558,0.592,0.439,0.467,0.618,0.618,0.983,0.475,0.549,0.468,0.593,0.466,0.607,0.471,0.465,0.943,0.608,0.64,0.638,0.992,0.653,0.637,0.651,0.607,0.606,0.596,0.614,0.463,0.545,0.552,0.471,0.615,0.0,0.623,0.584,0.508,1.0,0.604,0.493,0.61,0.473,0.602,0.618,0.468,0.47,0.462,0.587,0.586,0.462,0.548
0.573,0.684,0.438,0.503,0.746,0.688,0.614,0.528,0.542,0.494,0.732,0.502,0.775,0.503,0.496,0.621,0.675,0.747,0.752,0.608,0.742,0.749,0.748,0.697,0.686,0.678,0.831,0.515,0.556,0.557,0.484,0.768,0.0,0.746,0.652,0.498,0.604,1.0,0.49,0.781,0.493,0.675,0.857,0.52,0.503,0.467,0.693,0.693,0.502,0.547
0.525,0.496,0.408,0.7,0.508,0.515,0.493,0.696,0.509,0.704,0.487,0.712,0.49,0.689,0.718,0.489,0.504,0.503,0.507,0.491,0.493,0.494,0.511,0.498,0.493,0.488,0.477,0.69,0.538,0.51,0.701,0.501,0.0,0.507,0.469,0.7,0.493,0.49,1.0,0.488,0.703,0.49,0.497,0.698,0.702,0.482,0.476,0.475,0.672,0.534
0.564,0.652,0.437,0.497,0.721,0.672,0.62,0.512,0.543,0.498,0.753,0.488,0.798,0.497,0.481,0.624,0.671,0.765,0.773,0.612,0.758,0.794,0.78,0.702,0.676,0.685,0.793,0.503,0.552,0.577,0.478,0.756,0.0,0.769,0.669,0.505,0.61,0.781,0.488,1.0,0.483,0.671,0.778,0.495,0.496,0.469,0.68,0.679,0.49,0.558
0.516,0.494,0.416,0.792,0.506,0.506,0.477,0.735,0.504,0.769,0.48,0.758,0.485,0.781,0.794,0.474,0.496,0.488,0.49,0.476,0.473,0.484,0.493,0.498,0.489,0.478,0.486,0.759,0.547,0.515,0.906,0.483,0.0,0.485,0.466,0.691,0.473,0.493,0.703,0.483,1.0,0.492,0.484,0.762,0.76,0.489,0.473,0.472,0.721,0.548
0.562,0.738,0.44,0.478,0.694,0.743,0.602,0.492,0.544,0.479,0.677,0.48,0.677,0.477,0.482,0.598,0.73,0.672,0.67,0.6,0.664,0.671,0.68,0.752,0.735,0.715,0.672,0.477,0.536,0.555,0.487,0.691,0.0,0.668,0.706,0.479,0.602,0.675,0.49,0.671,0.492,1.0,0.706,0.486,0.478,0.449,0.761,0.761,0.476,0.531
0.572,0.679,0.445,0.487,0.754,0.681,0.626,0.509,0.564,0.485,0.728,0.501,0.77,0.488,0.493,0.614,0.692,0.741,0.746,0.621,0.752,0.756,0.759,0.685,0.68,0.657,0.829,0.49,0.556,0.573,0.476,0.78,0.0,0.76,0.656,0.5,0.618,0.857,0.497,0.778,0.484,0.706,1.0,0.499,0.499,0.467,0.691,0.691,0.482,0.55
0.508,0.506,0.408,0.786,0.508,0.506,0.479,0.916,0.498,0.756,0.488,0.755,0.496,0.774,0.753,0.482,0.504,0.501,0.498,0.47,0.48,0.498,0.502,0.512,0.507,0.506,0.489,0.967,0.547,0.509,0.736,0.49,0.0,0.49,0.47,0.685,0.468,0.52,0.698,0.495,0.762,0.486,0.499,1.0,0.953,0.483,0.489,0.487,0.728,0.538
0.519,0.512,0.407,0.774,0.513,0.503,0.481,0.888,0.497,0.752,0.483,0.762,0.489,0.759,0.753,0.475,0.513,0.494,0.492,0.472,0.48,0.49,0.5,0.507,0.506,0.502,0.482,0.935,0.548,0.509,0.737,0.499,0.0,0.497,0.47,0.684,0.47,0.503,0.702,0.496,0.76,0.478,0.499,0.953,1.0,0.487,0.494,0.492,0.708,0.542
0.527,0.467,0.419,0.482,0.478,0.475,0.461,0.485,0.523,0.483,0.456,0.484,0.455,0.488,0.501,0.461,0.464,0.455,0.457,0.462,0.465,0.461,0.465,0.461,0.461,0.444,0.456,0.477,0.597,0.537,0.488,0.471,0.0,0.46,0.429,0.489,0.462,0.467,0.482,0.469,0.489,0.449,0.467,0.483,0.487,1.0,0.489,0.489,0.479,0.656
0.553,0.734,0.438,0.472,0.708,0.742,0.587,0.494,0.536,0.467,0.657,0.483,0.678,0.468,0.492,0.583,0.747,0.664,0.659,0.587,0.68,0.669,0.675,0.738,0.732,0.721,0.659,0.481,0.535,0.556,0.471,0.702,0.0,0.674,0.697,0.468,0.587,0.693,0.476,0.68,0.473,0.761,0.691,0.489,0.494,0.489,1.0,0.998,0.463,0.554
0.552,0.734,0.438,0.471,0.708,0.742,0.586,0.492,0.535,0.465,0.657,0.481,0.677,0.467,0.491,0.582,0.746,0.663,0.657,0.586,0.68,0.668,0.674,0.737,0.732,0.72,0.659,0.479,0.533,0.556,0.47,0.702,0.0,0.674,0.695,0.467,0.586,0.693,0.475,0.679,0.472,0.761,0.691,0.487,0.492,0.489,0.998,1.0,0.463,0.552
0.501,0.487,0.408,0.723,0.495,0.491,0.471,0.707,0.489,0.724,0.487,0.699,0.492,0.728,0.714,0.479,0.479,0.489,0.496,0.465,0.459,0.489,0.484,0.5,0.495,0.497,0.479,0.725,0.534,0.497,0.707,0.47,0.0,0.477,0.467,0.672,0.462,0.502,0.672,0.49,0.721,0.476,0.482,0.728,0.708,0.479,0.463,0.463,1.0,0.535
0.593,0.547,0.476,0.538,0.549,0.561,0.552,0.543,0.598,0.54,0.534,0.535,0.55,0.546,0.557,0.548,0.554,0.55,0.543,0.549,0.54,0.547,0.548,0.55,0.542,0.538,0.539,0.535,0.839,0.583,0.538,0.543,0.0,0.542,0.522,0.547,0.548,0.547,0.534,0.558,0.548,0.531,0.55,0.538,0.542,0.656,0.554,0.552,0.535,1.0
