GCF_000163235.1_ASM16323v1_genomic.fna,GCF_000164555.1_ASM16455v1_genomic.fna,GCF_000208545.1_ASM20854v2_genomic.fna,GCF_000233875.1_ASM23387v1_genomic.fna,GCF_000249735.1_ASM24973v2_genomic.fna,GCF_000261145.1_Esch_coli_M919_V2_genomic.fna,GCF_000267705.2_ASM26770v2_genomic.fna,GCF_000350665.1_Esch_coli_KTE5_V1_genomic.fna,GCF_000351625.1_Esch_coli_KTE66_V1_genomic.fna,GCF_000352285.1_Esch_coli_KTE46_V1_genomic.fna,GCF_000358895.1_ASM35889v1_genomic.fna,GCF_000456385.1_Esch_coli_HVH_26_4-5703913_V1_genomic.fna,GCF_000458195.1_Esch_coli_HVH_147_4-5893887_V1_genomic.fna,GCF_000459755.1_Esch_coli_KOEGE_58_171a_V1_genomic.fna,GCF_000460055.1_Esch_coli_UMEA_3053-1_V1_genomic.fna,GCF_000462165.2_ASM46216v2_genomic.fna,GCF_000601135.1_ASM60113v1_genomic.fna,GCF_000614595.1_Ec2010EL1058_genomic.fna,GCF_000617745.1_Ec2010C-4529_genomic.fna,GCF_000618265.2_EcF6751_genomic.fna,GCF_000619005.2_Ec2009C-4052_genomic.fna,GCF_000619105.1_Ec2009C-4780_genomic.fna,GCF_000619765.2_Ec2009C-3279_genomic.fna,GCF_000687005.1_ASM68700v1_genomic.fna,GCF_000687025.1_ASM68702v1_genomic.fna,GCF_000700125.1_ASM70012v1_genomic.fna,GCF_000753315.1_FHI35_genomic.fna,GCF_000776375.1_ASM77637v1_genomic.fna,GCF_000779395.1_ASM77939v1_genomic.fna,GCF_000780315.1_ASM78031v1_genomic.fna,GCF_000781995.1_ASM78199v1_genomic.fna,GCF_000986765.1_ASM98676v1_genomic.fna,GCF_001041375.1_ViralProj287958_genomic.fna,GCF_001265335.1_302014_genomic.fna,GCF_001265625.1_100854_genomic.fna,GCF_001267345.1_303289_genomic.fna,GCF_001309985.1_ASM130998v1_genomic.fna,GCF_001521695.1_ASM152169v1_genomic.fna,GCF_001592595.1_ASM159259v1_genomic.fna,GCF_001614975.1_ASM161497v1_genomic.fna,GCF_001692775.1_ASM169277v1_genomic.fna,GCF_001748915.1_ASM174891v1_genomic.fna,GCF_001749235.1_ASM174923v1_genomic.fna,GCF_001881155.1_ASM188115v1_genomic.fna,GCF_001881345.1_ASM188134v1_genomic.fna,GCF_001892405.1_ASM189240v1_genomic.fna,GCF_001892585.1_ASM189258v1_genomic.fna,GCF_001893985.1_ASM189398v1_genomic.fna,GCF_002001595.1_ASM200159v1_genomic.fna,GCF_002002145.1_ASM200214v1_genomic.fna
1.0,0.596,0.487,0.533,0.566,0.56,0.563,0.525,0.662,0.529,0.539,0.532,0.571,0.514,0.515,0.569,0.546,0.55,0.549,0.553,0.539,0.561,0.574,0.563,0.56,0.538,0.551,0.529,0.599,0.667,0.501,0.555,0.0,0.568,0.53,0.528,0.556,0.583,0.509,0.566,0.515,0.564,0.568,0.515,0.526,0.528,0.549,0.549,0.514,0.602
0.596,1.0,0.465,0.52,0.684,0.81,0.593,0.509,0.553,0.521,0.635,0.536,0.683,0.507,0.526,0.602,0.73,0.658,0.668,0.587,0.632,0.671,0.672,0.822,0.829,0.718,0.661,0.512,0.54,0.547,0.493,0.672,0.0,0.671,0.77,0.502,0.589,0.694,0.495,0.658,0.504,0.71,0.672,0.511,0.508,0.48,0.707,0.708,0.534,0.525
0.487,0.465,1.0,0.424,0.435,0.442,0.445,0.416,0.479,0.418,0.413,0.426,0.437,0.416,0.421,0.444,0.437,0.427,0.416,0.443,0.424,0.43,0.441,0.437,0.442,0.409,0.442,0.422,0.488,0.487,0.414,0.436,0.0,0.441,0.414,0.435,0.445,0.435,0.422,0.437,0.427,0.431,0.447,0.43,0.415,0.421,0.439,0.439,0.426,0.484
0.533,0.52,0.424,1.0,0.511,0.501,0.481,0.752,0.519,0.773,0.485,0.772,0.502,0.82,0.812,0.485,0.489,0.49,0.496,0.474,0.469,0.514,0.508,0.498,0.505,0.484,0.492,0.791,0.532,0.512,0.762,0.494,0.0,0.495,0.479,0.691,0.476,0.497,0.724,0.49,0.788,0.48,0.493,0.767,0.76,0.486,0.462,0.462,0.734,0.53
0.566,0.684,0.435,0.511,1.0,0.684,0.607,0.502,0.553,0.509,0.755,0.512,0.74,0.508,0.52,0.609,0.673,0.697,0.711,0.598,0.696,0.726,0.718,0.675,0.676,0.645,0.709,0.497,0.54,0.554,0.486,0.713,0.0,0.716,0.654,0.498,0.602,0.736,0.502,0.734,0.498,0.662,0.739,0.483,0.483,0.483,0.677,0.678,0.522,0.525
0.56,0.81,0.442,0.501,0.684,1.0,0.599,0.496,0.56,0.502,0.636,0.508,0.677,0.497,0.507,0.603,0.72,0.662,0.664,0.59,0.631,0.669,0.672,0.798,0.818,0.692,0.644,0.497,0.544,0.545,0.478,0.661,0.0,0.668,0.778,0.509,0.593,0.661,0.513,0.66,0.486,0.705,0.66,0.487,0.485,0.478,0.71,0.71,0.509,0.541
0.563,0.593,0.445,0.481,0.607,0.599,1.0,0.488,0.553,0.471,0.572,0.491,0.604,0.471,0.483,0.959,0.582,0.628,0.618,0.975,0.617,0.628,0.655,0.589,0.59,0.575,0.611,0.483,0.556,0.558,0.473,0.59,0.0,0.617,0.579,0.503,0.98,0.595,0.491,0.591,0.48,0.583,0.614,0.479,0.478,0.512,0.585,0.586,0.487,0.565
0.525,0.509,0.416,0.752,0.502,0.496,0.488,1.0,0.5,0.746,0.467,0.736,0.502,0.734,0.735,0.492,0.478,0.494,0.479,0.48,0.469,0.497,0.507,0.497,0.488,0.474,0.503,0.915,0.561,0.516,0.759,0.486,0.0,0.499,0.47,0.664,0.482,0.51,0.713,0.511,0.766,0.478,0.499,0.891,0.878,0.483,0.474,0.475,0.702,0.541
0.662,0.553,0.479,0.519,0.553,0.56,0.553,0.5,1.0,0.51,0.537,0.508,0.568,0.501,0.513,0.559,0.539,0.536,0.551,0.542,0.527,0.561,0.558,0.552,0.548,0.526,0.55,0.501,0.588,0.675,0.49,0.544,0.0,0.557,0.53,0.521,0.547,0.558,0.503,0.552,0.496,0.557,0.561,0.483,0.484,0.516,0.537,0.536,0.516,0.599
0.529,0.521,0.418,0.773,0.509,0.502,0.471,0.746,0.51,1.0,0.499,0.747,0.516,0.768,0.763,0.478,0.503,0.478,0.476,0.465,0.466,0.509,0.498,0.509,0.507,0.497,0.491,0.76,0.535,0.507,0.768,0.482,0.0,0.497,0.484,0.684,0.466,0.498,0.725,0.494,0.77,0.48,0.491,0.734,0.739,0.476,0.467,0.467,0.735,0.523
0.539,0.635,0.413,0.485,0.755,0.636,0.572,0.467,0.537,0.499,1.0,0.475,0.742,0.483,0.482,0.573,0.644,0.677,0.685,0.559,0.661,0.713,0.691,0.676,0.64,0.648,0.683,0.473,0.5,0.525,0.456,0.674,0.0,0.688,0.683,0.488,0.564,0.693,0.479,0.707,0.461,0.619,0.7,0.457,0.457,0.457,0.608,0.609,0.506,0.509
0.532,0.536,0.426,0.772,0.512,0.508,0.491,0.736,0.508,0.747,0.475,1.0,0.504,0.763,0.869,0.49,0.491,0.486,0.489,0.482,0.484,0.506,0.508,0.516,0.511,0.495,0.495,0.755,0.546,0.514,0.726,0.493,0.0,0.503,0.494,0.673,0.483,0.509,0.714,0.5,0.756,0.483,0.507,0.736,0.734,0.489,0.48,0.48,0.701,0.534
0.571,0.683,0.437,0.502,0.74,0.677,0.604,0.502,0.568,0.516,0.742,0.504,1.0,0.496,0.506,0.607,0.666,0.731,0.757,0.592,0.735,0.809,0.788,0.689,0.676,0.642,0.774,0.499,0.54,0.556,0.477,0.749,0.0,0.782,0.662,0.502,0.595,0.772,0.496,0.786,0.484,0.65,0.766,0.483,0.479,0.477,0.655,0.656,0.518,0.539
0.514,0.507,0.416,0.82,0.508,0.497,0.471,0.734,0.501,0.768,0.483,0.763,0.496,1.0,0.806,0.473,0.487,0.487,0.48,0.465,0.457,0.514,0.501,0.49,0.5,0.481,0.488,0.773,0.537,0.499,0.75,0.488,0.0,0.492,0.479,0.676,0.466,0.5,0.713,0.482,0.777,0.474,0.491,0.751,0.745,0.476,0.462,0.462,0.723,0.523
0.515,0.526,0.421,0.812,0.52,0.507,0.483,0.735,0.513,0.763,0.482,0.869,0.506,0.806,1.0,0.485,0.49,0.487,0.493,0.475,0.471,0.516,0.509,0.503,0.508,0.49,0.503,0.765,0.539,0.505,0.762,0.492,0.0,0.502,0.491,0.675,0.477,0.515,0.721,0.504,0.785,0.486,0.506,0.741,0.737,0.487,0.485,0.485,0.724,0.539
0.569,0.602,0.444,0.485,0.609,0.603,0.959,0.492,0.559,0.478,0.573,0.49,0.607,0.473,0.485,1.0,0.588,0.628,0.619,0.955,0.609,0.631,0.648,0.591,0.594,0.58,0.606,0.489,0.556,0.564,0.472,0.589,0.0,0.617,0.578,0.502,0.959,0.6,0.493,0.594,0.484,0.59,0.613,0.477,0.477,0.51,0.592,0.593,0.495,0.562
0.546,0.73,0.437,0.489,0.673,0.72,0.582,0.478,0.539,0.503,0.644,0.491,0.666,0.487,0.49,0.588,1.0,0.636,0.635,0.572,0.608,0.659,0.647,0.757,0.737,0.75,0.623,0.477,0.52,0.533,0.465,0.664,0.0,0.658,0.704,0.5,0.575,0.639,0.474,0.632,0.473,0.694,0.651,0.466,0.473,0.457,0.693,0.694,0.507,0.513
0.55,0.658,0.427,0.49,0.697,0.662,0.628,0.494,0.536,0.478,0.677,0.486,0.731,0.487,0.487,0.628,0.636,1.0,0.779,0.624,0.737,0.759,0.77,0.655,0.646,0.619,0.736,0.495,0.519,0.537,0.474,0.726,0.0,0.732,0.623,0.517,0.622,0.715,0.502,0.712,0.478,0.657,0.739,0.484,0.481,0.478,0.647,0.648,0.498,0.52
0.549,0.668,0.416,0.496,0.711,0.664,0.618,0.479,0.551,0.476,0.685,0.489,0.757,0.48,0.493,0.619,0.635,0.779,1.0,0.61,0.729,0.765,0.756,0.67,0.656,0.619,0.73,0.479,0.51,0.534,0.465,0.719,0.0,0.731,0.652,0.503,0.613,0.725,0.484,0.728,0.466,0.654,0.735,0.466,0.468,0.462,0.629,0.63,0.493,0.51
0.553,0.587,0.443,0.474,0.598,0.59,0.975,0.48,0.542,0.465,0.559,0.482,0.592,0.465,0.475,0.955,0.572,0.624,0.61,1.0,0.609,0.626,0.652,0.58,0.584,0.564,0.601,0.475,0.546,0.55,0.465,0.582,0.0,0.613,0.569,0.495,0.986,0.588,0.481,0.583,0.471,0.575,0.607,0.48,0.48,0.512,0.578,0.579,0.477,0.558
0.539,0.632,0.424,0.469,0.696,0.631,0.617,0.469,0.527,0.466,0.661,0.484,0.735,0.457,0.471,0.609,0.608,0.737,0.729,0.609,1.0,0.738,0.751,0.63,0.619,0.613,0.732,0.477,0.502,0.532,0.456,0.731,0.0,0.74,0.617,0.495,0.61,0.719,0.474,0.729,0.471,0.629,0.73,0.468,0.462,0.472,0.643,0.644,0.472,0.514
0.561,0.671,0.43,0.514,0.726,0.669,0.628,0.497,0.561,0.509,0.713,0.506,0.809,0.514,0.516,0.631,0.659,0.759,0.765,0.626,0.738,1.0,0.916,0.668,0.671,0.64,0.757,0.504,0.519,0.55,0.487,0.747,0.0,0.867,0.643,0.504,0.627,0.758,0.494,0.762,0.489,0.652,0.772,0.488,0.486,0.483,0.636,0.637,0.522,0.528
0.574,0.672,0.441,0.508,0.718,0.672,0.655,0.507,0.558,0.498,0.691,0.508,0.788,0.501,0.509,0.648,0.647,0.77,0.756,0.652,0.751,0.916,1.0,0.658,0.659,0.621,0.776,0.509,0.538,0.549,0.487,0.757,0.0,0.877,0.631,0.511,0.649,0.75,0.509,0.764,0.493,0.662,0.775,0.496,0.495,0.486,0.647,0.648,0.507,0.54
0.563,0.822,0.437,0.498,0.675,0.798,0.589,0.497,0.552,0.509,0.676,0.516,0.689,0.49,0.503,0.591,0.757,0.655,0.67,0.58,0.63,0.668,0.658,1.0,0.82,0.762,0.65,0.488,0.519,0.535,0.475,0.652,0.0,0.661,0.814,0.498,0.585,0.653,0.48,0.647,0.483,0.708,0.65,0.48,0.485,0.454,0.689,0.69,0.51,0.515
0.56,0.829,0.442,0.505,0.676,0.818,0.59,0.488,0.548,0.507,0.64,0.511,0.676,0.5,0.508,0.594,0.737,0.646,0.656,0.584,0.619,0.671,0.659,0.82,1.0,0.738,0.641,0.489,0.522,0.532,0.476,0.659,0.0,0.649,0.792,0.492,0.587,0.648,0.484,0.643,0.485,0.696,0.654,0.492,0.486,0.474,0.69,0.69,0.53,0.515
0.538,0.718,0.409,0.484,0.645,0.692,0.575,0.474,0.526,0.497,0.648,0.495,0.642,0.481,0.49,0.58,0.75,0.619,0.619,0.564,0.613,0.64,0.621,0.762,0.738,1.0,0.614,0.471,0.495,0.512,0.464,0.627,0.0,0.621,0.721,0.481,0.567,0.631,0.471,0.625,0.47,0.682,0.622,0.474,0.466,0.455,0.663,0.664,0.517,0.498
0.551,0.661,0.442,0.492,0.709,0.644,0.611,0.503,0.55,0.491,0.683,0.495,0.774,0.488,0.503,0.606,0.623,0.736,0.73,0.601,0.732,0.757,0.776,0.65,0.641,0.614,1.0,0.496,0.536,0.545,0.488,0.757,0.0,0.76,0.612,0.504,0.604,0.821,0.494,0.771,0.495,0.644,0.834,0.493,0.484,0.482,0.638,0.639,0.503,0.531
0.529,0.512,0.422,0.791,0.497,0.497,0.483,0.915,0.501,0.76,0.473,0.755,0.499,0.773,0.765,0.489,0.477,0.495,0.479,0.475,0.477,0.504,0.509,0.488,0.489,0.471,0.496,1.0,0.559,0.521,0.762,0.503,0.0,0.497,0.466,0.67,0.478,0.512,0.713,0.499,0.785,0.478,0.5,0.952,0.939,0.481,0.479,0.478,0.714,0.533
0.599,0.54,0.488,0.532,0.54,0.544,0.556,0.561,0.588,0.535,0.5,0.546,0.54,0.537,0.539,0.556,0.52,0.519,0.51,0.546,0.502,0.519,0.538,0.519,0.522,0.495,0.536,0.559,1.0,0.576,0.535,0.534,0.0,0.527,0.497,0.543,0.553,0.54,0.536,0.536,0.541,0.516,0.535,0.546,0.543,0.602,0.527,0.527,0.537,0.864
0.667,0.547,0.487,0.512,0.554,0.545,0.558,0.516,0.675,0.507,0.525,0.514,0.556,0.499,0.505,0.564,0.533,0.537,0.534,0.55,0.532,0.55,0.549,0.535,0.532,0.512,0.545,0.521,0.576,1.0,0.489,0.535,0.0,0.546,0.515,0.511,0.553,0.549,0.504,0.559,0.502,0.539,0.558,0.503,0.501,0.532,0.543,0.543,0.51,0.589
0.501,0.493,0.414,0.762,0.486,0.478,0.473,0.759,0.49,0.768,0.456,0.726,0.477,0.75,0.762,0.472,0.465,0.474,0.465,0.465,0.456,0.487,0.487,0.475,0.476,0.464,0.488,0.762,0.535,0.489,1.0,0.479,0.0,0.487,0.452,0.665,0.467,0.484,0.712,0.481,0.905,0.47,0.48,0.741,0.74,0.48,0.464,0.465,0.699,0.526
0.555,0.672,0.436,0.494,0.713,0.661,0.59,0.486,0.544,0.482,0.674,0.493,0.749,0.488,0.492,0.589,0.664,0.726,0.719,0.582,0.731,0.747,0.757,0.652,0.659,0.627,0.757,0.503,0.534,0.535,0.479,1.0,0.0,0.755,0.617,0.485,0.585,0.764,0.493,0.768,0.476,0.663,0.782,0.489,0.492,0.478,0.673,0.674,0.497,0.519
0.0,0.0,0.0,0.0,0.0,0.0,0.0,0.0,0.0,0.0,0.0,0.0,0.0,0.0,0.0,0.0,0.0,0.0,0.0,0.0,0.0,0.0,0.0,0.0,0.0,0.0,0.0,0.0,0.0,0.0,0.0,0.0,1.0,0.0,0.0,0.0,0.0,0.0,0.0,0.0,0.0,0.0,0.0,0.0,0.0,0.0,0.0,0.0,0.0,0.0
0.568,0.671,0.441,0.495,0.716,0.668,0.617,0.499,0.557,0.497,0.688,0.503,0.782,0.492,0.502,0.617,0.658,0.732,0.731,0.613,0.74,0.867,0.877,0.661,0.649,0.621,0.76,0.497,0.527,0.546,0.487,0.755,0.0,1.0,0.627,0.519,0.615,0.75,0.516,0.759,0.489,0.659,0.776,0.485,0.491,0.482,0.654,0.655,0.504,0.531
0.53,0.77,0.414,0.479,0.654,0.778,0.579,0.47,0.53,0.484,0.683,0.494,0.662,0.479,0.491,0.578,0.704,0.623,0.652,0.569,0.617,0.643,0.631,0.814,0.792,0.721,0.612,0.466,0.497,0.515,0.452,0.617,0.0,0.627,1.0,0.482,0.57,0.624,0.465,0.623,0.458,0.667,0.627,0.454,0.452,0.44,0.659,0.659,0.49,0.496
0.528,0.502,0.435,0.691,0.498,0.509,0.503,0.664,0.521,0.684,0.488,0.673,0.502,0.676,0.675,0.502,0.5,0.517,0.503,0.495,0.495,0.504,0.511,0.498,0.492,0.481,0.504,0.67,0.543,0.511,0.665,0.485,0.0,0.519,0.482,1.0,0.494,0.49,0.696,0.505,0.678,0.492,0.497,0.656,0.653,0.48,0.469,0.469,0.666,0.544
0.556,0.589,0.445,0.476,0.602,0.593,0.98,0.482,0.547,0.466,0.564,0.483,0.595,0.466,0.477,0.959,0.575,0.622,0.613,0.986,0.61,0.627,0.649,0.585,0.587,0.567,0.604,0.478,0.553,0.553,0.467,0.585,0.0,0.615,0.57,0.494,1.0,0.592,0.483,0.587,0.474,0.577,0.607,0.477,0.476,0.511,0.582,0.582,0.48,0.564
0.583,0.694,0.435,0.497,0.736,0.661,0.595,0.51,0.558,0.498,0.693,0.509,0.772,0.5,0.515,0.6,0.639,0.715,0.725,0.588,0.719,0.758,0.75,0.653,0.648,0.631,0.821,0.512,0.54,0.549,0.484,0.764,0.0,0.75,0.624,0.49,0.592,1.0,0.495,0.772,0.49,0.652,0.853,0.502,0.495,0.482,0.665,0.665,0.51,0.532
0.509,0.495,0.422,0.724,0.502,0.513,0.491,0.713,0.503,0.725,0.479,0.714,0.496,0.713,0.721,0.493,0.474,0.502,0.484,0.481,0.474,0.494,0.509,0.48,0.484,0.471,0.494,0.713,0.536,0.504,0.712,0.493,0.0,0.516,0.465,0.696,0.483,0.495,1.0,0.501,0.724,0.478,0.498,0.692,0.689,0.473,0.474,0.474,0.69,0.523
0.566,0.658,0.437,0.49,0.734,0.66,0.591,0.511,0.552,0.494,0.707,0.5,0.786,0.482,0.504,0.594,0.632,0.712,0.728,0.583,0.729,0.762,0.764,0.647,0.643,0.625,0.771,0.499,0.536,0.559,0.481,0.768,0.0,0.759,0.623,0.505,0.587,0.772,0.501,1.0,0.49,0.646,0.784,0.487,0.494,0.492,0.674,0.675,0.502,0.549
0.515,0.504,0.427,0.788,0.498,0.486,0.48,0.766,0.496,0.77,0.461,0.756,0.484,0.777,0.785,0.484,0.473,0.478,0.466,0.471,0.471,0.489,0.493,0.483,0.485,0.47,0.495,0.785,0.541,0.502,0.905,0.476,0.0,0.489,0.458,0.678,0.474,0.49,0.724,0.49,1.0,0.481,0.484,0.767,0.763,0.489,0.47,0.471,0.711,0.536
0.564,0.71,0.431,0.48,0.662,0.705,0.583,0.478,0.557,0.48,0.619,0.483,0.65,0.474,0.486,0.59,0.694,0.657,0.654,0.575,0.629,0.652,0.662,0.708,0.696,0.682,0.644,0.478,0.516,0.539,0.47,0.663,0.0,0.659,0.667,0.492,0.577,0.652,0.478,0.646,0.481,1.0,0.679,0.467,0.462,0.463,0.718,0.719,0.492,0.514
0.568,0.672,0.447,0.493,0.739,0.66,0.614,0.499,0.561,0.491,0.7,0.507,0.766,0.491,0.506,0.613,0.651,0.739,0.735,0.607,0.73,0.772,0.775,0.65,0.654,0.622,0.834,0.5,0.535,0.558,0.48,0.782,0.0,0.776,0.627,0.497,0.607,0.853,0.498,0.784,0.484,0.679,1.0,0.485,0.484,0.487,0.665,0.666,0.507,0.533
0.515,0.511,0.43,0.767,0.483,0.487,0.479,0.891,0.483,0.734,0.457,0.736,0.483,0.751,0.741,0.477,0.466,0.484,0.466,0.48,0.468,0.488,0.496,0.48,0.492,0.474,0.493,0.952,0.546,0.503,0.741,0.489,0.0,0.485,0.454,0.656,0.477,0.502,0.692,0.487,0.767,0.467,0.485,1.0,0.962,0.49,0.467,0.468,0.701,0.525
0.526,0.508,0.415,0.76,0.483,0.485,0.478,0.878,0.484,0.739,0.457,0.734,0.479,0.745,0.737,0.477,0.473,0.481,0.468,0.48,0.462,0.486,0.495,0.485,0.486,0.466,0.484,0.939,0.543,0.501,0.74,0.492,0.0,0.491,0.452,0.653,0.476,0.495,0.689,0.494,0.763,0.462,0.484,0.962,1.0,0.492,0.476,0.477,0.683,0.523
0.528,0.48,0.421,0.486,0.483,0.478,0.512,0.483,0.516,0.476,0.457,0.489,0.477,0.476,0.487,0.51,0.457,0.478,0.462,0.512,0.472,0.483,0.486,0.454,0.474,0.455,0.482,0.481,0.602,0.532,0.48,0.478,0.0,0.482,0.44,0.48,0.511,0.482,0.473,0.492,0.489,0.463,0.487,0.49,0.492,1.0,0.508,0.509,0.483,0.648
0.549,0.707,0.439,0.462,0.677,0.71,0.585,0.474,0.537,0.467,0.608,0.48,0.655,0.462,0.485,0.592,0.693,0.647,0.629,0.578,0.643,0.636,0.647,0.689,0.69,0.663,0.638,0.479,0.527,0.543,0.464,0.673,0.0,0.654,0.659,0.469,0.582,0.665,0.474,0.674,0.47,0.718,0.665,0.467,0.476,0.508,1.0,0.998,0.479,0.538
0.549,0.708,0.439,0.462,0.678,0.71,0.586,0.475,0.536,0.467,0.609,0.48,0.656,0.462,0.485,0.593,0.694,0.648,0.63,0.579,0.644,0.637,0.648,0.69,0.69,0.664,0.639,0.478,0.527,0.543,0.465,0.674,0.0,0.655,0.659,0.469,0.582,0.665,0.474,0.675,0.471,0.719,0.666,0.468,0.477,0.509,0.998,1.0,0.479,0.538
0.514,0.534,0.426,0.734,0.522,0.509,0.487,0.702,0.516,0.735,0.506,0.701,0.518,0.723,0.724,0.495,0.507,0.498,0.493,0.477,0.472,0.522,0.507,0.51,0.53,0.517,0.503,0.714,0.537,0.51,0.699,0.497,0.0,0.504,0.49,0.666,0.48,0.51,0.69,0.502,0.711,0.492,0.507,0.701,0.683,0.483,0.479,0.479,1.0,0.533
0.602,0.525,0.484,0.53,0.525,0.541,0.565,0.541,0.599,0.523,0.509,0.534,0.539,0.523,0.539,0.562,0.513,0.52,0.51,0.558,0.514,0.528,0.54,0.515,0.515,0.498,0.531,0.533,0.864,0.589,0.526,0.519,0.0,0.531,0.496,0.544,0.564,0.532,0.523,0.549,0.536,0.514,0.533,0.525,0.523,0.648,0.538,0.538,0.533,1.0
