GCF_000163235.1_ASM16323v1_genomic.fna,GCF_000164555.1_ASM16455v1_genomic.fna,GCF_000208545.1_ASM20854v2_genomic.fna,GCF_000233875.1_ASM23387v1_genomic.fna,GCF_000249735.1_ASM24973v2_genomic.fna,GCF_000261145.1_Esch_coli_M919_V2_genomic.fna,GCF_000267705.2_ASM26770v2_genomic.fna,GCF_000350665.1_Esch_coli_KTE5_V1_genomic.fna,GCF_000351625.1_Esch_coli_KTE66_V1_genomic.fna,GCF_000352285.1_Esch_coli_KTE46_V1_genomic.fna,GCF_000358895.1_ASM35889v1_genomic.fna,GCF_000456385.1_Esch_coli_HVH_26_4-5703913_V1_genomic.fna,GCF_000458195.1_Esch_coli_HVH_147_4-5893887_V1_genomic.fna,GCF_000459755.1_Esch_coli_KOEGE_58_171a_V1_genomic.fna,GCF_000460055.1_Esch_coli_UMEA_3053-1_V1_genomic.fna,GCF_000462165.2_ASM46216v2_genomic.fna,GCF_000601135.1_ASM60113v1_genomic.fna,GCF_000614595.1_Ec2010EL1058_genomic.fna,GCF_000617745.1_Ec2010C-4529_genomic.fna,GCF_000618265.2_EcF6751_genomic.fna,GCF_000619005.2_Ec2009C-4052_genomic.fna,GCF_000619105.1_Ec2009C-4780_genomic.fna,GCF_000619765.2_Ec2009C-3279_genomic.fna,GCF_000687005.1_ASM68700v1_genomic.fna,GCF_000687025.1_ASM68702v1_genomic.fna,GCF_000700125.1_ASM70012v1_genomic.fna,GCF_000753315.1_FHI35_genomic.fna,GCF_000776375.1_ASM77637v1_genomic.fna,GCF_000779395.1_ASM77939v1_genomic.fna,GCF_000780315.1_ASM78031v1_genomic.fna,GCF_000781995.1_ASM78199v1_genomic.fna,GCF_000986765.1_ASM98676v1_genomic.fna,GCF_001041375.1_ViralProj287958_genomic.fna,GCF_001265335.1_302014_genomic.fna,GCF_001265625.1_100854_genomic.fna,GCF_001267345.1_303289_genomic.fna,GCF_001309985.1_ASM130998v1_genomic.fna,GCF_001521695.1_ASM152169v1_genomic.fna,GCF_001592595.1_ASM159259v1_genomic.fna,GCF_001614975.1_ASM161497v1_genomic.fna,GCF_001692775.1_ASM169277v1_genomic.fna,GCF_001748915.1_ASM174891v1_genomic.fna,GCF_001749235.1_ASM174923v1_genomic.fna,GCF_001881155.1_ASM188115v1_genomic.fna,GCF_001881345.1_ASM188134v1_genomic.fna,GCF_001892405.1_ASM189240v1_genomic.fna,GCF_001892585.1_ASM189258v1_genomic.fna,GCF_001893985.1_ASM189398v1_genomic.fna,GCF_002001595.1_ASM200159v1_genomic.fna,GCF_002002145.1_ASM200214v1_genomic.fna
1.0,0.582,0.498,0.497,0.573,0.571,0.552,0.533,0.633,0.519,0.556,0.526,0.548,0.501,0.49,0.556,0.563,0.561,0.547,0.548,0.55,0.538,0.557,0.556,0.557,0.543,0.559,0.513,0.581,0.644,0.497,0.549,0.0,0.536,0.529,0.505,0.548,0.563,0.506,0.552,0.511,0.549,0.56,0.517,0.537,0.549,0.555,0.557,0.483,0.583
0.582,1.0,0.456,0.508,0.684,0.803,0.59,0.525,0.546,0.504,0.656,0.524,0.657,0.505,0.494,0.599,0.752,0.662,0.641,0.585,0.648,0.646,0.66,0.798,0.815,0.736,0.654,0.514,0.546,0.563,0.502,0.681,0.0,0.637,0.759,0.498,0.584,0.669,0.493,0.654,0.507,0.717,0.657,0.531,0.538,0.506,0.73,0.731,0.492,0.536
0.498,0.456,1.0,0.41,0.442,0.437,0.429,0.418,0.466,0.406,0.434,0.408,0.428,0.411,0.396,0.433,0.436,0.429,0.415,0.426,0.422,0.421,0.437,0.434,0.438,0.418,0.423,0.414,0.462,0.474,0.409,0.44,0.0,0.423,0.405,0.41,0.424,0.422,0.411,0.43,0.421,0.431,0.428,0.424,0.42,0.435,0.446,0.447,0.409,0.468
0.497,0.508,0.41,1.0,0.496,0.49,0.47,0.747,0.507,0.755,0.499,0.767,0.492,0.808,0.804,0.48,0.498,0.491,0.489,0.465,0.487,0.49,0.508,0.503,0.509,0.488,0.496,0.791,0.543,0.505,0.766,0.501,0.0,0.487,0.483,0.693,0.464,0.498,0.721,0.484,0.788,0.496,0.492,0.779,0.773,0.5,0.497,0.496,0.726,0.533
0.573,0.684,0.442,0.496,1.0,0.69,0.585,0.513,0.541,0.498,0.796,0.516,0.744,0.5,0.497,0.599,0.684,0.722,0.713,0.582,0.733,0.716,0.733,0.671,0.688,0.663,0.73,0.503,0.543,0.561,0.488,0.72,0.0,0.713,0.653,0.494,0.579,0.744,0.504,0.748,0.495,0.681,0.749,0.5,0.509,0.5,0.693,0.696,0.486,0.525
0.571,0.803,0.437,0.49,0.69,1.0,0.606,0.521,0.542,0.485,0.652,0.498,0.668,0.492,0.479,0.611,0.727,0.678,0.657,0.601,0.662,0.663,0.68,0.779,0.812,0.715,0.652,0.501,0.548,0.554,0.491,0.676,0.0,0.668,0.769,0.499,0.599,0.674,0.515,0.675,0.498,0.72,0.666,0.504,0.505,0.503,0.75,0.752,0.477,0.54
0.552,0.59,0.429,0.47,0.585,0.606,1.0,0.485,0.516,0.454,0.577,0.465,0.582,0.474,0.452,0.951,0.588,0.628,0.616,0.983,0.628,0.617,0.645,0.598,0.601,0.583,0.588,0.477,0.506,0.531,0.455,0.61,0.0,0.598,0.573,0.484,0.985,0.576,0.477,0.591,0.458,0.58,0.585,0.48,0.486,0.489,0.576,0.577,0.445,0.518
0.533,0.525,0.418,0.747,0.513,0.521,0.485,1.0,0.497,0.74,0.496,0.732,0.499,0.747,0.72,0.492,0.503,0.494,0.494,0.482,0.489,0.491,0.503,0.515,0.511,0.487,0.498,0.913,0.558,0.523,0.746,0.513,0.0,0.489,0.486,0.668,0.48,0.53,0.712,0.494,0.754,0.495,0.5,0.917,0.906,0.508,0.496,0.499,0.696,0.547
0.633,0.546,0.466,0.507,0.541,0.542,0.516,0.497,1.0,0.519,0.546,0.501,0.55,0.515,0.498,0.531,0.551,0.542,0.537,0.512,0.524,0.541,0.543,0.547,0.551,0.526,0.556,0.507,0.582,0.669,0.496,0.531,0.0,0.539,0.523,0.517,0.511,0.545,0.506,0.547,0.499,0.546,0.569,0.497,0.494,0.529,0.545,0.543,0.483,0.57
0.519,0.504,0.406,0.755,0.498,0.485,0.454,0.74,0.519,1.0,0.524,0.747,0.514,0.766,0.749,0.464,0.492,0.482,0.491,0.45,0.476,0.501,0.489,0.516,0.513,0.499,0.514,0.766,0.552,0.507,0.761,0.486,0.0,0.489,0.488,0.677,0.449,0.512,0.718,0.499,0.764,0.49,0.503,0.752,0.763,0.482,0.491,0.489,0.724,0.516
0.556,0.656,0.434,0.499,0.796,0.652,0.577,0.496,0.546,0.524,1.0,0.509,0.782,0.513,0.51,0.585,0.666,0.73,0.722,0.572,0.715,0.747,0.729,0.71,0.672,0.671,0.764,0.507,0.532,0.55,0.485,0.703,0.0,0.72,0.705,0.504,0.57,0.749,0.505,0.773,0.487,0.669,0.764,0.493,0.497,0.485,0.67,0.667,0.508,0.519
0.526,0.524,0.408,0.767,0.516,0.498,0.465,0.732,0.501,0.747,0.509,1.0,0.506,0.773,0.859,0.477,0.517,0.497,0.5,0.462,0.499,0.5,0.511,0.515,0.519,0.495,0.501,0.757,0.553,0.51,0.715,0.504,0.0,0.501,0.496,0.666,0.461,0.51,0.722,0.496,0.744,0.499,0.513,0.743,0.756,0.501,0.505,0.505,0.7,0.53
0.548,0.657,0.428,0.492,0.744,0.668,0.582,0.499,0.55,0.514,0.782,0.506,1.0,0.502,0.505,0.595,0.677,0.748,0.75,0.579,0.748,0.806,0.792,0.703,0.683,0.677,0.805,0.505,0.535,0.567,0.486,0.735,0.0,0.782,0.674,0.5,0.576,0.781,0.505,0.81,0.489,0.673,0.792,0.492,0.493,0.488,0.681,0.679,0.503,0.517
0.501,0.505,0.411,0.808,0.5,0.492,0.474,0.747,0.515,0.766,0.513,0.773,0.502,1.0,0.81,0.484,0.505,0.495,0.501,0.47,0.484,0.502,0.501,0.507,0.513,0.496,0.508,0.793,0.56,0.508,0.758,0.499,0.0,0.495,0.487,0.678,0.469,0.51,0.716,0.506,0.78,0.507,0.505,0.775,0.769,0.491,0.501,0.499,0.735,0.535
0.49,0.494,0.396,0.804,0.497,0.479,0.452,0.72,0.498,0.749,0.51,0.859,0.505,0.81,1.0,0.464,0.504,0.488,0.496,0.449,0.486,0.509,0.507,0.506,0.51,0.492,0.506,0.765,0.546,0.499,0.734,0.494,0.0,0.495,0.489,0.664,0.447,0.516,0.717,0.499,0.755,0.487,0.512,0.747,0.74,0.49,0.499,0.499,0.715,0.531
0.556,0.599,0.433,0.48,0.599,0.611,0.951,0.492,0.531,0.464,0.585,0.477,0.595,0.484,0.464,1.0,0.598,0.627,0.618,0.947,0.62,0.621,0.642,0.604,0.609,0.589,0.588,0.486,0.515,0.548,0.465,0.6,0.0,0.605,0.583,0.497,0.946,0.588,0.484,0.599,0.471,0.592,0.594,0.487,0.49,0.487,0.586,0.587,0.457,0.512
0.563,0.752,0.436,0.498,0.684,0.727,0.588,0.503,0.551,0.492,0.666,0.517,0.677,0.505,0.504,0.598,1.0,0.682,0.669,0.58,0.657,0.689,0.695,0.773,0.775,0.775,0.666,0.506,0.542,0.546,0.485,0.696,0.0,0.683,0.719,0.509,0.58,0.669,0.512,0.672,0.491,0.73,0.684,0.5,0.51,0.479,0.742,0.741,0.478,0.51
0.561,0.662,0.429,0.491,0.722,0.678,0.628,0.494,0.542,0.482,0.73,0.497,0.748,0.495,0.488,0.627,0.682,1.0,0.777,0.621,0.759,0.772,0.782,0.671,0.672,0.651,0.747,0.504,0.546,0.554,0.478,0.741,0.0,0.737,0.649,0.506,0.62,0.724,0.503,0.743,0.477,0.682,0.746,0.491,0.493,0.477,0.683,0.681,0.463,0.532
0.547,0.641,0.415,0.489,0.713,0.657,0.616,0.494,0.537,0.491,0.722,0.5,0.75,0.501,0.496,0.618,0.669,0.777,1.0,0.61,0.759,0.767,0.762,0.666,0.672,0.653,0.743,0.498,0.519,0.545,0.481,0.721,0.0,0.729,0.656,0.497,0.609,0.734,0.497,0.745,0.48,0.669,0.743,0.49,0.491,0.474,0.657,0.658,0.481,0.502
0.548,0.585,0.426,0.465,0.582,0.601,0.983,0.482,0.512,0.45,0.572,0.462,0.579,0.47,0.449,0.947,0.58,0.621,0.61,1.0,0.622,0.611,0.639,0.593,0.601,0.578,0.583,0.473,0.503,0.528,0.452,0.604,0.0,0.594,0.567,0.479,0.992,0.572,0.47,0.588,0.454,0.576,0.581,0.475,0.481,0.49,0.572,0.573,0.441,0.516
0.55,0.648,0.422,0.487,0.733,0.662,0.628,0.489,0.524,0.476,0.715,0.499,0.748,0.484,0.486,0.62,0.657,0.759,0.759,0.622,1.0,0.761,0.784,0.65,0.653,0.643,0.744,0.489,0.506,0.554,0.474,0.752,0.0,0.75,0.629,0.497,0.618,0.736,0.5,0.742,0.48,0.649,0.748,0.489,0.492,0.49,0.672,0.673,0.46,0.509
0.538,0.646,0.421,0.49,0.716,0.663,0.617,0.491,0.541,0.501,0.747,0.5,0.806,0.502,0.509,0.621,0.689,0.772,0.767,0.611,0.761,1.0,0.924,0.69,0.685,0.669,0.771,0.501,0.523,0.555,0.476,0.736,0.0,0.872,0.661,0.498,0.611,0.76,0.499,0.772,0.479,0.66,0.777,0.489,0.488,0.471,0.668,0.666,0.487,0.508
0.557,0.66,0.437,0.508,0.733,0.68,0.645,0.503,0.543,0.489,0.729,0.511,0.792,0.501,0.507,0.642,0.695,0.782,0.762,0.639,0.784,0.924,1.0,0.676,0.683,0.662,0.761,0.51,0.529,0.566,0.492,0.758,0.0,0.868,0.654,0.517,0.637,0.748,0.512,0.757,0.492,0.669,0.756,0.502,0.503,0.479,0.681,0.68,0.482,0.52
0.556,0.798,0.434,0.503,0.671,0.779,0.598,0.515,0.547,0.516,0.71,0.515,0.703,0.507,0.506,0.604,0.773,0.671,0.666,0.593,0.65,0.69,0.676,1.0,0.83,0.763,0.689,0.51,0.537,0.549,0.488,0.655,0.0,0.673,0.825,0.501,0.592,0.673,0.5,0.684,0.492,0.742,0.679,0.502,0.506,0.474,0.734,0.732,0.497,0.511
0.557,0.815,0.438,0.509,0.688,0.812,0.601,0.511,0.551,0.513,0.672,0.519,0.683,0.513,0.51,0.609,0.775,0.672,0.672,0.601,0.653,0.685,0.683,0.83,1.0,0.785,0.676,0.511,0.549,0.544,0.496,0.678,0.0,0.661,0.812,0.496,0.6,0.68,0.512,0.682,0.499,0.737,0.685,0.512,0.514,0.486,0.739,0.736,0.51,0.517
0.543,0.736,0.418,0.488,0.663,0.715,0.583,0.487,0.526,0.499,0.671,0.495,0.677,0.496,0.492,0.589,0.775,0.651,0.653,0.578,0.643,0.669,0.662,0.763,0.785,1.0,0.67,0.494,0.521,0.528,0.473,0.644,0.0,0.65,0.729,0.495,0.575,0.661,0.491,0.674,0.478,0.732,0.659,0.493,0.49,0.474,0.725,0.721,0.495,0.499
0.559,0.654,0.423,0.496,0.73,0.652,0.588,0.498,0.556,0.514,0.764,0.501,0.805,0.508,0.506,0.588,0.666,0.747,0.743,0.583,0.744,0.771,0.761,0.689,0.676,0.67,1.0,0.499,0.534,0.555,0.491,0.749,0.0,0.748,0.664,0.504,0.58,0.821,0.494,0.791,0.493,0.666,0.839,0.493,0.487,0.491,0.661,0.659,0.498,0.518
0.513,0.514,0.414,0.791,0.503,0.501,0.477,0.913,0.507,0.766,0.507,0.757,0.505,0.793,0.765,0.486,0.506,0.504,0.498,0.473,0.489,0.501,0.51,0.51,0.511,0.494,0.499,1.0,0.56,0.517,0.754,0.506,0.0,0.497,0.486,0.681,0.472,0.523,0.725,0.491,0.774,0.499,0.501,0.964,0.944,0.504,0.501,0.5,0.722,0.535
0.581,0.546,0.462,0.543,0.543,0.548,0.506,0.558,0.582,0.552,0.532,0.553,0.535,0.56,0.546,0.515,0.542,0.546,0.519,0.503,0.506,0.523,0.529,0.537,0.549,0.521,0.534,0.56,1.0,0.571,0.535,0.523,0.0,0.523,0.514,0.543,0.501,0.536,0.543,0.528,0.54,0.522,0.531,0.546,0.547,0.61,0.531,0.53,0.523,0.818
0.644,0.563,0.474,0.505,0.561,0.554,0.531,0.523,0.669,0.507,0.55,0.51,0.567,0.508,0.499,0.548,0.546,0.554,0.545,0.528,0.554,0.555,0.566,0.549,0.544,0.528,0.555,0.517,0.571,1.0,0.508,0.547,0.0,0.544,0.522,0.51,0.525,0.555,0.505,0.56,0.517,0.539,0.568,0.521,0.518,0.563,0.556,0.557,0.493,0.572
0.497,0.502,0.409,0.766,0.488,0.491,0.455,0.746,0.496,0.761,0.485,0.715,0.486,0.758,0.734,0.465,0.485,0.478,0.481,0.452,0.474,0.476,0.492,0.488,0.496,0.473,0.491,0.754,0.535,0.508,1.0,0.495,0.0,0.476,0.463,0.674,0.449,0.483,0.7,0.484,0.903,0.481,0.479,0.756,0.748,0.49,0.48,0.481,0.702,0.527
0.549,0.681,0.44,0.501,0.72,0.676,0.61,0.513,0.531,0.486,0.703,0.504,0.735,0.499,0.494,0.6,0.696,0.741,0.721,0.604,0.752,0.736,0.758,0.655,0.678,0.644,0.749,0.506,0.523,0.547,0.495,1.0,0.0,0.727,0.629,0.495,0.603,0.752,0.496,0.747,0.491,0.666,0.758,0.506,0.51,0.486,0.676,0.677,0.466,0.52
0.0,0.0,0.0,0.0,0.0,0.0,0.0,0.0,0.0,0.0,0.0,0.0,0.0,0.0,0.0,0.0,0.0,0.0,0.0,0.0,0.0,0.0,0.0,0.0,0.0,0.0,0.0,0.0,0.0,0.0,0.0,0.0,1.0,0.0,0.0,0.0,0.0,0.0,0.0,0.0,0.0,0.0,0.0,0.0,0.0,0.0,0.0,0.0,0.0,0.0
0.536,0.637,0.423,0.487,0.713,0.668,0.598,0.489,0.539,0.489,0.72,0.501,0.782,0.495,0.495,0.605,0.683,0.737,0.729,0.594,0.75,0.872,0.868,0.673,0.661,0.65,0.748,0.497,0.523,0.544,0.476,0.727,0.0,1.0,0.65,0.512,0.592,0.743,0.514,0.755,0.473,0.656,0.76,0.486,0.491,0.468,0.669,0.669,0.475,0.505
0.529,0.759,0.405,0.483,0.653,0.769,0.573,0.486,0.523,0.488,0.705,0.496,0.674,0.487,0.489,0.583,0.719,0.649,0.656,0.567,0.629,0.661,0.654,0.825,0.812,0.729,0.664,0.486,0.514,0.522,0.463,0.629,0.0,0.65,1.0,0.48,0.565,0.645,0.486,0.662,0.467,0.71,0.658,0.475,0.483,0.456,0.698,0.697,0.478,0.492
0.505,0.498,0.41,0.693,0.494,0.499,0.484,0.668,0.517,0.677,0.504,0.666,0.5,0.678,0.664,0.497,0.509,0.506,0.497,0.479,0.497,0.498,0.517,0.501,0.496,0.495,0.504,0.681,0.543,0.51,0.674,0.495,0.0,0.512,0.48,1.0,0.477,0.485,0.688,0.492,0.676,0.499,0.495,0.674,0.672,0.485,0.495,0.493,0.663,0.523
0.548,0.584,0.424,0.464,0.579,0.599,0.985,0.48,0.511,0.449,0.57,0.461,0.576,0.469,0.447,0.946,0.58,0.62,0.609,0.992,0.618,0.611,0.637,0.592,0.6,0.575,0.58,0.472,0.501,0.525,0.449,0.603,0.0,0.592,0.565,0.477,1.0,0.57,0.469,0.585,0.452,0.573,0.579,0.475,0.481,0.49,0.569,0.57,0.439,0.514
0.563,0.669,0.422,0.498,0.744,0.674,0.576,0.53,0.545,0.512,0.749,0.51,0.781,0.51,0.516,0.588,0.669,0.724,0.734,0.572,0.736,0.76,0.748,0.673,0.68,0.661,0.821,0.523,0.536,0.555,0.483,0.752,0.0,0.743,0.645,0.485,0.57,1.0,0.502,0.783,0.496,0.676,0.862,0.518,0.501,0.485,0.69,0.69,0.493,0.514
0.506,0.493,0.411,0.721,0.504,0.515,0.477,0.712,0.506,0.718,0.505,0.722,0.505,0.716,0.717,0.484,0.512,0.503,0.497,0.47,0.5,0.499,0.512,0.5,0.512,0.491,0.494,0.725,0.543,0.505,0.7,0.496,0.0,0.514,0.486,0.688,0.469,0.502,1.0,0.498,0.707,0.499,0.506,0.714,0.723,0.487,0.501,0.499,0.678,0.521
0.552,0.654,0.43,0.484,0.748,0.675,0.591,0.494,0.547,0.499,0.773,0.496,0.81,0.506,0.499,0.599,0.672,0.743,0.745,0.588,0.742,0.772,0.757,0.684,0.682,0.674,0.791,0.491,0.528,0.56,0.484,0.747,0.0,0.755,0.662,0.492,0.585,0.783,0.498,1.0,0.487,0.67,0.795,0.485,0.486,0.497,0.689,0.688,0.482,0.525
0.511,0.507,0.421,0.788,0.495,0.498,0.458,0.754,0.499,0.764,0.487,0.744,0.489,0.78,0.755,0.471,0.491,0.477,0.48,0.454,0.48,0.479,0.492,0.492,0.499,0.478,0.493,0.774,0.54,0.517,0.903,0.491,0.0,0.473,0.467,0.676,0.452,0.496,0.707,0.487,1.0,0.485,0.484,0.777,0.77,0.5,0.485,0.486,0.707,0.53
0.549,0.717,0.431,0.496,0.681,0.72,0.58,0.495,0.546,0.49,0.669,0.499,0.673,0.507,0.487,0.592,0.73,0.682,0.669,0.576,0.649,0.66,0.669,0.742,0.737,0.732,0.666,0.499,0.522,0.539,0.481,0.666,0.0,0.656,0.71,0.499,0.573,0.676,0.499,0.67,0.485,1.0,0.694,0.493,0.492,0.475,0.766,0.762,0.478,0.502
0.56,0.657,0.428,0.492,0.749,0.666,0.585,0.5,0.569,0.503,0.764,0.513,0.792,0.505,0.512,0.594,0.684,0.746,0.743,0.581,0.748,0.777,0.756,0.679,0.685,0.659,0.839,0.501,0.531,0.568,0.479,0.758,0.0,0.76,0.658,0.495,0.579,0.862,0.506,0.795,0.484,0.694,1.0,0.493,0.491,0.494,0.684,0.682,0.485,0.519
0.517,0.531,0.424,0.779,0.5,0.504,0.48,0.917,0.497,0.752,0.493,0.743,0.492,0.775,0.747,0.487,0.5,0.491,0.49,0.475,0.489,0.489,0.502,0.502,0.512,0.493,0.493,0.964,0.546,0.521,0.756,0.506,0.0,0.486,0.475,0.674,0.475,0.518,0.714,0.485,0.777,0.493,0.493,1.0,0.956,0.506,0.493,0.496,0.718,0.533
0.537,0.538,0.42,0.773,0.509,0.505,0.486,0.906,0.494,0.763,0.497,0.756,0.493,0.769,0.74,0.49,0.51,0.493,0.491,0.481,0.492,0.488,0.503,0.506,0.514,0.49,0.487,0.944,0.547,0.518,0.748,0.51,0.0,0.491,0.483,0.672,0.481,0.501,0.723,0.486,0.77,0.492,0.491,0.956,1.0,0.507,0.498,0.501,0.71,0.535
0.549,0.506,0.435,0.5,0.5,0.503,0.489,0.508,0.529,0.482,0.485,0.501,0.488,0.491,0.49,0.487,0.479,0.477,0.474,0.49,0.49,0.471,0.479,0.474,0.486,0.474,0.491,0.504,0.61,0.563,0.49,0.486,0.0,0.468,0.456,0.485,0.49,0.485,0.487,0.497,0.5,0.475,0.494,0.506,0.507,1.0,0.519,0.519,0.487,0.69
0.555,0.73,0.446,0.497,0.693,0.75,0.576,0.496,0.545,0.491,0.67,0.505,0.681,0.501,0.499,0.586,0.742,0.683,0.657,0.572,0.672,0.668,0.681,0.734,0.739,0.725,0.661,0.501,0.531,0.556,0.48,0.676,0.0,0.669,0.698,0.495,0.569,0.69,0.501,0.689,0.485,0.766,0.684,0.493,0.498,0.519,1.0,0.995,0.475,0.53
0.557,0.731,0.447,0.496,0.696,0.752,0.577,0.499,0.543,0.489,0.667,0.505,0.679,0.499,0.499,0.587,0.741,0.681,0.658,0.573,0.673,0.666,0.68,0.732,0.736,0.721,0.659,0.5,0.53,0.557,0.481,0.677,0.0,0.669,0.697,0.493,0.57,0.69,0.499,0.688,0.486,0.762,0.682,0.496,0.501,0.519,0.995,1.0,0.473,0.531
0.483,0.492,0.409,0.726,0.486,0.477,0.445,0.696,0.483,0.724,0.508,0.7,0.503,0.735,0.715,0.457,0.478,0.463,0.481,0.441,0.46,0.487,0.482,0.497,0.51,0.495,0.498,0.722,0.523,0.493,0.702,0.466,0.0,0.475,0.478,0.663,0.439,0.493,0.678,0.482,0.707,0.478,0.485,0.718,0.71,0.487,0.475,0.473,1.0,0.502
0.583,0.536,0.468,0.533,0.525,0.54,0.518,0.547,0.57,0.516,0.519,0.53,0.517,0.535,0.531,0.512,0.51,0.532,0.502,0.516,0.509,0.508,0.52,0.511,0.517,0.499,0.518,0.535,0.818,0.572,0.527,0.52,0.0,0.505,0.492,0.523,0.514,0.514,0.521,0.525,0.53,0.502,0.519,0.533,0.535,0.69,0.53,0.531,0.502,1.0
