GCF_000163235.1_ASM16323v1_genomic.fna,GCF_000164555.1_ASM16455v1_genomic.fna,GCF_000208545.1_ASM20854v2_genomic.fna,GCF_000233875.1_ASM23387v1_genomic.fna,GCF_000249735.1_ASM24973v2_genomic.fna,GCF_000261145.1_Esch_coli_M919_V2_genomic.fna,GCF_000267705.2_ASM26770v2_genomic.fna,GCF_000350665.1_Esch_coli_KTE5_V1_genomic.fna,GCF_000351625.1_Esch_coli_KTE66_V1_genomic.fna,GCF_000352285.1_Esch_coli_KTE46_V1_genomic.fna,GCF_000358895.1_ASM35889v1_genomic.fna,GCF_000456385.1_Esch_coli_HVH_26_4-5703913_V1_genomic.fna,GCF_000458195.1_Esch_coli_HVH_147_4-5893887_V1_genomic.fna,GCF_000459755.1_Esch_coli_KOEGE_58_171a_V1_genomic.fna,GCF_000460055.1_Esch_coli_UMEA_3053-1_V1_genomic.fna,GCF_000462165.2_ASM46216v2_genomic.fna,GCF_000601135.1_ASM60113v1_genomic.fna,GCF_000614595.1_Ec2010EL1058_genomic.fna,GCF_000617745.1_Ec2010C-4529_genomic.fna,GCF_000618265.2_EcF6751_genomic.fna,GCF_000619005.2_Ec2009C-4052_genomic.fna,GCF_000619105.1_Ec2009C-4780_genomic.fna,GCF_000619765.2_Ec2009C-3279_genomic.fna,GCF_000687005.1_ASM68700v1_genomic.fna,GCF_000687025.1_ASM68702v1_genomic.fna,GCF_000700125.1_ASM70012v1_genomic.fna,GCF_000753315.1_FHI35_genomic.fna,GCF_000776375.1_ASM77637v1_genomic.fna,GCF_000779395.1_ASM77939v1_genomic.fna,GCF_000780315.1_ASM78031v1_genomic.fna,GCF_000781995.1_ASM78199v1_genomic.fna,GCF_000986765.1_ASM98676v1_genomic.fna,GCF_001041375.1_ViralProj287958_genomic.fna,GCF_001265335.1_302014_genomic.fna,GCF_001265625.1_100854_genomic.fna,GCF_001267345.1_303289_genomic.fna,GCF_001309985.1_ASM130998v1_genomic.fna,GCF_001521695.1_ASM152169v1_genomic.fna,GCF_001592595.1_ASM159259v1_genomic.fna,GCF_001614975.1_ASM161497v1_genomic.fna,GCF_001692775.1_ASM169277v1_genomic.fna,GCF_001748915.1_ASM174891v1_genomic.fna,GCF_001749235.1_ASM174923v1_genomic.fna,GCF_001881155.1_ASM188115v1_genomic.fna,GCF_001881345.1_ASM188134v1_genomic.fna,GCF_001892405.1_ASM189240v1_genomic.fna,GCF_001892585.1_ASM189258v1_genomic.fna,GCF_001893985.1_ASM189398v1_genomic.fna,GCF_002001595.1_ASM200159v1_genomic.fna,GCF_002002145.1_ASM200214v1_genomic.fna
1.0,0.556,0.482,0.495,0.537,0.528,0.541,0.517,0.648,0.503,0.529,0.516,0.54,0.509,0.497,0.538,0.539,0.547,0.538,0.535,0.523,0.524,0.54,0.539,0.525,0.52,0.53,0.51,0.575,0.635,0.482,0.543,0.0,0.525,0.511,0.513,0.538,0.554,0.496,0.526,0.497,0.542,0.543,0.512,0.526,0.518,0.531,0.531,0.486,0.58
0.556,1.0,0.454,0.501,0.675,0.793,0.587,0.515,0.534,0.505,0.641,0.527,0.663,0.509,0.505,0.592,0.734,0.675,0.671,0.585,0.64,0.65,0.661,0.807,0.799,0.741,0.665,0.515,0.523,0.533,0.497,0.675,0.0,0.648,0.761,0.508,0.584,0.696,0.512,0.648,0.502,0.713,0.672,0.535,0.528,0.5,0.736,0.736,0.499,0.531
0.482,0.454,1.0,0.413,0.438,0.433,0.422,0.42,0.463,0.413,0.434,0.435,0.446,0.423,0.426,0.422,0.432,0.442,0.442,0.42,0.425,0.435,0.443,0.431,0.427,0.417,0.441,0.424,0.456,0.459,0.413,0.453,0.0,0.432,0.405,0.423,0.419,0.448,0.422,0.432,0.422,0.442,0.454,0.437,0.43,0.413,0.453,0.454,0.417,0.457
0.495,0.501,0.413,1.0,0.5,0.508,0.467,0.754,0.493,0.755,0.494,0.742,0.498,0.795,0.776,0.472,0.511,0.487,0.494,0.461,0.457,0.493,0.503,0.517,0.508,0.505,0.502,0.789,0.525,0.488,0.744,0.493,0.0,0.488,0.485,0.662,0.465,0.51,0.703,0.482,0.773,0.484,0.494,0.762,0.766,0.481,0.494,0.495,0.71,0.521
0.537,0.675,0.438,0.5,1.0,0.696,0.588,0.515,0.536,0.494,0.802,0.508,0.731,0.517,0.504,0.596,0.691,0.704,0.726,0.583,0.703,0.708,0.714,0.685,0.681,0.67,0.73,0.513,0.534,0.542,0.489,0.701,0.0,0.714,0.658,0.503,0.584,0.74,0.508,0.724,0.507,0.69,0.741,0.503,0.511,0.487,0.699,0.699,0.493,0.517
0.528,0.793,0.433,0.508,0.696,1.0,0.596,0.519,0.531,0.499,0.651,0.505,0.672,0.519,0.495,0.604,0.738,0.674,0.685,0.592,0.638,0.66,0.682,0.804,0.819,0.732,0.658,0.51,0.54,0.537,0.497,0.658,0.0,0.674,0.78,0.521,0.591,0.69,0.535,0.664,0.512,0.706,0.675,0.501,0.511,0.488,0.736,0.736,0.498,0.537
0.541,0.587,0.422,0.467,0.588,0.596,1.0,0.484,0.525,0.458,0.572,0.487,0.583,0.474,0.482,0.951,0.59,0.645,0.628,0.986,0.635,0.603,0.631,0.59,0.585,0.586,0.601,0.472,0.518,0.501,0.469,0.61,0.0,0.601,0.569,0.507,0.989,0.59,0.486,0.575,0.473,0.597,0.599,0.482,0.481,0.481,0.591,0.592,0.458,0.528
0.517,0.515,0.42,0.754,0.515,0.519,0.484,1.0,0.502,0.74,0.505,0.728,0.511,0.754,0.707,0.494,0.517,0.5,0.516,0.481,0.477,0.503,0.507,0.526,0.507,0.511,0.512,0.917,0.558,0.496,0.742,0.503,0.0,0.509,0.486,0.659,0.481,0.538,0.696,0.508,0.75,0.494,0.513,0.888,0.889,0.477,0.495,0.495,0.698,0.534
0.648,0.534,0.463,0.493,0.536,0.531,0.525,0.502,1.0,0.498,0.529,0.5,0.542,0.512,0.491,0.531,0.54,0.536,0.54,0.522,0.515,0.526,0.529,0.548,0.525,0.522,0.538,0.498,0.572,0.662,0.487,0.534,0.0,0.525,0.517,0.52,0.522,0.544,0.505,0.535,0.499,0.537,0.551,0.49,0.493,0.525,0.531,0.531,0.481,0.583
0.503,0.505,0.413,0.755,0.494,0.499,0.458,0.74,0.498,1.0,0.511,0.716,0.523,0.744,0.71,0.468,0.498,0.489,0.494,0.456,0.459,0.495,0.485,0.51,0.496,0.508,0.505,0.75,0.528,0.5,0.753,0.478,0.0,0.485,0.49,0.664,0.455,0.508,0.703,0.495,0.763,0.479,0.492,0.723,0.737,0.48,0.489,0.49,0.725,0.513
0.529,0.641,0.434,0.494,0.802,0.651,0.572,0.505,0.529,0.511,1.0,0.491,0.781,0.503,0.479,0.584,0.658,0.716,0.736,0.567,0.703,0.733,0.717,0.693,0.653,0.666,0.737,0.499,0.526,0.536,0.477,0.694,0.0,0.717,0.678,0.505,0.568,0.73,0.507,0.751,0.491,0.67,0.734,0.485,0.495,0.467,0.665,0.665,0.483,0.514
0.516,0.527,0.435,0.742,0.508,0.505,0.487,0.728,0.5,0.716,0.491,1.0,0.494,0.758,0.859,0.483,0.502,0.498,0.489,0.483,0.479,0.484,0.498,0.52,0.499,0.491,0.498,0.742,0.546,0.494,0.72,0.502,0.0,0.485,0.475,0.658,0.485,0.518,0.701,0.484,0.741,0.5,0.502,0.75,0.753,0.501,0.504,0.505,0.685,0.54
0.54,0.663,0.446,0.498,0.731,0.672,0.583,0.511,0.542,0.523,0.781,0.494,1.0,0.499,0.483,0.594,0.663,0.731,0.759,0.578,0.736,0.821,0.803,0.708,0.669,0.672,0.793,0.506,0.529,0.544,0.488,0.733,0.0,0.798,0.684,0.511,0.579,0.778,0.512,0.79,0.496,0.664,0.77,0.493,0.498,0.481,0.681,0.681,0.486,0.525
0.509,0.509,0.423,0.795,0.517,0.519,0.474,0.754,0.512,0.744,0.503,0.758,0.499,1.0,0.782,0.483,0.515,0.502,0.512,0.471,0.468,0.493,0.499,0.498,0.494,0.499,0.509,0.781,0.553,0.502,0.752,0.5,0.0,0.49,0.48,0.672,0.472,0.524,0.708,0.491,0.777,0.492,0.507,0.757,0.765,0.491,0.504,0.505,0.711,0.541
0.497,0.505,0.426,0.776,0.504,0.495,0.482,0.707,0.491,0.71,0.479,0.859,0.483,0.782,1.0,0.473,0.5,0.494,0.479,0.481,0.47,0.475,0.497,0.486,0.486,0.484,0.489,0.738,0.53,0.478,0.746,0.497,0.0,0.478,0.469,0.661,0.481,0.502,0.704,0.476,0.762,0.494,0.494,0.743,0.743,0.499,0.506,0.507,0.691,0.548
0.538,0.592,0.422,0.472,0.596,0.604,0.951,0.494,0.531,0.468,0.584,0.483,0.594,0.483,0.473,1.0,0.591,0.631,0.634,0.947,0.61,0.612,0.629,0.593,0.595,0.594,0.604,0.481,0.528,0.512,0.476,0.596,0.0,0.598,0.573,0.514,0.949,0.597,0.487,0.585,0.482,0.589,0.604,0.475,0.483,0.48,0.59,0.59,0.468,0.528
0.539,0.734,0.432,0.511,0.691,0.738,0.59,0.517,0.54,0.498,0.658,0.502,0.663,0.515,0.5,0.591,1.0,0.658,0.672,0.583,0.648,0.664,0.664,0.759,0.747,0.779,0.666,0.512,0.529,0.538,0.492,0.692,0.0,0.676,0.713,0.53,0.586,0.668,0.525,0.663,0.502,0.716,0.675,0.505,0.516,0.473,0.73,0.729,0.489,0.523
0.547,0.675,0.442,0.487,0.704,0.674,0.645,0.5,0.536,0.489,0.716,0.498,0.731,0.502,0.494,0.631,0.658,1.0,0.792,0.642,0.765,0.754,0.771,0.662,0.653,0.645,0.744,0.494,0.516,0.532,0.491,0.739,0.0,0.727,0.63,0.532,0.641,0.737,0.508,0.726,0.493,0.677,0.738,0.5,0.505,0.49,0.692,0.693,0.476,0.529
0.538,0.671,0.442,0.494,0.726,0.685,0.628,0.516,0.54,0.494,0.736,0.489,0.759,0.512,0.479,0.634,0.672,0.792,1.0,0.626,0.775,0.768,0.779,0.676,0.663,0.671,0.759,0.505,0.53,0.543,0.484,0.738,0.0,0.743,0.664,0.532,0.625,0.75,0.521,0.751,0.494,0.673,0.743,0.493,0.5,0.475,0.673,0.672,0.48,0.527
0.535,0.585,0.42,0.461,0.583,0.592,0.986,0.481,0.522,0.456,0.567,0.483,0.578,0.471,0.481,0.947,0.583,0.642,0.626,1.0,0.634,0.602,0.629,0.584,0.584,0.582,0.595,0.469,0.512,0.5,0.467,0.608,0.0,0.592,0.564,0.503,0.99,0.585,0.48,0.571,0.47,0.594,0.595,0.478,0.477,0.481,0.588,0.589,0.456,0.525
0.523,0.64,0.425,0.457,0.703,0.638,0.635,0.477,0.515,0.459,0.703,0.479,0.736,0.468,0.47,0.61,0.648,0.765,0.775,0.634,1.0,0.756,0.784,0.644,0.627,0.643,0.736,0.471,0.487,0.51,0.462,0.755,0.0,0.752,0.61,0.508,0.635,0.731,0.492,0.728,0.471,0.652,0.738,0.48,0.478,0.486,0.678,0.678,0.446,0.507
0.524,0.65,0.435,0.493,0.708,0.66,0.603,0.503,0.526,0.495,0.733,0.484,0.821,0.493,0.475,0.612,0.664,0.754,0.768,0.602,0.756,1.0,0.922,0.677,0.663,0.659,0.77,0.498,0.512,0.528,0.482,0.744,0.0,0.873,0.645,0.512,0.6,0.756,0.506,0.773,0.49,0.652,0.756,0.488,0.492,0.473,0.662,0.661,0.474,0.517
0.54,0.661,0.443,0.503,0.714,0.682,0.631,0.507,0.529,0.485,0.717,0.498,0.803,0.499,0.497,0.629,0.664,0.771,0.779,0.629,0.784,0.922,1.0,0.668,0.657,0.65,0.766,0.504,0.515,0.516,0.499,0.76,0.0,0.868,0.639,0.528,0.627,0.764,0.518,0.757,0.508,0.666,0.763,0.502,0.506,0.478,0.678,0.677,0.474,0.526
0.539,0.807,0.431,0.517,0.685,0.804,0.59,0.526,0.548,0.51,0.693,0.52,0.708,0.498,0.486,0.593,0.759,0.662,0.676,0.584,0.644,0.677,0.668,1.0,0.832,0.767,0.687,0.505,0.537,0.551,0.488,0.664,0.0,0.672,0.834,0.514,0.586,0.68,0.502,0.684,0.501,0.71,0.672,0.495,0.504,0.475,0.725,0.725,0.485,0.527
0.525,0.799,0.427,0.508,0.681,0.819,0.585,0.507,0.525,0.496,0.653,0.499,0.669,0.494,0.486,0.595,0.747,0.653,0.663,0.584,0.627,0.663,0.657,0.832,1.0,0.772,0.664,0.503,0.526,0.534,0.479,0.664,0.0,0.658,0.807,0.506,0.585,0.664,0.513,0.664,0.494,0.692,0.664,0.507,0.499,0.47,0.707,0.707,0.504,0.507
0.52,0.741,0.417,0.505,0.67,0.732,0.586,0.511,0.522,0.508,0.666,0.491,0.672,0.499,0.484,0.594,0.779,0.645,0.671,0.582,0.643,0.659,0.65,0.767,0.772,1.0,0.678,0.496,0.531,0.532,0.485,0.64,0.0,0.654,0.723,0.512,0.584,0.673,0.508,0.679,0.496,0.703,0.657,0.498,0.497,0.462,0.718,0.717,0.504,0.513
0.53,0.665,0.441,0.502,0.73,0.658,0.601,0.512,0.538,0.505,0.737,0.498,0.793,0.509,0.489,0.604,0.666,0.744,0.759,0.595,0.736,0.77,0.766,0.687,0.664,0.678,1.0,0.502,0.527,0.542,0.487,0.753,0.0,0.748,0.659,0.516,0.596,0.841,0.498,0.79,0.494,0.656,0.838,0.497,0.5,0.49,0.67,0.67,0.485,0.522
0.51,0.515,0.424,0.789,0.513,0.51,0.472,0.917,0.498,0.75,0.499,0.742,0.506,0.781,0.738,0.481,0.512,0.494,0.505,0.469,0.471,0.498,0.504,0.505,0.503,0.496,0.502,1.0,0.547,0.496,0.749,0.498,0.0,0.501,0.481,0.655,0.469,0.536,0.698,0.495,0.774,0.491,0.508,0.96,0.951,0.481,0.5,0.501,0.713,0.526
0.575,0.523,0.456,0.525,0.534,0.54,0.518,0.558,0.572,0.528,0.526,0.546,0.529,0.553,0.53,0.528,0.529,0.516,0.53,0.512,0.487,0.512,0.515,0.537,0.526,0.531,0.527,0.547,1.0,0.565,0.521,0.521,0.0,0.515,0.513,0.537,0.515,0.53,0.529,0.521,0.527,0.512,0.522,0.529,0.536,0.596,0.515,0.515,0.516,0.846
0.635,0.533,0.459,0.488,0.542,0.537,0.501,0.496,0.662,0.5,0.536,0.494,0.544,0.502,0.478,0.512,0.538,0.532,0.543,0.5,0.51,0.528,0.516,0.551,0.534,0.532,0.542,0.496,0.565,1.0,0.478,0.516,0.0,0.516,0.517,0.497,0.5,0.539,0.483,0.546,0.494,0.527,0.539,0.483,0.487,0.519,0.535,0.535,0.488,0.567
0.482,0.497,0.413,0.744,0.489,0.497,0.469,0.742,0.487,0.753,0.477,0.72,0.488,0.752,0.746,0.476,0.492,0.491,0.484,0.467,0.462,0.482,0.499,0.488,0.479,0.485,0.487,0.749,0.521,0.478,1.0,0.483,0.0,0.478,0.462,0.666,0.466,0.501,0.692,0.48,0.904,0.482,0.487,0.745,0.753,0.487,0.5,0.5,0.698,0.521
0.543,0.675,0.453,0.493,0.701,0.658,0.61,0.503,0.534,0.478,0.694,0.502,0.733,0.5,0.497,0.596,0.692,0.739,0.738,0.608,0.755,0.744,0.76,0.664,0.664,0.64,0.753,0.498,0.521,0.516,0.483,1.0,0.0,0.735,0.627,0.502,0.608,0.77,0.504,0.731,0.488,0.681,0.772,0.504,0.503,0.504,0.679,0.68,0.472,0.517
0.0,0.0,0.0,0.0,0.0,0.0,0.0,0.0,0.0,0.0,0.0,0.0,0.0,0.0,0.0,0.0,0.0,0.0,0.0,0.0,0.0,0.0,0.0,0.0,0.0,0.0,0.0,0.0,0.0,0.0,0.0,0.0,1.0,0.0,0.0,0.0,0.0,0.0,0.0,0.0,0.0,0.0,0.0,0.0,0.0,0.0,0.0,0.0,0.0,0.0
0.525,0.648,0.432,0.488,0.714,0.674,0.601,0.509,0.525,0.485,0.717,0.485,0.798,0.49,0.478,0.598,0.676,0.727,0.743,0.592,0.752,0.873,0.868,0.672,0.658,0.654,0.748,0.501,0.515,0.516,0.478,0.735,0.0,1.0,0.64,0.527,0.595,0.748,0.516,0.749,0.489,0.651,0.759,0.489,0.497,0.47,0.66,0.659,0.471,0.516
0.511,0.761,0.405,0.485,0.658,0.78,0.569,0.486,0.517,0.49,0.678,0.475,0.684,0.48,0.469,0.573,0.713,0.63,0.664,0.564,0.61,0.645,0.639,0.834,0.807,0.723,0.659,0.481,0.513,0.517,0.462,0.627,0.0,0.64,1.0,0.495,0.564,0.647,0.495,0.659,0.472,0.679,0.655,0.47,0.478,0.454,0.688,0.688,0.465,0.5
0.513,0.508,0.423,0.662,0.503,0.521,0.507,0.659,0.52,0.664,0.505,0.658,0.511,0.672,0.661,0.514,0.53,0.532,0.532,0.503,0.508,0.512,0.528,0.514,0.506,0.512,0.516,0.655,0.537,0.497,0.666,0.502,0.0,0.527,0.495,1.0,0.504,0.519,0.698,0.51,0.675,0.509,0.516,0.65,0.66,0.485,0.516,0.516,0.647,0.545
0.538,0.584,0.419,0.465,0.584,0.591,0.989,0.481,0.522,0.455,0.568,0.485,0.579,0.472,0.481,0.949,0.586,0.641,0.625,0.99,0.635,0.6,0.627,0.586,0.585,0.584,0.596,0.469,0.515,0.5,0.466,0.608,0.0,0.595,0.564,0.504,1.0,0.586,0.48,0.571,0.469,0.595,0.595,0.479,0.478,0.48,0.588,0.589,0.455,0.524
0.554,0.696,0.448,0.51,0.74,0.69,0.59,0.538,0.544,0.508,0.73,0.518,0.778,0.524,0.502,0.597,0.668,0.737,0.75,0.585,0.731,0.756,0.764,0.68,0.664,0.673,0.841,0.536,0.53,0.539,0.501,0.77,0.0,0.748,0.647,0.519,0.586,1.0,0.527,0.779,0.515,0.678,0.868,0.529,0.523,0.495,0.699,0.698,0.497,0.526
0.496,0.512,0.422,0.703,0.508,0.535,0.486,0.696,0.505,0.703,0.507,0.701,0.512,0.708,0.704,0.487,0.525,0.508,0.521,0.48,0.492,0.506,0.518,0.502,0.513,0.508,0.498,0.698,0.529,0.483,0.692,0.504,0.0,0.516,0.495,0.698,0.48,0.527,1.0,0.504,0.704,0.504,0.513,0.689,0.698,0.486,0.517,0.518,0.663,0.53
0.526,0.648,0.432,0.482,0.724,0.664,0.575,0.508,0.535,0.495,0.751,0.484,0.79,0.491,0.476,0.585,0.663,0.726,0.751,0.571,0.728,0.773,0.757,0.684,0.664,0.679,0.79,0.495,0.521,0.546,0.48,0.731,0.0,0.749,0.659,0.51,0.571,0.779,0.504,1.0,0.489,0.659,0.773,0.484,0.492,0.473,0.675,0.674,0.467,0.514
0.497,0.502,0.422,0.773,0.507,0.512,0.473,0.75,0.499,0.763,0.491,0.741,0.496,0.777,0.762,0.482,0.502,0.493,0.494,0.47,0.471,0.49,0.508,0.501,0.494,0.496,0.494,0.774,0.527,0.494,0.904,0.488,0.0,0.489,0.472,0.675,0.469,0.515,0.704,0.489,1.0,0.495,0.501,0.766,0.771,0.485,0.507,0.507,0.709,0.527
0.542,0.713,0.442,0.484,0.69,0.706,0.597,0.494,0.537,0.479,0.67,0.5,0.664,0.492,0.494,0.589,0.716,0.677,0.673,0.594,0.652,0.652,0.666,0.71,0.692,0.703,0.656,0.491,0.512,0.527,0.482,0.681,0.0,0.651,0.679,0.509,0.595,0.678,0.504,0.659,0.495,1.0,0.693,0.5,0.499,0.482,0.758,0.759,0.471,0.519
0.543,0.672,0.454,0.494,0.741,0.675,0.599,0.513,0.551,0.492,0.734,0.502,0.77,0.507,0.494,0.604,0.675,0.738,0.743,0.595,0.738,0.756,0.763,0.672,0.664,0.657,0.838,0.508,0.522,0.539,0.487,0.772,0.0,0.759,0.655,0.516,0.595,0.868,0.513,0.773,0.501,0.693,1.0,0.505,0.511,0.489,0.683,0.683,0.482,0.522
0.512,0.535,0.437,0.762,0.503,0.501,0.482,0.888,0.49,0.723,0.485,0.75,0.493,0.757,0.743,0.475,0.505,0.5,0.493,0.478,0.48,0.488,0.502,0.495,0.507,0.498,0.497,0.96,0.529,0.483,0.745,0.504,0.0,0.489,0.47,0.65,0.479,0.529,0.689,0.484,0.766,0.5,0.505,1.0,0.963,0.49,0.504,0.505,0.705,0.526
0.526,0.528,0.43,0.766,0.511,0.511,0.481,0.889,0.493,0.737,0.495,0.753,0.498,0.765,0.743,0.483,0.516,0.505,0.5,0.477,0.478,0.492,0.506,0.504,0.499,0.497,0.5,0.951,0.536,0.487,0.753,0.503,0.0,0.497,0.478,0.66,0.478,0.523,0.698,0.492,0.771,0.499,0.511,0.963,1.0,0.483,0.508,0.509,0.7,0.531
0.518,0.5,0.413,0.481,0.487,0.488,0.481,0.477,0.525,0.48,0.467,0.501,0.481,0.491,0.499,0.48,0.473,0.49,0.475,0.481,0.486,0.473,0.478,0.475,0.47,0.462,0.49,0.481,0.596,0.519,0.487,0.504,0.0,0.47,0.454,0.485,0.48,0.495,0.486,0.473,0.485,0.482,0.489,0.49,0.483,1.0,0.507,0.507,0.484,0.66
0.531,0.736,0.453,0.494,0.699,0.736,0.591,0.495,0.531,0.489,0.665,0.504,0.681,0.504,0.506,0.59,0.73,0.692,0.673,0.588,0.678,0.662,0.678,0.725,0.707,0.718,0.67,0.5,0.515,0.535,0.5,0.679,0.0,0.66,0.688,0.516,0.588,0.699,0.517,0.675,0.507,0.758,0.683,0.504,0.508,0.507,1.0,0.997,0.485,0.53
0.531,0.736,0.454,0.495,0.699,0.736,0.592,0.495,0.531,0.49,0.665,0.505,0.681,0.505,0.507,0.59,0.729,0.693,0.672,0.589,0.678,0.661,0.677,0.725,0.707,0.717,0.67,0.501,0.515,0.535,0.5,0.68,0.0,0.659,0.688,0.516,0.589,0.698,0.518,0.674,0.507,0.759,0.683,0.505,0.509,0.507,0.997,1.0,0.485,0.53
0.486,0.499,0.417,0.71,0.493,0.498,0.458,0.698,0.481,0.725,0.483,0.685,0.486,0.711,0.691,0.468,0.489,0.476,0.48,0.456,0.446,0.474,0.474,0.485,0.504,0.504,0.485,0.713,0.516,0.488,0.698,0.472,0.0,0.471,0.465,0.647,0.455,0.497,0.663,0.467,0.709,0.471,0.482,0.705,0.7,0.484,0.485,0.485,1.0,0.51
0.58,0.531,0.457,0.521,0.517,0.537,0.528,0.534,0.583,0.513,0.514,0.54,0.525,0.541,0.548,0.528,0.523,0.529,0.527,0.525,0.507,0.517,0.526,0.527,0.507,0.513,0.522,0.526,0.846,0.567,0.521,0.517,0.0,0.516,0.5,0.545,0.524,0.526,0.53,0.514,0.527,0.519,0.522,0.526,0.531,0.66,0.53,0.53,0.51,1.0
