GCF_000163235.1_ASM16323v1_genomic.fna,GCF_000164555.1_ASM16455v1_genomic.fna,GCF_000208545.1_ASM20854v2_genomic.fna,GCF_000233875.1_ASM23387v1_genomic.fna,GCF_000249735.1_ASM24973v2_genomic.fna,GCF_000261145.1_Esch_coli_M919_V2_genomic.fna,GCF_000267705.2_ASM26770v2_genomic.fna,GCF_000350665.1_Esch_coli_KTE5_V1_genomic.fna,GCF_000351625.1_Esch_coli_KTE66_V1_genomic.fna,GCF_000352285.1_Esch_coli_KTE46_V1_genomic.fna,GCF_000358895.1_ASM35889v1_genomic.fna,GCF_000456385.1_Esch_coli_HVH_26_4-5703913_V1_genomic.fna,GCF_000458195.1_Esch_coli_HVH_147_4-5893887_V1_genomic.fna,GCF_000459755.1_Esch_coli_KOEGE_58_171a_V1_genomic.fna,GCF_000460055.1_Esch_coli_UMEA_3053-1_V1_genomic.fna,GCF_000462165.2_ASM46216v2_genomic.fna,GCF_000601135.1_ASM60113v1_genomic.fna,GCF_000614595.1_Ec2010EL1058_genomic.fna,GCF_000617745.1_Ec2010C-4529_genomic.fna,GCF_000618265.2_EcF6751_genomic.fna,GCF_000619005.2_Ec2009C-4052_genomic.fna,GCF_000619105.1_Ec2009C-4780_genomic.fna,GCF_000619765.2_Ec2009C-3279_genomic.fna,GCF_000687005.1_ASM68700v1_genomic.fna,GCF_000687025.1_ASM68702v1_genomic.fna,GCF_000700125.1_ASM70012v1_genomic.fna,GCF_000753315.1_FHI35_genomic.fna,GCF_000776375.1_ASM77637v1_genomic.fna,GCF_000779395.1_ASM77939v1_genomic.fna,GCF_000780315.1_ASM78031v1_genomic.fna,GCF_000781995.1_ASM78199v1_genomic.fna,GCF_000986765.1_ASM98676v1_genomic.fna,GCF_001041375.1_ViralProj287958_genomic.fna,GCF_001265335.1_302014_genomic.fna,GCF_001265625.1_100854_genomic.fna,GCF_001267345.1_303289_genomic.fna,GCF_001309985.1_ASM130998v1_genomic.fna,GCF_001521695.1_ASM152169v1_genomic.fna,GCF_001592595.1_ASM159259v1_genomic.fna,GCF_001614975.1_ASM161497v1_genomic.fna,GCF_001692775.1_ASM169277v1_genomic.fna,GCF_001748915.1_ASM174891v1_genomic.fna,GCF_001749235.1_ASM174923v1_genomic.fna,GCF_001881155.1_ASM188115v1_genomic.fna,GCF_001881345.1_ASM188134v1_genomic.fna,GCF_001892405.1_ASM189240v1_genomic.fna,GCF_001892585.1_ASM189258v1_genomic.fna,GCF_001893985.1_ASM189398v1_genomic.fna,GCF_002001595.1_ASM200159v1_genomic.fna,GCF_002002145.1_ASM200214v1_genomic.fna
1.0,0.886,0.902,0.891,0.902,0.888,0.893,0.885,0.915,0.895,0.906,0.88,0.899,0.885,0.875,0.896,0.899,0.897,0.901,0.892,0.887,0.893,0.891,0.906,0.891,0.899,0.907,0.884,0.913,0.916,0.874,0.88,0.023,0.887,0.898,0.895,0.892,0.901,0.878,0.894,0.877,0.888,0.908,0.879,0.884,0.869,0.88,0.88,0.882,0.91
0.886,1.0,0.901,0.901,0.916,0.948,0.91,0.905,0.899,0.895,0.896,0.897,0.918,0.893,0.892,0.912,0.936,0.913,0.897,0.914,0.916,0.919,0.925,0.938,0.95,0.925,0.919,0.901,0.894,0.889,0.897,0.92,0.023,0.911,0.931,0.888,0.912,0.921,0.896,0.914,0.895,0.935,0.912,0.908,0.906,0.888,0.931,0.93,0.899,0.898
0.902,0.901,1.0,0.901,0.898,0.896,0.891,0.894,0.894,0.892,0.879,0.891,0.905,0.894,0.891,0.895,0.899,0.898,0.88,0.891,0.89,0.898,0.892,0.883,0.896,0.887,0.91,0.893,0.901,0.892,0.887,0.894,0.024,0.89,0.88,0.885,0.89,0.904,0.889,0.891,0.894,0.9,0.898,0.891,0.891,0.874,0.887,0.886,0.903,0.901
0.891,0.901,0.901,1.0,0.905,0.904,0.9,0.941,0.898,0.942,0.879,0.947,0.902,0.954,0.951,0.905,0.899,0.9,0.895,0.899,0.894,0.903,0.9,0.888,0.893,0.889,0.9,0.957,0.898,0.886,0.935,0.893,0.023,0.894,0.886,0.92,0.897,0.904,0.929,0.896,0.955,0.904,0.897,0.945,0.951,0.884,0.893,0.893,0.937,0.91
0.902,0.916,0.898,0.905,1.0,0.919,0.908,0.901,0.913,0.906,0.932,0.897,0.943,0.9,0.892,0.91,0.926,0.932,0.925,0.908,0.927,0.924,0.922,0.912,0.919,0.921,0.937,0.906,0.915,0.896,0.895,0.915,0.023,0.92,0.911,0.9,0.908,0.936,0.897,0.94,0.9,0.921,0.94,0.901,0.901,0.885,0.918,0.917,0.902,0.916
0.888,0.948,0.896,0.904,0.919,1.0,0.912,0.901,0.907,0.892,0.895,0.892,0.919,0.893,0.889,0.914,0.936,0.93,0.908,0.91,0.919,0.931,0.928,0.936,0.955,0.923,0.924,0.901,0.9,0.887,0.889,0.923,0.023,0.92,0.942,0.892,0.908,0.927,0.902,0.92,0.897,0.928,0.921,0.893,0.899,0.885,0.929,0.927,0.897,0.91
0.893,0.91,0.891,0.9,0.908,0.912,1.0,0.897,0.898,0.885,0.888,0.89,0.911,0.887,0.884,0.986,0.913,0.92,0.908,0.992,0.928,0.929,0.93,0.897,0.909,0.9,0.919,0.9,0.884,0.889,0.884,0.911,0.023,0.915,0.901,0.891,0.992,0.908,0.897,0.901,0.892,0.904,0.908,0.898,0.904,0.884,0.905,0.904,0.894,0.895
0.885,0.905,0.894,0.941,0.901,0.901,0.897,1.0,0.897,0.935,0.872,0.93,0.897,0.932,0.929,0.899,0.894,0.898,0.887,0.897,0.887,0.902,0.901,0.89,0.898,0.888,0.896,0.967,0.902,0.886,0.94,0.894,0.022,0.891,0.889,0.917,0.895,0.9,0.927,0.892,0.941,0.909,0.894,0.961,0.961,0.89,0.899,0.899,0.932,0.902
0.915,0.899,0.894,0.898,0.913,0.907,0.898,0.897,1.0,0.9,0.89,0.889,0.914,0.9,0.886,0.904,0.906,0.909,0.903,0.897,0.893,0.903,0.896,0.903,0.912,0.902,0.912,0.894,0.915,0.92,0.885,0.892,0.023,0.892,0.912,0.905,0.897,0.914,0.892,0.904,0.888,0.901,0.912,0.885,0.892,0.878,0.895,0.894,0.886,0.918
0.895,0.895,0.892,0.942,0.906,0.892,0.885,0.935,0.9,1.0,0.884,0.923,0.903,0.941,0.923,0.891,0.896,0.89,0.901,0.885,0.885,0.89,0.888,0.897,0.896,0.897,0.894,0.942,0.914,0.887,0.94,0.882,0.023,0.883,0.891,0.929,0.883,0.897,0.92,0.895,0.948,0.893,0.9,0.932,0.939,0.881,0.879,0.879,0.933,0.913
0.906,0.896,0.879,0.879,0.932,0.895,0.888,0.872,0.89,0.884,1.0,0.868,0.926,0.877,0.867,0.89,0.908,0.914,0.913,0.887,0.9,0.903,0.902,0.918,0.898,0.909,0.914,0.877,0.902,0.892,0.863,0.9,0.023,0.893,0.911,0.883,0.886,0.913,0.872,0.918,0.872,0.895,0.926,0.874,0.876,0.857,0.895,0.894,0.877,0.898
0.88,0.897,0.891,0.947,0.897,0.892,0.89,0.93,0.889,0.923,0.868,1.0,0.886,0.936,0.96,0.889,0.893,0.887,0.874,0.894,0.892,0.887,0.889,0.878,0.882,0.887,0.886,0.936,0.895,0.878,0.93,0.892,0.023,0.891,0.871,0.913,0.893,0.89,0.926,0.878,0.935,0.901,0.883,0.937,0.938,0.891,0.893,0.892,0.932,0.899
0.899,0.918,0.905,0.902,0.943,0.919,0.911,0.897,0.914,0.903,0.926,0.886,1.0,0.897,0.888,0.913,0.935,0.942,0.93,0.91,0.93,0.948,0.945,0.922,0.925,0.922,0.95,0.899,0.907,0.903,0.888,0.931,0.023,0.933,0.917,0.903,0.911,0.942,0.897,0.951,0.893,0.917,0.952,0.895,0.901,0.873,0.913,0.911,0.896,0.909
0.885,0.893,0.894,0.954,0.9,0.893,0.887,0.932,0.9,0.941,0.877,0.936,0.897,1.0,0.946,0.891,0.897,0.896,0.891,0.886,0.883,0.889,0.888,0.886,0.892,0.894,0.892,0.948,0.903,0.891,0.935,0.887,0.022,0.882,0.885,0.915,0.884,0.902,0.919,0.894,0.947,0.896,0.89,0.941,0.947,0.887,0.886,0.886,0.938,0.903
0.875,0.892,0.891,0.951,0.892,0.889,0.884,0.929,0.886,0.923,0.867,0.96,0.888,0.946,1.0,0.885,0.889,0.894,0.879,0.89,0.886,0.89,0.89,0.874,0.88,0.879,0.884,0.936,0.89,0.871,0.936,0.889,0.022,0.887,0.871,0.908,0.889,0.885,0.924,0.878,0.942,0.9,0.88,0.938,0.938,0.883,0.893,0.893,0.937,0.892
0.896,0.912,0.895,0.905,0.91,0.914,0.986,0.899,0.904,0.891,0.89,0.889,0.913,0.891,0.885,1.0,0.92,0.923,0.91,0.983,0.922,0.93,0.929,0.904,0.915,0.904,0.92,0.903,0.886,0.893,0.885,0.912,0.023,0.916,0.903,0.897,0.981,0.912,0.901,0.906,0.893,0.906,0.911,0.898,0.906,0.884,0.906,0.905,0.899,0.901
0.899,0.936,0.899,0.899,0.926,0.936,0.913,0.894,0.906,0.896,0.908,0.893,0.935,0.897,0.889,0.92,1.0,0.922,0.914,0.909,0.914,0.927,0.925,0.937,0.941,0.941,0.925,0.899,0.897,0.894,0.883,0.924,0.023,0.919,0.926,0.896,0.907,0.924,0.897,0.93,0.888,0.919,0.926,0.896,0.9,0.872,0.926,0.926,0.902,0.906
0.897,0.913,0.898,0.9,0.932,0.93,0.92,0.898,0.909,0.89,0.914,0.887,0.942,0.896,0.894,0.923,0.922,1.0,0.94,0.918,0.938,0.944,0.94,0.913,0.927,0.915,0.94,0.898,0.904,0.896,0.886,0.927,0.022,0.921,0.914,0.901,0.916,0.93,0.895,0.931,0.893,0.917,0.933,0.893,0.898,0.887,0.914,0.913,0.896,0.908
0.901,0.897,0.88,0.895,0.925,0.908,0.908,0.887,0.903,0.901,0.913,0.874,0.93,0.891,0.879,0.91,0.914,0.94,1.0,0.906,0.929,0.929,0.925,0.914,0.914,0.916,0.925,0.89,0.907,0.897,0.879,0.911,0.024,0.909,0.911,0.903,0.904,0.915,0.889,0.924,0.881,0.904,0.932,0.884,0.889,0.87,0.896,0.896,0.885,0.91
0.892,0.914,0.891,0.899,0.908,0.91,0.992,0.897,0.897,0.885,0.887,0.894,0.91,0.886,0.89,0.983,0.909,0.918,0.906,1.0,0.93,0.929,0.934,0.895,0.909,0.899,0.915,0.898,0.884,0.886,0.889,0.913,0.023,0.918,0.899,0.89,0.998,0.906,0.903,0.9,0.891,0.907,0.906,0.903,0.904,0.89,0.908,0.907,0.893,0.894
0.887,0.916,0.89,0.894,0.927,0.919,0.928,0.887,0.893,0.885,0.9,0.892,0.93,0.883,0.886,0.922,0.914,0.938,0.929,0.93,1.0,0.938,0.944,0.904,0.912,0.905,0.933,0.89,0.89,0.876,0.886,0.94,0.023,0.935,0.902,0.89,0.931,0.919,0.902,0.927,0.881,0.918,0.924,0.897,0.895,0.892,0.916,0.915,0.888,0.898
0.893,0.919,0.898,0.903,0.924,0.931,0.929,0.902,0.903,0.89,0.903,0.887,0.948,0.889,0.89,0.93,0.927,0.944,0.929,0.929,0.938,1.0,0.979,0.912,0.927,0.909,0.942,0.902,0.893,0.889,0.889,0.936,0.022,0.957,0.908,0.888,0.927,0.929,0.898,0.936,0.89,0.914,0.933,0.899,0.902,0.887,0.916,0.916,0.889,0.903
0.891,0.925,0.892,0.9,0.922,0.928,0.93,0.901,0.896,0.888,0.902,0.889,0.945,0.888,0.89,0.929,0.925,0.94,0.925,0.934,0.944,0.979,1.0,0.911,0.925,0.909,0.941,0.896,0.889,0.88,0.89,0.94,0.023,0.955,0.907,0.888,0.932,0.929,0.902,0.935,0.886,0.92,0.932,0.902,0.902,0.885,0.919,0.919,0.888,0.899
0.906,0.938,0.883,0.888,0.912,0.936,0.897,0.89,0.903,0.897,0.918,0.878,0.922,0.886,0.874,0.904,0.937,0.913,0.914,0.895,0.904,0.912,0.911,1.0,0.948,0.938,0.908,0.89,0.901,0.9,0.874,0.901,0.022,0.9,0.957,0.896,0.893,0.909,0.885,0.913,0.878,0.917,0.922,0.881,0.888,0.865,0.908,0.907,0.883,0.903
0.891,0.95,0.896,0.893,0.919,0.955,0.909,0.898,0.912,0.896,0.898,0.882,0.925,0.892,0.88,0.915,0.941,0.927,0.914,0.909,0.912,0.927,0.925,0.948,1.0,0.941,0.925,0.896,0.9,0.891,0.883,0.923,0.022,0.908,0.951,0.894,0.907,0.925,0.888,0.922,0.889,0.926,0.921,0.892,0.895,0.882,0.919,0.918,0.897,0.907
0.899,0.925,0.887,0.889,0.921,0.923,0.9,0.888,0.902,0.897,0.909,0.887,0.922,0.894,0.879,0.904,0.941,0.915,0.916,0.899,0.905,0.909,0.909,0.938,0.941,1.0,0.917,0.894,0.904,0.898,0.879,0.904,0.024,0.899,0.93,0.9,0.897,0.914,0.883,0.921,0.883,0.918,0.922,0.891,0.892,0.872,0.914,0.913,0.898,0.904
0.907,0.919,0.91,0.9,0.937,0.924,0.919,0.896,0.912,0.894,0.914,0.886,0.95,0.892,0.884,0.92,0.925,0.94,0.925,0.915,0.933,0.942,0.941,0.908,0.925,0.917,1.0,0.896,0.905,0.894,0.887,0.937,0.024,0.931,0.907,0.895,0.916,0.96,0.894,0.949,0.893,0.921,0.96,0.894,0.896,0.88,0.918,0.916,0.902,0.917
0.884,0.901,0.893,0.957,0.906,0.901,0.9,0.967,0.894,0.942,0.877,0.936,0.899,0.948,0.936,0.903,0.899,0.898,0.89,0.898,0.89,0.902,0.896,0.89,0.896,0.894,0.896,1.0,0.897,0.887,0.935,0.889,0.022,0.893,0.884,0.919,0.896,0.902,0.93,0.893,0.948,0.905,0.892,0.982,0.981,0.886,0.894,0.894,0.934,0.901
0.913,0.894,0.901,0.898,0.915,0.9,0.884,0.902,0.915,0.914,0.902,0.895,0.907,0.903,0.89,0.886,0.897,0.904,0.907,0.884,0.89,0.893,0.889,0.901,0.9,0.904,0.905,0.897,1.0,0.906,0.891,0.892,0.023,0.884,0.901,0.906,0.882,0.901,0.887,0.903,0.896,0.895,0.914,0.889,0.896,0.887,0.884,0.883,0.894,0.955
0.916,0.889,0.892,0.886,0.896,0.887,0.889,0.886,0.92,0.887,0.892,0.878,0.903,0.891,0.871,0.893,0.894,0.896,0.897,0.886,0.876,0.889,0.88,0.9,0.891,0.898,0.894,0.887,0.906,1.0,0.872,0.881,0.025,0.875,0.899,0.894,0.884,0.899,0.874,0.893,0.877,0.886,0.904,0.881,0.885,0.869,0.875,0.875,0.88,0.896
0.874,0.897,0.887,0.935,0.895,0.889,0.884,0.94,0.885,0.94,0.863,0.93,0.888,0.935,0.936,0.885,0.883,0.886,0.879,0.889,0.886,0.889,0.89,0.874,0.883,0.879,0.887,0.935,0.891,0.872,1.0,0.893,0.022,0.888,0.872,0.904,0.89,0.891,0.923,0.887,0.964,0.906,0.88,0.94,0.936,0.888,0.886,0.886,0.928,0.888
0.88,0.92,0.894,0.893,0.915,0.923,0.911,0.894,0.892,0.882,0.9,0.892,0.931,0.887,0.889,0.912,0.924,0.927,0.911,0.913,0.94,0.936,0.94,0.901,0.923,0.904,0.937,0.889,0.892,0.881,0.893,1.0,0.024,0.936,0.902,0.879,0.913,0.935,0.9,0.933,0.888,0.918,0.93,0.897,0.893,0.895,0.924,0.925,0.893,0.902
0.023,0.023,0.024,0.023,0.023,0.023,0.023,0.022,0.023,0.023,0.023,0.023,0.023,0.022,0.022,0.023,0.023,0.022,0.024,0.023,0.023,0.022,0.023,0.022,0.022,0.024,0.024,0.022,0.023,0.025,0.022,0.024,1.0,0.021,0.023,0.022,0.023,0.023,0.021,0.022,0.022,0.023,0.023,0.022,0.022,0.023,0.022,0.022,0.023,0.023
0.887,0.911,0.89,0.894,0.92,0.92,0.915,0.891,0.892,0.883,0.893,0.891,0.933,0.882,0.887,0.916,0.919,0.921,0.909,0.918,0.935,0.957,0.955,0.9,0.908,0.899,0.931,0.893,0.884,0.875,0.888,0.936,0.021,1.0,0.897,0.891,0.918,0.922,0.907,0.924,0.888,0.918,0.924,0.896,0.898,0.89,0.916,0.917,0.882,0.895
0.898,0.931,0.88,0.886,0.911,0.942,0.901,0.889,0.912,0.891,0.911,0.871,0.917,0.885,0.871,0.903,0.926,0.914,0.911,0.899,0.902,0.908,0.907,0.957,0.951,0.93,0.907,0.884,0.901,0.899,0.872,0.902,0.023,0.897,1.0,0.895,0.897,0.914,0.878,0.911,0.877,0.914,0.921,0.878,0.885,0.86,0.904,0.903,0.884,0.898
0.895,0.888,0.885,0.92,0.9,0.892,0.891,0.917,0.905,0.929,0.883,0.913,0.903,0.915,0.908,0.897,0.896,0.901,0.903,0.89,0.89,0.888,0.888,0.896,0.894,0.9,0.895,0.919,0.906,0.894,0.904,0.879,0.022,0.891,0.895,1.0,0.889,0.896,0.92,0.892,0.911,0.899,0.9,0.912,0.919,0.88,0.881,0.881,0.917,0.908
0.892,0.912,0.89,0.897,0.908,0.908,0.992,0.895,0.897,0.883,0.886,0.893,0.911,0.884,0.889,0.981,0.907,0.916,0.904,0.998,0.931,0.927,0.932,0.893,0.907,0.897,0.916,0.896,0.882,0.884,0.89,0.913,0.023,0.918,0.897,0.889,1.0,0.904,0.903,0.899,0.89,0.908,0.904,0.903,0.902,0.89,0.908,0.907,0.892,0.892
0.901,0.921,0.904,0.904,0.936,0.927,0.908,0.9,0.914,0.897,0.913,0.89,0.942,0.902,0.885,0.912,0.924,0.93,0.915,0.906,0.919,0.929,0.929,0.909,0.925,0.914,0.96,0.902,0.901,0.899,0.891,0.935,0.023,0.922,0.914,0.896,0.904,1.0,0.892,0.946,0.895,0.92,0.958,0.9,0.898,0.881,0.917,0.915,0.905,0.907
0.878,0.896,0.889,0.929,0.897,0.902,0.897,0.927,0.892,0.92,0.872,0.926,0.897,0.919,0.924,0.901,0.897,0.895,0.889,0.903,0.902,0.898,0.902,0.885,0.888,0.883,0.894,0.93,0.887,0.874,0.923,0.9,0.021,0.907,0.878,0.92,0.903,0.892,1.0,0.888,0.923,0.904,0.888,0.939,0.937,0.887,0.905,0.905,0.918,0.891
0.894,0.914,0.891,0.896,0.94,0.92,0.901,0.892,0.904,0.895,0.918,0.878,0.951,0.894,0.878,0.906,0.93,0.931,0.924,0.9,0.927,0.936,0.935,0.913,0.922,0.921,0.949,0.893,0.903,0.893,0.887,0.933,0.022,0.924,0.911,0.892,0.899,0.946,0.888,1.0,0.886,0.922,0.948,0.891,0.893,0.875,0.92,0.918,0.89,0.911
0.877,0.895,0.894,0.955,0.9,0.897,0.892,0.941,0.888,0.948,0.872,0.935,0.893,0.947,0.942,0.893,0.888,0.893,0.881,0.891,0.881,0.89,0.886,0.878,0.889,0.883,0.893,0.948,0.896,0.877,0.964,0.888,0.022,0.888,0.877,0.911,0.89,0.895,0.923,0.886,1.0,0.901,0.885,0.942,0.949,0.882,0.884,0.883,0.935,0.897
0.888,0.935,0.9,0.904,0.921,0.928,0.904,0.909,0.901,0.893,0.895,0.901,0.917,0.896,0.9,0.906,0.919,0.917,0.904,0.907,0.918,0.914,0.92,0.917,0.926,0.918,0.921,0.905,0.895,0.886,0.906,0.918,0.023,0.918,0.914,0.899,0.908,0.92,0.904,0.922,0.901,1.0,0.914,0.913,0.906,0.892,0.942,0.94,0.903,0.903
0.908,0.912,0.898,0.897,0.94,0.921,0.908,0.894,0.912,0.9,0.926,0.883,0.952,0.89,0.88,0.911,0.926,0.933,0.932,0.906,0.924,0.933,0.932,0.922,0.921,0.922,0.96,0.892,0.914,0.904,0.88,0.93,0.023,0.924,0.921,0.9,0.904,0.958,0.888,0.948,0.885,0.914,1.0,0.887,0.893,0.872,0.913,0.913,0.892,0.91
0.879,0.908,0.891,0.945,0.901,0.893,0.898,0.961,0.885,0.932,0.874,0.937,0.895,0.941,0.938,0.898,0.896,0.893,0.884,0.903,0.897,0.899,0.902,0.881,0.892,0.891,0.894,0.982,0.889,0.881,0.94,0.897,0.022,0.896,0.878,0.912,0.903,0.9,0.939,0.891,0.942,0.913,0.887,1.0,0.982,0.897,0.901,0.901,0.932,0.89
0.884,0.906,0.891,0.951,0.901,0.899,0.904,0.961,0.892,0.939,0.876,0.938,0.901,0.947,0.938,0.906,0.9,0.898,0.889,0.904,0.895,0.902,0.902,0.888,0.895,0.892,0.896,0.981,0.896,0.885,0.936,0.893,0.022,0.898,0.885,0.919,0.902,0.898,0.937,0.893,0.949,0.906,0.893,0.982,1.0,0.894,0.896,0.896,0.929,0.896
0.869,0.888,0.874,0.884,0.885,0.885,0.884,0.89,0.878,0.881,0.857,0.891,0.873,0.887,0.883,0.884,0.872,0.887,0.87,0.89,0.892,0.887,0.885,0.865,0.882,0.872,0.88,0.886,0.887,0.869,0.888,0.895,0.023,0.89,0.86,0.88,0.89,0.881,0.887,0.875,0.882,0.892,0.872,0.897,0.894,1.0,0.891,0.892,0.886,0.899
0.88,0.931,0.887,0.893,0.918,0.929,0.905,0.899,0.895,0.879,0.895,0.893,0.913,0.886,0.893,0.906,0.926,0.914,0.896,0.908,0.916,0.916,0.919,0.908,0.919,0.914,0.918,0.894,0.884,0.875,0.886,0.924,0.022,0.916,0.904,0.881,0.908,0.917,0.905,0.92,0.884,0.942,0.913,0.901,0.896,0.891,1.0,0.998,0.891,0.897
0.88,0.93,0.886,0.893,0.917,0.927,0.904,0.899,0.894,0.879,0.894,0.892,0.911,0.886,0.893,0.905,0.926,0.913,0.896,0.907,0.915,0.916,0.919,0.907,0.918,0.913,0.916,0.894,0.883,0.875,0.886,0.925,0.022,0.917,0.903,0.881,0.907,0.915,0.905,0.918,0.883,0.94,0.913,0.901,0.896,0.892,0.998,1.0,0.891,0.896
0.882,0.899,0.903,0.937,0.902,0.897,0.894,0.932,0.886,0.933,0.877,0.932,0.896,0.938,0.937,0.899,0.902,0.896,0.885,0.893,0.888,0.889,0.888,0.883,0.897,0.898,0.902,0.934,0.894,0.88,0.928,0.893,0.023,0.882,0.884,0.917,0.892,0.905,0.918,0.89,0.935,0.903,0.892,0.932,0.929,0.886,0.891,0.891,1.0,0.904
0.91,0.898,0.901,0.91,0.916,0.91,0.895,0.902,0.918,0.913,0.898,0.899,0.909,0.903,0.892,0.901,0.906,0.908,0.91,0.894,0.898,0.903,0.899,0.903,0.907,0.904,0.917,0.901,0.955,0.896,0.888,0.902,0.023,0.895,0.898,0.908,0.892,0.907,0.891,0.911,0.897,0.903,0.91,0.89,0.896,0.899,0.897,0.896,0.904,1.0
