GCF_000163235.1_ASM16323v1_genomic.fna,GCF_000164555.1_ASM16455v1_genomic.fna,GCF_000208545.1_ASM20854v2_genomic.fna,GCF_000233875.1_ASM23387v1_genomic.fna,GCF_000249735.1_ASM24973v2_genomic.fna,GCF_000261145.1_Esch_coli_M919_V2_genomic.fna,GCF_000267705.2_ASM26770v2_genomic.fna,GCF_000350665.1_Esch_coli_KTE5_V1_genomic.fna,GCF_000351625.1_Esch_coli_KTE66_V1_genomic.fna,GCF_000352285.1_Esch_coli_KTE46_V1_genomic.fna,GCF_000358895.1_ASM35889v1_genomic.fna,GCF_000456385.1_Esch_coli_HVH_26_4-5703913_V1_genomic.fna,GCF_000458195.1_Esch_coli_HVH_147_4-5893887_V1_genomic.fna,GCF_000459755.1_Esch_coli_KOEGE_58_171a_V1_genomic.fna,GCF_000460055.1_Esch_coli_UMEA_3053-1_V1_genomic.fna,GCF_000462165.2_ASM46216v2_genomic.fna,GCF_000601135.1_ASM60113v1_genomic.fna,GCF_000614595.1_Ec2010EL1058_genomic.fna,GCF_000617745.1_Ec2010C-4529_genomic.fna,GCF_000618265.2_EcF6751_genomic.fna,GCF_000619005.2_Ec2009C-4052_genomic.fna,GCF_000619105.1_Ec2009C-4780_genomic.fna,GCF_000619765.2_Ec2009C-3279_genomic.fna,GCF_000687005.1_ASM68700v1_genomic.fna,GCF_000687025.1_ASM68702v1_genomic.fna,GCF_000700125.1_ASM70012v1_genomic.fna,GCF_000753315.1_FHI35_genomic.fna,GCF_000776375.1_ASM77637v1_genomic.fna,GCF_000779395.1_ASM77939v1_genomic.fna,GCF_000780315.1_ASM78031v1_genomic.fna,GCF_000781995.1_ASM78199v1_genomic.fna,GCF_000986765.1_ASM98676v1_genomic.fna,GCF_001041375.1_ViralProj287958_genomic.fna,GCF_001265335.1_302014_genomic.fna,GCF_001265625.1_100854_genomic.fna,GCF_001267345.1_303289_genomic.fna,GCF_001309985.1_ASM130998v1_genomic.fna,GCF_001521695.1_ASM152169v1_genomic.fna,GCF_001592595.1_ASM159259v1_genomic.fna,GCF_001614975.1_ASM161497v1_genomic.fna,GCF_001692775.1_ASM169277v1_genomic.fna,GCF_001748915.1_ASM174891v1_genomic.fna,GCF_001749235.1_ASM174923v1_genomic.fna,GCF_001881155.1_ASM188115v1_genomic.fna,GCF_001881345.1_ASM188134v1_genomic.fna,GCF_001892405.1_ASM189240v1_genomic.fna,GCF_001892585.1_ASM189258v1_genomic.fna,GCF_001893985.1_ASM189398v1_genomic.fna,GCF_002001595.1_ASM200159v1_genomic.fna,GCF_002002145.1_ASM200214v1_genomic.fna
1.0,0.527,0.466,0.484,0.535,0.513,0.494,0.501,0.605,0.486,0.521,0.493,0.517,0.487,0.466,0.501,0.499,0.499,0.519,0.492,0.473,0.507,0.505,0.516,0.504,0.502,0.522,0.493,0.54,0.621,0.463,0.484,0.0,0.502,0.49,0.473,0.492,0.524,0.457,0.515,0.476,0.505,0.517,0.483,0.49,0.487,0.51,0.51,0.479,0.555
0.527,1.0,0.429,0.506,0.675,0.79,0.565,0.516,0.518,0.504,0.632,0.523,0.644,0.497,0.49,0.579,0.729,0.645,0.642,0.563,0.613,0.634,0.643,0.781,0.792,0.712,0.65,0.506,0.538,0.523,0.498,0.652,0.0,0.631,0.741,0.48,0.561,0.68,0.487,0.643,0.503,0.709,0.658,0.514,0.525,0.464,0.705,0.707,0.502,0.527
0.466,0.429,1.0,0.394,0.428,0.419,0.413,0.402,0.464,0.401,0.418,0.402,0.432,0.406,0.4,0.423,0.416,0.423,0.427,0.41,0.399,0.429,0.429,0.409,0.408,0.409,0.433,0.399,0.461,0.465,0.407,0.41,0.0,0.429,0.384,0.395,0.411,0.436,0.381,0.42,0.412,0.415,0.443,0.401,0.398,0.417,0.432,0.432,0.401,0.475
0.484,0.506,0.394,1.0,0.491,0.497,0.458,0.743,0.464,0.755,0.477,0.747,0.484,0.805,0.795,0.463,0.476,0.472,0.487,0.457,0.449,0.485,0.472,0.49,0.501,0.485,0.492,0.787,0.525,0.493,0.746,0.46,0.0,0.468,0.466,0.659,0.455,0.489,0.685,0.479,0.777,0.471,0.478,0.769,0.765,0.47,0.478,0.478,0.691,0.522
0.535,0.675,0.428,0.491,1.0,0.679,0.583,0.509,0.517,0.49,0.783,0.499,0.746,0.503,0.494,0.593,0.655,0.681,0.695,0.58,0.685,0.713,0.695,0.667,0.672,0.665,0.742,0.494,0.522,0.522,0.488,0.714,0.0,0.71,0.633,0.487,0.581,0.744,0.475,0.736,0.5,0.664,0.739,0.482,0.485,0.464,0.686,0.686,0.486,0.517
0.513,0.79,0.419,0.497,0.679,1.0,0.597,0.525,0.514,0.487,0.64,0.495,0.658,0.5,0.49,0.604,0.719,0.668,0.663,0.594,0.627,0.666,0.666,0.783,0.799,0.71,0.661,0.498,0.546,0.512,0.498,0.65,0.0,0.674,0.756,0.509,0.594,0.679,0.507,0.655,0.5,0.714,0.658,0.497,0.5,0.475,0.72,0.721,0.485,0.546
0.494,0.565,0.413,0.458,0.583,0.597,1.0,0.463,0.519,0.451,0.565,0.457,0.569,0.464,0.451,0.954,0.573,0.625,0.607,0.99,0.616,0.592,0.624,0.576,0.561,0.558,0.587,0.448,0.498,0.494,0.45,0.591,0.0,0.572,0.544,0.472,0.99,0.561,0.474,0.56,0.45,0.579,0.577,0.457,0.459,0.452,0.548,0.548,0.431,0.509
0.501,0.516,0.402,0.743,0.509,0.525,0.463,1.0,0.483,0.743,0.473,0.738,0.492,0.752,0.723,0.468,0.481,0.468,0.489,0.461,0.448,0.486,0.48,0.499,0.498,0.489,0.494,0.914,0.551,0.496,0.735,0.467,0.0,0.489,0.467,0.652,0.46,0.523,0.687,0.495,0.74,0.475,0.49,0.903,0.884,0.488,0.486,0.486,0.695,0.541
0.605,0.518,0.464,0.464,0.517,0.514,0.519,0.483,1.0,0.479,0.502,0.485,0.515,0.48,0.478,0.518,0.509,0.512,0.518,0.519,0.505,0.508,0.518,0.5,0.493,0.492,0.521,0.476,0.553,0.615,0.471,0.507,0.0,0.503,0.472,0.48,0.518,0.517,0.485,0.518,0.472,0.52,0.532,0.48,0.482,0.505,0.505,0.506,0.462,0.561
0.486,0.504,0.401,0.755,0.49,0.487,0.451,0.743,0.479,1.0,0.493,0.729,0.498,0.769,0.732,0.46,0.463,0.463,0.469,0.449,0.434,0.473,0.46,0.495,0.5,0.497,0.481,0.762,0.525,0.505,0.75,0.445,0.0,0.464,0.466,0.66,0.449,0.485,0.7,0.478,0.757,0.461,0.476,0.743,0.744,0.47,0.473,0.473,0.709,0.518
0.521,0.632,0.418,0.477,0.783,0.64,0.565,0.473,0.502,0.493,1.0,0.466,0.774,0.479,0.464,0.573,0.628,0.692,0.692,0.563,0.669,0.716,0.683,0.684,0.658,0.676,0.732,0.474,0.493,0.526,0.461,0.677,0.0,0.689,0.657,0.486,0.563,0.702,0.466,0.74,0.467,0.65,0.721,0.458,0.458,0.457,0.649,0.648,0.464,0.509
0.493,0.523,0.402,0.747,0.499,0.495,0.457,0.738,0.485,0.729,0.466,1.0,0.486,0.768,0.854,0.465,0.477,0.463,0.482,0.453,0.447,0.476,0.469,0.497,0.492,0.489,0.481,0.745,0.543,0.503,0.713,0.461,0.0,0.479,0.459,0.645,0.453,0.503,0.699,0.477,0.747,0.477,0.488,0.739,0.738,0.486,0.492,0.492,0.672,0.532
0.517,0.644,0.432,0.484,0.746,0.658,0.569,0.492,0.515,0.498,0.774,0.486,1.0,0.486,0.482,0.578,0.646,0.716,0.753,0.567,0.712,0.789,0.761,0.679,0.669,0.67,0.78,0.49,0.501,0.542,0.477,0.723,0.0,0.767,0.649,0.489,0.567,0.754,0.472,0.795,0.484,0.658,0.769,0.474,0.474,0.455,0.667,0.666,0.479,0.514
0.487,0.497,0.406,0.805,0.503,0.5,0.464,0.752,0.48,0.769,0.479,0.768,0.486,1.0,0.806,0.472,0.468,0.48,0.482,0.463,0.444,0.489,0.473,0.482,0.497,0.488,0.486,0.792,0.542,0.497,0.751,0.462,0.0,0.47,0.454,0.678,0.463,0.493,0.711,0.486,0.782,0.466,0.481,0.768,0.767,0.481,0.484,0.484,0.717,0.532
0.466,0.49,0.4,0.795,0.494,0.49,0.451,0.723,0.478,0.732,0.464,0.854,0.482,0.806,1.0,0.457,0.472,0.459,0.473,0.448,0.443,0.48,0.466,0.483,0.487,0.481,0.483,0.757,0.533,0.493,0.751,0.454,0.0,0.469,0.448,0.656,0.45,0.487,0.706,0.478,0.78,0.462,0.478,0.74,0.737,0.483,0.491,0.489,0.682,0.544
0.501,0.579,0.423,0.463,0.593,0.604,0.954,0.468,0.518,0.46,0.573,0.465,0.578,0.472,0.457,1.0,0.583,0.614,0.616,0.95,0.594,0.604,0.621,0.581,0.57,0.569,0.587,0.454,0.507,0.501,0.459,0.572,0.0,0.581,0.557,0.476,0.95,0.57,0.474,0.568,0.459,0.585,0.584,0.459,0.464,0.451,0.56,0.56,0.447,0.514
0.499,0.729,0.416,0.476,0.655,0.719,0.573,0.481,0.509,0.463,0.628,0.477,0.646,0.468,0.472,0.583,1.0,0.636,0.64,0.569,0.621,0.643,0.651,0.727,0.711,0.738,0.649,0.471,0.523,0.498,0.465,0.658,0.0,0.644,0.673,0.475,0.567,0.646,0.483,0.637,0.464,0.705,0.654,0.48,0.487,0.456,0.711,0.713,0.469,0.519
0.499,0.645,0.423,0.472,0.681,0.668,0.625,0.468,0.512,0.463,0.692,0.463,0.716,0.48,0.459,0.614,0.636,1.0,0.779,0.619,0.753,0.75,0.77,0.636,0.622,0.619,0.725,0.462,0.49,0.508,0.471,0.709,0.0,0.712,0.607,0.497,0.619,0.691,0.484,0.71,0.471,0.666,0.711,0.469,0.47,0.452,0.656,0.657,0.455,0.504
0.519,0.642,0.427,0.487,0.695,0.663,0.607,0.489,0.518,0.469,0.692,0.482,0.753,0.482,0.473,0.616,0.64,0.779,1.0,0.605,0.743,0.766,0.76,0.646,0.633,0.632,0.741,0.474,0.508,0.521,0.473,0.701,0.0,0.719,0.618,0.496,0.605,0.714,0.486,0.725,0.474,0.668,0.735,0.478,0.477,0.468,0.656,0.657,0.469,0.522
0.492,0.563,0.41,0.457,0.58,0.594,0.99,0.461,0.519,0.449,0.563,0.453,0.567,0.463,0.448,0.95,0.569,0.619,0.605,1.0,0.614,0.589,0.62,0.572,0.561,0.555,0.584,0.446,0.496,0.492,0.449,0.589,0.0,0.57,0.54,0.468,0.992,0.559,0.472,0.558,0.449,0.575,0.575,0.454,0.456,0.452,0.545,0.545,0.43,0.507
0.473,0.613,0.399,0.449,0.685,0.627,0.616,0.448,0.505,0.434,0.669,0.447,0.712,0.444,0.443,0.594,0.621,0.753,0.743,0.614,1.0,0.738,0.764,0.616,0.597,0.61,0.73,0.442,0.477,0.483,0.443,0.738,0.0,0.718,0.579,0.47,0.612,0.703,0.461,0.724,0.447,0.63,0.717,0.45,0.453,0.452,0.618,0.619,0.43,0.492
0.507,0.634,0.429,0.485,0.713,0.666,0.592,0.486,0.508,0.473,0.716,0.476,0.789,0.489,0.48,0.604,0.643,0.75,0.766,0.589,0.738,1.0,0.904,0.657,0.647,0.649,0.765,0.482,0.49,0.509,0.476,0.723,0.0,0.868,0.628,0.499,0.589,0.728,0.466,0.761,0.482,0.646,0.752,0.471,0.469,0.446,0.647,0.646,0.469,0.511
0.505,0.643,0.429,0.472,0.695,0.666,0.624,0.48,0.518,0.46,0.683,0.469,0.761,0.473,0.466,0.621,0.651,0.77,0.76,0.62,0.764,0.904,1.0,0.637,0.624,0.628,0.751,0.469,0.504,0.49,0.47,0.739,0.0,0.839,0.607,0.486,0.619,0.714,0.485,0.736,0.475,0.655,0.735,0.481,0.479,0.45,0.631,0.632,0.456,0.505
0.516,0.781,0.409,0.49,0.667,0.783,0.576,0.499,0.5,0.495,0.684,0.497,0.679,0.482,0.483,0.581,0.727,0.636,0.646,0.572,0.616,0.657,0.637,1.0,0.826,0.752,0.659,0.487,0.506,0.528,0.478,0.625,0.0,0.648,0.813,0.487,0.57,0.651,0.471,0.659,0.482,0.709,0.657,0.474,0.481,0.446,0.707,0.706,0.463,0.509
0.504,0.792,0.408,0.501,0.672,0.799,0.561,0.498,0.493,0.5,0.658,0.492,0.669,0.497,0.487,0.57,0.711,0.622,0.633,0.561,0.597,0.647,0.624,0.826,1.0,0.768,0.651,0.497,0.51,0.516,0.478,0.631,0.0,0.635,0.792,0.491,0.561,0.657,0.47,0.652,0.493,0.693,0.643,0.487,0.493,0.444,0.707,0.705,0.487,0.502
0.502,0.712,0.409,0.485,0.665,0.71,0.558,0.489,0.492,0.497,0.676,0.489,0.67,0.488,0.481,0.569,0.738,0.619,0.632,0.555,0.61,0.649,0.628,0.752,0.768,1.0,0.651,0.487,0.508,0.528,0.473,0.612,0.0,0.634,0.707,0.49,0.554,0.653,0.463,0.659,0.481,0.7,0.638,0.477,0.478,0.447,0.712,0.712,0.482,0.511
0.522,0.65,0.433,0.492,0.742,0.661,0.587,0.494,0.521,0.481,0.732,0.481,0.78,0.486,0.483,0.587,0.649,0.725,0.741,0.584,0.73,0.765,0.751,0.659,0.651,0.651,1.0,0.482,0.512,0.517,0.484,0.74,0.0,0.747,0.623,0.494,0.582,0.821,0.462,0.778,0.491,0.661,0.84,0.477,0.475,0.466,0.664,0.663,0.477,0.522
0.493,0.506,0.399,0.787,0.494,0.498,0.448,0.914,0.476,0.762,0.474,0.745,0.49,0.792,0.757,0.454,0.471,0.462,0.474,0.446,0.442,0.482,0.469,0.487,0.497,0.487,0.482,1.0,0.531,0.497,0.739,0.459,0.0,0.472,0.457,0.663,0.446,0.511,0.686,0.48,0.769,0.463,0.477,0.963,0.939,0.476,0.478,0.478,0.711,0.527
0.54,0.538,0.461,0.525,0.522,0.546,0.498,0.551,0.553,0.525,0.493,0.543,0.501,0.542,0.533,0.507,0.523,0.49,0.508,0.496,0.477,0.49,0.504,0.506,0.51,0.508,0.512,0.531,1.0,0.522,0.53,0.495,0.0,0.498,0.481,0.532,0.495,0.519,0.526,0.504,0.526,0.521,0.507,0.534,0.538,0.594,0.504,0.504,0.515,0.85
0.621,0.523,0.465,0.493,0.522,0.512,0.494,0.496,0.615,0.505,0.526,0.503,0.542,0.497,0.493,0.501,0.498,0.508,0.521,0.492,0.483,0.509,0.49,0.528,0.516,0.528,0.517,0.497,0.522,1.0,0.489,0.474,0.0,0.494,0.5,0.484,0.492,0.507,0.475,0.527,0.499,0.517,0.523,0.489,0.49,0.486,0.518,0.519,0.484,0.553
0.463,0.498,0.407,0.746,0.488,0.498,0.45,0.735,0.471,0.75,0.461,0.713,0.477,0.751,0.751,0.459,0.465,0.471,0.473,0.449,0.443,0.476,0.47,0.478,0.478,0.473,0.484,0.739,0.53,0.489,1.0,0.46,0.0,0.472,0.446,0.65,0.448,0.493,0.685,0.482,0.902,0.468,0.482,0.737,0.737,0.486,0.473,0.474,0.692,0.521
0.484,0.652,0.41,0.46,0.714,0.65,0.591,0.467,0.507,0.445,0.677,0.461,0.723,0.462,0.454,0.572,0.658,0.709,0.701,0.589,0.738,0.723,0.739,0.625,0.631,0.612,0.74,0.459,0.495,0.474,0.46,1.0,0.0,0.716,0.581,0.455,0.59,0.745,0.476,0.744,0.458,0.664,0.751,0.462,0.465,0.452,0.644,0.645,0.449,0.484
0.0,0.0,0.0,0.0,0.0,0.0,0.0,0.0,0.0,0.0,0.0,0.0,0.0,0.0,0.0,0.0,0.0,0.0,0.0,0.0,0.0,0.0,0.0,0.0,0.0,0.0,0.0,0.0,0.0,0.0,0.0,0.0,1.0,0.0,0.0,0.0,0.0,0.0,0.0,0.0,0.0,0.0,0.0,0.0,0.0,0.0,0.0,0.0,0.0,0.0
0.502,0.631,0.429,0.468,0.71,0.674,0.572,0.489,0.503,0.464,0.689,0.479,0.767,0.47,0.469,0.581,0.644,0.712,0.719,0.57,0.718,0.868,0.839,0.648,0.635,0.634,0.747,0.472,0.498,0.494,0.472,0.716,0.0,1.0,0.617,0.505,0.568,0.729,0.475,0.746,0.475,0.643,0.749,0.466,0.471,0.442,0.652,0.651,0.464,0.505
0.49,0.741,0.384,0.466,0.633,0.756,0.544,0.467,0.472,0.466,0.657,0.459,0.649,0.454,0.448,0.557,0.673,0.607,0.618,0.54,0.579,0.628,0.607,0.813,0.792,0.707,0.623,0.457,0.481,0.5,0.446,0.581,0.0,0.617,1.0,0.467,0.54,0.615,0.439,0.641,0.453,0.668,0.629,0.443,0.448,0.415,0.67,0.669,0.44,0.479
0.473,0.48,0.395,0.659,0.487,0.509,0.472,0.652,0.48,0.66,0.486,0.645,0.489,0.678,0.656,0.476,0.475,0.497,0.496,0.468,0.47,0.499,0.486,0.487,0.491,0.49,0.494,0.663,0.532,0.484,0.65,0.455,0.0,0.505,0.467,1.0,0.467,0.474,0.659,0.49,0.661,0.472,0.481,0.648,0.652,0.475,0.482,0.482,0.647,0.538
0.492,0.561,0.411,0.455,0.581,0.594,0.99,0.46,0.518,0.449,0.563,0.453,0.567,0.463,0.45,0.95,0.567,0.619,0.605,0.992,0.612,0.589,0.619,0.57,0.561,0.554,0.582,0.446,0.495,0.492,0.448,0.59,0.0,0.568,0.54,0.467,1.0,0.559,0.47,0.558,0.448,0.576,0.575,0.451,0.453,0.451,0.545,0.545,0.43,0.508
0.524,0.68,0.436,0.489,0.744,0.679,0.561,0.523,0.517,0.485,0.702,0.503,0.754,0.493,0.487,0.57,0.646,0.691,0.714,0.559,0.703,0.728,0.714,0.651,0.657,0.653,0.821,0.511,0.519,0.507,0.493,0.745,0.0,0.729,0.615,0.474,0.559,1.0,0.476,0.757,0.5,0.661,0.849,0.508,0.491,0.469,0.685,0.687,0.486,0.519
0.457,0.487,0.381,0.685,0.475,0.507,0.474,0.687,0.485,0.7,0.466,0.699,0.472,0.711,0.706,0.474,0.483,0.484,0.486,0.472,0.461,0.466,0.485,0.471,0.47,0.463,0.462,0.686,0.526,0.475,0.685,0.476,0.0,0.475,0.439,0.659,0.47,0.476,1.0,0.475,0.687,0.483,0.472,0.694,0.698,0.486,0.47,0.47,0.662,0.516
0.515,0.643,0.42,0.479,0.736,0.655,0.56,0.495,0.518,0.478,0.74,0.477,0.795,0.486,0.478,0.568,0.637,0.71,0.725,0.558,0.724,0.761,0.736,0.659,0.652,0.659,0.778,0.48,0.504,0.527,0.482,0.744,0.0,0.746,0.641,0.49,0.558,0.757,0.475,1.0,0.486,0.65,0.776,0.466,0.471,0.461,0.677,0.676,0.468,0.519
0.476,0.503,0.412,0.777,0.5,0.5,0.45,0.74,0.472,0.757,0.467,0.747,0.484,0.782,0.78,0.459,0.464,0.471,0.474,0.449,0.447,0.482,0.475,0.482,0.493,0.481,0.491,0.769,0.526,0.499,0.902,0.458,0.0,0.475,0.453,0.661,0.448,0.5,0.687,0.486,1.0,0.468,0.481,0.759,0.757,0.483,0.479,0.479,0.71,0.521
0.505,0.709,0.415,0.471,0.664,0.714,0.579,0.475,0.52,0.461,0.65,0.477,0.658,0.466,0.462,0.585,0.705,0.666,0.668,0.575,0.63,0.646,0.655,0.709,0.693,0.7,0.661,0.463,0.521,0.517,0.468,0.664,0.0,0.643,0.668,0.472,0.576,0.661,0.483,0.65,0.468,1.0,0.688,0.467,0.468,0.458,0.73,0.731,0.464,0.518
0.517,0.658,0.443,0.478,0.739,0.658,0.577,0.49,0.532,0.476,0.721,0.488,0.769,0.481,0.478,0.584,0.654,0.711,0.735,0.575,0.717,0.752,0.735,0.657,0.643,0.638,0.84,0.477,0.507,0.523,0.482,0.751,0.0,0.749,0.629,0.481,0.575,0.849,0.472,0.776,0.481,0.688,1.0,0.475,0.475,0.47,0.684,0.685,0.473,0.528
0.483,0.514,0.401,0.769,0.482,0.497,0.457,0.903,0.48,0.743,0.458,0.739,0.474,0.768,0.74,0.459,0.48,0.469,0.478,0.454,0.45,0.471,0.481,0.474,0.487,0.477,0.477,0.963,0.534,0.489,0.737,0.462,0.0,0.466,0.443,0.648,0.451,0.508,0.694,0.466,0.759,0.467,0.475,1.0,0.961,0.479,0.47,0.471,0.702,0.526
0.49,0.525,0.398,0.765,0.485,0.5,0.459,0.884,0.482,0.744,0.458,0.738,0.474,0.767,0.737,0.464,0.487,0.47,0.477,0.456,0.453,0.469,0.479,0.481,0.493,0.478,0.475,0.939,0.538,0.49,0.737,0.465,0.0,0.471,0.448,0.652,0.453,0.491,0.698,0.471,0.757,0.468,0.475,0.961,1.0,0.483,0.476,0.477,0.702,0.524
0.487,0.464,0.417,0.47,0.464,0.475,0.452,0.488,0.505,0.47,0.457,0.486,0.455,0.481,0.483,0.451,0.456,0.452,0.468,0.452,0.452,0.446,0.45,0.446,0.444,0.447,0.466,0.476,0.594,0.486,0.486,0.452,0.0,0.442,0.415,0.475,0.451,0.469,0.486,0.461,0.483,0.458,0.47,0.479,0.483,1.0,0.48,0.479,0.479,0.652
0.51,0.705,0.432,0.478,0.686,0.72,0.548,0.486,0.505,0.473,0.649,0.492,0.667,0.484,0.491,0.56,0.711,0.656,0.656,0.545,0.618,0.647,0.631,0.707,0.707,0.712,0.664,0.478,0.504,0.518,0.473,0.644,0.0,0.652,0.67,0.482,0.545,0.685,0.47,0.677,0.479,0.73,0.684,0.47,0.476,0.48,1.0,0.997,0.474,0.524
0.51,0.707,0.432,0.478,0.686,0.721,0.548,0.486,0.506,0.473,0.648,0.492,0.666,0.484,0.489,0.56,0.713,0.657,0.657,0.545,0.619,0.646,0.632,0.706,0.705,0.712,0.663,0.478,0.504,0.519,0.474,0.645,0.0,0.651,0.669,0.482,0.545,0.687,0.47,0.676,0.479,0.731,0.685,0.471,0.477,0.479,0.997,1.0,0.474,0.524
0.479,0.502,0.401,0.691,0.486,0.485,0.431,0.695,0.462,0.709,0.464,0.672,0.479,0.717,0.682,0.447,0.469,0.455,0.469,0.43,0.43,0.469,0.456,0.463,0.487,0.482,0.477,0.711,0.515,0.484,0.692,0.449,0.0,0.464,0.44,0.647,0.43,0.486,0.662,0.468,0.71,0.464,0.473,0.702,0.702,0.479,0.474,0.474,1.0,0.516
0.555,0.527,0.475,0.522,0.517,0.546,0.509,0.541,0.561,0.518,0.509,0.532,0.514,0.532,0.544,0.514,0.519,0.504,0.522,0.507,0.492,0.511,0.505,0.509,0.502,0.511,0.522,0.527,0.85,0.553,0.521,0.484,0.0,0.505,0.479,0.538,0.508,0.519,0.516,0.519,0.521,0.518,0.528,0.526,0.524,0.652,0.524,0.524,0.516,1.0
