GCF_000163235.1_ASM16323v1_genomic.fna,GCF_000164555.1_ASM16455v1_genomic.fna,GCF_000208545.1_ASM20854v2_genomic.fna,GCF_000233875.1_ASM23387v1_genomic.fna,GCF_000249735.1_ASM24973v2_genomic.fna,GCF_000261145.1_Esch_coli_M919_V2_genomic.fna,GCF_000267705.2_ASM26770v2_genomic.fna,GCF_000350665.1_Esch_coli_KTE5_V1_genomic.fna,GCF_000351625.1_Esch_coli_KTE66_V1_genomic.fna,GCF_000352285.1_Esch_coli_KTE46_V1_genomic.fna,GCF_000358895.1_ASM35889v1_genomic.fna,GCF_000456385.1_Esch_coli_HVH_26_4-5703913_V1_genomic.fna,GCF_000458195.1_Esch_coli_HVH_147_4-5893887_V1_genomic.fna,GCF_000459755.1_Esch_coli_KOEGE_58_171a_V1_genomic.fna,GCF_000460055.1_Esch_coli_UMEA_3053-1_V1_genomic.fna,GCF_000462165.2_ASM46216v2_genomic.fna,GCF_000601135.1_ASM60113v1_genomic.fna,GCF_000614595.1_Ec2010EL1058_genomic.fna,GCF_000617745.1_Ec2010C-4529_genomic.fna,GCF_000618265.2_EcF6751_genomic.fna,GCF_000619005.2_Ec2009C-4052_genomic.fna,GCF_000619105.1_Ec2009C-4780_genomic.fna,GCF_000619765.2_Ec2009C-3279_genomic.fna,GCF_000687005.1_ASM68700v1_genomic.fna,GCF_000687025.1_ASM68702v1_genomic.fna,GCF_000700125.1_ASM70012v1_genomic.fna,GCF_000753315.1_FHI35_genomic.fna,GCF_000776375.1_ASM77637v1_genomic.fna,GCF_000779395.1_ASM77939v1_genomic.fna,GCF_000780315.1_ASM78031v1_genomic.fna,GCF_000781995.1_ASM78199v1_genomic.fna,GCF_000986765.1_ASM98676v1_genomic.fna,GCF_001041375.1_ViralProj287958_genomic.fna,GCF_001265335.1_302014_genomic.fna,GCF_001265625.1_100854_genomic.fna,GCF_001267345.1_303289_genomic.fna,GCF_001309985.1_ASM130998v1_genomic.fna,GCF_001521695.1_ASM152169v1_genomic.fna,GCF_001592595.1_ASM159259v1_genomic.fna,GCF_001614975.1_ASM161497v1_genomic.fna,GCF_001692775.1_ASM169277v1_genomic.fna,GCF_001748915.1_ASM174891v1_genomic.fna,GCF_001749235.1_ASM174923v1_genomic.fna,GCF_001881155.1_ASM188115v1_genomic.fna,GCF_001881345.1_ASM188134v1_genomic.fna,GCF_001892405.1_ASM189240v1_genomic.fna,GCF_001892585.1_ASM189258v1_genomic.fna,GCF_001893985.1_ASM189398v1_genomic.fna,GCF_002001595.1_ASM200159v1_genomic.fna,GCF_002002145.1_ASM200214v1_genomic.fna
1.0,0.47,0.385,0.429,0.479,0.459,0.45,0.426,0.565,0.436,0.482,0.436,0.487,0.426,0.411,0.467,0.452,0.455,0.464,0.447,0.438,0.46,0.472,0.486,0.458,0.47,0.459,0.423,0.498,0.565,0.411,0.457,0.0,0.462,0.459,0.406,0.45,0.47,0.413,0.483,0.428,0.46,0.467,0.414,0.429,0.439,0.445,0.444,0.413,0.501
0.47,1.0,0.375,0.411,0.632,0.803,0.536,0.415,0.456,0.419,0.594,0.43,0.617,0.405,0.409,0.54,0.72,0.622,0.596,0.533,0.608,0.604,0.606,0.805,0.81,0.723,0.598,0.401,0.455,0.46,0.398,0.62,0.0,0.601,0.756,0.379,0.533,0.623,0.408,0.61,0.404,0.689,0.6,0.416,0.414,0.422,0.68,0.685,0.418,0.447
0.385,0.375,1.0,0.311,0.346,0.346,0.348,0.311,0.369,0.316,0.338,0.309,0.354,0.31,0.313,0.355,0.353,0.347,0.334,0.345,0.339,0.343,0.348,0.351,0.35,0.338,0.342,0.305,0.362,0.376,0.303,0.359,0.0,0.343,0.327,0.317,0.348,0.349,0.32,0.35,0.319,0.352,0.354,0.318,0.304,0.347,0.353,0.354,0.322,0.368
0.429,0.411,0.311,1.0,0.415,0.403,0.39,0.689,0.402,0.704,0.419,0.73,0.416,0.78,0.756,0.397,0.389,0.394,0.408,0.385,0.389,0.408,0.407,0.409,0.407,0.402,0.406,0.746,0.479,0.409,0.718,0.401,0.0,0.399,0.404,0.621,0.388,0.412,0.657,0.413,0.748,0.403,0.41,0.725,0.73,0.399,0.369,0.369,0.687,0.474
0.479,0.632,0.346,0.415,1.0,0.634,0.526,0.433,0.462,0.423,0.773,0.426,0.722,0.411,0.421,0.545,0.627,0.667,0.675,0.521,0.675,0.686,0.682,0.639,0.631,0.628,0.692,0.422,0.469,0.466,0.412,0.678,0.0,0.685,0.616,0.403,0.526,0.703,0.43,0.718,0.424,0.651,0.707,0.423,0.425,0.408,0.641,0.641,0.422,0.459
0.459,0.803,0.346,0.403,0.634,1.0,0.558,0.412,0.452,0.399,0.591,0.409,0.616,0.406,0.408,0.563,0.717,0.639,0.605,0.555,0.619,0.619,0.632,0.794,0.808,0.701,0.598,0.396,0.45,0.455,0.398,0.626,0.0,0.624,0.767,0.386,0.555,0.628,0.417,0.614,0.408,0.687,0.606,0.4,0.399,0.418,0.684,0.687,0.41,0.449
0.45,0.536,0.348,0.39,0.526,0.558,1.0,0.384,0.455,0.374,0.514,0.389,0.529,0.393,0.389,0.946,0.535,0.558,0.551,0.984,0.567,0.56,0.583,0.538,0.535,0.509,0.548,0.375,0.427,0.444,0.37,0.549,0.0,0.547,0.521,0.383,0.987,0.532,0.409,0.533,0.372,0.519,0.543,0.379,0.38,0.411,0.511,0.511,0.38,0.438
0.426,0.415,0.311,0.689,0.433,0.412,0.384,1.0,0.406,0.664,0.41,0.694,0.422,0.688,0.68,0.399,0.401,0.384,0.409,0.379,0.382,0.408,0.401,0.428,0.406,0.399,0.41,0.878,0.468,0.406,0.683,0.406,0.0,0.401,0.398,0.61,0.383,0.438,0.658,0.433,0.693,0.412,0.422,0.882,0.871,0.405,0.38,0.38,0.656,0.467
0.565,0.456,0.369,0.402,0.462,0.452,0.455,0.406,1.0,0.408,0.458,0.405,0.473,0.417,0.405,0.464,0.444,0.443,0.445,0.454,0.432,0.455,0.448,0.472,0.456,0.449,0.451,0.403,0.499,0.608,0.402,0.432,0.0,0.448,0.463,0.403,0.455,0.446,0.403,0.469,0.411,0.458,0.46,0.398,0.399,0.444,0.43,0.429,0.397,0.506
0.436,0.419,0.316,0.704,0.423,0.399,0.374,0.664,0.408,1.0,0.446,0.685,0.419,0.712,0.678,0.389,0.383,0.382,0.4,0.37,0.377,0.389,0.38,0.408,0.411,0.403,0.395,0.688,0.49,0.418,0.729,0.382,0.0,0.382,0.417,0.594,0.373,0.406,0.658,0.413,0.737,0.4,0.397,0.672,0.686,0.401,0.367,0.366,0.662,0.464
0.482,0.594,0.338,0.419,0.773,0.591,0.514,0.41,0.458,0.446,1.0,0.408,0.736,0.421,0.4,0.534,0.594,0.657,0.667,0.51,0.659,0.685,0.67,0.628,0.601,0.62,0.678,0.412,0.459,0.467,0.395,0.647,0.0,0.678,0.643,0.405,0.515,0.673,0.408,0.711,0.406,0.632,0.688,0.398,0.401,0.388,0.615,0.615,0.419,0.448
0.436,0.43,0.309,0.73,0.426,0.409,0.389,0.694,0.405,0.685,0.408,1.0,0.422,0.739,0.855,0.402,0.394,0.386,0.404,0.384,0.388,0.395,0.394,0.43,0.412,0.405,0.404,0.718,0.479,0.406,0.687,0.4,0.0,0.397,0.403,0.608,0.39,0.419,0.668,0.419,0.721,0.406,0.412,0.712,0.719,0.411,0.373,0.372,0.652,0.472
0.487,0.617,0.354,0.416,0.722,0.616,0.529,0.422,0.473,0.419,0.736,0.422,1.0,0.417,0.41,0.551,0.611,0.705,0.718,0.525,0.706,0.764,0.757,0.65,0.618,0.615,0.751,0.417,0.461,0.48,0.411,0.702,0.0,0.759,0.633,0.405,0.532,0.73,0.42,0.772,0.425,0.644,0.753,0.408,0.409,0.403,0.627,0.626,0.428,0.468
0.426,0.405,0.31,0.78,0.411,0.406,0.393,0.688,0.417,0.712,0.421,0.739,0.417,1.0,0.757,0.398,0.389,0.392,0.404,0.388,0.392,0.403,0.4,0.411,0.404,0.399,0.41,0.74,0.483,0.412,0.711,0.403,0.0,0.392,0.406,0.613,0.392,0.416,0.671,0.421,0.741,0.405,0.411,0.72,0.723,0.408,0.371,0.371,0.673,0.477
0.411,0.409,0.313,0.756,0.421,0.408,0.389,0.68,0.405,0.678,0.4,0.855,0.41,0.757,1.0,0.397,0.395,0.387,0.402,0.385,0.385,0.399,0.401,0.413,0.408,0.392,0.404,0.708,0.464,0.394,0.712,0.403,0.0,0.395,0.395,0.603,0.391,0.414,0.677,0.413,0.732,0.4,0.417,0.713,0.714,0.414,0.382,0.381,0.656,0.477
0.467,0.54,0.355,0.397,0.545,0.563,0.946,0.399,0.464,0.389,0.534,0.402,0.551,0.398,0.397,1.0,0.541,0.557,0.565,0.939,0.553,0.573,0.579,0.551,0.544,0.527,0.557,0.388,0.44,0.457,0.376,0.543,0.0,0.559,0.529,0.391,0.951,0.549,0.421,0.551,0.384,0.536,0.558,0.391,0.393,0.413,0.529,0.529,0.397,0.45
0.452,0.72,0.353,0.389,0.627,0.717,0.535,0.401,0.444,0.383,0.594,0.394,0.611,0.389,0.395,0.541,1.0,0.617,0.598,0.529,0.616,0.629,0.638,0.742,0.715,0.725,0.604,0.38,0.432,0.444,0.382,0.656,0.0,0.637,0.672,0.391,0.537,0.606,0.419,0.609,0.39,0.677,0.618,0.386,0.389,0.392,0.679,0.685,0.393,0.436
0.455,0.622,0.347,0.394,0.667,0.639,0.558,0.384,0.443,0.382,0.657,0.386,0.705,0.392,0.387,0.557,0.617,1.0,0.715,0.555,0.708,0.716,0.723,0.64,0.612,0.601,0.708,0.374,0.43,0.447,0.38,0.664,0.0,0.698,0.606,0.391,0.558,0.667,0.406,0.689,0.382,0.628,0.691,0.377,0.378,0.395,0.607,0.609,0.385,0.439
0.464,0.596,0.334,0.408,0.675,0.605,0.551,0.409,0.445,0.4,0.667,0.404,0.718,0.404,0.402,0.565,0.598,0.715,1.0,0.547,0.712,0.717,0.714,0.63,0.605,0.591,0.716,0.396,0.427,0.453,0.394,0.661,0.0,0.691,0.611,0.416,0.549,0.681,0.428,0.709,0.405,0.625,0.694,0.398,0.395,0.384,0.598,0.599,0.409,0.445
0.447,0.533,0.345,0.385,0.521,0.555,0.984,0.379,0.454,0.37,0.51,0.384,0.525,0.388,0.385,0.939,0.529,0.555,0.547,1.0,0.566,0.557,0.58,0.535,0.532,0.505,0.544,0.37,0.425,0.441,0.366,0.547,0.0,0.543,0.518,0.377,0.984,0.528,0.404,0.529,0.368,0.516,0.539,0.373,0.374,0.411,0.508,0.508,0.375,0.436
0.438,0.608,0.339,0.389,0.675,0.619,0.567,0.382,0.432,0.377,0.659,0.388,0.706,0.392,0.385,0.553,0.616,0.708,0.712,0.566,1.0,0.723,0.744,0.609,0.598,0.588,0.726,0.375,0.415,0.436,0.381,0.709,0.0,0.727,0.591,0.389,0.567,0.708,0.415,0.706,0.393,0.602,0.707,0.379,0.377,0.39,0.605,0.607,0.383,0.423
0.46,0.604,0.343,0.408,0.686,0.619,0.56,0.408,0.455,0.389,0.685,0.395,0.764,0.403,0.399,0.573,0.629,0.716,0.717,0.557,0.723,1.0,0.923,0.634,0.618,0.604,0.747,0.401,0.437,0.455,0.395,0.706,0.0,0.887,0.602,0.398,0.562,0.721,0.423,0.74,0.397,0.633,0.751,0.403,0.401,0.393,0.603,0.604,0.398,0.457
0.472,0.606,0.348,0.407,0.682,0.632,0.583,0.401,0.448,0.38,0.67,0.394,0.757,0.4,0.401,0.579,0.638,0.723,0.714,0.58,0.744,0.923,1.0,0.632,0.615,0.602,0.745,0.396,0.435,0.453,0.394,0.72,0.0,0.871,0.597,0.397,0.583,0.733,0.423,0.732,0.4,0.624,0.737,0.401,0.397,0.396,0.605,0.608,0.392,0.449
0.486,0.805,0.351,0.409,0.639,0.794,0.538,0.428,0.472,0.408,0.628,0.43,0.65,0.411,0.413,0.551,0.742,0.64,0.63,0.535,0.609,0.634,0.632,1.0,0.819,0.743,0.627,0.395,0.46,0.475,0.402,0.626,0.0,0.635,0.799,0.402,0.542,0.617,0.417,0.642,0.41,0.723,0.628,0.4,0.404,0.412,0.686,0.69,0.409,0.471
0.458,0.81,0.35,0.407,0.631,0.808,0.535,0.406,0.456,0.411,0.601,0.412,0.618,0.404,0.408,0.544,0.715,0.612,0.605,0.532,0.598,0.618,0.615,0.819,1.0,0.751,0.613,0.393,0.445,0.446,0.4,0.625,0.0,0.609,0.786,0.385,0.535,0.612,0.415,0.611,0.407,0.693,0.615,0.411,0.405,0.404,0.67,0.67,0.42,0.444
0.47,0.723,0.338,0.402,0.628,0.701,0.509,0.399,0.449,0.403,0.62,0.405,0.615,0.399,0.392,0.527,0.725,0.601,0.591,0.505,0.588,0.604,0.602,0.743,0.751,1.0,0.595,0.395,0.434,0.451,0.389,0.603,0.0,0.597,0.71,0.386,0.511,0.596,0.399,0.611,0.402,0.686,0.597,0.408,0.399,0.381,0.669,0.671,0.42,0.433
0.459,0.598,0.342,0.406,0.692,0.598,0.548,0.41,0.451,0.395,0.678,0.404,0.751,0.41,0.404,0.557,0.604,0.708,0.716,0.544,0.726,0.747,0.745,0.627,0.613,0.595,1.0,0.396,0.441,0.454,0.405,0.706,0.0,0.739,0.589,0.397,0.551,0.804,0.415,0.752,0.407,0.62,0.838,0.405,0.399,0.401,0.598,0.597,0.404,0.452
0.423,0.401,0.305,0.746,0.422,0.396,0.375,0.878,0.403,0.688,0.412,0.718,0.417,0.74,0.708,0.388,0.38,0.374,0.396,0.37,0.375,0.401,0.396,0.395,0.393,0.395,0.396,1.0,0.473,0.412,0.695,0.392,0.0,0.386,0.39,0.615,0.374,0.42,0.651,0.418,0.728,0.397,0.4,0.957,0.944,0.398,0.369,0.368,0.679,0.462
0.498,0.455,0.362,0.479,0.469,0.45,0.427,0.468,0.499,0.49,0.459,0.479,0.461,0.483,0.464,0.44,0.432,0.43,0.427,0.425,0.415,0.437,0.435,0.46,0.445,0.434,0.441,0.473,1.0,0.491,0.46,0.435,0.0,0.439,0.454,0.461,0.428,0.444,0.466,0.451,0.466,0.435,0.445,0.457,0.463,0.541,0.418,0.416,0.472,0.831
0.565,0.46,0.376,0.409,0.466,0.455,0.444,0.406,0.608,0.418,0.467,0.406,0.48,0.412,0.394,0.457,0.444,0.447,0.453,0.441,0.436,0.455,0.453,0.475,0.446,0.451,0.454,0.412,0.491,1.0,0.397,0.431,0.0,0.444,0.46,0.397,0.444,0.451,0.39,0.47,0.414,0.456,0.455,0.398,0.397,0.439,0.436,0.438,0.403,0.484
0.411,0.398,0.303,0.718,0.412,0.398,0.37,0.683,0.402,0.729,0.395,0.687,0.411,0.711,0.712,0.376,0.382,0.38,0.394,0.366,0.381,0.395,0.394,0.402,0.4,0.389,0.405,0.695,0.46,0.397,1.0,0.39,0.0,0.39,0.385,0.613,0.37,0.405,0.656,0.411,0.893,0.396,0.408,0.695,0.701,0.394,0.368,0.367,0.657,0.454
0.457,0.62,0.359,0.401,0.678,0.626,0.549,0.406,0.432,0.382,0.647,0.4,0.702,0.403,0.403,0.543,0.656,0.664,0.661,0.547,0.709,0.706,0.72,0.626,0.625,0.603,0.706,0.392,0.435,0.431,0.39,1.0,0.0,0.706,0.583,0.383,0.547,0.727,0.419,0.713,0.393,0.619,0.72,0.394,0.396,0.399,0.619,0.624,0.395,0.426
0.0,0.0,0.0,0.0,0.0,0.0,0.0,0.0,0.0,0.0,0.0,0.0,0.0,0.0,0.0,0.0,0.0,0.0,0.0,0.0,0.0,0.0,0.0,0.0,0.0,0.0,0.0,0.0,0.0,0.0,0.0,0.0,1.0,0.0,0.0,0.0,0.0,0.0,0.0,0.0,0.0,0.0,0.0,0.0,0.0,0.0,0.0,0.0,0.0,0.0
0.462,0.601,0.343,0.399,0.685,0.624,0.547,0.401,0.448,0.382,0.678,0.397,0.759,0.392,0.395,0.559,0.637,0.698,0.691,0.543,0.727,0.887,0.871,0.635,0.609,0.597,0.739,0.386,0.439,0.444,0.39,0.706,0.0,1.0,0.6,0.403,0.55,0.716,0.42,0.732,0.394,0.627,0.74,0.39,0.392,0.391,0.605,0.606,0.391,0.45
0.459,0.756,0.327,0.404,0.616,0.767,0.521,0.398,0.463,0.417,0.643,0.403,0.633,0.406,0.395,0.529,0.672,0.606,0.611,0.518,0.591,0.602,0.597,0.799,0.786,0.71,0.589,0.39,0.454,0.46,0.385,0.583,0.0,0.6,1.0,0.385,0.521,0.584,0.395,0.618,0.392,0.684,0.604,0.382,0.384,0.373,0.653,0.651,0.399,0.437
0.406,0.379,0.317,0.621,0.403,0.386,0.383,0.61,0.403,0.594,0.405,0.608,0.405,0.613,0.603,0.391,0.391,0.391,0.416,0.377,0.389,0.398,0.397,0.402,0.385,0.386,0.397,0.615,0.461,0.397,0.613,0.383,0.0,0.403,0.385,1.0,0.381,0.399,0.617,0.418,0.627,0.391,0.403,0.616,0.617,0.396,0.361,0.361,0.599,0.464
0.45,0.533,0.348,0.388,0.526,0.555,0.987,0.383,0.455,0.373,0.515,0.39,0.532,0.392,0.391,0.951,0.537,0.558,0.549,0.984,0.567,0.562,0.583,0.542,0.535,0.511,0.551,0.374,0.428,0.444,0.37,0.547,0.0,0.55,0.521,0.381,1.0,0.535,0.408,0.535,0.371,0.52,0.545,0.378,0.379,0.41,0.514,0.514,0.381,0.439
0.47,0.623,0.349,0.412,0.703,0.628,0.532,0.438,0.446,0.406,0.673,0.419,0.73,0.416,0.414,0.549,0.606,0.667,0.681,0.528,0.708,0.721,0.733,0.617,0.612,0.596,0.804,0.42,0.444,0.451,0.405,0.727,0.0,0.716,0.584,0.399,0.535,1.0,0.433,0.745,0.418,0.619,0.849,0.427,0.415,0.402,0.624,0.629,0.413,0.447
0.413,0.408,0.32,0.657,0.43,0.417,0.409,0.658,0.403,0.658,0.408,0.668,0.42,0.671,0.677,0.421,0.419,0.406,0.428,0.404,0.415,0.423,0.423,0.417,0.415,0.399,0.415,0.651,0.466,0.39,0.656,0.419,0.0,0.42,0.395,0.617,0.408,0.433,1.0,0.42,0.668,0.414,0.429,0.66,0.663,0.416,0.383,0.384,0.64,0.475
0.483,0.61,0.35,0.413,0.718,0.614,0.533,0.433,0.469,0.413,0.711,0.419,0.772,0.421,0.413,0.551,0.609,0.689,0.709,0.529,0.706,0.74,0.732,0.642,0.611,0.611,0.752,0.418,0.451,0.47,0.411,0.713,0.0,0.732,0.618,0.418,0.535,0.745,0.42,1.0,0.421,0.646,0.76,0.418,0.418,0.411,0.63,0.629,0.416,0.464
0.428,0.404,0.319,0.748,0.424,0.408,0.372,0.693,0.411,0.737,0.406,0.721,0.425,0.741,0.732,0.384,0.39,0.382,0.405,0.368,0.393,0.397,0.4,0.41,0.407,0.402,0.407,0.728,0.466,0.414,0.893,0.393,0.0,0.394,0.392,0.627,0.371,0.418,0.668,0.421,1.0,0.407,0.41,0.723,0.727,0.404,0.378,0.377,0.674,0.464
0.46,0.689,0.352,0.403,0.651,0.687,0.519,0.412,0.458,0.4,0.632,0.406,0.644,0.405,0.4,0.536,0.677,0.628,0.625,0.516,0.602,0.633,0.624,0.723,0.693,0.686,0.62,0.397,0.435,0.456,0.396,0.619,0.0,0.627,0.684,0.391,0.52,0.619,0.414,0.646,0.407,1.0,0.642,0.4,0.396,0.394,0.715,0.716,0.401,0.438
0.467,0.6,0.354,0.41,0.707,0.606,0.543,0.422,0.46,0.397,0.688,0.412,0.753,0.411,0.417,0.558,0.618,0.691,0.694,0.539,0.707,0.751,0.737,0.628,0.615,0.597,0.838,0.4,0.445,0.455,0.408,0.72,0.0,0.74,0.604,0.403,0.545,0.849,0.429,0.76,0.41,0.642,1.0,0.401,0.402,0.405,0.623,0.623,0.403,0.46
0.414,0.416,0.318,0.725,0.423,0.4,0.379,0.882,0.398,0.672,0.398,0.712,0.408,0.72,0.713,0.391,0.386,0.377,0.398,0.373,0.379,0.403,0.401,0.4,0.411,0.408,0.405,0.957,0.457,0.398,0.695,0.394,0.0,0.39,0.382,0.616,0.378,0.427,0.66,0.418,0.723,0.4,0.401,1.0,0.957,0.403,0.372,0.371,0.677,0.454
0.429,0.414,0.304,0.73,0.425,0.399,0.38,0.871,0.399,0.686,0.401,0.719,0.409,0.723,0.714,0.393,0.389,0.378,0.395,0.374,0.377,0.401,0.397,0.404,0.405,0.399,0.399,0.944,0.463,0.397,0.701,0.396,0.0,0.392,0.384,0.617,0.379,0.415,0.663,0.418,0.727,0.396,0.402,0.957,1.0,0.401,0.373,0.371,0.673,0.455
0.439,0.422,0.347,0.399,0.408,0.418,0.411,0.405,0.444,0.401,0.388,0.411,0.403,0.408,0.414,0.413,0.392,0.395,0.384,0.411,0.39,0.393,0.396,0.412,0.404,0.381,0.401,0.398,0.541,0.439,0.394,0.399,0.0,0.391,0.373,0.396,0.41,0.402,0.416,0.411,0.404,0.394,0.405,0.403,0.401,1.0,0.416,0.416,0.407,0.595
0.445,0.68,0.353,0.369,0.641,0.684,0.511,0.38,0.43,0.367,0.615,0.373,0.627,0.371,0.382,0.529,0.679,0.607,0.598,0.508,0.605,0.603,0.605,0.686,0.67,0.669,0.598,0.369,0.418,0.436,0.368,0.619,0.0,0.605,0.653,0.361,0.514,0.624,0.383,0.63,0.378,0.715,0.623,0.372,0.373,0.416,1.0,0.993,0.373,0.433
0.444,0.685,0.354,0.369,0.641,0.687,0.511,0.38,0.429,0.366,0.615,0.372,0.626,0.371,0.381,0.529,0.685,0.609,0.599,0.508,0.607,0.604,0.608,0.69,0.67,0.671,0.597,0.368,0.416,0.438,0.367,0.624,0.0,0.606,0.651,0.361,0.514,0.629,0.384,0.629,0.377,0.716,0.623,0.371,0.371,0.416,0.993,1.0,0.373,0.434
0.413,0.418,0.322,0.687,0.422,0.41,0.38,0.656,0.397,0.662,0.419,0.652,0.428,0.673,0.656,0.397,0.393,0.385,0.409,0.375,0.383,0.398,0.392,0.409,0.42,0.42,0.404,0.679,0.472,0.403,0.657,0.395,0.0,0.391,0.399,0.599,0.381,0.413,0.64,0.416,0.674,0.401,0.403,0.677,0.673,0.407,0.373,0.373,1.0,0.463
0.501,0.447,0.368,0.474,0.459,0.449,0.438,0.467,0.506,0.464,0.448,0.472,0.468,0.477,0.477,0.45,0.436,0.439,0.445,0.436,0.423,0.457,0.449,0.471,0.444,0.433,0.452,0.462,0.831,0.484,0.454,0.426,0.0,0.45,0.437,0.464,0.439,0.447,0.475,0.464,0.464,0.438,0.46,0.454,0.455,0.595,0.433,0.434,0.463,1.0
