GCF_000163235.1_ASM16323v1_genomic.fna,GCF_000164555.1_ASM16455v1_genomic.fna,GCF_000208545.1_ASM20854v2_genomic.fna,GCF_000233875.1_ASM23387v1_genomic.fna,GCF_000249735.1_ASM24973v2_genomic.fna,GCF_000261145.1_Esch_coli_M919_V2_genomic.fna,GCF_000267705.2_ASM26770v2_genomic.fna,GCF_000350665.1_Esch_coli_KTE5_V1_genomic.fna,GCF_000351625.1_Esch_coli_KTE66_V1_genomic.fna,GCF_000352285.1_Esch_coli_KTE46_V1_genomic.fna,GCF_000358895.1_ASM35889v1_genomic.fna,GCF_000456385.1_Esch_coli_HVH_26_4-5703913_V1_genomic.fna,GCF_000458195.1_Esch_coli_HVH_147_4-5893887_V1_genomic.fna,GCF_000459755.1_Esch_coli_KOEGE_58_171a_V1_genomic.fna,GCF_000460055.1_Esch_coli_UMEA_3053-1_V1_genomic.fna,GCF_000462165.2_ASM46216v2_genomic.fna,GCF_000601135.1_ASM60113v1_genomic.fna,GCF_000614595.1_Ec2010EL1058_genomic.fna,GCF_000617745.1_Ec2010C-4529_genomic.fna,GCF_000618265.2_EcF6751_genomic.fna,GCF_000619005.2_Ec2009C-4052_genomic.fna,GCF_000619105.1_Ec2009C-4780_genomic.fna,GCF_000619765.2_Ec2009C-3279_genomic.fna,GCF_000687005.1_ASM68700v1_genomic.fna,GCF_000687025.1_ASM68702v1_genomic.fna,GCF_000700125.1_ASM70012v1_genomic.fna,GCF_000753315.1_FHI35_genomic.fna,GCF_000776375.1_ASM77637v1_genomic.fna,GCF_000779395.1_ASM77939v1_genomic.fna,GCF_000780315.1_ASM78031v1_genomic.fna,GCF_000781995.1_ASM78199v1_genomic.fna,GCF_000986765.1_ASM98676v1_genomic.fna,GCF_001041375.1_ViralProj287958_genomic.fna,GCF_001265335.1_302014_genomic.fna,GCF_001265625.1_100854_genomic.fna,GCF_001267345.1_303289_genomic.fna,GCF_001309985.1_ASM130998v1_genomic.fna,GCF_001521695.1_ASM152169v1_genomic.fna,GCF_001592595.1_ASM159259v1_genomic.fna,GCF_001614975.1_ASM161497v1_genomic.fna,GCF_001692775.1_ASM169277v1_genomic.fna,GCF_001748915.1_ASM174891v1_genomic.fna,GCF_001749235.1_ASM174923v1_genomic.fna,GCF_001881155.1_ASM188115v1_genomic.fna,GCF_001881345.1_ASM188134v1_genomic.fna,GCF_001892405.1_ASM189240v1_genomic.fna,GCF_001892585.1_ASM189258v1_genomic.fna,GCF_001893985.1_ASM189398v1_genomic.fna,GCF_002001595.1_ASM200159v1_genomic.fna,GCF_002002145.1_ASM200214v1_genomic.fna
1.0,0.912,0.896,0.893,0.907,0.911,0.91,0.893,0.92,0.898,0.886,0.905,0.888,0.896,0.894,0.914,0.902,0.904,0.903,0.907,0.896,0.908,0.911,0.911,0.917,0.905,0.906,0.898,0.919,0.92,0.898,0.9,0.02,0.895,0.883,0.898,0.909,0.913,0.901,0.908,0.894,0.906,0.902,0.893,0.897,0.881,0.903,0.903,0.894,0.908
0.912,1.0,0.893,0.91,0.924,0.937,0.914,0.903,0.9,0.897,0.901,0.914,0.904,0.901,0.911,0.915,0.935,0.913,0.917,0.917,0.921,0.919,0.922,0.938,0.947,0.933,0.922,0.913,0.909,0.899,0.911,0.937,0.023,0.916,0.914,0.89,0.915,0.931,0.914,0.92,0.915,0.937,0.926,0.909,0.911,0.889,0.923,0.924,0.905,0.913
0.896,0.893,1.0,0.887,0.886,0.889,0.888,0.896,0.895,0.88,0.856,0.882,0.873,0.88,0.89,0.889,0.885,0.88,0.879,0.89,0.882,0.889,0.891,0.883,0.894,0.88,0.88,0.89,0.894,0.885,0.884,0.894,0.02,0.871,0.863,0.876,0.888,0.891,0.895,0.89,0.896,0.896,0.89,0.893,0.892,0.884,0.883,0.884,0.88,0.894
0.893,0.91,0.887,1.0,0.902,0.89,0.893,0.94,0.901,0.937,0.878,0.953,0.884,0.944,0.96,0.894,0.895,0.884,0.892,0.894,0.898,0.891,0.898,0.891,0.898,0.888,0.896,0.958,0.901,0.889,0.939,0.913,0.02,0.893,0.865,0.915,0.893,0.905,0.934,0.896,0.946,0.902,0.911,0.953,0.951,0.89,0.89,0.891,0.931,0.907
0.907,0.924,0.886,0.902,1.0,0.92,0.926,0.899,0.91,0.897,0.925,0.914,0.929,0.906,0.903,0.925,0.934,0.93,0.937,0.922,0.938,0.941,0.948,0.928,0.928,0.931,0.941,0.902,0.915,0.904,0.903,0.936,0.024,0.934,0.903,0.895,0.923,0.942,0.908,0.943,0.906,0.937,0.934,0.899,0.899,0.889,0.929,0.93,0.9,0.912
0.911,0.937,0.889,0.89,0.92,1.0,0.917,0.886,0.902,0.895,0.9,0.904,0.91,0.898,0.89,0.916,0.933,0.921,0.922,0.916,0.916,0.925,0.927,0.94,0.94,0.929,0.92,0.895,0.906,0.902,0.895,0.915,0.021,0.925,0.927,0.892,0.916,0.919,0.905,0.921,0.898,0.927,0.915,0.891,0.89,0.878,0.93,0.929,0.898,0.902
0.91,0.914,0.888,0.893,0.926,0.917,1.0,0.891,0.91,0.895,0.903,0.903,0.911,0.898,0.89,0.989,0.921,0.922,0.928,0.995,0.939,0.93,0.941,0.915,0.925,0.914,0.912,0.897,0.914,0.9,0.902,0.92,0.02,0.921,0.895,0.898,0.996,0.915,0.913,0.924,0.899,0.922,0.919,0.893,0.894,0.881,0.91,0.91,0.899,0.921
0.893,0.903,0.896,0.94,0.899,0.886,0.891,1.0,0.898,0.926,0.873,0.933,0.879,0.93,0.942,0.891,0.893,0.886,0.887,0.891,0.89,0.888,0.891,0.889,0.889,0.889,0.893,0.971,0.897,0.883,0.929,0.905,0.021,0.889,0.864,0.906,0.89,0.907,0.926,0.892,0.938,0.899,0.907,0.972,0.968,0.9,0.887,0.888,0.921,0.898
0.92,0.9,0.895,0.901,0.91,0.902,0.91,0.898,1.0,0.903,0.884,0.904,0.892,0.905,0.896,0.91,0.906,0.897,0.903,0.905,0.9,0.902,0.906,0.903,0.905,0.902,0.907,0.905,0.918,0.924,0.901,0.904,0.019,0.892,0.881,0.89,0.907,0.907,0.903,0.907,0.902,0.911,0.907,0.902,0.902,0.886,0.905,0.906,0.907,0.919
0.898,0.897,0.88,0.937,0.897,0.895,0.895,0.926,0.903,1.0,0.89,0.937,0.901,0.944,0.923,0.901,0.898,0.894,0.896,0.893,0.889,0.892,0.892,0.905,0.904,0.898,0.897,0.939,0.904,0.898,0.938,0.891,0.02,0.896,0.884,0.926,0.894,0.893,0.929,0.892,0.94,0.896,0.894,0.933,0.936,0.873,0.887,0.887,0.931,0.897
0.886,0.901,0.856,0.878,0.925,0.9,0.903,0.873,0.884,0.89,1.0,0.885,0.94,0.89,0.874,0.909,0.914,0.918,0.923,0.899,0.92,0.926,0.926,0.919,0.91,0.908,0.931,0.882,0.898,0.897,0.873,0.917,0.024,0.928,0.922,0.885,0.9,0.921,0.886,0.925,0.877,0.907,0.915,0.879,0.879,0.86,0.905,0.905,0.886,0.89
0.905,0.914,0.882,0.953,0.914,0.904,0.903,0.933,0.904,0.937,0.885,1.0,0.896,0.946,0.96,0.905,0.906,0.897,0.904,0.901,0.909,0.906,0.911,0.905,0.907,0.905,0.909,0.945,0.909,0.9,0.935,0.911,0.022,0.901,0.877,0.916,0.902,0.916,0.932,0.906,0.942,0.903,0.914,0.94,0.94,0.882,0.905,0.905,0.926,0.908
0.888,0.904,0.873,0.884,0.929,0.91,0.911,0.879,0.892,0.901,0.94,0.896,1.0,0.898,0.881,0.91,0.919,0.929,0.93,0.907,0.928,0.935,0.936,0.924,0.914,0.912,0.944,0.888,0.899,0.901,0.888,0.923,0.024,0.936,0.914,0.89,0.908,0.929,0.886,0.936,0.889,0.913,0.924,0.885,0.885,0.866,0.911,0.91,0.893,0.896
0.896,0.901,0.88,0.944,0.906,0.898,0.898,0.93,0.905,0.944,0.89,0.946,0.898,1.0,0.943,0.901,0.911,0.904,0.904,0.895,0.903,0.903,0.903,0.899,0.903,0.9,0.906,0.946,0.902,0.897,0.937,0.905,0.02,0.901,0.881,0.916,0.897,0.907,0.927,0.904,0.936,0.897,0.907,0.942,0.939,0.875,0.892,0.892,0.932,0.896
0.894,0.911,0.89,0.96,0.903,0.89,0.89,0.942,0.896,0.923,0.874,0.96,0.881,0.943,1.0,0.892,0.899,0.884,0.893,0.89,0.897,0.896,0.9,0.887,0.895,0.891,0.893,0.952,0.9,0.888,0.936,0.91,0.02,0.893,0.865,0.913,0.889,0.909,0.929,0.895,0.947,0.899,0.912,0.954,0.952,0.896,0.895,0.896,0.924,0.909
0.914,0.915,0.889,0.894,0.925,0.916,0.989,0.891,0.91,0.901,0.909,0.905,0.91,0.901,0.892,1.0,0.923,0.925,0.935,0.985,0.933,0.932,0.942,0.916,0.927,0.917,0.914,0.897,0.917,0.904,0.898,0.92,0.02,0.926,0.898,0.901,0.986,0.917,0.915,0.924,0.897,0.919,0.917,0.893,0.896,0.879,0.909,0.909,0.9,0.919
0.902,0.935,0.885,0.895,0.934,0.933,0.921,0.893,0.906,0.898,0.914,0.906,0.919,0.911,0.899,0.923,1.0,0.926,0.931,0.918,0.932,0.932,0.932,0.941,0.941,0.949,0.931,0.904,0.916,0.907,0.898,0.935,0.022,0.932,0.917,0.899,0.919,0.925,0.906,0.926,0.904,0.934,0.928,0.901,0.901,0.881,0.931,0.931,0.904,0.908
0.904,0.913,0.88,0.884,0.93,0.921,0.922,0.886,0.897,0.894,0.918,0.897,0.929,0.904,0.884,0.925,0.926,1.0,0.944,0.919,0.937,0.945,0.943,0.928,0.922,0.923,0.936,0.891,0.901,0.904,0.888,0.924,0.024,0.942,0.906,0.904,0.92,0.931,0.896,0.931,0.894,0.918,0.922,0.889,0.887,0.872,0.913,0.912,0.887,0.899
0.903,0.917,0.879,0.892,0.937,0.922,0.928,0.887,0.903,0.896,0.923,0.904,0.93,0.904,0.893,0.935,0.931,0.944,1.0,0.925,0.945,0.95,0.949,0.923,0.924,0.929,0.935,0.894,0.906,0.908,0.894,0.93,0.023,0.943,0.904,0.903,0.925,0.932,0.907,0.939,0.898,0.921,0.925,0.889,0.889,0.878,0.918,0.917,0.89,0.907
0.907,0.917,0.89,0.894,0.922,0.916,0.995,0.891,0.905,0.893,0.899,0.901,0.907,0.895,0.89,0.985,0.918,0.919,0.925,1.0,0.937,0.927,0.94,0.914,0.922,0.911,0.909,0.897,0.911,0.897,0.902,0.921,0.02,0.918,0.895,0.895,0.997,0.911,0.915,0.92,0.9,0.923,0.917,0.893,0.894,0.881,0.908,0.908,0.896,0.92
0.896,0.921,0.882,0.898,0.938,0.916,0.939,0.89,0.9,0.889,0.92,0.909,0.928,0.903,0.897,0.933,0.932,0.937,0.945,0.937,1.0,0.948,0.958,0.927,0.926,0.927,0.934,0.899,0.909,0.899,0.902,0.945,0.023,0.943,0.902,0.891,0.938,0.938,0.909,0.937,0.904,0.927,0.935,0.896,0.893,0.878,0.922,0.922,0.894,0.905
0.908,0.919,0.889,0.891,0.941,0.925,0.93,0.888,0.902,0.892,0.926,0.906,0.935,0.903,0.896,0.932,0.932,0.945,0.95,0.927,0.948,1.0,0.978,0.926,0.929,0.926,0.944,0.899,0.91,0.905,0.894,0.942,0.023,0.963,0.907,0.892,0.927,0.942,0.901,0.944,0.9,0.924,0.942,0.896,0.895,0.883,0.92,0.919,0.892,0.909
0.911,0.922,0.891,0.898,0.948,0.927,0.941,0.891,0.906,0.892,0.926,0.911,0.936,0.903,0.9,0.942,0.932,0.943,0.949,0.94,0.958,0.978,1.0,0.929,0.93,0.927,0.947,0.901,0.912,0.907,0.899,0.944,0.023,0.958,0.911,0.895,0.94,0.946,0.908,0.945,0.902,0.929,0.94,0.898,0.897,0.881,0.922,0.922,0.897,0.912
0.911,0.938,0.883,0.891,0.928,0.94,0.915,0.889,0.903,0.905,0.919,0.905,0.924,0.899,0.887,0.916,0.941,0.928,0.923,0.914,0.927,0.926,0.929,1.0,0.956,0.938,0.935,0.893,0.913,0.911,0.893,0.922,0.023,0.928,0.942,0.895,0.914,0.923,0.897,0.921,0.895,0.93,0.92,0.889,0.891,0.876,0.93,0.929,0.891,0.902
0.917,0.947,0.894,0.898,0.928,0.94,0.925,0.889,0.905,0.904,0.91,0.907,0.914,0.903,0.895,0.927,0.941,0.922,0.924,0.922,0.926,0.929,0.93,0.956,1.0,0.944,0.93,0.895,0.911,0.912,0.899,0.929,0.023,0.926,0.93,0.895,0.922,0.924,0.903,0.918,0.901,0.93,0.917,0.891,0.894,0.887,0.923,0.923,0.9,0.907
0.905,0.933,0.88,0.888,0.931,0.929,0.914,0.889,0.902,0.898,0.908,0.905,0.912,0.9,0.891,0.917,0.949,0.923,0.929,0.911,0.927,0.926,0.927,0.938,0.944,1.0,0.932,0.897,0.906,0.902,0.893,0.928,0.023,0.921,0.918,0.89,0.912,0.919,0.904,0.923,0.897,0.927,0.917,0.892,0.892,0.88,0.926,0.926,0.896,0.902
0.906,0.922,0.88,0.896,0.941,0.92,0.912,0.893,0.907,0.897,0.931,0.909,0.944,0.906,0.893,0.914,0.931,0.936,0.935,0.909,0.934,0.944,0.947,0.935,0.93,0.932,1.0,0.9,0.903,0.912,0.895,0.943,0.024,0.946,0.909,0.895,0.91,0.951,0.903,0.946,0.9,0.923,0.947,0.897,0.894,0.877,0.924,0.924,0.896,0.903
0.898,0.913,0.89,0.958,0.902,0.895,0.897,0.971,0.905,0.939,0.882,0.945,0.888,0.946,0.952,0.897,0.904,0.891,0.894,0.897,0.899,0.899,0.901,0.893,0.895,0.897,0.9,1.0,0.905,0.889,0.942,0.913,0.02,0.896,0.869,0.916,0.896,0.911,0.942,0.9,0.952,0.902,0.913,0.992,0.987,0.89,0.893,0.894,0.939,0.91
0.919,0.909,0.894,0.901,0.915,0.906,0.914,0.897,0.918,0.904,0.898,0.909,0.899,0.902,0.9,0.917,0.916,0.901,0.906,0.911,0.909,0.91,0.912,0.913,0.911,0.906,0.903,0.905,1.0,0.913,0.907,0.91,0.021,0.904,0.887,0.907,0.912,0.915,0.905,0.912,0.907,0.912,0.911,0.901,0.901,0.901,0.904,0.905,0.906,0.96
0.92,0.899,0.885,0.889,0.904,0.902,0.9,0.883,0.924,0.898,0.897,0.9,0.901,0.897,0.888,0.904,0.907,0.904,0.908,0.897,0.899,0.905,0.907,0.911,0.912,0.902,0.912,0.889,0.913,1.0,0.893,0.903,0.02,0.904,0.89,0.898,0.898,0.907,0.894,0.915,0.889,0.903,0.904,0.886,0.886,0.876,0.907,0.907,0.891,0.906
0.898,0.911,0.884,0.939,0.903,0.895,0.902,0.929,0.901,0.938,0.873,0.935,0.888,0.937,0.936,0.898,0.898,0.888,0.894,0.902,0.902,0.894,0.899,0.893,0.899,0.893,0.895,0.942,0.907,0.893,1.0,0.907,0.02,0.894,0.871,0.911,0.902,0.902,0.928,0.898,0.959,0.907,0.903,0.938,0.937,0.884,0.892,0.893,0.932,0.905
0.9,0.937,0.894,0.913,0.936,0.915,0.92,0.905,0.904,0.891,0.917,0.911,0.923,0.905,0.91,0.92,0.935,0.924,0.93,0.921,0.945,0.942,0.944,0.922,0.929,0.928,0.943,0.913,0.91,0.903,0.907,1.0,0.024,0.936,0.897,0.894,0.92,0.946,0.917,0.941,0.909,0.932,0.948,0.911,0.911,0.893,0.927,0.928,0.902,0.915
0.02,0.023,0.02,0.02,0.024,0.021,0.02,0.021,0.019,0.02,0.024,0.022,0.024,0.02,0.02,0.02,0.022,0.024,0.023,0.02,0.023,0.023,0.023,0.023,0.023,0.023,0.024,0.02,0.021,0.02,0.02,0.024,1.0,0.024,0.021,0.021,0.02,0.024,0.02,0.023,0.018,0.024,0.023,0.02,0.02,0.024,0.023,0.023,0.02,0.021
0.895,0.916,0.871,0.893,0.934,0.925,0.921,0.889,0.892,0.896,0.928,0.901,0.936,0.901,0.893,0.926,0.932,0.942,0.943,0.918,0.943,0.963,0.958,0.928,0.926,0.921,0.946,0.896,0.904,0.904,0.894,0.936,0.024,1.0,0.915,0.897,0.919,0.936,0.902,0.934,0.898,0.917,0.933,0.893,0.893,0.876,0.92,0.919,0.89,0.902
0.883,0.914,0.863,0.865,0.903,0.927,0.895,0.864,0.881,0.884,0.922,0.877,0.914,0.881,0.865,0.898,0.917,0.906,0.904,0.895,0.902,0.907,0.911,0.942,0.93,0.918,0.909,0.869,0.887,0.89,0.871,0.897,0.021,0.915,1.0,0.877,0.895,0.898,0.877,0.894,0.87,0.909,0.896,0.864,0.865,0.85,0.908,0.907,0.871,0.879
0.898,0.89,0.876,0.915,0.895,0.892,0.898,0.906,0.89,0.926,0.885,0.916,0.89,0.916,0.913,0.901,0.899,0.904,0.903,0.895,0.891,0.892,0.895,0.895,0.895,0.89,0.895,0.916,0.907,0.898,0.911,0.894,0.021,0.897,0.877,1.0,0.896,0.897,0.922,0.898,0.91,0.888,0.898,0.912,0.915,0.88,0.887,0.887,0.914,0.901
0.909,0.915,0.888,0.893,0.923,0.916,0.996,0.89,0.907,0.894,0.9,0.902,0.908,0.897,0.889,0.986,0.919,0.92,0.925,0.997,0.938,0.927,0.94,0.914,0.922,0.912,0.91,0.896,0.912,0.898,0.902,0.92,0.02,0.919,0.895,0.896,1.0,0.912,0.914,0.921,0.898,0.922,0.917,0.892,0.893,0.88,0.909,0.909,0.897,0.919
0.913,0.931,0.891,0.905,0.942,0.919,0.915,0.907,0.907,0.893,0.921,0.916,0.929,0.907,0.909,0.917,0.925,0.931,0.932,0.911,0.938,0.942,0.946,0.923,0.924,0.919,0.951,0.911,0.915,0.907,0.902,0.946,0.024,0.936,0.898,0.897,0.912,1.0,0.91,0.95,0.907,0.93,0.954,0.909,0.907,0.891,0.924,0.925,0.902,0.909
0.901,0.914,0.895,0.934,0.908,0.905,0.913,0.926,0.903,0.929,0.886,0.932,0.886,0.927,0.929,0.915,0.906,0.896,0.907,0.915,0.909,0.901,0.908,0.897,0.903,0.904,0.903,0.942,0.905,0.894,0.928,0.917,0.02,0.902,0.877,0.922,0.914,0.91,1.0,0.911,0.933,0.912,0.907,0.938,0.94,0.885,0.902,0.903,0.93,0.91
0.908,0.92,0.89,0.896,0.943,0.921,0.924,0.892,0.907,0.892,0.925,0.906,0.936,0.904,0.895,0.924,0.926,0.931,0.939,0.92,0.937,0.944,0.945,0.921,0.918,0.923,0.946,0.9,0.912,0.915,0.898,0.941,0.023,0.934,0.894,0.898,0.921,0.95,0.911,1.0,0.897,0.927,0.946,0.898,0.898,0.883,0.928,0.928,0.899,0.909
0.894,0.915,0.896,0.946,0.906,0.898,0.899,0.938,0.902,0.94,0.877,0.942,0.889,0.936,0.947,0.897,0.904,0.894,0.898,0.9,0.904,0.9,0.902,0.895,0.901,0.897,0.9,0.952,0.907,0.889,0.959,0.909,0.018,0.898,0.87,0.91,0.898,0.907,0.933,0.897,1.0,0.91,0.907,0.952,0.948,0.891,0.895,0.896,0.927,0.911
0.906,0.937,0.896,0.902,0.937,0.927,0.922,0.899,0.911,0.896,0.907,0.903,0.913,0.897,0.899,0.919,0.934,0.918,0.921,0.923,0.927,0.924,0.929,0.93,0.93,0.927,0.923,0.902,0.912,0.903,0.907,0.932,0.024,0.917,0.909,0.888,0.922,0.93,0.912,0.927,0.91,1.0,0.934,0.899,0.898,0.883,0.937,0.938,0.897,0.91
0.902,0.926,0.89,0.911,0.934,0.915,0.919,0.907,0.907,0.894,0.915,0.914,0.924,0.907,0.912,0.917,0.928,0.922,0.925,0.917,0.935,0.942,0.94,0.92,0.917,0.917,0.947,0.913,0.911,0.904,0.903,0.948,0.023,0.933,0.896,0.898,0.917,0.954,0.907,0.946,0.907,0.934,1.0,0.912,0.912,0.889,0.923,0.924,0.896,0.912
0.893,0.909,0.893,0.953,0.899,0.891,0.893,0.972,0.902,0.933,0.879,0.94,0.885,0.942,0.954,0.893,0.901,0.889,0.889,0.893,0.896,0.896,0.898,0.889,0.891,0.892,0.897,0.992,0.901,0.886,0.938,0.911,0.02,0.893,0.864,0.912,0.892,0.909,0.938,0.898,0.952,0.899,0.912,1.0,0.991,0.894,0.89,0.891,0.936,0.906
0.897,0.911,0.892,0.951,0.899,0.89,0.894,0.968,0.902,0.936,0.879,0.94,0.885,0.939,0.952,0.896,0.901,0.887,0.889,0.894,0.893,0.895,0.897,0.891,0.894,0.892,0.894,0.987,0.901,0.886,0.937,0.911,0.02,0.893,0.865,0.915,0.893,0.907,0.94,0.898,0.948,0.898,0.912,0.991,1.0,0.891,0.892,0.893,0.935,0.906
0.881,0.889,0.884,0.89,0.889,0.878,0.881,0.9,0.886,0.873,0.86,0.882,0.866,0.875,0.896,0.879,0.881,0.872,0.878,0.881,0.878,0.883,0.881,0.876,0.887,0.88,0.877,0.89,0.901,0.876,0.884,0.893,0.024,0.876,0.85,0.88,0.88,0.891,0.885,0.883,0.891,0.883,0.889,0.894,0.891,1.0,0.887,0.888,0.877,0.908
0.903,0.923,0.883,0.89,0.929,0.93,0.91,0.887,0.905,0.887,0.905,0.905,0.911,0.892,0.895,0.909,0.931,0.913,0.918,0.908,0.922,0.92,0.922,0.93,0.923,0.926,0.924,0.893,0.904,0.907,0.892,0.927,0.023,0.92,0.908,0.887,0.909,0.924,0.902,0.928,0.895,0.937,0.923,0.89,0.892,0.887,1.0,0.999,0.887,0.903
0.903,0.924,0.884,0.891,0.93,0.929,0.91,0.888,0.906,0.887,0.905,0.905,0.91,0.892,0.896,0.909,0.931,0.912,0.917,0.908,0.922,0.919,0.922,0.929,0.923,0.926,0.924,0.894,0.905,0.907,0.893,0.928,0.023,0.919,0.907,0.887,0.909,0.925,0.903,0.928,0.896,0.938,0.924,0.891,0.893,0.888,0.999,1.0,0.888,0.904
0.894,0.905,0.88,0.931,0.9,0.898,0.899,0.921,0.907,0.931,0.886,0.926,0.893,0.932,0.924,0.9,0.904,0.887,0.89,0.896,0.894,0.892,0.897,0.891,0.9,0.896,0.896,0.939,0.906,0.891,0.932,0.902,0.02,0.89,0.871,0.914,0.897,0.902,0.93,0.899,0.927,0.897,0.896,0.936,0.935,0.877,0.887,0.888,1.0,0.903
0.908,0.913,0.894,0.907,0.912,0.902,0.921,0.898,0.919,0.897,0.89,0.908,0.896,0.896,0.909,0.919,0.908,0.899,0.907,0.92,0.905,0.909,0.912,0.902,0.907,0.902,0.903,0.91,0.96,0.906,0.905,0.915,0.021,0.902,0.879,0.901,0.919,0.909,0.91,0.909,0.911,0.91,0.912,0.906,0.906,0.908,0.903,0.904,0.903,1.0
