GCF_000163235.1_ASM16323v1_genomic.fna,GCF_000164555.1_ASM16455v1_genomic.fna,GCF_000208545.1_ASM20854v2_genomic.fna,GCF_000233875.1_ASM23387v1_genomic.fna,GCF_000249735.1_ASM24973v2_genomic.fna,GCF_000261145.1_Esch_coli_M919_V2_genomic.fna,GCF_000267705.2_ASM26770v2_genomic.fna,GCF_000350665.1_Esch_coli_KTE5_V1_genomic.fna,GCF_000351625.1_Esch_coli_KTE66_V1_genomic.fna,GCF_000352285.1_Esch_coli_KTE46_V1_genomic.fna,GCF_000358895.1_ASM35889v1_genomic.fna,GCF_000456385.1_Esch_coli_HVH_26_4-5703913_V1_genomic.fna,GCF_000458195.1_Esch_coli_HVH_147_4-5893887_V1_genomic.fna,GCF_000459755.1_Esch_coli_KOEGE_58_171a_V1_genomic.fna,GCF_000460055.1_Esch_coli_UMEA_3053-1_V1_genomic.fna,GCF_000462165.2_ASM46216v2_genomic.fna,GCF_000601135.1_ASM60113v1_genomic.fna,GCF_000614595.1_Ec2010EL1058_genomic.fna,GCF_000617745.1_Ec2010C-4529_genomic.fna,GCF_000618265.2_EcF6751_genomic.fna,GCF_000619005.2_Ec2009C-4052_genomic.fna,GCF_000619105.1_Ec2009C-4780_genomic.fna,GCF_000619765.2_Ec2009C-3279_genomic.fna,GCF_000687005.1_ASM68700v1_genomic.fna,GCF_000687025.1_ASM68702v1_genomic.fna,GCF_000700125.1_ASM70012v1_genomic.fna,GCF_000753315.1_FHI35_genomic.fna,GCF_000776375.1_ASM77637v1_genomic.fna,GCF_000779395.1_ASM77939v1_genomic.fna,GCF_000780315.1_ASM78031v1_genomic.fna,GCF_000781995.1_ASM78199v1_genomic.fna,GCF_000986765.1_ASM98676v1_genomic.fna,GCF_001041375.1_ViralProj287958_genomic.fna,GCF_001265335.1_302014_genomic.fna,GCF_001265625.1_100854_genomic.fna,GCF_001267345.1_303289_genomic.fna,GCF_001309985.1_ASM130998v1_genomic.fna,GCF_001521695.1_ASM152169v1_genomic.fna,GCF_001592595.1_ASM159259v1_genomic.fna,GCF_001614975.1_ASM161497v1_genomic.fna,GCF_001692775.1_ASM169277v1_genomic.fna,GCF_001748915.1_ASM174891v1_genomic.fna,GCF_001749235.1_ASM174923v1_genomic.fna,GCF_001881155.1_ASM188115v1_genomic.fna,GCF_001881345.1_ASM188134v1_genomic.fna,GCF_001892405.1_ASM189240v1_genomic.fna,GCF_001892585.1_ASM189258v1_genomic.fna,GCF_001893985.1_ASM189398v1_genomic.fna,GCF_002001595.1_ASM200159v1_genomic.fna,GCF_002002145.1_ASM200214v1_genomic.fna
1.0,0.892,0.891,0.885,0.906,0.893,0.899,0.884,0.9,0.866,0.865,0.892,0.888,0.885,0.887,0.898,0.895,0.895,0.898,0.899,0.897,0.894,0.897,0.877,0.882,0.885,0.885,0.885,0.905,0.911,0.88,0.894,0.019,0.883,0.871,0.888,0.899,0.895,0.879,0.891,0.886,0.891,0.889,0.888,0.892,0.881,0.899,0.899,0.88,0.9
0.892,1.0,0.889,0.879,0.913,0.936,0.909,0.886,0.883,0.866,0.879,0.891,0.897,0.891,0.895,0.908,0.922,0.914,0.909,0.908,0.908,0.906,0.91,0.926,0.94,0.909,0.907,0.884,0.901,0.9,0.889,0.912,0.019,0.897,0.913,0.882,0.907,0.921,0.88,0.913,0.887,0.923,0.918,0.89,0.886,0.88,0.924,0.926,0.879,0.894
0.891,0.889,1.0,0.87,0.888,0.89,0.89,0.865,0.88,0.855,0.842,0.874,0.862,0.868,0.88,0.889,0.889,0.887,0.882,0.892,0.887,0.88,0.886,0.868,0.879,0.87,0.873,0.867,0.884,0.884,0.873,0.886,0.021,0.868,0.863,0.872,0.891,0.879,0.868,0.871,0.874,0.88,0.877,0.872,0.87,0.874,0.884,0.886,0.862,0.892
0.885,0.879,0.87,1.0,0.887,0.884,0.88,0.935,0.896,0.927,0.868,0.941,0.888,0.951,0.939,0.887,0.891,0.894,0.893,0.882,0.889,0.888,0.889,0.875,0.881,0.883,0.897,0.948,0.892,0.893,0.929,0.891,0.021,0.886,0.871,0.921,0.882,0.893,0.926,0.895,0.943,0.888,0.898,0.943,0.946,0.872,0.886,0.887,0.936,0.89
0.906,0.913,0.888,0.887,1.0,0.914,0.91,0.886,0.887,0.868,0.893,0.893,0.913,0.895,0.894,0.912,0.912,0.912,0.917,0.913,0.92,0.91,0.918,0.892,0.902,0.9,0.918,0.884,0.895,0.896,0.887,0.925,0.017,0.906,0.892,0.884,0.912,0.926,0.887,0.918,0.893,0.911,0.922,0.889,0.89,0.87,0.921,0.923,0.88,0.891
0.893,0.936,0.89,0.884,0.914,1.0,0.914,0.892,0.889,0.869,0.888,0.887,0.907,0.894,0.89,0.918,0.931,0.93,0.922,0.913,0.926,0.923,0.928,0.939,0.944,0.913,0.909,0.892,0.889,0.907,0.882,0.924,0.021,0.918,0.925,0.892,0.913,0.921,0.895,0.922,0.894,0.935,0.92,0.89,0.895,0.871,0.931,0.932,0.885,0.892
0.899,0.909,0.89,0.88,0.91,0.914,1.0,0.876,0.886,0.855,0.872,0.882,0.891,0.883,0.888,0.985,0.903,0.911,0.913,0.996,0.914,0.909,0.916,0.888,0.905,0.884,0.904,0.877,0.894,0.898,0.886,0.912,0.022,0.9,0.889,0.89,0.995,0.901,0.879,0.903,0.884,0.899,0.905,0.882,0.881,0.877,0.904,0.906,0.875,0.895
0.884,0.886,0.865,0.935,0.886,0.892,0.876,1.0,0.88,0.917,0.856,0.928,0.877,0.935,0.923,0.879,0.89,0.889,0.885,0.876,0.89,0.883,0.885,0.873,0.879,0.878,0.887,0.973,0.894,0.888,0.925,0.893,0.018,0.877,0.866,0.923,0.875,0.898,0.924,0.889,0.931,0.887,0.89,0.966,0.967,0.878,0.891,0.892,0.919,0.893
0.9,0.883,0.88,0.896,0.887,0.889,0.886,0.88,1.0,0.884,0.874,0.899,0.89,0.896,0.887,0.888,0.895,0.893,0.891,0.887,0.894,0.892,0.888,0.891,0.896,0.896,0.894,0.887,0.896,0.915,0.876,0.884,0.021,0.89,0.878,0.892,0.887,0.89,0.887,0.894,0.888,0.889,0.897,0.884,0.892,0.863,0.888,0.889,0.894,0.893
0.866,0.866,0.855,0.927,0.868,0.869,0.855,0.917,0.884,1.0,0.881,0.923,0.892,0.92,0.912,0.862,0.872,0.875,0.871,0.857,0.864,0.867,0.862,0.879,0.87,0.881,0.875,0.923,0.871,0.877,0.907,0.863,0.022,0.87,0.88,0.906,0.858,0.875,0.914,0.878,0.918,0.864,0.876,0.918,0.929,0.848,0.869,0.87,0.931,0.869
0.865,0.879,0.842,0.868,0.893,0.888,0.872,0.856,0.874,0.881,1.0,0.865,0.931,0.867,0.851,0.875,0.895,0.905,0.903,0.87,0.894,0.903,0.897,0.91,0.894,0.898,0.912,0.86,0.86,0.877,0.849,0.894,0.022,0.904,0.916,0.856,0.87,0.903,0.864,0.914,0.859,0.891,0.908,0.854,0.86,0.824,0.878,0.879,0.859,0.859
0.892,0.891,0.874,0.941,0.893,0.887,0.882,0.928,0.899,0.923,0.865,1.0,0.883,0.936,0.949,0.884,0.897,0.892,0.885,0.884,0.882,0.887,0.882,0.879,0.888,0.891,0.891,0.938,0.893,0.893,0.919,0.886,0.021,0.877,0.875,0.926,0.884,0.897,0.928,0.89,0.932,0.893,0.895,0.933,0.939,0.872,0.891,0.892,0.931,0.892
0.888,0.897,0.862,0.888,0.913,0.907,0.891,0.877,0.89,0.892,0.931,0.883,1.0,0.882,0.871,0.898,0.904,0.924,0.926,0.889,0.921,0.935,0.932,0.923,0.902,0.913,0.942,0.878,0.878,0.895,0.87,0.917,0.023,0.937,0.92,0.877,0.89,0.935,0.879,0.94,0.88,0.909,0.936,0.875,0.881,0.85,0.905,0.905,0.88,0.878
0.885,0.891,0.868,0.951,0.895,0.894,0.883,0.935,0.896,0.92,0.867,0.936,0.882,1.0,0.943,0.887,0.889,0.891,0.893,0.884,0.895,0.888,0.889,0.872,0.887,0.887,0.897,0.947,0.899,0.894,0.925,0.892,0.021,0.882,0.871,0.923,0.884,0.899,0.928,0.894,0.937,0.886,0.892,0.943,0.947,0.874,0.892,0.893,0.929,0.898
0.887,0.895,0.88,0.939,0.894,0.89,0.888,0.923,0.887,0.912,0.851,0.949,0.871,0.943,1.0,0.887,0.887,0.883,0.881,0.891,0.888,0.876,0.88,0.869,0.878,0.87,0.88,0.932,0.899,0.891,0.932,0.893,0.02,0.87,0.864,0.92,0.891,0.884,0.926,0.88,0.935,0.884,0.882,0.936,0.935,0.881,0.895,0.897,0.919,0.902
0.898,0.908,0.889,0.887,0.912,0.918,0.985,0.879,0.888,0.862,0.875,0.884,0.898,0.887,0.887,1.0,0.905,0.912,0.915,0.985,0.913,0.913,0.92,0.892,0.906,0.89,0.909,0.883,0.888,0.904,0.885,0.912,0.023,0.902,0.889,0.891,0.986,0.909,0.883,0.905,0.888,0.9,0.909,0.885,0.886,0.871,0.904,0.906,0.881,0.888
0.895,0.922,0.889,0.891,0.912,0.931,0.903,0.89,0.895,0.872,0.895,0.897,0.904,0.889,0.887,0.905,1.0,0.922,0.921,0.904,0.914,0.922,0.917,0.933,0.934,0.921,0.913,0.888,0.888,0.908,0.881,0.919,0.02,0.916,0.913,0.894,0.904,0.921,0.893,0.92,0.893,0.933,0.924,0.882,0.889,0.87,0.93,0.93,0.881,0.894
0.895,0.914,0.887,0.894,0.912,0.93,0.911,0.889,0.893,0.875,0.905,0.892,0.924,0.891,0.883,0.912,0.922,1.0,0.953,0.91,0.937,0.945,0.943,0.913,0.921,0.908,0.93,0.888,0.885,0.905,0.878,0.928,0.022,0.934,0.913,0.891,0.91,0.934,0.897,0.934,0.889,0.922,0.933,0.883,0.888,0.862,0.909,0.91,0.88,0.888
0.898,0.909,0.882,0.893,0.917,0.922,0.913,0.885,0.891,0.871,0.903,0.885,0.926,0.893,0.881,0.915,0.921,0.953,1.0,0.913,0.939,0.941,0.944,0.91,0.921,0.914,0.932,0.886,0.888,0.905,0.883,0.932,0.02,0.929,0.909,0.889,0.913,0.929,0.897,0.932,0.886,0.921,0.93,0.881,0.889,0.867,0.913,0.914,0.876,0.887
0.899,0.908,0.892,0.882,0.913,0.913,0.996,0.876,0.887,0.857,0.87,0.884,0.889,0.884,0.891,0.985,0.904,0.91,0.913,1.0,0.914,0.908,0.915,0.886,0.907,0.885,0.904,0.877,0.894,0.898,0.887,0.912,0.022,0.898,0.886,0.889,0.997,0.9,0.881,0.9,0.884,0.899,0.905,0.882,0.881,0.877,0.904,0.906,0.876,0.894
0.897,0.908,0.887,0.889,0.92,0.926,0.914,0.89,0.894,0.864,0.894,0.882,0.921,0.895,0.888,0.913,0.914,0.937,0.939,0.914,1.0,0.936,0.944,0.907,0.913,0.9,0.937,0.889,0.885,0.9,0.883,0.937,0.019,0.932,0.902,0.891,0.914,0.928,0.891,0.933,0.891,0.916,0.927,0.886,0.892,0.873,0.913,0.914,0.874,0.891
0.894,0.906,0.88,0.888,0.91,0.923,0.909,0.883,0.892,0.867,0.903,0.887,0.935,0.888,0.876,0.913,0.922,0.945,0.941,0.908,0.936,1.0,0.978,0.915,0.919,0.905,0.934,0.882,0.886,0.899,0.88,0.927,0.023,0.957,0.912,0.892,0.908,0.933,0.892,0.936,0.879,0.922,0.934,0.877,0.883,0.864,0.907,0.908,0.878,0.888
0.897,0.91,0.886,0.889,0.918,0.928,0.916,0.885,0.888,0.862,0.897,0.882,0.932,0.889,0.88,0.92,0.917,0.943,0.944,0.915,0.944,0.978,1.0,0.91,0.915,0.901,0.934,0.884,0.89,0.905,0.881,0.93,0.02,0.957,0.909,0.894,0.916,0.931,0.893,0.93,0.885,0.927,0.934,0.88,0.885,0.865,0.907,0.908,0.876,0.889
0.877,0.926,0.868,0.875,0.892,0.939,0.888,0.873,0.891,0.879,0.91,0.879,0.923,0.872,0.869,0.892,0.933,0.913,0.91,0.886,0.907,0.915,0.91,1.0,0.944,0.92,0.911,0.872,0.872,0.891,0.862,0.908,0.022,0.91,0.946,0.869,0.886,0.911,0.87,0.913,0.872,0.922,0.914,0.868,0.873,0.853,0.915,0.915,0.877,0.874
0.882,0.94,0.879,0.881,0.902,0.944,0.905,0.879,0.896,0.87,0.894,0.888,0.902,0.887,0.878,0.906,0.934,0.921,0.921,0.907,0.913,0.919,0.915,0.944,1.0,0.93,0.915,0.88,0.882,0.892,0.874,0.915,0.024,0.91,0.928,0.878,0.906,0.916,0.889,0.921,0.877,0.923,0.92,0.878,0.88,0.862,0.921,0.921,0.886,0.878
0.885,0.909,0.87,0.883,0.9,0.913,0.884,0.878,0.896,0.881,0.898,0.891,0.913,0.887,0.87,0.89,0.921,0.908,0.914,0.885,0.9,0.905,0.901,0.92,0.93,1.0,0.906,0.88,0.878,0.892,0.874,0.908,0.022,0.901,0.91,0.876,0.884,0.907,0.887,0.913,0.88,0.919,0.905,0.878,0.883,0.855,0.917,0.916,0.883,0.874
0.885,0.907,0.873,0.897,0.918,0.909,0.904,0.887,0.894,0.875,0.912,0.891,0.942,0.897,0.88,0.909,0.913,0.93,0.932,0.904,0.937,0.934,0.934,0.911,0.915,0.906,1.0,0.888,0.887,0.895,0.877,0.93,0.021,0.928,0.906,0.887,0.903,0.956,0.885,0.947,0.886,0.916,0.957,0.885,0.889,0.867,0.904,0.905,0.884,0.886
0.885,0.884,0.867,0.948,0.884,0.892,0.877,0.973,0.887,0.923,0.86,0.938,0.878,0.947,0.932,0.883,0.888,0.888,0.886,0.877,0.889,0.882,0.884,0.872,0.88,0.88,0.888,1.0,0.895,0.888,0.926,0.889,0.02,0.874,0.865,0.925,0.877,0.899,0.926,0.888,0.939,0.89,0.886,0.99,0.989,0.874,0.892,0.893,0.929,0.891
0.905,0.901,0.884,0.892,0.895,0.889,0.894,0.894,0.896,0.871,0.86,0.893,0.878,0.899,0.899,0.888,0.888,0.885,0.888,0.894,0.885,0.886,0.89,0.872,0.882,0.878,0.887,0.895,1.0,0.895,0.897,0.897,0.021,0.88,0.86,0.892,0.893,0.897,0.89,0.886,0.9,0.887,0.893,0.899,0.9,0.9,0.894,0.896,0.883,0.956
0.911,0.9,0.884,0.893,0.896,0.907,0.898,0.888,0.915,0.877,0.877,0.893,0.895,0.894,0.891,0.904,0.908,0.905,0.905,0.898,0.9,0.899,0.905,0.891,0.892,0.892,0.895,0.888,0.895,1.0,0.884,0.892,0.021,0.892,0.878,0.893,0.899,0.895,0.888,0.895,0.901,0.909,0.9,0.882,0.891,0.874,0.903,0.904,0.883,0.893
0.88,0.889,0.873,0.929,0.887,0.882,0.886,0.925,0.876,0.907,0.849,0.919,0.87,0.925,0.932,0.885,0.881,0.878,0.883,0.887,0.883,0.88,0.881,0.862,0.874,0.874,0.877,0.926,0.897,0.884,1.0,0.89,0.021,0.871,0.858,0.92,0.887,0.881,0.92,0.877,0.962,0.881,0.879,0.932,0.928,0.873,0.89,0.892,0.919,0.892
0.894,0.912,0.886,0.891,0.925,0.924,0.912,0.893,0.884,0.863,0.894,0.886,0.917,0.892,0.893,0.912,0.919,0.928,0.932,0.912,0.937,0.927,0.93,0.908,0.915,0.908,0.93,0.889,0.897,0.892,0.89,1.0,0.019,0.922,0.902,0.893,0.911,0.937,0.887,0.937,0.891,0.921,0.931,0.891,0.893,0.875,0.926,0.926,0.876,0.893
0.019,0.019,0.021,0.021,0.017,0.021,0.022,0.018,0.021,0.022,0.022,0.021,0.023,0.021,0.02,0.023,0.02,0.022,0.02,0.022,0.019,0.023,0.02,0.022,0.024,0.022,0.021,0.02,0.021,0.021,0.021,0.019,1.0,0.022,0.024,0.022,0.022,0.019,0.022,0.02,0.02,0.019,0.019,0.019,0.02,0.019,0.019,0.019,0.02,0.021
0.883,0.897,0.868,0.886,0.906,0.918,0.9,0.877,0.89,0.87,0.904,0.877,0.937,0.882,0.87,0.902,0.916,0.934,0.929,0.898,0.932,0.957,0.957,0.91,0.91,0.901,0.928,0.874,0.88,0.892,0.871,0.922,0.022,1.0,0.908,0.888,0.899,0.922,0.891,0.936,0.875,0.905,0.931,0.87,0.877,0.857,0.898,0.899,0.877,0.884
0.871,0.913,0.863,0.871,0.892,0.925,0.889,0.866,0.878,0.88,0.916,0.875,0.92,0.871,0.864,0.889,0.913,0.913,0.909,0.886,0.902,0.912,0.909,0.946,0.928,0.91,0.906,0.865,0.86,0.878,0.858,0.902,0.024,0.908,1.0,0.872,0.887,0.911,0.875,0.915,0.868,0.907,0.913,0.862,0.868,0.843,0.902,0.903,0.87,0.865
0.888,0.882,0.872,0.921,0.884,0.892,0.89,0.923,0.892,0.906,0.856,0.926,0.877,0.923,0.92,0.891,0.894,0.891,0.889,0.889,0.891,0.892,0.894,0.869,0.878,0.876,0.887,0.925,0.892,0.893,0.92,0.893,0.022,0.888,0.872,1.0,0.89,0.895,0.931,0.891,0.922,0.892,0.893,0.922,0.929,0.871,0.892,0.893,0.92,0.895
0.899,0.907,0.891,0.882,0.912,0.913,0.995,0.875,0.887,0.858,0.87,0.884,0.89,0.884,0.891,0.986,0.904,0.91,0.913,0.997,0.914,0.908,0.916,0.886,0.906,0.884,0.903,0.877,0.893,0.899,0.887,0.911,0.022,0.899,0.887,0.89,1.0,0.901,0.882,0.901,0.885,0.899,0.905,0.883,0.882,0.875,0.903,0.905,0.876,0.892
0.895,0.921,0.879,0.893,0.926,0.921,0.901,0.898,0.89,0.875,0.903,0.897,0.935,0.899,0.884,0.909,0.921,0.934,0.929,0.9,0.928,0.933,0.931,0.911,0.916,0.907,0.956,0.899,0.897,0.895,0.881,0.937,0.019,0.922,0.911,0.895,0.901,1.0,0.894,0.942,0.889,0.92,0.956,0.895,0.897,0.865,0.919,0.919,0.882,0.891
0.879,0.88,0.868,0.926,0.887,0.895,0.879,0.924,0.887,0.914,0.864,0.928,0.879,0.928,0.926,0.883,0.893,0.897,0.897,0.881,0.891,0.892,0.893,0.87,0.889,0.887,0.885,0.926,0.89,0.888,0.92,0.887,0.022,0.891,0.875,0.931,0.882,0.894,1.0,0.889,0.926,0.891,0.888,0.922,0.929,0.869,0.892,0.893,0.924,0.887
0.891,0.913,0.871,0.895,0.918,0.922,0.903,0.889,0.894,0.878,0.914,0.89,0.94,0.894,0.88,0.905,0.92,0.934,0.932,0.9,0.933,0.936,0.93,0.913,0.921,0.913,0.947,0.888,0.886,0.895,0.877,0.937,0.02,0.936,0.915,0.891,0.901,0.942,0.889,1.0,0.885,0.915,0.942,0.883,0.887,0.863,0.916,0.917,0.886,0.89
0.886,0.887,0.874,0.943,0.893,0.894,0.884,0.931,0.888,0.918,0.859,0.932,0.88,0.937,0.935,0.888,0.893,0.889,0.886,0.884,0.891,0.879,0.885,0.872,0.877,0.88,0.886,0.939,0.9,0.901,0.962,0.891,0.02,0.875,0.868,0.922,0.885,0.889,0.926,0.885,1.0,0.89,0.884,0.941,0.943,0.876,0.895,0.896,0.93,0.894
0.891,0.923,0.88,0.888,0.911,0.935,0.899,0.887,0.889,0.864,0.891,0.893,0.909,0.886,0.884,0.9,0.933,0.922,0.921,0.899,0.916,0.922,0.927,0.922,0.923,0.919,0.916,0.89,0.887,0.909,0.881,0.921,0.019,0.905,0.907,0.892,0.899,0.92,0.891,0.915,0.89,1.0,0.927,0.888,0.891,0.864,0.934,0.933,0.882,0.887
0.889,0.918,0.877,0.898,0.922,0.92,0.905,0.89,0.897,0.876,0.908,0.895,0.936,0.892,0.882,0.909,0.924,0.933,0.93,0.905,0.927,0.934,0.934,0.914,0.92,0.905,0.957,0.886,0.893,0.9,0.879,0.931,0.019,0.931,0.913,0.893,0.905,0.956,0.888,0.942,0.884,0.927,1.0,0.882,0.888,0.864,0.916,0.917,0.885,0.886
0.888,0.89,0.872,0.943,0.889,0.89,0.882,0.966,0.884,0.918,0.854,0.933,0.875,0.943,0.936,0.885,0.882,0.883,0.881,0.882,0.886,0.877,0.88,0.868,0.878,0.878,0.885,0.99,0.899,0.882,0.932,0.891,0.019,0.87,0.862,0.922,0.883,0.895,0.922,0.883,0.941,0.888,0.882,1.0,0.986,0.878,0.894,0.896,0.927,0.895
0.892,0.886,0.87,0.946,0.89,0.895,0.881,0.967,0.892,0.929,0.86,0.939,0.881,0.947,0.935,0.886,0.889,0.888,0.889,0.881,0.892,0.883,0.885,0.873,0.88,0.883,0.889,0.989,0.9,0.891,0.928,0.893,0.02,0.877,0.868,0.929,0.882,0.897,0.929,0.887,0.943,0.891,0.888,0.986,1.0,0.875,0.896,0.897,0.931,0.895
0.881,0.88,0.874,0.872,0.87,0.871,0.877,0.878,0.863,0.848,0.824,0.872,0.85,0.874,0.881,0.871,0.87,0.862,0.867,0.877,0.873,0.864,0.865,0.853,0.862,0.855,0.867,0.874,0.9,0.874,0.873,0.875,0.019,0.857,0.843,0.871,0.875,0.865,0.869,0.863,0.876,0.864,0.864,0.878,0.875,1.0,0.881,0.883,0.869,0.914
0.899,0.924,0.884,0.886,0.921,0.931,0.904,0.891,0.888,0.869,0.878,0.891,0.905,0.892,0.895,0.904,0.93,0.909,0.913,0.904,0.913,0.907,0.907,0.915,0.921,0.917,0.904,0.892,0.894,0.903,0.89,0.926,0.019,0.898,0.902,0.892,0.903,0.919,0.892,0.916,0.895,0.934,0.916,0.894,0.896,0.881,1.0,0.998,0.885,0.895
0.899,0.926,0.886,0.887,0.923,0.932,0.906,0.892,0.889,0.87,0.879,0.892,0.905,0.893,0.897,0.906,0.93,0.91,0.914,0.906,0.914,0.908,0.908,0.915,0.921,0.916,0.905,0.893,0.896,0.904,0.892,0.926,0.019,0.899,0.903,0.893,0.905,0.919,0.893,0.917,0.896,0.933,0.917,0.896,0.897,0.883,0.998,1.0,0.885,0.897
0.88,0.879,0.862,0.936,0.88,0.885,0.875,0.919,0.894,0.931,0.859,0.931,0.88,0.929,0.919,0.881,0.881,0.88,0.876,0.876,0.874,0.878,0.876,0.877,0.886,0.883,0.884,0.929,0.883,0.883,0.919,0.876,0.02,0.877,0.87,0.92,0.876,0.882,0.924,0.886,0.93,0.882,0.885,0.927,0.931,0.869,0.885,0.885,1.0,0.88
0.9,0.894,0.892,0.89,0.891,0.892,0.895,0.893,0.893,0.869,0.859,0.892,0.878,0.898,0.902,0.888,0.894,0.888,0.887,0.894,0.891,0.888,0.889,0.874,0.878,0.874,0.886,0.891,0.956,0.893,0.892,0.893,0.021,0.884,0.865,0.895,0.892,0.891,0.887,0.89,0.894,0.887,0.886,0.895,0.895,0.914,0.895,0.897,0.88,1.0
